 time            -i(vdd)        
 2.60000000e-04 -1.26577370e-04 
 2.60100000e-04  1.83721569e-07 
 2.60200000e-04  1.75016839e-07 
 2.60300000e-04  1.72694088e-07 
 2.60400000e-04  1.70735782e-07 
 2.60500000e-04  1.70077382e-07 
 2.60600000e-04  1.76684657e-07 
 2.60700000e-04  1.75910850e-07 
 2.60800000e-04  1.75485090e-07 
 2.60900000e-04  1.75138948e-07 
 2.61000000e-04  1.74874152e-07 
 2.61100000e-04  1.56452445e-07 
 2.61200000e-04  1.54083232e-07 
 2.61300000e-04  1.53486349e-07 
 2.61400000e-04  1.53006687e-07 
 2.61500000e-04  1.52786051e-07 
 2.61600000e-04  1.38891920e-07 
 2.61700000e-04  1.37641412e-07 
 2.61800000e-04  1.37195906e-07 
 2.61900000e-04  1.36878064e-07 
 2.62000000e-04  1.36691936e-07 
 2.62100000e-04  1.61885470e-07 
 2.62200000e-04  1.60618661e-07 
 2.62300000e-04  1.60335652e-07 
 2.62400000e-04  1.60130585e-07 
 2.62500000e-04  1.60039555e-07 
 2.62600000e-04  1.48507728e-07 
 2.62700000e-04  1.47914404e-07 
 2.62800000e-04  1.47634436e-07 
 2.62900000e-04  1.47421751e-07 
 2.63000000e-04  1.47277788e-07 
 2.63100000e-04  1.99993334e-07 
 2.63200000e-04  1.94211017e-07 
 2.63300000e-04  1.92919639e-07 
 2.63400000e-04  1.91923561e-07 
 2.63500000e-04  1.91648019e-07 
 2.63600000e-04  1.78199084e-07 
 2.63700000e-04  1.77566650e-07 
 2.63800000e-04  1.77239928e-07 
 2.63900000e-04  1.76988847e-07 
 2.64000000e-04  1.76815803e-07 
 2.64100000e-04  1.72669939e-07 
 2.64200000e-04  1.68078202e-07 
 2.64300000e-04  1.67030470e-07 
 2.64400000e-04  1.66214001e-07 
 2.64500000e-04  1.65972933e-07 
 2.64600000e-04  1.53754836e-07 
 2.64700000e-04  1.53129641e-07 
 2.64800000e-04  1.52820147e-07 
 2.64900000e-04  1.52586632e-07 
 2.65000000e-04  1.52431504e-07 
 2.65100000e-04  1.66019059e-07 
 2.65200000e-04  1.65520881e-07 
 2.65300000e-04  1.65364080e-07 
 2.65400000e-04  1.65230213e-07 
 2.65500000e-04  1.65181436e-07 
 2.65600000e-04  1.51576186e-07 
 2.65700000e-04  1.51151608e-07 
 2.65800000e-04  1.50902305e-07 
 2.65900000e-04  1.50726887e-07 
 2.66000000e-04  1.50627692e-07 
 2.66100000e-04  1.66991879e-07 
 2.66200000e-04  1.66738348e-07 
 2.66300000e-04  1.66641094e-07 
 2.66400000e-04  1.66553729e-07 
 2.66500000e-04  1.66506816e-07 
 2.66600000e-04  1.55423002e-07 
 2.66700000e-04  1.55029860e-07 
 2.66800000e-04  1.54816166e-07 
 2.66900000e-04  1.54665904e-07 
 2.67000000e-04  1.54581080e-07 
 2.67100000e-04  1.66082282e-07 
 2.67200000e-04  1.65566068e-07 
 2.67300000e-04  1.65411160e-07 
 2.67400000e-04  1.65278809e-07 
 2.67500000e-04  1.65228402e-07 
 2.67600000e-04  1.51669800e-07 
 2.67700000e-04  1.51178037e-07 
 2.67800000e-04  1.50920963e-07 
 2.67900000e-04  1.50723738e-07 
 2.68000000e-04  1.50588257e-07 
 2.68100000e-04  1.66386586e-07 
 2.68200000e-04  1.66215046e-07 
 2.68300000e-04  1.66135340e-07 
 2.68400000e-04  1.66062072e-07 
 2.68500000e-04  1.66022745e-07 
 2.68600000e-04  1.53648559e-07 
 2.68700000e-04  1.53257672e-07 
 2.68800000e-04  1.53039709e-07 
 2.68900000e-04  1.52884797e-07 
 2.69000000e-04  1.52794925e-07 
 2.69100000e-04  1.66133665e-07 
 2.69200000e-04  1.65904931e-07 
 2.69300000e-04  1.65832192e-07 
 2.69400000e-04  1.65771162e-07 
 2.69500000e-04  1.65752215e-07 
 2.69600000e-04  1.52110388e-07 
 2.69700000e-04  1.51682200e-07 
 2.69800000e-04  1.51433453e-07 
 2.69900000e-04  1.51249984e-07 
 2.70000000e-04  1.51133856e-07 
 2.70100000e-04  1.68006339e-07 
 2.70200000e-04  1.67641341e-07 
 2.70300000e-04  1.67507647e-07 
 2.70400000e-04  1.67388663e-07 
 2.70500000e-04  1.67318800e-07 
 2.70600000e-04  1.57521789e-07 
 2.70700000e-04  1.57130069e-07 
 2.70800000e-04  1.56925761e-07 
 2.70900000e-04  1.56785931e-07 
 2.71000000e-04  1.56712616e-07 
 2.71100000e-04  1.66103443e-07 
 2.71200000e-04  1.65545624e-07 
 2.71300000e-04  1.65379528e-07 
 2.71400000e-04  1.65237885e-07 
 2.71500000e-04  1.65189057e-07 
 2.71600000e-04  1.51640344e-07 
 2.71700000e-04  1.51106027e-07 
 2.71800000e-04  1.50846020e-07 
 2.71900000e-04  1.50646553e-07 
 2.72000000e-04  1.50509536e-07 
 2.72100000e-04  1.66319869e-07 
 2.72200000e-04  1.66148426e-07 
 2.72300000e-04  1.66074257e-07 
 2.72400000e-04  1.66007013e-07 
 2.72500000e-04  1.65970089e-07 
 2.72600000e-04  1.53583669e-07 
 2.72700000e-04  1.53186337e-07 
 2.72800000e-04  1.52984296e-07 
 2.72900000e-04  1.52831682e-07 
 2.73000000e-04  1.52730047e-07 
 2.73100000e-04  1.66064308e-07 
 2.73200000e-04  1.65855852e-07 
 2.73300000e-04  1.65792522e-07 
 2.73400000e-04  1.65739326e-07 
 2.73500000e-04  1.65698287e-07 
 2.73600000e-04  1.52059043e-07 
 2.73700000e-04  1.51612002e-07 
 2.73800000e-04  1.51367649e-07 
 2.73900000e-04  1.51190538e-07 
 2.74000000e-04  1.51082789e-07 
 2.74100000e-04  1.67432921e-07 
 2.74200000e-04  1.67154242e-07 
 2.74300000e-04  1.67056675e-07 
 2.74400000e-04  1.66971315e-07 
 2.74500000e-04  1.66917990e-07 
 2.74600000e-04  1.55830686e-07 
 2.74700000e-04  1.55429450e-07 
 2.74800000e-04  1.55214863e-07 
 2.74900000e-04  1.55068899e-07 
 2.75000000e-04  1.54993717e-07 
 2.75100000e-04  1.66139013e-07 
 2.75200000e-04  1.65903895e-07 
 2.75300000e-04  1.65818674e-07 
 2.75400000e-04  1.65743105e-07 
 2.75500000e-04  1.65708551e-07 
 2.75600000e-04  1.52106814e-07 
 2.75700000e-04  1.51632024e-07 
 2.75800000e-04  1.51376757e-07 
 2.75900000e-04  1.51187343e-07 
 2.76000000e-04  1.51065844e-07 
 2.76100000e-04  1.68839084e-07 
 2.76200000e-04  1.68327541e-07 
 2.76300000e-04  1.68148184e-07 
 2.76400000e-04  1.68076263e-07 
 2.76500000e-04  1.68039058e-07 
 2.76600000e-04  1.55161897e-07 
 2.76700000e-04  1.54613973e-07 
 2.76800000e-04  1.54342592e-07 
 2.76900000e-04  1.54153860e-07 
 2.77000000e-04  1.54049530e-07 
 2.77100000e-04  1.03753577e-04 
 2.77200000e-04  1.03753173e-04 
 2.77300000e-04  1.03753060e-04 
 2.77400000e-04  1.03752965e-04 
 2.77500000e-04  1.03752933e-04 
 2.77600000e-04  1.03739280e-04 
 2.77700000e-04  1.03738826e-04 
 2.77800000e-04  1.03738575e-04 
 2.77900000e-04  1.03738392e-04 
 2.78000000e-04  1.03738277e-04 
 2.78100000e-04  1.70253205e-07 
 2.78200000e-04  1.69729737e-07 
 2.78300000e-04  1.69556081e-07 
 2.78400000e-04  1.69404955e-07 
 2.78500000e-04  1.69362190e-07 
 2.78600000e-04  1.60800701e-07 
 2.78700000e-04  1.60401304e-07 
 2.78800000e-04  1.60220711e-07 
 2.78900000e-04  1.60102143e-07 
 2.79000000e-04  1.60047550e-07 
 2.79100000e-04  1.67429020e-07 
 2.79200000e-04  1.66771960e-07 
 2.79300000e-04  1.66573322e-07 
 2.79400000e-04  1.66404329e-07 
 2.79500000e-04  1.66333734e-07 
 2.79600000e-04  1.52757331e-07 
 2.79700000e-04  1.52184583e-07 
 2.79800000e-04  1.51915234e-07 
 2.79900000e-04  1.51714384e-07 
 2.80000000e-04  1.51584189e-07 
 2.80100000e-04  1.67465029e-07 
 2.80200000e-04  1.67289739e-07 
 2.80300000e-04  1.67201880e-07 
 2.80400000e-04  1.67119777e-07 
 2.80500000e-04  1.67093994e-07 
 2.80600000e-04  1.54621840e-07 
 2.80700000e-04  1.54261543e-07 
 2.80800000e-04  1.54051190e-07 
 2.80900000e-04  1.53901662e-07 
 2.81000000e-04  1.53814872e-07 
 2.81100000e-04  1.67204718e-07 
 2.81200000e-04  1.66981053e-07 
 2.81300000e-04  1.66899193e-07 
 2.81400000e-04  1.66827539e-07 
 2.81500000e-04  1.66803395e-07 
 2.81600000e-04  1.53114933e-07 
 2.81700000e-04  1.52689392e-07 
 2.81800000e-04  1.52452394e-07 
 2.81900000e-04  1.52267223e-07 
 2.82000000e-04  1.52135504e-07 
 2.82100000e-04  1.68562352e-07 
 2.82200000e-04  1.68271781e-07 
 2.82300000e-04  1.68166908e-07 
 2.82400000e-04  1.68074844e-07 
 2.82500000e-04  1.68039427e-07 
 2.82600000e-04  1.56864090e-07 
 2.82700000e-04  1.56487550e-07 
 2.82800000e-04  1.56279879e-07 
 2.82900000e-04  1.56143351e-07 
 2.83000000e-04  1.56080203e-07 
 2.83100000e-04  1.67272159e-07 
 2.83200000e-04  1.67017427e-07 
 2.83300000e-04  1.66929173e-07 
 2.83400000e-04  1.66852407e-07 
 2.83500000e-04  1.66818400e-07 
 2.83600000e-04  1.53155547e-07 
 2.83700000e-04  1.52682888e-07 
 2.83800000e-04  1.52430360e-07 
 2.83900000e-04  1.52246702e-07 
 2.84000000e-04  1.52134076e-07 
 2.84100000e-04  1.68022804e-07 
 2.84200000e-04  1.67850543e-07 
 2.84300000e-04  1.67768214e-07 
 2.84400000e-04  1.67691776e-07 
 2.84500000e-04  1.67675665e-07 
 2.84600000e-04  1.55179032e-07 
 2.84700000e-04  1.54816480e-07 
 2.84800000e-04  1.54611635e-07 
 2.84900000e-04  1.54460763e-07 
 2.85000000e-04  1.54365551e-07 
 2.85100000e-04  1.67790961e-07 
 2.85200000e-04  1.67582825e-07 
 2.85300000e-04  1.67509309e-07 
 2.85400000e-04  1.67445060e-07 
 2.85500000e-04  1.67412916e-07 
 2.85600000e-04  1.53683711e-07 
 2.85700000e-04  1.53256271e-07 
 2.85800000e-04  1.53026823e-07 
 2.85900000e-04  1.52844771e-07 
 2.86000000e-04  1.52711596e-07 
 2.86100000e-04  1.69696219e-07 
 2.86200000e-04  1.69306107e-07 
 2.86300000e-04  1.69170779e-07 
 2.86400000e-04  1.69052441e-07 
 2.86500000e-04  1.68996516e-07 
 2.86600000e-04  1.59100909e-07 
 2.86700000e-04  1.58710656e-07 
 2.86800000e-04  1.58519098e-07 
 2.86900000e-04  1.58398146e-07 
 2.87000000e-04  1.58350016e-07 
 2.87100000e-04  1.67381379e-07 
 2.87200000e-04  1.67098853e-07 
 2.87300000e-04  1.66992509e-07 
 2.87400000e-04  1.66897480e-07 
 2.87500000e-04  1.66861080e-07 
 2.87600000e-04  1.53230369e-07 
 2.87700000e-04  1.52717454e-07 
 2.87800000e-04  1.52461049e-07 
 2.87900000e-04  1.52273461e-07 
 2.88000000e-04  1.52156847e-07 
 2.88100000e-04  1.68053536e-07 
 2.88200000e-04  1.67863469e-07 
 2.88300000e-04  1.67787028e-07 
 2.88400000e-04  1.67719312e-07 
 2.88500000e-04  1.67685501e-07 
 2.88600000e-04  1.55196601e-07 
 2.88700000e-04  1.54809502e-07 
 2.88800000e-04  1.54613173e-07 
 2.88900000e-04  1.54474015e-07 
 2.89000000e-04  1.54393813e-07 
 2.89100000e-04  1.67794556e-07 
 2.89200000e-04  1.67582384e-07 
 2.89300000e-04  1.67502962e-07 
 2.89400000e-04  1.67432804e-07 
 2.89500000e-04  1.67405197e-07 
 2.89600000e-04  1.53680904e-07 
 2.89700000e-04  1.53258225e-07 
 2.89800000e-04  1.53016371e-07 
 2.89900000e-04  1.52839268e-07 
 2.90000000e-04  1.52728942e-07 
 2.90100000e-04  1.69161181e-07 
 2.90200000e-04  1.68890133e-07 
 2.90300000e-04  1.68779131e-07 
 2.90400000e-04  1.68678075e-07 
 2.90500000e-04  1.68647184e-07 
 2.90600000e-04  1.57437279e-07 
 2.90700000e-04  1.57056966e-07 
 2.90800000e-04  1.56867086e-07 
 2.90900000e-04  1.56728238e-07 
 2.91000000e-04  1.56642011e-07 
 2.91100000e-04  1.67877004e-07 
 2.91200000e-04  1.67614790e-07 
 2.91300000e-04  1.67528342e-07 
 2.91400000e-04  1.67453817e-07 
 2.91500000e-04  1.67425540e-07 
 2.91600000e-04  1.53729252e-07 
 2.91700000e-04  1.53267310e-07 
 2.91800000e-04  1.53027328e-07 
 2.91900000e-04  1.52847221e-07 
 2.92000000e-04  1.52728859e-07 
 2.92100000e-04  1.68643956e-07 
 2.92200000e-04  1.68454905e-07 
 2.92300000e-04  1.68381896e-07 
 2.92400000e-04  1.68317552e-07 
 2.92500000e-04  1.68270260e-07 
 2.92600000e-04  1.55787342e-07 
 2.92700000e-04  1.55401887e-07 
 2.92800000e-04  1.55200096e-07 
 2.92900000e-04  1.55058954e-07 
 2.93000000e-04  1.54980356e-07 
 2.93100000e-04  1.68420752e-07 
 2.93200000e-04  1.68201799e-07 
 2.93300000e-04  1.68115465e-07 
 2.93400000e-04  1.68038739e-07 
 2.93500000e-04  1.68013889e-07 
 2.93600000e-04  1.54263771e-07 
 2.93700000e-04  1.53834364e-07 
 2.93800000e-04  1.53606871e-07 
 2.93900000e-04  1.53434462e-07 
 2.94000000e-04  1.53318853e-07 
 2.94100000e-04  1.71377013e-07 
 2.94200000e-04  1.70766945e-07 
 2.94300000e-04  1.70573338e-07 
 2.94400000e-04  1.70407012e-07 
 2.94500000e-04  1.70347092e-07 
 2.94600000e-04  1.63016128e-07 
 2.94700000e-04  1.62617737e-07 
 2.94800000e-04  1.62446482e-07 
 2.94900000e-04  1.62335307e-07 
 2.95000000e-04  1.62286085e-07 
 2.95100000e-04  1.67735331e-07 
 2.95200000e-04  1.66862310e-07 
 2.95300000e-04  1.66622647e-07 
 2.95400000e-04  1.66424145e-07 
 2.95500000e-04  1.66339366e-07 
 2.95600000e-04  1.52786056e-07 
 2.95700000e-04  1.52173204e-07 
 2.95800000e-04  1.51899753e-07 
 2.95900000e-04  1.51697141e-07 
 2.96000000e-04  1.51567582e-07 
 2.96100000e-04  1.67456924e-07 
 2.96200000e-04  1.67276828e-07 
 2.96300000e-04  1.67197132e-07 
 2.96400000e-04  1.67124549e-07 
 2.96500000e-04  1.67076495e-07 
 2.96600000e-04  1.54613835e-07 
 2.96700000e-04  1.54219883e-07 
 2.96800000e-04  1.54020201e-07 
 2.96900000e-04  1.53879537e-07 
 2.97000000e-04  1.53799730e-07 
 2.97100000e-04  1.67180641e-07 
 2.97200000e-04  1.66974407e-07 
 2.97300000e-04  1.66901261e-07 
 2.97400000e-04  1.66837470e-07 
 2.97500000e-04  1.66796119e-07 
 2.97600000e-04  1.53097640e-07 
 2.97700000e-04  1.52668374e-07 
 2.97800000e-04  1.52420322e-07 
 2.97900000e-04  1.52241071e-07 
 2.98000000e-04  1.52132769e-07 
 2.98100000e-04  1.68543161e-07 
 2.98200000e-04  1.68253262e-07 
 2.98300000e-04  1.68152543e-07 
 2.98400000e-04  1.68064803e-07 
 2.98500000e-04  1.68028621e-07 
 2.98600000e-04  1.56852662e-07 
 2.98700000e-04  1.56461191e-07 
 2.98800000e-04  1.56262292e-07 
 2.98900000e-04  1.56126802e-07 
 2.99000000e-04  1.56056700e-07 
 2.99100000e-04  1.67238580e-07 
 2.99200000e-04  1.66991775e-07 
 2.99300000e-04  1.66916832e-07 
 2.99400000e-04  1.66853419e-07 
 2.99500000e-04  1.66802800e-07 
 2.99600000e-04  1.53146958e-07 
 2.99700000e-04  1.52671593e-07 
 2.99800000e-04  1.52422546e-07 
 2.99900000e-04  1.52238429e-07 
 3.00000000e-04  1.52121263e-07 
 3.00100000e-04  1.68017697e-07 
 3.00200000e-04  1.67847250e-07 
 3.00300000e-04  1.67770437e-07 
 3.00400000e-04  1.67699874e-07 
 3.00500000e-04  1.67649192e-07 
 3.00600000e-04  1.55193480e-07 
 3.00700000e-04  1.54804880e-07 
 3.00800000e-04  1.54607559e-07 
 3.00900000e-04  1.54463237e-07 
 3.01000000e-04  1.54373559e-07 
 3.01100000e-04  1.67780461e-07 
 3.01200000e-04  1.67567898e-07 
 3.01300000e-04  1.67490579e-07 
 3.01400000e-04  1.67422835e-07 
 3.01500000e-04  1.67390744e-07 
 3.01600000e-04  1.53682737e-07 
 3.01700000e-04  1.53235573e-07 
 3.01800000e-04  1.53002851e-07 
 3.01900000e-04  1.52824921e-07 
 3.02000000e-04  1.52703480e-07 
 3.02100000e-04  1.69687917e-07 
 3.02200000e-04  1.69290229e-07 
 3.02300000e-04  1.69153251e-07 
 3.02400000e-04  1.69033518e-07 
 3.02500000e-04  1.68983077e-07 
 3.02600000e-04  1.59097516e-07 
 3.02700000e-04  1.58723160e-07 
 3.02800000e-04  1.58529081e-07 
 3.02900000e-04  1.58395808e-07 
 3.03000000e-04  1.58325232e-07 
 3.03100000e-04  1.67363506e-07 
 3.03200000e-04  1.67090000e-07 
 3.03300000e-04  1.66989290e-07 
 3.03400000e-04  1.66899150e-07 
 3.03500000e-04  1.66855417e-07 
 3.03600000e-04  1.53218709e-07 
 3.03700000e-04  1.52703862e-07 
 3.03800000e-04  1.52453325e-07 
 3.03900000e-04  1.52265957e-07 
 3.04000000e-04  1.52143722e-07 
 3.04100000e-04  1.68040493e-07 
 3.04200000e-04  1.67855764e-07 
 3.04300000e-04  1.67776645e-07 
 3.04400000e-04  1.67705334e-07 
 3.04500000e-04  1.67663538e-07 
 3.04600000e-04  1.55191303e-07 
 3.04700000e-04  1.54805924e-07 
 3.04800000e-04  1.54596410e-07 
 3.04900000e-04  1.54455345e-07 
 3.05000000e-04  1.54384857e-07 
 3.05100000e-04  1.67781873e-07 
 3.05200000e-04  1.67577334e-07 
 3.05300000e-04  1.67505774e-07 
 3.05400000e-04  1.67443330e-07 
 3.05500000e-04  1.67405812e-07 
 3.05600000e-04  1.53678854e-07 
 3.05700000e-04  1.53254872e-07 
 3.05800000e-04  1.53021577e-07 
 3.05900000e-04  1.52841744e-07 
 3.06000000e-04  1.52717025e-07 
 3.06100000e-04  1.69155179e-07 
 3.06200000e-04  1.68867167e-07 
 3.06300000e-04  1.68761996e-07 
 3.06400000e-04  1.68668866e-07 
 3.06500000e-04  1.68632756e-07 
 3.06600000e-04  1.57433906e-07 
 3.06700000e-04  1.57052083e-07 
 3.06800000e-04  1.56855610e-07 
 3.06900000e-04  1.56716548e-07 
 3.07000000e-04  1.56636677e-07 
 3.07100000e-04  1.67864448e-07 
 3.07200000e-04  1.67618581e-07 
 3.07300000e-04  1.67533211e-07 
 3.07400000e-04  1.67458218e-07 
 3.07500000e-04  1.67424234e-07 
 3.07600000e-04  1.53717108e-07 
 3.07700000e-04  1.53264295e-07 
 3.07800000e-04  1.53020270e-07 
 3.07900000e-04  1.52835376e-07 
 3.08000000e-04  1.52711445e-07 
 3.08100000e-04  1.68641277e-07 
 3.08200000e-04  1.68457786e-07 
 3.08300000e-04  1.68379278e-07 
 3.08400000e-04  1.68307951e-07 
 3.08500000e-04  1.68267799e-07 
 3.08600000e-04  1.55758369e-07 
 3.08700000e-04  1.55382824e-07 
 3.08800000e-04  1.55193204e-07 
 3.08900000e-04  1.55054884e-07 
 3.09000000e-04  1.54969447e-07 
 3.09100000e-04  1.68395272e-07 
 3.09200000e-04  1.68173690e-07 
 3.09300000e-04  1.68105115e-07 
 3.09400000e-04  1.68047537e-07 
 3.09500000e-04  1.68008602e-07 
 3.09600000e-04  1.54250188e-07 
 3.09700000e-04  1.53826488e-07 
 3.09800000e-04  1.53600838e-07 
 3.09900000e-04  1.53427388e-07 
 3.10000000e-04  1.53307750e-07 
 3.10100000e-04  1.70843338e-07 
 3.10200000e-04  1.70332200e-07 
 3.10300000e-04  1.70172048e-07 
 3.10400000e-04  1.70035731e-07 
 3.10500000e-04  1.69973485e-07 
 3.10600000e-04  1.61352092e-07 
 3.10700000e-04  1.60951498e-07 
 3.10800000e-04  1.60771612e-07 
 3.10900000e-04  1.60656331e-07 
 3.11000000e-04  1.60607657e-07 
 3.11100000e-04  1.67667579e-07 
 3.11200000e-04  1.67273311e-07 
 3.11300000e-04  1.67128507e-07 
 3.11400000e-04  1.67000676e-07 
 3.11500000e-04  1.66951796e-07 
 3.11600000e-04  1.53317417e-07 
 3.11700000e-04  1.52759482e-07 
 3.11800000e-04  1.52484989e-07 
 3.11900000e-04  1.52284085e-07 
 3.12000000e-04  1.52159060e-07 
 3.12100000e-04  1.68079183e-07 
 3.12200000e-04  1.67887922e-07 
 3.12300000e-04  1.67808847e-07 
 3.12400000e-04  1.67738027e-07 
 3.12500000e-04  1.67687371e-07 
 3.12600000e-04  1.55192037e-07 
 3.12700000e-04  1.54811446e-07 
 3.12800000e-04  1.54616546e-07 
 3.12900000e-04  1.54476310e-07 
 3.13000000e-04  1.54392419e-07 
 3.13100000e-04  1.67798645e-07 
 3.13200000e-04  1.67590512e-07 
 3.13300000e-04  1.67512977e-07 
 3.13400000e-04  1.67444263e-07 
 3.13500000e-04  1.67420440e-07 
 3.13600000e-04  1.53691665e-07 
 3.13700000e-04  1.53237688e-07 
 3.13800000e-04  1.53004687e-07 
 3.13900000e-04  1.52833266e-07 
 3.14000000e-04  1.52725327e-07 
 3.14100000e-04  1.69167534e-07 
 3.14200000e-04  1.68894003e-07 
 3.14300000e-04  1.68787763e-07 
 3.14400000e-04  1.68692237e-07 
 3.14500000e-04  1.68626691e-07 
 3.14600000e-04  1.57453373e-07 
 3.14700000e-04  1.57060198e-07 
 3.14800000e-04  1.56865471e-07 
 3.14900000e-04  1.56732111e-07 
 3.15000000e-04  1.56662013e-07 
 3.15100000e-04  1.67870174e-07 
 3.15200000e-04  1.67629649e-07 
 3.15300000e-04  1.67542308e-07 
 3.15400000e-04  1.67464738e-07 
 3.15500000e-04  1.67427855e-07 
 3.15600000e-04  1.53724671e-07 
 3.15700000e-04  1.53248678e-07 
 3.15800000e-04  1.53010949e-07 
 3.15900000e-04  1.52836229e-07 
 3.16000000e-04  1.52726466e-07 
 3.16100000e-04  1.68652221e-07 
 3.16200000e-04  1.68466842e-07 
 3.16300000e-04  1.68381878e-07 
 3.16400000e-04  1.68304451e-07 
 3.16500000e-04  1.68263564e-07 
 3.16600000e-04  1.55776364e-07 
 3.16700000e-04  1.55401339e-07 
 3.16800000e-04  1.55195059e-07 
 3.16900000e-04  1.55049801e-07 
 3.17000000e-04  1.54967449e-07 
 3.17100000e-04  1.68417990e-07 
 3.17200000e-04  1.68176598e-07 
 3.17300000e-04  1.68112058e-07 
 3.17400000e-04  1.68061227e-07 
 3.17500000e-04  1.68011808e-07 
 3.17600000e-04  1.54254480e-07 
 3.17700000e-04  1.53825416e-07 
 3.17800000e-04  1.53600077e-07 
 3.17900000e-04  1.53427599e-07 
 3.18000000e-04  1.53309605e-07 
 3.18100000e-04  1.70307245e-07 
 3.18200000e-04  1.69929743e-07 
 3.18300000e-04  1.69793664e-07 
 3.18400000e-04  1.69672917e-07 
 3.18500000e-04  1.69611902e-07 
 3.18600000e-04  1.59676231e-07 
 3.18700000e-04  1.59305905e-07 
 3.18800000e-04  1.59114917e-07 
 3.18900000e-04  1.58988673e-07 
 3.19000000e-04  1.58929174e-07 
 3.19100000e-04  1.67995473e-07 
 3.19200000e-04  1.67703650e-07 
 3.19300000e-04  1.67601275e-07 
 3.19400000e-04  1.67511253e-07 
 3.19500000e-04  1.67467033e-07 
 3.19600000e-04  1.53804399e-07 
 3.19700000e-04  1.53300717e-07 
 3.19800000e-04  1.53040020e-07 
 3.19900000e-04  1.52852589e-07 
 3.20000000e-04  1.52740689e-07 
 3.20100000e-04  1.68663805e-07 
 3.20200000e-04  1.68475283e-07 
 3.20300000e-04  1.68399749e-07 
 3.20400000e-04  1.68332686e-07 
 3.20500000e-04  1.68290116e-07 
 3.20600000e-04  1.55779033e-07 
 3.20700000e-04  1.55390069e-07 
 3.20800000e-04  1.55191224e-07 
 3.20900000e-04  1.55049289e-07 
 3.21000000e-04  1.54966010e-07 
 3.21100000e-04  1.68409415e-07 
 3.21200000e-04  1.68197539e-07 
 3.21300000e-04  1.68119293e-07 
 3.21400000e-04  1.68050069e-07 
 3.21500000e-04  1.68012112e-07 
 3.21600000e-04  1.54260636e-07 
 3.21700000e-04  1.53829056e-07 
 3.21800000e-04  1.53596297e-07 
 3.21900000e-04  1.53419615e-07 
 3.22000000e-04  1.53300730e-07 
 3.22100000e-04  1.69783521e-07 
 3.22200000e-04  1.69494830e-07 
 3.22300000e-04  1.69392705e-07 
 3.22400000e-04  1.69303174e-07 
 3.22500000e-04  1.69249152e-07 
 3.22600000e-04  1.58014143e-07 
 3.22700000e-04  1.57637411e-07 
 3.22800000e-04  1.57445725e-07 
 3.22900000e-04  1.57315388e-07 
 3.23000000e-04  1.57248289e-07 
 3.23100000e-04  1.68495704e-07 
 3.23200000e-04  1.68243213e-07 
 3.23300000e-04  1.68156941e-07 
 3.23400000e-04  1.68081495e-07 
 3.23500000e-04  1.68049617e-07 
 3.23600000e-04  1.54300197e-07 
 3.23700000e-04  1.53839293e-07 
 3.23800000e-04  1.53609738e-07 
 3.23900000e-04  1.53436282e-07 
 3.24000000e-04  1.53320642e-07 
 3.24100000e-04  1.69260719e-07 
 3.24200000e-04  1.69074743e-07 
 3.24300000e-04  1.68998453e-07 
 3.24400000e-04  1.68929728e-07 
 3.24500000e-04  1.68893957e-07 
 3.24600000e-04  1.56351642e-07 
 3.24700000e-04  1.55996034e-07 
 3.24800000e-04  1.55798876e-07 
 3.24900000e-04  1.55650468e-07 
 3.25000000e-04  1.55552295e-07 
 3.25100000e-04  1.69031176e-07 
 3.25200000e-04  1.68808363e-07 
 3.25300000e-04  1.68734476e-07 
 3.25400000e-04  1.68671442e-07 
 3.25500000e-04  1.68637051e-07 
 3.25600000e-04  1.54852385e-07 
 3.25700000e-04  1.54432374e-07 
 3.25800000e-04  1.54197379e-07 
 3.25900000e-04  1.54019864e-07 
 3.26000000e-04  1.53901588e-07 
 3.26100000e-04  1.72532061e-07 
 3.26200000e-04  1.71802198e-07 
 3.26300000e-04  1.71589913e-07 
 3.26400000e-04  1.71412231e-07 
 3.26500000e-04  1.71331343e-07 
 3.26600000e-04  1.65269826e-07 
 3.26700000e-04  1.64867754e-07 
 3.26800000e-04  1.64691652e-07 
 3.26900000e-04  1.64591866e-07 
 3.27000000e-04  1.64570755e-07 
 3.27100000e-04  1.67807472e-07 
 3.27200000e-04  1.66872310e-07 
 3.27300000e-04  1.66631466e-07 
 3.27400000e-04  1.66434519e-07 
 3.27500000e-04  1.66342982e-07 
 3.27600000e-04  1.52822706e-07 
 3.27700000e-04  1.52177627e-07 
 3.27800000e-04  1.51903101e-07 
 3.27900000e-04  1.51694720e-07 
 3.28000000e-04  1.51554456e-07 
 3.28100000e-04  1.69391299e-07 
 3.28200000e-04  1.68872229e-07 
 3.28300000e-04  1.68697385e-07 
 3.28400000e-04  1.68620207e-07 
 3.28500000e-04  1.68574586e-07 
 3.28600000e-04  1.55633071e-07 
 3.28700000e-04  1.55089552e-07 
 3.28800000e-04  1.54819703e-07 
 3.28900000e-04  1.54628585e-07 
 3.29000000e-04  1.54517819e-07 
 3.29100000e-04  1.03754112e-04 
 3.29200000e-04  1.03753694e-04 
 3.29300000e-04  1.03753574e-04 
 3.29400000e-04  1.03753474e-04 
 3.29500000e-04  1.03753428e-04 
 3.29600000e-04  1.03739754e-04 
 3.29700000e-04  1.03739292e-04 
 3.29800000e-04  1.03739050e-04 
 3.29900000e-04  1.03738869e-04 
 3.30000000e-04  1.03738750e-04 
 3.30100000e-04  1.69706934e-07 
 3.30200000e-04  1.69382212e-07 
 3.30300000e-04  1.69263396e-07 
 3.30400000e-04  1.69158654e-07 
 3.30500000e-04  1.69116565e-07 
 3.30600000e-04  1.57938115e-07 
 3.30700000e-04  1.57553443e-07 
 3.30800000e-04  1.57350439e-07 
 3.30900000e-04  1.57214376e-07 
 3.31000000e-04  1.57147314e-07 
 3.31100000e-04  1.68380901e-07 
 3.31200000e-04  1.68132778e-07 
 3.31300000e-04  1.68046513e-07 
 3.31400000e-04  1.67970768e-07 
 3.31500000e-04  1.67933170e-07 
 3.31600000e-04  1.54213939e-07 
 3.31700000e-04  1.53751013e-07 
 3.31800000e-04  1.53515440e-07 
 3.31900000e-04  1.53330136e-07 
 3.32000000e-04  1.53196630e-07 
 3.32100000e-04  1.69170500e-07 
 3.32200000e-04  1.68989578e-07 
 3.32300000e-04  1.68899876e-07 
 3.32400000e-04  1.68816491e-07 
 3.32500000e-04  1.68780490e-07 
 3.32600000e-04  1.56263468e-07 
 3.32700000e-04  1.55869723e-07 
 3.32800000e-04  1.55671103e-07 
 3.32900000e-04  1.55536764e-07 
 3.33000000e-04  1.55468674e-07 
 3.33100000e-04  1.68939899e-07 
 3.33200000e-04  1.68703205e-07 
 3.33300000e-04  1.68631769e-07 
 3.33400000e-04  1.68573034e-07 
 3.33500000e-04  1.68537013e-07 
 3.33600000e-04  1.54746258e-07 
 3.33700000e-04  1.54330744e-07 
 3.33800000e-04  1.54084782e-07 
 3.33900000e-04  1.53905439e-07 
 3.34000000e-04  1.53794762e-07 
 3.34100000e-04  1.70840379e-07 
 3.34200000e-04  1.70432770e-07 
 3.34300000e-04  1.70296165e-07 
 3.34400000e-04  1.70178138e-07 
 3.34500000e-04  1.70113277e-07 
 3.34600000e-04  1.60176700e-07 
 3.34700000e-04  1.59794954e-07 
 3.34800000e-04  1.59605627e-07 
 3.34900000e-04  1.59475969e-07 
 3.35000000e-04  1.59407804e-07 
 3.35100000e-04  1.68514002e-07 
 3.35200000e-04  1.68212542e-07 
 3.35300000e-04  1.68108797e-07 
 3.35400000e-04  1.68018039e-07 
 3.35500000e-04  1.67975820e-07 
 3.35600000e-04  1.54278118e-07 
 3.35700000e-04  1.53788558e-07 
 3.35800000e-04  1.53534797e-07 
 3.35900000e-04  1.53344258e-07 
 3.36000000e-04  1.53218874e-07 
 3.36100000e-04  1.69190331e-07 
 3.36200000e-04  1.68998879e-07 
 3.36300000e-04  1.68912879e-07 
 3.36400000e-04  1.68834786e-07 
 3.36500000e-04  1.68791781e-07 
 3.36600000e-04  1.56261024e-07 
 3.36700000e-04  1.55874604e-07 
 3.36800000e-04  1.55681923e-07 
 3.36900000e-04  1.55541714e-07 
 3.37000000e-04  1.55455572e-07 
 3.37100000e-04  1.68927917e-07 
 3.37200000e-04  1.68699664e-07 
 3.37300000e-04  1.68626365e-07 
 3.37400000e-04  1.68564262e-07 
 3.37500000e-04  1.68539226e-07 
 3.37600000e-04  1.54740760e-07 
 3.37700000e-04  1.54333059e-07 
 3.37800000e-04  1.54095423e-07 
 3.37900000e-04  1.53914260e-07 
 3.38000000e-04  1.53791287e-07 
 3.38100000e-04  1.70302324e-07 
 3.38200000e-04  1.70008155e-07 
 3.38300000e-04  1.69895077e-07 
 3.38400000e-04  1.69794111e-07 
 3.38500000e-04  1.69750365e-07 
 3.38600000e-04  1.58494033e-07 
 3.38700000e-04  1.58114836e-07 
 3.38800000e-04  1.57930501e-07 
 3.38900000e-04  1.57805964e-07 
 3.39000000e-04  1.57743049e-07 
 3.39100000e-04  1.69020347e-07 
 3.39200000e-04  1.68748485e-07 
 3.39300000e-04  1.68658008e-07 
 3.39400000e-04  1.68580096e-07 
 3.39500000e-04  1.68553222e-07 
 3.39600000e-04  1.54783733e-07 
 3.39700000e-04  1.54319240e-07 
 3.39800000e-04  1.54092094e-07 
 3.39900000e-04  1.53920593e-07 
 3.40000000e-04  1.53806425e-07 
 3.40100000e-04  1.69784808e-07 
 3.40200000e-04  1.69604061e-07 
 3.40300000e-04  1.69522212e-07 
 3.40400000e-04  1.69447215e-07 
 3.40500000e-04  1.69407299e-07 
 3.40600000e-04  1.56822562e-07 
 3.40700000e-04  1.56450376e-07 
 3.40800000e-04  1.56259642e-07 
 3.40900000e-04  1.56123356e-07 
 3.41000000e-04  1.56043169e-07 
 3.41100000e-04  1.69533890e-07 
 3.41200000e-04  1.69312596e-07 
 3.41300000e-04  1.69237819e-07 
 3.41400000e-04  1.69173458e-07 
 3.41500000e-04  1.69149118e-07 
 3.41600000e-04  1.55326167e-07 
 3.41700000e-04  1.54891922e-07 
 3.41800000e-04  1.54666395e-07 
 3.41900000e-04  1.54496496e-07 
 3.42000000e-04  1.54383914e-07 
 3.42100000e-04  1.71984407e-07 
 3.42200000e-04  1.71478039e-07 
 3.42300000e-04  1.71311377e-07 
 3.42400000e-04  1.71167204e-07 
 3.42500000e-04  1.71102169e-07 
 3.42600000e-04  1.62404973e-07 
 3.42700000e-04  1.62018870e-07 
 3.42800000e-04  1.61847300e-07 
 3.42900000e-04  1.61738204e-07 
 3.43000000e-04  1.61693483e-07 
 3.43100000e-04  1.68805168e-07 
 3.43200000e-04  1.68398169e-07 
 3.43300000e-04  1.68250385e-07 
 3.43400000e-04  1.68120410e-07 
 3.43500000e-04  1.68071295e-07 
 3.43600000e-04  1.54382218e-07 
 3.43700000e-04  1.53843985e-07 
 3.43800000e-04  1.53572274e-07 
 3.43900000e-04  1.53370224e-07 
 3.44000000e-04  1.53239963e-07 
 3.44100000e-04  1.69219573e-07 
 3.44200000e-04  1.69014108e-07 
 3.44300000e-04  1.68929400e-07 
 3.44400000e-04  1.68854042e-07 
 3.44500000e-04  1.68800010e-07 
 3.44600000e-04  1.56258500e-07 
 3.44700000e-04  1.55891227e-07 
 3.44800000e-04  1.55687260e-07 
 3.44900000e-04  1.55546449e-07 
 3.45000000e-04  1.55470719e-07 
 3.45100000e-04  1.68934919e-07 
 3.45200000e-04  1.68712885e-07 
 3.45300000e-04  1.68634717e-07 
 3.45400000e-04  1.68566600e-07 
 3.45500000e-04  1.68547907e-07 
 3.45600000e-04  1.54750179e-07 
 3.45700000e-04  1.54313491e-07 
 3.45800000e-04  1.54087123e-07 
 3.45900000e-04  1.53913319e-07 
 3.46000000e-04  1.53793662e-07 
 3.46100000e-04  1.70320298e-07 
 3.46200000e-04  1.70011781e-07 
 3.46300000e-04  1.69909809e-07 
 3.46400000e-04  1.69822792e-07 
 3.46500000e-04  1.69764492e-07 
 3.46600000e-04  1.58490573e-07 
 3.46700000e-04  1.58138132e-07 
 3.46800000e-04  1.57947104e-07 
 3.46900000e-04  1.57814151e-07 
 3.47000000e-04  1.57741034e-07 
 3.47100000e-04  1.69021678e-07 
 3.47200000e-04  1.68746890e-07 
 3.47300000e-04  1.68663826e-07 
 3.47400000e-04  1.68594164e-07 
 3.47500000e-04  1.68557092e-07 
 3.47600000e-04  1.54791882e-07 
 3.47700000e-04  1.54319950e-07 
 3.47800000e-04  1.54084089e-07 
 3.47900000e-04  1.53909837e-07 
 3.48000000e-04  1.53799064e-07 
 3.48100000e-04  1.69789477e-07 
 3.48200000e-04  1.69600650e-07 
 3.48300000e-04  1.69518032e-07 
 3.48400000e-04  1.69442891e-07 
 3.48500000e-04  1.69385071e-07 
 3.48600000e-04  1.56843093e-07 
 3.48700000e-04  1.56461685e-07 
 3.48800000e-04  1.56265432e-07 
 3.48900000e-04  1.56124971e-07 
 3.49000000e-04  1.56041988e-07 
 3.49100000e-04  1.69535076e-07 
 3.49200000e-04  1.69323824e-07 
 3.49300000e-04  1.69247625e-07 
 3.49400000e-04  1.69180648e-07 
 3.49500000e-04  1.69132389e-07 
 3.49600000e-04  1.55317840e-07 
 3.49700000e-04  1.54892578e-07 
 3.49800000e-04  1.54678790e-07 
 3.49900000e-04  1.54511663e-07 
 3.50000000e-04  1.54392595e-07 
 3.50100000e-04  1.71449991e-07 
 3.50200000e-04  1.71052911e-07 
 3.50300000e-04  1.70914659e-07 
 3.50400000e-04  1.70793535e-07 
 3.50500000e-04  1.70749072e-07 
 3.50600000e-04  1.60759288e-07 
 3.50700000e-04  1.60365448e-07 
 3.50800000e-04  1.60175677e-07 
 3.50900000e-04  1.60054806e-07 
 3.51000000e-04  1.60004936e-07 
 3.51100000e-04  1.69130273e-07 
 3.51200000e-04  1.68833247e-07 
 3.51300000e-04  1.68735814e-07 
 3.51400000e-04  1.68651407e-07 
 3.51500000e-04  1.68610778e-07 
 3.51600000e-04  1.54860398e-07 
 3.51700000e-04  1.54379228e-07 
 3.51800000e-04  1.54117898e-07 
 3.51900000e-04  1.53924199e-07 
 3.52000000e-04  1.53800189e-07 
 3.52100000e-04  1.69808075e-07 
 3.52200000e-04  1.69603647e-07 
 3.52300000e-04  1.69519613e-07 
 3.52400000e-04  1.69444572e-07 
 3.52500000e-04  1.69405537e-07 
 3.52600000e-04  1.56826870e-07 
 3.52700000e-04  1.56470213e-07 
 3.52800000e-04  1.56272838e-07 
 3.52900000e-04  1.56137718e-07 
 3.53000000e-04  1.56066742e-07 
 3.53100000e-04  1.69554884e-07 
 3.53200000e-04  1.69323335e-07 
 3.53300000e-04  1.69242689e-07 
 3.53400000e-04  1.69172883e-07 
 3.53500000e-04  1.69150909e-07 
 3.53600000e-04  1.55318263e-07 
 3.53700000e-04  1.54919337e-07 
 3.53800000e-04  1.54684637e-07 
 3.53900000e-04  1.54510491e-07 
 3.54000000e-04  1.54398734e-07 
 3.54100000e-04  1.70930852e-07 
 3.54200000e-04  1.70625323e-07 
 3.54300000e-04  1.70519348e-07 
 3.54400000e-04  1.70427393e-07 
 3.54500000e-04  1.70376727e-07 
 3.54600000e-04  1.59093006e-07 
 3.54700000e-04  1.58721263e-07 
 3.54800000e-04  1.58521488e-07 
 3.54900000e-04  1.58390991e-07 
 3.55000000e-04  1.58331877e-07 
 3.55100000e-04  1.69627225e-07 
 3.55200000e-04  1.69382782e-07 
 3.55300000e-04  1.69286300e-07 
 3.55400000e-04  1.69199124e-07 
 3.55500000e-04  1.69160887e-07 
 3.55600000e-04  1.55377423e-07 
 3.55700000e-04  1.54927180e-07 
 3.55800000e-04  1.54690552e-07 
 3.55900000e-04  1.54507176e-07 
 3.56000000e-04  1.54378650e-07 
 3.56100000e-04  1.70398804e-07 
 3.56200000e-04  1.70212309e-07 
 3.56300000e-04  1.70133523e-07 
 3.56400000e-04  1.70062189e-07 
 3.56500000e-04  1.70026417e-07 
 3.56600000e-04  1.57429884e-07 
 3.56700000e-04  1.57050528e-07 
 3.56800000e-04  1.56857392e-07 
 3.56900000e-04  1.56718011e-07 
 3.57000000e-04  1.56634000e-07 
 3.57100000e-04  1.70178250e-07 
 3.57200000e-04  1.69936856e-07 
 3.57300000e-04  1.69860400e-07 
 3.57400000e-04  1.69796149e-07 
 3.57500000e-04  1.69771141e-07 
 3.57600000e-04  1.55910010e-07 
 3.57700000e-04  1.55505525e-07 
 3.57800000e-04  1.55276989e-07 
 3.57900000e-04  1.55107241e-07 
 3.58000000e-04  1.54998054e-07 
 3.58100000e-04  1.73136670e-07 
 3.58200000e-04  1.72523858e-07 
 3.58300000e-04  1.72329533e-07 
 3.58400000e-04  1.72162486e-07 
 3.58500000e-04  1.72082841e-07 
 3.58600000e-04  1.64664819e-07 
 3.58700000e-04  1.64291816e-07 
 3.58800000e-04  1.64110002e-07 
 3.58900000e-04  1.64003147e-07 
 3.59000000e-04  1.63973535e-07 
 3.59100000e-04  1.69430265e-07 
 3.59200000e-04  1.68635784e-07 
 3.59300000e-04  1.68394367e-07 
 3.59400000e-04  1.68190426e-07 
 3.59500000e-04  1.68096626e-07 
 3.59600000e-04  1.54450419e-07 
 3.59700000e-04  1.53865857e-07 
 3.59800000e-04  1.53592825e-07 
 3.59900000e-04  1.53386455e-07 
 3.60000000e-04  1.53248767e-07 
 3.60100000e-04  1.69237914e-07 
 3.60200000e-04  1.69044014e-07 
 3.60300000e-04  1.68951952e-07 
 3.60400000e-04  1.68867129e-07 
 3.60500000e-04  1.68822656e-07 
 3.60600000e-04  1.56265672e-07 
 3.60700000e-04  1.55885952e-07 
 3.60800000e-04  1.55693792e-07 
 3.60900000e-04  1.55554113e-07 
 3.61000000e-04  1.55468484e-07 
 3.61100000e-04  1.68951598e-07 
 3.61200000e-04  1.68727434e-07 
 3.61300000e-04  1.68648623e-07 
 3.61400000e-04  1.68580264e-07 
 3.61500000e-04  1.68551174e-07 
 3.61600000e-04  1.54739058e-07 
 3.61700000e-04  1.54318500e-07 
 3.61800000e-04  1.54094763e-07 
 3.61900000e-04  1.53925349e-07 
 3.62000000e-04  1.53811881e-07 
 3.62100000e-04  1.70324293e-07 
 3.62200000e-04  1.70024847e-07 
 3.62300000e-04  1.69918402e-07 
 3.62400000e-04  1.69825411e-07 
 3.62500000e-04  1.69762977e-07 
 3.62600000e-04  1.58516809e-07 
 3.62700000e-04  1.58126327e-07 
 3.62800000e-04  1.57933068e-07 
 3.62900000e-04  1.57804125e-07 
 3.63000000e-04  1.57741441e-07 
 3.63100000e-04  1.69016315e-07 
 3.63200000e-04  1.68752386e-07 
 3.63300000e-04  1.68667047e-07 
 3.63400000e-04  1.68593887e-07 
 3.63500000e-04  1.68567213e-07 
 3.63600000e-04  1.54801339e-07 
 3.63700000e-04  1.54348154e-07 
 3.63800000e-04  1.54101449e-07 
 3.63900000e-04  1.53916946e-07 
 3.64000000e-04  1.53796520e-07 
 3.64100000e-04  1.69783216e-07 
 3.64200000e-04  1.69608907e-07 
 3.64300000e-04  1.69518732e-07 
 3.64400000e-04  1.69434287e-07 
 3.64500000e-04  1.69393899e-07 
 3.64600000e-04  1.56845418e-07 
 3.64700000e-04  1.56459457e-07 
 3.64800000e-04  1.56258750e-07 
 3.64900000e-04  1.56124154e-07 
 3.65000000e-04  1.56057670e-07 
 3.65100000e-04  1.69537077e-07 
 3.65200000e-04  1.69320496e-07 
 3.65300000e-04  1.69237205e-07 
 3.65400000e-04  1.69162844e-07 
 3.65500000e-04  1.69149727e-07 
 3.65600000e-04  1.55330408e-07 
 3.65700000e-04  1.54896606e-07 
 3.65800000e-04  1.54675152e-07 
 3.65900000e-04  1.54503313e-07 
 3.66000000e-04  1.54382562e-07 
 3.66100000e-04  1.71450620e-07 
 3.66200000e-04  1.71050241e-07 
 3.66300000e-04  1.70914201e-07 
 3.66400000e-04  1.70795682e-07 
 3.66500000e-04  1.70732712e-07 
 3.66600000e-04  1.60758749e-07 
 3.66700000e-04  1.60375847e-07 
 3.66800000e-04  1.60187147e-07 
 3.66900000e-04  1.60065230e-07 
 3.67000000e-04  1.60012114e-07 
 3.67100000e-04  1.69142062e-07 
 3.67200000e-04  1.68844865e-07 
 3.67300000e-04  1.68736386e-07 
 3.67400000e-04  1.68640358e-07 
 3.67500000e-04  1.68607658e-07 
 3.67600000e-04  1.54853231e-07 
 3.67700000e-04  1.54354642e-07 
 3.67800000e-04  1.54107266e-07 
 3.67900000e-04  1.53922403e-07 
 3.68000000e-04  1.53801835e-07 
 3.68100000e-04  1.71745886e-07 
 3.68200000e-04  1.71216245e-07 
 3.68300000e-04  1.71037642e-07 
 3.68400000e-04  1.70955893e-07 
 3.68500000e-04  1.70905439e-07 
 3.68600000e-04  1.57852041e-07 
 3.68700000e-04  1.57321130e-07 
 3.68800000e-04  1.57063329e-07 
 3.68900000e-04  1.56880914e-07 
 3.69000000e-04  1.56775394e-07 
 3.69100000e-04  1.03756496e-04 
 3.69200000e-04  1.03756068e-04 
 3.69300000e-04  1.03755937e-04 
 3.69400000e-04  1.03755826e-04 
 3.69500000e-04  1.03755797e-04 
 3.69600000e-04  1.03742007e-04 
 3.69700000e-04  1.03741544e-04 
 3.69800000e-04  1.03741313e-04 
 3.69900000e-04  1.03741143e-04 
 3.70000000e-04  1.03741036e-04 
 3.70100000e-04  1.72088471e-07 
 3.70200000e-04  1.71752298e-07 
 3.70300000e-04  1.71638152e-07 
 3.70400000e-04  1.71539196e-07 
 3.70500000e-04  1.71496882e-07 
 3.70600000e-04  1.60194432e-07 
 3.70700000e-04  1.59796233e-07 
 3.70800000e-04  1.59618521e-07 
 3.70900000e-04  1.59495600e-07 
 3.71000000e-04  1.59429103e-07 
 3.71100000e-04  1.70793367e-07 
 3.71200000e-04  1.70515588e-07 
 3.71300000e-04  1.70417570e-07 
 3.71400000e-04  1.70331909e-07 
 3.71500000e-04  1.70314322e-07 
 3.71600000e-04  1.56463332e-07 
 3.71700000e-04  1.56023071e-07 
 3.71800000e-04  1.55784772e-07 
 3.71900000e-04  1.55603031e-07 
 3.72000000e-04  1.55479537e-07 
 3.72100000e-04  1.71568829e-07 
 3.72200000e-04  1.71354694e-07 
 3.72300000e-04  1.71271413e-07 
 3.72400000e-04  1.71198072e-07 
 3.72500000e-04  1.71159243e-07 
 3.72600000e-04  1.58497250e-07 
 3.72700000e-04  1.58137318e-07 
 3.72800000e-04  1.57942510e-07 
 3.72900000e-04  1.57807903e-07 
 3.73000000e-04  1.57735300e-07 
 3.73100000e-04  1.71330061e-07 
 3.73200000e-04  1.71087533e-07 
 3.73300000e-04  1.71000424e-07 
 3.73400000e-04  1.70924854e-07 
 3.73500000e-04  1.70889675e-07 
 3.73600000e-04  1.56975328e-07 
 3.73700000e-04  1.56582013e-07 
 3.73800000e-04  1.56362651e-07 
 3.73900000e-04  1.56192153e-07 
 3.74000000e-04  1.56071961e-07 
 3.74100000e-04  1.73760659e-07 
 3.74200000e-04  1.73251762e-07 
 3.74300000e-04  1.73080914e-07 
 3.74400000e-04  1.72932034e-07 
 3.74500000e-04  1.72855061e-07 
 3.74600000e-04  1.64079694e-07 
 3.74700000e-04  1.63700145e-07 
 3.74800000e-04  1.63535423e-07 
 3.74900000e-04  1.63427992e-07 
 3.75000000e-04  1.63379557e-07 
 3.75100000e-04  1.70577412e-07 
 3.75200000e-04  1.70167585e-07 
 3.75300000e-04  1.70019251e-07 
 3.75400000e-04  1.69888845e-07 
 3.75500000e-04  1.69814411e-07 
 3.75600000e-04  1.56040392e-07 
 3.75700000e-04  1.55502345e-07 
 3.75800000e-04  1.55248850e-07 
 3.75900000e-04  1.55059124e-07 
 3.76000000e-04  1.54935082e-07 
 3.76100000e-04  1.70987673e-07 
 3.76200000e-04  1.70794971e-07 
 3.76300000e-04  1.70700178e-07 
 3.76400000e-04  1.70612181e-07 
 3.76500000e-04  1.70574079e-07 
 3.76600000e-04  1.57928310e-07 
 3.76700000e-04  1.57560246e-07 
 3.76800000e-04  1.57364398e-07 
 3.76900000e-04  1.57222741e-07 
 3.77000000e-04  1.57136885e-07 
 3.77100000e-04  1.70722342e-07 
 3.77200000e-04  1.70472877e-07 
 3.77300000e-04  1.70385358e-07 
 3.77400000e-04  1.70309921e-07 
 3.77500000e-04  1.70281328e-07 
 3.77600000e-04  1.56401753e-07 
 3.77700000e-04  1.56005221e-07 
 3.77800000e-04  1.55779208e-07 
 3.77900000e-04  1.55601189e-07 
 3.78000000e-04  1.55472575e-07 
 3.78100000e-04  1.72082064e-07 
 3.78200000e-04  1.71780407e-07 
 3.78300000e-04  1.71673464e-07 
 3.78400000e-04  1.71580267e-07 
 3.78500000e-04  1.71511823e-07 
 3.78600000e-04  1.60154458e-07 
 3.78700000e-04  1.59781977e-07 
 3.78800000e-04  1.59594039e-07 
 3.78900000e-04  1.59476016e-07 
 3.79000000e-04  1.59430018e-07 
 3.79100000e-04  1.70781877e-07 
 3.79200000e-04  1.70509535e-07 
 3.79300000e-04  1.70413495e-07 
 3.79400000e-04  1.70329126e-07 
 3.79500000e-04  1.70296262e-07 
 3.79600000e-04  1.56452390e-07 
 3.79700000e-04  1.55998228e-07 
 3.79800000e-04  1.55768494e-07 
 3.79900000e-04  1.55596492e-07 
 3.80000000e-04  1.55483939e-07 
 3.80100000e-04  1.71556244e-07 
 3.80200000e-04  1.71361840e-07 
 3.80300000e-04  1.71271213e-07 
 3.80400000e-04  1.71188192e-07 
 3.80500000e-04  1.71160012e-07 
 3.80600000e-04  1.58491905e-07 
 3.80700000e-04  1.58122064e-07 
 3.80800000e-04  1.57934589e-07 
 3.80900000e-04  1.57803331e-07 
 3.81000000e-04  1.57729959e-07 
 3.81100000e-04  1.71323346e-07 
 3.81200000e-04  1.71083666e-07 
 3.81300000e-04  1.70999100e-07 
 3.81400000e-04  1.70926131e-07 
 3.81500000e-04  1.70887289e-07 
 3.81600000e-04  1.56987352e-07 
 3.81700000e-04  1.56575467e-07 
 3.81800000e-04  1.56347109e-07 
 3.81900000e-04  1.56177843e-07 
 3.82000000e-04  1.56069429e-07 
 3.82100000e-04  1.73224262e-07 
 3.82200000e-04  1.72819603e-07 
 3.82300000e-04  1.72678903e-07 
 3.82400000e-04  1.72555610e-07 
 3.82500000e-04  1.72483632e-07 
 3.82600000e-04  1.62413454e-07 
 3.82700000e-04  1.62047759e-07 
 3.82800000e-04  1.61872812e-07 
 3.82900000e-04  1.61753492e-07 
 3.83000000e-04  1.61691448e-07 
 3.83100000e-04  1.70924722e-07 
 3.83200000e-04  1.70603465e-07 
 3.83300000e-04  1.70484338e-07 
 3.83400000e-04  1.70379176e-07 
 3.83500000e-04  1.70349820e-07 
 3.83600000e-04  1.56530665e-07 
 3.83700000e-04  1.56027441e-07 
 3.83800000e-04  1.55792885e-07 
 3.83900000e-04  1.55612392e-07 
 3.84000000e-04  1.55487557e-07 
 3.84100000e-04  1.71582939e-07 
 3.84200000e-04  1.71363572e-07 
 3.84300000e-04  1.71279675e-07 
 3.84400000e-04  1.71206300e-07 
 3.84500000e-04  1.71171518e-07 
 3.84600000e-04  1.58491363e-07 
 3.84700000e-04  1.58141941e-07 
 3.84800000e-04  1.57943161e-07 
 3.84900000e-04  1.57808263e-07 
 3.85000000e-04  1.57739155e-07 
 3.85100000e-04  1.71326438e-07 
 3.85200000e-04  1.71093465e-07 
 3.85300000e-04  1.71005178e-07 
 3.85400000e-04  1.70927064e-07 
 3.85500000e-04  1.70900332e-07 
 3.85600000e-04  1.56983532e-07 
 3.85700000e-04  1.56582670e-07 
 3.85800000e-04  1.56362160e-07 
 3.85900000e-04  1.56192863e-07 
 3.86000000e-04  1.56076290e-07 
 3.86100000e-04  1.72708400e-07 
 3.86200000e-04  1.72394170e-07 
 3.86300000e-04  1.72285622e-07 
 3.86400000e-04  1.72191837e-07 
 3.86500000e-04  1.72131335e-07 
 3.86600000e-04  1.60751274e-07 
 3.86700000e-04  1.60384918e-07 
 3.86800000e-04  1.60199455e-07 
 3.86900000e-04  1.60071622e-07 
 3.87000000e-04  1.60003125e-07 
 3.87100000e-04  1.71420276e-07 
 3.87200000e-04  1.71151629e-07 
 3.87300000e-04  1.71046450e-07 
 3.87400000e-04  1.70952266e-07 
 3.87500000e-04  1.70911308e-07 
 3.87600000e-04  1.57034824e-07 
 3.87700000e-04  1.56591781e-07 
 3.87800000e-04  1.56366694e-07 
 3.87900000e-04  1.56194038e-07 
 3.88000000e-04  1.56075357e-07 
 3.88100000e-04  1.72187457e-07 
 3.88200000e-04  1.71971779e-07 
 3.88300000e-04  1.71880980e-07 
 3.88400000e-04  1.71799618e-07 
 3.88500000e-04  1.71758841e-07 
 3.88600000e-04  1.59070550e-07 
 3.88700000e-04  1.58716141e-07 
 3.88800000e-04  1.58535351e-07 
 3.88900000e-04  1.58400367e-07 
 3.89000000e-04  1.58312517e-07 
 3.89100000e-04  1.71937437e-07 
 3.89200000e-04  1.71713900e-07 
 3.89300000e-04  1.71619018e-07 
 3.89400000e-04  1.71532814e-07 
 3.89500000e-04  1.71513643e-07 
 3.89600000e-04  1.57572198e-07 
 3.89700000e-04  1.57165679e-07 
 3.89800000e-04  1.56937245e-07 
 3.89900000e-04  1.56767092e-07 
 3.90000000e-04  1.56656945e-07 
 3.90100000e-04  1.75963783e-07 
 3.90200000e-04  1.75129630e-07 
 3.90300000e-04  1.74872406e-07 
 3.90400000e-04  1.74652661e-07 
 3.90500000e-04  1.74570707e-07 
 3.90600000e-04  1.69647194e-07 
 3.90700000e-04  1.69278718e-07 
 3.90800000e-04  1.69110884e-07 
 3.90900000e-04  1.69020429e-07 
 3.91000000e-04  1.69009684e-07 
 3.91100000e-04  1.70173335e-07 
 3.91200000e-04  1.69193131e-07 
 3.91300000e-04  1.68931213e-07 
 3.91400000e-04  1.68715071e-07 
 3.91500000e-04  1.68621138e-07 
 3.91600000e-04  1.55014063e-07 
 3.91700000e-04  1.54344373e-07 
 3.91800000e-04  1.54066981e-07 
 3.91900000e-04  1.53864315e-07 
 3.92000000e-04  1.53738620e-07 
 3.92100000e-04  1.69751562e-07 
 3.92200000e-04  1.69551778e-07 
 3.92300000e-04  1.69464732e-07 
 3.92400000e-04  1.69385677e-07 
 3.92500000e-04  1.69338396e-07 
 3.92600000e-04  1.56739726e-07 
 3.92700000e-04  1.56368132e-07 
 3.92800000e-04  1.56182819e-07 
 3.92900000e-04  1.56049303e-07 
 3.93000000e-04  1.55969099e-07 
 3.93100000e-04  1.69471498e-07 
 3.93200000e-04  1.69235349e-07 
 3.93300000e-04  1.69158926e-07 
 3.93400000e-04  1.69094078e-07 
 3.93500000e-04  1.69060907e-07 
 3.93600000e-04  1.55231146e-07 
 3.93700000e-04  1.54804937e-07 
 3.93800000e-04  1.54578038e-07 
 3.93900000e-04  1.54405694e-07 
 3.94000000e-04  1.54289388e-07 
 3.94100000e-04  1.73034055e-07 
 3.94200000e-04  1.72271521e-07 
 3.94300000e-04  1.72003309e-07 
 3.94400000e-04  1.71899263e-07 
 3.94500000e-04  1.71848263e-07 
 3.94600000e-04  1.60086123e-07 
 3.94700000e-04  1.59562319e-07 
 3.94800000e-04  1.59304720e-07 
 3.94900000e-04  1.59125905e-07 
 3.95000000e-04  1.59027429e-07 
 3.95100000e-04  1.03756472e-04 
 3.95200000e-04  1.03756008e-04 
 3.95300000e-04  1.03755878e-04 
 3.95400000e-04  1.03755769e-04 
 3.95500000e-04  1.03755719e-04 
 3.95600000e-04  1.03741938e-04 
 3.95700000e-04  1.03741459e-04 
 3.95800000e-04  1.03741219e-04 
 3.95900000e-04  1.03741035e-04 
 3.96000000e-04  1.03740909e-04 
 3.96100000e-04  1.71451636e-07 
 3.96200000e-04  1.71220753e-07 
 3.96300000e-04  1.71136936e-07 
 3.96400000e-04  1.71063546e-07 
 3.96500000e-04  1.71021018e-07 
 3.96600000e-04  1.58407249e-07 
 3.96700000e-04  1.58026078e-07 
 3.96800000e-04  1.57839116e-07 
 3.96900000e-04  1.57703082e-07 
 3.97000000e-04  1.57619462e-07 
 3.97100000e-04  1.71203564e-07 
 3.97200000e-04  1.70974891e-07 
 3.97300000e-04  1.70890405e-07 
 3.97400000e-04  1.70816139e-07 
 3.97500000e-04  1.70791145e-07 
 3.97600000e-04  1.56875715e-07 
 3.97700000e-04  1.56483531e-07 
 3.97800000e-04  1.56255049e-07 
 3.97900000e-04  1.56085503e-07 
 3.98000000e-04  1.55976634e-07 
 3.98100000e-04  1.73132639e-07 
 3.98200000e-04  1.72710883e-07 
 3.98300000e-04  1.72568846e-07 
 3.98400000e-04  1.72446081e-07 
 3.98500000e-04  1.72391296e-07 
 3.98600000e-04  1.62310831e-07 
 3.98700000e-04  1.61942200e-07 
 3.98800000e-04  1.61759362e-07 
 3.98900000e-04  1.61637065e-07 
 3.99000000e-04  1.61577100e-07 
 3.99100000e-04  1.70798286e-07 
 3.99200000e-04  1.70498586e-07 
 3.99300000e-04  1.70389129e-07 
 3.99400000e-04  1.70292068e-07 
 3.99500000e-04  1.70254109e-07 
 3.99600000e-04  1.56415981e-07 
 3.99700000e-04  1.55916441e-07 
 3.99800000e-04  1.55685607e-07 
 3.99900000e-04  1.55510568e-07 
 4.00000000e-04  1.55392961e-07 
 4.00100000e-04  1.71465366e-07 
 4.00200000e-04  1.71260384e-07 
 4.00300000e-04  1.71179862e-07 
 4.00400000e-04  1.71108728e-07 
 4.00500000e-04  1.71044334e-07 
 4.00600000e-04  1.58393124e-07 
 4.00700000e-04  1.58022141e-07 
 4.00800000e-04  1.57834591e-07 
 4.00900000e-04  1.57702374e-07 
 4.01000000e-04  1.57627111e-07 
 4.01100000e-04  1.71224942e-07 
 4.01200000e-04  1.70979768e-07 
 4.01300000e-04  1.70897923e-07 
 4.01400000e-04  1.70828264e-07 
 4.01500000e-04  1.70779356e-07 
 4.01600000e-04  1.56868327e-07 
 4.01700000e-04  1.56454714e-07 
 4.01800000e-04  1.56238190e-07 
 4.01900000e-04  1.56073657e-07 
 4.02000000e-04  1.55962626e-07 
 4.02100000e-04  1.72593126e-07 
 4.02200000e-04  1.72294556e-07 
 4.02300000e-04  1.72172278e-07 
 4.02400000e-04  1.72061803e-07 
 4.02500000e-04  1.72016664e-07 
 4.02600000e-04  1.60628918e-07 
 4.02700000e-04  1.60262562e-07 
 4.02800000e-04  1.60089471e-07 
 4.02900000e-04  1.59966943e-07 
 4.03000000e-04  1.59896448e-07 
 4.03100000e-04  1.71305485e-07 
 4.03200000e-04  1.71024563e-07 
 4.03300000e-04  1.70926483e-07 
 4.03400000e-04  1.70841169e-07 
 4.03500000e-04  1.70812405e-07 
 4.03600000e-04  1.56925091e-07 
 4.03700000e-04  1.56470735e-07 
 4.03800000e-04  1.56248058e-07 
 4.03900000e-04  1.56077560e-07 
 4.04000000e-04  1.55960761e-07 
 4.04100000e-04  1.72062519e-07 
 4.04200000e-04  1.71871256e-07 
 4.04300000e-04  1.71782779e-07 
 4.04400000e-04  1.71701046e-07 
 4.04500000e-04  1.71650457e-07 
 4.04600000e-04  1.58962433e-07 
 4.04700000e-04  1.58611515e-07 
 4.04800000e-04  1.58417032e-07 
 4.04900000e-04  1.58284051e-07 
 4.05000000e-04  1.58214387e-07 
 4.05100000e-04  1.71827339e-07 
 4.05200000e-04  1.71588309e-07 
 4.05300000e-04  1.71501574e-07 
 4.05400000e-04  1.71425872e-07 
 4.05500000e-04  1.71391605e-07 
 4.05600000e-04  1.57457664e-07 
 4.05700000e-04  1.57042443e-07 
 4.05800000e-04  1.56826571e-07 
 4.05900000e-04  1.56664354e-07 
 4.06000000e-04  1.56557352e-07 
 4.06100000e-04  1.74268491e-07 
 4.06200000e-04  1.73746667e-07 
 4.06300000e-04  1.73572802e-07 
 4.06400000e-04  1.73422359e-07 
 4.06500000e-04  1.73354407e-07 
 4.06600000e-04  1.64549372e-07 
 4.06700000e-04  1.64185310e-07 
 4.06800000e-04  1.64003175e-07 
 4.06900000e-04  1.63888662e-07 
 4.07000000e-04  1.63843779e-07 
 4.07100000e-04  1.71087053e-07 
 4.07200000e-04  1.70678246e-07 
 4.07300000e-04  1.70524069e-07 
 4.07400000e-04  1.70386768e-07 
 4.07500000e-04  1.70334424e-07 
 4.07600000e-04  1.56513729e-07 
 4.07700000e-04  1.55963542e-07 
 4.07800000e-04  1.55710078e-07 
 4.07900000e-04  1.55525269e-07 
 4.08000000e-04  1.55411154e-07 
 4.08100000e-04  1.71504834e-07 
 4.08200000e-04  1.71287076e-07 
 4.08300000e-04  1.71201454e-07 
 4.08400000e-04  1.71126341e-07 
 4.08500000e-04  1.71062786e-07 
 4.08600000e-04  1.58385553e-07 
 4.08700000e-04  1.58040401e-07 
 4.08800000e-04  1.57845395e-07 
 4.08900000e-04  1.57711856e-07 
 4.09000000e-04  1.57641594e-07 
 4.09100000e-04  1.71234328e-07 
 4.09200000e-04  1.70990386e-07 
 4.09300000e-04  1.70900512e-07 
 4.09400000e-04  1.70821847e-07 
 4.09500000e-04  1.70799469e-07 
 4.09600000e-04  1.56890151e-07 
 4.09700000e-04  1.56457161e-07 
 4.09800000e-04  1.56237737e-07 
 4.09900000e-04  1.56075564e-07 
 4.10000000e-04  1.55972320e-07 
 4.10100000e-04  1.72593887e-07 
 4.10200000e-04  1.72297844e-07 
 4.10300000e-04  1.72181185e-07 
 4.10400000e-04  1.72076467e-07 
 4.10500000e-04  1.72018962e-07 
 4.10600000e-04  1.60633780e-07 
 4.10700000e-04  1.60281711e-07 
 4.10800000e-04  1.60089119e-07 
 4.10900000e-04  1.59959343e-07 
 4.11000000e-04  1.59894231e-07 
 4.11100000e-04  1.71309780e-07 
 4.11200000e-04  1.71023229e-07 
 4.11300000e-04  1.70932571e-07 
 4.11400000e-04  1.70855778e-07 
 4.11500000e-04  1.70821446e-07 
 4.11600000e-04  1.56916925e-07 
 4.11700000e-04  1.56470109e-07 
 4.11800000e-04  1.56242840e-07 
 4.11900000e-04  1.56074226e-07 
 4.12000000e-04  1.55965978e-07 
 4.12100000e-04  1.72069888e-07 
 4.12200000e-04  1.71877900e-07 
 4.12300000e-04  1.71784776e-07 
 4.12400000e-04  1.71698311e-07 
 4.12500000e-04  1.71643540e-07 
 4.12600000e-04  1.58965453e-07 
 4.12700000e-04  1.58596891e-07 
 4.12800000e-04  1.58425171e-07 
 4.12900000e-04  1.58296593e-07 
 4.13000000e-04  1.58212380e-07 
 4.13100000e-04  1.71837103e-07 
 4.13200000e-04  1.71599567e-07 
 4.13300000e-04  1.71513438e-07 
 4.13400000e-04  1.71438124e-07 
 4.13500000e-04  1.71402447e-07 
 4.13600000e-04  1.57455122e-07 
 4.13700000e-04  1.57065341e-07 
 4.13800000e-04  1.56841001e-07 
 4.13900000e-04  1.56673654e-07 
 4.14000000e-04  1.56564962e-07 
 4.14100000e-04  1.73749876e-07 
 4.14200000e-04  1.73328089e-07 
 4.14300000e-04  1.73183650e-07 
 4.14400000e-04  1.73058495e-07 
 4.14500000e-04  1.73003376e-07 
 4.14600000e-04  1.62882563e-07 
 4.14700000e-04  1.62523673e-07 
 4.14800000e-04  1.62347637e-07 
 4.14900000e-04  1.62233909e-07 
 4.15000000e-04  1.62184318e-07 
 4.15100000e-04  1.71424549e-07 
 4.15200000e-04  1.71115060e-07 
 4.15300000e-04  1.70998865e-07 
 4.15400000e-04  1.70895514e-07 
 4.15500000e-04  1.70848818e-07 
 4.15600000e-04  1.57005963e-07 
 4.15700000e-04  1.56512766e-07 
 4.15800000e-04  1.56268909e-07 
 4.15900000e-04  1.56090947e-07 
 4.16000000e-04  1.55980821e-07 
 4.16100000e-04  1.72094012e-07 
 4.16200000e-04  1.71878448e-07 
 4.16300000e-04  1.71792587e-07 
 4.16400000e-04  1.71716703e-07 
 4.16500000e-04  1.71664171e-07 
 4.16600000e-04  1.58955373e-07 
 4.16700000e-04  1.58616017e-07 
 4.16800000e-04  1.58420645e-07 
 4.16900000e-04  1.58290635e-07 
 4.17000000e-04  1.58227909e-07 
 4.17100000e-04  1.71844049e-07 
 4.17200000e-04  1.71608549e-07 
 4.17300000e-04  1.71514031e-07 
 4.17400000e-04  1.71429423e-07 
 4.17500000e-04  1.71389833e-07 
 4.17600000e-04  1.57461537e-07 
 4.17700000e-04  1.57062993e-07 
 4.17800000e-04  1.56837705e-07 
 4.17900000e-04  1.56671289e-07 
 4.18000000e-04  1.56565463e-07 
 4.18100000e-04  1.73216503e-07 
 4.18200000e-04  1.72899559e-07 
 4.18300000e-04  1.72786443e-07 
 4.18400000e-04  1.72688063e-07 
 4.18500000e-04  1.72622621e-07 
 4.18600000e-04  1.61209477e-07 
 4.18700000e-04  1.60863115e-07 
 4.18800000e-04  1.60677413e-07 
 4.18900000e-04  1.60549789e-07 
 4.19000000e-04  1.60481939e-07 
 4.19100000e-04  1.71928236e-07 
 4.19200000e-04  1.71640497e-07 
 4.19300000e-04  1.71546613e-07 
 4.19400000e-04  1.71466450e-07 
 4.19500000e-04  1.71430461e-07 
 4.19600000e-04  1.57519765e-07 
 4.19700000e-04  1.57079785e-07 
 4.19800000e-04  1.56852867e-07 
 4.19900000e-04  1.56676230e-07 
 4.20000000e-04  1.56551319e-07 
 4.20100000e-04  1.72685894e-07 
 4.20200000e-04  1.72487609e-07 
 4.20300000e-04  1.72396579e-07 
 4.20400000e-04  1.72312703e-07 
 4.20500000e-04  1.72279164e-07 
 4.20600000e-04  1.59542600e-07 
 4.20700000e-04  1.59204131e-07 
 4.20800000e-04  1.59021600e-07 
 4.20900000e-04  1.58886363e-07 
 4.21000000e-04  1.58799772e-07 
 4.21100000e-04  1.72452115e-07 
 4.21200000e-04  1.72211469e-07 
 4.21300000e-04  1.72123342e-07 
 4.21400000e-04  1.72046286e-07 
 4.21500000e-04  1.72004925e-07 
 4.21600000e-04  1.58049096e-07 
 4.21700000e-04  1.57630085e-07 
 4.21800000e-04  1.57421301e-07 
 4.21900000e-04  1.57261789e-07 
 4.22000000e-04  1.57152961e-07 
 4.22100000e-04  1.75421013e-07 
 4.22200000e-04  1.74801112e-07 
 4.22300000e-04  1.74597552e-07 
 4.22400000e-04  1.74421086e-07 
 4.22500000e-04  1.74342740e-07 
 4.22600000e-04  1.66783491e-07 
 4.22700000e-04  1.66417312e-07 
 4.22800000e-04  1.66255543e-07 
 4.22900000e-04  1.66157971e-07 
 4.23000000e-04  1.66126476e-07 
 4.23100000e-04  1.71711864e-07 
 4.23200000e-04  1.70907890e-07 
 4.23300000e-04  1.70657459e-07 
 4.23400000e-04  1.70444238e-07 
 4.23500000e-04  1.70367772e-07 
 4.23600000e-04  1.56577923e-07 
 4.23700000e-04  1.56006797e-07 
 4.23800000e-04  1.55741867e-07 
 4.23900000e-04  1.55546753e-07 
 4.24000000e-04  1.55423514e-07 
 4.24100000e-04  1.71507382e-07 
 4.24200000e-04  1.71302081e-07 
 4.24300000e-04  1.71216569e-07 
 4.24400000e-04  1.71139841e-07 
 4.24500000e-04  1.71086444e-07 
 4.24600000e-04  1.58395532e-07 
 4.24700000e-04  1.58034540e-07 
 4.24800000e-04  1.57852739e-07 
 4.24900000e-04  1.57717852e-07 
 4.25000000e-04  1.57631209e-07 
 4.25100000e-04  1.71237611e-07 
 4.25200000e-04  1.71000875e-07 
 4.25300000e-04  1.70910777e-07 
 4.25400000e-04  1.70831241e-07 
 4.25500000e-04  1.70800496e-07 
 4.25600000e-04  1.56887384e-07 
 4.25700000e-04  1.56462206e-07 
 4.25800000e-04  1.56252014e-07 
 4.25900000e-04  1.56089588e-07 
 4.26000000e-04  1.55976284e-07 
 4.26100000e-04  1.72618367e-07 
 4.26200000e-04  1.72288447e-07 
 4.26300000e-04  1.72167865e-07 
 4.26400000e-04  1.72062477e-07 
 4.26500000e-04  1.72016693e-07 
 4.26600000e-04  1.60628103e-07 
 4.26700000e-04  1.60267686e-07 
 4.26800000e-04  1.60095465e-07 
 4.26900000e-04  1.59972899e-07 
 4.27000000e-04  1.59901404e-07 
 4.27100000e-04  1.71300895e-07 
 4.27200000e-04  1.71025310e-07 
 4.27300000e-04  1.70927468e-07 
 4.27400000e-04  1.70841460e-07 
 4.27500000e-04  1.70817595e-07 
 4.27600000e-04  1.56921949e-07 
 4.27700000e-04  1.56465747e-07 
 4.27800000e-04  1.56248483e-07 
 4.27900000e-04  1.56079300e-07 
 4.28000000e-04  1.55959565e-07 
 4.28100000e-04  1.72070388e-07 
 4.28200000e-04  1.71883146e-07 
 4.28300000e-04  1.71789041e-07 
 4.28400000e-04  1.71701395e-07 
 4.28500000e-04  1.71649542e-07 
 4.28600000e-04  1.58955117e-07 
 4.28700000e-04  1.58599420e-07 
 4.28800000e-04  1.58415350e-07 
 4.28900000e-04  1.58286896e-07 
 4.29000000e-04  1.58215663e-07 
 4.29100000e-04  1.71830723e-07 
 4.29200000e-04  1.71594270e-07 
 4.29300000e-04  1.71510518e-07 
 4.29400000e-04  1.71437664e-07 
 4.29500000e-04  1.71408002e-07 
 4.29600000e-04  1.57463843e-07 
 4.29700000e-04  1.57044730e-07 
 4.29800000e-04  1.56823196e-07 
 4.29900000e-04  1.56661075e-07 
 4.30000000e-04  1.56560088e-07 
 4.30100000e-04  1.73747937e-07 
 4.30200000e-04  1.73333143e-07 
 4.30300000e-04  1.73181776e-07 
 4.30400000e-04  1.73047953e-07 
 4.30500000e-04  1.72993170e-07 
 4.30600000e-04  1.62869509e-07 
 4.30700000e-04  1.62514235e-07 
 4.30800000e-04  1.62336458e-07 
 4.30900000e-04  1.62224635e-07 
 4.31000000e-04  1.62180697e-07 
 4.31100000e-04  1.71418836e-07 
 4.31200000e-04  1.71104296e-07 
 4.31300000e-04  1.70994002e-07 
 4.31400000e-04  1.70897465e-07 
 4.31500000e-04  1.70867736e-07 
 4.31600000e-04  1.57005941e-07 
 4.31700000e-04  1.56496675e-07 
 4.31800000e-04  1.56263928e-07 
 4.31900000e-04  1.56090527e-07 
 4.32000000e-04  1.55978192e-07 
 4.32100000e-04  1.72093381e-07 
 4.32200000e-04  1.71891934e-07 
 4.32300000e-04  1.71802287e-07 
 4.32400000e-04  1.71720547e-07 
 4.32500000e-04  1.71671088e-07 
 4.32600000e-04  1.58962294e-07 
 4.32700000e-04  1.58606682e-07 
 4.32800000e-04  1.58418417e-07 
 4.32900000e-04  1.58289547e-07 
 4.33000000e-04  1.58221791e-07 
 4.33100000e-04  1.71834688e-07 
 4.33200000e-04  1.71595985e-07 
 4.33300000e-04  1.71513216e-07 
 4.33400000e-04  1.71441568e-07 
 4.33500000e-04  1.71417607e-07 
 4.33600000e-04  1.57458331e-07 
 4.33700000e-04  1.57048964e-07 
 4.33800000e-04  1.56829138e-07 
 4.33900000e-04  1.56664972e-07 
 4.34000000e-04  1.56558070e-07 
 4.34100000e-04  1.73214475e-07 
 4.34200000e-04  1.72896532e-07 
 4.34300000e-04  1.72781992e-07 
 4.34400000e-04  1.72681470e-07 
 4.34500000e-04  1.72624941e-07 
 4.34600000e-04  1.61206184e-07 
 4.34700000e-04  1.60858437e-07 
 4.34800000e-04  1.60679007e-07 
 4.34900000e-04  1.60553799e-07 
 4.35000000e-04  1.60484365e-07 
 4.35100000e-04  1.71932265e-07 
 4.35200000e-04  1.71640061e-07 
 4.35300000e-04  1.71545129e-07 
 4.35400000e-04  1.71464135e-07 
 4.35500000e-04  1.71425233e-07 
 4.35600000e-04  1.57513341e-07 
 4.35700000e-04  1.57073400e-07 
 4.35800000e-04  1.56846057e-07 
 4.35900000e-04  1.56675695e-07 
 4.36000000e-04  1.56563953e-07 
 4.36100000e-04  1.72688137e-07 
 4.36200000e-04  1.72488193e-07 
 4.36300000e-04  1.72394914e-07 
 4.36400000e-04  1.72309141e-07 
 4.36500000e-04  1.72268719e-07 
 4.36600000e-04  1.59547177e-07 
 4.36700000e-04  1.59185983e-07 
 4.36800000e-04  1.59012652e-07 
 4.36900000e-04  1.58890377e-07 
 4.37000000e-04  1.58820608e-07 
 4.37100000e-04  1.72457995e-07 
 4.37200000e-04  1.72229526e-07 
 4.37300000e-04  1.72131990e-07 
 4.37400000e-04  1.72043320e-07 
 4.37500000e-04  1.72026353e-07 
 4.37600000e-04  1.58049957e-07 
 4.37700000e-04  1.57631877e-07 
 4.37800000e-04  1.57424888e-07 
 4.37900000e-04  1.57262648e-07 
 4.38000000e-04  1.57146246e-07 
 4.38100000e-04  1.77614033e-07 
 4.38200000e-04  1.76334850e-07 
 4.38300000e-04  1.75934307e-07 
 4.38400000e-04  1.75777854e-07 
 4.38500000e-04  1.75700274e-07 
 4.38600000e-04  1.66396594e-07 
 4.38700000e-04  1.65903918e-07 
 4.38800000e-04  1.65653078e-07 
 4.38900000e-04  1.65476643e-07 
 4.39000000e-04  1.65376040e-07 
 4.39100000e-04  1.03758641e-04 
 4.39200000e-04  1.03758052e-04 
 4.39300000e-04  1.03757854e-04 
 4.39400000e-04  1.03757681e-04 
 4.39500000e-04  1.03757613e-04 
 4.39600000e-04  1.03743778e-04 
 4.39700000e-04  1.03743234e-04 
 4.39800000e-04  1.03742964e-04 
 4.39900000e-04  1.03742766e-04 
 4.40000000e-04  1.03742643e-04 
 4.40100000e-04  1.73294204e-07 
 4.40200000e-04  1.73035933e-07 
 4.40300000e-04  1.72932978e-07 
 4.40400000e-04  1.72841275e-07 
 4.40500000e-04  1.72785187e-07 
 4.40600000e-04  1.60076148e-07 
 4.40700000e-04  1.59716241e-07 
 4.40800000e-04  1.59532339e-07 
 4.40900000e-04  1.59405793e-07 
 4.41000000e-04  1.59338249e-07 
 4.41100000e-04  1.73013263e-07 
 4.41200000e-04  1.72762277e-07 
 4.41300000e-04  1.72672830e-07 
 4.41400000e-04  1.72595701e-07 
 4.41500000e-04  1.72557175e-07 
 4.41600000e-04  1.58552854e-07 
 4.41700000e-04  1.58150870e-07 
 4.41800000e-04  1.57932446e-07 
 4.41900000e-04  1.57764422e-07 
 4.42000000e-04  1.57648220e-07 
 4.42100000e-04  1.74388711e-07 
 4.42200000e-04  1.74069135e-07 
 4.42300000e-04  1.73940213e-07 
 4.42400000e-04  1.73824513e-07 
 4.42500000e-04  1.73782911e-07 
 4.42600000e-04  1.62318922e-07 
 4.42700000e-04  1.61943647e-07 
 4.42800000e-04  1.61764781e-07 
 4.42900000e-04  1.61645609e-07 
 4.43000000e-04  1.61587852e-07 
 4.43100000e-04  1.73090253e-07 
 4.43200000e-04  1.72801168e-07 
 4.43300000e-04  1.72692933e-07 
 4.43400000e-04  1.72597179e-07 
 4.43500000e-04  1.72571236e-07 
 4.43600000e-04  1.58594451e-07 
 4.43700000e-04  1.58159661e-07 
 4.43800000e-04  1.57932505e-07 
 4.43900000e-04  1.57762224e-07 
 4.44000000e-04  1.57650447e-07 
 4.44100000e-04  1.73845992e-07 
 4.44200000e-04  1.73643920e-07 
 4.44300000e-04  1.73543486e-07 
 4.44400000e-04  1.73450361e-07 
 4.44500000e-04  1.73407786e-07 
 4.44600000e-04  1.60635888e-07 
 4.44700000e-04  1.60288305e-07 
 4.44800000e-04  1.60099924e-07 
 4.44900000e-04  1.59965854e-07 
 4.45000000e-04  1.59887644e-07 
 4.45100000e-04  1.73600115e-07 
 4.45200000e-04  1.73359456e-07 
 4.45300000e-04  1.73264173e-07 
 4.45400000e-04  1.73179039e-07 
 4.45500000e-04  1.73149448e-07 
 4.45600000e-04  1.59106755e-07 
 4.45700000e-04  1.58719562e-07 
 4.45800000e-04  1.58508484e-07 
 4.45900000e-04  1.58351725e-07 
 4.46000000e-04  1.58250831e-07 
 4.46100000e-04  1.75522873e-07 
 4.46200000e-04  1.75081979e-07 
 4.46300000e-04  1.74933217e-07 
 4.46400000e-04  1.74804876e-07 
 4.46500000e-04  1.74745441e-07 
 4.46600000e-04  1.64549486e-07 
 4.46700000e-04  1.64182240e-07 
 4.46800000e-04  1.64011471e-07 
 4.46900000e-04  1.63901821e-07 
 4.47000000e-04  1.63855049e-07 
 4.47100000e-04  1.73202945e-07 
 4.47200000e-04  1.72877909e-07 
 4.47300000e-04  1.72755954e-07 
 4.47400000e-04  1.72647436e-07 
 4.47500000e-04  1.72601601e-07 
 4.47600000e-04  1.58642702e-07 
 4.47700000e-04  1.58172530e-07 
 4.47800000e-04  1.57935542e-07 
 4.47900000e-04  1.57765613e-07 
 4.48000000e-04  1.57664694e-07 
 4.48100000e-04  1.73869641e-07 
 4.48200000e-04  1.73648227e-07 
 4.48300000e-04  1.73556176e-07 
 4.48400000e-04  1.73473999e-07 
 4.48500000e-04  1.73424303e-07 
 4.48600000e-04  1.60616267e-07 
 4.48700000e-04  1.60286936e-07 
 4.48800000e-04  1.60104746e-07 
 4.48900000e-04  1.59979619e-07 
 4.49000000e-04  1.59913185e-07 
 4.49100000e-04  1.73604987e-07 
 4.49200000e-04  1.73365764e-07 
 4.49300000e-04  1.73267713e-07 
 4.49400000e-04  1.73179402e-07 
 4.49500000e-04  1.73136497e-07 
 4.49600000e-04  1.59119213e-07 
 4.49700000e-04  1.58727868e-07 
 4.49800000e-04  1.58509544e-07 
 4.49900000e-04  1.58349412e-07 
 4.50000000e-04  1.58249136e-07 
 4.50100000e-04  1.74996326e-07 
 4.50200000e-04  1.74674727e-07 
 4.50300000e-04  1.74543224e-07 
 4.50400000e-04  1.74424968e-07 
 4.50500000e-04  1.74390494e-07 
 4.50600000e-04  1.62866816e-07 
 4.50700000e-04  1.62526310e-07 
 4.50800000e-04  1.62351450e-07 
 4.50900000e-04  1.62232467e-07 
 4.51000000e-04  1.62170952e-07 
 4.51100000e-04  1.73704593e-07 
 4.51200000e-04  1.73411839e-07 
 4.51300000e-04  1.73301552e-07 
 4.51400000e-04  1.73203595e-07 
 4.51500000e-04  1.73175390e-07 
 4.51600000e-04  1.59157269e-07 
 4.51700000e-04  1.58730418e-07 
 4.51800000e-04  1.58512577e-07 
 4.51900000e-04  1.58345415e-07 
 4.52000000e-04  1.58230357e-07 
 4.52100000e-04  1.74458087e-07 
 4.52200000e-04  1.74248182e-07 
 4.52300000e-04  1.74156560e-07 
 4.52400000e-04  1.74073574e-07 
 4.52500000e-04  1.74020285e-07 
 4.52600000e-04  1.61217710e-07 
 4.52700000e-04  1.60862901e-07 
 4.52800000e-04  1.60683423e-07 
 4.52900000e-04  1.60561771e-07 
 4.53000000e-04  1.60499592e-07 
 4.53100000e-04  1.74223349e-07 
 4.53200000e-04  1.73979015e-07 
 4.53300000e-04  1.73886469e-07 
 4.53400000e-04  1.73804712e-07 
 4.53500000e-04  1.73764901e-07 
 4.53600000e-04  1.59695370e-07 
 4.53700000e-04  1.59315137e-07 
 4.53800000e-04  1.59101990e-07 
 4.53900000e-04  1.58942203e-07 
 4.54000000e-04  1.58837281e-07 
 4.54100000e-04  1.77719183e-07 
 4.54200000e-04  1.76970719e-07 
 4.54300000e-04  1.76743121e-07 
 4.54400000e-04  1.76550079e-07 
 4.54500000e-04  1.76456638e-07 
 4.54600000e-04  1.70120125e-07 
 4.54700000e-04  1.69771386e-07 
 4.54800000e-04  1.69600506e-07 
 4.54900000e-04  1.69508068e-07 
 4.55000000e-04  1.69496374e-07 
 4.55100000e-04  1.72998016e-07 
 4.55200000e-04  1.72041862e-07 
 4.55300000e-04  1.71786126e-07 
 4.55400000e-04  1.71574773e-07 
 4.55500000e-04  1.71475433e-07 
 4.55600000e-04  1.57669782e-07 
 4.55700000e-04  1.57081706e-07 
 4.55800000e-04  1.56807844e-07 
 4.55900000e-04  1.56611397e-07 
 4.56000000e-04  1.56494636e-07 
 4.56100000e-04  1.72654969e-07 
 4.56200000e-04  1.72445630e-07 
 4.56300000e-04  1.72353391e-07 
 4.56400000e-04  1.72269837e-07 
 4.56500000e-04  1.72202722e-07 
 4.56600000e-04  1.59452774e-07 
 4.56700000e-04  1.59114995e-07 
 4.56800000e-04  1.58938705e-07 
 4.56900000e-04  1.58808722e-07 
 4.57000000e-04  1.58726326e-07 
 4.57100000e-04  1.72388930e-07 
 4.57200000e-04  1.72156459e-07 
 4.57300000e-04  1.72061244e-07 
 4.57400000e-04  1.71975816e-07 
 4.57500000e-04  1.71927619e-07 
 4.57600000e-04  1.57943833e-07 
 4.57700000e-04  1.57546032e-07 
 4.57800000e-04  1.57325416e-07 
 4.57900000e-04  1.57159163e-07 
 4.58000000e-04  1.57048810e-07 
 4.58100000e-04  1.73748085e-07 
 4.58200000e-04  1.73444627e-07 
 4.58300000e-04  1.73320377e-07 
 4.58400000e-04  1.73208300e-07 
 4.58500000e-04  1.73164703e-07 
 4.58600000e-04  1.61710098e-07 
 4.58700000e-04  1.61339275e-07 
 4.58800000e-04  1.61171294e-07 
 4.58900000e-04  1.61055655e-07 
 4.59000000e-04  1.60993824e-07 
 4.59100000e-04  1.72445068e-07 
 4.59200000e-04  1.72167674e-07 
 4.59300000e-04  1.72068837e-07 
 4.59400000e-04  1.71982103e-07 
 4.59500000e-04  1.71948532e-07 
 4.59600000e-04  1.57991822e-07 
 4.59700000e-04  1.57555553e-07 
 4.59800000e-04  1.57326998e-07 
 4.59900000e-04  1.57162566e-07 
 4.60000000e-04  1.57064097e-07 
 4.60100000e-04  1.73220026e-07 
 4.60200000e-04  1.73008689e-07 
 4.60300000e-04  1.72916240e-07 
 4.60400000e-04  1.72832619e-07 
 4.60500000e-04  1.72789891e-07 
 4.60600000e-04  1.60041576e-07 
 4.60700000e-04  1.59674567e-07 
 4.60800000e-04  1.59490383e-07 
 4.60900000e-04  1.59364172e-07 
 4.61000000e-04  1.59297581e-07 
 4.61100000e-04  1.72975283e-07 
 4.61200000e-04  1.72737663e-07 
 4.61300000e-04  1.72644592e-07 
 4.61400000e-04  1.72561788e-07 
 4.61500000e-04  1.72530698e-07 
 4.61600000e-04  1.58531253e-07 
 4.61700000e-04  1.58123057e-07 
 4.61800000e-04  1.57914444e-07 
 4.61900000e-04  1.57751809e-07 
 4.62000000e-04  1.57636421e-07 
 4.62100000e-04  1.74892992e-07 
 4.62200000e-04  1.74462171e-07 
 4.62300000e-04  1.74315595e-07 
 4.62400000e-04  1.74188508e-07 
 4.62500000e-04  1.74131061e-07 
 4.62600000e-04  1.63954150e-07 
 4.62700000e-04  1.63586215e-07 
 4.62800000e-04  1.63413430e-07 
 4.62900000e-04  1.63305784e-07 
 4.63000000e-04  1.63265149e-07 
 4.63100000e-04  1.72569147e-07 
 4.63200000e-04  1.72253996e-07 
 4.63300000e-04  1.72135276e-07 
 4.63400000e-04  1.72029762e-07 
 4.63500000e-04  1.71987229e-07 
 4.63600000e-04  1.58061106e-07 
 4.63700000e-04  1.57584313e-07 
 4.63800000e-04  1.57349898e-07 
 4.63900000e-04  1.57172526e-07 
 4.64000000e-04  1.57053812e-07 
 4.64100000e-04  1.73236246e-07 
 4.64200000e-04  1.73026227e-07 
 4.64300000e-04  1.72930823e-07 
 4.64400000e-04  1.72843778e-07 
 4.64500000e-04  1.72792836e-07 
 4.64600000e-04  1.60041331e-07 
 4.64700000e-04  1.59684653e-07 
 4.64800000e-04  1.59505922e-07 
 4.64900000e-04  1.59381152e-07 
 4.65000000e-04  1.59311863e-07 
 4.65100000e-04  1.72993220e-07 
 4.65200000e-04  1.72749038e-07 
 4.65300000e-04  1.72651923e-07 
 4.65400000e-04  1.72565243e-07 
 4.65500000e-04  1.72532832e-07 
 4.65600000e-04  1.58530711e-07 
 4.65700000e-04  1.58133058e-07 
 4.65800000e-04  1.57912800e-07 
 4.65900000e-04  1.57747659e-07 
 4.66000000e-04  1.57639185e-07 
 4.66100000e-04  1.74357309e-07 
 4.66200000e-04  1.74046496e-07 
 4.66300000e-04  1.73931290e-07 
 4.66400000e-04  1.73829617e-07 
 4.66500000e-04  1.73761649e-07 
 4.66600000e-04  1.62275779e-07 
 4.66700000e-04  1.61923041e-07 
 4.66800000e-04  1.61751171e-07 
 4.66900000e-04  1.61635629e-07 
 4.67000000e-04  1.61578001e-07 
 4.67100000e-04  1.73068308e-07 
 4.67200000e-04  1.72792748e-07 
 4.67300000e-04  1.72690702e-07 
 4.67400000e-04  1.72600235e-07 
 4.67500000e-04  1.72547893e-07 
 4.67600000e-04  1.58577880e-07 
 4.67700000e-04  1.58134981e-07 
 4.67800000e-04  1.57916752e-07 
 4.67900000e-04  1.57749350e-07 
 4.68000000e-04  1.57634187e-07 
 4.68100000e-04  1.73831050e-07 
 4.68200000e-04  1.73622588e-07 
 4.68300000e-04  1.73532666e-07 
 4.68400000e-04  1.73450999e-07 
 4.68500000e-04  1.73402154e-07 
 4.68600000e-04  1.60618861e-07 
 4.68700000e-04  1.60267391e-07 
 4.68800000e-04  1.60092189e-07 
 4.68900000e-04  1.59966105e-07 
 4.69000000e-04  1.59890497e-07 
 4.69100000e-04  1.73606451e-07 
 4.69200000e-04  1.73364006e-07 
 4.69300000e-04  1.73262244e-07 
 4.69400000e-04  1.73170148e-07 
 4.69500000e-04  1.73137166e-07 
 4.69600000e-04  1.59108195e-07 
 4.69700000e-04  1.58724165e-07 
 4.69800000e-04  1.58501548e-07 
 4.69900000e-04  1.58336591e-07 
 4.70000000e-04  1.58230918e-07 
 4.70100000e-04  1.76044941e-07 
 4.70200000e-04  1.75502411e-07 
 4.70300000e-04  1.75330797e-07 
 4.70400000e-04  1.75184328e-07 
 4.70500000e-04  1.75095958e-07 
 4.70600000e-04  1.66204601e-07 
 4.70700000e-04  1.65858105e-07 
 4.70800000e-04  1.65677270e-07 
 4.70900000e-04  1.65572430e-07 
 4.71000000e-04  1.65545789e-07 
 4.71100000e-04  1.72860443e-07 
 4.71200000e-04  1.72452259e-07 
 4.71300000e-04  1.72284837e-07 
 4.71400000e-04  1.72133643e-07 
 4.71500000e-04  1.72065171e-07 
 4.71600000e-04  1.58164608e-07 
 4.71700000e-04  1.57639192e-07 
 4.71800000e-04  1.57392835e-07 
 4.71900000e-04  1.57208754e-07 
 4.72000000e-04  1.57088721e-07 
 4.72100000e-04  1.73258247e-07 
 4.72200000e-04  1.73052022e-07 
 4.72300000e-04  1.72958927e-07 
 4.72400000e-04  1.72873834e-07 
 4.72500000e-04  1.72819778e-07 
 4.72600000e-04  1.60056878e-07 
 4.72700000e-04  1.59711965e-07 
 4.72800000e-04  1.59514952e-07 
 4.72900000e-04  1.59384331e-07 
 4.73000000e-04  1.59322003e-07 
 4.73100000e-04  1.72993016e-07 
 4.73200000e-04  1.72755545e-07 
 4.73300000e-04  1.72662171e-07 
 4.73400000e-04  1.72578483e-07 
 4.73500000e-04  1.72539294e-07 
 4.73600000e-04  1.58533732e-07 
 4.73700000e-04  1.58133189e-07 
 4.73800000e-04  1.57917034e-07 
 4.73900000e-04  1.57749485e-07 
 4.74000000e-04  1.57631881e-07 
 4.74100000e-04  1.74371988e-07 
 4.74200000e-04  1.74051391e-07 
 4.74300000e-04  1.73931742e-07 
 4.74400000e-04  1.73826324e-07 
 4.74500000e-04  1.73765127e-07 
 4.74600000e-04  1.62303633e-07 
 4.74700000e-04  1.61941853e-07 
 4.74800000e-04  1.61768052e-07 
 4.74900000e-04  1.61645966e-07 
 4.75000000e-04  1.61577031e-07 
 4.75100000e-04  1.73084736e-07 
 4.75200000e-04  1.72800896e-07 
 4.75300000e-04  1.72692175e-07 
 4.75400000e-04  1.72595183e-07 
 4.75500000e-04  1.72551825e-07 
 4.75600000e-04  1.58584916e-07 
 4.75700000e-04  1.58141596e-07 
 4.75800000e-04  1.57930191e-07 
 4.75900000e-04  1.57761180e-07 
 4.76000000e-04  1.57635704e-07 
 4.76100000e-04  1.73840102e-07 
 4.76200000e-04  1.73639835e-07 
 4.76300000e-04  1.73541997e-07 
 4.76400000e-04  1.73451435e-07 
 4.76500000e-04  1.73403395e-07 
 4.76600000e-04  1.60615169e-07 
 4.76700000e-04  1.60270255e-07 
 4.76800000e-04  1.60092814e-07 
 4.76900000e-04  1.59971179e-07 
 4.77000000e-04  1.59906911e-07 
 4.77100000e-04  1.73595426e-07 
 4.77200000e-04  1.73357197e-07 
 4.77300000e-04  1.73269566e-07 
 4.77400000e-04  1.73192705e-07 
 4.77500000e-04  1.73148784e-07 
 4.77600000e-04  1.59110501e-07 
 4.77700000e-04  1.58715299e-07 
 4.77800000e-04  1.58509062e-07 
 4.77900000e-04  1.58351357e-07 
 4.78000000e-04  1.58243516e-07 
 4.78100000e-04  1.75524791e-07 
 4.78200000e-04  1.75098533e-07 
 4.78300000e-04  1.74946500e-07 
 4.78400000e-04  1.74813217e-07 
 4.78500000e-04  1.74736969e-07 
 4.78600000e-04  1.64531398e-07 
 4.78700000e-04  1.64177337e-07 
 4.78800000e-04  1.64015957e-07 
 4.78900000e-04  1.63911574e-07 
 4.79000000e-04  1.63865785e-07 
 4.79100000e-04  1.73191228e-07 
 4.79200000e-04  1.72886650e-07 
 4.79300000e-04  1.72762185e-07 
 4.79400000e-04  1.72649246e-07 
 4.79500000e-04  1.72599084e-07 
 4.79600000e-04  1.58656762e-07 
 4.79700000e-04  1.58173576e-07 
 4.79800000e-04  1.57939765e-07 
 4.79900000e-04  1.57769574e-07 
 4.80000000e-04  1.57664811e-07 
 4.80100000e-04  1.73868802e-07 
 4.80200000e-04  1.73643943e-07 
 4.80300000e-04  1.73545126e-07 
 4.80400000e-04  1.73455788e-07 
 4.80500000e-04  1.73409278e-07 
 4.80600000e-04  1.60633077e-07 
 4.80700000e-04  1.60277849e-07 
 4.80800000e-04  1.60094645e-07 
 4.80900000e-04  1.59970534e-07 
 4.81000000e-04  1.59907184e-07 
 4.81100000e-04  1.73607971e-07 
 4.81200000e-04  1.73353145e-07 
 4.81300000e-04  1.73259974e-07 
 4.81400000e-04  1.73178404e-07 
 4.81500000e-04  1.73153375e-07 
 4.81600000e-04  1.59119605e-07 
 4.81700000e-04  1.58726527e-07 
 4.81800000e-04  1.58506919e-07 
 4.81900000e-04  1.58340313e-07 
 4.82000000e-04  1.58228175e-07 
 4.82100000e-04  1.74993972e-07 
 4.82200000e-04  1.74664945e-07 
 4.82300000e-04  1.74547022e-07 
 4.82400000e-04  1.74444244e-07 
 4.82500000e-04  1.74377461e-07 
 4.82600000e-04  1.62882487e-07 
 4.82700000e-04  1.62530222e-07 
 4.82800000e-04  1.62352231e-07 
 4.82900000e-04  1.62231024e-07 
 4.83000000e-04  1.62168192e-07 
 4.83100000e-04  1.73683731e-07 
 4.83200000e-04  1.73401323e-07 
 4.83300000e-04  1.73298818e-07 
 4.83400000e-04  1.73208434e-07 
 4.83500000e-04  1.73174125e-07 
 4.83600000e-04  1.59166571e-07 
 4.83700000e-04  1.58735391e-07 
 4.83800000e-04  1.58518121e-07 
 4.83900000e-04  1.58350876e-07 
 4.84000000e-04  1.58235025e-07 
 4.84100000e-04  1.74461217e-07 
 4.84200000e-04  1.74240570e-07 
 4.84300000e-04  1.74153937e-07 
 4.84400000e-04  1.74077508e-07 
 4.84500000e-04  1.74018834e-07 
 4.84600000e-04  1.61210013e-07 
 4.84700000e-04  1.60858928e-07 
 4.84800000e-04  1.60690950e-07 
 4.84900000e-04  1.60567086e-07 
 4.85000000e-04  1.60488522e-07 
 4.85100000e-04  1.74224154e-07 
 4.85200000e-04  1.73986554e-07 
 4.85300000e-04  1.73893757e-07 
 4.85400000e-04  1.73811247e-07 
 4.85500000e-04  1.73766673e-07 
 4.85600000e-04  1.59691460e-07 
 4.85700000e-04  1.59294858e-07 
 4.85800000e-04  1.59087384e-07 
 4.85900000e-04  1.58932857e-07 
 4.86000000e-04  1.58832748e-07 
 4.86100000e-04  1.77208335e-07 
 4.86200000e-04  1.76555777e-07 
 4.86300000e-04  1.76342121e-07 
 4.86400000e-04  1.76157916e-07 
 4.86500000e-04  1.76074129e-07 
 4.86600000e-04  1.68441366e-07 
 4.86700000e-04  1.68106879e-07 
 4.86800000e-04  1.67939725e-07 
 4.86900000e-04  1.67843438e-07 
 4.87000000e-04  1.67820048e-07 
 4.87100000e-04  1.73483875e-07 
 4.87200000e-04  1.72685345e-07 
 4.87300000e-04  1.72430147e-07 
 4.87400000e-04  1.72211207e-07 
 4.87500000e-04  1.72114685e-07 
 4.87600000e-04  1.58234163e-07 
 4.87700000e-04  1.57673955e-07 
 4.87800000e-04  1.57412098e-07 
 4.87900000e-04  1.57219748e-07 
 4.88000000e-04  1.57098896e-07 
 4.88100000e-04  1.73277918e-07 
 4.88200000e-04  1.73060167e-07 
 4.88300000e-04  1.72968321e-07 
 4.88400000e-04  1.72885891e-07 
 4.88500000e-04  1.72828711e-07 
 4.88600000e-04  1.60059760e-07 
 4.88700000e-04  1.59699022e-07 
 4.88800000e-04  1.59519818e-07 
 4.88900000e-04  1.59392331e-07 
 4.89000000e-04  1.59318251e-07 
 4.89100000e-04  1.73162999e-07 
 4.89200000e-04  1.72811577e-07 
 4.89300000e-04  1.72676101e-07 
 4.89400000e-04  1.72605585e-07 
 4.89500000e-04  1.72544854e-07 
 4.89600000e-04  1.58550734e-07 
 4.89700000e-04  1.58163541e-07 
 4.89800000e-04  1.57941930e-07 
 4.89900000e-04  1.57768660e-07 
 4.90000000e-04  1.57645083e-07 
 4.90100000e-04  1.74369412e-07 
 4.90200000e-04  1.74052439e-07 
 4.90300000e-04  1.73927571e-07 
 4.90400000e-04  1.73815808e-07 
 4.90500000e-04  1.73776543e-07 
 4.90600000e-04  1.62288609e-07 
 4.90700000e-04  1.61930395e-07 
 4.90800000e-04  1.61758691e-07 
 4.90900000e-04  1.61641148e-07 
 4.91000000e-04  1.61579322e-07 
 4.91100000e-04  1.73064140e-07 
 4.91200000e-04  1.72796730e-07 
 4.91300000e-04  1.72689136e-07 
 4.91400000e-04  1.72591923e-07 
 4.91500000e-04  1.72551287e-07 
 4.91600000e-04  1.58579452e-07 
 4.91700000e-04  1.58138820e-07 
 4.91800000e-04  1.57924265e-07 
 4.91900000e-04  1.57763495e-07 
 4.92000000e-04  1.57658071e-07 
 4.92100000e-04  1.73836166e-07 
 4.92200000e-04  1.73639099e-07 
 4.92300000e-04  1.73541665e-07 
 4.92400000e-04  1.73451084e-07 
 4.92500000e-04  1.73403218e-07 
 4.92600000e-04  1.60616447e-07 
 4.92700000e-04  1.60269777e-07 
 4.92800000e-04  1.60096113e-07 
 4.92900000e-04  1.59974619e-07 
 4.93000000e-04  1.59906829e-07 
 4.93100000e-04  1.73605845e-07 
 4.93200000e-04  1.73358106e-07 
 4.93300000e-04  1.73261828e-07 
 4.93400000e-04  1.73176693e-07 
 4.93500000e-04  1.73154074e-07 
 4.93600000e-04  1.59115662e-07 
 4.93700000e-04  1.58726816e-07 
 4.93800000e-04  1.58513401e-07 
 4.93900000e-04  1.58345233e-07 
 4.94000000e-04  1.58223775e-07 
 4.94100000e-04  1.75941344e-07 
 4.94200000e-04  1.75292325e-07 
 4.94300000e-04  1.75093727e-07 
 4.94400000e-04  1.75016110e-07 
 4.94500000e-04  1.74957048e-07 
 4.94600000e-04  1.64819902e-07 
 4.94700000e-04  1.64485996e-07 
 4.94800000e-04  1.64299054e-07 
 4.94900000e-04  1.64153838e-07 
 4.95000000e-04  1.64051592e-07 
 4.95100000e-04  1.73194975e-07 
 4.95200000e-04  1.72870908e-07 
 4.95300000e-04  1.72762663e-07 
 4.95400000e-04  1.72668862e-07 
 4.95500000e-04  1.72611882e-07 
 4.95600000e-04  1.58659987e-07 
 4.95700000e-04  1.58174677e-07 
 4.95800000e-04  1.57939338e-07 
 4.95900000e-04  1.57766123e-07 
 4.96000000e-04  1.57656938e-07 
 4.96100000e-04  1.73854844e-07 
 4.96200000e-04  1.73645111e-07 
 4.96300000e-04  1.73556116e-07 
 4.96400000e-04  1.73475758e-07 
 4.96500000e-04  1.73417233e-07 
 4.96600000e-04  1.60624824e-07 
 4.96700000e-04  1.60278267e-07 
 4.96800000e-04  1.60101553e-07 
 4.96900000e-04  1.59973492e-07 
 4.97000000e-04  1.59895588e-07 
 4.97100000e-04  1.73607596e-07 
 4.97200000e-04  1.73358550e-07 
 4.97300000e-04  1.73263668e-07 
 4.97400000e-04  1.73180056e-07 
 4.97500000e-04  1.73142765e-07 
 4.97600000e-04  1.59128236e-07 
 4.97700000e-04  1.58729210e-07 
 4.97800000e-04  1.58512054e-07 
 4.97900000e-04  1.58345974e-07 
 4.98000000e-04  1.58232574e-07 
 4.98100000e-04  1.74982178e-07 
 4.98200000e-04  1.74664896e-07 
 4.98300000e-04  1.74545485e-07 
 4.98400000e-04  1.74439625e-07 
 4.98500000e-04  1.74389778e-07 
 4.98600000e-04  1.62867873e-07 
 4.98700000e-04  1.62528128e-07 
 4.98800000e-04  1.62354741e-07 
 4.98900000e-04  1.62236336e-07 
 4.99000000e-04  1.62174659e-07 
 4.99100000e-04  1.73705726e-07 
 4.99200000e-04  1.73406871e-07 
 4.99300000e-04  1.73299604e-07 
 4.99400000e-04  1.73205684e-07 
 4.99500000e-04  1.73179073e-07 
 4.99600000e-04  1.59171053e-07 
 4.99700000e-04  1.58741216e-07 
 4.99800000e-04  1.58517089e-07 
 4.99900000e-04  1.58346924e-07 
 5.00000000e-04  1.58232433e-07 
 5.00100000e-04  1.74464214e-07 
 5.00200000e-04  1.74268051e-07 
 5.00300000e-04  1.74172373e-07 
 5.00400000e-04  1.74083256e-07 
 5.00500000e-04  1.74028767e-07 
 5.00600000e-04  1.61204789e-07 
 5.00700000e-04  1.60875108e-07 
 5.00800000e-04  1.60688436e-07 
 5.00900000e-04  1.60559659e-07 
 5.01000000e-04  1.60490613e-07 
 5.01100000e-04  1.74240441e-07 
 5.01200000e-04  1.73980746e-07 
 5.01300000e-04  1.73887350e-07 
 5.01400000e-04  1.73806263e-07 
 5.01500000e-04  1.73767966e-07 
 5.01600000e-04  1.59696637e-07 
 5.01700000e-04  1.59301841e-07 
 5.01800000e-04  1.59104489e-07 
 5.01900000e-04  1.58944081e-07 
 5.02000000e-04  1.58821788e-07 
 5.02100000e-04  1.76681493e-07 
 5.02200000e-04  1.76130761e-07 
 5.02300000e-04  1.75956257e-07 
 5.02400000e-04  1.75807986e-07 
 5.02500000e-04  1.75710589e-07 
 5.02600000e-04  1.66779016e-07 
 5.02700000e-04  1.66442469e-07 
 5.02800000e-04  1.66276900e-07 
 5.02900000e-04  1.66171725e-07 
 5.03000000e-04  1.66128860e-07 
 5.03100000e-04  1.73482762e-07 
 5.03200000e-04  1.73067399e-07 
 5.03300000e-04  1.72900282e-07 
 5.03400000e-04  1.72750018e-07 
 5.03500000e-04  1.72682559e-07 
 5.03600000e-04  1.58760372e-07 
 5.03700000e-04  1.58250305e-07 
 5.03800000e-04  1.58000884e-07 
 5.03900000e-04  1.57816559e-07 
 5.04000000e-04  1.57699392e-07 
 5.04100000e-04  1.73903926e-07 
 5.04200000e-04  1.73688243e-07 
 5.04300000e-04  1.73578769e-07 
 5.04400000e-04  1.73476999e-07 
 5.04500000e-04  1.73432617e-07 
 5.04600000e-04  1.60639600e-07 
 5.04700000e-04  1.60295967e-07 
 5.04800000e-04  1.60113648e-07 
 5.04900000e-04  1.59984957e-07 
 5.05000000e-04  1.59911593e-07 
 5.05100000e-04  1.73630209e-07 
 5.05200000e-04  1.73377682e-07 
 5.05300000e-04  1.73279600e-07 
 5.05400000e-04  1.73193056e-07 
 5.05500000e-04  1.73156944e-07 
 5.05600000e-04  1.59121854e-07 
 5.05700000e-04  1.58733864e-07 
 5.05800000e-04  1.58512394e-07 
 5.05900000e-04  1.58346718e-07 
 5.06000000e-04  1.58238607e-07 
 5.06100000e-04  1.75003261e-07 
 5.06200000e-04  1.74669395e-07 
 5.06300000e-04  1.74550255e-07 
 5.06400000e-04  1.74446773e-07 
 5.06500000e-04  1.74383672e-07 
 5.06600000e-04  1.62872027e-07 
 5.06700000e-04  1.62522961e-07 
 5.06800000e-04  1.62347328e-07 
 5.06900000e-04  1.62229432e-07 
 5.07000000e-04  1.62171101e-07 
 5.07100000e-04  1.73691977e-07 
 5.07200000e-04  1.73418960e-07 
 5.07300000e-04  1.73314645e-07 
 5.07400000e-04  1.73221571e-07 
 5.07500000e-04  1.73178705e-07 
 5.07600000e-04  1.59178431e-07 
 5.07700000e-04  1.58739972e-07 
 5.07800000e-04  1.58520041e-07 
 5.07900000e-04  1.58352488e-07 
 5.08000000e-04  1.58238974e-07 
 5.08100000e-04  1.74470756e-07 
 5.08200000e-04  1.74246444e-07 
 5.08300000e-04  1.74156091e-07 
 5.08400000e-04  1.74075767e-07 
 5.08500000e-04  1.74018032e-07 
 5.08600000e-04  1.61200479e-07 
 5.08700000e-04  1.60874254e-07 
 5.08800000e-04  1.60699188e-07 
 5.08900000e-04  1.60572704e-07 
 5.09000000e-04  1.60496343e-07 
 5.09100000e-04  1.74234780e-07 
 5.09200000e-04  1.73987279e-07 
 5.09300000e-04  1.73893190e-07 
 5.09400000e-04  1.73810295e-07 
 5.09500000e-04  1.73761008e-07 
 5.09600000e-04  1.59697843e-07 
 5.09700000e-04  1.59304527e-07 
 5.09800000e-04  1.59091804e-07 
 5.09900000e-04  1.58930521e-07 
 5.10000000e-04  1.58822310e-07 
 5.10100000e-04  1.76141171e-07 
 5.10200000e-04  1.75713688e-07 
 5.10300000e-04  1.75565433e-07 
 5.10400000e-04  1.75436047e-07 
 5.10500000e-04  1.75355586e-07 
 5.10600000e-04  1.65119398e-07 
 5.10700000e-04  1.64782091e-07 
 5.10800000e-04  1.64619476e-07 
 5.10900000e-04  1.64509885e-07 
 5.11000000e-04  1.64454998e-07 
 5.11100000e-04  1.73821802e-07 
 5.11200000e-04  1.73500867e-07 
 5.11300000e-04  1.73378670e-07 
 5.11400000e-04  1.73269513e-07 
 5.11500000e-04  1.73229587e-07 
 5.11600000e-04  1.59241801e-07 
 5.11700000e-04  1.58770271e-07 
 5.11800000e-04  1.58540225e-07 
 5.11900000e-04  1.58370661e-07 
 5.12000000e-04  1.58263497e-07 
 5.12100000e-04  1.74483966e-07 
 5.12200000e-04  1.74269267e-07 
 5.12300000e-04  1.74168351e-07 
 5.12400000e-04  1.74075708e-07 
 5.12500000e-04  1.74051707e-07 
 5.12600000e-04  1.61221339e-07 
 5.12700000e-04  1.60872419e-07 
 5.12800000e-04  1.60703001e-07 
 5.12900000e-04  1.60579495e-07 
 5.13000000e-04  1.60503357e-07 
 5.13100000e-04  1.74243820e-07 
 5.13200000e-04  1.73995788e-07 
 5.13300000e-04  1.73896907e-07 
 5.13400000e-04  1.73808939e-07 
 5.13500000e-04  1.73775725e-07 
 5.13600000e-04  1.59692976e-07 
 5.13700000e-04  1.59318164e-07 
 5.13800000e-04  1.59108214e-07 
 5.13900000e-04  1.58949099e-07 
 5.14000000e-04  1.58842431e-07 
 5.14100000e-04  1.75619426e-07 
 5.14200000e-04  1.75291983e-07 
 5.14300000e-04  1.75168537e-07 
 5.14400000e-04  1.75059704e-07 
 5.14500000e-04  1.75003483e-07 
 5.14600000e-04  1.63461552e-07 
 5.14700000e-04  1.63118317e-07 
 5.14800000e-04  1.62952257e-07 
 5.14900000e-04  1.62836249e-07 
 5.15000000e-04  1.62771881e-07 
 5.15100000e-04  1.74329397e-07 
 5.15200000e-04  1.74040333e-07 
 5.15300000e-04  1.73933311e-07 
 5.15400000e-04  1.73838984e-07 
 5.15500000e-04  1.73788227e-07 
 5.15600000e-04  1.59761652e-07 
 5.15700000e-04  1.59323330e-07 
 5.15800000e-04  1.59103789e-07 
 5.15900000e-04  1.58937007e-07 
 5.16000000e-04  1.58824657e-07 
 5.16100000e-04  1.75089887e-07 
 5.16200000e-04  1.74888604e-07 
 5.16300000e-04  1.74788380e-07 
 5.16400000e-04  1.74694784e-07 
 5.16500000e-04  1.74647420e-07 
 5.16600000e-04  1.61793493e-07 
 5.16700000e-04  1.61456961e-07 
 5.16800000e-04  1.61276844e-07 
 5.16900000e-04  1.61153496e-07 
 5.17000000e-04  1.61088720e-07 
 5.17100000e-04  1.74857020e-07 
 5.17200000e-04  1.74597906e-07 
 5.17300000e-04  1.74509224e-07 
 5.17400000e-04  1.74432914e-07 
 5.17500000e-04  1.74387792e-07 
 5.17600000e-04  1.60292114e-07 
 5.17700000e-04  1.59909309e-07 
 5.17800000e-04  1.59698097e-07 
 5.17900000e-04  1.59536969e-07 
 5.18000000e-04  1.59427513e-07 
 5.18100000e-04  1.88940862e-07 
 5.18200000e-04  1.86324124e-07 
 5.18300000e-04  1.85520365e-07 
 5.18400000e-04  1.85271327e-07 
 5.18500000e-04  1.85022288e-07 
 5.18600000e-04  1.75732831e-07 
 5.18700000e-04  1.74614376e-07 
 5.18800000e-04  1.74275938e-07 
 5.18900000e-04  1.74062594e-07 
 5.19000000e-04  1.73976599e-07 
 5.19100000e-04  1.71282281e-07 
 5.19200000e-04  1.70507690e-07 
 5.19300000e-04  1.70299395e-07 
 5.19400000e-04  1.70127673e-07 
 5.19500000e-04  1.70068491e-07 
 5.19600000e-04  1.57648082e-07 
 5.19700000e-04  1.56967455e-07 
 5.19800000e-04  1.56706438e-07 
 5.19900000e-04 -0.00000000e+00 
 5.20000000e-04  1.56573892e-07 
