 time            -i(vdd)        
 2.60000000e-04 -1.26577369e-04 
 2.60100000e-04  1.83721625e-07 
 2.60200000e-04  1.75016121e-07 
 2.60300000e-04  1.72693428e-07 
 2.60400000e-04  1.70735254e-07 
 2.60500000e-04  1.70077290e-07 
 2.60600000e-04  1.76685613e-07 
 2.60700000e-04  1.75910727e-07 
 2.60800000e-04  1.75485261e-07 
 2.60900000e-04  1.75139216e-07 
 2.61000000e-04  1.74874315e-07 
 2.61100000e-04  1.56452214e-07 
 2.61200000e-04  1.54083165e-07 
 2.61300000e-04  1.53485219e-07 
 2.61400000e-04  1.53004322e-07 
 2.61500000e-04  1.52782129e-07 
 2.61600000e-04  1.38891894e-07 
 2.61700000e-04  1.37644570e-07 
 2.61800000e-04  1.37196846e-07 
 2.61900000e-04  1.36878021e-07 
 2.62000000e-04  1.36692186e-07 
 2.62100000e-04  1.61886647e-07 
 2.62200000e-04  1.60617957e-07 
 2.62300000e-04  1.60337482e-07 
 2.62400000e-04  1.60135616e-07 
 2.62500000e-04  1.60040094e-07 
 2.62600000e-04  1.48501567e-07 
 2.62700000e-04  1.47914440e-07 
 2.62800000e-04  1.47633553e-07 
 2.62900000e-04  1.47421533e-07 
 2.63000000e-04  1.47279851e-07 
 2.63100000e-04  1.99993297e-07 
 2.63200000e-04  1.94211641e-07 
 2.63300000e-04  1.92920429e-07 
 2.63400000e-04  1.91924435e-07 
 2.63500000e-04  1.91647734e-07 
 2.63600000e-04  1.78206529e-07 
 2.63700000e-04  1.77564218e-07 
 2.63800000e-04  1.77241772e-07 
 2.63900000e-04  1.76997208e-07 
 2.64000000e-04  1.76832994e-07 
 2.64100000e-04  1.72663954e-07 
 2.64200000e-04  1.68075413e-07 
 2.64300000e-04  1.67027821e-07 
 2.64400000e-04  1.66210994e-07 
 2.64500000e-04  1.65970325e-07 
 2.64600000e-04  1.53754517e-07 
 2.64700000e-04  1.53140805e-07 
 2.64800000e-04  1.52830075e-07 
 2.64900000e-04  1.52591745e-07 
 2.65000000e-04  1.52428109e-07 
 2.65100000e-04  1.66019312e-07 
 2.65200000e-04  1.65523429e-07 
 2.65300000e-04  1.65364558e-07 
 2.65400000e-04  1.65228189e-07 
 2.65500000e-04  1.65175057e-07 
 2.65600000e-04  1.51599567e-07 
 2.65700000e-04  1.51153988e-07 
 2.65800000e-04  1.50919207e-07 
 2.65900000e-04  1.50743124e-07 
 2.66000000e-04  1.50627596e-07 
 2.66100000e-04  1.66991768e-07 
 2.66200000e-04  1.66738579e-07 
 2.66300000e-04  1.66641632e-07 
 2.66400000e-04  1.66554599e-07 
 2.66500000e-04  1.66507815e-07 
 2.66600000e-04  1.55448123e-07 
 2.66700000e-04  1.55020756e-07 
 2.66800000e-04  1.54822008e-07 
 2.66900000e-04  1.54675703e-07 
 2.67000000e-04  1.54583500e-07 
 2.67100000e-04  1.66081561e-07 
 2.67200000e-04  1.65565131e-07 
 2.67300000e-04  1.65411576e-07 
 2.67400000e-04  1.65280757e-07 
 2.67500000e-04  1.65220663e-07 
 2.67600000e-04  1.51670149e-07 
 2.67700000e-04  1.51175857e-07 
 2.67800000e-04  1.50908502e-07 
 2.67900000e-04  1.50711917e-07 
 2.68000000e-04  1.50588342e-07 
 2.68100000e-04  1.66386855e-07 
 2.68200000e-04  1.66209353e-07 
 2.68300000e-04  1.66132255e-07 
 2.68400000e-04  1.66062450e-07 
 2.68500000e-04  1.66030012e-07 
 2.68600000e-04  1.53641839e-07 
 2.68700000e-04  1.53257036e-07 
 2.68800000e-04  1.53048111e-07 
 2.68900000e-04  1.52897141e-07 
 2.69000000e-04  1.52805960e-07 
 2.69100000e-04  1.66131924e-07 
 2.69200000e-04  1.65905421e-07 
 2.69300000e-04  1.65832650e-07 
 2.69400000e-04  1.65771277e-07 
 2.69500000e-04  1.65753923e-07 
 2.69600000e-04  1.52108277e-07 
 2.69700000e-04  1.51661441e-07 
 2.69800000e-04  1.51425799e-07 
 2.69900000e-04  1.51249149e-07 
 2.70000000e-04  1.51133356e-07 
 2.70100000e-04  1.68008310e-07 
 2.70200000e-04  1.67619563e-07 
 2.70300000e-04  1.67494870e-07 
 2.70400000e-04  1.67388198e-07 
 2.70500000e-04  1.67323061e-07 
 2.70600000e-04  1.57529171e-07 
 2.70700000e-04  1.57135649e-07 
 2.70800000e-04  1.56927874e-07 
 2.70900000e-04  1.56794877e-07 
 2.71000000e-04  1.56739018e-07 
 2.71100000e-04  1.66098699e-07 
 2.71200000e-04  1.65544043e-07 
 2.71300000e-04  1.65378216e-07 
 2.71400000e-04  1.65236769e-07 
 2.71500000e-04  1.65191274e-07 
 2.71600000e-04  1.51642895e-07 
 2.71700000e-04  1.51104790e-07 
 2.71800000e-04  1.50845959e-07 
 2.71900000e-04  1.50645881e-07 
 2.72000000e-04  1.50506411e-07 
 2.72100000e-04  1.66320270e-07 
 2.72200000e-04  1.66152598e-07 
 2.72300000e-04  1.66076797e-07 
 2.72400000e-04  1.66007399e-07 
 2.72500000e-04  1.65962844e-07 
 2.72600000e-04  1.53584541e-07 
 2.72700000e-04  1.53195969e-07 
 2.72800000e-04  1.52987133e-07 
 2.72900000e-04  1.52831897e-07 
 2.73000000e-04  1.52731952e-07 
 2.73100000e-04  1.66059950e-07 
 2.73200000e-04  1.65855342e-07 
 2.73300000e-04  1.65780312e-07 
 2.73400000e-04  1.65714214e-07 
 2.73500000e-04  1.65687684e-07 
 2.73600000e-04  1.52059490e-07 
 2.73700000e-04  1.51614127e-07 
 2.73800000e-04  1.51386803e-07 
 2.73900000e-04  1.51209481e-07 
 2.74000000e-04  1.51083736e-07 
 2.74100000e-04  1.67433395e-07 
 2.74200000e-04  1.67155194e-07 
 2.74300000e-04  1.67057195e-07 
 2.74400000e-04  1.66971369e-07 
 2.74500000e-04  1.66920786e-07 
 2.74600000e-04  1.55805468e-07 
 2.74700000e-04  1.55431332e-07 
 2.74800000e-04  1.55217752e-07 
 2.74900000e-04  1.55071765e-07 
 2.75000000e-04  1.54995501e-07 
 2.75100000e-04  1.66141009e-07 
 2.75200000e-04  1.65904712e-07 
 2.75300000e-04  1.65818786e-07 
 2.75400000e-04  1.65742577e-07 
 2.75500000e-04  1.65704873e-07 
 2.75600000e-04  1.52107640e-07 
 2.75700000e-04  1.51636115e-07 
 2.75800000e-04  1.51379915e-07 
 2.75900000e-04  1.51188904e-07 
 2.76000000e-04  1.51065137e-07 
 2.76100000e-04  1.66899349e-07 
 2.76200000e-04  1.66723311e-07 
 2.76300000e-04  1.66649828e-07 
 2.76400000e-04  1.66583626e-07 
 2.76500000e-04  1.66557402e-07 
 2.76600000e-04  1.54130364e-07 
 2.76700000e-04  1.53759832e-07 
 2.76800000e-04  1.53553072e-07 
 2.76900000e-04  1.53406201e-07 
 2.77000000e-04  1.53321103e-07 
 2.77100000e-04  1.66667994e-07 
 2.77200000e-04  1.66449274e-07 
 2.77300000e-04  1.66376220e-07 
 2.77400000e-04  1.66313959e-07 
 2.77500000e-04  1.66288544e-07 
 2.77600000e-04  1.52618639e-07 
 2.77700000e-04  1.52190846e-07 
 2.77800000e-04  1.51961526e-07 
 2.77900000e-04  1.51781519e-07 
 2.78000000e-04  1.51652371e-07 
 2.78100000e-04  1.69095687e-07 
 2.78200000e-04  1.68604997e-07 
 2.78300000e-04  1.68448886e-07 
 2.78400000e-04  1.68314929e-07 
 2.78500000e-04  1.68257519e-07 
 2.78600000e-04  1.59726338e-07 
 2.78700000e-04  1.59318984e-07 
 2.78800000e-04  1.59125604e-07 
 2.78900000e-04  1.58998063e-07 
 2.79000000e-04  1.58938434e-07 
 2.79100000e-04  1.66279590e-07 
 2.79200000e-04  1.65621803e-07 
 2.79300000e-04  1.65433874e-07 
 2.79400000e-04  1.65276292e-07 
 2.79500000e-04  1.65195636e-07 
 2.79600000e-04  1.51687230e-07 
 2.79700000e-04  1.51110742e-07 
 2.79800000e-04  1.50841734e-07 
 2.79900000e-04  1.50634709e-07 
 2.80000000e-04  1.50491617e-07 
 2.80100000e-04  1.66325703e-07 
 2.80200000e-04  1.66132029e-07 
 2.80300000e-04  1.66055685e-07 
 2.80400000e-04  1.65988417e-07 
 2.80500000e-04  1.65960014e-07 
 2.80600000e-04  1.53552801e-07 
 2.80700000e-04  1.53163227e-07 
 2.80800000e-04  1.52961364e-07 
 2.80900000e-04  1.52815482e-07 
 2.81000000e-04  1.52727340e-07 
 2.81100000e-04  1.66037319e-07 
 2.81200000e-04  1.65839879e-07 
 2.81300000e-04  1.65764882e-07 
 2.81400000e-04  1.65698245e-07 
 2.81500000e-04  1.65679605e-07 
 2.81600000e-04  1.52030314e-07 
 2.81700000e-04  1.51591036e-07 
 2.81800000e-04  1.51351181e-07 
 2.81900000e-04  1.51168756e-07 
 2.82000000e-04  1.51045560e-07 
 2.82100000e-04  1.67416852e-07 
 2.82200000e-04  1.67134671e-07 
 2.82300000e-04  1.67036162e-07 
 2.82400000e-04  1.66950197e-07 
 2.82500000e-04  1.66900260e-07 
 2.82600000e-04  1.55782712e-07 
 2.82700000e-04  1.55399278e-07 
 2.82800000e-04  1.55201742e-07 
 2.82900000e-04  1.55061430e-07 
 2.83000000e-04  1.54980139e-07 
 2.83100000e-04  1.66119165e-07 
 2.83200000e-04  1.65883149e-07 
 2.83300000e-04  1.65791631e-07 
 2.83400000e-04  1.65709525e-07 
 2.83500000e-04  1.65683927e-07 
 2.83600000e-04  1.52074952e-07 
 2.83700000e-04  1.51597628e-07 
 2.83800000e-04  1.51348176e-07 
 2.83900000e-04  1.51165849e-07 
 2.84000000e-04  1.51052749e-07 
 2.84100000e-04  1.66881794e-07 
 2.84200000e-04  1.66710776e-07 
 2.84300000e-04  1.66633959e-07 
 2.84400000e-04  1.66563398e-07 
 2.84500000e-04  1.66535096e-07 
 2.84600000e-04  1.54133178e-07 
 2.84700000e-04  1.53745235e-07 
 2.84800000e-04  1.53537382e-07 
 2.84900000e-04  1.53383721e-07 
 2.85000000e-04  1.53285947e-07 
 2.85100000e-04  1.66644842e-07 
 2.85200000e-04  1.66439218e-07 
 2.85300000e-04  1.66364861e-07 
 2.85400000e-04  1.66299381e-07 
 2.85500000e-04  1.66280362e-07 
 2.85600000e-04  1.52610495e-07 
 2.85700000e-04  1.52172350e-07 
 2.85800000e-04  1.51939063e-07 
 2.85900000e-04  1.51758043e-07 
 2.86000000e-04  1.51630928e-07 
 2.86100000e-04  1.68551217e-07 
 2.86200000e-04  1.68171470e-07 
 2.86300000e-04  1.68037864e-07 
 2.86400000e-04  1.67920293e-07 
 2.86500000e-04  1.67866495e-07 
 2.86600000e-04  1.58031069e-07 
 2.86700000e-04  1.57633165e-07 
 2.86800000e-04  1.57448360e-07 
 2.86900000e-04  1.57322394e-07 
 2.87000000e-04  1.57257110e-07 
 2.87100000e-04  1.66227329e-07 
 2.87200000e-04  1.65942833e-07 
 2.87300000e-04  1.65849586e-07 
 2.87400000e-04  1.65769109e-07 
 2.87500000e-04  1.65730140e-07 
 2.87600000e-04  1.52160400e-07 
 2.87700000e-04  1.51625290e-07 
 2.87800000e-04  1.51380281e-07 
 2.87900000e-04  1.51187376e-07 
 2.88000000e-04  1.51048203e-07 
 2.88100000e-04  1.66898266e-07 
 2.88200000e-04  1.66727957e-07 
 2.88300000e-04  1.66656893e-07 
 2.88400000e-04  1.66592609e-07 
 2.88500000e-04  1.66539265e-07 
 2.88600000e-04  1.54135734e-07 
 2.88700000e-04  1.53741513e-07 
 2.88800000e-04  1.53525006e-07 
 2.88900000e-04  1.53379804e-07 
 2.89000000e-04  1.53308143e-07 
 2.89100000e-04  1.66645756e-07 
 2.89200000e-04  1.66445088e-07 
 2.89300000e-04  1.66373109e-07 
 2.89400000e-04  1.66309974e-07 
 2.89500000e-04  1.66284821e-07 
 2.89600000e-04  1.52616934e-07 
 2.89700000e-04  1.52175031e-07 
 2.89800000e-04  1.51940186e-07 
 2.89900000e-04  1.51759803e-07 
 2.90000000e-04  1.51635582e-07 
 2.90100000e-04  1.68020766e-07 
 2.90200000e-04  1.67737129e-07 
 2.90300000e-04  1.67640147e-07 
 2.90400000e-04  1.67556095e-07 
 2.90500000e-04  1.67501587e-07 
 2.90600000e-04  1.56382602e-07 
 2.90700000e-04  1.55979083e-07 
 2.90800000e-04  1.55776437e-07 
 2.90900000e-04  1.55641007e-07 
 2.91000000e-04  1.55574897e-07 
 2.91100000e-04  1.66728805e-07 
 2.91200000e-04  1.66492958e-07 
 2.91300000e-04  1.66413558e-07 
 2.91400000e-04  1.66344196e-07 
 2.91500000e-04  1.66296755e-07 
 2.91600000e-04  1.52677318e-07 
 2.91700000e-04  1.52179981e-07 
 2.91800000e-04  1.51931493e-07 
 2.91900000e-04  1.51749283e-07 
 2.92000000e-04  1.51635424e-07 
 2.92100000e-04  1.67500112e-07 
 2.92200000e-04  1.67315022e-07 
 2.92300000e-04  1.67239618e-07 
 2.92400000e-04  1.67171933e-07 
 2.92500000e-04  1.67132152e-07 
 2.92600000e-04  1.54697936e-07 
 2.92700000e-04  1.54314895e-07 
 2.92800000e-04  1.54112890e-07 
 2.92900000e-04  1.53967319e-07 
 2.93000000e-04  1.53879942e-07 
 2.93100000e-04  1.67256620e-07 
 2.93200000e-04  1.67040585e-07 
 2.93300000e-04  1.66972459e-07 
 2.93400000e-04  1.66915042e-07 
 2.93500000e-04  1.66882432e-07 
 2.93600000e-04  1.53193954e-07 
 2.93700000e-04  1.52756554e-07 
 2.93800000e-04  1.52522969e-07 
 2.93900000e-04  1.52347569e-07 
 2.94000000e-04  1.52232170e-07 
 2.94100000e-04  1.70226210e-07 
 2.94200000e-04  1.69623285e-07 
 2.94300000e-04  1.69442218e-07 
 2.94400000e-04  1.69289086e-07 
 2.94500000e-04  1.69220206e-07 
 2.94600000e-04  1.61952057e-07 
 2.94700000e-04  1.61548312e-07 
 2.94800000e-04  1.61371497e-07 
 2.94900000e-04  1.61258543e-07 
 2.95000000e-04  1.61211442e-07 
 2.95100000e-04  1.66593130e-07 
 2.95200000e-04  1.65711348e-07 
 2.95300000e-04  1.65483751e-07 
 2.95400000e-04  1.65299489e-07 
 2.95500000e-04  1.65212111e-07 
 2.95600000e-04  1.51709748e-07 
 2.95700000e-04  1.51115686e-07 
 2.95800000e-04  1.50821479e-07 
 2.95900000e-04  1.50611214e-07 
 2.96000000e-04  1.50487519e-07 
 2.96100000e-04  1.66303201e-07 
 2.96200000e-04  1.66126781e-07 
 2.96300000e-04  1.66056060e-07 
 2.96400000e-04  1.65993011e-07 
 2.96500000e-04  1.65957297e-07 
 2.96600000e-04  1.53539476e-07 
 2.96700000e-04  1.53164136e-07 
 2.96800000e-04  1.52959221e-07 
 2.96900000e-04  1.52808691e-07 
 2.97000000e-04  1.52714236e-07 
 2.97100000e-04  1.66030852e-07 
 2.97200000e-04  1.65830079e-07 
 2.97300000e-04  1.65756885e-07 
 2.97400000e-04  1.65692383e-07 
 2.97500000e-04  1.65665834e-07 
 2.97600000e-04  1.52023211e-07 
 2.97700000e-04  1.51583324e-07 
 2.97800000e-04  1.51347656e-07 
 2.97900000e-04  1.51165027e-07 
 2.98000000e-04  1.51037053e-07 
 2.98100000e-04  1.69597801e-07 
 2.98200000e-04  1.68838054e-07 
 2.98300000e-04  1.68604213e-07 
 2.98400000e-04  1.68503271e-07 
 2.98500000e-04  1.68445271e-07 
 2.98600000e-04  1.56877054e-07 
 2.98700000e-04  1.56323139e-07 
 2.98800000e-04  1.56066737e-07 
 2.98900000e-04  1.55880085e-07 
 2.99000000e-04  1.55764646e-07 
 2.99100000e-04  1.03753031e-04 
 2.99200000e-04  1.03752583e-04 
 2.99300000e-04  1.03752456e-04 
 2.99400000e-04  1.03752350e-04 
 2.99500000e-04  1.03752318e-04 
 2.99600000e-04  1.03738740e-04 
 2.99700000e-04  1.03738227e-04 
 2.99800000e-04  1.03737974e-04 
 2.99900000e-04  1.03737783e-04 
 3.00000000e-04  1.03737655e-04 
 3.00100000e-04  1.68032662e-07 
 3.00200000e-04  1.67827828e-07 
 3.00300000e-04  1.67740526e-07 
 3.00400000e-04  1.67660977e-07 
 3.00500000e-04  1.67634039e-07 
 3.00600000e-04  1.55222097e-07 
 3.00700000e-04  1.54794065e-07 
 3.00800000e-04  1.54594809e-07 
 3.00900000e-04  1.54457923e-07 
 3.01000000e-04  1.54385347e-07 
 3.01100000e-04  1.67785256e-07 
 3.01200000e-04  1.67576859e-07 
 3.01300000e-04  1.67503796e-07 
 3.01400000e-04  1.67440305e-07 
 3.01500000e-04  1.67406518e-07 
 3.01600000e-04  1.53693641e-07 
 3.01700000e-04  1.53252659e-07 
 3.01800000e-04  1.53013250e-07 
 3.01900000e-04  1.52837975e-07 
 3.02000000e-04  1.52728832e-07 
 3.02100000e-04  1.69702381e-07 
 3.02200000e-04  1.69301437e-07 
 3.02300000e-04  1.69166181e-07 
 3.02400000e-04  1.69048735e-07 
 3.02500000e-04  1.69004407e-07 
 3.02600000e-04  1.59123309e-07 
 3.02700000e-04  1.58734640e-07 
 3.02800000e-04  1.58528467e-07 
 3.02900000e-04  1.58398250e-07 
 3.03000000e-04  1.58346362e-07 
 3.03100000e-04  1.67374959e-07 
 3.03200000e-04  1.67088585e-07 
 3.03300000e-04  1.66987420e-07 
 3.03400000e-04  1.66898200e-07 
 3.03500000e-04  1.66847843e-07 
 3.03600000e-04  1.53229184e-07 
 3.03700000e-04  1.52711122e-07 
 3.03800000e-04  1.52460568e-07 
 3.03900000e-04  1.52265757e-07 
 3.04000000e-04  1.52128415e-07 
 3.04100000e-04  1.68034307e-07 
 3.04200000e-04  1.67861610e-07 
 3.04300000e-04  1.67780491e-07 
 3.04400000e-04  1.67705768e-07 
 3.04500000e-04  1.67665392e-07 
 3.04600000e-04  1.55180958e-07 
 3.04700000e-04  1.54816355e-07 
 3.04800000e-04  1.54615309e-07 
 3.04900000e-04  1.54467600e-07 
 3.05000000e-04  1.54374877e-07 
 3.05100000e-04  1.67783053e-07 
 3.05200000e-04  1.67565452e-07 
 3.05300000e-04  1.67491706e-07 
 3.05400000e-04  1.67428256e-07 
 3.05500000e-04  1.67397229e-07 
 3.05600000e-04  1.53682490e-07 
 3.05700000e-04  1.53234066e-07 
 3.05800000e-04  1.53011246e-07 
 3.05900000e-04  1.52840536e-07 
 3.06000000e-04  1.52723546e-07 
 3.06100000e-04  1.69159104e-07 
 3.06200000e-04  1.68872894e-07 
 3.06300000e-04  1.68767017e-07 
 3.06400000e-04  1.68673015e-07 
 3.06500000e-04  1.68641628e-07 
 3.06600000e-04  1.57443251e-07 
 3.06700000e-04  1.57041554e-07 
 3.06800000e-04  1.56854830e-07 
 3.06900000e-04  1.56726805e-07 
 3.07000000e-04  1.56659299e-07 
 3.07100000e-04  1.67876220e-07 
 3.07200000e-04  1.67621959e-07 
 3.07300000e-04  1.67529505e-07 
 3.07400000e-04  1.67447781e-07 
 3.07500000e-04  1.67423945e-07 
 3.07600000e-04  1.53736029e-07 
 3.07700000e-04  1.53269095e-07 
 3.07800000e-04  1.53025136e-07 
 3.07900000e-04  1.52840273e-07 
 3.08000000e-04  1.52716337e-07 
 3.08100000e-04  1.68638282e-07 
 3.08200000e-04  1.68459414e-07 
 3.08300000e-04  1.68381805e-07 
 3.08400000e-04  1.68311381e-07 
 3.08500000e-04  1.68273636e-07 
 3.08600000e-04  1.55764031e-07 
 3.08700000e-04  1.55384184e-07 
 3.08800000e-04  1.55193324e-07 
 3.08900000e-04  1.55051405e-07 
 3.09000000e-04  1.54959933e-07 
 3.09100000e-04  1.68397775e-07 
 3.09200000e-04  1.68173085e-07 
 3.09300000e-04  1.68101749e-07 
 3.09400000e-04  1.68041618e-07 
 3.09500000e-04  1.68020879e-07 
 3.09600000e-04  1.54262939e-07 
 3.09700000e-04  1.53829831e-07 
 3.09800000e-04  1.53604519e-07 
 3.09900000e-04  1.53431421e-07 
 3.10000000e-04  1.53312149e-07 
 3.10100000e-04  1.70845947e-07 
 3.10200000e-04  1.70329577e-07 
 3.10300000e-04  1.70171156e-07 
 3.10400000e-04  1.70037286e-07 
 3.10500000e-04  1.69974252e-07 
 3.10600000e-04  1.61349179e-07 
 3.10700000e-04  1.60955292e-07 
 3.10800000e-04  1.60773335e-07 
 3.10900000e-04  1.60657646e-07 
 3.11000000e-04  1.60610281e-07 
 3.11100000e-04  1.67659022e-07 
 3.11200000e-04  1.67273914e-07 
 3.11300000e-04  1.67130003e-07 
 3.11400000e-04  1.67002189e-07 
 3.11500000e-04  1.66950233e-07 
 3.11600000e-04  1.53320625e-07 
 3.11700000e-04  1.52763929e-07 
 3.11800000e-04  1.52500372e-07 
 3.11900000e-04  1.52299784e-07 
 3.12000000e-04  1.52164116e-07 
 3.12100000e-04  1.68072245e-07 
 3.12200000e-04  1.67889375e-07 
 3.12300000e-04  1.67809227e-07 
 3.12400000e-04  1.67736458e-07 
 3.12500000e-04  1.67699370e-07 
 3.12600000e-04  1.55206687e-07 
 3.12700000e-04  1.54808156e-07 
 3.12800000e-04  1.54613056e-07 
 3.12900000e-04  1.54474308e-07 
 3.13000000e-04  1.54393653e-07 
 3.13100000e-04  1.67793065e-07 
 3.13200000e-04  1.67592525e-07 
 3.13300000e-04  1.67514211e-07 
 3.13400000e-04  1.67443873e-07 
 3.13500000e-04  1.67402180e-07 
 3.13600000e-04  1.53691558e-07 
 3.13700000e-04  1.53238486e-07 
 3.13800000e-04  1.53012684e-07 
 3.13900000e-04  1.52841723e-07 
 3.14000000e-04  1.52727290e-07 
 3.14100000e-04  1.69166516e-07 
 3.14200000e-04  1.68884146e-07 
 3.14300000e-04  1.68782757e-07 
 3.14400000e-04  1.68693222e-07 
 3.14500000e-04  1.68646273e-07 
 3.14600000e-04  1.57441209e-07 
 3.14700000e-04  1.57054799e-07 
 3.14800000e-04  1.56851167e-07 
 3.14900000e-04  1.56720302e-07 
 3.15000000e-04  1.56664459e-07 
 3.15100000e-04  1.67869683e-07 
 3.15200000e-04  1.67630017e-07 
 3.15300000e-04  1.67538889e-07 
 3.15400000e-04  1.67457323e-07 
 3.15500000e-04  1.67425782e-07 
 3.15600000e-04  1.53727734e-07 
 3.15700000e-04  1.53265952e-07 
 3.15800000e-04  1.53022387e-07 
 3.15900000e-04  1.52839972e-07 
 3.16000000e-04  1.52720595e-07 
 3.16100000e-04  1.68645916e-07 
 3.16200000e-04  1.68458625e-07 
 3.16300000e-04  1.68378211e-07 
 3.16400000e-04  1.68305434e-07 
 3.16500000e-04  1.68261854e-07 
 3.16600000e-04  1.55766169e-07 
 3.16700000e-04  1.55397949e-07 
 3.16800000e-04  1.55189484e-07 
 3.16900000e-04  1.55043521e-07 
 3.17000000e-04  1.54961988e-07 
 3.17100000e-04  1.68412023e-07 
 3.17200000e-04  1.68174937e-07 
 3.17300000e-04  1.68111560e-07 
 3.17400000e-04  1.68061731e-07 
 3.17500000e-04  1.68020065e-07 
 3.17600000e-04  1.54262802e-07 
 3.17700000e-04  1.53817946e-07 
 3.17800000e-04  1.53593453e-07 
 3.17900000e-04  1.53424118e-07 
 3.18000000e-04  1.53311635e-07 
 3.18100000e-04  1.70311915e-07 
 3.18200000e-04  1.69930124e-07 
 3.18300000e-04  1.69793105e-07 
 3.18400000e-04  1.69671704e-07 
 3.18500000e-04  1.69612886e-07 
 3.18600000e-04  1.59687061e-07 
 3.18700000e-04  1.59300835e-07 
 3.18800000e-04  1.59112978e-07 
 3.18900000e-04  1.58986412e-07 
 3.19000000e-04  1.58923031e-07 
 3.19100000e-04  1.67993577e-07 
 3.19200000e-04  1.67698614e-07 
 3.19300000e-04  1.67596618e-07 
 3.19400000e-04  1.67507501e-07 
 3.19500000e-04  1.67460311e-07 
 3.19600000e-04  1.53804520e-07 
 3.19700000e-04  1.53302706e-07 
 3.19800000e-04  1.53041082e-07 
 3.19900000e-04  1.52847285e-07 
 3.20000000e-04  1.52723407e-07 
 3.20100000e-04  1.68668721e-07 
 3.20200000e-04  1.68479598e-07 
 3.20300000e-04  1.68401195e-07 
 3.20400000e-04  1.68330815e-07 
 3.20500000e-04  1.68291138e-07 
 3.20600000e-04  1.55765366e-07 
 3.20700000e-04  1.55400836e-07 
 3.20800000e-04  1.55200769e-07 
 3.20900000e-04  1.55055819e-07 
 3.21000000e-04  1.54967676e-07 
 3.21100000e-04  1.68404702e-07 
 3.21200000e-04  1.68197278e-07 
 3.21300000e-04  1.68119298e-07 
 3.21400000e-04  1.68050078e-07 
 3.21500000e-04  1.68014453e-07 
 3.21600000e-04  1.54266276e-07 
 3.21700000e-04  1.53830088e-07 
 3.21800000e-04  1.53601812e-07 
 3.21900000e-04  1.53429773e-07 
 3.22000000e-04  1.53315639e-07 
 3.22100000e-04  1.71988392e-07 
 3.22200000e-04  1.71208562e-07 
 3.22300000e-04  1.70967782e-07 
 3.22400000e-04  1.70866690e-07 
 3.22500000e-04  1.70810734e-07 
 3.22600000e-04  1.59122461e-07 
 3.22700000e-04  1.58578843e-07 
 3.22800000e-04  1.58326895e-07 
 3.22900000e-04  1.58149349e-07 
 3.23000000e-04  1.58047740e-07 
 3.23100000e-04  1.03755430e-04 
 3.23200000e-04  1.03754967e-04 
 3.23300000e-04  1.03754839e-04 
 3.23400000e-04  1.03754732e-04 
 3.23500000e-04  1.03754683e-04 
 3.23600000e-04  1.03740969e-04 
 3.23700000e-04  1.03740491e-04 
 3.23800000e-04  1.03740240e-04 
 3.23900000e-04  1.03740056e-04 
 3.24000000e-04  1.03739940e-04 
 3.24100000e-04  1.70431177e-07 
 3.24200000e-04  1.70205340e-07 
 3.24300000e-04  1.70114106e-07 
 3.24400000e-04  1.70032378e-07 
 3.24500000e-04  1.69983167e-07 
 3.24600000e-04  1.57446722e-07 
 3.24700000e-04  1.57072381e-07 
 3.24800000e-04  1.56875881e-07 
 3.24900000e-04  1.56737159e-07 
 3.25000000e-04  1.56657990e-07 
 3.25100000e-04  1.70179365e-07 
 3.25200000e-04  1.69947182e-07 
 3.25300000e-04  1.69866756e-07 
 3.25400000e-04  1.69797306e-07 
 3.25500000e-04  1.69780361e-07 
 3.25600000e-04  1.55946228e-07 
 3.25700000e-04  1.55525963e-07 
 3.25800000e-04  1.55292241e-07 
 3.25900000e-04  1.55114004e-07 
 3.26000000e-04  1.54992948e-07 
 3.26100000e-04  1.73692088e-07 
 3.26200000e-04  1.72955643e-07 
 3.26300000e-04  1.72736662e-07 
 3.26400000e-04  1.72552716e-07 
 3.26500000e-04  1.72462137e-07 
 3.26600000e-04  1.66325424e-07 
 3.26700000e-04  1.65958832e-07 
 3.26800000e-04  1.65782670e-07 
 3.26900000e-04  1.65682622e-07 
 3.27000000e-04  1.65661037e-07 
 3.27100000e-04  1.68964865e-07 
 3.27200000e-04  1.68027867e-07 
 3.27300000e-04  1.67778547e-07 
 3.27400000e-04  1.67572821e-07 
 3.27500000e-04  1.67478726e-07 
 3.27600000e-04  1.53892357e-07 
 3.27700000e-04  1.53255100e-07 
 3.27800000e-04  1.52988980e-07 
 3.27900000e-04  1.52789699e-07 
 3.28000000e-04  1.52659316e-07 
 3.28100000e-04  1.68604615e-07 
 3.28200000e-04  1.68404121e-07 
 3.28300000e-04  1.68320046e-07 
 3.28400000e-04  1.68244623e-07 
 3.28500000e-04  1.68209659e-07 
 3.28600000e-04  1.55676633e-07 
 3.28700000e-04  1.55292988e-07 
 3.28800000e-04  1.55104401e-07 
 3.28900000e-04  1.54971520e-07 
 3.29000000e-04  1.54896046e-07 
 3.29100000e-04  1.68324332e-07 
 3.29200000e-04  1.68104977e-07 
 3.29300000e-04  1.68025266e-07 
 3.29400000e-04  1.67955320e-07 
 3.29500000e-04  1.67919840e-07 
 3.29600000e-04  1.54175762e-07 
 3.29700000e-04  1.53727946e-07 
 3.29800000e-04  1.53497483e-07 
 3.29900000e-04  1.53322692e-07 
 3.30000000e-04  1.53205274e-07 
 3.30100000e-04  1.69690698e-07 
 3.30200000e-04  1.69402346e-07 
 3.30300000e-04  1.69296906e-07 
 3.30400000e-04  1.69204073e-07 
 3.30500000e-04  1.69145114e-07 
 3.30600000e-04  1.57921767e-07 
 3.30700000e-04  1.57540434e-07 
 3.30800000e-04  1.57345197e-07 
 3.30900000e-04  1.57214177e-07 
 3.31000000e-04  1.57149344e-07 
 3.31100000e-04  1.68401554e-07 
 3.31200000e-04  1.68142600e-07 
 3.31300000e-04  1.68046366e-07 
 3.31400000e-04  1.67960990e-07 
 3.31500000e-04  1.67936960e-07 
 3.31600000e-04  1.54214763e-07 
 3.31700000e-04  1.53737479e-07 
 3.31800000e-04  1.53498249e-07 
 3.31900000e-04  1.53321587e-07 
 3.32000000e-04  1.53209408e-07 
 3.32100000e-04  1.69157962e-07 
 3.32200000e-04  1.68979541e-07 
 3.32300000e-04  1.68900215e-07 
 3.32400000e-04  1.68827547e-07 
 3.32500000e-04  1.68778966e-07 
 3.32600000e-04  1.56241896e-07 
 3.32700000e-04  1.55877732e-07 
 3.32800000e-04  1.55680592e-07 
 3.32900000e-04  1.55538799e-07 
 3.33000000e-04  1.55454039e-07 
 3.33100000e-04  1.68926189e-07 
 3.33200000e-04  1.68707875e-07 
 3.33300000e-04  1.68627862e-07 
 3.33400000e-04  1.68557248e-07 
 3.33500000e-04  1.68523139e-07 
 3.33600000e-04  1.54742939e-07 
 3.33700000e-04  1.54303286e-07 
 3.33800000e-04  1.54072066e-07 
 3.33900000e-04  1.53903565e-07 
 3.34000000e-04  1.53799704e-07 
 3.34100000e-04  1.70833193e-07 
 3.34200000e-04  1.70421447e-07 
 3.34300000e-04  1.70293086e-07 
 3.34400000e-04  1.70184209e-07 
 3.34500000e-04  1.70117732e-07 
 3.34600000e-04  1.60149264e-07 
 3.34700000e-04  1.59769382e-07 
 3.34800000e-04  1.59589349e-07 
 3.34900000e-04  1.59470691e-07 
 3.35000000e-04  1.59415285e-07 
 3.35100000e-04  1.68505933e-07 
 3.35200000e-04  1.68212275e-07 
 3.35300000e-04  1.68108937e-07 
 3.35400000e-04  1.68017933e-07 
 3.35500000e-04  1.67983089e-07 
 3.35600000e-04  1.54272062e-07 
 3.35700000e-04  1.53768074e-07 
 3.35800000e-04  1.53521371e-07 
 3.35900000e-04  1.53334156e-07 
 3.36000000e-04  1.53208246e-07 
 3.36100000e-04  1.69186850e-07 
 3.36200000e-04  1.68996433e-07 
 3.36300000e-04  1.68913768e-07 
 3.36400000e-04  1.68839064e-07 
 3.36500000e-04  1.68787507e-07 
 3.36600000e-04  1.56238584e-07 
 3.36700000e-04  1.55879944e-07 
 3.36800000e-04  1.55672785e-07 
 3.36900000e-04  1.55533599e-07 
 3.37000000e-04  1.55464468e-07 
 3.37100000e-04  1.68935603e-07 
 3.37200000e-04  1.68698777e-07 
 3.37300000e-04  1.68623717e-07 
 3.37400000e-04  1.68560958e-07 
 3.37500000e-04  1.68532426e-07 
 3.37600000e-04  1.54742267e-07 
 3.37700000e-04  1.54319721e-07 
 3.37800000e-04  1.54082294e-07 
 3.37900000e-04  1.53903442e-07 
 3.38000000e-04  1.53784947e-07 
 3.38100000e-04  1.70295354e-07 
 3.38200000e-04  1.70012679e-07 
 3.38300000e-04  1.69897715e-07 
 3.38400000e-04  1.69793600e-07 
 3.38500000e-04  1.69749685e-07 
 3.38600000e-04  1.58494517e-07 
 3.38700000e-04  1.58117565e-07 
 3.38800000e-04  1.57932844e-07 
 3.38900000e-04  1.57805408e-07 
 3.39000000e-04  1.57737002e-07 
 3.39100000e-04  1.69011215e-07 
 3.39200000e-04  1.68760298e-07 
 3.39300000e-04  1.68669125e-07 
 3.39400000e-04  1.68588531e-07 
 3.39500000e-04  1.68560942e-07 
 3.39600000e-04  1.54788429e-07 
 3.39700000e-04  1.54326187e-07 
 3.39800000e-04  1.54085308e-07 
 3.39900000e-04  1.53910466e-07 
 3.40000000e-04  1.53803683e-07 
 3.40100000e-04  1.69780149e-07 
 3.40200000e-04  1.69588125e-07 
 3.40300000e-04  1.69509978e-07 
 3.40400000e-04  1.69440519e-07 
 3.40500000e-04  1.69399900e-07 
 3.40600000e-04  1.56827019e-07 
 3.40700000e-04  1.56457211e-07 
 3.40800000e-04  1.56262199e-07 
 3.40900000e-04  1.56124173e-07 
 3.41000000e-04  1.56044868e-07 
 3.41100000e-04  1.69537680e-07 
 3.41200000e-04  1.69312107e-07 
 3.41300000e-04  1.69232516e-07 
 3.41400000e-04  1.69163143e-07 
 3.41500000e-04  1.69132242e-07 
 3.41600000e-04  1.55327742e-07 
 3.41700000e-04  1.54913333e-07 
 3.41800000e-04  1.54677012e-07 
 3.41900000e-04  1.54500170e-07 
 3.42000000e-04  1.54384619e-07 
 3.42100000e-04  1.71982086e-07 
 3.42200000e-04  1.71473073e-07 
 3.42300000e-04  1.71307364e-07 
 3.42400000e-04  1.71164513e-07 
 3.42500000e-04  1.71101685e-07 
 3.42600000e-04  1.62404556e-07 
 3.42700000e-04  1.62020823e-07 
 3.42800000e-04  1.61846728e-07 
 3.42900000e-04  1.61733470e-07 
 3.43000000e-04  1.61682900e-07 
 3.43100000e-04  1.68802823e-07 
 3.43200000e-04  1.68398947e-07 
 3.43300000e-04  1.68252095e-07 
 3.43400000e-04  1.68122563e-07 
 3.43500000e-04  1.68061542e-07 
 3.43600000e-04  1.54382158e-07 
 3.43700000e-04  1.53841106e-07 
 3.43800000e-04  1.53569959e-07 
 3.43900000e-04  1.53368558e-07 
 3.44000000e-04  1.53239034e-07 
 3.44100000e-04  1.69215978e-07 
 3.44200000e-04  1.69014331e-07 
 3.44300000e-04  1.68928585e-07 
 3.44400000e-04  1.68851483e-07 
 3.44500000e-04  1.68818787e-07 
 3.44600000e-04  1.56261660e-07 
 3.44700000e-04  1.55880444e-07 
 3.44800000e-04  1.55691062e-07 
 3.44900000e-04  1.55554074e-07 
 3.45000000e-04  1.55471064e-07 
 3.45100000e-04  1.68944734e-07 
 3.45200000e-04  1.68713639e-07 
 3.45300000e-04  1.68637709e-07 
 3.45400000e-04  1.68573214e-07 
 3.45500000e-04  1.68528753e-07 
 3.45600000e-04  1.54747767e-07 
 3.45700000e-04  1.54335368e-07 
 3.45800000e-04  1.54095215e-07 
 3.45900000e-04  1.53918320e-07 
 3.46000000e-04  1.53806608e-07 
 3.46100000e-04  1.70320683e-07 
 3.46200000e-04  1.70010060e-07 
 3.46300000e-04  1.69908418e-07 
 3.46400000e-04  1.69822006e-07 
 3.46500000e-04  1.69766220e-07 
 3.46600000e-04  1.58499200e-07 
 3.46700000e-04  1.58136953e-07 
 3.46800000e-04  1.57933404e-07 
 3.46900000e-04  1.57798133e-07 
 3.47000000e-04  1.57733227e-07 
 3.47100000e-04  1.69019473e-07 
 3.47200000e-04  1.68750677e-07 
 3.47300000e-04  1.68665026e-07 
 3.47400000e-04  1.68592128e-07 
 3.47500000e-04  1.68564563e-07 
 3.47600000e-04  1.54792115e-07 
 3.47700000e-04  1.54329112e-07 
 3.47800000e-04  1.54084797e-07 
 3.47900000e-04  1.53904429e-07 
 3.48000000e-04  1.53789957e-07 
 3.48100000e-04  1.69787086e-07 
 3.48200000e-04  1.69602501e-07 
 3.48300000e-04  1.69519753e-07 
 3.48400000e-04  1.69444324e-07 
 3.48500000e-04  1.69393109e-07 
 3.48600000e-04  1.56824566e-07 
 3.48700000e-04  1.56445877e-07 
 3.48800000e-04  1.56260644e-07 
 3.48900000e-04  1.56129852e-07 
 3.49000000e-04  1.56055140e-07 
 3.49100000e-04  1.69544275e-07 
 3.49200000e-04  1.69325433e-07 
 3.49300000e-04  1.69249033e-07 
 3.49400000e-04  1.69182841e-07 
 3.49500000e-04  1.69132671e-07 
 3.49600000e-04  1.55318708e-07 
 3.49700000e-04  1.54890627e-07 
 3.49800000e-04  1.54665332e-07 
 3.49900000e-04  1.54498909e-07 
 3.50000000e-04  1.54393140e-07 
 3.50100000e-04  1.71449881e-07 
 3.50200000e-04  1.71046009e-07 
 3.50300000e-04  1.70911381e-07 
 3.50400000e-04  1.70794686e-07 
 3.50500000e-04  1.70745728e-07 
 3.50600000e-04  1.60751310e-07 
 3.50700000e-04  1.60378894e-07 
 3.50800000e-04  1.60180484e-07 
 3.50900000e-04  1.60054379e-07 
 3.51000000e-04  1.60002784e-07 
 3.51100000e-04  1.69131211e-07 
 3.51200000e-04  1.68830919e-07 
 3.51300000e-04  1.68734152e-07 
 3.51400000e-04  1.68650803e-07 
 3.51500000e-04  1.68611431e-07 
 3.51600000e-04  1.54870868e-07 
 3.51700000e-04  1.54369509e-07 
 3.51800000e-04  1.54114864e-07 
 3.51900000e-04  1.53930104e-07 
 3.52000000e-04  1.53817359e-07 
 3.52100000e-04  1.69806822e-07 
 3.52200000e-04  1.69603377e-07 
 3.52300000e-04  1.69520273e-07 
 3.52400000e-04  1.69446261e-07 
 3.52500000e-04  1.69407301e-07 
 3.52600000e-04  1.56845225e-07 
 3.52700000e-04  1.56467368e-07 
 3.52800000e-04  1.56272200e-07 
 3.52900000e-04  1.56137677e-07 
 3.53000000e-04  1.56065632e-07 
 3.53100000e-04  1.69556066e-07 
 3.53200000e-04  1.69324253e-07 
 3.53300000e-04  1.69243052e-07 
 3.53400000e-04  1.69172915e-07 
 3.53500000e-04  1.69152723e-07 
 3.53600000e-04  1.55316288e-07 
 3.53700000e-04  1.54917775e-07 
 3.53800000e-04  1.54683372e-07 
 3.53900000e-04  1.54509680e-07 
 3.54000000e-04  1.54398540e-07 
 3.54100000e-04  1.70930401e-07 
 3.54200000e-04  1.70622182e-07 
 3.54300000e-04  1.70517403e-07 
 3.54400000e-04  1.70426998e-07 
 3.54500000e-04  1.70379348e-07 
 3.54600000e-04  1.59089155e-07 
 3.54700000e-04  1.58709074e-07 
 3.54800000e-04  1.58517424e-07 
 3.54900000e-04  1.58390593e-07 
 3.55000000e-04  1.58330543e-07 
 3.55100000e-04  1.69629760e-07 
 3.55200000e-04  1.69382739e-07 
 3.55300000e-04  1.69285606e-07 
 3.55400000e-04  1.69197800e-07 
 3.55500000e-04  1.69163308e-07 
 3.55600000e-04  1.55376667e-07 
 3.55700000e-04  1.54929729e-07 
 3.55800000e-04  1.54691025e-07 
 3.55900000e-04  1.54511160e-07 
 3.56000000e-04  1.54391909e-07 
 3.56100000e-04  1.70398055e-07 
 3.56200000e-04  1.70207861e-07 
 3.56300000e-04  1.70131129e-07 
 3.56400000e-04  1.70062419e-07 
 3.56500000e-04  1.70026651e-07 
 3.56600000e-04  1.57414189e-07 
 3.56700000e-04  1.57040463e-07 
 3.56800000e-04  1.56861278e-07 
 3.56900000e-04  1.56724968e-07 
 3.57000000e-04  1.56632801e-07 
 3.57100000e-04  1.70179286e-07 
 3.57200000e-04  1.69934836e-07 
 3.57300000e-04  1.69858723e-07 
 3.57400000e-04  1.69795147e-07 
 3.57500000e-04  1.69771238e-07 
 3.57600000e-04  1.55908212e-07 
 3.57700000e-04  1.55504853e-07 
 3.57800000e-04  1.55276360e-07 
 3.57900000e-04  1.55101093e-07 
 3.58000000e-04  1.54980647e-07 
 3.58100000e-04  1.73133050e-07 
 3.58200000e-04  1.72524700e-07 
 3.58300000e-04  1.72328984e-07 
 3.58400000e-04  1.72160158e-07 
 3.58500000e-04  1.72082924e-07 
 3.58600000e-04  1.64667988e-07 
 3.58700000e-04  1.64292657e-07 
 3.58800000e-04  1.64110719e-07 
 3.58900000e-04  1.64005206e-07 
 3.59000000e-04  1.63978450e-07 
 3.59100000e-04  1.69428663e-07 
 3.59200000e-04  1.68634109e-07 
 3.59300000e-04  1.68393296e-07 
 3.59400000e-04  1.68189799e-07 
 3.59500000e-04  1.68097316e-07 
 3.59600000e-04  1.54449630e-07 
 3.59700000e-04  1.53865284e-07 
 3.59800000e-04  1.53592476e-07 
 3.59900000e-04  1.53389034e-07 
 3.60000000e-04  1.53257062e-07 
 3.60100000e-04  1.69234946e-07 
 3.60200000e-04  1.69044316e-07 
 3.60300000e-04  1.68952293e-07 
 3.60400000e-04  1.68867146e-07 
 3.60500000e-04  1.68823947e-07 
 3.60600000e-04  1.56269392e-07 
 3.60700000e-04  1.55896640e-07 
 3.60800000e-04  1.55687887e-07 
 3.60900000e-04  1.55546508e-07 
 3.61000000e-04  1.55474543e-07 
 3.61100000e-04  1.68950965e-07 
 3.61200000e-04  1.68729884e-07 
 3.61300000e-04  1.68650938e-07 
 3.61400000e-04  1.68582091e-07 
 3.61500000e-04  1.68555039e-07 
 3.61600000e-04  1.54740596e-07 
 3.61700000e-04  1.54319479e-07 
 3.61800000e-04  1.54096588e-07 
 3.61900000e-04  1.53925390e-07 
 3.62000000e-04  1.53807425e-07 
 3.62100000e-04  1.70325392e-07 
 3.62200000e-04  1.70032362e-07 
 3.62300000e-04  1.69922935e-07 
 3.62400000e-04  1.69825996e-07 
 3.62500000e-04  1.69765129e-07 
 3.62600000e-04  1.58497016e-07 
 3.62700000e-04  1.58136770e-07 
 3.62800000e-04  1.57935378e-07 
 3.62900000e-04  1.57801585e-07 
 3.63000000e-04  1.57737439e-07 
 3.63100000e-04  1.69017469e-07 
 3.63200000e-04  1.68752871e-07 
 3.63300000e-04  1.68666375e-07 
 3.63400000e-04  1.68592041e-07 
 3.63500000e-04  1.68566002e-07 
 3.63600000e-04  1.54779885e-07 
 3.63700000e-04  1.54346343e-07 
 3.63800000e-04  1.54099038e-07 
 3.63900000e-04  1.53917245e-07 
 3.64000000e-04  1.53802947e-07 
 3.64100000e-04  1.69786241e-07 
 3.64200000e-04  1.69609276e-07 
 3.64300000e-04  1.69518853e-07 
 3.64400000e-04  1.69433965e-07 
 3.64500000e-04  1.69394144e-07 
 3.64600000e-04  1.56847828e-07 
 3.64700000e-04  1.56450945e-07 
 3.64800000e-04  1.56255631e-07 
 3.64900000e-04  1.56124652e-07 
 3.65000000e-04  1.56059949e-07 
 3.65100000e-04  1.69556721e-07 
 3.65200000e-04  1.69321056e-07 
 3.65300000e-04  1.69236000e-07 
 3.65400000e-04  1.69162111e-07 
 3.65500000e-04  1.69141316e-07 
 3.65600000e-04  1.55331851e-07 
 3.65700000e-04  1.54897097e-07 
 3.65800000e-04  1.54675292e-07 
 3.65900000e-04  1.54507395e-07 
 3.66000000e-04  1.54395016e-07 
 3.66100000e-04  1.71449699e-07 
 3.66200000e-04  1.71050444e-07 
 3.66300000e-04  1.70915104e-07 
 3.66400000e-04  1.70797457e-07 
 3.66500000e-04  1.70732663e-07 
 3.66600000e-04  1.60753446e-07 
 3.66700000e-04  1.60381754e-07 
 3.66800000e-04  1.60194621e-07 
 3.66900000e-04  1.60071450e-07 
 3.67000000e-04  1.60014171e-07 
 3.67100000e-04  1.69143438e-07 
 3.67200000e-04  1.68845012e-07 
 3.67300000e-04  1.68740202e-07 
 3.67400000e-04  1.68648336e-07 
 3.67500000e-04  1.68603803e-07 
 3.67600000e-04  1.54870639e-07 
 3.67700000e-04  1.54351851e-07 
 3.67800000e-04  1.54104479e-07 
 3.67900000e-04  1.53919666e-07 
 3.68000000e-04  1.53799297e-07 
 3.68100000e-04  1.69809933e-07 
 3.68200000e-04  1.69629620e-07 
 3.68300000e-04  1.69544142e-07 
 3.68400000e-04  1.69465214e-07 
 3.68500000e-04  1.69422711e-07 
 3.68600000e-04  1.56830574e-07 
 3.68700000e-04  1.56468941e-07 
 3.68800000e-04  1.56266675e-07 
 3.68900000e-04  1.56124537e-07 
 3.69000000e-04  1.56044333e-07 
 3.69100000e-04  1.69548738e-07 
 3.69200000e-04  1.69329405e-07 
 3.69300000e-04  1.69246764e-07 
 3.69400000e-04  1.69173641e-07 
 3.69500000e-04  1.69143678e-07 
 3.69600000e-04  1.55336558e-07 
 3.69700000e-04  1.54913767e-07 
 3.69800000e-04  1.54679404e-07 
 3.69900000e-04  1.54504344e-07 
 3.70000000e-04  1.54390364e-07 
 3.70100000e-04  1.70933981e-07 
 3.70200000e-04  1.70640241e-07 
 3.70300000e-04  1.70529130e-07 
 3.70400000e-04  1.70430338e-07 
 3.70500000e-04  1.70378832e-07 
 3.70600000e-04  1.59089214e-07 
 3.70700000e-04  1.58721498e-07 
 3.70800000e-04  1.58523124e-07 
 3.70900000e-04  1.58391785e-07 
 3.71000000e-04  1.58329501e-07 
 3.71100000e-04  1.69631406e-07 
 3.71200000e-04  1.69371988e-07 
 3.71300000e-04  1.69286764e-07 
 3.71400000e-04  1.69213063e-07 
 3.71500000e-04  1.69162984e-07 
 3.71600000e-04  1.55383454e-07 
 3.71700000e-04  1.54930986e-07 
 3.71800000e-04  1.54684411e-07 
 3.71900000e-04  1.54505796e-07 
 3.72000000e-04  1.54397194e-07 
 3.72100000e-04  1.70416605e-07 
 3.72200000e-04  1.70228006e-07 
 3.72300000e-04  1.70143000e-07 
 3.72400000e-04  1.70065379e-07 
 3.72500000e-04  1.70016643e-07 
 3.72600000e-04  1.57430746e-07 
 3.72700000e-04  1.57055936e-07 
 3.72800000e-04  1.56852991e-07 
 3.72900000e-04  1.56715910e-07 
 3.73000000e-04  1.56646674e-07 
 3.73100000e-04  1.70172845e-07 
 3.73200000e-04  1.69938668e-07 
 3.73300000e-04  1.69860382e-07 
 3.73400000e-04  1.69793362e-07 
 3.73500000e-04  1.69752610e-07 
 3.73600000e-04  1.55923194e-07 
 3.73700000e-04  1.55490788e-07 
 3.73800000e-04  1.55262085e-07 
 3.73900000e-04  1.55090096e-07 
 3.74000000e-04  1.54976513e-07 
 3.74100000e-04  1.72606849e-07 
 3.74200000e-04  1.72094029e-07 
 3.74300000e-04  1.71931037e-07 
 3.74400000e-04  1.71791390e-07 
 3.74500000e-04  1.71718992e-07 
 3.74600000e-04  1.62986710e-07 
 3.74700000e-04  1.62623968e-07 
 3.74800000e-04  1.62448933e-07 
 3.74900000e-04  1.62337162e-07 
 3.75000000e-04  1.62290558e-07 
 3.75100000e-04  1.69416583e-07 
 3.75200000e-04  1.69028576e-07 
 3.75300000e-04  1.68879591e-07 
 3.75400000e-04  1.68746259e-07 
 3.75500000e-04  1.68677409e-07 
 3.75600000e-04  1.54977344e-07 
 3.75700000e-04  1.54411772e-07 
 3.75800000e-04  1.54159941e-07 
 3.75900000e-04  1.53971269e-07 
 3.76000000e-04  1.53847648e-07 
 3.76100000e-04  1.69839181e-07 
 3.76200000e-04  1.69642249e-07 
 3.76300000e-04  1.69550623e-07 
 3.76400000e-04  1.69466747e-07 
 3.76500000e-04  1.69418377e-07 
 3.76600000e-04  1.56858779e-07 
 3.76700000e-04  1.56480854e-07 
 3.76800000e-04  1.56286823e-07 
 3.76900000e-04  1.56152232e-07 
 3.77000000e-04  1.56078857e-07 
 3.77100000e-04  1.69584694e-07 
 3.77200000e-04  1.69341870e-07 
 3.77300000e-04  1.69256185e-07 
 3.77400000e-04  1.69182173e-07 
 3.77500000e-04  1.69149605e-07 
 3.77600000e-04  1.55332456e-07 
 3.77700000e-04  1.54902675e-07 
 3.77800000e-04  1.54680020e-07 
 3.77900000e-04  1.54512797e-07 
 3.78000000e-04  1.54402656e-07 
 3.78100000e-04  1.70935902e-07 
 3.78200000e-04  1.70634422e-07 
 3.78300000e-04  1.70526470e-07 
 3.78400000e-04  1.70431978e-07 
 3.78500000e-04  1.70381575e-07 
 3.78600000e-04  1.59085218e-07 
 3.78700000e-04  1.58731815e-07 
 3.78800000e-04  1.58529296e-07 
 3.78900000e-04  1.58395692e-07 
 3.79000000e-04  1.58333080e-07 
 3.79100000e-04  1.69633400e-07 
 3.79200000e-04  1.69371101e-07 
 3.79300000e-04  1.69279090e-07 
 3.79400000e-04  1.69198413e-07 
 3.79500000e-04  1.69179496e-07 
 3.79600000e-04  1.55392392e-07 
 3.79700000e-04  1.54915210e-07 
 3.79800000e-04  1.54690776e-07 
 3.79900000e-04  1.54520751e-07 
 3.80000000e-04  1.54406747e-07 
 3.80100000e-04  1.70418135e-07 
 3.80200000e-04  1.70218351e-07 
 3.80300000e-04  1.70133673e-07 
 3.80400000e-04  1.70057745e-07 
 3.80500000e-04  1.70023105e-07 
 3.80600000e-04  1.57412777e-07 
 3.80700000e-04  1.57061904e-07 
 3.80800000e-04  1.56859983e-07 
 3.80900000e-04  1.56716308e-07 
 3.81000000e-04  1.56632616e-07 
 3.81100000e-04  1.70168768e-07 
 3.81200000e-04  1.69946784e-07 
 3.81300000e-04  1.69866635e-07 
 3.81400000e-04  1.69796259e-07 
 3.81500000e-04  1.69752876e-07 
 3.81600000e-04  1.55920713e-07 
 3.81700000e-04  1.55489569e-07 
 3.81800000e-04  1.55268256e-07 
 3.81900000e-04  1.55096300e-07 
 3.82000000e-04  1.54975147e-07 
 3.82100000e-04  1.72080888e-07 
 3.82200000e-04  1.71684765e-07 
 3.82300000e-04  1.71543242e-07 
 3.82400000e-04  1.71418086e-07 
 3.82500000e-04  1.71355293e-07 
 3.82600000e-04  1.61331782e-07 
 3.82700000e-04  1.60964976e-07 
 3.82800000e-04  1.60781680e-07 
 3.82900000e-04  1.60659717e-07 
 3.83000000e-04  1.60600916e-07 
 3.83100000e-04  1.69763320e-07 
 3.83200000e-04  1.69459862e-07 
 3.83300000e-04  1.69349429e-07 
 3.83400000e-04  1.69251729e-07 
 3.83500000e-04  1.69216567e-07 
 3.83600000e-04  1.55454438e-07 
 3.83700000e-04  1.54947650e-07 
 3.83800000e-04  1.54707556e-07 
 3.83900000e-04  1.54529966e-07 
 3.84000000e-04  1.54416744e-07 
 3.84100000e-04  1.70422985e-07 
 3.84200000e-04  1.70244690e-07 
 3.84300000e-04  1.70158558e-07 
 3.84400000e-04  1.70078448e-07 
 3.84500000e-04  1.70031313e-07 
 3.84600000e-04  1.57439563e-07 
 3.84700000e-04  1.57053828e-07 
 3.84800000e-04  1.56872911e-07 
 3.84900000e-04  1.56738805e-07 
 3.85000000e-04  1.56652874e-07 
 3.85100000e-04  1.70174611e-07 
 3.85200000e-04  1.69957217e-07 
 3.85300000e-04  1.69868942e-07 
 3.85400000e-04  1.69789158e-07 
 3.85500000e-04  1.69760908e-07 
 3.85600000e-04  1.55925299e-07 
 3.85700000e-04  1.55493201e-07 
 3.85800000e-04  1.55281577e-07 
 3.85900000e-04  1.55117175e-07 
 3.86000000e-04  1.55001375e-07 
 3.86100000e-04  1.71553327e-07 
 3.86200000e-04  1.71260800e-07 
 3.86300000e-04  1.71144298e-07 
 3.86400000e-04  1.71039522e-07 
 3.86500000e-04  1.71004538e-07 
 3.86600000e-04  1.59668579e-07 
 3.86700000e-04  1.59315428e-07 
 3.86800000e-04  1.59116796e-07 
 3.86900000e-04  1.58990744e-07 
 3.87000000e-04  1.58939450e-07 
 3.87100000e-04  1.70262897e-07 
 3.87200000e-04  1.69990939e-07 
 3.87300000e-04  1.69900426e-07 
 3.87400000e-04  1.69822442e-07 
 3.87500000e-04  1.69786412e-07 
 3.87600000e-04  1.55975865e-07 
 3.87700000e-04  1.55513964e-07 
 3.87800000e-04  1.55282922e-07 
 3.87900000e-04  1.55111224e-07 
 3.88000000e-04  1.55000631e-07 
 3.88100000e-04  1.71029796e-07 
 3.88200000e-04  1.70842737e-07 
 3.88300000e-04  1.70756138e-07 
 3.88400000e-04  1.70676549e-07 
 3.88500000e-04  1.70626334e-07 
 3.88600000e-04  1.58013142e-07 
 3.88700000e-04  1.57637756e-07 
 3.88800000e-04  1.57443910e-07 
 3.88900000e-04  1.57308914e-07 
 3.89000000e-04  1.57234513e-07 
 3.89100000e-04  1.70795524e-07 
 3.89200000e-04  1.70570117e-07 
 3.89300000e-04  1.70487228e-07 
 3.89400000e-04  1.70414080e-07 
 3.89500000e-04  1.70379443e-07 
 3.89600000e-04  1.56504228e-07 
 3.89700000e-04  1.56082131e-07 
 3.89800000e-04  1.55853719e-07 
 3.89900000e-04  1.55686369e-07 
 3.90000000e-04  1.55581898e-07 
 3.90100000e-04  1.74835037e-07 
 3.90200000e-04  1.73990125e-07 
 3.90300000e-04  1.73736345e-07 
 3.90400000e-04  1.73521757e-07 
 3.90500000e-04  1.73423363e-07 
 3.90600000e-04  1.68569807e-07 
 3.90700000e-04  1.68198142e-07 
 3.90800000e-04  1.68028428e-07 
 3.90900000e-04  1.67936145e-07 
 3.91000000e-04  1.67923625e-07 
 3.91100000e-04  1.69025264e-07 
 3.91200000e-04  1.68061689e-07 
 3.91300000e-04  1.67801958e-07 
 3.91400000e-04  1.67586394e-07 
 3.91500000e-04  1.67504063e-07 
 3.91600000e-04  1.53956537e-07 
 3.91700000e-04  1.53259238e-07 
 3.91800000e-04  1.52985909e-07 
 3.91900000e-04  1.52785494e-07 
 3.92000000e-04  1.52660180e-07 
 3.92100000e-04  1.68608171e-07 
 3.92200000e-04  1.68427250e-07 
 3.92300000e-04  1.68336492e-07 
 3.92400000e-04  1.68251783e-07 
 3.92500000e-04  1.68212271e-07 
 3.92600000e-04  1.55680550e-07 
 3.92700000e-04  1.55309209e-07 
 3.92800000e-04  1.55100212e-07 
 3.92900000e-04  1.54959325e-07 
 3.93000000e-04  1.54888582e-07 
 3.93100000e-04  1.68331048e-07 
 3.93200000e-04  1.68107407e-07 
 3.93300000e-04  1.68026676e-07 
 3.93400000e-04  1.67956191e-07 
 3.93500000e-04  1.67922044e-07 
 3.93600000e-04  1.54154917e-07 
 3.93700000e-04  1.53731710e-07 
 3.93800000e-04  1.53502172e-07 
 3.93900000e-04  1.53325368e-07 
 3.94000000e-04  1.53202844e-07 
 3.94100000e-04  1.69700242e-07 
 3.94200000e-04  1.69398918e-07 
 3.94300000e-04  1.69293215e-07 
 3.94400000e-04  1.69201498e-07 
 3.94500000e-04  1.69147934e-07 
 3.94600000e-04  1.57916347e-07 
 3.94700000e-04  1.57544114e-07 
 3.94800000e-04  1.57340498e-07 
 3.94900000e-04  1.57207270e-07 
 3.95000000e-04  1.57146532e-07 
 3.95100000e-04  1.68383420e-07 
 3.95200000e-04  1.68129232e-07 
 3.95300000e-04  1.68040292e-07 
 3.95400000e-04  1.67962344e-07 
 3.95500000e-04  1.67936760e-07 
 3.95600000e-04  1.54201097e-07 
 3.95700000e-04  1.53739193e-07 
 3.95800000e-04  1.53506611e-07 
 3.95900000e-04  1.53327617e-07 
 3.96000000e-04  1.53203665e-07 
 3.96100000e-04  1.71108121e-07 
 3.96200000e-04  1.70561792e-07 
 3.96300000e-04  1.70397418e-07 
 3.96400000e-04  1.70314965e-07 
 3.96500000e-04  1.70258983e-07 
 3.96600000e-04  1.57263485e-07 
 3.96700000e-04  1.56730179e-07 
 3.96800000e-04  1.56479167e-07 
 3.96900000e-04  1.56294515e-07 
 3.97000000e-04  1.56177514e-07 
 3.97100000e-04  1.03755858e-04 
 3.97200000e-04  1.03755429e-04 
 3.97300000e-04  1.03755307e-04 
 3.97400000e-04  1.03755205e-04 
 3.97500000e-04  1.03755172e-04 
 3.97600000e-04  1.03741409e-04 
 3.97700000e-04  1.03740948e-04 
 3.97800000e-04  1.03740716e-04 
 3.97900000e-04  1.03740538e-04 
 3.98000000e-04  1.03740417e-04 
 3.98100000e-04  1.72000094e-07 
 3.98200000e-04  1.71543564e-07 
 3.98300000e-04  1.71399228e-07 
 3.98400000e-04  1.71276392e-07 
 3.98500000e-04  1.71209480e-07 
 3.98600000e-04  1.61247467e-07 
 3.98700000e-04  1.60872931e-07 
 3.98800000e-04  1.60681573e-07 
 3.98900000e-04  1.60558207e-07 
 3.99000000e-04  1.60504859e-07 
 3.99100000e-04  1.69647273e-07 
 3.99200000e-04  1.69351428e-07 
 3.99300000e-04  1.69246526e-07 
 3.99400000e-04  1.69154118e-07 
 3.99500000e-04  1.69117562e-07 
 3.99600000e-04  1.55354656e-07 
 3.99700000e-04  1.54852390e-07 
 3.99800000e-04  1.54605193e-07 
 3.99900000e-04  1.54423285e-07 
 4.00000000e-04  1.54308601e-07 
 4.00100000e-04  1.70333400e-07 
 4.00200000e-04  1.70129715e-07 
 4.00300000e-04  1.70048073e-07 
 4.00400000e-04  1.69975863e-07 
 4.00500000e-04  1.69925990e-07 
 4.00600000e-04  1.57328372e-07 
 4.00700000e-04  1.56961035e-07 
 4.00800000e-04  1.56767526e-07 
 4.00900000e-04  1.56630682e-07 
 4.01000000e-04  1.56552170e-07 
 4.01100000e-04  1.70080075e-07 
 4.01200000e-04  1.69846076e-07 
 4.01300000e-04  1.69757927e-07 
 4.01400000e-04  1.69680430e-07 
 4.01500000e-04  1.69653550e-07 
 4.01600000e-04  1.55815774e-07 
 4.01700000e-04  1.55388187e-07 
 4.01800000e-04  1.55167868e-07 
 4.01900000e-04  1.54996481e-07 
 4.02000000e-04  1.54875444e-07 
 4.02100000e-04  1.71447388e-07 
 4.02200000e-04  1.71156586e-07 
 4.02300000e-04  1.71045129e-07 
 4.02400000e-04  1.70945724e-07 
 4.02500000e-04  1.70894201e-07 
 4.02600000e-04  1.59556622e-07 
 4.02700000e-04  1.59192631e-07 
 4.02800000e-04  1.59005173e-07 
 4.02900000e-04  1.58878198e-07 
 4.03000000e-04  1.58813485e-07 
 4.03100000e-04  1.70156510e-07 
 4.03200000e-04  1.69890556e-07 
 4.03300000e-04  1.69800323e-07 
 4.03400000e-04  1.69721713e-07 
 4.03500000e-04  1.69680664e-07 
 4.03600000e-04  1.55859772e-07 
 4.03700000e-04  1.55402072e-07 
 4.03800000e-04  1.55177367e-07 
 4.03900000e-04  1.55005900e-07 
 4.04000000e-04  1.54889220e-07 
 4.04100000e-04  1.70930593e-07 
 4.04200000e-04  1.70725577e-07 
 4.04300000e-04  1.70646302e-07 
 4.04400000e-04  1.70576401e-07 
 4.04500000e-04  1.70525305e-07 
 4.04600000e-04  1.57887172e-07 
 4.04700000e-04  1.57526127e-07 
 4.04800000e-04  1.57342073e-07 
 4.04900000e-04  1.57208532e-07 
 4.05000000e-04  1.57126969e-07 
 4.05100000e-04  1.70695662e-07 
 4.05200000e-04  1.70469172e-07 
 4.05300000e-04  1.70380207e-07 
 4.05400000e-04  1.70300856e-07 
 4.05500000e-04  1.70270513e-07 
 4.05600000e-04  1.56380849e-07 
 4.05700000e-04  1.55973540e-07 
 4.05800000e-04  1.55748269e-07 
 4.05900000e-04  1.55581611e-07 
 4.06000000e-04  1.55475284e-07 
 4.06100000e-04  1.73134355e-07 
 4.06200000e-04  1.72628568e-07 
 4.06300000e-04  1.72449162e-07 
 4.06400000e-04  1.72291254e-07 
 4.06500000e-04  1.72236616e-07 
 4.06600000e-04  1.63474062e-07 
 4.06700000e-04  1.63102019e-07 
 4.06800000e-04  1.62928380e-07 
 4.06900000e-04  1.62820112e-07 
 4.07000000e-04  1.62779148e-07 
 4.07100000e-04  1.69950585e-07 
 4.07200000e-04  1.69552828e-07 
 4.07300000e-04  1.69399655e-07 
 4.07400000e-04  1.69263008e-07 
 4.07500000e-04  1.69200852e-07 
 4.07600000e-04  1.55448637e-07 
 4.07700000e-04  1.54907222e-07 
 4.07800000e-04  1.54642441e-07 
 4.07900000e-04  1.54449593e-07 
 4.08000000e-04  1.54330817e-07 
 4.08100000e-04  1.70345920e-07 
 4.08200000e-04  1.70151082e-07 
 4.08300000e-04  1.70063770e-07 
 4.08400000e-04  1.69984083e-07 
 4.08500000e-04  1.69949028e-07 
 4.08600000e-04  1.57332671e-07 
 4.08700000e-04  1.56948677e-07 
 4.08800000e-04  1.56766578e-07 
 4.08900000e-04  1.56635344e-07 
 4.09000000e-04  1.56556446e-07 
 4.09100000e-04  1.70091591e-07 
 4.09200000e-04  1.69851704e-07 
 4.09300000e-04  1.69772036e-07 
 4.09400000e-04  1.69704471e-07 
 4.09500000e-04  1.69656218e-07 
 4.09600000e-04  1.55804245e-07 
 4.09700000e-04  1.55398855e-07 
 4.09800000e-04  1.55163999e-07 
 4.09900000e-04  1.54990009e-07 
 4.10000000e-04  1.54878677e-07 
 4.10100000e-04  1.71468710e-07 
 4.10200000e-04  1.71155647e-07 
 4.10300000e-04  1.71039566e-07 
 4.10400000e-04  1.70937791e-07 
 4.10500000e-04  1.70889433e-07 
 4.10600000e-04  1.59574615e-07 
 4.10700000e-04  1.59189055e-07 
 4.10800000e-04  1.59012120e-07 
 4.10900000e-04  1.58887199e-07 
 4.11000000e-04  1.58815801e-07 
 4.11100000e-04  1.70163209e-07 
 4.11200000e-04  1.69888590e-07 
 4.11300000e-04  1.69794338e-07 
 4.11400000e-04  1.69712258e-07 
 4.11500000e-04  1.69682676e-07 
 4.11600000e-04  1.55858654e-07 
 4.11700000e-04  1.55407315e-07 
 4.11800000e-04  1.55172915e-07 
 4.11900000e-04  1.54997105e-07 
 4.12000000e-04  1.54881601e-07 
 4.12100000e-04  1.70928365e-07 
 4.12200000e-04  1.70738946e-07 
 4.12300000e-04  1.70651386e-07 
 4.12400000e-04  1.70570989e-07 
 4.12500000e-04  1.70529879e-07 
 4.12600000e-04  1.57902325e-07 
 4.12700000e-04  1.57526458e-07 
 4.12800000e-04  1.57338494e-07 
 4.12900000e-04  1.57206327e-07 
 4.13000000e-04  1.57131581e-07 
 4.13100000e-04  1.70693509e-07 
 4.13200000e-04  1.70471165e-07 
 4.13300000e-04  1.70386412e-07 
 4.13400000e-04  1.70311350e-07 
 4.13500000e-04  1.70274297e-07 
 4.13600000e-04  1.56393787e-07 
 4.13700000e-04  1.55976780e-07 
 4.13800000e-04  1.55758697e-07 
 4.13900000e-04  1.55586621e-07 
 4.14000000e-04  1.55461866e-07 
 4.14100000e-04  1.72592693e-07 
 4.14200000e-04  1.72190642e-07 
 4.14300000e-04  1.72050228e-07 
 4.14400000e-04  1.71927229e-07 
 4.14500000e-04  1.71856468e-07 
 4.14600000e-04  1.61802810e-07 
 4.14700000e-04  1.61448591e-07 
 4.14800000e-04  1.61265599e-07 
 4.14900000e-04  1.61147695e-07 
 4.15000000e-04  1.61096796e-07 
 4.15100000e-04  1.70287230e-07 
 4.15200000e-04  1.69968953e-07 
 4.15300000e-04  1.69861425e-07 
 4.15400000e-04  1.69768308e-07 
 4.15500000e-04  1.69729774e-07 
 4.15600000e-04  1.55935885e-07 
 4.15700000e-04  1.55432423e-07 
 4.15800000e-04  1.55187528e-07 
 4.15900000e-04  1.55003451e-07 
 4.16000000e-04  1.54881974e-07 
 4.16100000e-04  1.70944977e-07 
 4.16200000e-04  1.70752832e-07 
 4.16300000e-04  1.70657992e-07 
 4.16400000e-04  1.70569848e-07 
 4.16500000e-04  1.70525477e-07 
 4.16600000e-04  1.57909740e-07 
 4.16700000e-04  1.57531262e-07 
 4.16800000e-04  1.57339216e-07 
 4.16900000e-04  1.57208642e-07 
 4.17000000e-04  1.57141340e-07 
 4.17100000e-04  1.70697622e-07 
 4.17200000e-04  1.70476562e-07 
 4.17300000e-04  1.70389993e-07 
 4.17400000e-04  1.70312628e-07 
 4.17500000e-04  1.70267380e-07 
 4.17600000e-04  1.56385003e-07 
 4.17700000e-04  1.55978572e-07 
 4.17800000e-04  1.55757463e-07 
 4.17900000e-04  1.55584879e-07 
 4.18000000e-04  1.55462068e-07 
 4.18100000e-04  1.74264549e-07 
 4.18200000e-04  1.73483568e-07 
 4.18300000e-04  1.73236822e-07 
 4.18400000e-04  1.73129037e-07 
 4.18500000e-04  1.73066155e-07 
 4.18600000e-04  1.61249761e-07 
 4.18700000e-04  1.60734380e-07 
 4.18800000e-04  1.60490126e-07 
 4.18900000e-04  1.60309562e-07 
 4.19000000e-04  1.60193899e-07 
 4.19100000e-04  1.03757721e-04 
 4.19200000e-04  1.03757246e-04 
 4.19300000e-04  1.03757115e-04 
 4.19400000e-04  1.03757007e-04 
 4.19500000e-04  1.03756957e-04 
 4.19600000e-04  1.03743115e-04 
 4.19700000e-04  1.03742647e-04 
 4.19800000e-04  1.03742415e-04 
 4.19900000e-04  1.03742236e-04 
 4.20000000e-04  1.03742109e-04 
 4.20100000e-04  1.72719556e-07 
 4.20200000e-04  1.72482706e-07 
 4.20300000e-04  1.72384404e-07 
 4.20400000e-04  1.72296303e-07 
 4.20500000e-04  1.72257804e-07 
 4.20600000e-04  1.59591301e-07 
 4.20700000e-04  1.59205738e-07 
 4.20800000e-04  1.59024277e-07 
 4.20900000e-04  1.58893367e-07 
 4.21000000e-04  1.58814458e-07 
 4.21100000e-04  1.72462857e-07 
 4.21200000e-04  1.72215327e-07 
 4.21300000e-04  1.72135928e-07 
 4.21400000e-04  1.72069277e-07 
 4.21500000e-04  1.72019055e-07 
 4.21600000e-04  1.58051919e-07 
 4.21700000e-04  1.57650014e-07 
 4.21800000e-04  1.57434029e-07 
 4.21900000e-04  1.57270065e-07 
 4.22000000e-04  1.57159619e-07 
 4.22100000e-04  1.75430515e-07 
 4.22200000e-04  1.74806365e-07 
 4.22300000e-04  1.74605745e-07 
 4.22400000e-04  1.74432953e-07 
 4.22500000e-04  1.74357248e-07 
 4.22600000e-04  1.66803897e-07 
 4.22700000e-04  1.66450366e-07 
 4.22800000e-04  1.66277000e-07 
 4.22900000e-04  1.66175116e-07 
 4.23000000e-04  1.66146823e-07 
 4.23100000e-04  1.71729918e-07 
 4.23200000e-04  1.70927310e-07 
 4.23300000e-04  1.70677127e-07 
 4.23400000e-04  1.70464477e-07 
 4.23500000e-04  1.70369020e-07 
 4.23600000e-04  1.56596816e-07 
 4.23700000e-04  1.56015770e-07 
 4.23800000e-04  1.55740281e-07 
 4.23900000e-04  1.55543797e-07 
 4.24000000e-04  1.55428669e-07 
 4.24100000e-04  1.71512279e-07 
 4.24200000e-04  1.71320254e-07 
 4.24300000e-04  1.71219293e-07 
 4.24400000e-04  1.71124034e-07 
 4.24500000e-04  1.71091007e-07 
 4.24600000e-04  1.58404783e-07 
 4.24700000e-04  1.58046752e-07 
 4.24800000e-04  1.57852556e-07 
 4.24900000e-04  1.57715106e-07 
 4.25000000e-04  1.57636045e-07 
 4.25100000e-04  1.71241951e-07 
 4.25200000e-04  1.70993412e-07 
 4.25300000e-04  1.70904455e-07 
 4.25400000e-04  1.70827486e-07 
 4.25500000e-04  1.70806891e-07 
 4.25600000e-04  1.56883448e-07 
 4.25700000e-04  1.56478345e-07 
 4.25800000e-04  1.56254442e-07 
 4.25900000e-04  1.56085985e-07 
 4.26000000e-04  1.55974572e-07 
 4.26100000e-04  1.72602102e-07 
 4.26200000e-04  1.72293575e-07 
 4.26300000e-04  1.72175614e-07 
 4.26400000e-04  1.72070484e-07 
 4.26500000e-04  1.72018690e-07 
 4.26600000e-04  1.60640762e-07 
 4.26700000e-04  1.60272208e-07 
 4.26800000e-04  1.60082027e-07 
 4.26900000e-04  1.59961149e-07 
 4.27000000e-04  1.59911615e-07 
 4.27100000e-04  1.71299822e-07 
 4.27200000e-04  1.71023206e-07 
 4.27300000e-04  1.70930375e-07 
 4.27400000e-04  1.70849879e-07 
 4.27500000e-04  1.70806501e-07 
 4.27600000e-04  1.56934535e-07 
 4.27700000e-04  1.56467000e-07 
 4.27800000e-04  1.56250264e-07 
 4.27900000e-04  1.56084446e-07 
 4.28000000e-04  1.55971005e-07 
 4.28100000e-04  1.72069535e-07 
 4.28200000e-04  1.71863966e-07 
 4.28300000e-04  1.71779956e-07 
 4.28400000e-04  1.71704886e-07 
 4.28500000e-04  1.71651910e-07 
 4.28600000e-04  1.58972678e-07 
 4.28700000e-04  1.58616775e-07 
 4.28800000e-04  1.58427512e-07 
 4.28900000e-04  1.58289047e-07 
 4.29000000e-04  1.58202830e-07 
 4.29100000e-04  1.71838170e-07 
 4.29200000e-04  1.71592161e-07 
 4.29300000e-04  1.71503121e-07 
 4.29400000e-04  1.71425479e-07 
 4.29500000e-04  1.71392793e-07 
 4.29600000e-04  1.57462600e-07 
 4.29700000e-04  1.57045612e-07 
 4.29800000e-04  1.56835540e-07 
 4.29900000e-04  1.56669326e-07 
 4.30000000e-04  1.56548200e-07 
 4.30100000e-04  1.73749911e-07 
 4.30200000e-04  1.73331720e-07 
 4.30300000e-04  1.73181043e-07 
 4.30400000e-04  1.73048420e-07 
 4.30500000e-04  1.72996331e-07 
 4.30600000e-04  1.62874441e-07 
 4.30700000e-04  1.62516352e-07 
 4.30800000e-04  1.62338451e-07 
 4.30900000e-04  1.62219731e-07 
 4.31000000e-04  1.62161907e-07 
 4.31100000e-04  1.71431867e-07 
 4.31200000e-04  1.71114112e-07 
 4.31300000e-04  1.70997020e-07 
 4.31400000e-04  1.70893216e-07 
 4.31500000e-04  1.70861027e-07 
 4.31600000e-04  1.57010451e-07 
 4.31700000e-04  1.56495142e-07 
 4.31800000e-04  1.56266608e-07 
 4.31900000e-04  1.56095789e-07 
 4.32000000e-04  1.55984356e-07 
 4.32100000e-04  1.72093980e-07 
 4.32200000e-04  1.71893280e-07 
 4.32300000e-04  1.71803649e-07 
 4.32400000e-04  1.71722082e-07 
 4.32500000e-04  1.71665164e-07 
 4.32600000e-04  1.58960447e-07 
 4.32700000e-04  1.58608019e-07 
 4.32800000e-04  1.58432864e-07 
 4.32900000e-04  1.58301417e-07 
 4.33000000e-04  1.58214899e-07 
 4.33100000e-04  1.71831926e-07 
 4.33200000e-04  1.71596651e-07 
 4.33300000e-04  1.71513514e-07 
 4.33400000e-04  1.71441367e-07 
 4.33500000e-04  1.71409282e-07 
 4.33600000e-04  1.57461862e-07 
 4.33700000e-04  1.57060819e-07 
 4.33800000e-04  1.56846009e-07 
 4.33900000e-04  1.56680075e-07 
 4.34000000e-04  1.56564401e-07 
 4.34100000e-04  1.73228046e-07 
 4.34200000e-04  1.72899736e-07 
 4.34300000e-04  1.72782902e-07 
 4.34400000e-04  1.72681409e-07 
 4.34500000e-04  1.72645353e-07 
 4.34600000e-04  1.61232146e-07 
 4.34700000e-04  1.60859149e-07 
 4.34800000e-04  1.60678750e-07 
 4.34900000e-04  1.60559281e-07 
 4.35000000e-04  1.60502509e-07 
 4.35100000e-04  1.71917246e-07 
 4.35200000e-04  1.71651979e-07 
 4.35300000e-04  1.71555262e-07 
 4.35400000e-04  1.71469781e-07 
 4.35500000e-04  1.71421628e-07 
 4.35600000e-04  1.57508681e-07 
 4.35700000e-04  1.57079272e-07 
 4.35800000e-04  1.56836618e-07 
 4.35900000e-04  1.56665040e-07 
 4.36000000e-04  1.56566450e-07 
 4.36100000e-04  1.74626455e-07 
 4.36200000e-04  1.74086737e-07 
 4.36300000e-04  1.73886122e-07 
 4.36400000e-04  1.73799874e-07 
 4.36500000e-04  1.73750580e-07 
 4.36600000e-04  1.60566608e-07 
 4.36700000e-04  1.60059395e-07 
 4.36800000e-04  1.59813601e-07 
 4.36900000e-04  1.59636674e-07 
 4.37000000e-04  1.59529922e-07 
 4.37100000e-04  1.03759396e-04 
 4.37200000e-04  1.03758956e-04 
 4.37300000e-04  1.03758833e-04 
 4.37400000e-04  1.03758732e-04 
 4.37500000e-04  1.03758694e-04 
 4.37600000e-04  1.03744727e-04 
 4.37700000e-04  1.03744293e-04 
 4.37800000e-04  1.03744069e-04 
 4.37900000e-04  1.03743901e-04 
 4.38000000e-04  1.03743789e-04 
 4.38100000e-04  1.76061657e-07 
 4.38200000e-04  1.75502670e-07 
 4.38300000e-04  1.75319242e-07 
 4.38400000e-04  1.75160654e-07 
 4.38500000e-04  1.75093966e-07 
 4.38600000e-04  1.66231680e-07 
 4.38700000e-04  1.65867983e-07 
 4.38800000e-04  1.65694609e-07 
 4.38900000e-04  1.65590619e-07 
 4.39000000e-04  1.65558049e-07 
 4.39100000e-04  1.72870755e-07 
 4.39200000e-04  1.72446787e-07 
 4.39300000e-04  1.72285229e-07 
 4.39400000e-04  1.72141630e-07 
 4.39500000e-04  1.72085881e-07 
 4.39600000e-04  1.58191702e-07 
 4.39700000e-04  1.57655784e-07 
 4.39800000e-04  1.57408203e-07 
 4.39900000e-04  1.57220896e-07 
 4.40000000e-04  1.57095602e-07 
 4.40100000e-04  1.73273925e-07 
 4.40200000e-04  1.73059602e-07 
 4.40300000e-04  1.72964591e-07 
 4.40400000e-04  1.72878357e-07 
 4.40500000e-04  1.72828367e-07 
 4.40600000e-04  1.60059518e-07 
 4.40700000e-04  1.59703805e-07 
 4.40800000e-04  1.59516991e-07 
 4.40900000e-04  1.59388524e-07 
 4.41000000e-04  1.59320084e-07 
 4.41100000e-04  1.73012553e-07 
 4.41200000e-04  1.72758994e-07 
 4.41300000e-04  1.72664059e-07 
 4.41400000e-04  1.72581021e-07 
 4.41500000e-04  1.72556045e-07 
 4.41600000e-04  1.58542928e-07 
 4.41700000e-04  1.58151659e-07 
 4.41800000e-04  1.57931455e-07 
 4.41900000e-04  1.57765830e-07 
 4.42000000e-04  1.57656338e-07 
 4.42100000e-04  1.74375815e-07 
 4.42200000e-04  1.74057112e-07 
 4.42300000e-04  1.73929794e-07 
 4.42400000e-04  1.73815586e-07 
 4.42500000e-04  1.73767057e-07 
 4.42600000e-04  1.62300988e-07 
 4.42700000e-04  1.61949874e-07 
 4.42800000e-04  1.61768061e-07 
 4.42900000e-04  1.61645606e-07 
 4.43000000e-04  1.61584214e-07 
 4.43100000e-04  1.73068994e-07 
 4.43200000e-04  1.72788368e-07 
 4.43300000e-04  1.72687751e-07 
 4.43400000e-04  1.72599184e-07 
 4.43500000e-04  1.72555940e-07 
 4.43600000e-04  1.58586507e-07 
 4.43700000e-04  1.58145888e-07 
 4.43800000e-04  1.57927568e-07 
 4.43900000e-04  1.57761178e-07 
 4.44000000e-04  1.57648184e-07 
 4.44100000e-04  1.73841474e-07 
 4.44200000e-04  1.73643016e-07 
 4.44300000e-04  1.73542113e-07 
 4.44400000e-04  1.73448024e-07 
 4.44500000e-04  1.73415464e-07 
 4.44600000e-04  1.60619900e-07 
 4.44700000e-04  1.60272481e-07 
 4.44800000e-04  1.60095510e-07 
 4.44900000e-04  1.59973247e-07 
 4.45000000e-04  1.59907252e-07 
 4.45100000e-04  1.73599402e-07 
 4.45200000e-04  1.73363883e-07 
 4.45300000e-04  1.73265135e-07 
 4.45400000e-04  1.73175693e-07 
 4.45500000e-04  1.73154383e-07 
 4.45600000e-04  1.59119057e-07 
 4.45700000e-04  1.58704731e-07 
 4.45800000e-04  1.58500975e-07 
 4.45900000e-04  1.58343691e-07 
 4.46000000e-04  1.58234180e-07 
 4.46100000e-04  1.75521625e-07 
 4.46200000e-04  1.75098600e-07 
 4.46300000e-04  1.74942517e-07 
 4.46400000e-04  1.74804376e-07 
 4.46500000e-04  1.74751695e-07 
 4.46600000e-04  1.64532356e-07 
 4.46700000e-04  1.64184395e-07 
 4.46800000e-04  1.64019210e-07 
 4.46900000e-04  1.63907863e-07 
 4.47000000e-04  1.63851883e-07 
 4.47100000e-04  1.73216812e-07 
 4.47200000e-04  1.72873354e-07 
 4.47300000e-04  1.72756385e-07 
 4.47400000e-04  1.72655231e-07 
 4.47500000e-04  1.72610149e-07 
 4.47600000e-04  1.58650918e-07 
 4.47700000e-04  1.58182287e-07 
 4.47800000e-04  1.57952128e-07 
 4.47900000e-04  1.57776675e-07 
 4.48000000e-04  1.57657478e-07 
 4.48100000e-04  1.73869339e-07 
 4.48200000e-04  1.73647347e-07 
 4.48300000e-04  1.73555623e-07 
 4.48400000e-04  1.73474120e-07 
 4.48500000e-04  1.73424279e-07 
 4.48600000e-04  1.60634419e-07 
 4.48700000e-04  1.60277480e-07 
 4.48800000e-04  1.60100958e-07 
 4.48900000e-04  1.59973217e-07 
 4.49000000e-04  1.59895627e-07 
 4.49100000e-04  1.73623706e-07 
 4.49200000e-04  1.73361549e-07 
 4.49300000e-04  1.73270735e-07 
 4.49400000e-04  1.73193056e-07 
 4.49500000e-04  1.73145584e-07 
 4.49600000e-04  1.59112502e-07 
 4.49700000e-04  1.58713205e-07 
 4.49800000e-04  1.58498718e-07 
 4.49900000e-04  1.58338692e-07 
 4.50000000e-04  1.58234673e-07 
 4.50100000e-04  1.75001081e-07 
 4.50200000e-04  1.74680617e-07 
 4.50300000e-04  1.74558256e-07 
 4.50400000e-04  1.74450162e-07 
 4.50500000e-04  1.74391171e-07 
 4.50600000e-04  1.62864105e-07 
 4.50700000e-04  1.62518831e-07 
 4.50800000e-04  1.62354803e-07 
 4.50900000e-04  1.62241196e-07 
 4.51000000e-04  1.62179425e-07 
 4.51100000e-04  1.73694791e-07 
 4.51200000e-04  1.73411284e-07 
 4.51300000e-04  1.73300811e-07 
 4.51400000e-04  1.73201966e-07 
 4.51500000e-04  1.73169131e-07 
 4.51600000e-04  1.59170839e-07 
 4.51700000e-04  1.58741945e-07 
 4.51800000e-04  1.58518415e-07 
 4.51900000e-04  1.58352212e-07 
 4.52000000e-04  1.58244973e-07 
 4.52100000e-04  1.74463966e-07 
 4.52200000e-04  1.74264663e-07 
 4.52300000e-04  1.74165932e-07 
 4.52400000e-04  1.74074175e-07 
 4.52500000e-04  1.74020943e-07 
 4.52600000e-04  1.61218733e-07 
 4.52700000e-04  1.60855558e-07 
 4.52800000e-04  1.60681277e-07 
 4.52900000e-04  1.60561076e-07 
 4.53000000e-04  1.60496487e-07 
 4.53100000e-04  1.74226739e-07 
 4.53200000e-04  1.73979222e-07 
 4.53300000e-04  1.73883783e-07 
 4.53400000e-04  1.73799166e-07 
 4.53500000e-04  1.73755225e-07 
 4.53600000e-04  1.59708100e-07 
 4.53700000e-04  1.59318917e-07 
 4.53800000e-04  1.59110043e-07 
 4.53900000e-04  1.58944304e-07 
 4.54000000e-04  1.58822886e-07 
 4.54100000e-04  1.77718769e-07 
 4.54200000e-04  1.76975156e-07 
 4.54300000e-04  1.76745547e-07 
 4.54400000e-04  1.76549947e-07 
 4.54500000e-04  1.76456855e-07 
 4.54600000e-04  1.70116663e-07 
 4.54700000e-04  1.69757407e-07 
 4.54800000e-04  1.69598501e-07 
 4.54900000e-04  1.69510846e-07 
 4.55000000e-04  1.69496520e-07 
 4.55100000e-04  1.72999864e-07 
 4.55200000e-04  1.72041566e-07 
 4.55300000e-04  1.71785803e-07 
 4.55400000e-04  1.71574448e-07 
 4.55500000e-04  1.71477171e-07 
 4.55600000e-04  1.57671772e-07 
 4.55700000e-04  1.57079843e-07 
 4.55800000e-04  1.56817021e-07 
 4.55900000e-04  1.56621493e-07 
 4.56000000e-04  1.56495211e-07 
 4.56100000e-04  1.72654249e-07 
 4.56200000e-04  1.72445427e-07 
 4.56300000e-04  1.72353088e-07 
 4.56400000e-04  1.72269425e-07 
 4.56500000e-04  1.72202417e-07 
 4.56600000e-04  1.59455164e-07 
 4.56700000e-04  1.59116035e-07 
 4.56800000e-04  1.58937367e-07 
 4.56900000e-04  1.58806013e-07 
 4.57000000e-04  1.58723285e-07 
 4.57100000e-04  1.72388607e-07 
 4.57200000e-04  1.72143447e-07 
 4.57300000e-04  1.72053619e-07 
 4.57400000e-04  1.71975067e-07 
 4.57500000e-04  1.71925753e-07 
 4.57600000e-04  1.57944697e-07 
 4.57700000e-04  1.57547800e-07 
 4.57800000e-04  1.57331270e-07 
 4.57900000e-04  1.57165578e-07 
 4.58000000e-04  1.57052146e-07 
 4.58100000e-04  1.73749442e-07 
 4.58200000e-04  1.73439650e-07 
 4.58300000e-04  1.73317804e-07 
 4.58400000e-04  1.73208852e-07 
 4.58500000e-04  1.73146038e-07 
 4.58600000e-04  1.61701167e-07 
 4.58700000e-04  1.61339430e-07 
 4.58800000e-04  1.61169954e-07 
 4.58900000e-04  1.61054255e-07 
 4.59000000e-04  1.60993849e-07 
 4.59100000e-04  1.72446095e-07 
 4.59200000e-04  1.72167634e-07 
 4.59300000e-04  1.72068812e-07 
 4.59400000e-04  1.71982093e-07 
 4.59500000e-04  1.71951522e-07 
 4.59600000e-04  1.57991874e-07 
 4.59700000e-04  1.57549005e-07 
 4.59800000e-04  1.57326385e-07 
 4.59900000e-04  1.57156180e-07 
 4.60000000e-04  1.57039864e-07 
 4.60100000e-04  1.73213457e-07 
 4.60200000e-04  1.73008147e-07 
 4.60300000e-04  1.72916584e-07 
 4.60400000e-04  1.72833182e-07 
 4.60500000e-04  1.72789762e-07 
 4.60600000e-04  1.60032134e-07 
 4.60700000e-04  1.59695147e-07 
 4.60800000e-04  1.59497504e-07 
 4.60900000e-04  1.59365502e-07 
 4.61000000e-04  1.59301031e-07 
 4.61100000e-04  1.72975265e-07 
 4.61200000e-04  1.72737820e-07 
 4.61300000e-04  1.72644658e-07 
 4.61400000e-04  1.72561745e-07 
 4.61500000e-04  1.72530496e-07 
 4.61600000e-04  1.58531731e-07 
 4.61700000e-04  1.58123067e-07 
 4.61800000e-04  1.57914345e-07 
 4.61900000e-04  1.57753435e-07 
 4.62000000e-04  1.57641658e-07 
 4.62100000e-04  1.74889938e-07 
 4.62200000e-04  1.74464040e-07 
 4.62300000e-04  1.74316733e-07 
 4.62400000e-04  1.74188629e-07 
 4.62500000e-04  1.74130815e-07 
 4.62600000e-04  1.63952142e-07 
 4.62700000e-04  1.63601044e-07 
 4.62800000e-04  1.63418467e-07 
 4.62900000e-04  1.63307080e-07 
 4.63000000e-04  1.63268947e-07 
 4.63100000e-04  1.72572645e-07 
 4.63200000e-04  1.72254519e-07 
 4.63300000e-04  1.72136814e-07 
 4.63400000e-04  1.72032649e-07 
 4.63500000e-04  1.71982216e-07 
 4.63600000e-04  1.58060174e-07 
 4.63700000e-04  1.57576609e-07 
 4.63800000e-04  1.57347353e-07 
 4.63900000e-04  1.57172655e-07 
 4.64000000e-04  1.57054050e-07 
 4.64100000e-04  1.73234323e-07 
 4.64200000e-04  1.73027774e-07 
 4.64300000e-04  1.72931686e-07 
 4.64400000e-04  1.72843727e-07 
 4.64500000e-04  1.72801426e-07 
 4.64600000e-04  1.60035943e-07 
 4.64700000e-04  1.59686198e-07 
 4.64800000e-04  1.59503286e-07 
 4.64900000e-04  1.59374659e-07 
 4.65000000e-04  1.59301845e-07 
 4.65100000e-04  1.72993125e-07 
 4.65200000e-04  1.72739259e-07 
 4.65300000e-04  1.72646019e-07 
 4.65400000e-04  1.72564566e-07 
 4.65500000e-04  1.72532678e-07 
 4.65600000e-04  1.58531170e-07 
 4.65700000e-04  1.58133090e-07 
 4.65800000e-04  1.57912803e-07 
 4.65900000e-04  1.57747647e-07 
 4.66000000e-04  1.57639175e-07 
 4.66100000e-04  1.74349388e-07 
 4.66200000e-04  1.74042903e-07 
 4.66300000e-04  1.73929459e-07 
 4.66400000e-04  1.73829258e-07 
 4.66500000e-04  1.73765586e-07 
 4.66600000e-04  1.62274840e-07 
 4.66700000e-04  1.61930572e-07 
 4.66800000e-04  1.61751482e-07 
 4.66900000e-04  1.61628183e-07 
 4.67000000e-04  1.61562244e-07 
 4.67100000e-04  1.73068223e-07 
 4.67200000e-04  1.72791247e-07 
 4.67300000e-04  1.72689753e-07 
 4.67400000e-04  1.72600020e-07 
 4.67500000e-04  1.72547851e-07 
 4.67600000e-04  1.58582881e-07 
 4.67700000e-04  1.58139940e-07 
 4.67800000e-04  1.57918527e-07 
 4.67900000e-04  1.57749510e-07 
 4.68000000e-04  1.57634354e-07 
 4.68100000e-04  1.73828629e-07 
 4.68200000e-04  1.73619112e-07 
 4.68300000e-04  1.73531020e-07 
 4.68400000e-04  1.73451726e-07 
 4.68500000e-04  1.73402310e-07 
 4.68600000e-04  1.60619063e-07 
 4.68700000e-04  1.60266699e-07 
 4.68800000e-04  1.60092150e-07 
 4.68900000e-04  1.59972236e-07 
 4.69000000e-04  1.59908485e-07 
 4.69100000e-04  1.73611417e-07 
 4.69200000e-04  1.73354556e-07 
 4.69300000e-04  1.73256181e-07 
 4.69400000e-04  1.73169788e-07 
 4.69500000e-04  1.73136837e-07 
 4.69600000e-04  1.59107522e-07 
 4.69700000e-04  1.58713292e-07 
 4.69800000e-04  1.58500880e-07 
 4.69900000e-04  1.58338152e-07 
 4.70000000e-04  1.58226481e-07 
 4.70100000e-04  1.76041531e-07 
 4.70200000e-04  1.75502452e-07 
 4.70300000e-04  1.75328544e-07 
 4.70400000e-04  1.75179594e-07 
 4.70500000e-04  1.75095223e-07 
 4.70600000e-04  1.66204208e-07 
 4.70700000e-04  1.65852178e-07 
 4.70800000e-04  1.65687526e-07 
 4.70900000e-04  1.65579676e-07 
 4.71000000e-04  1.65530228e-07 
 4.71100000e-04  1.72860269e-07 
 4.71200000e-04  1.72448656e-07 
 4.71300000e-04  1.72282543e-07 
 4.71400000e-04  1.72133100e-07 
 4.71500000e-04  1.72064879e-07 
 4.71600000e-04  1.58165603e-07 
 4.71700000e-04  1.57642462e-07 
 4.71800000e-04  1.57393788e-07 
 4.71900000e-04  1.57208666e-07 
 4.72000000e-04  1.57088913e-07 
 4.72100000e-04  1.73257906e-07 
 4.72200000e-04  1.73059268e-07 
 4.72300000e-04  1.72962988e-07 
 4.72400000e-04  1.72873665e-07 
 4.72500000e-04  1.72819875e-07 
 4.72600000e-04  1.60044121e-07 
 4.72700000e-04  1.59707591e-07 
 4.72800000e-04  1.59513420e-07 
 4.72900000e-04  1.59379976e-07 
 4.73000000e-04  1.59308986e-07 
 4.73100000e-04  1.72994923e-07 
 4.73200000e-04  1.72756291e-07 
 4.73300000e-04  1.72662393e-07 
 4.73400000e-04  1.72578810e-07 
 4.73500000e-04  1.72539885e-07 
 4.73600000e-04  1.58533994e-07 
 4.73700000e-04  1.58133259e-07 
 4.73800000e-04  1.57917128e-07 
 4.73900000e-04  1.57749425e-07 
 4.74000000e-04  1.57631479e-07 
 4.74100000e-04  1.74372336e-07 
 4.74200000e-04  1.74051411e-07 
 4.74300000e-04  1.73931226e-07 
 4.74400000e-04  1.73825217e-07 
 4.74500000e-04  1.73764845e-07 
 4.74600000e-04  1.62298658e-07 
 4.74700000e-04  1.61942068e-07 
 4.74800000e-04  1.61768011e-07 
 4.74900000e-04  1.61645857e-07 
 4.75000000e-04  1.61577049e-07 
 4.75100000e-04  1.73084822e-07 
 4.75200000e-04  1.72800865e-07 
 4.75300000e-04  1.72697541e-07 
 4.75400000e-04  1.72606424e-07 
 4.75500000e-04  1.72558342e-07 
 4.75600000e-04  1.58585232e-07 
 4.75700000e-04  1.58141647e-07 
 4.75800000e-04  1.57930122e-07 
 4.75900000e-04  1.57764437e-07 
 4.76000000e-04  1.57645839e-07 
 4.76100000e-04  1.73851885e-07 
 4.76200000e-04  1.73640922e-07 
 4.76300000e-04  1.73542364e-07 
 4.76400000e-04  1.73451914e-07 
 4.76500000e-04  1.73403838e-07 
 4.76600000e-04  1.60620775e-07 
 4.76700000e-04  1.60270746e-07 
 4.76800000e-04  1.60092805e-07 
 4.76900000e-04  1.59962335e-07 
 4.77000000e-04  1.59880635e-07 
 4.77100000e-04  1.73595373e-07 
 4.77200000e-04  1.73357122e-07 
 4.77300000e-04  1.73268917e-07 
 4.77400000e-04  1.73191428e-07 
 4.77500000e-04  1.73145749e-07 
 4.77600000e-04  1.59110433e-07 
 4.77700000e-04  1.58719740e-07 
 4.77800000e-04  1.58510509e-07 
 4.77900000e-04  1.58346940e-07 
 4.78000000e-04  1.58230272e-07 
 4.78100000e-04  1.75524685e-07 
 4.78200000e-04  1.75094952e-07 
 4.78300000e-04  1.74944160e-07 
 4.78400000e-04  1.74812587e-07 
 4.78500000e-04  1.74737151e-07 
 4.78600000e-04  1.64531148e-07 
 4.78700000e-04  1.64193941e-07 
 4.78800000e-04  1.64021468e-07 
 4.78900000e-04  1.63911449e-07 
 4.79000000e-04  1.63865657e-07 
 4.79100000e-04  1.73191212e-07 
 4.79200000e-04  1.72886881e-07 
 4.79300000e-04  1.72758660e-07 
 4.79400000e-04  1.72641618e-07 
 4.79500000e-04  1.72598253e-07 
 4.79600000e-04  1.58657054e-07 
 4.79700000e-04  1.58182428e-07 
 4.79800000e-04  1.57942724e-07 
 4.79900000e-04  1.57769984e-07 
 4.80000000e-04  1.57666122e-07 
 4.80100000e-04  1.73869588e-07 
 4.80200000e-04  1.73647811e-07 
 4.80300000e-04  1.73547662e-07 
 4.80400000e-04  1.73456525e-07 
 4.80500000e-04  1.73409823e-07 
 4.80600000e-04  1.60624209e-07 
 4.80700000e-04  1.60289873e-07 
 4.80800000e-04  1.60098803e-07 
 4.80900000e-04  1.59971300e-07 
 4.81000000e-04  1.59909167e-07 
 4.81100000e-04  1.73604541e-07 
 4.81200000e-04  1.73352921e-07 
 4.81300000e-04  1.73259909e-07 
 4.81400000e-04  1.73178523e-07 
 4.81500000e-04  1.73153545e-07 
 4.81600000e-04  1.59119477e-07 
 4.81700000e-04  1.58726367e-07 
 4.81800000e-04  1.58506832e-07 
 4.81900000e-04  1.58340313e-07 
 4.82000000e-04  1.58228286e-07 
 4.82100000e-04  1.74992189e-07 
 4.82200000e-04  1.74664449e-07 
 4.82300000e-04  1.74546832e-07 
 4.82400000e-04  1.74444438e-07 
 4.82500000e-04  1.74377528e-07 
 4.82600000e-04  1.62883328e-07 
 4.82700000e-04  1.62533128e-07 
 4.82800000e-04  1.62353102e-07 
 4.82900000e-04  1.62235760e-07 
 4.83000000e-04  1.62182882e-07 
 4.83100000e-04  1.73683726e-07 
 4.83200000e-04  1.73410126e-07 
 4.83300000e-04  1.73303770e-07 
 4.83400000e-04  1.73208368e-07 
 4.83500000e-04  1.73173996e-07 
 4.83600000e-04  1.59161584e-07 
 4.83700000e-04  1.58723648e-07 
 4.83800000e-04  1.58514307e-07 
 4.83900000e-04  1.58351036e-07 
 4.84000000e-04  1.58235082e-07 
 4.84100000e-04  1.74461315e-07 
 4.84200000e-04  1.74249187e-07 
 4.84300000e-04  1.74158891e-07 
 4.84400000e-04  1.74077592e-07 
 4.84500000e-04  1.74018519e-07 
 4.84600000e-04  1.61210701e-07 
 4.84700000e-04  1.60875321e-07 
 4.84800000e-04  1.60682426e-07 
 4.84900000e-04  1.60557127e-07 
 4.85000000e-04  1.60501354e-07 
 4.85100000e-04  1.74225999e-07 
 4.85200000e-04  1.73986521e-07 
 4.85300000e-04  1.73893978e-07 
 4.85400000e-04  1.73811736e-07 
 4.85500000e-04  1.73762609e-07 
 4.85600000e-04  1.59691595e-07 
 4.85700000e-04  1.59294902e-07 
 4.85800000e-04  1.59087496e-07 
 4.85900000e-04  1.58932993e-07 
 4.86000000e-04  1.58832854e-07 
 4.86100000e-04  1.77208352e-07 
 4.86200000e-04  1.76554028e-07 
 4.86300000e-04  1.76341546e-07 
 4.86400000e-04  1.76158800e-07 
 4.86500000e-04  1.76074800e-07 
 4.86600000e-04  1.68441327e-07 
 4.86700000e-04  1.68101315e-07 
 4.86800000e-04  1.67937877e-07 
 4.86900000e-04  1.67843454e-07 
 4.87000000e-04  1.67820016e-07 
 4.87100000e-04  1.73497241e-07 
 4.87200000e-04  1.72686405e-07 
 4.87300000e-04  1.72430229e-07 
 4.87400000e-04  1.72211402e-07 
 4.87500000e-04  1.72115021e-07 
 4.87600000e-04  1.58234180e-07 
 4.87700000e-04  1.57673922e-07 
 4.87800000e-04  1.57411836e-07 
 4.87900000e-04  1.57219481e-07 
 4.88000000e-04  1.57098849e-07 
 4.88100000e-04  1.73279750e-07 
 4.88200000e-04  1.73059992e-07 
 4.88300000e-04  1.72967836e-07 
 4.88400000e-04  1.72885081e-07 
 4.88500000e-04  1.72828292e-07 
 4.88600000e-04  1.60062477e-07 
 4.88700000e-04  1.59714590e-07 
 4.88800000e-04  1.59525066e-07 
 4.88900000e-04  1.59392387e-07 
 4.89000000e-04  1.59318406e-07 
 4.89100000e-04  1.73163932e-07 
 4.89200000e-04  1.72812133e-07 
 4.89300000e-04  1.72675704e-07 
 4.89400000e-04  1.72604925e-07 
 4.89500000e-04  1.72544419e-07 
 4.89600000e-04  1.58550999e-07 
 4.89700000e-04  1.58159615e-07 
 4.89800000e-04  1.57940610e-07 
 4.89900000e-04  1.57768663e-07 
 4.90000000e-04  1.57645083e-07 
 4.90100000e-04  1.74369418e-07 
 4.90200000e-04  1.74045869e-07 
 4.90300000e-04  1.73926497e-07 
 4.90400000e-04  1.73821406e-07 
 4.90500000e-04  1.73777713e-07 
 4.90600000e-04  1.62302151e-07 
 4.90700000e-04  1.61940920e-07 
 4.90800000e-04  1.61762230e-07 
 4.90900000e-04  1.61641201e-07 
 4.91000000e-04  1.61579493e-07 
 4.91100000e-04  1.73073507e-07 
 4.91200000e-04  1.72792609e-07 
 4.91300000e-04  1.72686772e-07 
 4.91400000e-04  1.72592550e-07 
 4.91500000e-04  1.72551544e-07 
 4.91600000e-04  1.58579021e-07 
 4.91700000e-04  1.58138655e-07 
 4.91800000e-04  1.57924162e-07 
 4.91900000e-04  1.57763464e-07 
 4.92000000e-04  1.57658125e-07 
 4.92100000e-04  1.73836190e-07 
 4.92200000e-04  1.73639009e-07 
 4.92300000e-04  1.73541647e-07 
 4.92400000e-04  1.73451155e-07 
 4.92500000e-04  1.73403522e-07 
 4.92600000e-04  1.60632923e-07 
 4.92700000e-04  1.60267480e-07 
 4.92800000e-04  1.60090998e-07 
 4.92900000e-04  1.59961221e-07 
 4.93000000e-04  1.59879512e-07 
 4.93100000e-04  1.73609384e-07 
 4.93200000e-04  1.73358264e-07 
 4.93300000e-04  1.73260884e-07 
 4.93400000e-04  1.73174537e-07 
 4.93500000e-04  1.73153974e-07 
 4.93600000e-04  1.59119100e-07 
 4.93700000e-04  1.58726832e-07 
 4.93800000e-04  1.58513599e-07 
 4.93900000e-04  1.58345420e-07 
 4.94000000e-04  1.58223746e-07 
 4.94100000e-04  1.75941349e-07 
 4.94200000e-04  1.75292598e-07 
 4.94300000e-04  1.75093892e-07 
 4.94400000e-04  1.75015808e-07 
 4.94500000e-04  1.74960522e-07 
 4.94600000e-04  1.64829759e-07 
 4.94700000e-04  1.64486278e-07 
 4.94800000e-04  1.64299141e-07 
 4.94900000e-04  1.64153844e-07 
 4.95000000e-04  1.64051631e-07 
 4.95100000e-04  1.73194873e-07 
 4.95200000e-04  1.72871251e-07 
 4.95300000e-04  1.72762741e-07 
 4.95400000e-04  1.72668609e-07 
 4.95500000e-04  1.72612276e-07 
 4.95600000e-04  1.58658964e-07 
 4.95700000e-04  1.58174566e-07 
 4.95800000e-04  1.57939309e-07 
 4.95900000e-04  1.57768748e-07 
 4.96000000e-04  1.57664875e-07 
 4.96100000e-04  1.73868335e-07 
 4.96200000e-04  1.73645461e-07 
 4.96300000e-04  1.73555222e-07 
 4.96400000e-04  1.73475146e-07 
 4.96500000e-04  1.73417060e-07 
 4.96600000e-04  1.60623958e-07 
 4.96700000e-04  1.60284947e-07 
 4.96800000e-04  1.60103799e-07 
 4.96900000e-04  1.59973559e-07 
 4.97000000e-04  1.59895805e-07 
 4.97100000e-04  1.73607556e-07 
 4.97200000e-04  1.73358462e-07 
 4.97300000e-04  1.73263537e-07 
 4.97400000e-04  1.73179885e-07 
 4.97500000e-04  1.73142743e-07 
 4.97600000e-04  1.59128083e-07 
 4.97700000e-04  1.58729258e-07 
 4.97800000e-04  1.58512085e-07 
 4.97900000e-04  1.58345858e-07 
 4.98000000e-04  1.58232172e-07 
 4.98100000e-04  1.74980040e-07 
 4.98200000e-04  1.74664807e-07 
 4.98300000e-04  1.74545467e-07 
 4.98400000e-04  1.74439681e-07 
 4.98500000e-04  1.74389817e-07 
 4.98600000e-04  1.62869608e-07 
 4.98700000e-04  1.62538323e-07 
 4.98800000e-04  1.62348847e-07 
 4.98900000e-04  1.62229048e-07 
 4.99000000e-04  1.62181135e-07 
 4.99100000e-04  1.73693846e-07 
 4.99200000e-04  1.73397940e-07 
 4.99300000e-04  1.73294981e-07 
 4.99400000e-04  1.73205446e-07 
 4.99500000e-04  1.73179187e-07 
 4.99600000e-04  1.59171173e-07 
 4.99700000e-04  1.58732724e-07 
 4.99800000e-04  1.58503094e-07 
 4.99900000e-04  1.58335623e-07 
 5.00000000e-04  1.58232282e-07 
 5.00100000e-04  1.74464063e-07 
 5.00200000e-04  1.74267859e-07 
 5.00300000e-04  1.74172122e-07 
 5.00400000e-04  1.74082943e-07 
 5.00500000e-04  1.74028852e-07 
 5.00600000e-04  1.61204253e-07 
 5.00700000e-04  1.60875020e-07 
 5.00800000e-04  1.60688388e-07 
 5.00900000e-04  1.60559409e-07 
 5.01000000e-04  1.60489913e-07 
 5.01100000e-04  1.74238500e-07 
 5.01200000e-04  1.73980669e-07 
 5.01300000e-04  1.73887230e-07 
 5.01400000e-04  1.73806085e-07 
 5.01500000e-04  1.73767836e-07 
 5.01600000e-04  1.59696683e-07 
 5.01700000e-04  1.59301750e-07 
 5.01800000e-04  1.59104469e-07 
 5.01900000e-04  1.58944094e-07 
 5.02000000e-04  1.58821796e-07 
 5.02100000e-04  1.76684340e-07 
 5.02200000e-04  1.76131252e-07 
 5.02300000e-04  1.75956503e-07 
 5.02400000e-04  1.75807921e-07 
 5.02500000e-04  1.75710177e-07 
 5.02600000e-04  1.66779182e-07 
 5.02700000e-04  1.66442287e-07 
 5.02800000e-04  1.66276912e-07 
 5.02900000e-04  1.66171760e-07 
 5.03000000e-04  1.66128739e-07 
 5.03100000e-04  1.73482652e-07 
 5.03200000e-04  1.73067333e-07 
 5.03300000e-04  1.72900210e-07 
 5.03400000e-04  1.72749933e-07 
 5.03500000e-04  1.72682914e-07 
 5.03600000e-04  1.58760660e-07 
 5.03700000e-04  1.58250415e-07 
 5.03800000e-04  1.58000949e-07 
 5.03900000e-04  1.57816623e-07 
 5.04000000e-04  1.57699503e-07 
 5.04100000e-04  1.73906296e-07 
 5.04200000e-04  1.73688119e-07 
 5.04300000e-04  1.73579038e-07 
 5.04400000e-04  1.73477713e-07 
 5.04500000e-04  1.73432662e-07 
 5.04600000e-04  1.60641121e-07 
 5.04700000e-04  1.60295531e-07 
 5.04800000e-04  1.60113316e-07 
 5.04900000e-04  1.59981923e-07 
 5.05000000e-04  1.59902963e-07 
 5.05100000e-04  1.73619236e-07 
 5.05200000e-04  1.73376312e-07 
 5.05300000e-04  1.73278884e-07 
 5.05400000e-04  1.73191818e-07 
 5.05500000e-04  1.73156259e-07 
 5.05600000e-04  1.59121894e-07 
 5.05700000e-04  1.58728506e-07 
 5.05800000e-04  1.58510589e-07 
 5.05900000e-04  1.58346660e-07 
 5.06000000e-04  1.58238434e-07 
 5.06100000e-04  1.75004988e-07 
 5.06200000e-04  1.74674228e-07 
 5.06300000e-04  1.74553206e-07 
 5.06400000e-04  1.74447184e-07 
 5.06500000e-04  1.74382983e-07 
 5.06600000e-04  1.62884070e-07 
 5.06700000e-04  1.62524746e-07 
 5.06800000e-04  1.62347742e-07 
 5.06900000e-04  1.62229198e-07 
 5.07000000e-04  1.62170968e-07 
 5.07100000e-04  1.73698256e-07 
 5.07200000e-04  1.73419355e-07 
 5.07300000e-04  1.73314589e-07 
 5.07400000e-04  1.73221507e-07 
 5.07500000e-04  1.73179048e-07 
 5.07600000e-04  1.59178406e-07 
 5.07700000e-04  1.58740146e-07 
 5.07800000e-04  1.58520096e-07 
 5.07900000e-04  1.58352438e-07 
 5.08000000e-04  1.58238834e-07 
 5.08100000e-04  1.74469295e-07 
 5.08200000e-04  1.74246360e-07 
 5.08300000e-04  1.74155901e-07 
 5.08400000e-04  1.74075474e-07 
 5.08500000e-04  1.74018214e-07 
 5.08600000e-04  1.61213955e-07 
 5.08700000e-04  1.60873961e-07 
 5.08800000e-04  1.60699167e-07 
 5.08900000e-04  1.60570561e-07 
 5.09000000e-04  1.60489609e-07 
 5.09100000e-04  1.74234828e-07 
 5.09200000e-04  1.73987242e-07 
 5.09300000e-04  1.73890794e-07 
 5.09400000e-04  1.73805330e-07 
 5.09500000e-04  1.73760512e-07 
 5.09600000e-04  1.59697983e-07 
 5.09700000e-04  1.59316361e-07 
 5.09800000e-04  1.59095790e-07 
 5.09900000e-04  1.58933970e-07 
 5.10000000e-04  1.58832764e-07 
 5.10100000e-04  1.76141109e-07 
 5.10200000e-04  1.75709779e-07 
 5.10300000e-04  1.75563031e-07 
 5.10400000e-04  1.75435680e-07 
 5.10500000e-04  1.75355183e-07 
 5.10600000e-04  1.65118972e-07 
 5.10700000e-04  1.64781955e-07 
 5.10800000e-04  1.64619387e-07 
 5.10900000e-04  1.64509824e-07 
 5.11000000e-04  1.64454947e-07 
 5.11100000e-04  1.73821675e-07 
 5.11200000e-04  1.73500718e-07 
 5.11300000e-04  1.73380942e-07 
 5.11400000e-04  1.73274414e-07 
 5.11500000e-04  1.73230103e-07 
 5.11600000e-04  1.59241763e-07 
 5.11700000e-04  1.58778674e-07 
 5.11800000e-04  1.58542995e-07 
 5.11900000e-04  1.58370585e-07 
 5.12000000e-04  1.58263449e-07 
 5.12100000e-04  1.74486658e-07 
 5.12200000e-04  1.74269316e-07 
 5.12300000e-04  1.74168359e-07 
 5.12400000e-04  1.74075660e-07 
 5.12500000e-04  1.74051918e-07 
 5.12600000e-04  1.61203808e-07 
 5.12700000e-04  1.60873180e-07 
 5.12800000e-04  1.60703341e-07 
 5.12900000e-04  1.60577580e-07 
 5.13000000e-04  1.60497293e-07 
 5.13100000e-04  1.74243779e-07 
 5.13200000e-04  1.73993223e-07 
 5.13300000e-04  1.73895674e-07 
 5.13400000e-04  1.73809420e-07 
 5.13500000e-04  1.73771428e-07 
 5.13600000e-04  1.59692977e-07 
 5.13700000e-04  1.59318290e-07 
 5.13800000e-04  1.59108310e-07 
 5.13900000e-04  1.58949606e-07 
 5.14000000e-04  1.58843803e-07 
 5.14100000e-04  1.75619389e-07 
 5.14200000e-04  1.75292059e-07 
 5.14300000e-04  1.75168376e-07 
 5.14400000e-04  1.75059270e-07 
 5.14500000e-04  1.75003652e-07 
 5.14600000e-04  1.63457204e-07 
 5.14700000e-04  1.63113531e-07 
 5.14800000e-04  1.62948741e-07 
 5.14900000e-04  1.62836609e-07 
 5.15000000e-04  1.62778805e-07 
 5.15100000e-04  1.74329410e-07 
 5.15200000e-04  1.74040696e-07 
 5.15300000e-04  1.73933879e-07 
 5.15400000e-04  1.73839742e-07 
 5.15500000e-04  1.73788582e-07 
 5.15600000e-04  1.59761622e-07 
 5.15700000e-04  1.59321603e-07 
 5.15800000e-04  1.59103076e-07 
 5.15900000e-04  1.58936913e-07 
 5.16000000e-04  1.58824775e-07 
 5.16100000e-04  1.75091833e-07 
 5.16200000e-04  1.74888537e-07 
 5.16300000e-04  1.74788290e-07 
 5.16400000e-04  1.74694703e-07 
 5.16500000e-04  1.74647541e-07 
 5.16600000e-04  1.61793366e-07 
 5.16700000e-04  1.61457001e-07 
 5.16800000e-04  1.61276787e-07 
 5.16900000e-04  1.61155898e-07 
 5.17000000e-04  1.61096215e-07 
 5.17100000e-04  1.74857099e-07 
 5.17200000e-04  1.74598143e-07 
 5.17300000e-04  1.74499847e-07 
 5.17400000e-04  1.74413013e-07 
 5.17500000e-04  1.74381261e-07 
 5.17600000e-04  1.60292134e-07 
 5.17700000e-04  1.59909282e-07 
 5.17800000e-04  1.59698052e-07 
 5.17900000e-04  1.59535669e-07 
 5.18000000e-04  1.59423683e-07 
 5.18100000e-04  1.88940788e-07 
 5.18200000e-04  1.86318361e-07 
 5.18300000e-04  1.85510048e-07 
 5.18400000e-04  1.85262164e-07 
 5.18500000e-04  1.85014281e-07 
 5.18600000e-04  1.75732754e-07 
 5.18700000e-04  1.74614302e-07 
 5.18800000e-04  1.74275985e-07 
 5.18900000e-04  1.74062593e-07 
 5.19000000e-04  1.73976375e-07 
 5.19100000e-04  1.71284287e-07 
 5.19200000e-04  1.70507688e-07 
 5.19300000e-04  1.70299463e-07 
 5.19400000e-04  1.70127813e-07 
 5.19500000e-04  1.70053376e-07 
 5.19600000e-04  1.57648278e-07 
 5.19700000e-04  1.56967452e-07 
 5.19800000e-04  1.56706872e-07 
 5.19900000e-04 -0.00000000e+00 
 5.20000000e-04  1.56574548e-07 
