 time            -i(vdd)        
 2.60000000e-04 -1.26577369e-04 
 2.60100000e-04  1.83721462e-07 
 2.60200000e-04  1.75016549e-07 
 2.60300000e-04  1.72693882e-07 
 2.60400000e-04  1.70735684e-07 
 2.60500000e-04  1.70077454e-07 
 2.60600000e-04  1.76685806e-07 
 2.60700000e-04  1.75913286e-07 
 2.60800000e-04  1.75485987e-07 
 2.60900000e-04  1.75136858e-07 
 2.61000000e-04  1.74867597e-07 
 2.61100000e-04  1.56447602e-07 
 2.61200000e-04  1.54079453e-07 
 2.61300000e-04  1.53473751e-07 
 2.61400000e-04  1.52984403e-07 
 2.61500000e-04  1.52783487e-07 
 2.61600000e-04  1.38892231e-07 
 2.61700000e-04  1.37641049e-07 
 2.61800000e-04  1.37195114e-07 
 2.61900000e-04  1.36878144e-07 
 2.62000000e-04  1.36694230e-07 
 2.62100000e-04  1.61894621e-07 
 2.62200000e-04  1.60618192e-07 
 2.62300000e-04  1.60332598e-07 
 2.62400000e-04  1.60126863e-07 
 2.62500000e-04  1.60037573e-07 
 2.62600000e-04  1.48509980e-07 
 2.62700000e-04  1.47916207e-07 
 2.62800000e-04  1.47634479e-07 
 2.62900000e-04  1.47421709e-07 
 2.63000000e-04  1.47279373e-07 
 2.63100000e-04  1.99995093e-07 
 2.63200000e-04  1.94211997e-07 
 2.63300000e-04  1.92920703e-07 
 2.63400000e-04  1.91924807e-07 
 2.63500000e-04  1.91648599e-07 
 2.63600000e-04  1.78195972e-07 
 2.63700000e-04  1.77573605e-07 
 2.63800000e-04  1.77242202e-07 
 2.63900000e-04  1.76988627e-07 
 2.64000000e-04  1.76815345e-07 
 2.64100000e-04  1.72662714e-07 
 2.64200000e-04  1.68075269e-07 
 2.64300000e-04  1.67028494e-07 
 2.64400000e-04  1.66212446e-07 
 2.64500000e-04  1.65971993e-07 
 2.64600000e-04  1.53756856e-07 
 2.64700000e-04  1.53119380e-07 
 2.64800000e-04  1.52811814e-07 
 2.64900000e-04  1.52585779e-07 
 2.65000000e-04  1.52443857e-07 
 2.65100000e-04  1.66018521e-07 
 2.65200000e-04  1.65519682e-07 
 2.65300000e-04  1.65362420e-07 
 2.65400000e-04  1.65228122e-07 
 2.65500000e-04  1.65172764e-07 
 2.65600000e-04  1.51586554e-07 
 2.65700000e-04  1.51134775e-07 
 2.65800000e-04  1.50911499e-07 
 2.65900000e-04  1.50741269e-07 
 2.66000000e-04  1.50625766e-07 
 2.66100000e-04  1.67003993e-07 
 2.66200000e-04  1.66732802e-07 
 2.66300000e-04  1.66635346e-07 
 2.66400000e-04  1.66549810e-07 
 2.66500000e-04  1.66504069e-07 
 2.66600000e-04  1.55426099e-07 
 2.66700000e-04  1.55020614e-07 
 2.66800000e-04  1.54820349e-07 
 2.66900000e-04  1.54674036e-07 
 2.67000000e-04  1.54583379e-07 
 2.67100000e-04  1.66085066e-07 
 2.67200000e-04  1.65567233e-07 
 2.67300000e-04  1.65412281e-07 
 2.67400000e-04  1.65280133e-07 
 2.67500000e-04  1.65223074e-07 
 2.67600000e-04  1.51669843e-07 
 2.67700000e-04  1.51175936e-07 
 2.67800000e-04  1.50915043e-07 
 2.67900000e-04  1.50719040e-07 
 2.68000000e-04  1.50589981e-07 
 2.68100000e-04  1.66386391e-07 
 2.68200000e-04  1.66214067e-07 
 2.68300000e-04  1.66134270e-07 
 2.68400000e-04  1.66060971e-07 
 2.68500000e-04  1.66029538e-07 
 2.68600000e-04  1.53641047e-07 
 2.68700000e-04  1.53249883e-07 
 2.68800000e-04  1.53038211e-07 
 2.68900000e-04  1.52889386e-07 
 2.69000000e-04  1.52805395e-07 
 2.69100000e-04  1.66126601e-07 
 2.69200000e-04  1.65916967e-07 
 2.69300000e-04  1.65839809e-07 
 2.69400000e-04  1.65771829e-07 
 2.69500000e-04  1.65754651e-07 
 2.69600000e-04  1.52108671e-07 
 2.69700000e-04  1.51662842e-07 
 2.69800000e-04  1.51427689e-07 
 2.69900000e-04  1.51250804e-07 
 2.70000000e-04  1.51134032e-07 
 2.70100000e-04  1.68005414e-07 
 2.70200000e-04  1.67617155e-07 
 2.70300000e-04  1.67493399e-07 
 2.70400000e-04  1.67387656e-07 
 2.70500000e-04  1.67318322e-07 
 2.70600000e-04  1.57532284e-07 
 2.70700000e-04  1.57130737e-07 
 2.70800000e-04  1.56924595e-07 
 2.70900000e-04  1.56793068e-07 
 2.71000000e-04  1.56738514e-07 
 2.71100000e-04  1.66098656e-07 
 2.71200000e-04  1.65542839e-07 
 2.71300000e-04  1.65375419e-07 
 2.71400000e-04  1.65232444e-07 
 2.71500000e-04  1.65188849e-07 
 2.71600000e-04  1.51638962e-07 
 2.71700000e-04  1.51105697e-07 
 2.71800000e-04  1.50845789e-07 
 2.71900000e-04  1.50646049e-07 
 2.72000000e-04  1.50508379e-07 
 2.72100000e-04  1.66320843e-07 
 2.72200000e-04  1.66153560e-07 
 2.72300000e-04  1.66077579e-07 
 2.72400000e-04  1.66007916e-07 
 2.72500000e-04  1.65982244e-07 
 2.72600000e-04  1.53590116e-07 
 2.72700000e-04  1.53195026e-07 
 2.72800000e-04  1.52986966e-07 
 2.72900000e-04  1.52834747e-07 
 2.73000000e-04  1.52740128e-07 
 2.73100000e-04  1.66063139e-07 
 2.73200000e-04  1.65853872e-07 
 2.73300000e-04  1.65780862e-07 
 2.73400000e-04  1.65717251e-07 
 2.73500000e-04  1.65694344e-07 
 2.73600000e-04  1.52057261e-07 
 2.73700000e-04  1.51626925e-07 
 2.73800000e-04  1.51390150e-07 
 2.73900000e-04  1.51208974e-07 
 2.74000000e-04  1.51085148e-07 
 2.74100000e-04  1.67433871e-07 
 2.74200000e-04  1.67155756e-07 
 2.74300000e-04  1.67057229e-07 
 2.74400000e-04  1.66970775e-07 
 2.74500000e-04  1.66916086e-07 
 2.74600000e-04  1.55806776e-07 
 2.74700000e-04  1.55429739e-07 
 2.74800000e-04  1.55217293e-07 
 2.74900000e-04  1.55071214e-07 
 2.75000000e-04  1.54993593e-07 
 2.75100000e-04  1.66139201e-07 
 2.75200000e-04  1.65904843e-07 
 2.75300000e-04  1.65819203e-07 
 2.75400000e-04  1.65743118e-07 
 2.75500000e-04  1.65707786e-07 
 2.75600000e-04  1.52100793e-07 
 2.75700000e-04  1.51634649e-07 
 2.75800000e-04  1.51381962e-07 
 2.75900000e-04  1.51192306e-07 
 2.76000000e-04  1.51067667e-07 
 2.76100000e-04  1.66900016e-07 
 2.76200000e-04  1.66722420e-07 
 2.76300000e-04  1.66649927e-07 
 2.76400000e-04  1.66584892e-07 
 2.76500000e-04  1.66549486e-07 
 2.76600000e-04  1.54156172e-07 
 2.76700000e-04  1.53741923e-07 
 2.76800000e-04  1.53540346e-07 
 2.76900000e-04  1.53399944e-07 
 2.77000000e-04  1.53322642e-07 
 2.77100000e-04  1.66668479e-07 
 2.77200000e-04  1.66450317e-07 
 2.77300000e-04  1.66376452e-07 
 2.77400000e-04  1.66313207e-07 
 2.77500000e-04  1.66281527e-07 
 2.77600000e-04  1.52641590e-07 
 2.77700000e-04  1.52189103e-07 
 2.77800000e-04  1.51960264e-07 
 2.77900000e-04  1.51781820e-07 
 2.78000000e-04  1.51655357e-07 
 2.78100000e-04  1.69108773e-07 
 2.78200000e-04  1.68605667e-07 
 2.78300000e-04  1.68449587e-07 
 2.78400000e-04  1.68316863e-07 
 2.78500000e-04  1.68257120e-07 
 2.78600000e-04  1.59727071e-07 
 2.78700000e-04  1.59320307e-07 
 2.78800000e-04  1.59126680e-07 
 2.78900000e-04  1.59002023e-07 
 2.79000000e-04  1.58948506e-07 
 2.79100000e-04  1.66277397e-07 
 2.79200000e-04  1.65620177e-07 
 2.79300000e-04  1.65432928e-07 
 2.79400000e-04  1.65276002e-07 
 2.79500000e-04  1.65194749e-07 
 2.79600000e-04  1.51669004e-07 
 2.79700000e-04  1.51113641e-07 
 2.79800000e-04  1.50842080e-07 
 2.79900000e-04  1.50634448e-07 
 2.80000000e-04  1.50492752e-07 
 2.80100000e-04  1.66323714e-07 
 2.80200000e-04  1.66135796e-07 
 2.80300000e-04  1.66058061e-07 
 2.80400000e-04  1.65988805e-07 
 2.80500000e-04  1.65954191e-07 
 2.80600000e-04  1.53558097e-07 
 2.80700000e-04  1.53168389e-07 
 2.80800000e-04  1.52960713e-07 
 2.80900000e-04  1.52813456e-07 
 2.81000000e-04  1.52728516e-07 
 2.81100000e-04  1.66036456e-07 
 2.81200000e-04  1.65839654e-07 
 2.81300000e-04  1.65763350e-07 
 2.81400000e-04  1.65695120e-07 
 2.81500000e-04  1.65680495e-07 
 2.81600000e-04  1.52030510e-07 
 2.81700000e-04  1.51582652e-07 
 2.81800000e-04  1.51348153e-07 
 2.81900000e-04  1.51173812e-07 
 2.82000000e-04  1.51061521e-07 
 2.82100000e-04  1.67415935e-07 
 2.82200000e-04  1.67139802e-07 
 2.82300000e-04  1.67038844e-07 
 2.82400000e-04  1.66949588e-07 
 2.82500000e-04  1.66910969e-07 
 2.82600000e-04  1.55801760e-07 
 2.82700000e-04  1.55405875e-07 
 2.82800000e-04  1.55203444e-07 
 2.82900000e-04  1.55064639e-07 
 2.83000000e-04  1.54991460e-07 
 2.83100000e-04  1.66117601e-07 
 2.83200000e-04  1.65881735e-07 
 2.83300000e-04  1.65791008e-07 
 2.83400000e-04  1.65709690e-07 
 2.83500000e-04  1.65685154e-07 
 2.83600000e-04  1.52084797e-07 
 2.83700000e-04  1.51596199e-07 
 2.83800000e-04  1.51347175e-07 
 2.83900000e-04  1.51160736e-07 
 2.84000000e-04  1.51038847e-07 
 2.84100000e-04  1.66878428e-07 
 2.84200000e-04  1.66719523e-07 
 2.84300000e-04  1.66639368e-07 
 2.84400000e-04  1.66564220e-07 
 2.84500000e-04  1.66532536e-07 
 2.84600000e-04  1.54116624e-07 
 2.84700000e-04  1.53743016e-07 
 2.84800000e-04  1.53534962e-07 
 2.84900000e-04  1.53383529e-07 
 2.85000000e-04  1.53290488e-07 
 2.85100000e-04  1.66646854e-07 
 2.85200000e-04  1.66429913e-07 
 2.85300000e-04  1.66358057e-07 
 2.85400000e-04  1.66296483e-07 
 2.85500000e-04  1.66280326e-07 
 2.85600000e-04  1.52609826e-07 
 2.85700000e-04  1.52170869e-07 
 2.85800000e-04  1.51938413e-07 
 2.85900000e-04  1.51762493e-07 
 2.86000000e-04  1.51644878e-07 
 2.86100000e-04  1.68551902e-07 
 2.86200000e-04  1.68165802e-07 
 2.86300000e-04  1.68034388e-07 
 2.86400000e-04  1.67919832e-07 
 2.86500000e-04  1.67868728e-07 
 2.86600000e-04  1.58034295e-07 
 2.86700000e-04  1.57648123e-07 
 2.86800000e-04  1.57453967e-07 
 2.86900000e-04  1.57321459e-07 
 2.87000000e-04  1.57252529e-07 
 2.87100000e-04  1.66226734e-07 
 2.87200000e-04  1.65941105e-07 
 2.87300000e-04  1.65849850e-07 
 2.87400000e-04  1.65771691e-07 
 2.87500000e-04  1.65730059e-07 
 2.87600000e-04  1.52155635e-07 
 2.87700000e-04  1.51626874e-07 
 2.87800000e-04  1.51381791e-07 
 2.87900000e-04  1.51191096e-07 
 2.88000000e-04  1.51056490e-07 
 2.88100000e-04  1.66897569e-07 
 2.88200000e-04  1.66728388e-07 
 2.88300000e-04  1.66655992e-07 
 2.88400000e-04  1.66590178e-07 
 2.88500000e-04  1.66545999e-07 
 2.88600000e-04  1.54131126e-07 
 2.88700000e-04  1.53743074e-07 
 2.88800000e-04  1.53532839e-07 
 2.88900000e-04  1.53387127e-07 
 2.89000000e-04  1.53307962e-07 
 2.89100000e-04  1.66650831e-07 
 2.89200000e-04  1.66445557e-07 
 2.89300000e-04  1.66372802e-07 
 2.89400000e-04  1.66309302e-07 
 2.89500000e-04  1.66280332e-07 
 2.89600000e-04  1.52624450e-07 
 2.89700000e-04  1.52176182e-07 
 2.89800000e-04  1.51940351e-07 
 2.89900000e-04  1.51761843e-07 
 2.90000000e-04  1.51642448e-07 
 2.90100000e-04  1.68021741e-07 
 2.90200000e-04  1.67736112e-07 
 2.90300000e-04  1.67638481e-07 
 2.90400000e-04  1.67553879e-07 
 2.90500000e-04  1.67501802e-07 
 2.90600000e-04  1.56376288e-07 
 2.90700000e-04  1.55990289e-07 
 2.90800000e-04  1.55788243e-07 
 2.90900000e-04  1.55647662e-07 
 2.91000000e-04  1.55570467e-07 
 2.91100000e-04  1.66727393e-07 
 2.91200000e-04  1.66492941e-07 
 2.91300000e-04  1.66413310e-07 
 2.91400000e-04  1.66343507e-07 
 2.91500000e-04  1.66299061e-07 
 2.91600000e-04  1.52679881e-07 
 2.91700000e-04  1.52180660e-07 
 2.91800000e-04  1.51932830e-07 
 2.91900000e-04  1.51753754e-07 
 2.92000000e-04  1.51645583e-07 
 2.92100000e-04  1.67497440e-07 
 2.92200000e-04  1.67317202e-07 
 2.92300000e-04  1.67251833e-07 
 2.92400000e-04  1.67194962e-07 
 2.92500000e-04  1.67148486e-07 
 2.92600000e-04  1.54717175e-07 
 2.92700000e-04  1.54320226e-07 
 2.92800000e-04  1.54113619e-07 
 2.92900000e-04  1.53966769e-07 
 2.93000000e-04  1.53881540e-07 
 2.93100000e-04  1.67256738e-07 
 2.93200000e-04  1.67062732e-07 
 2.93300000e-04  1.66983505e-07 
 2.93400000e-04  1.66911701e-07 
 2.93500000e-04  1.66887835e-07 
 2.93600000e-04  1.53205008e-07 
 2.93700000e-04  1.52757710e-07 
 2.93800000e-04  1.52523512e-07 
 2.93900000e-04  1.52345156e-07 
 2.94000000e-04  1.52224382e-07 
 2.94100000e-04  1.70229075e-07 
 2.94200000e-04  1.69633377e-07 
 2.94300000e-04  1.69448837e-07 
 2.94400000e-04  1.69290916e-07 
 2.94500000e-04  1.69217592e-07 
 2.94600000e-04  1.61951079e-07 
 2.94700000e-04  1.61548527e-07 
 2.94800000e-04  1.61372453e-07 
 2.94900000e-04  1.61259488e-07 
 2.95000000e-04  1.61211601e-07 
 2.95100000e-04  1.66592740e-07 
 2.95200000e-04  1.65710802e-07 
 2.95300000e-04  1.65483388e-07 
 2.95400000e-04  1.65299372e-07 
 2.95500000e-04  1.65216380e-07 
 2.95600000e-04  1.51710423e-07 
 2.95700000e-04  1.51115000e-07 
 2.95800000e-04  1.50821214e-07 
 2.95900000e-04  1.50609497e-07 
 2.96000000e-04  1.50482423e-07 
 2.96100000e-04  1.66304212e-07 
 2.96200000e-04  1.66135993e-07 
 2.96300000e-04  1.66060687e-07 
 2.96400000e-04  1.65991799e-07 
 2.96500000e-04  1.65936923e-07 
 2.96600000e-04  1.53535474e-07 
 2.96700000e-04  1.53149006e-07 
 2.96800000e-04  1.52954035e-07 
 2.96900000e-04  1.52807869e-07 
 2.97000000e-04  1.52712024e-07 
 2.97100000e-04  1.66030318e-07 
 2.97200000e-04  1.65835855e-07 
 2.97300000e-04  1.65760615e-07 
 2.97400000e-04  1.65693223e-07 
 2.97500000e-04  1.65665783e-07 
 2.97600000e-04  1.52021704e-07 
 2.97700000e-04  1.51582291e-07 
 2.97800000e-04  1.51347982e-07 
 2.97900000e-04  1.51165648e-07 
 2.98000000e-04  1.51036902e-07 
 2.98100000e-04  1.67409421e-07 
 2.98200000e-04  1.67120952e-07 
 2.98300000e-04  1.67025389e-07 
 2.98400000e-04  1.66943364e-07 
 2.98500000e-04  1.66884658e-07 
 2.98600000e-04  1.55779326e-07 
 2.98700000e-04  1.55385008e-07 
 2.98800000e-04  1.55186436e-07 
 2.98900000e-04  1.55051864e-07 
 2.99000000e-04  1.54983287e-07 
 2.99100000e-04  1.66109461e-07 
 2.99200000e-04  1.65860355e-07 
 2.99300000e-04  1.65781935e-07 
 2.99400000e-04  1.65715114e-07 
 2.99500000e-04  1.65675695e-07 
 2.99600000e-04  1.52070716e-07 
 2.99700000e-04  1.51604757e-07 
 2.99800000e-04  1.51358989e-07 
 2.99900000e-04  1.51172222e-07 
 3.00000000e-04  1.51046292e-07 
 3.00100000e-04  1.66873620e-07 
 3.00200000e-04  1.66707355e-07 
 3.00300000e-04  1.66636722e-07 
 3.00400000e-04  1.66572523e-07 
 3.00500000e-04  1.66527765e-07 
 3.00600000e-04  1.54107550e-07 
 3.00700000e-04  1.53717520e-07 
 3.00800000e-04  1.53518159e-07 
 3.00900000e-04  1.53377214e-07 
 3.01000000e-04  1.53296503e-07 
 3.01100000e-04  1.66637105e-07 
 3.01200000e-04  1.66426737e-07 
 3.01300000e-04  1.66354182e-07 
 3.01400000e-04  1.66291259e-07 
 3.01500000e-04  1.66276168e-07 
 3.01600000e-04  1.52612250e-07 
 3.01700000e-04  1.52176458e-07 
 3.01800000e-04  1.51933873e-07 
 3.01900000e-04  1.51752995e-07 
 3.02000000e-04  1.51635742e-07 
 3.02100000e-04  1.68560674e-07 
 3.02200000e-04  1.68148304e-07 
 3.02300000e-04  1.68024836e-07 
 3.02400000e-04  1.67922014e-07 
 3.02500000e-04  1.67860127e-07 
 3.02600000e-04  1.58019186e-07 
 3.02700000e-04  1.57642109e-07 
 3.02800000e-04  1.57449899e-07 
 3.02900000e-04  1.57318912e-07 
 3.03000000e-04  1.57251050e-07 
 3.03100000e-04  1.66217310e-07 
 3.03200000e-04  1.65932654e-07 
 3.03300000e-04  1.65838026e-07 
 3.03400000e-04  1.65755902e-07 
 3.03500000e-04  1.65736196e-07 
 3.03600000e-04  1.52146762e-07 
 3.03700000e-04  1.51617438e-07 
 3.03800000e-04  1.51372164e-07 
 3.03900000e-04  1.51183950e-07 
 3.04000000e-04  1.51054561e-07 
 3.04100000e-04  1.66887160e-07 
 3.04200000e-04  1.66713336e-07 
 3.04300000e-04  1.66641693e-07 
 3.04400000e-04  1.66577466e-07 
 3.04500000e-04  1.66537474e-07 
 3.04600000e-04  1.54107227e-07 
 3.04700000e-04  1.53721484e-07 
 3.04800000e-04  1.53520488e-07 
 3.04900000e-04  1.53380071e-07 
 3.05000000e-04  1.53302114e-07 
 3.05100000e-04  1.66648412e-07 
 3.05200000e-04  1.66437790e-07 
 3.05300000e-04  1.66364410e-07 
 3.05400000e-04  1.66300933e-07 
 3.05500000e-04  1.66269051e-07 
 3.05600000e-04  1.52619999e-07 
 3.05700000e-04  1.52165457e-07 
 3.05800000e-04  1.51931243e-07 
 3.05900000e-04  1.51754839e-07 
 3.06000000e-04  1.51638037e-07 
 3.06100000e-04  1.68031560e-07 
 3.06200000e-04  1.67750170e-07 
 3.06300000e-04  1.67644503e-07 
 3.06400000e-04  1.67550930e-07 
 3.06500000e-04  1.67497843e-07 
 3.06600000e-04  1.56361397e-07 
 3.06700000e-04  1.55968003e-07 
 3.06800000e-04  1.55779465e-07 
 3.06900000e-04  1.55641718e-07 
 3.07000000e-04  1.55556330e-07 
 3.07100000e-04  1.66722362e-07 
 3.07200000e-04  1.66478389e-07 
 3.07300000e-04  1.66401245e-07 
 3.07400000e-04  1.66335026e-07 
 3.07500000e-04  1.66302562e-07 
 3.07600000e-04  1.52671290e-07 
 3.07700000e-04  1.52176892e-07 
 3.07800000e-04  1.51936391e-07 
 3.07900000e-04  1.51753517e-07 
 3.08000000e-04  1.51630054e-07 
 3.08100000e-04  1.67506192e-07 
 3.08200000e-04  1.67319237e-07 
 3.08300000e-04  1.67244056e-07 
 3.08400000e-04  1.67177623e-07 
 3.08500000e-04  1.67150083e-07 
 3.08600000e-04  1.54692415e-07 
 3.08700000e-04  1.54299865e-07 
 3.08800000e-04  1.54106808e-07 
 3.08900000e-04  1.53965711e-07 
 3.09000000e-04  1.53878176e-07 
 3.09100000e-04  1.67261591e-07 
 3.09200000e-04  1.67044584e-07 
 3.09300000e-04  1.66970507e-07 
 3.09400000e-04  1.66906402e-07 
 3.09500000e-04  1.66888069e-07 
 3.09600000e-04  1.53176755e-07 
 3.09700000e-04  1.52769902e-07 
 3.09800000e-04  1.52526936e-07 
 3.09900000e-04  1.52341418e-07 
 3.10000000e-04  1.52215126e-07 
 3.10100000e-04  1.69697424e-07 
 3.10200000e-04  1.69192479e-07 
 3.10300000e-04  1.69039539e-07 
 3.10400000e-04  1.68910678e-07 
 3.10500000e-04  1.68853124e-07 
 3.10600000e-04  1.60283830e-07 
 3.10700000e-04  1.59894966e-07 
 3.10800000e-04  1.59706886e-07 
 3.10900000e-04  1.59584120e-07 
 3.11000000e-04  1.59528691e-07 
 3.11100000e-04  1.66526862e-07 
 3.11200000e-04  1.66123348e-07 
 3.11300000e-04  1.65986719e-07 
 3.11400000e-04  1.65868926e-07 
 3.11500000e-04  1.65822355e-07 
 3.11600000e-04  1.52253344e-07 
 3.11700000e-04  1.51679795e-07 
 3.11800000e-04  1.51416698e-07 
 3.11900000e-04  1.51214081e-07 
 3.12000000e-04  1.51073817e-07 
 3.12100000e-04  1.66920508e-07 
 3.12200000e-04  1.66746043e-07 
 3.12300000e-04  1.66674022e-07 
 3.12400000e-04  1.66609229e-07 
 3.12500000e-04  1.66562665e-07 
 3.12600000e-04  1.54127862e-07 
 3.12700000e-04  1.53732909e-07 
 3.12800000e-04  1.53536139e-07 
 3.12900000e-04  1.53391411e-07 
 3.13000000e-04  1.53300327e-07 
 3.13100000e-04  1.66657916e-07 
 3.13200000e-04  1.66450225e-07 
 3.13300000e-04  1.66374521e-07 
 3.13400000e-04  1.66308066e-07 
 3.13500000e-04  1.66277137e-07 
 3.13600000e-04  1.52610038e-07 
 3.13700000e-04  1.52180983e-07 
 3.13800000e-04  1.51944010e-07 
 3.13900000e-04  1.51760496e-07 
 3.14000000e-04  1.51632088e-07 
 3.14100000e-04  1.68018571e-07 
 3.14200000e-04  1.67741620e-07 
 3.14300000e-04  1.67638836e-07 
 3.14400000e-04  1.67547802e-07 
 3.14500000e-04  1.67508742e-07 
 3.14600000e-04  1.56367897e-07 
 3.14700000e-04  1.55973340e-07 
 3.14800000e-04  1.55772843e-07 
 3.14900000e-04  1.55635539e-07 
 3.15000000e-04  1.55563379e-07 
 3.15100000e-04  1.66729870e-07 
 3.15200000e-04  1.66476691e-07 
 3.15300000e-04  1.66393709e-07 
 3.15400000e-04  1.66322358e-07 
 3.15500000e-04  1.66289045e-07 
 3.15600000e-04  1.52676341e-07 
 3.15700000e-04  1.52190019e-07 
 3.15800000e-04  1.51934866e-07 
 3.15900000e-04  1.51751625e-07 
 3.16000000e-04  1.51642523e-07 
 3.16100000e-04  1.67499421e-07 
 3.16200000e-04  1.67334182e-07 
 3.16300000e-04  1.67255488e-07 
 3.16400000e-04  1.67182674e-07 
 3.16500000e-04  1.67127009e-07 
 3.16600000e-04  1.54696740e-07 
 3.16700000e-04  1.54317409e-07 
 3.16800000e-04  1.54105821e-07 
 3.16900000e-04  1.53957639e-07 
 3.17000000e-04  1.53874819e-07 
 3.17100000e-04  1.67264906e-07 
 3.17200000e-04  1.67043168e-07 
 3.17300000e-04  1.66971665e-07 
 3.17400000e-04  1.66911387e-07 
 3.17500000e-04  1.66887936e-07 
 3.17600000e-04  1.53196001e-07 
 3.17700000e-04  1.52765552e-07 
 3.17800000e-04  1.52525202e-07 
 3.17900000e-04  1.52346290e-07 
 3.18000000e-04  1.52230712e-07 
 3.18100000e-04  1.69173245e-07 
 3.18200000e-04  1.68780016e-07 
 3.18300000e-04  1.68652855e-07 
 3.18400000e-04  1.68543856e-07 
 3.18500000e-04  1.68470215e-07 
 3.18600000e-04  1.58620338e-07 
 3.18700000e-04  1.58230405e-07 
 3.18800000e-04  1.58036185e-07 
 3.18900000e-04  1.57907355e-07 
 3.19000000e-04  1.57845935e-07 
 3.19100000e-04  1.66856267e-07 
 3.19200000e-04  1.66569336e-07 
 3.19300000e-04  1.66475503e-07 
 3.19400000e-04  1.66394376e-07 
 3.19500000e-04  1.66350855e-07 
 3.19600000e-04  1.52739316e-07 
 3.19700000e-04  1.52205800e-07 
 3.19800000e-04  1.51965069e-07 
 3.19900000e-04  1.51779795e-07 
 3.20000000e-04  1.51651680e-07 
 3.20100000e-04  1.67509790e-07 
 3.20200000e-04  1.67344891e-07 
 3.20300000e-04  1.67266229e-07 
 3.20400000e-04  1.67193251e-07 
 3.20500000e-04  1.67156727e-07 
 3.20600000e-04  1.54695450e-07 
 3.20700000e-04  1.54319139e-07 
 3.20800000e-04  1.54121665e-07 
 3.20900000e-04  1.53976946e-07 
 3.21000000e-04  1.53886598e-07 
 3.21100000e-04  1.67264827e-07 
 3.21200000e-04  1.67057965e-07 
 3.21300000e-04  1.66984657e-07 
 3.21400000e-04  1.66920290e-07 
 3.21500000e-04  1.66891782e-07 
 3.21600000e-04  1.53204362e-07 
 3.21700000e-04  1.52776800e-07 
 3.21800000e-04  1.52535620e-07 
 3.21900000e-04  1.52349858e-07 
 3.22000000e-04  1.52221213e-07 
 3.22100000e-04  1.68643155e-07 
 3.22200000e-04  1.68355574e-07 
 3.22300000e-04  1.68258521e-07 
 3.22400000e-04  1.68174583e-07 
 3.22500000e-04  1.68117294e-07 
 3.22600000e-04  1.56958573e-07 
 3.22700000e-04  1.56563349e-07 
 3.22800000e-04  1.56365733e-07 
 3.22900000e-04  1.56230521e-07 
 3.23000000e-04  1.56159633e-07 
 3.23100000e-04  1.67346508e-07 
 3.23200000e-04  1.67105410e-07 
 3.23300000e-04  1.67015117e-07 
 3.23400000e-04  1.66934516e-07 
 3.23500000e-04  1.66920786e-07 
 3.23600000e-04  1.53258802e-07 
 3.23700000e-04  1.52776650e-07 
 3.23800000e-04  1.52527436e-07 
 3.23900000e-04  1.52346036e-07 
 3.24000000e-04  1.52234543e-07 
 3.24100000e-04  1.68111610e-07 
 3.24200000e-04  1.67937307e-07 
 3.24300000e-04  1.67869514e-07 
 3.24400000e-04  1.67808857e-07 
 3.24500000e-04  1.67766503e-07 
 3.24600000e-04  1.55295867e-07 
 3.24700000e-04  1.54894443e-07 
 3.24800000e-04  1.54702447e-07 
 3.24900000e-04  1.54564664e-07 
 3.25000000e-04  1.54482755e-07 
 3.25100000e-04  1.67877875e-07 
 3.25200000e-04  1.67671364e-07 
 3.25300000e-04  1.67599297e-07 
 3.25400000e-04  1.67536327e-07 
 3.25500000e-04  1.67499900e-07 
 3.25600000e-04  1.53783846e-07 
 3.25700000e-04  1.53362233e-07 
 3.25800000e-04  1.53117366e-07 
 3.25900000e-04  1.52937752e-07 
 3.26000000e-04  1.52825336e-07 
 3.26100000e-04  1.74613008e-07 
 3.26200000e-04  1.72888979e-07 
 3.26300000e-04  1.72359652e-07 
 3.26400000e-04  1.72161922e-07 
 3.26500000e-04  1.72071341e-07 
 3.26600000e-04  1.65630382e-07 
 3.26700000e-04  1.65091283e-07 
 3.26800000e-04  1.64848697e-07 
 3.26900000e-04  1.64667811e-07 
 3.27000000e-04  1.64549885e-07 
 3.27100000e-04  1.03753597e-04 
 3.27200000e-04  1.03752455e-04 
 3.27300000e-04  1.03752170e-04 
 3.27400000e-04  1.03751939e-04 
 3.27500000e-04  1.03751862e-04 
 3.27600000e-04  1.03738404e-04 
 3.27700000e-04  1.03737752e-04 
 3.27800000e-04  1.03737454e-04 
 3.27900000e-04  1.03737238e-04 
 3.28000000e-04  1.03737107e-04 
 3.28100000e-04  1.67463939e-07 
 3.28200000e-04  1.67258327e-07 
 3.28300000e-04  1.67168524e-07 
 3.28400000e-04  1.67086098e-07 
 3.28500000e-04  1.67040050e-07 
 3.28600000e-04  1.54623138e-07 
 3.28700000e-04  1.54230480e-07 
 3.28800000e-04  1.54030676e-07 
 3.28900000e-04  1.53891197e-07 
 3.29000000e-04  1.53813895e-07 
 3.29100000e-04  1.67190417e-07 
 3.29200000e-04  1.66974702e-07 
 3.29300000e-04  1.66899417e-07 
 3.29400000e-04  1.66834197e-07 
 3.29500000e-04  1.66798182e-07 
 3.29600000e-04  1.53114004e-07 
 3.29700000e-04  1.52669051e-07 
 3.29800000e-04  1.52426544e-07 
 3.29900000e-04  1.52249621e-07 
 3.30000000e-04  1.52140299e-07 
 3.30100000e-04  1.68556788e-07 
 3.30200000e-04  1.68261641e-07 
 3.30300000e-04  1.68162024e-07 
 3.30400000e-04  1.68076226e-07 
 3.30500000e-04  1.68028106e-07 
 3.30600000e-04  1.56869826e-07 
 3.30700000e-04  1.56479619e-07 
 3.30800000e-04  1.56273464e-07 
 3.30900000e-04  1.56130945e-07 
 3.31000000e-04  1.56054011e-07 
 3.31100000e-04  1.67251168e-07 
 3.31200000e-04  1.67004575e-07 
 3.31300000e-04  1.66919378e-07 
 3.31400000e-04  1.66844562e-07 
 3.31500000e-04  1.66806488e-07 
 3.31600000e-04  1.53143937e-07 
 3.31700000e-04  1.52683126e-07 
 3.31800000e-04  1.52437946e-07 
 3.31900000e-04  1.52247856e-07 
 3.32000000e-04  1.52114540e-07 
 3.32100000e-04  1.68020738e-07 
 3.32200000e-04  1.67837206e-07 
 3.32300000e-04  1.67759466e-07 
 3.32400000e-04  1.67689484e-07 
 3.32500000e-04  1.67663194e-07 
 3.32600000e-04  1.55179656e-07 
 3.32700000e-04  1.54804696e-07 
 3.32800000e-04  1.54594927e-07 
 3.32900000e-04  1.54448912e-07 
 3.33000000e-04  1.54368603e-07 
 3.33100000e-04  1.67781777e-07 
 3.33200000e-04  1.67565807e-07 
 3.33300000e-04  1.67491599e-07 
 3.33400000e-04  1.67427472e-07 
 3.33500000e-04  1.67390983e-07 
 3.33600000e-04  1.53678381e-07 
 3.33700000e-04  1.53250060e-07 
 3.33800000e-04  1.53009995e-07 
 3.33900000e-04  1.52832573e-07 
 3.34000000e-04  1.52719711e-07 
 3.34100000e-04  1.69690634e-07 
 3.34200000e-04  1.69312220e-07 
 3.34300000e-04  1.69176970e-07 
 3.34400000e-04  1.69057254e-07 
 3.34500000e-04  1.68990679e-07 
 3.34600000e-04  1.59086099e-07 
 3.34700000e-04  1.58701877e-07 
 3.34800000e-04  1.58507681e-07 
 3.34900000e-04  1.58378298e-07 
 3.35000000e-04  1.58315711e-07 
 3.35100000e-04  1.67381496e-07 
 3.35200000e-04  1.67086825e-07 
 3.35300000e-04  1.66984885e-07 
 3.35400000e-04  1.66895743e-07 
 3.35500000e-04  1.66863611e-07 
 3.35600000e-04  1.53220706e-07 
 3.35700000e-04  1.52701845e-07 
 3.35800000e-04  1.52455799e-07 
 3.35900000e-04  1.52264091e-07 
 3.36000000e-04  1.52128376e-07 
 3.36100000e-04  1.68044374e-07 
 3.36200000e-04  1.67853195e-07 
 3.36300000e-04  1.67774251e-07 
 3.36400000e-04  1.67703822e-07 
 3.36500000e-04  1.67668005e-07 
 3.36600000e-04  1.55167501e-07 
 3.36700000e-04  1.54794010e-07 
 3.36800000e-04  1.54601150e-07 
 3.36900000e-04  1.54462506e-07 
 3.37000000e-04  1.54379656e-07 
 3.37100000e-04  1.69536607e-07 
 3.37200000e-04  1.69058136e-07 
 3.37300000e-04  1.68881674e-07 
 3.37400000e-04  1.68801396e-07 
 3.37500000e-04  1.68752198e-07 
 3.37600000e-04  1.54530793e-07 
 3.37700000e-04  1.53940900e-07 
 3.37800000e-04  1.53665697e-07 
 3.37900000e-04  1.53473129e-07 
 3.38000000e-04  1.53364889e-07 
 3.38100000e-04  1.03756079e-04 
 3.38200000e-04  1.03755603e-04 
 3.38300000e-04  1.03755458e-04 
 3.38400000e-04  1.03755336e-04 
 3.38500000e-04  1.03755277e-04 
 3.38600000e-04  1.03744087e-04 
 3.38700000e-04  1.03743671e-04 
 3.38800000e-04  1.03743473e-04 
 3.38900000e-04  1.03743336e-04 
 3.39000000e-04  1.03743263e-04 
 3.39100000e-04  1.69022167e-07 
 3.39200000e-04  1.68730362e-07 
 3.39300000e-04  1.68634094e-07 
 3.39400000e-04  1.68550889e-07 
 3.39500000e-04  1.68533264e-07 
 3.39600000e-04  1.54820434e-07 
 3.39700000e-04  1.54347151e-07 
 3.39800000e-04  1.54095946e-07 
 3.39900000e-04  1.53913386e-07 
 3.40000000e-04  1.53801574e-07 
 3.40100000e-04  1.69784095e-07 
 3.40200000e-04  1.69598521e-07 
 3.40300000e-04  1.69524232e-07 
 3.40400000e-04  1.69458000e-07 
 3.40500000e-04  1.69402360e-07 
 3.40600000e-04  1.56844233e-07 
 3.40700000e-04  1.56475770e-07 
 3.40800000e-04  1.56281150e-07 
 3.40900000e-04  1.56142379e-07 
 3.41000000e-04  1.56061153e-07 
 3.41100000e-04  1.69552288e-07 
 3.41200000e-04  1.69323400e-07 
 3.41300000e-04  1.69242466e-07 
 3.41400000e-04  1.69171969e-07 
 3.41500000e-04  1.69146032e-07 
 3.41600000e-04  1.55343646e-07 
 3.41700000e-04  1.54904637e-07 
 3.41800000e-04  1.54688857e-07 
 3.41900000e-04  1.54520388e-07 
 3.42000000e-04  1.54400574e-07 
 3.42100000e-04  1.74713505e-07 
 3.42200000e-04  1.73444565e-07 
 3.42300000e-04  1.73062420e-07 
 3.42400000e-04  1.72904576e-07 
 3.42500000e-04  1.72819208e-07 
 3.42600000e-04  1.63699058e-07 
 3.42700000e-04  1.63156564e-07 
 3.42800000e-04  1.62916332e-07 
 3.42900000e-04  1.62739664e-07 
 3.43000000e-04  1.62627840e-07 
 3.43100000e-04  1.03755734e-04 
 3.43200000e-04  1.03755136e-04 
 3.43300000e-04  1.03754952e-04 
 3.43400000e-04  1.03754796e-04 
 3.43500000e-04  1.03754719e-04 
 3.43600000e-04  1.03741056e-04 
 3.43700000e-04  1.03740490e-04 
 3.43800000e-04  1.03740220e-04 
 3.43900000e-04  1.03740016e-04 
 3.44000000e-04  1.03739879e-04 
 3.44100000e-04  1.70381076e-07 
 3.44200000e-04  1.70144336e-07 
 3.44300000e-04  1.70054182e-07 
 3.44400000e-04  1.69974823e-07 
 3.44500000e-04  1.69935169e-07 
 3.44600000e-04  1.57355557e-07 
 3.44700000e-04  1.56959202e-07 
 3.44800000e-04  1.56771671e-07 
 3.44900000e-04  1.56640113e-07 
 3.45000000e-04  1.56566227e-07 
 3.45100000e-04  1.70102480e-07 
 3.45200000e-04  1.69866198e-07 
 3.45300000e-04  1.69779728e-07 
 3.45400000e-04  1.69704188e-07 
 3.45500000e-04  1.69686014e-07 
 3.45600000e-04  1.55819696e-07 
 3.45700000e-04  1.55419353e-07 
 3.45800000e-04  1.55183438e-07 
 3.45900000e-04  1.55009560e-07 
 3.46000000e-04  1.54899604e-07 
 3.46100000e-04  1.71460823e-07 
 3.46200000e-04  1.71173862e-07 
 3.46300000e-04  1.71062195e-07 
 3.46400000e-04  1.70961876e-07 
 3.46500000e-04  1.70899650e-07 
 3.46600000e-04  1.59597275e-07 
 3.46700000e-04  1.59213930e-07 
 3.46800000e-04  1.59021183e-07 
 3.46900000e-04  1.58890208e-07 
 3.47000000e-04  1.58822884e-07 
 3.47100000e-04  1.70163431e-07 
 3.47200000e-04  1.69894099e-07 
 3.47300000e-04  1.69806540e-07 
 3.47400000e-04  1.69731539e-07 
 3.47500000e-04  1.69694030e-07 
 3.47600000e-04  1.55866514e-07 
 3.47700000e-04  1.55417427e-07 
 3.47800000e-04  1.55179979e-07 
 3.47900000e-04  1.55000475e-07 
 3.48000000e-04  1.54880668e-07 
 3.48100000e-04  1.70931591e-07 
 3.48200000e-04  1.70741817e-07 
 3.48300000e-04  1.70655257e-07 
 3.48400000e-04  1.70575882e-07 
 3.48500000e-04  1.70534300e-07 
 3.48600000e-04  1.57912568e-07 
 3.48700000e-04  1.57528446e-07 
 3.48800000e-04  1.57345244e-07 
 3.48900000e-04  1.57218204e-07 
 3.49000000e-04  1.57149024e-07 
 3.49100000e-04  1.70691573e-07 
 3.49200000e-04  1.70457548e-07 
 3.49300000e-04  1.70376691e-07 
 3.49400000e-04  1.70306940e-07 
 3.49500000e-04  1.70276133e-07 
 3.49600000e-04  1.56380884e-07 
 3.49700000e-04  1.55984746e-07 
 3.49800000e-04  1.55753698e-07 
 3.49900000e-04  1.55581482e-07 
 3.50000000e-04  1.55469881e-07 
 3.50100000e-04  1.72597432e-07 
 3.50200000e-04  1.72201008e-07 
 3.50300000e-04  1.72062934e-07 
 3.50400000e-04  1.71941639e-07 
 3.50500000e-04  1.71863920e-07 
 3.50600000e-04  1.61829274e-07 
 3.50700000e-04  1.61453742e-07 
 3.50800000e-04  1.61272668e-07 
 3.50900000e-04  1.61147628e-07 
 3.51000000e-04  1.61080315e-07 
 3.51100000e-04  1.70288363e-07 
 3.51200000e-04  1.69984590e-07 
 3.51300000e-04  1.69879290e-07 
 3.51400000e-04  1.69787084e-07 
 3.51500000e-04  1.69736910e-07 
 3.51600000e-04  1.55931796e-07 
 3.51700000e-04  1.55438974e-07 
 3.51800000e-04  1.55196293e-07 
 3.51900000e-04  1.55017393e-07 
 3.52000000e-04  1.54904212e-07 
 3.52100000e-04  1.70952771e-07 
 3.52200000e-04  1.70741312e-07 
 3.52300000e-04  1.70655073e-07 
 3.52400000e-04  1.70578469e-07 
 3.52500000e-04  1.70539300e-07 
 3.52600000e-04  1.57901381e-07 
 3.52700000e-04  1.57535881e-07 
 3.52800000e-04  1.57350298e-07 
 3.52900000e-04  1.57220966e-07 
 3.53000000e-04  1.57149580e-07 
 3.53100000e-04  1.70705462e-07 
 3.53200000e-04  1.70476756e-07 
 3.53300000e-04  1.70388787e-07 
 3.53400000e-04  1.70310745e-07 
 3.53500000e-04  1.70280000e-07 
 3.53600000e-04  1.56399865e-07 
 3.53700000e-04  1.55978857e-07 
 3.53800000e-04  1.55754162e-07 
 3.53900000e-04  1.55589496e-07 
 3.54000000e-04  1.55486678e-07 
 3.54100000e-04  1.72084773e-07 
 3.54200000e-04  1.71776777e-07 
 3.54300000e-04  1.71660035e-07 
 3.54400000e-04  1.71556693e-07 
 3.54500000e-04  1.71520607e-07 
 3.54600000e-04  1.60143328e-07 
 3.54700000e-04  1.59797903e-07 
 3.54800000e-04  1.59604331e-07 
 3.54900000e-04  1.59476913e-07 
 3.55000000e-04  1.59417658e-07 
 3.55100000e-04  1.70772752e-07 
 3.55200000e-04  1.70514962e-07 
 3.55300000e-04  1.70415644e-07 
 3.55400000e-04  1.70326570e-07 
 3.55500000e-04  1.70305280e-07 
 3.55600000e-04  1.56441588e-07 
 3.55700000e-04  1.55993197e-07 
 3.55800000e-04  1.55761606e-07 
 3.55900000e-04  1.55591008e-07 
 3.56000000e-04  1.55483251e-07 
 3.56100000e-04  1.71549520e-07 
 3.56200000e-04  1.71342437e-07 
 3.56300000e-04  1.71260638e-07 
 3.56400000e-04  1.71188303e-07 
 3.56500000e-04  1.71139269e-07 
 3.56600000e-04  1.58494653e-07 
 3.56700000e-04  1.58124852e-07 
 3.56800000e-04  1.57944086e-07 
 3.56900000e-04  1.57810314e-07 
 3.57000000e-04  1.57724935e-07 
 3.57100000e-04  1.71322238e-07 
 3.57200000e-04  1.71088791e-07 
 3.57300000e-04  1.71000475e-07 
 3.57400000e-04  1.70922531e-07 
 3.57500000e-04  1.70884081e-07 
 3.57600000e-04  1.56984543e-07 
 3.57700000e-04  1.56578960e-07 
 3.57800000e-04  1.56343000e-07 
 3.57900000e-04  1.56169922e-07 
 3.58000000e-04  1.56061628e-07 
 3.58100000e-04  1.74288425e-07 
 3.58200000e-04  1.73665478e-07 
 3.58300000e-04  1.73460193e-07 
 3.58400000e-04  1.73282326e-07 
 3.58500000e-04  1.73210572e-07 
 3.58600000e-04  1.65734855e-07 
 3.58700000e-04  1.65355546e-07 
 3.58800000e-04  1.65180590e-07 
 3.58900000e-04  1.65082198e-07 
 3.59000000e-04  1.65062708e-07 
 3.59100000e-04  1.70578728e-07 
 3.59200000e-04  1.69782168e-07 
 3.59300000e-04  1.69530929e-07 
 3.59400000e-04  1.69316069e-07 
 3.59500000e-04  1.69232463e-07 
 3.59600000e-04  1.55508664e-07 
 3.59700000e-04  1.54940366e-07 
 3.59800000e-04  1.54669705e-07 
 3.59900000e-04  1.54464347e-07 
 3.60000000e-04  1.54326267e-07 
 3.60100000e-04  1.70377195e-07 
 3.60200000e-04  1.70169292e-07 
 3.60300000e-04  1.70077047e-07 
 3.60400000e-04  1.69993677e-07 
 3.60500000e-04  1.69948284e-07 
 3.60600000e-04  1.57332222e-07 
 3.60700000e-04  1.56977272e-07 
 3.60800000e-04  1.56786583e-07 
 3.60900000e-04  1.56646406e-07 
 3.61000000e-04  1.56558249e-07 
 3.61100000e-04  1.70092866e-07 
 3.61200000e-04  1.69859937e-07 
 3.61300000e-04  1.69780915e-07 
 3.61400000e-04  1.69712777e-07 
 3.61500000e-04  1.69672733e-07 
 3.61600000e-04  1.55816563e-07 
 3.61700000e-04  1.55409932e-07 
 3.61800000e-04  1.55174916e-07 
 3.61900000e-04  1.54999132e-07 
 3.62000000e-04  1.54884365e-07 
 3.62100000e-04  1.71456737e-07 
 3.62200000e-04  1.71153919e-07 
 3.62300000e-04  1.71043417e-07 
 3.62400000e-04  1.70946355e-07 
 3.62500000e-04  1.70903531e-07 
 3.62600000e-04  1.59564105e-07 
 3.62700000e-04  1.59208230e-07 
 3.62800000e-04  1.59013817e-07 
 3.62900000e-04  1.58886677e-07 
 3.63000000e-04  1.58828845e-07 
 3.63100000e-04  1.70162311e-07 
 3.63200000e-04  1.69906846e-07 
 3.63300000e-04  1.69804264e-07 
 3.63400000e-04  1.69711312e-07 
 3.63500000e-04  1.69680685e-07 
 3.63600000e-04  1.55860279e-07 
 3.63700000e-04  1.55414923e-07 
 3.63800000e-04  1.55183936e-07 
 3.63900000e-04  1.55003874e-07 
 3.64000000e-04  1.54876254e-07 
 3.64100000e-04  1.70930258e-07 
 3.64200000e-04  1.70729341e-07 
 3.64300000e-04  1.70644565e-07 
 3.64400000e-04  1.70568536e-07 
 3.64500000e-04  1.70529209e-07 
 3.64600000e-04  1.57891221e-07 
 3.64700000e-04  1.57546591e-07 
 3.64800000e-04  1.57344293e-07 
 3.64900000e-04  1.57201910e-07 
 3.65000000e-04  1.57121242e-07 
 3.65100000e-04  1.70686974e-07 
 3.65200000e-04  1.70457850e-07 
 3.65300000e-04  1.70370715e-07 
 3.65400000e-04  1.70293585e-07 
 3.65500000e-04  1.70274753e-07 
 3.65600000e-04  1.56396868e-07 
 3.65700000e-04  1.55981168e-07 
 3.65800000e-04  1.55755477e-07 
 3.65900000e-04  1.55588349e-07 
 3.66000000e-04  1.55481541e-07 
 3.66100000e-04  1.72595739e-07 
 3.66200000e-04  1.72198590e-07 
 3.66300000e-04  1.72053545e-07 
 3.66400000e-04  1.71925113e-07 
 3.66500000e-04  1.71859142e-07 
 3.66600000e-04  1.61824478e-07 
 3.66700000e-04  1.61446364e-07 
 3.66800000e-04  1.61267617e-07 
 3.66900000e-04  1.61145402e-07 
 3.67000000e-04  1.61081413e-07 
 3.67100000e-04  1.70286366e-07 
 3.67200000e-04  1.69984479e-07 
 3.67300000e-04  1.69877690e-07 
 3.67400000e-04  1.69784077e-07 
 3.67500000e-04  1.69726465e-07 
 3.67600000e-04  1.55941560e-07 
 3.67700000e-04  1.55444315e-07 
 3.67800000e-04  1.55200932e-07 
 3.67900000e-04  1.55015598e-07 
 3.68000000e-04  1.54890053e-07 
 3.68100000e-04  1.70945760e-07 
 3.68200000e-04  1.70753159e-07 
 3.68300000e-04  1.70658734e-07 
 3.68400000e-04  1.70571258e-07 
 3.68500000e-04  1.70531503e-07 
 3.68600000e-04  1.57912711e-07 
 3.68700000e-04  1.57551140e-07 
 3.68800000e-04  1.57349289e-07 
 3.68900000e-04  1.57210065e-07 
 3.69000000e-04  1.57135350e-07 
 3.69100000e-04  1.70703420e-07 
 3.69200000e-04  1.70457447e-07 
 3.69300000e-04  1.70378100e-07 
 3.69400000e-04  1.70311543e-07 
 3.69500000e-04  1.70270405e-07 
 3.69600000e-04  1.56400698e-07 
 3.69700000e-04  1.55987583e-07 
 3.69800000e-04  1.55761114e-07 
 3.69900000e-04  1.55587207e-07 
 3.70000000e-04  1.55467426e-07 
 3.70100000e-04  1.72069685e-07 
 3.70200000e-04  1.71770344e-07 
 3.70300000e-04  1.71657636e-07 
 3.70400000e-04  1.71557844e-07 
 3.70500000e-04  1.71512578e-07 
 3.70600000e-04  1.60150343e-07 
 3.70700000e-04  1.59795216e-07 
 3.70800000e-04  1.59609118e-07 
 3.70900000e-04  1.59479407e-07 
 3.71000000e-04  1.59407767e-07 
 3.71100000e-04  1.70770006e-07 
 3.71200000e-04  1.70507970e-07 
 3.71300000e-04  1.70417695e-07 
 3.71400000e-04  1.70338814e-07 
 3.71500000e-04  1.70298963e-07 
 3.71600000e-04  1.56453826e-07 
 3.71700000e-04  1.55993207e-07 
 3.71800000e-04  1.55763720e-07 
 3.71900000e-04  1.55587882e-07 
 3.72000000e-04  1.55467289e-07 
 3.72100000e-04  1.71543778e-07 
 3.72200000e-04  1.71363186e-07 
 3.72300000e-04  1.71273913e-07 
 3.72400000e-04  1.71190658e-07 
 3.72500000e-04  1.71141858e-07 
 3.72600000e-04  1.58478334e-07 
 3.72700000e-04  1.58116105e-07 
 3.72800000e-04  1.57938594e-07 
 3.72900000e-04  1.57811159e-07 
 3.73000000e-04  1.57735281e-07 
 3.73100000e-04  1.71321137e-07 
 3.73200000e-04  1.71073229e-07 
 3.73300000e-04  1.70989919e-07 
 3.73400000e-04  1.70919069e-07 
 3.73500000e-04  1.70892154e-07 
 3.73600000e-04  1.56969860e-07 
 3.73700000e-04  1.56560456e-07 
 3.73800000e-04  1.56347103e-07 
 3.73900000e-04  1.56181519e-07 
 3.74000000e-04  1.56065111e-07 
 3.74100000e-04  1.73757673e-07 
 3.74200000e-04  1.73246002e-07 
 3.74300000e-04  1.73071099e-07 
 3.74400000e-04  1.72918499e-07 
 3.74500000e-04  1.72850443e-07 
 3.74600000e-04  1.64057436e-07 
 3.74700000e-04  1.63692075e-07 
 3.74800000e-04  1.63526195e-07 
 3.74900000e-04  1.63417883e-07 
 3.75000000e-04  1.63368856e-07 
 3.75100000e-04  1.70568337e-07 
 3.75200000e-04  1.70158432e-07 
 3.75300000e-04  1.70006451e-07 
 3.75400000e-04  1.69872190e-07 
 3.75500000e-04  1.69821984e-07 
 3.75600000e-04  1.56031058e-07 
 3.75700000e-04  1.55489372e-07 
 3.75800000e-04  1.55239528e-07 
 3.75900000e-04  1.55047560e-07 
 3.76000000e-04  1.54915089e-07 
 3.76100000e-04  1.72920655e-07 
 3.76200000e-04  1.72368099e-07 
 3.76300000e-04  1.72180359e-07 
 3.76400000e-04  1.72093750e-07 
 3.76500000e-04  1.72039820e-07 
 3.76600000e-04  1.58941748e-07 
 3.76700000e-04  1.58400320e-07 
 3.76800000e-04  1.58161471e-07 
 3.76900000e-04  1.57984450e-07 
 3.77000000e-04  1.57870474e-07 
 3.77100000e-04  1.03757662e-04 
 3.77200000e-04  1.03757223e-04 
 3.77300000e-04  1.03757100e-04 
 3.77400000e-04  1.03756998e-04 
 3.77500000e-04  1.03756948e-04 
 3.77600000e-04  1.03743085e-04 
 3.77700000e-04  1.03742637e-04 
 3.77800000e-04  1.03742411e-04 
 3.77900000e-04  1.03742241e-04 
 3.78000000e-04  1.03742126e-04 
 3.78100000e-04  1.73244640e-07 
 3.78200000e-04  1.72891604e-07 
 3.78300000e-04  1.72779446e-07 
 3.78400000e-04  1.72684576e-07 
 3.78500000e-04  1.72615773e-07 
 3.78600000e-04  1.61251049e-07 
 3.78700000e-04  1.60880859e-07 
 3.78800000e-04  1.60697581e-07 
 3.78900000e-04  1.60578101e-07 
 3.79000000e-04  1.60524332e-07 
 3.79100000e-04  1.71925677e-07 
 3.79200000e-04  1.71651250e-07 
 3.79300000e-04  1.71554104e-07 
 3.79400000e-04  1.71468877e-07 
 3.79500000e-04  1.71439201e-07 
 3.79600000e-04  1.57527546e-07 
 3.79700000e-04  1.57078729e-07 
 3.79800000e-04  1.56861646e-07 
 3.79900000e-04  1.56694898e-07 
 3.80000000e-04  1.56579967e-07 
 3.80100000e-04  1.72702284e-07 
 3.80200000e-04  1.72518772e-07 
 3.80300000e-04  1.72420829e-07 
 3.80400000e-04  1.72328280e-07 
 3.80500000e-04  1.72297015e-07 
 3.80600000e-04  1.59571177e-07 
 3.80700000e-04  1.59207691e-07 
 3.80800000e-04  1.59031014e-07 
 3.80900000e-04  1.58906661e-07 
 3.81000000e-04  1.58836178e-07 
 3.81100000e-04  1.72475875e-07 
 3.81200000e-04  1.72233426e-07 
 3.81300000e-04  1.72138576e-07 
 3.81400000e-04  1.72054163e-07 
 3.81500000e-04  1.72031330e-07 
 3.81600000e-04  1.58068280e-07 
 3.81700000e-04  1.57645157e-07 
 3.81800000e-04  1.57428359e-07 
 3.81900000e-04  1.57265914e-07 
 3.82000000e-04  1.57159430e-07 
 3.82100000e-04  1.74384068e-07 
 3.82200000e-04  1.73973187e-07 
 3.82300000e-04  1.73823400e-07 
 3.82400000e-04  1.73691116e-07 
 3.82500000e-04  1.73623420e-07 
 3.82600000e-04  1.63482150e-07 
 3.82700000e-04  1.63110091e-07 
 3.82800000e-04  1.62935053e-07 
 3.82900000e-04  1.62822714e-07 
 3.83000000e-04  1.62774946e-07 
 3.83100000e-04  1.72053681e-07 
 3.83200000e-04  1.71739369e-07 
 3.83300000e-04  1.71622603e-07 
 3.83400000e-04  1.71518906e-07 
 3.83500000e-04  1.71469031e-07 
 3.83600000e-04  1.57597154e-07 
 3.83700000e-04  1.57100926e-07 
 3.83800000e-04  1.56879346e-07 
 3.83900000e-04  1.56707037e-07 
 3.84000000e-04  1.56585438e-07 
 3.84100000e-04  1.72733780e-07 
 3.84200000e-04  1.72516346e-07 
 3.84300000e-04  1.72422851e-07 
 3.84400000e-04  1.72339045e-07 
 3.84500000e-04  1.72279412e-07 
 3.84600000e-04  1.59571429e-07 
 3.84700000e-04  1.59215728e-07 
 3.84800000e-04  1.59031710e-07 
 3.84900000e-04  1.58898473e-07 
 3.85000000e-04  1.58817514e-07 
 3.85100000e-04  1.72472174e-07 
 3.85200000e-04  1.72238898e-07 
 3.85300000e-04  1.72150337e-07 
 3.85400000e-04  1.72072093e-07 
 3.85500000e-04  1.72022076e-07 
 3.85600000e-04  1.58047687e-07 
 3.85700000e-04  1.57641553e-07 
 3.85800000e-04  1.57426380e-07 
 3.85900000e-04  1.57263187e-07 
 3.86000000e-04  1.57153506e-07 
 3.86100000e-04  1.73847470e-07 
 3.86200000e-04  1.73552799e-07 
 3.86300000e-04  1.73419892e-07 
 3.86400000e-04  1.73296982e-07 
 3.86500000e-04  1.73262201e-07 
 3.86600000e-04  1.61806874e-07 
 3.86700000e-04  1.61452953e-07 
 3.86800000e-04  1.61282888e-07 
 3.86900000e-04  1.61164195e-07 
 3.87000000e-04  1.61098381e-07 
 3.87100000e-04  1.72545795e-07 
 3.87200000e-04  1.72270398e-07 
 3.87300000e-04  1.72175887e-07 
 3.87400000e-04  1.72093673e-07 
 3.87500000e-04  1.72042876e-07 
 3.87600000e-04  1.58106530e-07 
 3.87700000e-04  1.57654206e-07 
 3.87800000e-04  1.57440878e-07 
 3.87900000e-04  1.57272782e-07 
 3.88000000e-04  1.57151232e-07 
 3.88100000e-04  1.73328036e-07 
 3.88200000e-04  1.73115342e-07 
 3.88300000e-04  1.73028159e-07 
 3.88400000e-04  1.72950657e-07 
 3.88500000e-04  1.72891871e-07 
 3.88600000e-04  1.60144329e-07 
 3.88700000e-04  1.59794572e-07 
 3.88800000e-04  1.59617843e-07 
 3.88900000e-04  1.59487035e-07 
 3.89000000e-04  1.59403484e-07 
 3.89100000e-04  1.73085830e-07 
 3.89200000e-04  1.72833914e-07 
 3.89300000e-04  1.72752216e-07 
 3.89400000e-04  1.72683092e-07 
 3.89500000e-04  1.72628005e-07 
 3.89600000e-04  1.58622003e-07 
 3.89700000e-04  1.58230767e-07 
 3.89800000e-04  1.58015590e-07 
 3.89900000e-04  1.57850228e-07 
 3.90000000e-04  1.57736137e-07 
 3.90100000e-04  1.77118951e-07 
 3.90200000e-04  1.76269117e-07 
 3.90300000e-04  1.76010025e-07 
 3.90400000e-04  1.75789948e-07 
 3.90500000e-04  1.75689804e-07 
 3.90600000e-04  1.70710162e-07 
 3.90700000e-04  1.70346717e-07 
 3.90800000e-04  1.70184581e-07 
 3.90900000e-04  1.70106797e-07 
 3.91000000e-04  1.70115912e-07 
 3.91100000e-04  1.71321767e-07 
 3.91200000e-04  1.70325901e-07 
 3.91300000e-04  1.70060791e-07 
 3.91400000e-04  1.69842596e-07 
 3.91500000e-04  1.69754506e-07 
 3.91600000e-04  1.56068446e-07 
 3.91700000e-04  1.55429205e-07 
 3.91800000e-04  1.55152659e-07 
 3.91900000e-04  1.54948498e-07 
 3.92000000e-04  1.54818895e-07 
 3.92100000e-04  1.70904806e-07 
 3.92200000e-04  1.70702836e-07 
 3.92300000e-04  1.70606005e-07 
 3.92400000e-04  1.70517083e-07 
 3.92500000e-04  1.70470909e-07 
 3.92600000e-04  1.57805906e-07 
 3.92700000e-04  1.57437701e-07 
 3.92800000e-04  1.57260861e-07 
 3.92900000e-04  1.57133485e-07 
 3.93000000e-04  1.57057015e-07 
 3.93100000e-04  1.70631561e-07 
 3.93200000e-04  1.70394089e-07 
 3.93300000e-04  1.70306049e-07 
 3.93400000e-04  1.70228881e-07 
 3.93500000e-04  1.70186184e-07 
 3.93600000e-04  1.56294821e-07 
 3.93700000e-04  1.55892467e-07 
 3.93800000e-04  1.55655872e-07 
 3.93900000e-04  1.55486528e-07 
 3.94000000e-04  1.55386443e-07 
 3.94100000e-04  1.71979541e-07 
 3.94200000e-04  1.71679502e-07 
 3.94300000e-04  1.71560147e-07 
 3.94400000e-04  1.71452823e-07 
 3.94500000e-04  1.71418351e-07 
 3.94600000e-04  1.60058671e-07 
 3.94700000e-04  1.59691869e-07 
 3.94800000e-04  1.59506582e-07 
 3.94900000e-04  1.59379495e-07 
 3.95000000e-04  1.59312325e-07 
 3.95100000e-04  1.70690438e-07 
 3.95200000e-04  1.70404444e-07 
 3.95300000e-04  1.70306842e-07 
 3.95400000e-04  1.70222702e-07 
 3.95500000e-04  1.70192316e-07 
 3.95600000e-04  1.56341990e-07 
 3.95700000e-04  1.55905369e-07 
 3.95800000e-04  1.55670875e-07 
 3.95900000e-04  1.55492788e-07 
 3.96000000e-04  1.55372767e-07 
 3.96100000e-04  1.71457719e-07 
 3.96200000e-04  1.71265427e-07 
 3.96300000e-04  1.71176106e-07 
 3.96400000e-04  1.71094258e-07 
 3.96500000e-04  1.71048658e-07 
 3.96600000e-04  1.58371289e-07 
 3.96700000e-04  1.58018566e-07 
 3.96800000e-04  1.57825389e-07 
 3.96900000e-04  1.57694358e-07 
 3.97000000e-04  1.57627319e-07 
 3.97100000e-04  1.71214157e-07 
 3.97200000e-04  1.70988564e-07 
 3.97300000e-04  1.70893654e-07 
 3.97400000e-04  1.70807798e-07 
 3.97500000e-04  1.70772060e-07 
 3.97600000e-04  1.56881272e-07 
 3.97700000e-04  1.56450599e-07 
 3.97800000e-04  1.56234171e-07 
 3.97900000e-04  1.56070751e-07 
 3.98000000e-04  1.55961891e-07 
 3.98100000e-04  1.73118927e-07 
 3.98200000e-04  1.72707300e-07 
 3.98300000e-04  1.72559639e-07 
 3.98400000e-04  1.72429510e-07 
 3.98500000e-04  1.72369820e-07 
 3.98600000e-04  1.62285176e-07 
 3.98700000e-04  1.61924028e-07 
 3.98800000e-04  1.61753396e-07 
 3.98900000e-04  1.61635608e-07 
 3.99000000e-04  1.61572213e-07 
 3.99100000e-04  1.70789706e-07 
 3.99200000e-04  1.70495489e-07 
 3.99300000e-04  1.70384745e-07 
 3.99400000e-04  1.70285880e-07 
 3.99500000e-04  1.70228549e-07 
 3.99600000e-04  1.56407526e-07 
 3.99700000e-04  1.55903282e-07 
 3.99800000e-04  1.55665380e-07 
 3.99900000e-04  1.55490111e-07 
 4.00000000e-04  1.55379327e-07 
 4.00100000e-04  1.71469477e-07 
 4.00200000e-04  1.71255739e-07 
 4.00300000e-04  1.71173563e-07 
 4.00400000e-04  1.71101686e-07 
 4.00500000e-04  1.71044285e-07 
 4.00600000e-04  1.58372977e-07 
 4.00700000e-04  1.58025071e-07 
 4.00800000e-04  1.57833996e-07 
 4.00900000e-04  1.57701536e-07 
 4.01000000e-04  1.57629417e-07 
 4.01100000e-04  1.71221455e-07 
 4.01200000e-04  1.70978532e-07 
 4.01300000e-04  1.70896025e-07 
 4.01400000e-04  1.70825527e-07 
 4.01500000e-04  1.70776088e-07 
 4.01600000e-04  1.56864750e-07 
 4.01700000e-04  1.56465053e-07 
 4.01800000e-04  1.56240374e-07 
 4.01900000e-04  1.56072548e-07 
 4.02000000e-04  1.55963246e-07 
 4.02100000e-04  1.72604532e-07 
 4.02200000e-04  1.72286212e-07 
 4.02300000e-04  1.72163691e-07 
 4.02400000e-04  1.72055093e-07 
 4.02500000e-04  1.72014123e-07 
 4.02600000e-04  1.60621754e-07 
 4.02700000e-04  1.60256313e-07 
 4.02800000e-04  1.60075951e-07 
 4.02900000e-04  1.59954144e-07 
 4.03000000e-04  1.59892611e-07 
 4.03100000e-04  1.71307854e-07 
 4.03200000e-04  1.71016352e-07 
 4.03300000e-04  1.70922385e-07 
 4.03400000e-04  1.70842366e-07 
 4.03500000e-04  1.70799838e-07 
 4.03600000e-04  1.56919202e-07 
 4.03700000e-04  1.56485260e-07 
 4.03800000e-04  1.56246507e-07 
 4.03900000e-04  1.56070140e-07 
 4.04000000e-04  1.55958002e-07 
 4.04100000e-04  1.72067031e-07 
 4.04200000e-04  1.71859257e-07 
 4.04300000e-04  1.71772660e-07 
 4.04400000e-04  1.71694924e-07 
 4.04500000e-04  1.71650804e-07 
 4.04600000e-04  1.58963545e-07 
 4.04700000e-04  1.58610728e-07 
 4.04800000e-04  1.58417386e-07 
 4.04900000e-04  1.58285000e-07 
 4.05000000e-04  1.58215364e-07 
 4.05100000e-04  1.71832933e-07 
 4.05200000e-04  1.71592262e-07 
 4.05300000e-04  1.71508954e-07 
 4.05400000e-04  1.71437467e-07 
 4.05500000e-04  1.71397677e-07 
 4.05600000e-04  1.57463754e-07 
 4.05700000e-04  1.57054513e-07 
 4.05800000e-04  1.56823984e-07 
 4.05900000e-04  1.56656177e-07 
 4.06000000e-04  1.56552943e-07 
 4.06100000e-04  1.74267494e-07 
 4.06200000e-04  1.73745102e-07 
 4.06300000e-04  1.73569880e-07 
 4.06400000e-04  1.73417776e-07 
 4.06500000e-04  1.73354307e-07 
 4.06600000e-04  1.64533391e-07 
 4.06700000e-04  1.64179394e-07 
 4.06800000e-04  1.63998151e-07 
 4.06900000e-04  1.63888517e-07 
 4.07000000e-04  1.63852626e-07 
 4.07100000e-04  1.71091398e-07 
 4.07200000e-04  1.70674965e-07 
 4.07300000e-04  1.70523065e-07 
 4.07400000e-04  1.70389692e-07 
 4.07500000e-04  1.70310709e-07 
 4.07600000e-04  1.56510233e-07 
 4.07700000e-04  1.55965053e-07 
 4.07800000e-04  1.55721481e-07 
 4.07900000e-04  1.55534621e-07 
 4.08000000e-04  1.55406134e-07 
 4.08100000e-04  1.71506445e-07 
 4.08200000e-04  1.71288219e-07 
 4.08300000e-04  1.71202156e-07 
 4.08400000e-04  1.71126505e-07 
 4.08500000e-04  1.71063060e-07 
 4.08600000e-04  1.58394493e-07 
 4.08700000e-04  1.58027724e-07 
 4.08800000e-04  1.57840049e-07 
 4.08900000e-04  1.57705994e-07 
 4.09000000e-04  1.57627120e-07 
 4.09100000e-04  1.71219974e-07 
 4.09200000e-04  1.70988919e-07 
 4.09300000e-04  1.70899363e-07 
 4.09400000e-04  1.70819446e-07 
 4.09500000e-04  1.70799298e-07 
 4.09600000e-04  1.56889954e-07 
 4.09700000e-04  1.56461000e-07 
 4.09800000e-04  1.56246626e-07 
 4.09900000e-04  1.56083442e-07 
 4.10000000e-04  1.55972927e-07 
 4.10100000e-04  1.72594727e-07 
 4.10200000e-04  1.72291787e-07 
 4.10300000e-04  1.72173270e-07 
 4.10400000e-04  1.72067028e-07 
 4.10500000e-04  1.72019440e-07 
 4.10600000e-04  1.60623484e-07 
 4.10700000e-04  1.60266122e-07 
 4.10800000e-04  1.60091107e-07 
 4.10900000e-04  1.59969038e-07 
 4.11000000e-04  1.59901447e-07 
 4.11100000e-04  1.71310888e-07 
 4.11200000e-04  1.71021430e-07 
 4.11300000e-04  1.70930189e-07 
 4.11400000e-04  1.70852866e-07 
 4.11500000e-04  1.70798556e-07 
 4.11600000e-04  1.56918220e-07 
 4.11700000e-04  1.56483063e-07 
 4.11800000e-04  1.56250454e-07 
 4.11900000e-04  1.56081034e-07 
 4.12000000e-04  1.55976664e-07 
 4.12100000e-04  1.72069775e-07 
 4.12200000e-04  1.71880313e-07 
 4.12300000e-04  1.71786893e-07 
 4.12400000e-04  1.71699865e-07 
 4.12500000e-04  1.71645433e-07 
 4.12600000e-04  1.58967213e-07 
 4.12700000e-04  1.58608766e-07 
 4.12800000e-04  1.58429621e-07 
 4.12900000e-04  1.58299744e-07 
 4.13000000e-04  1.58220555e-07 
 4.13100000e-04  1.71830118e-07 
 4.13200000e-04  1.71596428e-07 
 4.13300000e-04  1.71511455e-07 
 4.13400000e-04  1.71436940e-07 
 4.13500000e-04  1.71403971e-07 
 4.13600000e-04  1.57456314e-07 
 4.13700000e-04  1.57059501e-07 
 4.13800000e-04  1.56827173e-07 
 4.13900000e-04  1.56654592e-07 
 4.14000000e-04  1.56543511e-07 
 4.14100000e-04  1.73750769e-07 
 4.14200000e-04  1.73328053e-07 
 4.14300000e-04  1.73180888e-07 
 4.14400000e-04  1.73052568e-07 
 4.14500000e-04  1.73002068e-07 
 4.14600000e-04  1.62886565e-07 
 4.14700000e-04  1.62525917e-07 
 4.14800000e-04  1.62339435e-07 
 4.14900000e-04  1.62219880e-07 
 4.15000000e-04  1.62169226e-07 
 4.15100000e-04  1.71417506e-07 
 4.15200000e-04  1.71111761e-07 
 4.15300000e-04  1.70998443e-07 
 4.15400000e-04  1.70897570e-07 
 4.15500000e-04  1.70861035e-07 
 4.15600000e-04  1.56992067e-07 
 4.15700000e-04  1.56512909e-07 
 4.15800000e-04  1.56267449e-07 
 4.15900000e-04  1.56089445e-07 
 4.16000000e-04  1.55980889e-07 
 4.16100000e-04  1.72089364e-07 
 4.16200000e-04  1.71878326e-07 
 4.16300000e-04  1.71792024e-07 
 4.16400000e-04  1.71715253e-07 
 4.16500000e-04  1.71661854e-07 
 4.16600000e-04  1.58959190e-07 
 4.16700000e-04  1.58605617e-07 
 4.16800000e-04  1.58419528e-07 
 4.16900000e-04  1.58293137e-07 
 4.17000000e-04  1.58228193e-07 
 4.17100000e-04  1.71842615e-07 
 4.17200000e-04  1.71608544e-07 
 4.17300000e-04  1.71522385e-07 
 4.17400000e-04  1.71446593e-07 
 4.17500000e-04  1.71394551e-07 
 4.17600000e-04  1.57462798e-07 
 4.17700000e-04  1.57063726e-07 
 4.17800000e-04  1.56838045e-07 
 4.17900000e-04  1.56666749e-07 
 4.18000000e-04  1.56551412e-07 
 4.18100000e-04  1.73218795e-07 
 4.18200000e-04  1.72901993e-07 
 4.18300000e-04  1.72788178e-07 
 4.18400000e-04  1.72688722e-07 
 4.18500000e-04  1.72622635e-07 
 4.18600000e-04  1.61228551e-07 
 4.18700000e-04  1.60860701e-07 
 4.18800000e-04  1.60681190e-07 
 4.18900000e-04  1.60557984e-07 
 4.19000000e-04  1.60492721e-07 
 4.19100000e-04  1.71928657e-07 
 4.19200000e-04  1.71638908e-07 
 4.19300000e-04  1.71546392e-07 
 4.19400000e-04  1.71467940e-07 
 4.19500000e-04  1.71423786e-07 
 4.19600000e-04  1.57518827e-07 
 4.19700000e-04  1.57078072e-07 
 4.19800000e-04  1.56840604e-07 
 4.19900000e-04  1.56665098e-07 
 4.20000000e-04  1.56553369e-07 
 4.20100000e-04  1.72701582e-07 
 4.20200000e-04  1.72480809e-07 
 4.20300000e-04  1.72390591e-07 
 4.20400000e-04  1.72310742e-07 
 4.20500000e-04  1.72254529e-07 
 4.20600000e-04  1.59555723e-07 
 4.20700000e-04  1.59188877e-07 
 4.20800000e-04  1.59011541e-07 
 4.20900000e-04  1.58886734e-07 
 4.21000000e-04  1.58815968e-07 
 4.21100000e-04  1.72460194e-07 
 4.21200000e-04  1.72212486e-07 
 4.21300000e-04  1.72124462e-07 
 4.21400000e-04  1.72048503e-07 
 4.21500000e-04  1.72004738e-07 
 4.21600000e-04  1.58048799e-07 
 4.21700000e-04  1.57630779e-07 
 4.21800000e-04  1.57426710e-07 
 4.21900000e-04  1.57265047e-07 
 4.22000000e-04  1.57146982e-07 
 4.22100000e-04  1.75419073e-07 
 4.22200000e-04  1.74794633e-07 
 4.22300000e-04  1.74594274e-07 
 4.22400000e-04  1.74421881e-07 
 4.22500000e-04  1.74347790e-07 
 4.22600000e-04  1.66791909e-07 
 4.22700000e-04  1.66415137e-07 
 4.22800000e-04  1.66252881e-07 
 4.22900000e-04  1.66161335e-07 
 4.23000000e-04  1.66142588e-07 
 4.23100000e-04  1.71726920e-07 
 4.23200000e-04  1.70926678e-07 
 4.23300000e-04  1.70668050e-07 
 4.23400000e-04  1.70445921e-07 
 4.23500000e-04  1.70355906e-07 
 4.23600000e-04  1.56578086e-07 
 4.23700000e-04  1.56011290e-07 
 4.23800000e-04  1.55736875e-07 
 4.23900000e-04  1.55539442e-07 
 4.24000000e-04  1.55421276e-07 
 4.24100000e-04  1.71507238e-07 
 4.24200000e-04  1.71299974e-07 
 4.24300000e-04  1.71215160e-07 
 4.24400000e-04  1.71139107e-07 
 4.24500000e-04  1.71089376e-07 
 4.24600000e-04  1.58409695e-07 
 4.24700000e-04  1.58032016e-07 
 4.24800000e-04  1.57846270e-07 
 4.24900000e-04  1.57713253e-07 
 4.25000000e-04  1.57634481e-07 
 4.25100000e-04  1.71240155e-07 
 4.25200000e-04  1.71000242e-07 
 4.25300000e-04  1.70910133e-07 
 4.25400000e-04  1.70831152e-07 
 4.25500000e-04  1.70805934e-07 
 4.25600000e-04  1.56886122e-07 
 4.25700000e-04  1.56461058e-07 
 4.25800000e-04  1.56239617e-07 
 4.25900000e-04  1.56074291e-07 
 4.26000000e-04  1.55966706e-07 
 4.26100000e-04  1.72618029e-07 
 4.26200000e-04  1.72290954e-07 
 4.26300000e-04  1.72170079e-07 
 4.26400000e-04  1.72064343e-07 
 4.26500000e-04  1.72014207e-07 
 4.26600000e-04  1.60623916e-07 
 4.26700000e-04  1.60262225e-07 
 4.26800000e-04  1.60078972e-07 
 4.26900000e-04  1.59959174e-07 
 4.27000000e-04  1.59904680e-07 
 4.27100000e-04  1.71299720e-07 
 4.27200000e-04  1.71022869e-07 
 4.27300000e-04  1.70925081e-07 
 4.27400000e-04  1.70839213e-07 
 4.27500000e-04  1.70803303e-07 
 4.27600000e-04  1.56930373e-07 
 4.27700000e-04  1.56490633e-07 
 4.27800000e-04  1.56255892e-07 
 4.27900000e-04  1.56083837e-07 
 4.28000000e-04  1.55976291e-07 
 4.28100000e-04  1.72072418e-07 
 4.28200000e-04  1.71881772e-07 
 4.28300000e-04  1.71787914e-07 
 4.28400000e-04  1.71700693e-07 
 4.28500000e-04  1.71654711e-07 
 4.28600000e-04  1.58965700e-07 
 4.28700000e-04  1.58617281e-07 
 4.28800000e-04  1.58422788e-07 
 4.28900000e-04  1.58288784e-07 
 4.29000000e-04  1.58217023e-07 
 4.29100000e-04  1.71825446e-07 
 4.29200000e-04  1.71595737e-07 
 4.29300000e-04  1.71510662e-07 
 4.29400000e-04  1.71435721e-07 
 4.29500000e-04  1.71406916e-07 
 4.29600000e-04  1.57465595e-07 
 4.29700000e-04  1.57044843e-07 
 4.29800000e-04  1.56825561e-07 
 4.29900000e-04  1.56658120e-07 
 4.30000000e-04  1.56544004e-07 
 4.30100000e-04  1.73744114e-07 
 4.30200000e-04  1.73334427e-07 
 4.30300000e-04  1.73181383e-07 
 4.30400000e-04  1.73045482e-07 
 4.30500000e-04  1.72992860e-07 
 4.30600000e-04  1.62876181e-07 
 4.30700000e-04  1.62512875e-07 
 4.30800000e-04  1.62336740e-07 
 4.30900000e-04  1.62225648e-07 
 4.31000000e-04  1.62181497e-07 
 4.31100000e-04  1.71420092e-07 
 4.31200000e-04  1.71103446e-07 
 4.31300000e-04  1.70992671e-07 
 4.31400000e-04  1.70895789e-07 
 4.31500000e-04  1.70849123e-07 
 4.31600000e-04  1.56993334e-07 
 4.31700000e-04  1.56503987e-07 
 4.31800000e-04  1.56273408e-07 
 4.31900000e-04  1.56099016e-07 
 4.32000000e-04  1.55982434e-07 
 4.32100000e-04  1.72094393e-07 
 4.32200000e-04  1.71899541e-07 
 4.32300000e-04  1.71805542e-07 
 4.32400000e-04  1.71718843e-07 
 4.32500000e-04  1.71665311e-07 
 4.32600000e-04  1.58981299e-07 
 4.32700000e-04  1.58615939e-07 
 4.32800000e-04  1.58436567e-07 
 4.32900000e-04  1.58303384e-07 
 4.33000000e-04  1.58217691e-07 
 4.33100000e-04  1.71835380e-07 
 4.33200000e-04  1.71595758e-07 
 4.33300000e-04  1.71512718e-07 
 4.33400000e-04  1.71441045e-07 
 4.33500000e-04  1.71400328e-07 
 4.33600000e-04  1.57457739e-07 
 4.33700000e-04  1.57048590e-07 
 4.33800000e-04  1.56834124e-07 
 4.33900000e-04  1.56668666e-07 
 4.34000000e-04  1.56553607e-07 
 4.34100000e-04  1.73210752e-07 
 4.34200000e-04  1.72900455e-07 
 4.34300000e-04  1.72784592e-07 
 4.34400000e-04  1.72682173e-07 
 4.34500000e-04  1.72624631e-07 
 4.34600000e-04  1.61223727e-07 
 4.34700000e-04  1.60859382e-07 
 4.34800000e-04  1.60676249e-07 
 4.34900000e-04  1.60551273e-07 
 4.35000000e-04  1.60486135e-07 
 4.35100000e-04  1.71914715e-07 
 4.35200000e-04  1.71641353e-07 
 4.35300000e-04  1.71549677e-07 
 4.35400000e-04  1.71470110e-07 
 4.35500000e-04  1.71422033e-07 
 4.35600000e-04  1.57504723e-07 
 4.35700000e-04  1.57079670e-07 
 4.35800000e-04  1.56838576e-07 
 4.35900000e-04  1.56666546e-07 
 4.36000000e-04  1.56565605e-07 
 4.36100000e-04  1.72687341e-07 
 4.36200000e-04  1.72488368e-07 
 4.36300000e-04  1.72395248e-07 
 4.36400000e-04  1.72309583e-07 
 4.36500000e-04  1.72268621e-07 
 4.36600000e-04  1.59551075e-07 
 4.36700000e-04  1.59206233e-07 
 4.36800000e-04  1.59020761e-07 
 4.36900000e-04  1.58891748e-07 
 4.37000000e-04  1.58820821e-07 
 4.37100000e-04  1.72454065e-07 
 4.37200000e-04  1.72206935e-07 
 4.37300000e-04  1.72120651e-07 
 4.37400000e-04  1.72046213e-07 
 4.37500000e-04  1.72009778e-07 
 4.37600000e-04  1.58051567e-07 
 4.37700000e-04  1.57630607e-07 
 4.37800000e-04  1.57412833e-07 
 4.37900000e-04  1.57250759e-07 
 4.38000000e-04  1.57145976e-07 
 4.38100000e-04  1.74904349e-07 
 4.38200000e-04  1.74362154e-07 
 4.38300000e-04  1.74194895e-07 
 4.38400000e-04  1.74053683e-07 
 4.38500000e-04  1.73970794e-07 
 4.38600000e-04  1.65128574e-07 
 4.38700000e-04  1.64775354e-07 
 4.38800000e-04  1.64604209e-07 
 4.38900000e-04  1.64493684e-07 
 4.39000000e-04  1.64445535e-07 
 4.39100000e-04  1.71705792e-07 
 4.39200000e-04  1.71299451e-07 
 4.39300000e-04  1.71147510e-07 
 4.39400000e-04  1.71012799e-07 
 4.39500000e-04  1.70938458e-07 
 4.39600000e-04  1.57110454e-07 
 4.39700000e-04  1.56557327e-07 
 4.39800000e-04  1.56309153e-07 
 4.39900000e-04  1.56121780e-07 
 4.40000000e-04  1.55996965e-07 
 4.40100000e-04  1.72125969e-07 
 4.40200000e-04  1.71929349e-07 
 4.40300000e-04  1.71834140e-07 
 4.40400000e-04  1.71746216e-07 
 4.40500000e-04  1.71684460e-07 
 4.40600000e-04  1.58986214e-07 
 4.40700000e-04  1.58620759e-07 
 4.40800000e-04  1.58436485e-07 
 4.40900000e-04  1.58309088e-07 
 4.41000000e-04  1.58240205e-07 
 4.41100000e-04  1.71855350e-07 
 4.41200000e-04  1.71622420e-07 
 4.41300000e-04  1.71528402e-07 
 4.41400000e-04  1.71443998e-07 
 4.41500000e-04  1.71419503e-07 
 4.41600000e-04  1.57471959e-07 
 4.41700000e-04  1.57073318e-07 
 4.41800000e-04  1.56842712e-07 
 4.41900000e-04  1.56668494e-07 
 4.42000000e-04  1.56552275e-07 
 4.42100000e-04  1.73226395e-07 
 4.42200000e-04  1.72922798e-07 
 4.42300000e-04  1.72800945e-07 
 4.42400000e-04  1.72691199e-07 
 4.42500000e-04  1.72650623e-07 
 4.42600000e-04  1.61209857e-07 
 4.42700000e-04  1.60861291e-07 
 4.42800000e-04  1.60680229e-07 
 4.42900000e-04  1.60560370e-07 
 4.43000000e-04  1.60503483e-07 
 4.43100000e-04  1.71924310e-07 
 4.43200000e-04  1.71645172e-07 
 4.43300000e-04  1.71555849e-07 
 4.43400000e-04  1.71479671e-07 
 4.43500000e-04  1.71436029e-07 
 4.43600000e-04  1.57510746e-07 
 4.43700000e-04  1.57066263e-07 
 4.43800000e-04  1.56846906e-07 
 4.43900000e-04  1.56676125e-07 
 4.44000000e-04  1.56555284e-07 
 4.44100000e-04  1.72705317e-07 
 4.44200000e-04  1.72496369e-07 
 4.44300000e-04  1.72403697e-07 
 4.44400000e-04  1.72319985e-07 
 4.44500000e-04  1.72280586e-07 
 4.44600000e-04  1.59550651e-07 
 4.44700000e-04  1.59205609e-07 
 4.44800000e-04  1.59017306e-07 
 4.44900000e-04  1.58881503e-07 
 4.45000000e-04  1.58799686e-07 
 4.45100000e-04  1.72458273e-07 
 4.45200000e-04  1.72218926e-07 
 4.45300000e-04  1.72126220e-07 
 4.45400000e-04  1.72043731e-07 
 4.45500000e-04  1.72004946e-07 
 4.45600000e-04  1.58034073e-07 
 4.45700000e-04  1.57630781e-07 
 4.45800000e-04  1.57411494e-07 
 4.45900000e-04  1.57251927e-07 
 4.46000000e-04  1.57153799e-07 
 4.46100000e-04  1.74365411e-07 
 4.46200000e-04  1.73940300e-07 
 4.46300000e-04  1.73801813e-07 
 4.46400000e-04  1.73683165e-07 
 4.46500000e-04  1.73628139e-07 
 4.46600000e-04  1.63471718e-07 
 4.46700000e-04  1.63103504e-07 
 4.46800000e-04  1.62937401e-07 
 4.46900000e-04  1.62826539e-07 
 4.47000000e-04  1.62772491e-07 
 4.47100000e-04  1.72045068e-07 
 4.47200000e-04  1.71739939e-07 
 4.47300000e-04  1.71620063e-07 
 4.47400000e-04  1.71511855e-07 
 4.47500000e-04  1.71471800e-07 
 4.47600000e-04  1.57580671e-07 
 4.47700000e-04  1.57093054e-07 
 4.47800000e-04  1.56859695e-07 
 4.47900000e-04  1.56687880e-07 
 4.48000000e-04  1.56579382e-07 
 4.48100000e-04  1.72727826e-07 
 4.48200000e-04  1.72508717e-07 
 4.48300000e-04  1.72414122e-07 
 4.48400000e-04  1.72329217e-07 
 4.48500000e-04  1.72274577e-07 
 4.48600000e-04  1.59560679e-07 
 4.48700000e-04  1.59204658e-07 
 4.48800000e-04  1.59013784e-07 
 4.48900000e-04  1.58886194e-07 
 4.49000000e-04  1.58823713e-07 
 4.49100000e-04  1.72464250e-07 
 4.49200000e-04  1.72228098e-07 
 4.49300000e-04  1.72139965e-07 
 4.49400000e-04  1.72062543e-07 
 4.49500000e-04  1.72015222e-07 
 4.49600000e-04  1.58038748e-07 
 4.49700000e-04  1.57633977e-07 
 4.49800000e-04  1.57414420e-07 
 4.49900000e-04  1.57255492e-07 
 4.50000000e-04  1.57158933e-07 
 4.50100000e-04  1.73845467e-07 
 4.50200000e-04  1.73538130e-07 
 4.50300000e-04  1.73410473e-07 
 4.50400000e-04  1.73294668e-07 
 4.50500000e-04  1.73247579e-07 
 4.50600000e-04  1.61799698e-07 
 4.50700000e-04  1.61467236e-07 
 4.50800000e-04  1.61272538e-07 
 4.50900000e-04  1.61145681e-07 
 4.51000000e-04  1.61088632e-07 
 4.51100000e-04  1.72545238e-07 
 4.51200000e-04  1.72274896e-07 
 4.51300000e-04  1.72181275e-07 
 4.51400000e-04  1.72099607e-07 
 4.51500000e-04  1.72046735e-07 
 4.51600000e-04  1.58095049e-07 
 4.51700000e-04  1.57670234e-07 
 4.51800000e-04  1.57432297e-07 
 4.51900000e-04  1.57258311e-07 
 4.52000000e-04  1.57150126e-07 
 4.52100000e-04  1.73326545e-07 
 4.52200000e-04  1.73107033e-07 
 4.52300000e-04  1.73021102e-07 
 4.52400000e-04  1.72945581e-07 
 4.52500000e-04  1.72895717e-07 
 4.52600000e-04  1.60149382e-07 
 4.52700000e-04  1.59786280e-07 
 4.52800000e-04  1.59609426e-07 
 4.52900000e-04  1.59483536e-07 
 4.53000000e-04  1.59410042e-07 
 4.53100000e-04  1.73078070e-07 
 4.53200000e-04  1.72830367e-07 
 4.53300000e-04  1.72736547e-07 
 4.53400000e-04  1.72653725e-07 
 4.53500000e-04  1.72621370e-07 
 4.53600000e-04  1.58614376e-07 
 4.53700000e-04  1.58238890e-07 
 4.53800000e-04  1.58023552e-07 
 4.53900000e-04  1.57862347e-07 
 4.54000000e-04  1.57756624e-07 
 4.54100000e-04  1.79824781e-07 
 4.54200000e-04  1.78059953e-07 
 4.54300000e-04  1.77528637e-07 
 4.54400000e-04  1.77314208e-07 
 4.54500000e-04  1.77202174e-07 
 4.54600000e-04  1.70483395e-07 
 4.54700000e-04  1.69973052e-07 
 4.54800000e-04  1.69742259e-07 
 4.54900000e-04  1.69578961e-07 
 4.55000000e-04  1.69484416e-07 
 4.55100000e-04  1.03758805e-04 
 4.55200000e-04  1.03757663e-04 
 4.55300000e-04  1.03757370e-04 
 4.55400000e-04  1.03757129e-04 
 4.55500000e-04  1.03757032e-04 
 4.55600000e-04  1.03743286e-04 
 4.55700000e-04  1.03742662e-04 
 4.55800000e-04  1.03742394e-04 
 4.55900000e-04  1.03742195e-04 
 4.56000000e-04  1.03742068e-04 
 4.56100000e-04  1.72688901e-07 
 4.56200000e-04  1.72425892e-07 
 4.56300000e-04  1.72325593e-07 
 4.56400000e-04  1.72237740e-07 
 4.56500000e-04  1.72195720e-07 
 4.56600000e-04  1.59484418e-07 
 4.56700000e-04  1.59123455e-07 
 4.56800000e-04  1.58932902e-07 
 4.56900000e-04  1.58799928e-07 
 4.57000000e-04  1.58726174e-07 
 4.57100000e-04  1.72386368e-07 
 4.57200000e-04  1.72153029e-07 
 4.57300000e-04  1.72058780e-07 
 4.57400000e-04  1.71973910e-07 
 4.57500000e-04  1.71943262e-07 
 4.57600000e-04  1.57960091e-07 
 4.57700000e-04  1.57563753e-07 
 4.57800000e-04  1.57348052e-07 
 4.57900000e-04  1.57179272e-07 
 4.58000000e-04  1.57058714e-07 
 4.58100000e-04  1.73769590e-07 
 4.58200000e-04  1.73439944e-07 
 4.58300000e-04  1.73323313e-07 
 4.58400000e-04  1.73222119e-07 
 4.58500000e-04  1.73152750e-07 
 4.58600000e-04  1.61714759e-07 
 4.58700000e-04  1.61346274e-07 
 4.58800000e-04  1.61165394e-07 
 4.58900000e-04  1.61046592e-07 
 4.59000000e-04  1.60991647e-07 
 4.59100000e-04  1.72460452e-07 
 4.59200000e-04  1.72178403e-07 
 4.59300000e-04  1.72076482e-07 
 4.59400000e-04  1.71986748e-07 
 4.59500000e-04  1.71935171e-07 
 4.59600000e-04  1.58004104e-07 
 4.59700000e-04  1.57568084e-07 
 4.59800000e-04  1.57335589e-07 
 4.59900000e-04  1.57159281e-07 
 4.60000000e-04  1.57040756e-07 
 4.60100000e-04  1.73216250e-07 
 4.60200000e-04  1.73017596e-07 
 4.60300000e-04  1.72925998e-07 
 4.60400000e-04  1.72841937e-07 
 4.60500000e-04  1.72784819e-07 
 4.60600000e-04  1.60043105e-07 
 4.60700000e-04  1.59700232e-07 
 4.60800000e-04  1.59511512e-07 
 4.60900000e-04  1.59379962e-07 
 4.61000000e-04  1.59307206e-07 
 4.61100000e-04  1.72983365e-07 
 4.61200000e-04  1.72729507e-07 
 4.61300000e-04  1.72645276e-07 
 4.61400000e-04  1.72573854e-07 
 4.61500000e-04  1.72526489e-07 
 4.61600000e-04  1.58528349e-07 
 4.61700000e-04  1.58122023e-07 
 4.61800000e-04  1.57905821e-07 
 4.61900000e-04  1.57747081e-07 
 4.62000000e-04  1.57647435e-07 
 4.62100000e-04  1.74897140e-07 
 4.62200000e-04  1.74461444e-07 
 4.62300000e-04  1.74317958e-07 
 4.62400000e-04  1.74194807e-07 
 4.62500000e-04  1.74124005e-07 
 4.62600000e-04  1.63962157e-07 
 4.62700000e-04  1.63591374e-07 
 4.62800000e-04  1.63428039e-07 
 4.62900000e-04  1.63312295e-07 
 4.63000000e-04  1.63245456e-07 
 4.63100000e-04  1.72568004e-07 
 4.63200000e-04  1.72262894e-07 
 4.63300000e-04  1.72141250e-07 
 4.63400000e-04  1.72030838e-07 
 4.63500000e-04  1.71986605e-07 
 4.63600000e-04  1.58061350e-07 
 4.63700000e-04  1.57582680e-07 
 4.63800000e-04  1.57354637e-07 
 4.63900000e-04  1.57183935e-07 
 4.64000000e-04  1.57072193e-07 
 4.64100000e-04  1.73236856e-07 
 4.64200000e-04  1.73027044e-07 
 4.64300000e-04  1.72930773e-07 
 4.64400000e-04  1.72842977e-07 
 4.64500000e-04  1.72804289e-07 
 4.64600000e-04  1.60025726e-07 
 4.64700000e-04  1.59701310e-07 
 4.64800000e-04  1.59511687e-07 
 4.64900000e-04  1.59377896e-07 
 4.65000000e-04  1.59301511e-07 
 4.65100000e-04  1.72989409e-07 
 4.65200000e-04  1.72742947e-07 
 4.65300000e-04  1.72652518e-07 
 4.65400000e-04  1.72573160e-07 
 4.65500000e-04  1.72533058e-07 
 4.65600000e-04  1.58526880e-07 
 4.65700000e-04  1.58127024e-07 
 4.65800000e-04  1.57909673e-07 
 4.65900000e-04  1.57751127e-07 
 4.66000000e-04  1.57653055e-07 
 4.66100000e-04  1.74362020e-07 
 4.66200000e-04  1.74048796e-07 
 4.66300000e-04  1.73934110e-07 
 4.66400000e-04  1.73833357e-07 
 4.66500000e-04  1.73765779e-07 
 4.66600000e-04  1.62278389e-07 
 4.66700000e-04  1.61932656e-07 
 4.66800000e-04  1.61752999e-07 
 4.66900000e-04  1.61635911e-07 
 4.67000000e-04  1.61583177e-07 
 4.67100000e-04  1.73079497e-07 
 4.67200000e-04  1.72792947e-07 
 4.67300000e-04  1.72692049e-07 
 4.67400000e-04  1.72604443e-07 
 4.67500000e-04  1.72564286e-07 
 4.67600000e-04  1.58581678e-07 
 4.67700000e-04  1.58137148e-07 
 4.67800000e-04  1.57920720e-07 
 4.67900000e-04  1.57751151e-07 
 4.68000000e-04  1.57629735e-07 
 4.68100000e-04  1.73832972e-07 
 4.68200000e-04  1.73623726e-07 
 4.68300000e-04  1.73533734e-07 
 4.68400000e-04  1.73452083e-07 
 4.68500000e-04  1.73403354e-07 
 4.68600000e-04  1.60619399e-07 
 4.68700000e-04  1.60276253e-07 
 4.68800000e-04  1.60090248e-07 
 4.68900000e-04  1.59960699e-07 
 4.69000000e-04  1.59889193e-07 
 4.69100000e-04  1.73606343e-07 
 4.69200000e-04  1.73365388e-07 
 4.69300000e-04  1.73262401e-07 
 4.69400000e-04  1.73168920e-07 
 4.69500000e-04  1.73134602e-07 
 4.69600000e-04  1.59113505e-07 
 4.69700000e-04  1.58724200e-07 
 4.69800000e-04  1.58505713e-07 
 4.69900000e-04  1.58340383e-07 
 4.70000000e-04  1.58229692e-07 
 4.70100000e-04  1.76043307e-07 
 4.70200000e-04  1.75506150e-07 
 4.70300000e-04  1.75331007e-07 
 4.70400000e-04  1.75180304e-07 
 4.70500000e-04  1.75106978e-07 
 4.70600000e-04  1.66187664e-07 
 4.70700000e-04  1.65849543e-07 
 4.70800000e-04  1.65686704e-07 
 4.70900000e-04  1.65585654e-07 
 4.71000000e-04  1.65548151e-07 
 4.71100000e-04  1.72856181e-07 
 4.71200000e-04  1.72446760e-07 
 4.71300000e-04  1.72286595e-07 
 4.71400000e-04  1.72142859e-07 
 4.71500000e-04  1.72065905e-07 
 4.71600000e-04  1.58164976e-07 
 4.71700000e-04  1.57645805e-07 
 4.71800000e-04  1.57400014e-07 
 4.71900000e-04  1.57215920e-07 
 4.72000000e-04  1.57095275e-07 
 4.72100000e-04  1.73259233e-07 
 4.72200000e-04  1.73053512e-07 
 4.72300000e-04  1.72960207e-07 
 4.72400000e-04  1.72874918e-07 
 4.72500000e-04  1.72819661e-07 
 4.72600000e-04  1.60051387e-07 
 4.72700000e-04  1.59704656e-07 
 4.72800000e-04  1.59524366e-07 
 4.72900000e-04  1.59393298e-07 
 4.73000000e-04  1.59312805e-07 
 4.73100000e-04  1.73012330e-07 
 4.73200000e-04  1.72758298e-07 
 4.73300000e-04  1.72660034e-07 
 4.73400000e-04  1.72573359e-07 
 4.73500000e-04  1.72538631e-07 
 4.73600000e-04  1.58533686e-07 
 4.73700000e-04  1.58149540e-07 
 4.73800000e-04  1.57925144e-07 
 4.73900000e-04  1.57752040e-07 
 4.74000000e-04  1.57631654e-07 
 4.74100000e-04  1.74373733e-07 
 4.74200000e-04  1.74051003e-07 
 4.74300000e-04  1.73931720e-07 
 4.74400000e-04  1.73826711e-07 
 4.74500000e-04  1.73765980e-07 
 4.74600000e-04  1.62277677e-07 
 4.74700000e-04  1.61927161e-07 
 4.74800000e-04  1.61753883e-07 
 4.74900000e-04  1.61639497e-07 
 4.75000000e-04  1.61585664e-07 
 4.75100000e-04  1.73085137e-07 
 4.75200000e-04  1.72790374e-07 
 4.75300000e-04  1.72687336e-07 
 4.75400000e-04  1.72597568e-07 
 4.75500000e-04  1.72549919e-07 
 4.75600000e-04  1.58585276e-07 
 4.75700000e-04  1.58140819e-07 
 4.75800000e-04  1.57929931e-07 
 4.75900000e-04  1.57764564e-07 
 4.76000000e-04  1.57645953e-07 
 4.76100000e-04  1.73833826e-07 
 4.76200000e-04  1.73628048e-07 
 4.76300000e-04  1.73535519e-07 
 4.76400000e-04  1.73451263e-07 
 4.76500000e-04  1.73409910e-07 
 4.76600000e-04  1.60622727e-07 
 4.76700000e-04  1.60265664e-07 
 4.76800000e-04  1.60086042e-07 
 4.76900000e-04  1.59965983e-07 
 4.77000000e-04  1.59907170e-07 
 4.77100000e-04  1.73606420e-07 
 4.77200000e-04  1.73358403e-07 
 4.77300000e-04  1.73269802e-07 
 4.77400000e-04  1.73192955e-07 
 4.77500000e-04  1.73147592e-07 
 4.77600000e-04  1.59109860e-07 
 4.77700000e-04  1.58724810e-07 
 4.77800000e-04  1.58503053e-07 
 4.77900000e-04  1.58339115e-07 
 4.78000000e-04  1.58234620e-07 
 4.78100000e-04  1.75526771e-07 
 4.78200000e-04  1.75090434e-07 
 4.78300000e-04  1.74941277e-07 
 4.78400000e-04  1.74811992e-07 
 4.78500000e-04  1.74736412e-07 
 4.78600000e-04  1.64532461e-07 
 4.78700000e-04  1.64194150e-07 
 4.78800000e-04  1.64021490e-07 
 4.78900000e-04  1.63909777e-07 
 4.79000000e-04  1.63860737e-07 
 4.79100000e-04  1.73191280e-07 
 4.79200000e-04  1.72865840e-07 
 4.79300000e-04  1.72746533e-07 
 4.79400000e-04  1.72641174e-07 
 4.79500000e-04  1.72600342e-07 
 4.79600000e-04  1.58656369e-07 
 4.79700000e-04  1.58179957e-07 
 4.79800000e-04  1.57941916e-07 
 4.79900000e-04  1.57769548e-07 
 4.80000000e-04  1.57664722e-07 
 4.80100000e-04  1.73869387e-07 
 4.80200000e-04  1.73647846e-07 
 4.80300000e-04  1.73547477e-07 
 4.80400000e-04  1.73456066e-07 
 4.80500000e-04  1.73420796e-07 
 4.80600000e-04  1.60623000e-07 
 4.80700000e-04  1.60284447e-07 
 4.80800000e-04  1.60103684e-07 
 4.80900000e-04  1.59977345e-07 
 4.81000000e-04  1.59906946e-07 
 4.81100000e-04  1.73605554e-07 
 4.81200000e-04  1.73353032e-07 
 4.81300000e-04  1.73260148e-07 
 4.81400000e-04  1.73178929e-07 
 4.81500000e-04  1.73148861e-07 
 4.81600000e-04  1.59120683e-07 
 4.81700000e-04  1.58726785e-07 
 4.81800000e-04  1.58508002e-07 
 4.81900000e-04  1.58349236e-07 
 4.82000000e-04  1.58252174e-07 
 4.82100000e-04  1.74996003e-07 
 4.82200000e-04  1.74659301e-07 
 4.82300000e-04  1.74543814e-07 
 4.82400000e-04  1.74444264e-07 
 4.82500000e-04  1.74384612e-07 
 4.82600000e-04  1.62884732e-07 
 4.82700000e-04  1.62518627e-07 
 4.82800000e-04  1.62352307e-07 
 4.82900000e-04  1.62233928e-07 
 4.83000000e-04  1.62164799e-07 
 4.83100000e-04  1.73683820e-07 
 4.83200000e-04  1.73401355e-07 
 4.83300000e-04  1.73298715e-07 
 4.83400000e-04  1.73208183e-07 
 4.83500000e-04  1.73173952e-07 
 4.83600000e-04  1.59161742e-07 
 4.83700000e-04  1.58742584e-07 
 4.83800000e-04  1.58520572e-07 
 4.83900000e-04  1.58350313e-07 
 4.84000000e-04  1.58233227e-07 
 4.84100000e-04  1.74465163e-07 
 4.84200000e-04  1.74240640e-07 
 4.84300000e-04  1.74153932e-07 
 4.84400000e-04  1.74077426e-07 
 4.84500000e-04  1.74018708e-07 
 4.84600000e-04  1.61210141e-07 
 4.84700000e-04  1.60870803e-07 
 4.84800000e-04  1.60680875e-07 
 4.84900000e-04  1.60552346e-07 
 4.85000000e-04  1.60486948e-07 
 4.85100000e-04  1.74224207e-07 
 4.85200000e-04  1.73986510e-07 
 4.85300000e-04  1.73894323e-07 
 4.85400000e-04  1.73812489e-07 
 4.85500000e-04  1.73771246e-07 
 4.85600000e-04  1.59691600e-07 
 4.85700000e-04  1.59295160e-07 
 4.85800000e-04  1.59089713e-07 
 4.85900000e-04  1.58935432e-07 
 4.86000000e-04  1.58833725e-07 
 4.86100000e-04  1.77206347e-07 
 4.86200000e-04  1.76553926e-07 
 4.86300000e-04  1.76341272e-07 
 4.86400000e-04  1.76158363e-07 
 4.86500000e-04  1.76074413e-07 
 4.86600000e-04  1.68452734e-07 
 4.86700000e-04  1.68105470e-07 
 4.86800000e-04  1.67938836e-07 
 4.86900000e-04  1.67845106e-07 
 4.87000000e-04  1.67826375e-07 
 4.87100000e-04  1.73497588e-07 
 4.87200000e-04  1.72673424e-07 
 4.87300000e-04  1.72422758e-07 
 4.87400000e-04  1.72211503e-07 
 4.87500000e-04  1.72113433e-07 
 4.87600000e-04  1.58234623e-07 
 4.87700000e-04  1.57673997e-07 
 4.87800000e-04  1.57416138e-07 
 4.87900000e-04  1.57228279e-07 
 4.88000000e-04  1.57112421e-07 
 4.88100000e-04  1.73280065e-07 
 4.88200000e-04  1.73059601e-07 
 4.88300000e-04  1.72967594e-07 
 4.88400000e-04  1.72885037e-07 
 4.88500000e-04  1.72827996e-07 
 4.88600000e-04  1.60049119e-07 
 4.88700000e-04  1.59699580e-07 
 4.88800000e-04  1.59527973e-07 
 4.88900000e-04  1.59400285e-07 
 4.89000000e-04  1.59317961e-07 
 4.89100000e-04  1.73162784e-07 
 4.89200000e-04  1.72811201e-07 
 4.89300000e-04  1.72675304e-07 
 4.89400000e-04  1.72604402e-07 
 4.89500000e-04  1.72549556e-07 
 4.89600000e-04  1.58551121e-07 
 4.89700000e-04  1.58147594e-07 
 4.89800000e-04  1.57929152e-07 
 4.89900000e-04  1.57761100e-07 
 4.90000000e-04  1.57644855e-07 
 4.90100000e-04  1.74364413e-07 
 4.90200000e-04  1.74053644e-07 
 4.90300000e-04  1.73931517e-07 
 4.90400000e-04  1.73822006e-07 
 4.90500000e-04  1.73778035e-07 
 4.90600000e-04  1.62298804e-07 
 4.90700000e-04  1.61941878e-07 
 4.90800000e-04  1.61770669e-07 
 4.90900000e-04  1.61649364e-07 
 4.91000000e-04  1.61579383e-07 
 4.91100000e-04  1.73075160e-07 
 4.91200000e-04  1.72794656e-07 
 4.91300000e-04  1.72687853e-07 
 4.91400000e-04  1.72592408e-07 
 4.91500000e-04  1.72551613e-07 
 4.91600000e-04  1.58586280e-07 
 4.91700000e-04  1.58138582e-07 
 4.91800000e-04  1.57924191e-07 
 4.91900000e-04  1.57763530e-07 
 4.92000000e-04  1.57658160e-07 
 4.92100000e-04  1.73836152e-07 
 4.92200000e-04  1.73640249e-07 
 4.92300000e-04  1.73542270e-07 
 4.92400000e-04  1.73450962e-07 
 4.92500000e-04  1.73403226e-07 
 4.92600000e-04  1.60633730e-07 
 4.92700000e-04  1.60279926e-07 
 4.92800000e-04  1.60105321e-07 
 4.92900000e-04  1.59980457e-07 
 4.93000000e-04  1.59906790e-07 
 4.93100000e-04  1.73595122e-07 
 4.93200000e-04  1.73351167e-07 
 4.93300000e-04  1.73258469e-07 
 4.93400000e-04  1.73176659e-07 
 4.93500000e-04  1.73154038e-07 
 4.93600000e-04  1.59115077e-07 
 4.93700000e-04  1.58724565e-07 
 4.93800000e-04  1.58512680e-07 
 4.93900000e-04  1.58345254e-07 
 4.94000000e-04  1.58223722e-07 
 4.94100000e-04  1.75935767e-07 
 4.94200000e-04  1.75292330e-07 
 4.94300000e-04  1.75093787e-07 
 4.94400000e-04  1.75016509e-07 
 4.94500000e-04  1.74967429e-07 
 4.94600000e-04  1.64836867e-07 
 4.94700000e-04  1.64485390e-07 
 4.94800000e-04  1.64294091e-07 
 4.94900000e-04  1.64149022e-07 
 4.95000000e-04  1.64051571e-07 
 4.95100000e-04  1.73195020e-07 
 4.95200000e-04  1.72870712e-07 
 4.95300000e-04  1.72762400e-07 
 4.95400000e-04  1.72668547e-07 
 4.95500000e-04  1.72610455e-07 
 4.95600000e-04  1.58660091e-07 
 4.95700000e-04  1.58174890e-07 
 4.95800000e-04  1.57941135e-07 
 4.95900000e-04  1.57767735e-07 
 4.96000000e-04  1.57656547e-07 
 4.96100000e-04  1.73857262e-07 
 4.96200000e-04  1.73646521e-07 
 4.96300000e-04  1.73556977e-07 
 4.96400000e-04  1.73475880e-07 
 4.96500000e-04  1.73417090e-07 
 4.96600000e-04  1.60633766e-07 
 4.96700000e-04  1.60277987e-07 
 4.96800000e-04  1.60101357e-07 
 4.96900000e-04  1.59973474e-07 
 4.97000000e-04  1.59895848e-07 
 4.97100000e-04  1.73607641e-07 
 4.97200000e-04  1.73358527e-07 
 4.97300000e-04  1.73262788e-07 
 4.97400000e-04  1.73178252e-07 
 4.97500000e-04  1.73142657e-07 
 4.97600000e-04  1.59127025e-07 
 4.97700000e-04  1.58729323e-07 
 4.97800000e-04  1.58511988e-07 
 4.97900000e-04  1.58346223e-07 
 4.98000000e-04  1.58233647e-07 
 4.98100000e-04  1.74983995e-07 
 4.98200000e-04  1.74664915e-07 
 4.98300000e-04  1.74545428e-07 
 4.98400000e-04  1.74439499e-07 
 4.98500000e-04  1.74389721e-07 
 4.98600000e-04  1.62869955e-07 
 4.98700000e-04  1.62537305e-07 
 4.98800000e-04  1.62360221e-07 
 4.98900000e-04  1.62240938e-07 
 4.99000000e-04  1.62181287e-07 
 4.99100000e-04  1.73692351e-07 
 4.99200000e-04  1.73406034e-07 
 4.99300000e-04  1.73299559e-07 
 4.99400000e-04  1.73205412e-07 
 4.99500000e-04  1.73178944e-07 
 4.99600000e-04  1.59171059e-07 
 4.99700000e-04  1.58739647e-07 
 4.99800000e-04  1.58505500e-07 
 4.99900000e-04  1.58335757e-07 
 5.00000000e-04  1.58232458e-07 
 5.00100000e-04  1.74462865e-07 
 5.00200000e-04  1.74267921e-07 
 5.00300000e-04  1.74172264e-07 
 5.00400000e-04  1.74083187e-07 
 5.00500000e-04  1.74029030e-07 
 5.00600000e-04  1.61195131e-07 
 5.00700000e-04  1.60875125e-07 
 5.00800000e-04  1.60688505e-07 
 5.00900000e-04  1.60559488e-07 
 5.01000000e-04  1.60489900e-07 
 5.01100000e-04  1.74221340e-07 
 5.01200000e-04  1.73978966e-07 
 5.01300000e-04  1.73887163e-07 
 5.01400000e-04  1.73805850e-07 
 5.01500000e-04  1.73767772e-07 
 5.01600000e-04  1.59696138e-07 
 5.01700000e-04  1.59301674e-07 
 5.01800000e-04  1.59104372e-07 
 5.01900000e-04  1.58943997e-07 
 5.02000000e-04  1.58821719e-07 
 5.02100000e-04  1.76684249e-07 
 5.02200000e-04  1.76130816e-07 
 5.02300000e-04  1.75956367e-07 
 5.02400000e-04  1.75808145e-07 
 5.02500000e-04  1.75726932e-07 
 5.02600000e-04  1.66779182e-07 
 5.02700000e-04  1.66443278e-07 
 5.02800000e-04  1.66283249e-07 
 5.02900000e-04  1.66177828e-07 
 5.03000000e-04  1.66128747e-07 
 5.03100000e-04  1.73487536e-07 
 5.03200000e-04  1.73063646e-07 
 5.03300000e-04  1.72898041e-07 
 5.03400000e-04  1.72749756e-07 
 5.03500000e-04  1.72689717e-07 
 5.03600000e-04  1.58760298e-07 
 5.03700000e-04  1.58250322e-07 
 5.03800000e-04  1.58000963e-07 
 5.03900000e-04  1.57816693e-07 
 5.04000000e-04  1.57699578e-07 
 5.04100000e-04  1.73903715e-07 
 5.04200000e-04  1.73685385e-07 
 5.04300000e-04  1.73577487e-07 
 5.04400000e-04  1.73477730e-07 
 5.04500000e-04  1.73432722e-07 
 5.04600000e-04  1.60641422e-07 
 5.04700000e-04  1.60295693e-07 
 5.04800000e-04  1.60113391e-07 
 5.04900000e-04  1.59984805e-07 
 5.05000000e-04  1.59911637e-07 
 5.05100000e-04  1.73630666e-07 
 5.05200000e-04  1.73377538e-07 
 5.05300000e-04  1.73278759e-07 
 5.05400000e-04  1.73191508e-07 
 5.05500000e-04  1.73156079e-07 
 5.05600000e-04  1.59119399e-07 
 5.05700000e-04  1.58733662e-07 
 5.05800000e-04  1.58512234e-07 
 5.05900000e-04  1.58347738e-07 
 5.06000000e-04  1.58241978e-07 
 5.06100000e-04  1.75002201e-07 
 5.06200000e-04  1.74674097e-07 
 5.06300000e-04  1.74552991e-07 
 5.06400000e-04  1.74446884e-07 
 5.06500000e-04  1.74382738e-07 
 5.06600000e-04  1.62873212e-07 
 5.06700000e-04  1.62524987e-07 
 5.06800000e-04  1.62348001e-07 
 5.06900000e-04  1.62229396e-07 
 5.07000000e-04  1.62171024e-07 
 5.07100000e-04  1.73693708e-07 
 5.07200000e-04  1.73417471e-07 
 5.07300000e-04  1.73313558e-07 
 5.07400000e-04  1.73221055e-07 
 5.07500000e-04  1.73178847e-07 
 5.07600000e-04  1.59178457e-07 
 5.07700000e-04  1.58740021e-07 
 5.07800000e-04  1.58520071e-07 
 5.07900000e-04  1.58352521e-07 
 5.08000000e-04  1.58239032e-07 
 5.08100000e-04  1.74469214e-07 
 5.08200000e-04  1.74246356e-07 
 5.08300000e-04  1.74155699e-07 
 5.08400000e-04  1.74075047e-07 
 5.08500000e-04  1.74018734e-07 
 5.08600000e-04  1.61218729e-07 
 5.08700000e-04  1.60874279e-07 
 5.08800000e-04  1.60699266e-07 
 5.08900000e-04  1.60570606e-07 
 5.09000000e-04  1.60489769e-07 
 5.09100000e-04  1.74234843e-07 
 5.09200000e-04  1.73987376e-07 
 5.09300000e-04  1.73890841e-07 
 5.09400000e-04  1.73805267e-07 
 5.09500000e-04  1.73760571e-07 
 5.09600000e-04  1.59697172e-07 
 5.09700000e-04  1.59316339e-07 
 5.09800000e-04  1.59095727e-07 
 5.09900000e-04  1.58930468e-07 
 5.10000000e-04  1.58822317e-07 
 5.10100000e-04  1.76140086e-07 
 5.10200000e-04  1.75714895e-07 
 5.10300000e-04  1.75566413e-07 
 5.10400000e-04  1.75436645e-07 
 5.10500000e-04  1.75356209e-07 
 5.10600000e-04  1.65118706e-07 
 5.10700000e-04  1.64782078e-07 
 5.10800000e-04  1.64619423e-07 
 5.10900000e-04  1.64509842e-07 
 5.11000000e-04  1.64455018e-07 
 5.11100000e-04  1.73821714e-07 
 5.11200000e-04  1.73500889e-07 
 5.11300000e-04  1.73378848e-07 
 5.11400000e-04  1.73269846e-07 
 5.11500000e-04  1.73218671e-07 
 5.11600000e-04  1.59241761e-07 
 5.11700000e-04  1.58770197e-07 
 5.11800000e-04  1.58540075e-07 
 5.11900000e-04  1.58370547e-07 
 5.12000000e-04  1.58263535e-07 
 5.12100000e-04  1.74484228e-07 
 5.12200000e-04  1.74269199e-07 
 5.12300000e-04  1.74168296e-07 
 5.12400000e-04  1.74075667e-07 
 5.12500000e-04  1.74051528e-07 
 5.12600000e-04  1.61221089e-07 
 5.12700000e-04  1.60872535e-07 
 5.12800000e-04  1.60703094e-07 
 5.12900000e-04  1.60577523e-07 
 5.13000000e-04  1.60497213e-07 
 5.13100000e-04  1.74243786e-07 
 5.13200000e-04  1.73993082e-07 
 5.13300000e-04  1.73896401e-07 
 5.13400000e-04  1.73811112e-07 
 5.13500000e-04  1.73772004e-07 
 5.13600000e-04  1.59693110e-07 
 5.13700000e-04  1.59320173e-07 
 5.13800000e-04  1.59108848e-07 
 5.13900000e-04  1.58949091e-07 
 5.14000000e-04  1.58842537e-07 
 5.14100000e-04  1.75619417e-07 
 5.14200000e-04  1.75293774e-07 
 5.14300000e-04  1.75169572e-07 
 5.14400000e-04  1.75059730e-07 
 5.14500000e-04  1.75003825e-07 
 5.14600000e-04  1.63457148e-07 
 5.14700000e-04  1.63117083e-07 
 5.14800000e-04  1.62951903e-07 
 5.14900000e-04  1.62831523e-07 
 5.15000000e-04  1.62757366e-07 
 5.15100000e-04  1.74329406e-07 
 5.15200000e-04  1.74040449e-07 
 5.15300000e-04  1.73933484e-07 
 5.15400000e-04  1.73839211e-07 
 5.15500000e-04  1.73788703e-07 
 5.15600000e-04  1.59761656e-07 
 5.15700000e-04  1.59323205e-07 
 5.15800000e-04  1.59103685e-07 
 5.15900000e-04  1.58936977e-07 
 5.16000000e-04  1.58824754e-07 
 5.16100000e-04  1.75088044e-07 
 5.16200000e-04  1.74888637e-07 
 5.16300000e-04  1.74788169e-07 
 5.16400000e-04  1.74694306e-07 
 5.16500000e-04  1.74647003e-07 
 5.16600000e-04  1.61793425e-07 
 5.16700000e-04  1.61456912e-07 
 5.16800000e-04  1.61276837e-07 
 5.16900000e-04  1.61156028e-07 
 5.17000000e-04  1.61096366e-07 
 5.17100000e-04  1.74856550e-07 
 5.17200000e-04  1.74597841e-07 
 5.17300000e-04  1.74509245e-07 
 5.17400000e-04  1.74432973e-07 
 5.17500000e-04  1.74392146e-07 
 5.17600000e-04  1.60292146e-07 
 5.17700000e-04  1.59909275e-07 
 5.17800000e-04  1.59698109e-07 
 5.17900000e-04  1.59537050e-07 
 5.18000000e-04  1.59427686e-07 
 5.18100000e-04  1.88940863e-07 
 5.18200000e-04  1.86318316e-07 
 5.18300000e-04  1.85512020e-07 
 5.18400000e-04  1.85269283e-07 
 5.18500000e-04  1.85026546e-07 
 5.18600000e-04  1.75732460e-07 
 5.18700000e-04  1.74614374e-07 
 5.18800000e-04  1.74275951e-07 
 5.18900000e-04  1.74062588e-07 
 5.19000000e-04  1.73976540e-07 
 5.19100000e-04  1.71284542e-07 
 5.19200000e-04  1.70507731e-07 
 5.19300000e-04  1.70299541e-07 
 5.19400000e-04  1.70127915e-07 
 5.19500000e-04  1.70052551e-07 
 5.19600000e-04  1.57648307e-07 
 5.19700000e-04  1.56967626e-07 
 5.19800000e-04  1.56707003e-07 
 5.19900000e-04 -0.00000000e+00 
 5.20000000e-04  1.56574657e-07 
