 time            -i(vdd)        
 2.60000000e-04 -2.29905656e-05 
 2.60100000e-04  1.03769194e-04 
 2.60200000e-04  1.03760494e-04 
 2.60300000e-04  1.03758173e-04 
 2.60400000e-04  1.03756217e-04 
 2.60500000e-04  1.03755556e-04 
 2.60600000e-04  1.03760901e-04 
 2.60700000e-04  1.03760146e-04 
 2.60800000e-04  1.03759709e-04 
 2.60900000e-04  1.03759358e-04 
 2.61000000e-04  1.03759094e-04 
 2.61100000e-04  1.56395900e-07 
 2.61200000e-04  1.54054019e-07 
 2.61300000e-04  1.53456650e-07 
 2.61400000e-04  1.52974629e-07 
 2.61500000e-04  1.52778331e-07 
 2.61600000e-04  1.38847948e-07 
 2.61700000e-04  1.37634332e-07 
 2.61800000e-04  1.37199273e-07 
 2.61900000e-04  1.36887809e-07 
 2.62000000e-04  1.36703862e-07 
 2.62100000e-04  1.61940436e-07 
 2.62200000e-04  1.60664853e-07 
 2.62300000e-04  1.60338797e-07 
 2.62400000e-04  1.60148078e-07 
 2.62500000e-04  1.60058692e-07 
 2.62600000e-04  1.48519661e-07 
 2.62700000e-04  1.47907972e-07 
 2.62800000e-04  1.47635017e-07 
 2.62900000e-04  1.47425400e-07 
 2.63000000e-04  1.47280473e-07 
 2.63100000e-04  1.10110381e-03 
 2.63200000e-04  1.10109834e-03 
 2.63300000e-04  1.10109796e-03 
 2.63400000e-04  1.10109784e-03 
 2.63500000e-04  1.10109781e-03 
 2.63600000e-04  1.10108447e-03 
 2.63700000e-04  1.10108392e-03 
 2.63800000e-04  1.10108366e-03 
 2.63900000e-04  1.10108347e-03 
 2.64000000e-04  1.10108336e-03 
 2.64100000e-04  1.72714098e-07 
 2.64200000e-04  1.67963212e-07 
 2.64300000e-04  1.66927447e-07 
 2.64400000e-04  1.66131122e-07 
 2.64500000e-04  1.65921734e-07 
 2.64600000e-04  1.53747014e-07 
 2.64700000e-04  1.53155609e-07 
 2.64800000e-04  1.52899541e-07 
 2.64900000e-04  1.52709211e-07 
 2.65000000e-04  1.52586702e-07 
 2.65100000e-04  1.66194948e-07 
 2.65200000e-04  1.65703003e-07 
 2.65300000e-04  1.65568188e-07 
 2.65400000e-04  1.65457726e-07 
 2.65500000e-04  1.65408498e-07 
 2.65600000e-04  1.51797997e-07 
 2.65700000e-04  1.51329039e-07 
 2.65800000e-04  1.51067042e-07 
 2.65900000e-04  1.50869048e-07 
 2.66000000e-04  1.50737080e-07 
 2.66100000e-04  1.67060674e-07 
 2.66200000e-04  1.66778769e-07 
 2.66300000e-04  1.66672582e-07 
 2.66400000e-04  1.66578121e-07 
 2.66500000e-04  1.66510904e-07 
 2.66600000e-04  1.55453804e-07 
 2.66700000e-04  1.55027489e-07 
 2.66800000e-04  1.54822282e-07 
 2.66900000e-04  1.54677023e-07 
 2.67000000e-04  1.54593609e-07 
 2.67100000e-04  1.66088147e-07 
 2.67200000e-04  1.65551448e-07 
 2.67300000e-04  1.65413187e-07 
 2.67400000e-04  1.65301050e-07 
 2.67500000e-04  1.65246379e-07 
 2.67600000e-04  1.51674216e-07 
 2.67700000e-04  1.51179639e-07 
 2.67800000e-04  1.50912309e-07 
 2.67900000e-04  1.50713956e-07 
 2.68000000e-04  1.50586763e-07 
 2.68100000e-04  1.66392055e-07 
 2.68200000e-04  1.66222599e-07 
 2.68300000e-04  1.66148312e-07 
 2.68400000e-04  1.66080281e-07 
 2.68500000e-04  1.66037348e-07 
 2.68600000e-04  1.53643580e-07 
 2.68700000e-04  1.53257196e-07 
 2.68800000e-04  1.53055340e-07 
 2.68900000e-04  1.52906422e-07 
 2.69000000e-04  1.52812113e-07 
 2.69100000e-04  1.66126562e-07 
 2.69200000e-04  1.65926366e-07 
 2.69300000e-04  1.65845928e-07 
 2.69400000e-04  1.65773788e-07 
 2.69500000e-04  1.65752014e-07 
 2.69600000e-04  1.52110013e-07 
 2.69700000e-04  1.51668110e-07 
 2.69800000e-04  1.51430523e-07 
 2.69900000e-04  1.51250132e-07 
 2.70000000e-04  1.51128743e-07 
 2.70100000e-04  1.68019863e-07 
 2.70200000e-04  1.67628586e-07 
 2.70300000e-04  1.67495381e-07 
 2.70400000e-04  1.67379692e-07 
 2.70500000e-04  1.67341997e-07 
 2.70600000e-04  1.57526683e-07 
 2.70700000e-04  1.57130373e-07 
 2.70800000e-04  1.56930944e-07 
 2.70900000e-04  1.56794938e-07 
 2.71000000e-04  1.56724358e-07 
 2.71100000e-04  1.66119682e-07 
 2.71200000e-04  1.65547248e-07 
 2.71300000e-04  1.65381412e-07 
 2.71400000e-04  1.65242003e-07 
 2.71500000e-04  1.65197400e-07 
 2.71600000e-04  1.51638167e-07 
 2.71700000e-04  1.51118097e-07 
 2.71800000e-04  1.50840443e-07 
 2.71900000e-04  1.50639274e-07 
 2.72000000e-04  1.50517007e-07 
 2.72100000e-04  1.66341230e-07 
 2.72200000e-04  1.66145461e-07 
 2.72300000e-04  1.66071970e-07 
 2.72400000e-04  1.66008109e-07 
 2.72500000e-04  1.65960951e-07 
 2.72600000e-04  1.53577381e-07 
 2.72700000e-04  1.53192838e-07 
 2.72800000e-04  1.52985290e-07 
 2.72900000e-04  1.52839050e-07 
 2.73000000e-04  1.52756050e-07 
 2.73100000e-04  1.66074141e-07 
 2.73200000e-04  1.65858402e-07 
 2.73300000e-04  1.65788675e-07 
 2.73400000e-04  1.65729651e-07 
 2.73500000e-04  1.65702373e-07 
 2.73600000e-04  1.52066652e-07 
 2.73700000e-04  1.51629517e-07 
 2.73800000e-04  1.51381512e-07 
 2.73900000e-04  1.51193538e-07 
 2.74000000e-04  1.51067486e-07 
 2.74100000e-04  1.67433609e-07 
 2.74200000e-04  1.67153945e-07 
 2.74300000e-04  1.67058776e-07 
 2.74400000e-04  1.66976456e-07 
 2.74500000e-04  1.66926448e-07 
 2.74600000e-04  1.55827768e-07 
 2.74700000e-04  1.55426526e-07 
 2.74800000e-04  1.55227391e-07 
 2.74900000e-04  1.55088906e-07 
 2.75000000e-04  1.55012982e-07 
 2.75100000e-04  1.66129858e-07 
 2.75200000e-04  1.65906752e-07 
 2.75300000e-04  1.65825026e-07 
 2.75400000e-04  1.65752020e-07 
 2.75500000e-04  1.65708524e-07 
 2.75600000e-04  1.52105120e-07 
 2.75700000e-04  1.51613453e-07 
 2.75800000e-04  1.51370132e-07 
 2.75900000e-04  1.51189690e-07 
 2.76000000e-04  1.51074108e-07 
 2.76100000e-04  1.66896738e-07 
 2.76200000e-04  1.66730726e-07 
 2.76300000e-04  1.66654145e-07 
 2.76400000e-04  1.66583790e-07 
 2.76500000e-04  1.66559365e-07 
 2.76600000e-04  1.54134401e-07 
 2.76700000e-04  1.53745124e-07 
 2.76800000e-04  1.53544603e-07 
 2.76900000e-04  1.53401826e-07 
 2.77000000e-04  1.53318608e-07 
 2.77100000e-04  1.66661162e-07 
 2.77200000e-04  1.66446543e-07 
 2.77300000e-04  1.66381300e-07 
 2.77400000e-04  1.66326880e-07 
 2.77500000e-04  1.66290149e-07 
 2.77600000e-04  1.52619317e-07 
 2.77700000e-04  1.52195824e-07 
 2.77800000e-04  1.51958384e-07 
 2.77900000e-04  1.51775554e-07 
 2.78000000e-04  1.51649051e-07 
 2.78100000e-04  1.69095057e-07 
 2.78200000e-04  1.68605428e-07 
 2.78300000e-04  1.68449187e-07 
 2.78400000e-04  1.68314661e-07 
 2.78500000e-04  1.68246934e-07 
 2.78600000e-04  1.59711074e-07 
 2.78700000e-04  1.59319807e-07 
 2.78800000e-04  1.59133208e-07 
 2.78900000e-04  1.59005340e-07 
 2.79000000e-04  1.58938052e-07 
 2.79100000e-04  1.66284582e-07 
 2.79200000e-04  1.65640466e-07 
 2.79300000e-04  1.65444673e-07 
 2.79400000e-04  1.65277582e-07 
 2.79500000e-04  1.65200812e-07 
 2.79600000e-04  1.51686968e-07 
 2.79700000e-04  1.51109971e-07 
 2.79800000e-04  1.50843052e-07 
 2.79900000e-04  1.50636220e-07 
 2.80000000e-04  1.50491365e-07 
 2.80100000e-04  1.66306894e-07 
 2.80200000e-04  1.66128738e-07 
 2.80300000e-04  1.66054996e-07 
 2.80400000e-04  1.65988819e-07 
 2.80500000e-04  1.65950805e-07 
 2.80600000e-04  1.53560354e-07 
 2.80700000e-04  1.53171935e-07 
 2.80800000e-04  1.52953435e-07 
 2.80900000e-04  1.52801143e-07 
 2.81000000e-04  1.52717142e-07 
 2.81100000e-04  1.66044815e-07 
 2.81200000e-04  1.65825357e-07 
 2.81300000e-04  1.65757986e-07 
 2.81400000e-04  1.65701759e-07 
 2.81500000e-04  1.65679516e-07 
 2.81600000e-04  1.52040680e-07 
 2.81700000e-04  1.51593116e-07 
 2.81800000e-04  1.51361855e-07 
 2.81900000e-04  1.51182809e-07 
 2.82000000e-04  1.51057591e-07 
 2.82100000e-04  1.69606483e-07 
 2.82200000e-04  1.68846097e-07 
 2.82300000e-04  1.68610823e-07 
 2.82400000e-04  1.68511952e-07 
 2.82500000e-04  1.68457157e-07 
 2.82600000e-04  1.56909103e-07 
 2.82700000e-04  1.56335677e-07 
 2.82800000e-04  1.56078018e-07 
 2.82900000e-04  1.55889318e-07 
 2.83000000e-04  1.55771032e-07 
 2.83100000e-04  1.03753053e-04 
 2.83200000e-04  1.03752615e-04 
 2.83300000e-04  1.03752485e-04 
 2.83400000e-04  1.03752374e-04 
 2.83500000e-04  1.03752329e-04 
 2.83600000e-04  1.03738742e-04 
 2.83700000e-04  1.03738228e-04 
 2.83800000e-04  1.03737979e-04 
 2.83900000e-04  1.03737792e-04 
 2.84000000e-04  1.03737668e-04 
 2.84100000e-04  1.68036710e-07 
 2.84200000e-04  1.67829911e-07 
 2.84300000e-04  1.67749360e-07 
 2.84400000e-04  1.67677514e-07 
 2.84500000e-04  1.67637996e-07 
 2.84600000e-04  1.55220681e-07 
 2.84700000e-04  1.54803263e-07 
 2.84800000e-04  1.54612289e-07 
 2.84900000e-04  1.54469581e-07 
 2.85000000e-04  1.54376648e-07 
 2.85100000e-04  1.67786459e-07 
 2.85200000e-04  1.67583939e-07 
 2.85300000e-04  1.67509673e-07 
 2.85400000e-04  1.67443993e-07 
 2.85500000e-04  1.67417726e-07 
 2.85600000e-04  1.53686071e-07 
 2.85700000e-04  1.53270270e-07 
 2.85800000e-04  1.53034275e-07 
 2.85900000e-04  1.52851183e-07 
 2.86000000e-04  1.52722651e-07 
 2.86100000e-04  1.69711958e-07 
 2.86200000e-04  1.69321437e-07 
 2.86300000e-04  1.69179269e-07 
 2.86400000e-04  1.69053276e-07 
 2.86500000e-04  1.68994716e-07 
 2.86600000e-04  1.59107372e-07 
 2.86700000e-04  1.58727798e-07 
 2.86800000e-04  1.58532586e-07 
 2.86900000e-04  1.58402288e-07 
 2.87000000e-04  1.58338940e-07 
 2.87100000e-04  1.67377542e-07 
 2.87200000e-04  1.67094425e-07 
 2.87300000e-04  1.66994075e-07 
 2.87400000e-04  1.66905450e-07 
 2.87500000e-04  1.66854690e-07 
 2.87600000e-04  1.53227878e-07 
 2.87700000e-04  1.52715898e-07 
 2.87800000e-04  1.52466687e-07 
 2.87900000e-04  1.52272061e-07 
 2.88000000e-04  1.52133728e-07 
 2.88100000e-04  1.68043481e-07 
 2.88200000e-04  1.67864451e-07 
 2.88300000e-04  1.67790646e-07 
 2.88400000e-04  1.67724256e-07 
 2.88500000e-04  1.67685787e-07 
 2.88600000e-04  1.55180141e-07 
 2.88700000e-04  1.54814438e-07 
 2.88800000e-04  1.54619393e-07 
 2.88900000e-04  1.54478776e-07 
 2.89000000e-04  1.54394286e-07 
 2.89100000e-04  1.67798875e-07 
 2.89200000e-04  1.67594467e-07 
 2.89300000e-04  1.67512793e-07 
 2.89400000e-04  1.67439475e-07 
 2.89500000e-04  1.67414808e-07 
 2.89600000e-04  1.53672914e-07 
 2.89700000e-04  1.53247449e-07 
 2.89800000e-04  1.53026732e-07 
 2.89900000e-04  1.52849677e-07 
 2.90000000e-04  1.52717645e-07 
 2.90100000e-04  1.69165585e-07 
 2.90200000e-04  1.68878999e-07 
 2.90300000e-04  1.68774322e-07 
 2.90400000e-04  1.68681584e-07 
 2.90500000e-04  1.68636756e-07 
 2.90600000e-04  1.57436289e-07 
 2.90700000e-04  1.57059009e-07 
 2.90800000e-04  1.56864840e-07 
 2.90900000e-04  1.56728106e-07 
 2.91000000e-04  1.56650598e-07 
 2.91100000e-04  1.67883580e-07 
 2.91200000e-04  1.67629313e-07 
 2.91300000e-04  1.67538334e-07 
 2.91400000e-04  1.67458274e-07 
 2.91500000e-04  1.67437310e-07 
 2.91600000e-04  1.53740188e-07 
 2.91700000e-04  1.53277608e-07 
 2.91800000e-04  1.53020639e-07 
 2.91900000e-04  1.52832937e-07 
 2.92000000e-04  1.52716671e-07 
 2.92100000e-04  1.68649849e-07 
 2.92200000e-04  1.68468453e-07 
 2.92300000e-04  1.68390203e-07 
 2.92400000e-04  1.68319585e-07 
 2.92500000e-04  1.68269010e-07 
 2.92600000e-04  1.55787295e-07 
 2.92700000e-04  1.55400355e-07 
 2.92800000e-04  1.55195233e-07 
 2.92900000e-04  1.55051853e-07 
 2.93000000e-04  1.54972140e-07 
 2.93100000e-04  1.68417510e-07 
 2.93200000e-04  1.68183962e-07 
 2.93300000e-04  1.68112561e-07 
 2.93400000e-04  1.68053646e-07 
 2.93500000e-04  1.68015626e-07 
 2.93600000e-04  1.54259641e-07 
 2.93700000e-04  1.53842243e-07 
 2.93800000e-04  1.53605835e-07 
 2.93900000e-04  1.53425648e-07 
 2.94000000e-04  1.53303436e-07 
 2.94100000e-04  1.71372656e-07 
 2.94200000e-04  1.70775946e-07 
 2.94300000e-04  1.70580622e-07 
 2.94400000e-04  1.70411359e-07 
 2.94500000e-04  1.70343728e-07 
 2.94600000e-04  1.63022740e-07 
 2.94700000e-04  1.62625503e-07 
 2.94800000e-04  1.62433745e-07 
 2.94900000e-04  1.62322952e-07 
 2.95000000e-04  1.62295660e-07 
 2.95100000e-04  1.67728276e-07 
 2.95200000e-04  1.66861609e-07 
 2.95300000e-04  1.66617427e-07 
 2.95400000e-04  1.66413256e-07 
 2.95500000e-04  1.66343347e-07 
 2.95600000e-04  1.52786176e-07 
 2.95700000e-04  1.52183599e-07 
 2.95800000e-04  1.51910231e-07 
 2.95900000e-04  1.51709290e-07 
 2.96000000e-04  1.51583043e-07 
 2.96100000e-04  1.67458463e-07 
 2.96200000e-04  1.67259216e-07 
 2.96300000e-04  1.67185021e-07 
 2.96400000e-04  1.67120292e-07 
 2.96500000e-04  1.67066752e-07 
 2.96600000e-04  1.54602779e-07 
 2.96700000e-04  1.54241601e-07 
 2.96800000e-04  1.54021513e-07 
 2.96900000e-04  1.53875221e-07 
 2.97000000e-04  1.53805033e-07 
 2.97100000e-04  1.67177231e-07 
 2.97200000e-04  1.66960784e-07 
 2.97300000e-04  1.66892576e-07 
 2.97400000e-04  1.66834759e-07 
 2.97500000e-04  1.66788626e-07 
 2.97600000e-04  1.53101949e-07 
 2.97700000e-04  1.52665179e-07 
 2.97800000e-04  1.52429974e-07 
 2.97900000e-04  1.52252836e-07 
 2.98000000e-04  1.52135570e-07 
 2.98100000e-04  1.68543500e-07 
 2.98200000e-04  1.68272925e-07 
 2.98300000e-04  1.68164201e-07 
 2.98400000e-04  1.68065743e-07 
 2.98500000e-04  1.68016206e-07 
 2.98600000e-04  1.56861763e-07 
 2.98700000e-04  1.56463577e-07 
 2.98800000e-04  1.56265046e-07 
 2.98900000e-04  1.56130812e-07 
 2.99000000e-04  1.56062880e-07 
 2.99100000e-04  1.67260218e-07 
 2.99200000e-04  1.67007046e-07 
 2.99300000e-04  1.66917496e-07 
 2.99400000e-04  1.66839175e-07 
 2.99500000e-04  1.66803953e-07 
 2.99600000e-04  1.53140208e-07 
 2.99700000e-04  1.52670143e-07 
 2.99800000e-04  1.52428089e-07 
 2.99900000e-04  1.52245600e-07 
 3.00000000e-04  1.52124526e-07 
 3.00100000e-04  1.68016751e-07 
 3.00200000e-04  1.67836143e-07 
 3.00300000e-04  1.67760094e-07 
 3.00400000e-04  1.67691548e-07 
 3.00500000e-04  1.67660048e-07 
 3.00600000e-04  1.55181947e-07 
 3.00700000e-04  1.54809680e-07 
 3.00800000e-04  1.54593642e-07 
 3.00900000e-04  1.54446376e-07 
 3.01000000e-04  1.54370028e-07 
 3.01100000e-04  1.67774408e-07 
 3.01200000e-04  1.67574404e-07 
 3.01300000e-04  1.67498064e-07 
 3.01400000e-04  1.67429843e-07 
 3.01500000e-04  1.67397390e-07 
 3.01600000e-04  1.53669112e-07 
 3.01700000e-04  1.53233471e-07 
 3.01800000e-04  1.53002923e-07 
 3.01900000e-04  1.52826410e-07 
 3.02000000e-04  1.52705606e-07 
 3.02100000e-04  1.69687251e-07 
 3.02200000e-04  1.69292928e-07 
 3.02300000e-04  1.69155308e-07 
 3.02400000e-04  1.69035013e-07 
 3.02500000e-04  1.68998245e-07 
 3.02600000e-04  1.59109534e-07 
 3.02700000e-04  1.58706946e-07 
 3.02800000e-04  1.58514538e-07 
 3.02900000e-04  1.58387802e-07 
 3.03000000e-04  1.58328783e-07 
 3.03100000e-04  1.67372244e-07 
 3.03200000e-04  1.67090387e-07 
 3.03300000e-04  1.66988398e-07 
 3.03400000e-04  1.66898096e-07 
 3.03500000e-04  1.66842952e-07 
 3.03600000e-04  1.53216140e-07 
 3.03700000e-04  1.52704562e-07 
 3.03800000e-04  1.52443611e-07 
 3.03900000e-04  1.52251517e-07 
 3.04000000e-04  1.52130422e-07 
 3.04100000e-04  1.68041131e-07 
 3.04200000e-04  1.67857214e-07 
 3.04300000e-04  1.67775688e-07 
 3.04400000e-04  1.67701605e-07 
 3.04500000e-04  1.67660505e-07 
 3.04600000e-04  1.55192976e-07 
 3.04700000e-04  1.54796589e-07 
 3.04800000e-04  1.54606163e-07 
 3.04900000e-04  1.54461691e-07 
 3.05000000e-04  1.54364590e-07 
 3.05100000e-04  1.67798400e-07 
 3.05200000e-04  1.67574498e-07 
 3.05300000e-04  1.67492835e-07 
 3.05400000e-04  1.67421568e-07 
 3.05500000e-04  1.67399244e-07 
 3.05600000e-04  1.53665886e-07 
 3.05700000e-04  1.53234024e-07 
 3.05800000e-04  1.52997675e-07 
 3.05900000e-04  1.52822288e-07 
 3.06000000e-04  1.52709754e-07 
 3.06100000e-04  1.69154802e-07 
 3.06200000e-04  1.68869918e-07 
 3.06300000e-04  1.68763064e-07 
 3.06400000e-04  1.68668270e-07 
 3.06500000e-04  1.68634112e-07 
 3.06600000e-04  1.57426316e-07 
 3.06700000e-04  1.57058795e-07 
 3.06800000e-04  1.56855118e-07 
 3.06900000e-04  1.56716999e-07 
 3.07000000e-04  1.56646474e-07 
 3.07100000e-04  1.67864434e-07 
 3.07200000e-04  1.67633728e-07 
 3.07300000e-04  1.67543010e-07 
 3.07400000e-04  1.67460770e-07 
 3.07500000e-04  1.67422736e-07 
 3.07600000e-04  1.53731045e-07 
 3.07700000e-04  1.53268934e-07 
 3.07800000e-04  1.53020383e-07 
 3.07900000e-04  1.52834451e-07 
 3.08000000e-04  1.52713083e-07 
 3.08100000e-04  1.68639962e-07 
 3.08200000e-04  1.68460331e-07 
 3.08300000e-04  1.68381063e-07 
 3.08400000e-04  1.68309105e-07 
 3.08500000e-04  1.68282160e-07 
 3.08600000e-04  1.55758654e-07 
 3.08700000e-04  1.55395186e-07 
 3.08800000e-04  1.55186393e-07 
 3.08900000e-04  1.55044447e-07 
 3.09000000e-04  1.54971424e-07 
 3.09100000e-04  1.68414894e-07 
 3.09200000e-04  1.68176548e-07 
 3.09300000e-04  1.68101210e-07 
 3.09400000e-04  1.68038199e-07 
 3.09500000e-04  1.68007343e-07 
 3.09600000e-04  1.54266667e-07 
 3.09700000e-04  1.53824359e-07 
 3.09800000e-04  1.53599415e-07 
 3.09900000e-04  1.53424756e-07 
 3.10000000e-04  1.53301931e-07 
 3.10100000e-04  1.70847481e-07 
 3.10200000e-04  1.70350956e-07 
 3.10300000e-04  1.70183709e-07 
 3.10400000e-04  1.70037781e-07 
 3.10500000e-04  1.69977855e-07 
 3.10600000e-04  1.61349389e-07 
 3.10700000e-04  1.60970407e-07 
 3.10800000e-04  1.60783899e-07 
 3.10900000e-04  1.60659757e-07 
 3.11000000e-04  1.60599912e-07 
 3.11100000e-04  1.67659614e-07 
 3.11200000e-04  1.67269796e-07 
 3.11300000e-04  1.67123908e-07 
 3.11400000e-04  1.66994236e-07 
 3.11500000e-04  1.66942860e-07 
 3.11600000e-04  1.53317849e-07 
 3.11700000e-04  1.52762031e-07 
 3.11800000e-04  1.52488317e-07 
 3.11900000e-04  1.52286805e-07 
 3.12000000e-04  1.52159739e-07 
 3.12100000e-04  1.68070355e-07 
 3.12200000e-04  1.67886162e-07 
 3.12300000e-04  1.67808860e-07 
 3.12400000e-04  1.67739324e-07 
 3.12500000e-04  1.67701342e-07 
 3.12600000e-04  1.55192869e-07 
 3.12700000e-04  1.54822053e-07 
 3.12800000e-04  1.54609217e-07 
 3.12900000e-04  1.54465284e-07 
 3.13000000e-04  1.54392389e-07 
 3.13100000e-04  1.67805796e-07 
 3.13200000e-04  1.67588335e-07 
 3.13300000e-04  1.67511652e-07 
 3.13400000e-04  1.67445154e-07 
 3.13500000e-04  1.67418144e-07 
 3.13600000e-04  1.53691267e-07 
 3.13700000e-04  1.53248365e-07 
 3.13800000e-04  1.53018100e-07 
 3.13900000e-04  1.52839535e-07 
 3.14000000e-04  1.52714261e-07 
 3.14100000e-04  1.69162734e-07 
 3.14200000e-04  1.68874456e-07 
 3.14300000e-04  1.68774478e-07 
 3.14400000e-04  1.68687439e-07 
 3.14500000e-04  1.68645508e-07 
 3.14600000e-04  1.57432056e-07 
 3.14700000e-04  1.57054645e-07 
 3.14800000e-04  1.56862194e-07 
 3.14900000e-04  1.56725503e-07 
 3.15000000e-04  1.56646287e-07 
 3.15100000e-04  1.67870767e-07 
 3.15200000e-04  1.67610115e-07 
 3.15300000e-04  1.67524824e-07 
 3.15400000e-04  1.67451459e-07 
 3.15500000e-04  1.67425444e-07 
 3.15600000e-04  1.53724700e-07 
 3.15700000e-04  1.53262588e-07 
 3.15800000e-04  1.53025076e-07 
 3.15900000e-04  1.52842267e-07 
 3.16000000e-04  1.52715840e-07 
 3.16100000e-04  1.68643699e-07 
 3.16200000e-04  1.68467806e-07 
 3.16300000e-04  1.68382272e-07 
 3.16400000e-04  1.68302957e-07 
 3.16500000e-04  1.68278575e-07 
 3.16600000e-04  1.55765101e-07 
 3.16700000e-04  1.55393046e-07 
 3.16800000e-04  1.55192316e-07 
 3.16900000e-04  1.55049487e-07 
 3.17000000e-04  1.54966342e-07 
 3.17100000e-04  1.68399402e-07 
 3.17200000e-04  1.68195794e-07 
 3.17300000e-04  1.68117965e-07 
 3.17400000e-04  1.68048222e-07 
 3.17500000e-04  1.68021138e-07 
 3.17600000e-04  1.54263616e-07 
 3.17700000e-04  1.53821728e-07 
 3.17800000e-04  1.53590984e-07 
 3.17900000e-04  1.53418130e-07 
 3.18000000e-04  1.53304947e-07 
 3.18100000e-04  1.70309981e-07 
 3.18200000e-04  1.69928001e-07 
 3.18300000e-04  1.69791799e-07 
 3.18400000e-04  1.69671257e-07 
 3.18500000e-04  1.69613638e-07 
 3.18600000e-04  1.59671480e-07 
 3.18700000e-04  1.59294776e-07 
 3.18800000e-04  1.59111149e-07 
 3.18900000e-04  1.58986909e-07 
 3.19000000e-04  1.58923889e-07 
 3.19100000e-04  1.67997077e-07 
 3.19200000e-04  1.67703296e-07 
 3.19300000e-04  1.67603828e-07 
 3.19400000e-04  1.67517207e-07 
 3.19500000e-04  1.67474328e-07 
 3.19600000e-04  1.53801566e-07 
 3.19700000e-04  1.53301959e-07 
 3.19800000e-04  1.53039167e-07 
 3.19900000e-04  1.52845948e-07 
 3.20000000e-04  1.52724454e-07 
 3.20100000e-04  1.68661549e-07 
 3.20200000e-04  1.68480684e-07 
 3.20300000e-04  1.68402574e-07 
 3.20400000e-04  1.68331831e-07 
 3.20500000e-04  1.68290201e-07 
 3.20600000e-04  1.55777166e-07 
 3.20700000e-04  1.55407416e-07 
 3.20800000e-04  1.55205824e-07 
 3.20900000e-04  1.55058936e-07 
 3.21000000e-04  1.54968433e-07 
 3.21100000e-04  1.68404526e-07 
 3.21200000e-04  1.68192298e-07 
 3.21300000e-04  1.68122407e-07 
 3.21400000e-04  1.68062088e-07 
 3.21500000e-04  1.68016783e-07 
 3.21600000e-04  1.54259078e-07 
 3.21700000e-04  1.53843475e-07 
 3.21800000e-04  1.53604624e-07 
 3.21900000e-04  1.53422464e-07 
 3.22000000e-04  1.53298735e-07 
 3.22100000e-04  1.69782625e-07 
 3.22200000e-04  1.69500444e-07 
 3.22300000e-04  1.69398982e-07 
 3.22400000e-04  1.69309570e-07 
 3.22500000e-04  1.69236237e-07 
 3.22600000e-04  1.58031437e-07 
 3.22700000e-04  1.57654730e-07 
 3.22800000e-04  1.57449892e-07 
 3.22900000e-04  1.57315148e-07 
 3.23000000e-04  1.57252607e-07 
 3.23100000e-04  1.70412210e-07 
 3.23200000e-04  1.69765973e-07 
 3.23300000e-04  1.69563146e-07 
 3.23400000e-04  1.69455814e-07 
 3.23500000e-04  1.69379338e-07 
 3.23600000e-04  1.55176854e-07 
 3.23700000e-04  1.54546780e-07 
 3.23800000e-04  1.54270049e-07 
 3.23900000e-04  1.54075192e-07 
 3.24000000e-04  1.53963901e-07 
 3.24100000e-04  1.03756201e-04 
 3.24200000e-04  1.03755828e-04 
 3.24300000e-04  1.03755705e-04 
 3.24400000e-04  1.03755598e-04 
 3.24500000e-04  1.03755540e-04 
 3.24600000e-04  1.03743026e-04 
 3.24700000e-04  1.03742631e-04 
 3.24800000e-04  1.03742429e-04 
 3.24900000e-04  1.03742287e-04 
 3.25000000e-04  1.03742206e-04 
 3.25100000e-04  1.70188473e-07 
 3.25200000e-04  1.69919080e-07 
 3.25300000e-04  1.69839980e-07 
 3.25400000e-04  1.69774771e-07 
 3.25500000e-04  1.69742824e-07 
 3.25600000e-04  1.55949230e-07 
 3.25700000e-04  1.55502845e-07 
 3.25800000e-04  1.55272076e-07 
 3.25900000e-04  1.55103789e-07 
 3.26000000e-04  1.54999904e-07 
 3.26100000e-04  1.73675681e-07 
 3.26200000e-04  1.72964335e-07 
 3.26300000e-04  1.72734362e-07 
 3.26400000e-04  1.72535469e-07 
 3.26500000e-04  1.72463370e-07 
 3.26600000e-04  1.66345706e-07 
 3.26700000e-04  1.65982767e-07 
 3.26800000e-04  1.65803457e-07 
 3.26900000e-04  1.65703368e-07 
 3.27000000e-04  1.65684950e-07 
 3.27100000e-04  1.68950840e-07 
 3.27200000e-04  1.68005968e-07 
 3.27300000e-04  1.67761835e-07 
 3.27400000e-04  1.67562162e-07 
 3.27500000e-04  1.67473007e-07 
 3.27600000e-04  1.53891532e-07 
 3.27700000e-04  1.53257357e-07 
 3.27800000e-04  1.52981707e-07 
 3.27900000e-04  1.52782794e-07 
 3.28000000e-04  1.52662988e-07 
 3.28100000e-04  1.68606883e-07 
 3.28200000e-04  1.68411462e-07 
 3.28300000e-04  1.68326870e-07 
 3.28400000e-04  1.68250460e-07 
 3.28500000e-04  1.68203778e-07 
 3.28600000e-04  1.55684551e-07 
 3.28700000e-04  1.55296045e-07 
 3.28800000e-04  1.55103162e-07 
 3.28900000e-04  1.54966630e-07 
 3.29000000e-04  1.54888170e-07 
 3.29100000e-04  1.68321717e-07 
 3.29200000e-04  1.68097061e-07 
 3.29300000e-04  1.68024979e-07 
 3.29400000e-04  1.67964149e-07 
 3.29500000e-04  1.67934318e-07 
 3.29600000e-04  1.54159378e-07 
 3.29700000e-04  1.53729864e-07 
 3.29800000e-04  1.53502584e-07 
 3.29900000e-04  1.53326861e-07 
 3.30000000e-04  1.53204267e-07 
 3.30100000e-04  1.69695928e-07 
 3.30200000e-04  1.69404382e-07 
 3.30300000e-04  1.69298230e-07 
 3.30400000e-04  1.69204791e-07 
 3.30500000e-04  1.69151455e-07 
 3.30600000e-04  1.57914734e-07 
 3.30700000e-04  1.57538846e-07 
 3.30800000e-04  1.57348424e-07 
 3.30900000e-04  1.57217206e-07 
 3.31000000e-04  1.57147001e-07 
 3.31100000e-04  1.68404783e-07 
 3.31200000e-04  1.68143314e-07 
 3.31300000e-04  1.68055232e-07 
 3.31400000e-04  1.67978868e-07 
 3.31500000e-04  1.67936438e-07 
 3.31600000e-04  1.54206613e-07 
 3.31700000e-04  1.53739232e-07 
 3.31800000e-04  1.53497872e-07 
 3.31900000e-04  1.53317773e-07 
 3.32000000e-04  1.53200810e-07 
 3.32100000e-04  1.69156798e-07 
 3.32200000e-04  1.68970478e-07 
 3.32300000e-04  1.68897530e-07 
 3.32400000e-04  1.68832716e-07 
 3.32500000e-04  1.68792422e-07 
 3.32600000e-04  1.56248324e-07 
 3.32700000e-04  1.55866297e-07 
 3.32800000e-04  1.55673950e-07 
 3.32900000e-04  1.55538354e-07 
 3.33000000e-04  1.55461242e-07 
 3.33100000e-04  1.68916890e-07 
 3.33200000e-04  1.68696038e-07 
 3.33300000e-04  1.68620585e-07 
 3.33400000e-04  1.68555343e-07 
 3.33500000e-04  1.68533138e-07 
 3.33600000e-04  1.54729986e-07 
 3.33700000e-04  1.54325739e-07 
 3.33800000e-04  1.54095774e-07 
 3.33900000e-04  1.53918921e-07 
 3.34000000e-04  1.53796796e-07 
 3.34100000e-04  1.70832704e-07 
 3.34200000e-04  1.70440997e-07 
 3.34300000e-04  1.70304290e-07 
 3.34400000e-04  1.70184559e-07 
 3.34500000e-04  1.70116966e-07 
 3.34600000e-04  1.60158556e-07 
 3.34700000e-04  1.59791465e-07 
 3.34800000e-04  1.59604343e-07 
 3.34900000e-04  1.59475632e-07 
 3.35000000e-04  1.59407113e-07 
 3.35100000e-04  1.68503814e-07 
 3.35200000e-04  1.68210186e-07 
 3.35300000e-04  1.68107725e-07 
 3.35400000e-04  1.68017827e-07 
 3.35500000e-04  1.67978081e-07 
 3.35600000e-04  1.54274208e-07 
 3.35700000e-04  1.53780088e-07 
 3.35800000e-04  1.53523817e-07 
 3.35900000e-04  1.53336187e-07 
 3.36000000e-04  1.53219306e-07 
 3.36100000e-04  1.69186952e-07 
 3.36200000e-04  1.68983245e-07 
 3.36300000e-04  1.68903338e-07 
 3.36400000e-04  1.68833119e-07 
 3.36500000e-04  1.68799689e-07 
 3.36600000e-04  1.56244084e-07 
 3.36700000e-04  1.55881563e-07 
 3.36800000e-04  1.55681037e-07 
 3.36900000e-04  1.55541175e-07 
 3.37000000e-04  1.55463832e-07 
 3.37100000e-04  1.68917497e-07 
 3.37200000e-04  1.68697497e-07 
 3.37300000e-04  1.68623315e-07 
 3.37400000e-04  1.68559459e-07 
 3.37500000e-04  1.68533833e-07 
 3.37600000e-04  1.54741753e-07 
 3.37700000e-04  1.54320407e-07 
 3.37800000e-04  1.54082961e-07 
 3.37900000e-04  1.53909663e-07 
 3.38000000e-04  1.53802475e-07 
 3.38100000e-04  1.70299388e-07 
 3.38200000e-04  1.70002157e-07 
 3.38300000e-04  1.69902331e-07 
 3.38400000e-04  1.69815912e-07 
 3.38500000e-04  1.69751663e-07 
 3.38600000e-04  1.58512450e-07 
 3.38700000e-04  1.58120242e-07 
 3.38800000e-04  1.57929011e-07 
 3.38900000e-04  1.57800197e-07 
 3.39000000e-04  1.57735705e-07 
 3.39100000e-04  1.69000361e-07 
 3.39200000e-04  1.68752288e-07 
 3.39300000e-04  1.68665310e-07 
 3.39400000e-04  1.68588651e-07 
 3.39500000e-04  1.68549070e-07 
 3.39600000e-04  1.54789430e-07 
 3.39700000e-04  1.54323346e-07 
 3.39800000e-04  1.54084563e-07 
 3.39900000e-04  1.53909409e-07 
 3.40000000e-04  1.53799826e-07 
 3.40100000e-04  1.69776730e-07 
 3.40200000e-04  1.69586634e-07 
 3.40300000e-04  1.69509832e-07 
 3.40400000e-04  1.69441003e-07 
 3.40500000e-04  1.69404026e-07 
 3.40600000e-04  1.56836671e-07 
 3.40700000e-04  1.56458550e-07 
 3.40800000e-04  1.56261168e-07 
 3.40900000e-04  1.56122009e-07 
 3.41000000e-04  1.56042843e-07 
 3.41100000e-04  1.69547999e-07 
 3.41200000e-04  1.69322351e-07 
 3.41300000e-04  1.69245069e-07 
 3.41400000e-04  1.69178662e-07 
 3.41500000e-04  1.69133472e-07 
 3.41600000e-04  1.55328719e-07 
 3.41700000e-04  1.54892008e-07 
 3.41800000e-04  1.54670089e-07 
 3.41900000e-04  1.54501965e-07 
 3.42000000e-04  1.54389266e-07 
 3.42100000e-04  1.71983858e-07 
 3.42200000e-04  1.71472548e-07 
 3.42300000e-04  1.71306547e-07 
 3.42400000e-04  1.71163457e-07 
 3.42500000e-04  1.71101823e-07 
 3.42600000e-04  1.62403580e-07 
 3.42700000e-04  1.62028101e-07 
 3.42800000e-04  1.61849255e-07 
 3.42900000e-04  1.61739519e-07 
 3.43000000e-04  1.61701008e-07 
 3.43100000e-04  1.68813999e-07 
 3.43200000e-04  1.68419847e-07 
 3.43300000e-04  1.68262672e-07 
 3.43400000e-04  1.68121281e-07 
 3.43500000e-04  1.68070245e-07 
 3.43600000e-04  1.54383038e-07 
 3.43700000e-04  1.53841723e-07 
 3.43800000e-04  1.53569926e-07 
 3.43900000e-04  1.53367647e-07 
 3.44000000e-04  1.53237011e-07 
 3.44100000e-04  1.69214296e-07 
 3.44200000e-04  1.69016954e-07 
 3.44300000e-04  1.68930334e-07 
 3.44400000e-04  1.68851945e-07 
 3.44500000e-04  1.68819410e-07 
 3.44600000e-04  1.56273423e-07 
 3.44700000e-04  1.55889466e-07 
 3.44800000e-04  1.55694189e-07 
 3.44900000e-04  1.55550503e-07 
 3.45000000e-04  1.55459963e-07 
 3.45100000e-04  1.68940853e-07 
 3.45200000e-04  1.68709760e-07 
 3.45300000e-04  1.68637994e-07 
 3.45400000e-04  1.68577852e-07 
 3.45500000e-04  1.68536887e-07 
 3.45600000e-04  1.54747684e-07 
 3.45700000e-04  1.54313281e-07 
 3.45800000e-04  1.54082455e-07 
 3.45900000e-04  1.53907274e-07 
 3.46000000e-04  1.53789420e-07 
 3.46100000e-04  1.70318943e-07 
 3.46200000e-04  1.70012014e-07 
 3.46300000e-04  1.69909652e-07 
 3.46400000e-04  1.69822261e-07 
 3.46500000e-04  1.69766589e-07 
 3.46600000e-04  1.58490276e-07 
 3.46700000e-04  1.58116465e-07 
 3.46800000e-04  1.57932312e-07 
 3.46900000e-04  1.57802073e-07 
 3.47000000e-04  1.57727378e-07 
 3.47100000e-04  1.69020704e-07 
 3.47200000e-04  1.68750422e-07 
 3.47300000e-04  1.68659300e-07 
 3.47400000e-04  1.68580373e-07 
 3.47500000e-04  1.68554291e-07 
 3.47600000e-04  1.54785733e-07 
 3.47700000e-04  1.54330921e-07 
 3.47800000e-04  1.54096816e-07 
 3.47900000e-04  1.53920122e-07 
 3.48000000e-04  1.53802576e-07 
 3.48100000e-04  1.69787256e-07 
 3.48200000e-04  1.69611651e-07 
 3.48300000e-04  1.69525167e-07 
 3.48400000e-04  1.69444715e-07 
 3.48500000e-04  1.69393066e-07 
 3.48600000e-04  1.56823688e-07 
 3.48700000e-04  1.56463223e-07 
 3.48800000e-04  1.56258615e-07 
 3.48900000e-04  1.56116587e-07 
 3.49000000e-04  1.56039041e-07 
 3.49100000e-04  1.69546862e-07 
 3.49200000e-04  1.69312222e-07 
 3.49300000e-04  1.69231572e-07 
 3.49400000e-04  1.69162021e-07 
 3.49500000e-04  1.69130388e-07 
 3.49600000e-04  1.55331950e-07 
 3.49700000e-04  1.54891378e-07 
 3.49800000e-04  1.54672898e-07 
 3.49900000e-04  1.54506040e-07 
 3.50000000e-04  1.54392360e-07 
 3.50100000e-04  1.71447907e-07 
 3.50200000e-04  1.71049045e-07 
 3.50300000e-04  1.70912659e-07 
 3.50400000e-04  1.70793781e-07 
 3.50500000e-04  1.70745360e-07 
 3.50600000e-04  1.60750211e-07 
 3.50700000e-04  1.60376278e-07 
 3.50800000e-04  1.60188386e-07 
 3.50900000e-04  1.60061225e-07 
 3.51000000e-04  1.59996633e-07 
 3.51100000e-04  1.69136459e-07 
 3.51200000e-04  1.68834079e-07 
 3.51300000e-04  1.68723753e-07 
 3.51400000e-04  1.68625981e-07 
 3.51500000e-04  1.68609133e-07 
 3.51600000e-04  1.54871690e-07 
 3.51700000e-04  1.54374709e-07 
 3.51800000e-04  1.54116661e-07 
 3.51900000e-04  1.53926691e-07 
 3.52000000e-04  1.53806873e-07 
 3.52100000e-04  1.69805941e-07 
 3.52200000e-04  1.69607939e-07 
 3.52300000e-04  1.69523038e-07 
 3.52400000e-04  1.69446668e-07 
 3.52500000e-04  1.69408304e-07 
 3.52600000e-04  1.56835895e-07 
 3.52700000e-04  1.56469456e-07 
 3.52800000e-04  1.56272284e-07 
 3.52900000e-04  1.56131497e-07 
 3.53000000e-04  1.56048797e-07 
 3.53100000e-04  1.69560911e-07 
 3.53200000e-04  1.69332852e-07 
 3.53300000e-04  1.69254404e-07 
 3.53400000e-04  1.69186920e-07 
 3.53500000e-04  1.69157564e-07 
 3.53600000e-04  1.55316776e-07 
 3.53700000e-04  1.54917164e-07 
 3.53800000e-04  1.54683433e-07 
 3.53900000e-04  1.54503208e-07 
 3.54000000e-04  1.54378098e-07 
 3.54100000e-04  1.70931259e-07 
 3.54200000e-04  1.70623991e-07 
 3.54300000e-04  1.70517365e-07 
 3.54400000e-04  1.70424794e-07 
 3.54500000e-04  1.70379411e-07 
 3.54600000e-04  1.59092737e-07 
 3.54700000e-04  1.58717213e-07 
 3.54800000e-04  1.58525925e-07 
 3.54900000e-04  1.58398144e-07 
 3.55000000e-04  1.58335796e-07 
 3.55100000e-04  1.69630433e-07 
 3.55200000e-04  1.69361477e-07 
 3.55300000e-04  1.69279185e-07 
 3.55400000e-04  1.69209561e-07 
 3.55500000e-04  1.69171914e-07 
 3.55600000e-04  1.55375659e-07 
 3.55700000e-04  1.54929458e-07 
 3.55800000e-04  1.54690867e-07 
 3.55900000e-04  1.54514337e-07 
 3.56000000e-04  1.54401748e-07 
 3.56100000e-04  1.70395292e-07 
 3.56200000e-04  1.70207550e-07 
 3.56300000e-04  1.70130849e-07 
 3.56400000e-04  1.70062207e-07 
 3.56500000e-04  1.70026718e-07 
 3.56600000e-04  1.57413763e-07 
 3.56700000e-04  1.57049804e-07 
 3.56800000e-04  1.56864233e-07 
 3.56900000e-04  1.56724053e-07 
 3.57000000e-04  1.56630618e-07 
 3.57100000e-04  1.70179102e-07 
 3.57200000e-04  1.69934500e-07 
 3.57300000e-04  1.69858327e-07 
 3.57400000e-04  1.69795199e-07 
 3.57500000e-04  1.69755786e-07 
 3.57600000e-04  1.55895301e-07 
 3.57700000e-04  1.55504822e-07 
 3.57800000e-04  1.55276368e-07 
 3.57900000e-04  1.55100745e-07 
 3.58000000e-04  1.54979539e-07 
 3.58100000e-04  1.73139543e-07 
 3.58200000e-04  1.72524280e-07 
 3.58300000e-04  1.72328718e-07 
 3.58400000e-04  1.72160508e-07 
 3.58500000e-04  1.72083005e-07 
 3.58600000e-04  1.64651865e-07 
 3.58700000e-04  1.64298804e-07 
 3.58800000e-04  1.64109684e-07 
 3.58900000e-04  1.64000853e-07 
 3.59000000e-04  1.63974764e-07 
 3.59100000e-04  1.69443086e-07 
 3.59200000e-04  1.68635120e-07 
 3.59300000e-04  1.68393143e-07 
 3.59400000e-04  1.68190008e-07 
 3.59500000e-04  1.68106433e-07 
 3.59600000e-04  1.54449908e-07 
 3.59700000e-04  1.53865219e-07 
 3.59800000e-04  1.53592457e-07 
 3.59900000e-04  1.53392200e-07 
 3.60000000e-04  1.53266651e-07 
 3.60100000e-04  1.69234508e-07 
 3.60200000e-04  1.69042959e-07 
 3.60300000e-04  1.68949799e-07 
 3.60400000e-04  1.68863582e-07 
 3.60500000e-04  1.68823342e-07 
 3.60600000e-04  1.56263229e-07 
 3.60700000e-04  1.55888768e-07 
 3.60800000e-04  1.55695001e-07 
 3.60900000e-04  1.55555127e-07 
 3.61000000e-04  1.55470760e-07 
 3.61100000e-04  1.68951850e-07 
 3.61200000e-04  1.68728080e-07 
 3.61300000e-04  1.68646555e-07 
 3.61400000e-04  1.68575336e-07 
 3.61500000e-04  1.68536427e-07 
 3.61600000e-04  1.54741302e-07 
 3.61700000e-04  1.54316324e-07 
 3.61800000e-04  1.54095300e-07 
 3.61900000e-04  1.53922860e-07 
 3.62000000e-04  1.53800450e-07 
 3.62100000e-04  1.70325434e-07 
 3.62200000e-04  1.70033301e-07 
 3.62300000e-04  1.69922832e-07 
 3.62400000e-04  1.69824697e-07 
 3.62500000e-04  1.69766878e-07 
 3.62600000e-04  1.58494353e-07 
 3.62700000e-04  1.58130530e-07 
 3.62800000e-04  1.57931206e-07 
 3.62900000e-04  1.57796527e-07 
 3.63000000e-04  1.57728445e-07 
 3.63100000e-04  1.69019282e-07 
 3.63200000e-04  1.68751057e-07 
 3.63300000e-04  1.68665285e-07 
 3.63400000e-04  1.68591924e-07 
 3.63500000e-04  1.68546293e-07 
 3.63600000e-04  1.54796324e-07 
 3.63700000e-04  1.54325297e-07 
 3.63800000e-04  1.54092330e-07 
 3.63900000e-04  1.53915293e-07 
 3.64000000e-04  1.53795861e-07 
 3.64100000e-04  1.69784734e-07 
 3.64200000e-04  1.69591452e-07 
 3.64300000e-04  1.69508262e-07 
 3.64400000e-04  1.69433079e-07 
 3.64500000e-04  1.69402822e-07 
 3.64600000e-04  1.56844592e-07 
 3.64700000e-04  1.56467003e-07 
 3.64800000e-04  1.56271399e-07 
 3.64900000e-04  1.56133213e-07 
 3.65000000e-04  1.56054163e-07 
 3.65100000e-04  1.69557013e-07 
 3.65200000e-04  1.69324617e-07 
 3.65300000e-04  1.69245158e-07 
 3.65400000e-04  1.69176775e-07 
 3.65500000e-04  1.69143304e-07 
 3.65600000e-04  1.55331154e-07 
 3.65700000e-04  1.54896408e-07 
 3.65800000e-04  1.54668980e-07 
 3.65900000e-04  1.54499526e-07 
 3.66000000e-04  1.54389781e-07 
 3.66100000e-04  1.71450458e-07 
 3.66200000e-04  1.71060445e-07 
 3.66300000e-04  1.70920959e-07 
 3.66400000e-04  1.70797742e-07 
 3.66500000e-04  1.70733398e-07 
 3.66600000e-04  1.60740715e-07 
 3.66700000e-04  1.60365040e-07 
 3.66800000e-04  1.60178571e-07 
 3.66900000e-04  1.60055924e-07 
 3.67000000e-04  1.59999022e-07 
 3.67100000e-04  1.69147846e-07 
 3.67200000e-04  1.68844780e-07 
 3.67300000e-04  1.68735872e-07 
 3.67400000e-04  1.68640084e-07 
 3.67500000e-04  1.68603022e-07 
 3.67600000e-04  1.54870559e-07 
 3.67700000e-04  1.54351610e-07 
 3.67800000e-04  1.54104657e-07 
 3.67900000e-04  1.53927205e-07 
 3.68000000e-04  1.53821356e-07 
 3.68100000e-04  1.69810015e-07 
 3.68200000e-04  1.69619654e-07 
 3.68300000e-04  1.69538375e-07 
 3.68400000e-04  1.69465011e-07 
 3.68500000e-04  1.69411869e-07 
 3.68600000e-04  1.56832854e-07 
 3.68700000e-04  1.56462728e-07 
 3.68800000e-04  1.56270630e-07 
 3.68900000e-04  1.56136371e-07 
 3.69000000e-04  1.56061683e-07 
 3.69100000e-04  1.69543155e-07 
 3.69200000e-04  1.69333787e-07 
 3.69300000e-04  1.69257118e-07 
 3.69400000e-04  1.69189342e-07 
 3.69500000e-04  1.69143832e-07 
 3.69600000e-04  1.55334946e-07 
 3.69700000e-04  1.54902600e-07 
 3.69800000e-04  1.54675467e-07 
 3.69900000e-04  1.54503308e-07 
 3.70000000e-04  1.54387767e-07 
 3.70100000e-04  1.70924612e-07 
 3.70200000e-04  1.70643543e-07 
 3.70300000e-04  1.70531703e-07 
 3.70400000e-04  1.70430544e-07 
 3.70500000e-04  1.70378935e-07 
 3.70600000e-04  1.59080657e-07 
 3.70700000e-04  1.58711257e-07 
 3.70800000e-04  1.58529017e-07 
 3.70900000e-04  1.58399609e-07 
 3.71000000e-04  1.58324605e-07 
 3.71100000e-04  1.69631936e-07 
 3.71200000e-04  1.69366079e-07 
 3.71300000e-04  1.69278020e-07 
 3.71400000e-04  1.69201781e-07 
 3.71500000e-04  1.69165163e-07 
 3.71600000e-04  1.55383764e-07 
 3.71700000e-04  1.54929689e-07 
 3.71800000e-04  1.54684205e-07 
 3.71900000e-04  1.54503315e-07 
 3.72000000e-04  1.54388966e-07 
 3.72100000e-04  1.70417727e-07 
 3.72200000e-04  1.70209588e-07 
 3.72300000e-04  1.70132032e-07 
 3.72400000e-04  1.70064437e-07 
 3.72500000e-04  1.70016194e-07 
 3.72600000e-04  1.57413017e-07 
 3.72700000e-04  1.57044066e-07 
 3.72800000e-04  1.56860731e-07 
 3.72900000e-04  1.56729670e-07 
 3.73000000e-04  1.56652433e-07 
 3.73100000e-04  1.70175790e-07 
 3.73200000e-04  1.69941131e-07 
 3.73300000e-04  1.69854081e-07 
 3.73400000e-04  1.69777747e-07 
 3.73500000e-04  1.69747775e-07 
 3.73600000e-04  1.55902449e-07 
 3.73700000e-04  1.55490770e-07 
 3.73800000e-04  1.55261889e-07 
 3.73900000e-04  1.55089288e-07 
 3.74000000e-04  1.54974645e-07 
 3.74100000e-04  1.72606436e-07 
 3.74200000e-04  1.72096098e-07 
 3.74300000e-04  1.71932382e-07 
 3.74400000e-04  1.71791748e-07 
 3.74500000e-04  1.71718982e-07 
 3.74600000e-04  1.63000555e-07 
 3.74700000e-04  1.62622168e-07 
 3.74800000e-04  1.62441359e-07 
 3.74900000e-04  1.62325018e-07 
 3.75000000e-04  1.62275080e-07 
 3.75100000e-04  1.69420925e-07 
 3.75200000e-04  1.69030745e-07 
 3.75300000e-04  1.68879749e-07 
 3.75400000e-04  1.68744482e-07 
 3.75500000e-04  1.68676754e-07 
 3.75600000e-04  1.54977901e-07 
 3.75700000e-04  1.54411867e-07 
 3.75800000e-04  1.54159773e-07 
 3.75900000e-04  1.53965894e-07 
 3.76000000e-04  1.53831968e-07 
 3.76100000e-04  1.69840217e-07 
 3.76200000e-04  1.69649417e-07 
 3.76300000e-04  1.69554699e-07 
 3.76400000e-04  1.69466728e-07 
 3.76500000e-04  1.69418493e-07 
 3.76600000e-04  1.56846312e-07 
 3.76700000e-04  1.56480625e-07 
 3.76800000e-04  1.56286684e-07 
 3.76900000e-04  1.56148445e-07 
 3.77000000e-04  1.56067564e-07 
 3.77100000e-04  1.69574456e-07 
 3.77200000e-04  1.69341885e-07 
 3.77300000e-04  1.69259527e-07 
 3.77400000e-04  1.69188287e-07 
 3.77500000e-04  1.69151935e-07 
 3.77600000e-04  1.55332147e-07 
 3.77700000e-04  1.54902994e-07 
 3.77800000e-04  1.54683438e-07 
 3.77900000e-04  1.54517211e-07 
 3.78000000e-04  1.54405894e-07 
 3.78100000e-04  1.70938590e-07 
 3.78200000e-04  1.70645750e-07 
 3.78300000e-04  1.70533140e-07 
 3.78400000e-04  1.70432414e-07 
 3.78500000e-04  1.70385017e-07 
 3.78600000e-04  1.59096021e-07 
 3.78700000e-04  1.58712030e-07 
 3.78800000e-04  1.58520849e-07 
 3.78900000e-04  1.58393900e-07 
 3.79000000e-04  1.58333107e-07 
 3.79100000e-04  1.69633280e-07 
 3.79200000e-04  1.69385694e-07 
 3.79300000e-04  1.69294638e-07 
 3.79400000e-04  1.69213632e-07 
 3.79500000e-04  1.69168966e-07 
 3.79600000e-04  1.55392359e-07 
 3.79700000e-04  1.54918718e-07 
 3.79800000e-04  1.54688904e-07 
 3.79900000e-04  1.54512924e-07 
 3.80000000e-04  1.54392371e-07 
 3.80100000e-04  1.70418816e-07 
 3.80200000e-04  1.70225780e-07 
 3.80300000e-04  1.70137878e-07 
 3.80400000e-04  1.70057692e-07 
 3.80500000e-04  1.70022906e-07 
 3.80600000e-04  1.57435045e-07 
 3.80700000e-04  1.57041436e-07 
 3.80800000e-04  1.56853010e-07 
 3.80900000e-04  1.56723797e-07 
 3.81000000e-04  1.56655561e-07 
 3.81100000e-04  1.70171070e-07 
 3.81200000e-04  1.69936617e-07 
 3.81300000e-04  1.69862999e-07 
 3.81400000e-04  1.69801091e-07 
 3.81500000e-04  1.69751640e-07 
 3.81600000e-04  1.55919834e-07 
 3.81700000e-04  1.55489008e-07 
 3.81800000e-04  1.55262644e-07 
 3.81900000e-04  1.55091543e-07 
 3.82000000e-04  1.54977345e-07 
 3.82100000e-04  1.72083555e-07 
 3.82200000e-04  1.71665593e-07 
 3.82300000e-04  1.71530508e-07 
 3.82400000e-04  1.71414826e-07 
 3.82500000e-04  1.71355029e-07 
 3.82600000e-04  1.61341132e-07 
 3.82700000e-04  1.60972023e-07 
 3.82800000e-04  1.60780270e-07 
 3.82900000e-04  1.60652527e-07 
 3.83000000e-04  1.60590711e-07 
 3.83100000e-04  1.69757731e-07 
 3.83200000e-04  1.69458017e-07 
 3.83300000e-04  1.69349999e-07 
 3.83400000e-04  1.69254453e-07 
 3.83500000e-04  1.69217415e-07 
 3.83600000e-04  1.55452264e-07 
 3.83700000e-04  1.54947419e-07 
 3.83800000e-04  1.54707495e-07 
 3.83900000e-04  1.54525487e-07 
 3.84000000e-04  1.54403111e-07 
 3.84100000e-04  1.70424223e-07 
 3.84200000e-04  1.70247624e-07 
 3.84300000e-04  1.70160808e-07 
 3.84400000e-04  1.70079694e-07 
 3.84500000e-04  1.70036434e-07 
 3.84600000e-04  1.57417675e-07 
 3.84700000e-04  1.57061909e-07 
 3.84800000e-04  1.56862563e-07 
 3.84900000e-04  1.56725821e-07 
 3.85000000e-04  1.56653552e-07 
 3.85100000e-04  1.70180545e-07 
 3.85200000e-04  1.69945017e-07 
 3.85300000e-04  1.69869761e-07 
 3.85400000e-04  1.69806186e-07 
 3.85500000e-04  1.69761145e-07 
 3.85600000e-04  1.55926423e-07 
 3.85700000e-04  1.55500427e-07 
 3.85800000e-04  1.55284246e-07 
 3.85900000e-04  1.55113468e-07 
 3.86000000e-04  1.54989415e-07 
 3.86100000e-04  1.71552400e-07 
 3.86200000e-04  1.71262378e-07 
 3.86300000e-04  1.71145180e-07 
 3.86400000e-04  1.71039500e-07 
 3.86500000e-04  1.71004967e-07 
 3.86600000e-04  1.59670811e-07 
 3.86700000e-04  1.59311520e-07 
 3.86800000e-04  1.59115749e-07 
 3.86900000e-04  1.58983455e-07 
 3.87000000e-04  1.58916528e-07 
 3.87100000e-04  1.70259868e-07 
 3.87200000e-04  1.69989021e-07 
 3.87300000e-04  1.69900489e-07 
 3.87400000e-04  1.69824492e-07 
 3.87500000e-04  1.69782653e-07 
 3.87600000e-04  1.55975379e-07 
 3.87700000e-04  1.55513781e-07 
 3.87800000e-04  1.55282660e-07 
 3.87900000e-04  1.55105342e-07 
 3.88000000e-04  1.54983415e-07 
 3.88100000e-04  1.71029559e-07 
 3.88200000e-04  1.70847205e-07 
 3.88300000e-04  1.70757248e-07 
 3.88400000e-04  1.70673556e-07 
 3.88500000e-04  1.70626229e-07 
 3.88600000e-04  1.58001185e-07 
 3.88700000e-04  1.57626118e-07 
 3.88800000e-04  1.57452082e-07 
 3.88900000e-04  1.57323577e-07 
 3.89000000e-04  1.57241924e-07 
 3.89100000e-04  1.70811618e-07 
 3.89200000e-04  1.70581721e-07 
 3.89300000e-04  1.70488350e-07 
 3.89400000e-04  1.70404539e-07 
 3.89500000e-04  1.70390660e-07 
 3.89600000e-04  1.56503800e-07 
 3.89700000e-04  1.56082090e-07 
 3.89800000e-04  1.55853989e-07 
 3.89900000e-04  1.55686564e-07 
 3.90000000e-04  1.55581619e-07 
 3.90100000e-04  1.74834085e-07 
 3.90200000e-04  1.73988128e-07 
 3.90300000e-04  1.73735181e-07 
 3.90400000e-04  1.73521721e-07 
 3.90500000e-04  1.73423247e-07 
 3.90600000e-04  1.68569342e-07 
 3.90700000e-04  1.68205230e-07 
 3.90800000e-04  1.68037940e-07 
 3.90900000e-04  1.67945374e-07 
 3.91000000e-04  1.67929780e-07 
 3.91100000e-04  1.69025440e-07 
 3.91200000e-04  1.68047218e-07 
 3.91300000e-04  1.67796085e-07 
 3.91400000e-04  1.67591126e-07 
 3.91500000e-04  1.67490698e-07 
 3.91600000e-04  1.53955584e-07 
 3.91700000e-04  1.53259373e-07 
 3.91800000e-04  1.52986173e-07 
 3.91900000e-04  1.52784350e-07 
 3.92000000e-04  1.52656044e-07 
 3.92100000e-04  1.68609914e-07 
 3.92200000e-04  1.68424783e-07 
 3.92300000e-04  1.68335259e-07 
 3.92400000e-04  1.68252189e-07 
 3.92500000e-04  1.68224720e-07 
 3.92600000e-04  1.55666556e-07 
 3.92700000e-04  1.55294145e-07 
 3.92800000e-04  1.55094907e-07 
 3.92900000e-04  1.54959523e-07 
 3.93000000e-04  1.54889769e-07 
 3.93100000e-04  1.70071640e-07 
 3.93200000e-04  1.69593164e-07 
 3.93300000e-04  1.69419506e-07 
 3.93400000e-04  1.69330503e-07 
 3.93500000e-04  1.69268854e-07 
 3.93600000e-04  1.55012119e-07 
 3.93700000e-04  1.54426753e-07 
 3.93800000e-04  1.54159373e-07 
 3.93900000e-04  1.53968346e-07 
 3.94000000e-04  1.53855177e-07 
 3.94100000e-04  1.03756636e-04 
 3.94200000e-04  1.03756153e-04 
 3.94300000e-04  1.03755998e-04 
 3.94400000e-04  1.03755866e-04 
 3.94500000e-04  1.03755806e-04 
 3.94600000e-04  1.03744586e-04 
 3.94700000e-04  1.03744177e-04 
 3.94800000e-04  1.03743982e-04 
 3.94900000e-04  1.03743852e-04 
 3.95000000e-04  1.03743788e-04 
 3.95100000e-04  1.69556140e-07 
 3.95200000e-04  1.69240060e-07 
 3.95300000e-04  1.69149410e-07 
 3.95400000e-04  1.69074267e-07 
 3.95500000e-04  1.69031855e-07 
 3.95600000e-04  1.55292994e-07 
 3.95700000e-04  1.54816948e-07 
 3.95800000e-04  1.54585285e-07 
 3.95900000e-04  1.54409191e-07 
 3.96000000e-04  1.54290298e-07 
 3.96100000e-04  1.70296583e-07 
 3.96200000e-04  1.70114186e-07 
 3.96300000e-04  1.70042483e-07 
 3.96400000e-04  1.69978740e-07 
 3.96500000e-04  1.69921541e-07 
 3.96600000e-04  1.57327418e-07 
 3.96700000e-04  1.56948245e-07 
 3.96800000e-04  1.56755692e-07 
 3.96900000e-04  1.56619502e-07 
 3.97000000e-04  1.56541333e-07 
 3.97100000e-04  1.70073861e-07 
 3.97200000e-04  1.69837076e-07 
 3.97300000e-04  1.69754018e-07 
 3.97400000e-04  1.69682316e-07 
 3.97500000e-04  1.69669664e-07 
 3.97600000e-04  1.55817179e-07 
 3.97700000e-04  1.55400004e-07 
 3.97800000e-04  1.55165547e-07 
 3.97900000e-04  1.54992232e-07 
 3.98000000e-04  1.54881867e-07 
 3.98100000e-04  1.71982512e-07 
 3.98200000e-04  1.71582272e-07 
 3.98300000e-04  1.71434070e-07 
 3.98400000e-04  1.71302492e-07 
 3.98500000e-04  1.71262502e-07 
 3.98600000e-04  1.61240405e-07 
 3.98700000e-04  1.60876194e-07 
 3.98800000e-04  1.60692341e-07 
 3.98900000e-04  1.60564817e-07 
 3.99000000e-04  1.60495279e-07 
 3.99100000e-04  1.69655769e-07 
 3.99200000e-04  1.69353893e-07 
 3.99300000e-04  1.69254241e-07 
 3.99400000e-04  1.69168109e-07 
 3.99500000e-04  1.69120377e-07 
 3.99600000e-04  1.55338612e-07 
 3.99700000e-04  1.54846859e-07 
 3.99800000e-04  1.54603744e-07 
 3.99900000e-04  1.54422472e-07 
 4.00000000e-04  1.54304736e-07 
 4.00100000e-04  1.72274961e-07 
 4.00200000e-04  1.71723792e-07 
 4.00300000e-04  1.71532424e-07 
 4.00400000e-04  1.71456540e-07 
 4.00500000e-04  1.71417971e-07 
 4.00600000e-04  1.58351267e-07 
 4.00700000e-04  1.57799203e-07 
 4.00800000e-04  1.57557655e-07 
 4.00900000e-04  1.57380327e-07 
 4.01000000e-04  1.57268460e-07 
 4.01100000e-04  1.03757009e-04 
 4.01200000e-04  1.03756589e-04 
 4.01300000e-04  1.03756470e-04 
 4.01400000e-04  1.03756371e-04 
 4.01500000e-04  1.03756318e-04 
 4.01600000e-04  1.03742490e-04 
 4.01700000e-04  1.03742040e-04 
 4.01800000e-04  1.03741811e-04 
 4.01900000e-04  1.03741639e-04 
 4.02000000e-04  1.03741526e-04 
 4.02100000e-04  1.72604198e-07 
 4.02200000e-04  1.72273029e-07 
 4.02300000e-04  1.72151969e-07 
 4.02400000e-04  1.72045067e-07 
 4.02500000e-04  1.71994735e-07 
 4.02600000e-04  1.60654459e-07 
 4.02700000e-04  1.60288131e-07 
 4.02800000e-04  1.60092060e-07 
 4.02900000e-04  1.59965542e-07 
 4.03000000e-04  1.59910650e-07 
 4.03100000e-04  1.71296873e-07 
 4.03200000e-04  1.71026345e-07 
 4.03300000e-04  1.70934414e-07 
 4.03400000e-04  1.70854365e-07 
 4.03500000e-04  1.70823120e-07 
 4.03600000e-04  1.56937591e-07 
 4.03700000e-04  1.56481224e-07 
 4.03800000e-04  1.56264293e-07 
 4.03900000e-04  1.56097639e-07 
 4.04000000e-04  1.55982718e-07 
 4.04100000e-04  1.72081167e-07 
 4.04200000e-04  1.71868503e-07 
 4.04300000e-04  1.71784732e-07 
 4.04400000e-04  1.71710663e-07 
 4.04500000e-04  1.71663939e-07 
 4.04600000e-04  1.58974722e-07 
 4.04700000e-04  1.58619493e-07 
 4.04800000e-04  1.58434122e-07 
 4.04900000e-04  1.58296703e-07 
 4.05000000e-04  1.58208621e-07 
 4.05100000e-04  1.71851615e-07 
 4.05200000e-04  1.71596093e-07 
 4.05300000e-04  1.71509023e-07 
 4.05400000e-04  1.71435113e-07 
 4.05500000e-04  1.71406116e-07 
 4.05600000e-04  1.57455309e-07 
 4.05700000e-04  1.57061785e-07 
 4.05800000e-04  1.56836263e-07 
 4.05900000e-04  1.56665377e-07 
 4.06000000e-04  1.56550723e-07 
 4.06100000e-04  1.74274633e-07 
 4.06200000e-04  1.73750452e-07 
 4.06300000e-04  1.73574574e-07 
 4.06400000e-04  1.73421756e-07 
 4.06500000e-04  1.73359970e-07 
 4.06600000e-04  1.64551127e-07 
 4.06700000e-04  1.64176938e-07 
 4.06800000e-04  1.64005108e-07 
 4.06900000e-04  1.63899309e-07 
 4.07000000e-04  1.63861497e-07 
 4.07100000e-04  1.71107952e-07 
 4.07200000e-04  1.70686082e-07 
 4.07300000e-04  1.70526425e-07 
 4.07400000e-04  1.70384954e-07 
 4.07500000e-04  1.70327104e-07 
 4.07600000e-04  1.56507537e-07 
 4.07700000e-04  1.55986754e-07 
 4.07800000e-04  1.55728822e-07 
 4.07900000e-04  1.55540051e-07 
 4.08000000e-04  1.55422494e-07 
 4.08100000e-04  1.71514684e-07 
 4.08200000e-04  1.71289795e-07 
 4.08300000e-04  1.71192292e-07 
 4.08400000e-04  1.71104950e-07 
 4.08500000e-04  1.71061570e-07 
 4.08600000e-04  1.58400860e-07 
 4.08700000e-04  1.58037267e-07 
 4.08800000e-04  1.57843348e-07 
 4.08900000e-04  1.57711649e-07 
 4.09000000e-04  1.57643999e-07 
 4.09100000e-04  1.71235656e-07 
 4.09200000e-04  1.70993063e-07 
 4.09300000e-04  1.70902053e-07 
 4.09400000e-04  1.70822211e-07 
 4.09500000e-04  1.70789376e-07 
 4.09600000e-04  1.56883874e-07 
 4.09700000e-04  1.56470840e-07 
 4.09800000e-04  1.56250493e-07 
 4.09900000e-04  1.56083178e-07 
 4.10000000e-04  1.55970437e-07 
 4.10100000e-04  1.72599466e-07 
 4.10200000e-04  1.72296592e-07 
 4.10300000e-04  1.72178446e-07 
 4.10400000e-04  1.72072736e-07 
 4.10500000e-04  1.72020180e-07 
 4.10600000e-04  1.60645458e-07 
 4.10700000e-04  1.60283178e-07 
 4.10800000e-04  1.60096666e-07 
 4.10900000e-04  1.59973004e-07 
 4.11000000e-04  1.59914041e-07 
 4.11100000e-04  1.71313262e-07 
 4.11200000e-04  1.71019363e-07 
 4.11300000e-04  1.70929882e-07 
 4.11400000e-04  1.70854867e-07 
 4.11500000e-04  1.70815582e-07 
 4.11600000e-04  1.56921392e-07 
 4.11700000e-04  1.56476702e-07 
 4.11800000e-04  1.56247939e-07 
 4.11900000e-04  1.56074406e-07 
 4.12000000e-04  1.55957711e-07 
 4.12100000e-04  1.72066998e-07 
 4.12200000e-04  1.71861341e-07 
 4.12300000e-04  1.71777348e-07 
 4.12400000e-04  1.71702179e-07 
 4.12500000e-04  1.71653196e-07 
 4.12600000e-04  1.58966384e-07 
 4.12700000e-04  1.58618355e-07 
 4.12800000e-04  1.58430232e-07 
 4.12900000e-04  1.58294402e-07 
 4.13000000e-04  1.58212380e-07 
 4.13100000e-04  1.71824125e-07 
 4.13200000e-04  1.71584627e-07 
 4.13300000e-04  1.71505599e-07 
 4.13400000e-04  1.71438243e-07 
 4.13500000e-04  1.71404251e-07 
 4.13600000e-04  1.57463827e-07 
 4.13700000e-04  1.57060526e-07 
 4.13800000e-04  1.56826491e-07 
 4.13900000e-04  1.56659693e-07 
 4.14000000e-04  1.56562116e-07 
 4.14100000e-04  1.73751822e-07 
 4.14200000e-04  1.73337204e-07 
 4.14300000e-04  1.73187198e-07 
 4.14400000e-04  1.73055081e-07 
 4.14500000e-04  1.73000673e-07 
 4.14600000e-04  1.62869007e-07 
 4.14700000e-04  1.62526493e-07 
 4.14800000e-04  1.62338201e-07 
 4.14900000e-04  1.62215178e-07 
 4.15000000e-04  1.62159342e-07 
 4.15100000e-04  1.71422573e-07 
 4.15200000e-04  1.71117949e-07 
 4.15300000e-04  1.71003984e-07 
 4.15400000e-04  1.70902305e-07 
 4.15500000e-04  1.70845383e-07 
 4.15600000e-04  1.56997477e-07 
 4.15700000e-04  1.56518759e-07 
 4.15800000e-04  1.56276675e-07 
 4.15900000e-04  1.56093991e-07 
 4.16000000e-04  1.55972440e-07 
 4.16100000e-04  1.72092200e-07 
 4.16200000e-04  1.71876610e-07 
 4.16300000e-04  1.71791644e-07 
 4.16400000e-04  1.71716639e-07 
 4.16500000e-04  1.71674293e-07 
 4.16600000e-04  1.58977176e-07 
 4.16700000e-04  1.58612027e-07 
 4.16800000e-04  1.58434494e-07 
 4.16900000e-04  1.58302408e-07 
 4.17000000e-04  1.58217063e-07 
 4.17100000e-04  1.71838501e-07 
 4.17200000e-04  1.71607454e-07 
 4.17300000e-04  1.71510764e-07 
 4.17400000e-04  1.71423319e-07 
 4.17500000e-04  1.71398709e-07 
 4.17600000e-04  1.57461835e-07 
 4.17700000e-04  1.57055148e-07 
 4.17800000e-04  1.56830881e-07 
 4.17900000e-04  1.56667368e-07 
 4.18000000e-04  1.56566383e-07 
 4.18100000e-04  1.73217660e-07 
 4.18200000e-04  1.72903757e-07 
 4.18300000e-04  1.72789925e-07 
 4.18400000e-04  1.72690417e-07 
 4.18500000e-04  1.72637928e-07 
 4.18600000e-04  1.61209114e-07 
 4.18700000e-04  1.60851491e-07 
 4.18800000e-04  1.60675948e-07 
 4.18900000e-04  1.60552113e-07 
 4.19000000e-04  1.60481481e-07 
 4.19100000e-04  1.71915042e-07 
 4.19200000e-04  1.71642666e-07 
 4.19300000e-04  1.71548133e-07 
 4.19400000e-04  1.71465675e-07 
 4.19500000e-04  1.71432306e-07 
 4.19600000e-04  1.57521383e-07 
 4.19700000e-04  1.57058630e-07 
 4.19800000e-04  1.56838515e-07 
 4.19900000e-04  1.56669562e-07 
 4.20000000e-04  1.56553241e-07 
 4.20100000e-04  1.72683904e-07 
 4.20200000e-04  1.72480117e-07 
 4.20300000e-04  1.72391348e-07 
 4.20400000e-04  1.72310663e-07 
 4.20500000e-04  1.72254492e-07 
 4.20600000e-04  1.59553446e-07 
 4.20700000e-04  1.59196670e-07 
 4.20800000e-04  1.59016568e-07 
 4.20900000e-04  1.58889296e-07 
 4.21000000e-04  1.58816373e-07 
 4.21100000e-04  1.72444384e-07 
 4.21200000e-04  1.72209282e-07 
 4.21300000e-04  1.72123577e-07 
 4.21400000e-04  1.72048379e-07 
 4.21500000e-04  1.72005180e-07 
 4.21600000e-04  1.58050140e-07 
 4.21700000e-04  1.57629624e-07 
 4.21800000e-04  1.57414001e-07 
 4.21900000e-04  1.57252190e-07 
 4.22000000e-04  1.57145749e-07 
 4.22100000e-04  1.75419554e-07 
 4.22200000e-04  1.74795686e-07 
 4.22300000e-04  1.74595134e-07 
 4.22400000e-04  1.74422543e-07 
 4.22500000e-04  1.74348090e-07 
 4.22600000e-04  1.66792353e-07 
 4.22700000e-04  1.66422082e-07 
 4.22800000e-04  1.66256746e-07 
 4.22900000e-04  1.66163837e-07 
 4.23000000e-04  1.66145501e-07 
 4.23100000e-04  1.71712861e-07 
 4.23200000e-04  1.70912472e-07 
 4.23300000e-04  1.70660409e-07 
 4.23400000e-04  1.70445189e-07 
 4.23500000e-04  1.70362809e-07 
 4.23600000e-04  1.56576443e-07 
 4.23700000e-04  1.56017678e-07 
 4.23800000e-04  1.55746457e-07 
 4.23900000e-04  1.55546331e-07 
 4.24000000e-04  1.55419404e-07 
 4.24100000e-04  1.71507350e-07 
 4.24200000e-04  1.71299976e-07 
 4.24300000e-04  1.71215309e-07 
 4.24400000e-04  1.71139762e-07 
 4.24500000e-04  1.71089262e-07 
 4.24600000e-04  1.58396319e-07 
 4.24700000e-04  1.58034503e-07 
 4.24800000e-04  1.57852192e-07 
 4.24900000e-04  1.57718527e-07 
 4.25000000e-04  1.57634897e-07 
 4.25100000e-04  1.71244338e-07 
 4.25200000e-04  1.71000891e-07 
 4.25300000e-04  1.70906700e-07 
 4.25400000e-04  1.70823517e-07 
 4.25500000e-04  1.70806216e-07 
 4.25600000e-04  1.56887681e-07 
 4.25700000e-04  1.56463043e-07 
 4.25800000e-04  1.56251363e-07 
 4.25900000e-04  1.56088189e-07 
 4.26000000e-04  1.55974899e-07 
 4.26100000e-04  1.72619285e-07 
 4.26200000e-04  1.72291188e-07 
 4.26300000e-04  1.72170449e-07 
 4.26400000e-04  1.72064871e-07 
 4.26500000e-04  1.72014685e-07 
 4.26600000e-04  1.60629290e-07 
 4.26700000e-04  1.60268010e-07 
 4.26800000e-04  1.60094296e-07 
 4.26900000e-04  1.59971919e-07 
 4.27000000e-04  1.59902346e-07 
 4.27100000e-04  1.71299696e-07 
 4.27200000e-04  1.71021900e-07 
 4.27300000e-04  1.70924977e-07 
 4.27400000e-04  1.70840132e-07 
 4.27500000e-04  1.70809628e-07 
 4.27600000e-04  1.56930281e-07 
 4.27700000e-04  1.56491336e-07 
 4.27800000e-04  1.56259454e-07 
 4.27900000e-04  1.56080770e-07 
 4.28000000e-04  1.55956815e-07 
 4.28100000e-04  1.72071970e-07 
 4.28200000e-04  1.71883458e-07 
 4.28300000e-04  1.71788915e-07 
 4.28400000e-04  1.71700800e-07 
 4.28500000e-04  1.71654894e-07 
 4.28600000e-04  1.58960545e-07 
 4.28700000e-04  1.58616176e-07 
 4.28800000e-04  1.58421351e-07 
 4.28900000e-04  1.58287810e-07 
 4.29000000e-04  1.58217336e-07 
 4.29100000e-04  1.71834170e-07 
 4.29200000e-04  1.71596517e-07 
 4.29300000e-04  1.71510819e-07 
 4.29400000e-04  1.71435926e-07 
 4.29500000e-04  1.71392104e-07 
 4.29600000e-04  1.57465281e-07 
 4.29700000e-04  1.57044725e-07 
 4.29800000e-04  1.56823803e-07 
 4.29900000e-04  1.56656507e-07 
 4.30000000e-04  1.56544377e-07 
 4.30100000e-04  1.73746612e-07 
 4.30200000e-04  1.73334460e-07 
 4.30300000e-04  1.73181592e-07 
 4.30400000e-04  1.73045885e-07 
 4.30500000e-04  1.72992832e-07 
 4.30600000e-04  1.62870905e-07 
 4.30700000e-04  1.62524172e-07 
 4.30800000e-04  1.62341195e-07 
 4.30900000e-04  1.62219606e-07 
 4.31000000e-04  1.62161193e-07 
 4.31100000e-04  1.71420954e-07 
 4.31200000e-04  1.71103796e-07 
 4.31300000e-04  1.70991720e-07 
 4.31400000e-04  1.70893488e-07 
 4.31500000e-04  1.70856443e-07 
 4.31600000e-04  1.56993483e-07 
 4.31700000e-04  1.56515259e-07 
 4.31800000e-04  1.56269860e-07 
 4.31900000e-04  1.56090813e-07 
 4.32000000e-04  1.55980054e-07 
 4.32100000e-04  1.72091497e-07 
 4.32200000e-04  1.71895535e-07 
 4.32300000e-04  1.71803333e-07 
 4.32400000e-04  1.71718681e-07 
 4.32500000e-04  1.71665451e-07 
 4.32600000e-04  1.58971048e-07 
 4.32700000e-04  1.58604809e-07 
 4.32800000e-04  1.58426993e-07 
 4.32900000e-04  1.58297448e-07 
 4.33000000e-04  1.58217539e-07 
 4.33100000e-04  1.71846041e-07 
 4.33200000e-04  1.71596799e-07 
 4.33300000e-04  1.71512454e-07 
 4.33400000e-04  1.71440535e-07 
 4.33500000e-04  1.71400792e-07 
 4.33600000e-04  1.57458735e-07 
 4.33700000e-04  1.57048092e-07 
 4.33800000e-04  1.56828675e-07 
 4.33900000e-04  1.56666764e-07 
 4.34000000e-04  1.56564020e-07 
 4.34100000e-04  1.73212846e-07 
 4.34200000e-04  1.72900618e-07 
 4.34300000e-04  1.72784629e-07 
 4.34400000e-04  1.72682058e-07 
 4.34500000e-04  1.72624732e-07 
 4.34600000e-04  1.61227392e-07 
 4.34700000e-04  1.60861368e-07 
 4.34800000e-04  1.60679718e-07 
 4.34900000e-04  1.60554233e-07 
 4.35000000e-04  1.60486529e-07 
 4.35100000e-04  1.71914674e-07 
 4.35200000e-04  1.71650746e-07 
 4.35300000e-04  1.71555338e-07 
 4.35400000e-04  1.71470819e-07 
 4.35500000e-04  1.71430322e-07 
 4.35600000e-04  1.57505012e-07 
 4.35700000e-04  1.57079305e-07 
 4.35800000e-04  1.56847915e-07 
 4.35900000e-04  1.56676095e-07 
 4.36000000e-04  1.56565569e-07 
 4.36100000e-04  1.72687883e-07 
 4.36200000e-04  1.72488482e-07 
 4.36300000e-04  1.72395155e-07 
 4.36400000e-04  1.72309315e-07 
 4.36500000e-04  1.72268421e-07 
 4.36600000e-04  1.59554783e-07 
 4.36700000e-04  1.59201134e-07 
 4.36800000e-04  1.59015279e-07 
 4.36900000e-04  1.58880504e-07 
 4.37000000e-04  1.58798265e-07 
 4.37100000e-04  1.72464157e-07 
 4.37200000e-04  1.72208188e-07 
 4.37300000e-04  1.72119815e-07 
 4.37400000e-04  1.72044123e-07 
 4.37500000e-04  1.72026492e-07 
 4.37600000e-04  1.58050345e-07 
 4.37700000e-04  1.57650662e-07 
 4.37800000e-04  1.57431542e-07 
 4.37900000e-04  1.57263019e-07 
 4.38000000e-04  1.57146530e-07 
 4.38100000e-04  1.74905754e-07 
 4.38200000e-04  1.74369655e-07 
 4.38300000e-04  1.74199321e-07 
 4.38400000e-04  1.74053971e-07 
 4.38500000e-04  1.73970578e-07 
 4.38600000e-04  1.65122207e-07 
 4.38700000e-04  1.64760038e-07 
 4.38800000e-04  1.64596995e-07 
 4.38900000e-04  1.64498114e-07 
 4.39000000e-04  1.64465259e-07 
 4.39100000e-04  1.71707973e-07 
 4.39200000e-04  1.71292206e-07 
 4.39300000e-04  1.71143373e-07 
 4.39400000e-04  1.71013086e-07 
 4.39500000e-04  1.70938684e-07 
 4.39600000e-04  1.57110678e-07 
 4.39700000e-04  1.56567803e-07 
 4.39800000e-04  1.56313072e-07 
 4.39900000e-04  1.56122185e-07 
 4.40000000e-04  1.55996997e-07 
 4.40100000e-04  1.72128505e-07 
 4.40200000e-04  1.71927951e-07 
 4.40300000e-04  1.71832970e-07 
 4.40400000e-04  1.71745460e-07 
 4.40500000e-04  1.71691806e-07 
 4.40600000e-04  1.58983047e-07 
 4.40700000e-04  1.58622941e-07 
 4.40800000e-04  1.58433490e-07 
 4.40900000e-04  1.58297963e-07 
 4.41000000e-04  1.58217894e-07 
 4.41100000e-04  1.71854553e-07 
 4.41200000e-04  1.71622592e-07 
 4.41300000e-04  1.71528283e-07 
 4.41400000e-04  1.71443772e-07 
 4.41500000e-04  1.71418820e-07 
 4.41600000e-04  1.57472261e-07 
 4.41700000e-04  1.57052905e-07 
 4.41800000e-04  1.56846794e-07 
 4.41900000e-04  1.56685692e-07 
 4.42000000e-04  1.56570852e-07 
 4.42100000e-04  1.73226856e-07 
 4.42200000e-04  1.72924613e-07 
 4.42300000e-04  1.72802081e-07 
 4.42400000e-04  1.72691399e-07 
 4.42500000e-04  1.72650847e-07 
 4.42600000e-04  1.61212338e-07 
 4.42700000e-04  1.60869982e-07 
 4.42800000e-04  1.60676854e-07 
 4.42900000e-04  1.60554048e-07 
 4.43000000e-04  1.60503621e-07 
 4.43100000e-04  1.71924273e-07 
 4.43200000e-04  1.71645390e-07 
 4.43300000e-04  1.71556041e-07 
 4.43400000e-04  1.71479805e-07 
 4.43500000e-04  1.71427638e-07 
 4.43600000e-04  1.57511047e-07 
 4.43700000e-04  1.57064840e-07 
 4.43800000e-04  1.56836207e-07 
 4.43900000e-04  1.56665864e-07 
 4.44000000e-04  1.56555483e-07 
 4.44100000e-04  1.72707025e-07 
 4.44200000e-04  1.72490475e-07 
 4.44300000e-04  1.72400140e-07 
 4.44400000e-04  1.72319517e-07 
 4.44500000e-04  1.72280030e-07 
 4.44600000e-04  1.59549812e-07 
 4.44700000e-04  1.59201186e-07 
 4.44800000e-04  1.59011292e-07 
 4.44900000e-04  1.58878034e-07 
 4.45000000e-04  1.58803036e-07 
 4.45100000e-04  1.72457134e-07 
 4.45200000e-04  1.72219435e-07 
 4.45300000e-04  1.72125851e-07 
 4.45400000e-04  1.72042551e-07 
 4.45500000e-04  1.72004262e-07 
 4.45600000e-04  1.58034636e-07 
 4.45700000e-04  1.57632755e-07 
 4.45800000e-04  1.57425987e-07 
 4.45900000e-04  1.57265684e-07 
 4.46000000e-04  1.57153146e-07 
 4.46100000e-04  1.74365666e-07 
 4.46200000e-04  1.73940435e-07 
 4.46300000e-04  1.73801733e-07 
 4.46400000e-04  1.73682869e-07 
 4.46500000e-04  1.73627888e-07 
 4.46600000e-04  1.63466033e-07 
 4.46700000e-04  1.63106758e-07 
 4.46800000e-04  1.62933882e-07 
 4.46900000e-04  1.62822647e-07 
 4.47000000e-04  1.62774832e-07 
 4.47100000e-04  1.72044862e-07 
 4.47200000e-04  1.71740338e-07 
 4.47300000e-04  1.71622857e-07 
 4.47400000e-04  1.71517182e-07 
 4.47500000e-04  1.71481322e-07 
 4.47600000e-04  1.57580610e-07 
 4.47700000e-04  1.57108511e-07 
 4.47800000e-04  1.56862005e-07 
 4.47900000e-04  1.56684812e-07 
 4.48000000e-04  1.56578952e-07 
 4.48100000e-04  1.72726679e-07 
 4.48200000e-04  1.72526477e-07 
 4.48300000e-04  1.72424448e-07 
 4.48400000e-04  1.72329628e-07 
 4.48500000e-04  1.72274836e-07 
 4.48600000e-04  1.59564877e-07 
 4.48700000e-04  1.59210549e-07 
 4.48800000e-04  1.59027782e-07 
 4.48900000e-04  1.58894383e-07 
 4.49000000e-04  1.58811737e-07 
 4.49100000e-04  1.72466949e-07 
 4.49200000e-04  1.72228237e-07 
 4.49300000e-04  1.72139635e-07 
 4.49400000e-04  1.72061889e-07 
 4.49500000e-04  1.72022791e-07 
 4.49600000e-04  1.58040177e-07 
 4.49700000e-04  1.57635802e-07 
 4.49800000e-04  1.57429800e-07 
 4.49900000e-04  1.57270398e-07 
 4.50000000e-04  1.57158894e-07 
 4.50100000e-04  1.73843290e-07 
 4.50200000e-04  1.73541179e-07 
 4.50300000e-04  1.73412395e-07 
 4.50400000e-04  1.73295021e-07 
 4.50500000e-04  1.73247514e-07 
 4.50600000e-04  1.61800278e-07 
 4.50700000e-04  1.61449405e-07 
 4.50800000e-04  1.61263499e-07 
 4.50900000e-04  1.61142055e-07 
 4.51000000e-04  1.61086938e-07 
 4.51100000e-04  1.72545416e-07 
 4.51200000e-04  1.72270324e-07 
 4.51300000e-04  1.72178545e-07 
 4.51400000e-04  1.72099331e-07 
 4.51500000e-04  1.72054913e-07 
 4.51600000e-04  1.58095229e-07 
 4.51700000e-04  1.57660424e-07 
 4.51800000e-04  1.57428818e-07 
 4.51900000e-04  1.57258217e-07 
 4.52000000e-04  1.57150374e-07 
 4.52100000e-04  1.73329772e-07 
 4.52200000e-04  1.73114322e-07 
 4.52300000e-04  1.73025603e-07 
 4.52400000e-04  1.72946302e-07 
 4.52500000e-04  1.72895868e-07 
 4.52600000e-04  1.60149317e-07 
 4.52700000e-04  1.59782832e-07 
 4.52800000e-04  1.59607124e-07 
 4.52900000e-04  1.59482426e-07 
 4.53000000e-04  1.59410170e-07 
 4.53100000e-04  1.73080315e-07 
 4.53200000e-04  1.72830795e-07 
 4.53300000e-04  1.72738687e-07 
 4.53400000e-04  1.72657907e-07 
 4.53500000e-04  1.72621863e-07 
 4.53600000e-04  1.58614339e-07 
 4.53700000e-04  1.58238672e-07 
 4.53800000e-04  1.58021753e-07 
 4.53900000e-04  1.57855397e-07 
 4.54000000e-04  1.57741027e-07 
 4.54100000e-04  1.76577764e-07 
 4.54200000e-04  1.75833849e-07 
 4.54300000e-04  1.75600897e-07 
 4.54400000e-04  1.75401595e-07 
 4.54500000e-04  1.75329639e-07 
 4.54600000e-04  1.69038910e-07 
 4.54700000e-04  1.68681127e-07 
 4.54800000e-04  1.68520808e-07 
 4.54900000e-04  1.68429318e-07 
 4.55000000e-04  1.68408654e-07 
 4.55100000e-04  1.71859358e-07 
 4.55200000e-04  1.70913416e-07 
 4.55300000e-04  1.70655728e-07 
 4.55400000e-04  1.70441221e-07 
 4.55500000e-04  1.70339337e-07 
 4.55600000e-04  1.56609814e-07 
 4.55700000e-04  1.56006004e-07 
 4.55800000e-04  1.55725700e-07 
 4.55900000e-04  1.55521985e-07 
 4.56000000e-04  1.55397103e-07 
 4.56100000e-04  1.71519973e-07 
 4.56200000e-04  1.71308488e-07 
 4.56300000e-04  1.71210530e-07 
 4.56400000e-04  1.71121089e-07 
 4.56500000e-04  1.71071243e-07 
 4.56600000e-04  1.58393797e-07 
 4.56700000e-04  1.58035466e-07 
 4.56800000e-04  1.57853006e-07 
 4.56900000e-04  1.57719316e-07 
 4.57000000e-04  1.57635760e-07 
 4.57100000e-04  1.71237072e-07 
 4.57200000e-04  1.70995894e-07 
 4.57300000e-04  1.70912793e-07 
 4.57400000e-04  1.70841356e-07 
 4.57500000e-04  1.70798789e-07 
 4.57600000e-04  1.56872311e-07 
 4.57700000e-04  1.56477232e-07 
 4.57800000e-04  1.56253975e-07 
 4.57900000e-04  1.56086009e-07 
 4.58000000e-04  1.55974902e-07 
 4.58100000e-04  1.72604945e-07 
 4.58200000e-04  1.72302057e-07 
 4.58300000e-04  1.72184249e-07 
 4.58400000e-04  1.72079043e-07 
 4.58500000e-04  1.72022336e-07 
 4.58600000e-04  1.60633055e-07 
 4.58700000e-04  1.60286842e-07 
 4.58800000e-04  1.60093549e-07 
 4.58900000e-04  1.59962433e-07 
 4.59000000e-04  1.59895279e-07 
 4.59100000e-04  1.71307086e-07 
 4.59200000e-04  1.71043463e-07 
 4.59300000e-04  1.70945654e-07 
 4.59400000e-04  1.70859085e-07 
 4.59500000e-04  1.70823428e-07 
 4.59600000e-04  1.56922518e-07 
 4.59700000e-04  1.56486782e-07 
 4.59800000e-04  1.56246719e-07 
 4.59900000e-04  1.56074661e-07 
 4.60000000e-04  1.55972575e-07 
 4.60100000e-04  1.72070431e-07 
 4.60200000e-04  1.71878367e-07 
 4.60300000e-04  1.71786424e-07 
 4.60400000e-04  1.71701403e-07 
 4.60500000e-04  1.71657101e-07 
 4.60600000e-04  1.58977984e-07 
 4.60700000e-04  1.58606950e-07 
 4.60800000e-04  1.58419669e-07 
 4.60900000e-04  1.58289141e-07 
 4.61000000e-04  1.58216977e-07 
 4.61100000e-04  1.71832825e-07 
 4.61200000e-04  1.71606150e-07 
 4.61300000e-04  1.71518717e-07 
 4.61400000e-04  1.71440687e-07 
 4.61500000e-04  1.71397256e-07 
 4.61600000e-04  1.57454488e-07 
 4.61700000e-04  1.57042474e-07 
 4.61800000e-04  1.56824002e-07 
 4.61900000e-04  1.56660787e-07 
 4.62000000e-04  1.56554389e-07 
 4.62100000e-04  1.73741034e-07 
 4.62200000e-04  1.73341653e-07 
 4.62300000e-04  1.73195996e-07 
 4.62400000e-04  1.73066919e-07 
 4.62500000e-04  1.72990235e-07 
 4.62600000e-04  1.62878989e-07 
 4.62700000e-04  1.62526488e-07 
 4.62800000e-04  1.62342533e-07 
 4.62900000e-04  1.62226335e-07 
 4.63000000e-04  1.62179852e-07 
 4.63100000e-04  1.71419112e-07 
 4.63200000e-04  1.71109379e-07 
 4.63300000e-04  1.70997262e-07 
 4.63400000e-04  1.70898231e-07 
 4.63500000e-04  1.70854679e-07 
 4.63600000e-04  1.57000096e-07 
 4.63700000e-04  1.56504858e-07 
 4.63800000e-04  1.56268572e-07 
 4.63900000e-04  1.56090692e-07 
 4.64000000e-04  1.55972877e-07 
 4.64100000e-04  1.72089581e-07 
 4.64200000e-04  1.71892006e-07 
 4.64300000e-04  1.71794945e-07 
 4.64400000e-04  1.71705119e-07 
 4.64500000e-04  1.71673143e-07 
 4.64600000e-04  1.58974539e-07 
 4.64700000e-04  1.58611921e-07 
 4.64800000e-04  1.58422484e-07 
 4.64900000e-04  1.58289990e-07 
 4.65000000e-04  1.58216046e-07 
 4.65100000e-04  1.71846851e-07 
 4.65200000e-04  1.71599073e-07 
 4.65300000e-04  1.71510738e-07 
 4.65400000e-04  1.71434422e-07 
 4.65500000e-04  1.71396753e-07 
 4.65600000e-04  1.57459263e-07 
 4.65700000e-04  1.57045111e-07 
 4.65800000e-04  1.56824143e-07 
 4.65900000e-04  1.56660260e-07 
 4.66000000e-04  1.56555082e-07 
 4.66100000e-04  1.73210413e-07 
 4.66200000e-04  1.72898128e-07 
 4.66300000e-04  1.72791105e-07 
 4.66400000e-04  1.72698309e-07 
 4.66500000e-04  1.72628835e-07 
 4.66600000e-04  1.61208654e-07 
 4.66700000e-04  1.60850499e-07 
 4.66800000e-04  1.60677671e-07 
 4.66900000e-04  1.60558538e-07 
 4.67000000e-04  1.60494601e-07 
 4.67100000e-04  1.71918682e-07 
 4.67200000e-04  1.71641051e-07 
 4.67300000e-04  1.71544614e-07 
 4.67400000e-04  1.71460553e-07 
 4.67500000e-04  1.71424490e-07 
 4.67600000e-04  1.57512958e-07 
 4.67700000e-04  1.57060417e-07 
 4.67800000e-04  1.56833527e-07 
 4.67900000e-04  1.56665219e-07 
 4.68000000e-04  1.56557157e-07 
 4.68100000e-04  1.72683956e-07 
 4.68200000e-04  1.72501668e-07 
 4.68300000e-04  1.72403496e-07 
 4.68400000e-04  1.72310683e-07 
 4.68500000e-04  1.72265906e-07 
 4.68600000e-04  1.59544706e-07 
 4.68700000e-04  1.59196315e-07 
 4.68800000e-04  1.59019184e-07 
 4.68900000e-04  1.58887955e-07 
 4.69000000e-04  1.58803882e-07 
 4.69100000e-04  1.72449214e-07 
 4.69200000e-04  1.72221733e-07 
 4.69300000e-04  1.72132124e-07 
 4.69400000e-04  1.72052086e-07 
 4.69500000e-04  1.72011691e-07 
 4.69600000e-04  1.58054106e-07 
 4.69700000e-04  1.57631708e-07 
 4.69800000e-04  1.57411912e-07 
 4.69900000e-04  1.57251833e-07 
 4.70000000e-04  1.57153167e-07 
 4.70100000e-04  1.74899956e-07 
 4.70200000e-04  1.74375315e-07 
 4.70300000e-04  1.74197951e-07 
 4.70400000e-04  1.74043871e-07 
 4.70500000e-04  1.73966674e-07 
 4.70600000e-04  1.65136662e-07 
 4.70700000e-04  1.64781718e-07 
 4.70800000e-04  1.64609670e-07 
 4.70900000e-04  1.64499304e-07 
 4.71000000e-04  1.64452377e-07 
 4.71100000e-04  1.71708364e-07 
 4.71200000e-04  1.71311030e-07 
 4.71300000e-04  1.71151525e-07 
 4.71400000e-04  1.71007729e-07 
 4.71500000e-04  1.70945251e-07 
 4.71600000e-04  1.57114392e-07 
 4.71700000e-04  1.56556420e-07 
 4.71800000e-04  1.56314277e-07 
 4.71900000e-04  1.56133219e-07 
 4.72000000e-04  1.56014984e-07 
 4.72100000e-04  1.72115327e-07 
 4.72200000e-04  1.71928955e-07 
 4.72300000e-04  1.71830096e-07 
 4.72400000e-04  1.71736790e-07 
 4.72500000e-04  1.71689312e-07 
 4.72600000e-04  1.58993441e-07 
 4.72700000e-04  1.58622855e-07 
 4.72800000e-04  1.58435249e-07 
 4.72900000e-04  1.58306546e-07 
 4.73000000e-04  1.58238411e-07 
 4.73100000e-04  1.71846271e-07 
 4.73200000e-04  1.71609190e-07 
 4.73300000e-04  1.71528091e-07 
 4.73400000e-04  1.71458259e-07 
 4.73500000e-04  1.71404180e-07 
 4.73600000e-04  1.57454426e-07 
 4.73700000e-04  1.57051512e-07 
 4.73800000e-04  1.56833080e-07 
 4.73900000e-04  1.56670158e-07 
 4.74000000e-04  1.56564301e-07 
 4.74100000e-04  1.73223800e-07 
 4.74200000e-04  1.72918151e-07 
 4.74300000e-04  1.72799268e-07 
 4.74400000e-04  1.72692812e-07 
 4.74500000e-04  1.72650684e-07 
 4.74600000e-04  1.61216749e-07 
 4.74700000e-04  1.60870209e-07 
 4.74800000e-04  1.60682453e-07 
 4.74900000e-04  1.60560249e-07 
 4.75000000e-04  1.60505472e-07 
 4.75100000e-04  1.71917796e-07 
 4.75200000e-04  1.71653532e-07 
 4.75300000e-04  1.71554384e-07 
 4.75400000e-04  1.71466019e-07 
 4.75500000e-04  1.71431221e-07 
 4.75600000e-04  1.57514999e-07 
 4.75700000e-04  1.57060834e-07 
 4.75800000e-04  1.56833177e-07 
 4.75900000e-04  1.56663942e-07 
 4.76000000e-04  1.56554773e-07 
 4.76100000e-04  1.72702844e-07 
 4.76200000e-04  1.72491398e-07 
 4.76300000e-04  1.72402649e-07 
 4.76400000e-04  1.72322926e-07 
 4.76500000e-04  1.72282955e-07 
 4.76600000e-04  1.59556542e-07 
 4.76700000e-04  1.59195880e-07 
 4.76800000e-04  1.59017490e-07 
 4.76900000e-04  1.58886486e-07 
 4.77000000e-04  1.58804163e-07 
 4.77100000e-04  1.72452544e-07 
 4.77200000e-04  1.72209444e-07 
 4.77300000e-04  1.72131033e-07 
 4.77400000e-04  1.72064413e-07 
 4.77500000e-04  1.72026046e-07 
 4.77600000e-04  1.58042672e-07 
 4.77700000e-04  1.57653357e-07 
 4.77800000e-04  1.57429099e-07 
 4.77900000e-04  1.57258455e-07 
 4.78000000e-04  1.57142917e-07 
 4.78100000e-04  1.74369573e-07 
 4.78200000e-04  1.73947186e-07 
 4.78300000e-04  1.73794719e-07 
 4.78400000e-04  1.73660320e-07 
 4.78500000e-04  1.73623748e-07 
 4.78600000e-04  1.63465382e-07 
 4.78700000e-04  1.63107264e-07 
 4.78800000e-04  1.62929713e-07 
 4.78900000e-04  1.62819924e-07 
 4.79000000e-04  1.62779838e-07 
 4.79100000e-04  1.72046845e-07 
 4.79200000e-04  1.71741273e-07 
 4.79300000e-04  1.71628573e-07 
 4.79400000e-04  1.71528218e-07 
 4.79500000e-04  1.71472718e-07 
 4.79600000e-04  1.57590573e-07 
 4.79700000e-04  1.57112111e-07 
 4.79800000e-04  1.56871145e-07 
 4.79900000e-04  1.56694354e-07 
 4.80000000e-04  1.56583567e-07 
 4.80100000e-04  1.72720274e-07 
 4.80200000e-04  1.72514654e-07 
 4.80300000e-04  1.72422436e-07 
 4.80400000e-04  1.72338734e-07 
 4.80500000e-04  1.72298977e-07 
 4.80600000e-04  1.59555269e-07 
 4.80700000e-04  1.59213489e-07 
 4.80800000e-04  1.59022468e-07 
 4.80900000e-04  1.58891359e-07 
 4.81000000e-04  1.58821855e-07 
 4.81100000e-04  1.72465599e-07 
 4.81200000e-04  1.72220767e-07 
 4.81300000e-04  1.72140419e-07 
 4.81400000e-04  1.72072379e-07 
 4.81500000e-04  1.72018095e-07 
 4.81600000e-04  1.58046996e-07 
 4.81700000e-04  1.57639252e-07 
 4.81800000e-04  1.57424099e-07 
 4.81900000e-04  1.57263153e-07 
 4.82000000e-04  1.57157924e-07 
 4.82100000e-04  1.73841378e-07 
 4.82200000e-04  1.73523842e-07 
 4.82300000e-04  1.73399649e-07 
 4.82400000e-04  1.73288750e-07 
 4.82500000e-04  1.73253671e-07 
 4.82600000e-04  1.61807259e-07 
 4.82700000e-04  1.61461808e-07 
 4.82800000e-04  1.61286449e-07 
 4.82900000e-04  1.61163555e-07 
 4.83000000e-04  1.61094576e-07 
 4.83100000e-04  1.72554762e-07 
 4.83200000e-04  1.72262329e-07 
 4.83300000e-04  1.72164150e-07 
 4.83400000e-04  1.72079376e-07 
 4.83500000e-04  1.72056695e-07 
 4.83600000e-04  1.58099851e-07 
 4.83700000e-04  1.57669191e-07 
 4.83800000e-04  1.57431361e-07 
 4.83900000e-04  1.57261039e-07 
 4.84000000e-04  1.57160152e-07 
 4.84100000e-04  1.73323303e-07 
 4.84200000e-04  1.73111226e-07 
 4.84300000e-04  1.73022890e-07 
 4.84400000e-04  1.72943934e-07 
 4.84500000e-04  1.72894566e-07 
 4.84600000e-04  1.60144121e-07 
 4.84700000e-04  1.59783809e-07 
 4.84800000e-04  1.59602695e-07 
 4.84900000e-04  1.59476248e-07 
 4.85000000e-04  1.59405982e-07 
 4.85100000e-04  1.73081504e-07 
 4.85200000e-04  1.72833327e-07 
 4.85300000e-04  1.72738523e-07 
 4.85400000e-04  1.72654713e-07 
 4.85500000e-04  1.72643094e-07 
 4.85600000e-04  1.58618887e-07 
 4.85700000e-04  1.58245090e-07 
 4.85800000e-04  1.58023059e-07 
 4.85900000e-04  1.57859296e-07 
 4.86000000e-04  1.57755434e-07 
 4.86100000e-04  1.76057359e-07 
 4.86200000e-04  1.75411839e-07 
 4.86300000e-04  1.75210657e-07 
 4.86400000e-04  1.75039624e-07 
 4.86500000e-04  1.74970444e-07 
 4.86600000e-04  1.67374449e-07 
 4.86700000e-04  1.67018547e-07 
 4.86800000e-04  1.66853584e-07 
 4.86900000e-04  1.66755059e-07 
 4.87000000e-04  1.66724870e-07 
 4.87100000e-04  1.72346520e-07 
 4.87200000e-04  1.71535241e-07 
 4.87300000e-04  1.71290639e-07 
 4.87400000e-04  1.71084980e-07 
 4.87500000e-04  1.70991181e-07 
 4.87600000e-04  1.57175517e-07 
 4.87700000e-04  1.56586999e-07 
 4.87800000e-04  1.56331793e-07 
 4.87900000e-04  1.56142751e-07 
 4.88000000e-04  1.56021756e-07 
 4.88100000e-04  1.72147749e-07 
 4.88200000e-04  1.71928352e-07 
 4.88300000e-04  1.71834136e-07 
 4.88400000e-04  1.71749140e-07 
 4.88500000e-04  1.71700779e-07 
 4.88600000e-04  1.58995022e-07 
 4.88700000e-04  1.58640177e-07 
 4.88800000e-04  1.58455354e-07 
 4.88900000e-04  1.58322966e-07 
 4.89000000e-04  1.58244727e-07 
 4.89100000e-04  1.72019198e-07 
 4.89200000e-04  1.71675459e-07 
 4.89300000e-04  1.71544623e-07 
 4.89400000e-04  1.71478723e-07 
 4.89500000e-04  1.71425968e-07 
 4.89600000e-04  1.57488773e-07 
 4.89700000e-04  1.57087984e-07 
 4.89800000e-04  1.56865575e-07 
 4.89900000e-04  1.56691921e-07 
 4.90000000e-04  1.56568383e-07 
 4.90100000e-04  1.73227368e-07 
 4.90200000e-04  1.72918275e-07 
 4.90300000e-04  1.72807065e-07 
 4.90400000e-04  1.72710099e-07 
 4.90500000e-04  1.72638952e-07 
 4.90600000e-04  1.61218380e-07 
 4.90700000e-04  1.60881238e-07 
 4.90800000e-04  1.60687830e-07 
 4.90900000e-04  1.60560481e-07 
 4.91000000e-04  1.60501124e-07 
 4.91100000e-04  1.71922405e-07 
 4.91200000e-04  1.71657762e-07 
 4.91300000e-04  1.71558973e-07 
 4.91400000e-04  1.71471092e-07 
 4.91500000e-04  1.71434840e-07 
 4.91600000e-04  1.57518328e-07 
 4.91700000e-04  1.57064115e-07 
 4.91800000e-04  1.56842586e-07 
 4.91900000e-04  1.56676871e-07 
 4.92000000e-04  1.56568603e-07 
 4.92100000e-04  1.72691329e-07 
 4.92200000e-04  1.72497065e-07 
 4.92300000e-04  1.72405123e-07 
 4.92400000e-04  1.72320376e-07 
 4.92500000e-04  1.72267311e-07 
 4.92600000e-04  1.59559717e-07 
 4.92700000e-04  1.59194971e-07 
 4.92800000e-04  1.59019548e-07 
 4.92900000e-04  1.58888943e-07 
 4.93000000e-04  1.58804461e-07 
 4.93100000e-04  1.72461422e-07 
 4.93200000e-04  1.72238366e-07 
 4.93300000e-04  1.72139872e-07 
 4.93400000e-04  1.72049538e-07 
 4.93500000e-04  1.72012053e-07 
 4.93600000e-04  1.58053430e-07 
 4.93700000e-04  1.57658507e-07 
 4.93800000e-04  1.57437018e-07 
 4.93900000e-04  1.57266880e-07 
 4.94000000e-04  1.57149747e-07 
 4.94100000e-04  1.74802562e-07 
 4.94200000e-04  1.74151374e-07 
 4.94300000e-04  1.73950318e-07 
 4.94400000e-04  1.73879947e-07 
 4.94500000e-04  1.73831844e-07 
 4.94600000e-04  1.63755894e-07 
 4.94700000e-04  1.63425048e-07 
 4.94800000e-04  1.63219197e-07 
 4.94900000e-04  1.63069696e-07 
 4.95000000e-04  1.62978253e-07 
 4.95100000e-04  1.72055388e-07 
 4.95200000e-04  1.71730285e-07 
 4.95300000e-04  1.71616921e-07 
 4.95400000e-04  1.71518166e-07 
 4.95500000e-04  1.71469441e-07 
 4.95600000e-04  1.57585300e-07 
 4.95700000e-04  1.57113323e-07 
 4.95800000e-04  1.56864689e-07 
 4.95900000e-04  1.56687134e-07 
 4.96000000e-04  1.56582853e-07 
 4.96100000e-04  1.72711176e-07 
 4.96200000e-04  1.72507119e-07 
 4.96300000e-04  1.72418082e-07 
 4.96400000e-04  1.72337311e-07 
 4.96500000e-04  1.72289965e-07 
 4.96600000e-04  1.59556062e-07 
 4.96700000e-04  1.59211342e-07 
 4.96800000e-04  1.59028292e-07 
 4.96900000e-04  1.58895432e-07 
 4.97000000e-04  1.58814316e-07 
 4.97100000e-04  1.72478554e-07 
 4.97200000e-04  1.72221939e-07 
 4.97300000e-04  1.72130040e-07 
 4.97400000e-04  1.72050454e-07 
 4.97500000e-04  1.72016124e-07 
 4.97600000e-04  1.58047407e-07 
 4.97700000e-04  1.57641747e-07 
 4.97800000e-04  1.57436550e-07 
 4.97900000e-04  1.57273442e-07 
 4.98000000e-04  1.57153735e-07 
 4.98100000e-04  1.73849099e-07 
 4.98200000e-04  1.73532179e-07 
 4.98300000e-04  1.73416574e-07 
 4.98400000e-04  1.73314997e-07 
 4.98500000e-04  1.73248348e-07 
 4.98600000e-04  1.61806405e-07 
 4.98700000e-04  1.61457359e-07 
 4.98800000e-04  1.61278685e-07 
 4.98900000e-04  1.61155002e-07 
 4.99000000e-04  1.61088055e-07 
 4.99100000e-04  1.72556175e-07 
 4.99200000e-04  1.72265425e-07 
 4.99300000e-04  1.72167174e-07 
 4.99400000e-04  1.72082613e-07 
 4.99500000e-04  1.72055167e-07 
 4.99600000e-04  1.58109742e-07 
 4.99700000e-04  1.57668209e-07 
 4.99800000e-04  1.57445666e-07 
 4.99900000e-04  1.57273562e-07 
 5.00000000e-04  1.57153497e-07 
 5.00100000e-04  1.73322231e-07 
 5.00200000e-04  1.73119815e-07 
 5.00300000e-04  1.73025828e-07 
 5.00400000e-04  1.72939741e-07 
 5.00500000e-04  1.72890334e-07 
 5.00600000e-04  1.60135654e-07 
 5.00700000e-04  1.59785558e-07 
 5.00800000e-04  1.59605167e-07 
 5.00900000e-04  1.59473598e-07 
 5.01000000e-04  1.59392402e-07 
 5.01100000e-04  1.73093503e-07 
 5.01200000e-04  1.72833847e-07 
 5.01300000e-04  1.72739857e-07 
 5.01400000e-04  1.72658306e-07 
 5.01500000e-04  1.72638050e-07 
 5.01600000e-04  1.58621515e-07 
 5.01700000e-04  1.58243458e-07 
 5.01800000e-04  1.58022078e-07 
 5.01900000e-04  1.57856158e-07 
 5.02000000e-04  1.57747457e-07 
 5.02100000e-04  1.75513648e-07 
 5.02200000e-04  1.75008168e-07 
 5.02300000e-04  1.74829197e-07 
 5.02400000e-04  1.74671197e-07 
 5.02500000e-04  1.74590662e-07 
 5.02600000e-04  1.65721962e-07 
 5.02700000e-04  1.65366453e-07 
 5.02800000e-04  1.65203724e-07 
 5.02900000e-04  1.65093704e-07 
 5.03000000e-04  1.65038064e-07 
 5.03100000e-04  1.72349039e-07 
 5.03200000e-04  1.71921094e-07 
 5.03300000e-04  1.71765715e-07 
 5.03400000e-04  1.71629207e-07 
 5.03500000e-04  1.71553698e-07 
 5.03600000e-04  1.57691339e-07 
 5.03700000e-04  1.57153198e-07 
 5.03800000e-04  1.56918551e-07 
 5.03900000e-04  1.56738783e-07 
 5.04000000e-04  1.56615634e-07 
 5.04100000e-04  1.72762202e-07 
 5.04200000e-04  1.72537308e-07 
 5.04300000e-04  1.72450168e-07 
 5.04400000e-04  1.72373579e-07 
 5.04500000e-04  1.72310190e-07 
 5.04600000e-04  1.59565562e-07 
 5.04700000e-04  1.59218576e-07 
 5.04800000e-04  1.59031385e-07 
 5.04900000e-04  1.58899636e-07 
 5.05000000e-04  1.58825089e-07 
 5.05100000e-04  1.72481488e-07 
 5.05200000e-04  1.72257709e-07 
 5.05300000e-04  1.72156595e-07 
 5.05400000e-04  1.72063322e-07 
 5.05500000e-04  1.72028010e-07 
 5.05600000e-04  1.58052413e-07 
 5.05700000e-04  1.57645164e-07 
 5.05800000e-04  1.57437493e-07 
 5.05900000e-04  1.57276258e-07 
 5.06000000e-04  1.57162931e-07 
 5.06100000e-04  1.73853582e-07 
 5.06200000e-04  1.73547945e-07 
 5.06300000e-04  1.73427589e-07 
 5.06400000e-04  1.73319541e-07 
 5.06500000e-04  1.73257026e-07 
 5.06600000e-04  1.61806240e-07 
 5.06700000e-04  1.61461415e-07 
 5.06800000e-04  1.61280473e-07 
 5.06900000e-04  1.61158957e-07 
 5.07000000e-04  1.61098753e-07 
 5.07100000e-04  1.72548447e-07 
 5.07200000e-04  1.72273254e-07 
 5.07300000e-04  1.72170070e-07 
 5.07400000e-04  1.72077952e-07 
 5.07500000e-04  1.72042938e-07 
 5.07600000e-04  1.58116782e-07 
 5.07700000e-04  1.57658449e-07 
 5.07800000e-04  1.57430789e-07 
 5.07900000e-04  1.57260119e-07 
 5.08000000e-04  1.57148247e-07 
 5.08100000e-04  1.73324990e-07 
 5.08200000e-04  1.73112825e-07 
 5.08300000e-04  1.73017739e-07 
 5.08400000e-04  1.72931103e-07 
 5.08500000e-04  1.72892859e-07 
 5.08600000e-04  1.60152941e-07 
 5.08700000e-04  1.59787070e-07 
 5.08800000e-04  1.59606093e-07 
 5.08900000e-04  1.59482717e-07 
 5.09000000e-04  1.59418769e-07 
 5.09100000e-04  1.73092677e-07 
 5.09200000e-04  1.72845698e-07 
 5.09300000e-04  1.72749902e-07 
 5.09400000e-04  1.72664933e-07 
 5.09500000e-04  1.72626140e-07 
 5.09600000e-04  1.58623810e-07 
 5.09700000e-04  1.58246319e-07 
 5.09800000e-04  1.58029794e-07 
 5.09900000e-04  1.57866508e-07 
 5.10000000e-04  1.57758151e-07 
 5.10100000e-04  1.74989585e-07 
 5.10200000e-04  1.74568304e-07 
 5.10300000e-04  1.74418349e-07 
 5.10400000e-04  1.74286728e-07 
 5.10500000e-04  1.74231524e-07 
 5.10600000e-04  1.64053679e-07 
 5.10700000e-04  1.63712974e-07 
 5.10800000e-04  1.63534056e-07 
 5.10900000e-04  1.63418493e-07 
 5.11000000e-04  1.63368295e-07 
 5.11100000e-04  1.72683416e-07 
 5.11200000e-04  1.72352405e-07 
 5.11300000e-04  1.72235935e-07 
 5.11400000e-04  1.72134420e-07 
 5.11500000e-04  1.72088302e-07 
 5.11600000e-04  1.58168688e-07 
 5.11700000e-04  1.57686688e-07 
 5.11800000e-04  1.57453837e-07 
 5.11900000e-04  1.57284711e-07 
 5.12000000e-04  1.57181332e-07 
 5.12100000e-04  1.73351614e-07 
 5.12200000e-04  1.73136101e-07 
 5.12300000e-04  1.73047302e-07 
 5.12400000e-04  1.72967952e-07 
 5.12500000e-04  1.72912208e-07 
 5.12600000e-04  1.60141646e-07 
 5.12700000e-04  1.59804398e-07 
 5.12800000e-04  1.59627708e-07 
 5.12900000e-04  1.59496907e-07 
 5.13000000e-04  1.59413450e-07 
 5.13100000e-04  1.73100884e-07 
 5.13200000e-04  1.72842456e-07 
 5.13300000e-04  1.72751387e-07 
 5.13400000e-04  1.72673096e-07 
 5.13500000e-04  1.72631136e-07 
 5.13600000e-04  1.58629889e-07 
 5.13700000e-04  1.58244373e-07 
 5.13800000e-04  1.58029382e-07 
 5.13900000e-04  1.57867265e-07 
 5.14000000e-04  1.57759700e-07 
 5.14100000e-04  1.74472060e-07 
 5.14200000e-04  1.74151270e-07 
 5.14300000e-04  1.74025303e-07 
 5.14400000e-04  1.73913062e-07 
 5.14500000e-04  1.73863958e-07 
 5.14600000e-04  1.62391382e-07 
 5.14700000e-04  1.62053603e-07 
 5.14800000e-04  1.61876958e-07 
 5.14900000e-04  1.61753021e-07 
 5.15000000e-04  1.61683464e-07 
 5.15100000e-04  1.73174256e-07 
 5.15200000e-04  1.72890492e-07 
 5.15300000e-04  1.72785524e-07 
 5.15400000e-04  1.72692830e-07 
 5.15500000e-04  1.72660803e-07 
 5.15600000e-04  1.58703727e-07 
 5.15700000e-04  1.58258694e-07 
 5.15800000e-04  1.58033107e-07 
 5.15900000e-04  1.57863947e-07 
 5.16000000e-04  1.57753003e-07 
 5.16100000e-04  1.73954928e-07 
 5.16200000e-04  1.73743508e-07 
 5.16300000e-04  1.73653014e-07 
 5.16400000e-04  1.73571477e-07 
 5.16500000e-04  1.73508777e-07 
 5.16600000e-04  1.60730425e-07 
 5.16700000e-04  1.60374035e-07 
 5.16800000e-04  1.60201637e-07 
 5.16900000e-04  1.60076208e-07 
 5.17000000e-04  1.59999236e-07 
 5.17100000e-04  1.73707552e-07 
 5.17200000e-04  1.73465539e-07 
 5.17300000e-04  1.73374393e-07 
 5.17400000e-04  1.73294130e-07 
 5.17500000e-04  1.73253712e-07 
 5.17600000e-04  1.59215824e-07 
 5.17700000e-04  1.58829200e-07 
 5.17800000e-04  1.58623354e-07 
 5.17900000e-04  1.58460960e-07 
 5.18000000e-04  1.58343394e-07 
 5.18100000e-04  1.87789886e-07 
 5.18200000e-04  1.85187918e-07 
 5.18300000e-04  1.84389395e-07 
 5.18400000e-04  1.84133678e-07 
 5.18500000e-04  1.83877960e-07 
 5.18600000e-04  1.75322283e-07 
 5.18700000e-04  1.74173943e-07 
 5.18800000e-04  1.73838008e-07 
 5.18900000e-04  1.73624744e-07 
 5.19000000e-04  1.73536361e-07 
 5.19100000e-04  1.03757008e-04 
 5.19200000e-04  1.03756115e-04 
 5.19300000e-04  1.03755875e-04 
 5.19400000e-04  1.03755676e-04 
 5.19500000e-04  1.03755589e-04 
 5.19600000e-04  1.03743255e-04 
 5.19700000e-04  1.03742542e-04 
 5.19800000e-04  1.03742261e-04 
 5.19900000e-04 -0.00000000e+00 
 5.20000000e-04  1.03742118e-04 
