 time            -i(vdd)        
 2.60000000e-04 -1.26577369e-04 
 2.60100000e-04  1.83721775e-07 
 2.60200000e-04  1.75016272e-07 
 2.60300000e-04  1.72693670e-07 
 2.60400000e-04  1.70735590e-07 
 2.60500000e-04  1.70077350e-07 
 2.60600000e-04  1.76685415e-07 
 2.60700000e-04  1.75910747e-07 
 2.60800000e-04  1.75484996e-07 
 2.60900000e-04  1.75136742e-07 
 2.61000000e-04  1.74867666e-07 
 2.61100000e-04  1.56440381e-07 
 2.61200000e-04  1.54081901e-07 
 2.61300000e-04  1.53475974e-07 
 2.61400000e-04  1.52984744e-07 
 2.61500000e-04  1.52782511e-07 
 2.61600000e-04  1.38892021e-07 
 2.61700000e-04  1.37639360e-07 
 2.61800000e-04  1.37196069e-07 
 2.61900000e-04  1.36878904e-07 
 2.62000000e-04  1.36691868e-07 
 2.62100000e-04  1.61878681e-07 
 2.62200000e-04  1.60616353e-07 
 2.62300000e-04  1.60335933e-07 
 2.62400000e-04  1.60132482e-07 
 2.62500000e-04  1.60042009e-07 
 2.62600000e-04  1.48509631e-07 
 2.62700000e-04  1.47913930e-07 
 2.62800000e-04  1.47634611e-07 
 2.62900000e-04  1.47422543e-07 
 2.63000000e-04  1.47279167e-07 
 2.63100000e-04  1.99994828e-07 
 2.63200000e-04  1.94211339e-07 
 2.63300000e-04  1.92920462e-07 
 2.63400000e-04  1.91925092e-07 
 2.63500000e-04  1.91646012e-07 
 2.63600000e-04  1.78192574e-07 
 2.63700000e-04  1.77566268e-07 
 2.63800000e-04  1.77239924e-07 
 2.63900000e-04  1.76988570e-07 
 2.64000000e-04  1.76814583e-07 
 2.64100000e-04  1.72668760e-07 
 2.64200000e-04  1.68076227e-07 
 2.64300000e-04  1.67028469e-07 
 2.64400000e-04  1.66212153e-07 
 2.64500000e-04  1.65970932e-07 
 2.64600000e-04  1.53757522e-07 
 2.64700000e-04  1.53140848e-07 
 2.64800000e-04  1.52830229e-07 
 2.64900000e-04  1.52597854e-07 
 2.65000000e-04  1.52446205e-07 
 2.65100000e-04  1.66018850e-07 
 2.65200000e-04  1.65524408e-07 
 2.65300000e-04  1.65365191e-07 
 2.65400000e-04  1.65228306e-07 
 2.65500000e-04  1.65174280e-07 
 2.65600000e-04  1.51595776e-07 
 2.65700000e-04  1.51136770e-07 
 2.65800000e-04  1.50898317e-07 
 2.65900000e-04  1.50728580e-07 
 2.66000000e-04  1.50629736e-07 
 2.66100000e-04  1.67002258e-07 
 2.66200000e-04  1.66734722e-07 
 2.66300000e-04  1.66636900e-07 
 2.66400000e-04  1.66550588e-07 
 2.66500000e-04  1.66501699e-07 
 2.66600000e-04  1.55445557e-07 
 2.66700000e-04  1.55020688e-07 
 2.66800000e-04  1.54810097e-07 
 2.66900000e-04  1.54663758e-07 
 2.67000000e-04  1.54583706e-07 
 2.67100000e-04  1.66084799e-07 
 2.67200000e-04  1.65566782e-07 
 2.67300000e-04  1.65412636e-07 
 2.67400000e-04  1.65281416e-07 
 2.67500000e-04  1.65220670e-07 
 2.67600000e-04  1.51670267e-07 
 2.67700000e-04  1.51175574e-07 
 2.67800000e-04  1.50920517e-07 
 2.67900000e-04  1.50724095e-07 
 2.68000000e-04  1.50588164e-07 
 2.68100000e-04  1.66396527e-07 
 2.68200000e-04  1.66210477e-07 
 2.68300000e-04  1.66133160e-07 
 2.68400000e-04  1.66063663e-07 
 2.68500000e-04  1.66036169e-07 
 2.68600000e-04  1.53655491e-07 
 2.68700000e-04  1.53261926e-07 
 2.68800000e-04  1.53040250e-07 
 2.68900000e-04  1.52888076e-07 
 2.69000000e-04  1.52807599e-07 
 2.69100000e-04  1.66127474e-07 
 2.69200000e-04  1.65919427e-07 
 2.69300000e-04  1.65841469e-07 
 2.69400000e-04  1.65772428e-07 
 2.69500000e-04  1.65753467e-07 
 2.69600000e-04  1.52108746e-07 
 2.69700000e-04  1.51681825e-07 
 2.69800000e-04  1.51433712e-07 
 2.69900000e-04  1.51249656e-07 
 2.70000000e-04  1.51131681e-07 
 2.70100000e-04  1.68005665e-07 
 2.70200000e-04  1.67641177e-07 
 2.70300000e-04  1.67506186e-07 
 2.70400000e-04  1.67385787e-07 
 2.70500000e-04  1.67320694e-07 
 2.70600000e-04  1.57511424e-07 
 2.70700000e-04  1.57122257e-07 
 2.70800000e-04  1.56922707e-07 
 2.70900000e-04  1.56793988e-07 
 2.71000000e-04  1.56738338e-07 
 2.71100000e-04  1.66101277e-07 
 2.71200000e-04  1.65542864e-07 
 2.71300000e-04  1.65376027e-07 
 2.71400000e-04  1.65233586e-07 
 2.71500000e-04  1.65195664e-07 
 2.71600000e-04  1.51639687e-07 
 2.71700000e-04  1.51105409e-07 
 2.71800000e-04  1.50845969e-07 
 2.71900000e-04  1.50646582e-07 
 2.72000000e-04  1.50509143e-07 
 2.72100000e-04  1.66320713e-07 
 2.72200000e-04  1.66148736e-07 
 2.72300000e-04  1.66074609e-07 
 2.72400000e-04  1.66007458e-07 
 2.72500000e-04  1.65966032e-07 
 2.72600000e-04  1.53588573e-07 
 2.72700000e-04  1.53193628e-07 
 2.72800000e-04  1.52986285e-07 
 2.72900000e-04  1.52831221e-07 
 2.73000000e-04  1.52730085e-07 
 2.73100000e-04  1.66059896e-07 
 2.73200000e-04  1.65855500e-07 
 2.73300000e-04  1.65791836e-07 
 2.73400000e-04  1.65738194e-07 
 2.73500000e-04  1.65690873e-07 
 2.73600000e-04  1.52058865e-07 
 2.73700000e-04  1.51625740e-07 
 2.73800000e-04  1.51374147e-07 
 2.73900000e-04  1.51192388e-07 
 2.74000000e-04  1.51082663e-07 
 2.74100000e-04  1.67433179e-07 
 2.74200000e-04  1.67149558e-07 
 2.74300000e-04  1.67054670e-07 
 2.74400000e-04  1.66972744e-07 
 2.74500000e-04  1.66921138e-07 
 2.74600000e-04  1.55826416e-07 
 2.74700000e-04  1.55429661e-07 
 2.74800000e-04  1.55217579e-07 
 2.74900000e-04  1.55072011e-07 
 2.75000000e-04  1.54995053e-07 
 2.75100000e-04  1.66139736e-07 
 2.75200000e-04  1.65905724e-07 
 2.75300000e-04  1.65816661e-07 
 2.75400000e-04  1.65736846e-07 
 2.75500000e-04  1.65709559e-07 
 2.75600000e-04  1.52105529e-07 
 2.75700000e-04  1.51636625e-07 
 2.75800000e-04  1.51383705e-07 
 2.75900000e-04  1.51190645e-07 
 2.76000000e-04  1.51059329e-07 
 2.76100000e-04  1.66897891e-07 
 2.76200000e-04  1.66722628e-07 
 2.76300000e-04  1.66651286e-07 
 2.76400000e-04  1.66587192e-07 
 2.76500000e-04  1.66553992e-07 
 2.76600000e-04  1.54153909e-07 
 2.76700000e-04  1.53747945e-07 
 2.76800000e-04  1.53542558e-07 
 2.76900000e-04  1.53399105e-07 
 2.77000000e-04  1.53319535e-07 
 2.77100000e-04  1.66669269e-07 
 2.77200000e-04  1.66454147e-07 
 2.77300000e-04  1.66381689e-07 
 2.77400000e-04  1.66319745e-07 
 2.77500000e-04  1.66290870e-07 
 2.77600000e-04  1.52617628e-07 
 2.77700000e-04  1.52188891e-07 
 2.77800000e-04  1.51960633e-07 
 2.77900000e-04  1.51781644e-07 
 2.78000000e-04  1.51653468e-07 
 2.78100000e-04  1.69107754e-07 
 2.78200000e-04  1.68606001e-07 
 2.78300000e-04  1.68448929e-07 
 2.78400000e-04  1.68314961e-07 
 2.78500000e-04  1.68252177e-07 
 2.78600000e-04  1.59708105e-07 
 2.78700000e-04  1.59317111e-07 
 2.78800000e-04  1.59123340e-07 
 2.78900000e-04  1.58996299e-07 
 2.79000000e-04  1.58938089e-07 
 2.79100000e-04  1.66277507e-07 
 2.79200000e-04  1.65618208e-07 
 2.79300000e-04  1.65432015e-07 
 2.79400000e-04  1.65276508e-07 
 2.79500000e-04  1.65198773e-07 
 2.79600000e-04  1.51667863e-07 
 2.79700000e-04  1.51111903e-07 
 2.79800000e-04  1.50842855e-07 
 2.79900000e-04  1.50634204e-07 
 2.80000000e-04  1.50487848e-07 
 2.80100000e-04  1.66315447e-07 
 2.80200000e-04  1.66132493e-07 
 2.80300000e-04  1.66055619e-07 
 2.80400000e-04  1.65986444e-07 
 2.80500000e-04  1.65956147e-07 
 2.80600000e-04  1.53552430e-07 
 2.80700000e-04  1.53158860e-07 
 2.80800000e-04  1.52957803e-07 
 2.80900000e-04  1.52812952e-07 
 2.81000000e-04  1.52726070e-07 
 2.81100000e-04  1.66041361e-07 
 2.81200000e-04  1.65838380e-07 
 2.81300000e-04  1.65763496e-07 
 2.81400000e-04  1.65697162e-07 
 2.81500000e-04  1.65681303e-07 
 2.81600000e-04  1.52028863e-07 
 2.81700000e-04  1.51582524e-07 
 2.81800000e-04  1.51346982e-07 
 2.81900000e-04  1.51172737e-07 
 2.82000000e-04  1.51061718e-07 
 2.82100000e-04  1.67416441e-07 
 2.82200000e-04  1.67146997e-07 
 2.82300000e-04  1.67043413e-07 
 2.82400000e-04  1.66950602e-07 
 2.82500000e-04  1.66905425e-07 
 2.82600000e-04  1.55803905e-07 
 2.82700000e-04  1.55398291e-07 
 2.82800000e-04  1.55201946e-07 
 2.82900000e-04  1.55064674e-07 
 2.83000000e-04  1.54988328e-07 
 2.83100000e-04  1.66119620e-07 
 2.83200000e-04  1.65878563e-07 
 2.83300000e-04  1.65790344e-07 
 2.83400000e-04  1.65712279e-07 
 2.83500000e-04  1.65685330e-07 
 2.83600000e-04  1.52073525e-07 
 2.83700000e-04  1.51597147e-07 
 2.83800000e-04  1.51347829e-07 
 2.83900000e-04  1.51161468e-07 
 2.84000000e-04  1.51040043e-07 
 2.84100000e-04  1.66876922e-07 
 2.84200000e-04  1.66716509e-07 
 2.84300000e-04  1.66636816e-07 
 2.84400000e-04  1.66562348e-07 
 2.84500000e-04  1.66529869e-07 
 2.84600000e-04  1.54115975e-07 
 2.84700000e-04  1.53745747e-07 
 2.84800000e-04  1.53535197e-07 
 2.84900000e-04  1.53382604e-07 
 2.85000000e-04  1.53289784e-07 
 2.85100000e-04  1.66634605e-07 
 2.85200000e-04  1.66428957e-07 
 2.85300000e-04  1.66359189e-07 
 2.85400000e-04  1.66298622e-07 
 2.85500000e-04  1.66283578e-07 
 2.85600000e-04  1.52612417e-07 
 2.85700000e-04  1.52171851e-07 
 2.85800000e-04  1.51939312e-07 
 2.85900000e-04  1.51758998e-07 
 2.86000000e-04  1.51632541e-07 
 2.86100000e-04  1.68549170e-07 
 2.86200000e-04  1.68170716e-07 
 2.86300000e-04  1.68038688e-07 
 2.86400000e-04  1.67922521e-07 
 2.86500000e-04  1.67865754e-07 
 2.86600000e-04  1.58038610e-07 
 2.86700000e-04  1.57649969e-07 
 2.86800000e-04  1.57453545e-07 
 2.86900000e-04  1.57323639e-07 
 2.87000000e-04  1.57262338e-07 
 2.87100000e-04  1.66229025e-07 
 2.87200000e-04  1.65965082e-07 
 2.87300000e-04  1.65863344e-07 
 2.87400000e-04  1.65771554e-07 
 2.87500000e-04  1.65730234e-07 
 2.87600000e-04  1.52161556e-07 
 2.87700000e-04  1.51628348e-07 
 2.87800000e-04  1.51382163e-07 
 2.87900000e-04  1.51188656e-07 
 2.88000000e-04  1.51049475e-07 
 2.88100000e-04  1.66900303e-07 
 2.88200000e-04  1.66728538e-07 
 2.88300000e-04  1.66656479e-07 
 2.88400000e-04  1.66591296e-07 
 2.88500000e-04  1.66541985e-07 
 2.88600000e-04  1.54133754e-07 
 2.88700000e-04  1.53727028e-07 
 2.88800000e-04  1.53526460e-07 
 2.88900000e-04  1.53382231e-07 
 2.89000000e-04  1.53296103e-07 
 2.89100000e-04  1.66647225e-07 
 2.89200000e-04  1.66444416e-07 
 2.89300000e-04  1.66372792e-07 
 2.89400000e-04  1.66310217e-07 
 2.89500000e-04  1.66280317e-07 
 2.89600000e-04  1.52625777e-07 
 2.89700000e-04  1.52176284e-07 
 2.89800000e-04  1.51940448e-07 
 2.89900000e-04  1.51761564e-07 
 2.90000000e-04  1.51641412e-07 
 2.90100000e-04  1.68020944e-07 
 2.90200000e-04  1.67737119e-07 
 2.90300000e-04  1.67640407e-07 
 2.90400000e-04  1.67556502e-07 
 2.90500000e-04  1.67513333e-07 
 2.90600000e-04  1.56378929e-07 
 2.90700000e-04  1.55988464e-07 
 2.90800000e-04  1.55779907e-07 
 2.90900000e-04  1.55638750e-07 
 2.91000000e-04  1.55567102e-07 
 2.91100000e-04  1.66728836e-07 
 2.91200000e-04  1.66492911e-07 
 2.91300000e-04  1.66412321e-07 
 2.91400000e-04  1.66341694e-07 
 2.91500000e-04  1.66295980e-07 
 2.91600000e-04  1.52664486e-07 
 2.91700000e-04  1.52184964e-07 
 2.91800000e-04  1.51947001e-07 
 2.91900000e-04  1.51762551e-07 
 2.92000000e-04  1.51633282e-07 
 2.92100000e-04  1.67497379e-07 
 2.92200000e-04  1.67318619e-07 
 2.92300000e-04  1.67242510e-07 
 2.92400000e-04  1.67173661e-07 
 2.92500000e-04  1.67135387e-07 
 2.92600000e-04  1.54699897e-07 
 2.92700000e-04  1.54330524e-07 
 2.92800000e-04  1.54117912e-07 
 2.92900000e-04  1.53972972e-07 
 2.93000000e-04  1.53897822e-07 
 2.93100000e-04  1.67271715e-07 
 2.93200000e-04  1.67064457e-07 
 2.93300000e-04  1.66986448e-07 
 2.93400000e-04  1.66917143e-07 
 2.93500000e-04  1.66884919e-07 
 2.93600000e-04  1.53207526e-07 
 2.93700000e-04  1.52758422e-07 
 2.93800000e-04  1.52524079e-07 
 2.93900000e-04  1.52349688e-07 
 2.94000000e-04  1.52237117e-07 
 2.94100000e-04  1.70225885e-07 
 2.94200000e-04  1.69620465e-07 
 2.94300000e-04  1.69441572e-07 
 2.94400000e-04  1.69291102e-07 
 2.94500000e-04  1.69221724e-07 
 2.94600000e-04  1.61938511e-07 
 2.94700000e-04  1.61548107e-07 
 2.94800000e-04  1.61367856e-07 
 2.94900000e-04  1.61255166e-07 
 2.95000000e-04  1.61212148e-07 
 2.95100000e-04  1.66591553e-07 
 2.95200000e-04  1.65709867e-07 
 2.95300000e-04  1.65483311e-07 
 2.95400000e-04  1.65300181e-07 
 2.95500000e-04  1.65203270e-07 
 2.95600000e-04  1.51709625e-07 
 2.95700000e-04  1.51096310e-07 
 2.95800000e-04  1.50814799e-07 
 2.95900000e-04  1.50609680e-07 
 2.96000000e-04  1.50483341e-07 
 2.96100000e-04  1.66304703e-07 
 2.96200000e-04  1.66131765e-07 
 2.96300000e-04  1.66057282e-07 
 2.96400000e-04  1.65989720e-07 
 2.96500000e-04  1.65952204e-07 
 2.96600000e-04  1.53544942e-07 
 2.96700000e-04  1.53153849e-07 
 2.96800000e-04  1.52954694e-07 
 2.96900000e-04  1.52805436e-07 
 2.97000000e-04  1.52707626e-07 
 2.97100000e-04  1.66033792e-07 
 2.97200000e-04  1.65833707e-07 
 2.97300000e-04  1.65758925e-07 
 2.97400000e-04  1.65692310e-07 
 2.97500000e-04  1.65667089e-07 
 2.97600000e-04  1.52023879e-07 
 2.97700000e-04  1.51580237e-07 
 2.97800000e-04  1.51345075e-07 
 2.97900000e-04  1.51167987e-07 
 2.98000000e-04  1.51050781e-07 
 2.98100000e-04  1.67411271e-07 
 2.98200000e-04  1.67125362e-07 
 2.98300000e-04  1.67027873e-07 
 2.98400000e-04  1.66943535e-07 
 2.98500000e-04  1.66904493e-07 
 2.98600000e-04  1.55791863e-07 
 2.98700000e-04  1.55385779e-07 
 2.98800000e-04  1.55181792e-07 
 2.98900000e-04  1.55047041e-07 
 2.99000000e-04  1.54983690e-07 
 2.99100000e-04  1.66112023e-07 
 2.99200000e-04  1.65860346e-07 
 2.99300000e-04  1.65781226e-07 
 2.99400000e-04  1.65713974e-07 
 2.99500000e-04  1.65676679e-07 
 2.99600000e-04  1.52068379e-07 
 2.99700000e-04  1.51605234e-07 
 2.99800000e-04  1.51357018e-07 
 2.99900000e-04  1.51168070e-07 
 3.00000000e-04  1.51040231e-07 
 3.00100000e-04  1.66874698e-07 
 3.00200000e-04  1.66706806e-07 
 3.00300000e-04  1.66635223e-07 
 3.00400000e-04  1.66570162e-07 
 3.00500000e-04  1.66524473e-07 
 3.00600000e-04  1.54120580e-07 
 3.00700000e-04  1.53713333e-07 
 3.00800000e-04  1.53517127e-07 
 3.00900000e-04  1.53372973e-07 
 3.01000000e-04  1.53282484e-07 
 3.01100000e-04  1.66635521e-07 
 3.01200000e-04  1.66425982e-07 
 3.01300000e-04  1.66355108e-07 
 3.01400000e-04  1.66293935e-07 
 3.01500000e-04  1.66274396e-07 
 3.01600000e-04  1.52602294e-07 
 3.01700000e-04  1.52174969e-07 
 3.01800000e-04  1.51931442e-07 
 3.01900000e-04  1.51750999e-07 
 3.02000000e-04  1.51635605e-07 
 3.02100000e-04  1.68538060e-07 
 3.02200000e-04  1.68156904e-07 
 3.02300000e-04  1.68031028e-07 
 3.02400000e-04  1.67922115e-07 
 3.02500000e-04  1.67861134e-07 
 3.02600000e-04  1.58035468e-07 
 3.02700000e-04  1.57637058e-07 
 3.02800000e-04  1.57442250e-07 
 3.02900000e-04  1.57313335e-07 
 3.03000000e-04  1.57252364e-07 
 3.03100000e-04  1.66217048e-07 
 3.03200000e-04  1.65933371e-07 
 3.03300000e-04  1.65838966e-07 
 3.03400000e-04  1.65757009e-07 
 3.03500000e-04  1.65736356e-07 
 3.03600000e-04  1.52143444e-07 
 3.03700000e-04  1.51618242e-07 
 3.03800000e-04  1.51367579e-07 
 3.03900000e-04  1.51180375e-07 
 3.04000000e-04  1.51058602e-07 
 3.04100000e-04  1.66888107e-07 
 3.04200000e-04  1.66710016e-07 
 3.04300000e-04  1.66638991e-07 
 3.04400000e-04  1.66575918e-07 
 3.04500000e-04  1.66534866e-07 
 3.04600000e-04  1.54117441e-07 
 3.04700000e-04  1.53722578e-07 
 3.04800000e-04  1.53519221e-07 
 3.04900000e-04  1.53374547e-07 
 3.05000000e-04  1.53290380e-07 
 3.05100000e-04  1.66649095e-07 
 3.05200000e-04  1.66431976e-07 
 3.05300000e-04  1.66359163e-07 
 3.05400000e-04  1.66296939e-07 
 3.05500000e-04  1.66270070e-07 
 3.05600000e-04  1.52619716e-07 
 3.05700000e-04  1.52166212e-07 
 3.05800000e-04  1.51931664e-07 
 3.05900000e-04  1.51755413e-07 
 3.06000000e-04  1.51639265e-07 
 3.06100000e-04  1.68029115e-07 
 3.06200000e-04  1.67750471e-07 
 3.06300000e-04  1.67644771e-07 
 3.06400000e-04  1.67551040e-07 
 3.06500000e-04  1.67508501e-07 
 3.06600000e-04  1.56360764e-07 
 3.06700000e-04  1.55985736e-07 
 3.06800000e-04  1.55772770e-07 
 3.06900000e-04  1.55628902e-07 
 3.07000000e-04  1.55556281e-07 
 3.07100000e-04  1.66721541e-07 
 3.07200000e-04  1.66484082e-07 
 3.07300000e-04  1.66403487e-07 
 3.07400000e-04  1.66333056e-07 
 3.07500000e-04  1.66302424e-07 
 3.07600000e-04  1.52660690e-07 
 3.07700000e-04  1.52175549e-07 
 3.07800000e-04  1.51941405e-07 
 3.07900000e-04  1.51758129e-07 
 3.08000000e-04  1.51627244e-07 
 3.08100000e-04  1.69434602e-07 
 3.08200000e-04  1.68922060e-07 
 3.08300000e-04  1.68744887e-07 
 3.08400000e-04  1.68665827e-07 
 3.08500000e-04  1.68618470e-07 
 3.08600000e-04  1.55730460e-07 
 3.08700000e-04  1.55157815e-07 
 3.08800000e-04  1.54908996e-07 
 3.08900000e-04  1.54719930e-07 
 3.09000000e-04  1.54591852e-07 
 3.09100000e-04  1.03754190e-04 
 3.09200000e-04  1.03753778e-04 
 3.09300000e-04  1.03753656e-04 
 3.09400000e-04  1.03753554e-04 
 3.09500000e-04  1.03753517e-04 
 3.09600000e-04  1.03739844e-04 
 3.09700000e-04  1.03739375e-04 
 3.09800000e-04  1.03739134e-04 
 3.09900000e-04  1.03738955e-04 
 3.10000000e-04  1.03738842e-04 
 3.10100000e-04  1.70857568e-07 
 3.10200000e-04  1.70330476e-07 
 3.10300000e-04  1.70161768e-07 
 3.10400000e-04  1.70016249e-07 
 3.10500000e-04  1.69958395e-07 
 3.10600000e-04  1.61369482e-07 
 3.10700000e-04  1.60963973e-07 
 3.10800000e-04  1.60772930e-07 
 3.10900000e-04  1.60656241e-07 
 3.11000000e-04  1.60616217e-07 
 3.11100000e-04  1.67662849e-07 
 3.11200000e-04  1.67276926e-07 
 3.11300000e-04  1.67129378e-07 
 3.11400000e-04  1.66997563e-07 
 3.11500000e-04  1.66944238e-07 
 3.11600000e-04  1.53325668e-07 
 3.11700000e-04  1.52770407e-07 
 3.11800000e-04  1.52498262e-07 
 3.11900000e-04  1.52295665e-07 
 3.12000000e-04  1.52164775e-07 
 3.12100000e-04  1.68076182e-07 
 3.12200000e-04  1.67890979e-07 
 3.12300000e-04  1.67812008e-07 
 3.12400000e-04  1.67740600e-07 
 3.12500000e-04  1.67703478e-07 
 3.12600000e-04  1.55220645e-07 
 3.12700000e-04  1.54834251e-07 
 3.12800000e-04  1.54619669e-07 
 3.12900000e-04  1.54470005e-07 
 3.13000000e-04  1.54387269e-07 
 3.13100000e-04  1.67805717e-07 
 3.13200000e-04  1.67585558e-07 
 3.13300000e-04  1.67517436e-07 
 3.13400000e-04  1.67460099e-07 
 3.13500000e-04  1.67409553e-07 
 3.13600000e-04  1.53690944e-07 
 3.13700000e-04  1.53263808e-07 
 3.13800000e-04  1.53025134e-07 
 3.13900000e-04  1.52843286e-07 
 3.14000000e-04  1.52720018e-07 
 3.14100000e-04  1.69167584e-07 
 3.14200000e-04  1.68879917e-07 
 3.14300000e-04  1.68780420e-07 
 3.14400000e-04  1.68693811e-07 
 3.14500000e-04  1.68637205e-07 
 3.14600000e-04  1.57451324e-07 
 3.14700000e-04  1.57066475e-07 
 3.14800000e-04  1.56869915e-07 
 3.14900000e-04  1.56728714e-07 
 3.15000000e-04  1.56644576e-07 
 3.15100000e-04  1.67880968e-07 
 3.15200000e-04  1.67626538e-07 
 3.15300000e-04  1.67539539e-07 
 3.15400000e-04  1.67463763e-07 
 3.15500000e-04  1.67440432e-07 
 3.15600000e-04  1.53739425e-07 
 3.15700000e-04  1.53256960e-07 
 3.15800000e-04  1.53021101e-07 
 3.15900000e-04  1.52839797e-07 
 3.16000000e-04  1.52714726e-07 
 3.16100000e-04  1.68649547e-07 
 3.16200000e-04  1.68475915e-07 
 3.16300000e-04  1.68390916e-07 
 3.16400000e-04  1.68312031e-07 
 3.16500000e-04  1.68267408e-07 
 3.16600000e-04  1.55760756e-07 
 3.16700000e-04  1.55399116e-07 
 3.16800000e-04  1.55191180e-07 
 3.16900000e-04  1.55048331e-07 
 3.17000000e-04  1.54972584e-07 
 3.17100000e-04  1.68397872e-07 
 3.17200000e-04  1.68194760e-07 
 3.17300000e-04  1.68117794e-07 
 3.17400000e-04  1.68049259e-07 
 3.17500000e-04  1.68011884e-07 
 3.17600000e-04  1.54262167e-07 
 3.17700000e-04  1.53822346e-07 
 3.17800000e-04  1.53602909e-07 
 3.17900000e-04  1.53428501e-07 
 3.18000000e-04  1.53300496e-07 
 3.18100000e-04  1.70316726e-07 
 3.18200000e-04  1.69932531e-07 
 3.18300000e-04  1.69794573e-07 
 3.18400000e-04  1.69672534e-07 
 3.18500000e-04  1.69614937e-07 
 3.18600000e-04  1.59681281e-07 
 3.18700000e-04  1.59309119e-07 
 3.18800000e-04  1.59105104e-07 
 3.18900000e-04  1.58978345e-07 
 3.19000000e-04  1.58931240e-07 
 3.19100000e-04  1.68003380e-07 
 3.19200000e-04  1.67712053e-07 
 3.19300000e-04  1.67605430e-07 
 3.19400000e-04  1.67510828e-07 
 3.19500000e-04  1.67485146e-07 
 3.19600000e-04  1.53813992e-07 
 3.19700000e-04  1.53305480e-07 
 3.19800000e-04  1.53047639e-07 
 3.19900000e-04  1.52858103e-07 
 3.20000000e-04  1.52738984e-07 
 3.20100000e-04  1.68671620e-07 
 3.20200000e-04  1.68480324e-07 
 3.20300000e-04  1.68404700e-07 
 3.20400000e-04  1.68337552e-07 
 3.20500000e-04  1.68284202e-07 
 3.20600000e-04  1.55767246e-07 
 3.20700000e-04  1.55385444e-07 
 3.20800000e-04  1.55190509e-07 
 3.20900000e-04  1.55054455e-07 
 3.21000000e-04  1.54979091e-07 
 3.21100000e-04  1.68411023e-07 
 3.21200000e-04  1.68195934e-07 
 3.21300000e-04  1.68115113e-07 
 3.21400000e-04  1.68043470e-07 
 3.21500000e-04  1.68015778e-07 
 3.21600000e-04  1.54261941e-07 
 3.21700000e-04  1.53846944e-07 
 3.21800000e-04  1.53614197e-07 
 3.21900000e-04  1.53438130e-07 
 3.22000000e-04  1.53320485e-07 
 3.22100000e-04  1.69784976e-07 
 3.22200000e-04  1.69497174e-07 
 3.22300000e-04  1.69383823e-07 
 3.22400000e-04  1.69282314e-07 
 3.22500000e-04  1.69255535e-07 
 3.22600000e-04  1.58025402e-07 
 3.22700000e-04  1.57635456e-07 
 3.22800000e-04  1.57436870e-07 
 3.22900000e-04  1.57301256e-07 
 3.23000000e-04  1.57230499e-07 
 3.23100000e-04  1.70407672e-07 
 3.23200000e-04  1.69765201e-07 
 3.23300000e-04  1.69545665e-07 
 3.23400000e-04  1.69442692e-07 
 3.23500000e-04  1.69377382e-07 
 3.23600000e-04  1.55169665e-07 
 3.23700000e-04  1.54537616e-07 
 3.23800000e-04  1.54269342e-07 
 3.23900000e-04  1.54076995e-07 
 3.24000000e-04  1.53962139e-07 
 3.24100000e-04  1.03756195e-04 
 3.24200000e-04  1.03755815e-04 
 3.24300000e-04  1.03755694e-04 
 3.24400000e-04  1.03755590e-04 
 3.24500000e-04  1.03755536e-04 
 3.24600000e-04  1.03743015e-04 
 3.24700000e-04  1.03742617e-04 
 3.24800000e-04  1.03742428e-04 
 3.24900000e-04  1.03742285e-04 
 3.25000000e-04  1.03742191e-04 
 3.25100000e-04  1.70190655e-07 
 3.25200000e-04  1.69930853e-07 
 3.25300000e-04  1.69845835e-07 
 3.25400000e-04  1.69772833e-07 
 3.25500000e-04  1.69741035e-07 
 3.25600000e-04  1.55948560e-07 
 3.25700000e-04  1.55511195e-07 
 3.25800000e-04  1.55276188e-07 
 3.25900000e-04  1.55101073e-07 
 3.26000000e-04  1.54987685e-07 
 3.26100000e-04  1.73675761e-07 
 3.26200000e-04  1.72974827e-07 
 3.26300000e-04  1.72745075e-07 
 3.26400000e-04  1.72545004e-07 
 3.26500000e-04  1.72466130e-07 
 3.26600000e-04  1.66343314e-07 
 3.26700000e-04  1.65957935e-07 
 3.26800000e-04  1.65792323e-07 
 3.26900000e-04  1.65699832e-07 
 3.27000000e-04  1.65682717e-07 
 3.27100000e-04  1.68950452e-07 
 3.27200000e-04  1.68004737e-07 
 3.27300000e-04  1.67760030e-07 
 3.27400000e-04  1.67559837e-07 
 3.27500000e-04  1.67485000e-07 
 3.27600000e-04  1.53891108e-07 
 3.27700000e-04  1.53271921e-07 
 3.27800000e-04  1.52990251e-07 
 3.27900000e-04  1.52786838e-07 
 3.28000000e-04  1.52664104e-07 
 3.28100000e-04  1.68608053e-07 
 3.28200000e-04  1.68424932e-07 
 3.28300000e-04  1.68334270e-07 
 3.28400000e-04  1.68249846e-07 
 3.28500000e-04  1.68220639e-07 
 3.28600000e-04  1.55678513e-07 
 3.28700000e-04  1.55303964e-07 
 3.28800000e-04  1.55100784e-07 
 3.28900000e-04  1.54956291e-07 
 3.29000000e-04  1.54872279e-07 
 3.29100000e-04  1.68323755e-07 
 3.29200000e-04  1.68105649e-07 
 3.29300000e-04  1.68026819e-07 
 3.29400000e-04  1.67957707e-07 
 3.29500000e-04  1.67921187e-07 
 3.29600000e-04  1.54176522e-07 
 3.29700000e-04  1.53754736e-07 
 3.29800000e-04  1.53514716e-07 
 3.29900000e-04  1.53332754e-07 
 3.30000000e-04  1.53210628e-07 
 3.30100000e-04  1.69700131e-07 
 3.30200000e-04  1.69407997e-07 
 3.30300000e-04  1.69300764e-07 
 3.30400000e-04  1.69206091e-07 
 3.30500000e-04  1.69145663e-07 
 3.30600000e-04  1.57913832e-07 
 3.30700000e-04  1.57532186e-07 
 3.30800000e-04  1.57347514e-07 
 3.30900000e-04  1.57220056e-07 
 3.31000000e-04  1.57151559e-07 
 3.31100000e-04  1.68395832e-07 
 3.31200000e-04  1.68141047e-07 
 3.31300000e-04  1.68046371e-07 
 3.31400000e-04  1.67962041e-07 
 3.31500000e-04  1.67945221e-07 
 3.31600000e-04  1.54220386e-07 
 3.31700000e-04  1.53738134e-07 
 3.31800000e-04  1.53493303e-07 
 3.31900000e-04  1.53315372e-07 
 3.32000000e-04  1.53206395e-07 
 3.32100000e-04  1.69158478e-07 
 3.32200000e-04  1.68984086e-07 
 3.32300000e-04  1.68904876e-07 
 3.32400000e-04  1.68832212e-07 
 3.32500000e-04  1.68780424e-07 
 3.32600000e-04  1.56252801e-07 
 3.32700000e-04  1.55866468e-07 
 3.32800000e-04  1.55678922e-07 
 3.32900000e-04  1.55544398e-07 
 3.33000000e-04  1.55464509e-07 
 3.33100000e-04  1.68924813e-07 
 3.33200000e-04  1.68707403e-07 
 3.33300000e-04  1.68629453e-07 
 3.33400000e-04  1.68561250e-07 
 3.33500000e-04  1.68521541e-07 
 3.33600000e-04  1.54742038e-07 
 3.33700000e-04  1.54302019e-07 
 3.33800000e-04  1.54072904e-07 
 3.33900000e-04  1.53905360e-07 
 3.34000000e-04  1.53801270e-07 
 3.34100000e-04  1.70833560e-07 
 3.34200000e-04  1.70422296e-07 
 3.34300000e-04  1.70294156e-07 
 3.34400000e-04  1.70185593e-07 
 3.34500000e-04  1.70118939e-07 
 3.34600000e-04  1.60153997e-07 
 3.34700000e-04  1.59778354e-07 
 3.34800000e-04  1.59599508e-07 
 3.34900000e-04  1.59478268e-07 
 3.35000000e-04  1.59416388e-07 
 3.35100000e-04  1.68514625e-07 
 3.35200000e-04  1.68211205e-07 
 3.35300000e-04  1.68106890e-07 
 3.35400000e-04  1.68015754e-07 
 3.35500000e-04  1.67980567e-07 
 3.35600000e-04  1.54288426e-07 
 3.35700000e-04  1.53781746e-07 
 3.35800000e-04  1.53530261e-07 
 3.35900000e-04  1.53344841e-07 
 3.36000000e-04  1.53227512e-07 
 3.36100000e-04  1.69190365e-07 
 3.36200000e-04  1.68980724e-07 
 3.36300000e-04  1.68901851e-07 
 3.36400000e-04  1.68833375e-07 
 3.36500000e-04  1.68782056e-07 
 3.36600000e-04  1.56259330e-07 
 3.36700000e-04  1.55881886e-07 
 3.36800000e-04  1.55683964e-07 
 3.36900000e-04  1.55540788e-07 
 3.37000000e-04  1.55454023e-07 
 3.37100000e-04  1.68927640e-07 
 3.37200000e-04  1.68699594e-07 
 3.37300000e-04  1.68623714e-07 
 3.37400000e-04  1.68558727e-07 
 3.37500000e-04  1.68525824e-07 
 3.37600000e-04  1.54740456e-07 
 3.37700000e-04  1.54324055e-07 
 3.37800000e-04  1.54081201e-07 
 3.37900000e-04  1.53900644e-07 
 3.38000000e-04  1.53784287e-07 
 3.38100000e-04  1.70311973e-07 
 3.38200000e-04  1.70004959e-07 
 3.38300000e-04  1.69902747e-07 
 3.38400000e-04  1.69815131e-07 
 3.38500000e-04  1.69764793e-07 
 3.38600000e-04  1.58489619e-07 
 3.38700000e-04  1.58134645e-07 
 3.38800000e-04  1.57934049e-07 
 3.38900000e-04  1.57794328e-07 
 3.39000000e-04  1.57717341e-07 
 3.39100000e-04  1.68999353e-07 
 3.39200000e-04  1.68754373e-07 
 3.39300000e-04  1.68666590e-07 
 3.39400000e-04  1.68588972e-07 
 3.39500000e-04  1.68542907e-07 
 3.39600000e-04  1.54789786e-07 
 3.39700000e-04  1.54319649e-07 
 3.39800000e-04  1.54079576e-07 
 3.39900000e-04  1.53906417e-07 
 3.40000000e-04  1.53802221e-07 
 3.40100000e-04  1.69774420e-07 
 3.40200000e-04  1.69585826e-07 
 3.40300000e-04  1.69508527e-07 
 3.40400000e-04  1.69439296e-07 
 3.40500000e-04  1.69404675e-07 
 3.40600000e-04  1.56822077e-07 
 3.40700000e-04  1.56466472e-07 
 3.40800000e-04  1.56274830e-07 
 3.40900000e-04  1.56132690e-07 
 3.41000000e-04  1.56041549e-07 
 3.41100000e-04  1.69537466e-07 
 3.41200000e-04  1.69312110e-07 
 3.41300000e-04  1.69233950e-07 
 3.41400000e-04  1.69165970e-07 
 3.41500000e-04  1.69147816e-07 
 3.41600000e-04  1.55318672e-07 
 3.41700000e-04  1.54891909e-07 
 3.41800000e-04  1.54665151e-07 
 3.41900000e-04  1.54497331e-07 
 3.42000000e-04  1.54390243e-07 
 3.42100000e-04  1.71979976e-07 
 3.42200000e-04  1.71471917e-07 
 3.42300000e-04  1.71305991e-07 
 3.42400000e-04  1.71162798e-07 
 3.42500000e-04  1.71101983e-07 
 3.42600000e-04  1.62411113e-07 
 3.42700000e-04  1.62035370e-07 
 3.42800000e-04  1.61847522e-07 
 3.42900000e-04  1.61734312e-07 
 3.43000000e-04  1.61698031e-07 
 3.43100000e-04  1.68796289e-07 
 3.43200000e-04  1.68398827e-07 
 3.43300000e-04  1.68253411e-07 
 3.43400000e-04  1.68124894e-07 
 3.43500000e-04  1.68064067e-07 
 3.43600000e-04  1.54384791e-07 
 3.43700000e-04  1.53841262e-07 
 3.43800000e-04  1.53567904e-07 
 3.43900000e-04  1.53369048e-07 
 3.44000000e-04  1.53246976e-07 
 3.44100000e-04  1.69217348e-07 
 3.44200000e-04  1.69010668e-07 
 3.44300000e-04  1.68925082e-07 
 3.44400000e-04  1.68848706e-07 
 3.44500000e-04  1.68799305e-07 
 3.44600000e-04  1.56256343e-07 
 3.44700000e-04  1.55893704e-07 
 3.44800000e-04  1.55692758e-07 
 3.44900000e-04  1.55552339e-07 
 3.45000000e-04  1.55474289e-07 
 3.45100000e-04  1.68940949e-07 
 3.45200000e-04  1.68711262e-07 
 3.45300000e-04  1.68636631e-07 
 3.45400000e-04  1.68573496e-07 
 3.45500000e-04  1.68532640e-07 
 3.45600000e-04  1.54745616e-07 
 3.45700000e-04  1.54315414e-07 
 3.45800000e-04  1.54093232e-07 
 3.45900000e-04  1.53924353e-07 
 3.46000000e-04  1.53810387e-07 
 3.46100000e-04  1.70321914e-07 
 3.46200000e-04  1.70009933e-07 
 3.46300000e-04  1.69904994e-07 
 3.46400000e-04  1.69814930e-07 
 3.46500000e-04  1.69765559e-07 
 3.46600000e-04  1.58495211e-07 
 3.46700000e-04  1.58120792e-07 
 3.46800000e-04  1.57935661e-07 
 3.46900000e-04  1.57806223e-07 
 3.47000000e-04  1.57734165e-07 
 3.47100000e-04  1.69018282e-07 
 3.47200000e-04  1.68752009e-07 
 3.47300000e-04  1.68666610e-07 
 3.47400000e-04  1.68593678e-07 
 3.47500000e-04  1.68549561e-07 
 3.47600000e-04  1.54793869e-07 
 3.47700000e-04  1.54330477e-07 
 3.47800000e-04  1.54087804e-07 
 3.47900000e-04  1.53911289e-07 
 3.48000000e-04  1.53802945e-07 
 3.48100000e-04  1.69789002e-07 
 3.48200000e-04  1.69605664e-07 
 3.48300000e-04  1.69519566e-07 
 3.48400000e-04  1.69440275e-07 
 3.48500000e-04  1.69392524e-07 
 3.48600000e-04  1.56839879e-07 
 3.48700000e-04  1.56463676e-07 
 3.48800000e-04  1.56267061e-07 
 3.48900000e-04  1.56126358e-07 
 3.49000000e-04  1.56043258e-07 
 3.49100000e-04  1.69539152e-07 
 3.49200000e-04  1.69324821e-07 
 3.49300000e-04  1.69248627e-07 
 3.49400000e-04  1.69182025e-07 
 3.49500000e-04  1.69133275e-07 
 3.49600000e-04  1.55318331e-07 
 3.49700000e-04  1.54891804e-07 
 3.49800000e-04  1.54679083e-07 
 3.49900000e-04  1.54514691e-07 
 3.50000000e-04  1.54400079e-07 
 3.50100000e-04  1.71448424e-07 
 3.50200000e-04  1.71050567e-07 
 3.50300000e-04  1.70913477e-07 
 3.50400000e-04  1.70793701e-07 
 3.50500000e-04  1.70744883e-07 
 3.50600000e-04  1.60749418e-07 
 3.50700000e-04  1.60386680e-07 
 3.50800000e-04  1.60194251e-07 
 3.50900000e-04  1.60072594e-07 
 3.51000000e-04  1.60023871e-07 
 3.51100000e-04  1.69130135e-07 
 3.51200000e-04  1.68831315e-07 
 3.51300000e-04  1.68723284e-07 
 3.51400000e-04  1.68627476e-07 
 3.51500000e-04  1.68609993e-07 
 3.51600000e-04  1.54868787e-07 
 3.51700000e-04  1.54375891e-07 
 3.51800000e-04  1.54120092e-07 
 3.51900000e-04  1.53927979e-07 
 3.52000000e-04  1.53801485e-07 
 3.52100000e-04  1.69809578e-07 
 3.52200000e-04  1.69602110e-07 
 3.52300000e-04  1.69518848e-07 
 3.52400000e-04  1.69445040e-07 
 3.52500000e-04  1.69407275e-07 
 3.52600000e-04  1.56843935e-07 
 3.52700000e-04  1.56460462e-07 
 3.52800000e-04  1.56273055e-07 
 3.52900000e-04  1.56140925e-07 
 3.53000000e-04  1.56065735e-07 
 3.53100000e-04  1.69550052e-07 
 3.53200000e-04  1.69322104e-07 
 3.53300000e-04  1.69238959e-07 
 3.53400000e-04  1.69165914e-07 
 3.53500000e-04  1.69151725e-07 
 3.53600000e-04  1.55316921e-07 
 3.53700000e-04  1.54914877e-07 
 3.53800000e-04  1.54678254e-07 
 3.53900000e-04  1.54504768e-07 
 3.54000000e-04  1.54396334e-07 
 3.54100000e-04  1.70930061e-07 
 3.54200000e-04  1.70622956e-07 
 3.54300000e-04  1.70519239e-07 
 3.54400000e-04  1.70429919e-07 
 3.54500000e-04  1.70380152e-07 
 3.54600000e-04  1.59091120e-07 
 3.54700000e-04  1.58707257e-07 
 3.54800000e-04  1.58512041e-07 
 3.54900000e-04  1.58383660e-07 
 3.55000000e-04  1.58324141e-07 
 3.55100000e-04  1.69628998e-07 
 3.55200000e-04  1.69380452e-07 
 3.55300000e-04  1.69284115e-07 
 3.55400000e-04  1.69197230e-07 
 3.55500000e-04  1.69171686e-07 
 3.55600000e-04  1.55377203e-07 
 3.55700000e-04  1.54925436e-07 
 3.55800000e-04  1.54686970e-07 
 3.55900000e-04  1.54504274e-07 
 3.56000000e-04  1.54379029e-07 
 3.56100000e-04  1.70399465e-07 
 3.56200000e-04  1.70219162e-07 
 3.56300000e-04  1.70137269e-07 
 3.56400000e-04  1.70061992e-07 
 3.56500000e-04  1.70004330e-07 
 3.56600000e-04  1.57430634e-07 
 3.56700000e-04  1.57037722e-07 
 3.56800000e-04  1.56849446e-07 
 3.56900000e-04  1.56714541e-07 
 3.57000000e-04  1.56634609e-07 
 3.57100000e-04  1.70178297e-07 
 3.57200000e-04  1.69936692e-07 
 3.57300000e-04  1.69859566e-07 
 3.57400000e-04  1.69794923e-07 
 3.57500000e-04  1.69770645e-07 
 3.57600000e-04  1.55906304e-07 
 3.57700000e-04  1.55505749e-07 
 3.57800000e-04  1.55269810e-07 
 3.57900000e-04  1.55097228e-07 
 3.58000000e-04  1.54989827e-07 
 3.58100000e-04  1.76121011e-07 
 3.58200000e-04  1.74608053e-07 
 3.58300000e-04  1.74156902e-07 
 3.58400000e-04  1.73970905e-07 
 3.58500000e-04  1.73870586e-07 
 3.58600000e-04  1.66028437e-07 
 3.58700000e-04  1.65501590e-07 
 3.58800000e-04  1.65255200e-07 
 3.58900000e-04  1.65072290e-07 
 3.59000000e-04  1.64954127e-07 
 3.59100000e-04  1.03756362e-04 
 3.59200000e-04  1.03755380e-04 
 3.59300000e-04  1.03755096e-04 
 3.59400000e-04  1.03754860e-04 
 3.59500000e-04  1.03754771e-04 
 3.59600000e-04  1.03741126e-04 
 3.59700000e-04  1.03740509e-04 
 3.59800000e-04  1.03740218e-04 
 3.59900000e-04  1.03740009e-04 
 3.60000000e-04  1.03739884e-04 
 3.60100000e-04  1.70400684e-07 
 3.60200000e-04  1.70150244e-07 
 3.60300000e-04  1.70060975e-07 
 3.60400000e-04  1.69983827e-07 
 3.60500000e-04  1.69936967e-07 
 3.60600000e-04  1.57348319e-07 
 3.60700000e-04  1.56965633e-07 
 3.60800000e-04  1.56773561e-07 
 3.60900000e-04  1.56642343e-07 
 3.61000000e-04  1.56573812e-07 
 3.61100000e-04  1.70096654e-07 
 3.61200000e-04  1.69857687e-07 
 3.61300000e-04  1.69777680e-07 
 3.61400000e-04  1.69709657e-07 
 3.61500000e-04  1.69677809e-07 
 3.61600000e-04  1.55829351e-07 
 3.61700000e-04  1.55422337e-07 
 3.61800000e-04  1.55187576e-07 
 3.61900000e-04  1.55013723e-07 
 3.62000000e-04  1.54902612e-07 
 3.62100000e-04  1.71462101e-07 
 3.62200000e-04  1.71158118e-07 
 3.62300000e-04  1.71051502e-07 
 3.62400000e-04  1.70958868e-07 
 3.62500000e-04  1.70895406e-07 
 3.62600000e-04  1.59576661e-07 
 3.62700000e-04  1.59199462e-07 
 3.62800000e-04  1.59015225e-07 
 3.62900000e-04  1.58890346e-07 
 3.63000000e-04  1.58826611e-07 
 3.63100000e-04  1.70169636e-07 
 3.63200000e-04  1.69904179e-07 
 3.63300000e-04  1.69806115e-07 
 3.63400000e-04  1.69719130e-07 
 3.63500000e-04  1.69684950e-07 
 3.63600000e-04  1.55865246e-07 
 3.63700000e-04  1.55407193e-07 
 3.63800000e-04  1.55178270e-07 
 3.63900000e-04  1.55006744e-07 
 3.64000000e-04  1.54894339e-07 
 3.64100000e-04  1.70937026e-07 
 3.64200000e-04  1.70731369e-07 
 3.64300000e-04  1.70646177e-07 
 3.64400000e-04  1.70569857e-07 
 3.64500000e-04  1.70536857e-07 
 3.64600000e-04  1.57906378e-07 
 3.64700000e-04  1.57554722e-07 
 3.64800000e-04  1.57363161e-07 
 3.64900000e-04  1.57221057e-07 
 3.65000000e-04  1.57129881e-07 
 3.65100000e-04  1.70703072e-07 
 3.65200000e-04  1.70454388e-07 
 3.65300000e-04  1.70371025e-07 
 3.65400000e-04  1.70300214e-07 
 3.65500000e-04  1.70267766e-07 
 3.65600000e-04  1.56383021e-07 
 3.65700000e-04  1.55978580e-07 
 3.65800000e-04  1.55758426e-07 
 3.65900000e-04  1.55591556e-07 
 3.66000000e-04  1.55479560e-07 
 3.66100000e-04  1.72594837e-07 
 3.66200000e-04  1.72187624e-07 
 3.66300000e-04  1.72050585e-07 
 3.66400000e-04  1.71931828e-07 
 3.66500000e-04  1.71877268e-07 
 3.66600000e-04  1.61807454e-07 
 3.66700000e-04  1.61449146e-07 
 3.66800000e-04  1.61264990e-07 
 3.66900000e-04  1.61150228e-07 
 3.67000000e-04  1.61106961e-07 
 3.67100000e-04  1.70284127e-07 
 3.67200000e-04  1.69970644e-07 
 3.67300000e-04  1.69869549e-07 
 3.67400000e-04  1.69783096e-07 
 3.67500000e-04  1.69726727e-07 
 3.67600000e-04  1.55929658e-07 
 3.67700000e-04  1.55448234e-07 
 3.67800000e-04  1.55201640e-07 
 3.67900000e-04  1.55012727e-07 
 3.68000000e-04  1.54883226e-07 
 3.68100000e-04  1.70947790e-07 
 3.68200000e-04  1.70759969e-07 
 3.68300000e-04  1.70665233e-07 
 3.68400000e-04  1.70576584e-07 
 3.68500000e-04  1.70531534e-07 
 3.68600000e-04  1.57899931e-07 
 3.68700000e-04  1.57547268e-07 
 3.68800000e-04  1.57357437e-07 
 3.68900000e-04  1.57216686e-07 
 3.69000000e-04  1.57126470e-07 
 3.69100000e-04  1.70695687e-07 
 3.69200000e-04  1.70458761e-07 
 3.69300000e-04  1.70383861e-07 
 3.69400000e-04  1.70320638e-07 
 3.69500000e-04  1.70272035e-07 
 3.69600000e-04  1.56397669e-07 
 3.69700000e-04  1.55984235e-07 
 3.69800000e-04  1.55767681e-07 
 3.69900000e-04  1.55597838e-07 
 3.70000000e-04  1.55476084e-07 
 3.70100000e-04  1.72076443e-07 
 3.70200000e-04  1.71770369e-07 
 3.70300000e-04  1.71656893e-07 
 3.70400000e-04  1.71556611e-07 
 3.70500000e-04  1.71507626e-07 
 3.70600000e-04  1.60156941e-07 
 3.70700000e-04  1.59792512e-07 
 3.70800000e-04  1.59609469e-07 
 3.70900000e-04  1.59483190e-07 
 3.71000000e-04  1.59415370e-07 
 3.71100000e-04  1.70773622e-07 
 3.71200000e-04  1.70513107e-07 
 3.71300000e-04  1.70423014e-07 
 3.71400000e-04  1.70344226e-07 
 3.71500000e-04  1.70302642e-07 
 3.71600000e-04  1.56450773e-07 
 3.71700000e-04  1.56007087e-07 
 3.71800000e-04  1.55769869e-07 
 3.71900000e-04  1.55590382e-07 
 3.72000000e-04  1.55470353e-07 
 3.72100000e-04  1.71544190e-07 
 3.72200000e-04  1.71363948e-07 
 3.72300000e-04  1.71275296e-07 
 3.72400000e-04  1.71192806e-07 
 3.72500000e-04  1.71156261e-07 
 3.72600000e-04  1.58489124e-07 
 3.72700000e-04  1.58121017e-07 
 3.72800000e-04  1.57943325e-07 
 3.72900000e-04  1.57813191e-07 
 3.73000000e-04  1.57732016e-07 
 3.73100000e-04  1.71305024e-07 
 3.73200000e-04  1.71073035e-07 
 3.73300000e-04  1.70990255e-07 
 3.73400000e-04  1.70918044e-07 
 3.73500000e-04  1.70880125e-07 
 3.73600000e-04  1.56984281e-07 
 3.73700000e-04  1.56575981e-07 
 3.73800000e-04  1.56347896e-07 
 3.73900000e-04  1.56177467e-07 
 3.74000000e-04  1.56066415e-07 
 3.74100000e-04  1.73760094e-07 
 3.74200000e-04  1.73247264e-07 
 3.74300000e-04  1.73072121e-07 
 3.74400000e-04  1.72919174e-07 
 3.74500000e-04  1.72852193e-07 
 3.74600000e-04  1.64061452e-07 
 3.74700000e-04  1.63705464e-07 
 3.74800000e-04  1.63520789e-07 
 3.74900000e-04  1.63407958e-07 
 3.75000000e-04  1.63369139e-07 
 3.75100000e-04  1.70575386e-07 
 3.75200000e-04  1.70163340e-07 
 3.75300000e-04  1.70008894e-07 
 3.75400000e-04  1.69872141e-07 
 3.75500000e-04  1.69811583e-07 
 3.75600000e-04  1.56033296e-07 
 3.75700000e-04  1.55489808e-07 
 3.75800000e-04  1.55237814e-07 
 3.75900000e-04  1.55050539e-07 
 3.76000000e-04  1.54929930e-07 
 3.76100000e-04  1.70983840e-07 
 3.76200000e-04  1.70790776e-07 
 3.76300000e-04  1.70695764e-07 
 3.76400000e-04  1.70607347e-07 
 3.76500000e-04  1.70570469e-07 
 3.76600000e-04  1.57909543e-07 
 3.76700000e-04  1.57563959e-07 
 3.76800000e-04  1.57364767e-07 
 3.76900000e-04  1.57229839e-07 
 3.77000000e-04  1.57161105e-07 
 3.77100000e-04  1.70712673e-07 
 3.77200000e-04  1.70479297e-07 
 3.77300000e-04  1.70399987e-07 
 3.77400000e-04  1.70331658e-07 
 3.77500000e-04  1.70282028e-07 
 3.77600000e-04  1.56400953e-07 
 3.77700000e-04  1.55991322e-07 
 3.77800000e-04  1.55769390e-07 
 3.77900000e-04  1.55597606e-07 
 3.78000000e-04  1.55477451e-07 
 3.78100000e-04  1.72081427e-07 
 3.78200000e-04  1.71776096e-07 
 3.78300000e-04  1.71659502e-07 
 3.78400000e-04  1.71555629e-07 
 3.78500000e-04  1.71502728e-07 
 3.78600000e-04  1.60162200e-07 
 3.78700000e-04  1.59786648e-07 
 3.78800000e-04  1.59607258e-07 
 3.78900000e-04  1.59482687e-07 
 3.79000000e-04  1.59414562e-07 
 3.79100000e-04  1.70781888e-07 
 3.79200000e-04  1.70512845e-07 
 3.79300000e-04  1.70417375e-07 
 3.79400000e-04  1.70333292e-07 
 3.79500000e-04  1.70311508e-07 
 3.79600000e-04  1.56451879e-07 
 3.79700000e-04  1.55989888e-07 
 3.79800000e-04  1.55762816e-07 
 3.79900000e-04  1.55592969e-07 
 3.80000000e-04  1.55482047e-07 
 3.80100000e-04  1.71562571e-07 
 3.80200000e-04  1.71365622e-07 
 3.80300000e-04  1.71272941e-07 
 3.80400000e-04  1.71187902e-07 
 3.80500000e-04  1.71149673e-07 
 3.80600000e-04  1.58488988e-07 
 3.80700000e-04  1.58117983e-07 
 3.80800000e-04  1.57931566e-07 
 3.80900000e-04  1.57800018e-07 
 3.81000000e-04  1.57724967e-07 
 3.81100000e-04  1.71319032e-07 
 3.81200000e-04  1.71082078e-07 
 3.81300000e-04  1.70996057e-07 
 3.81400000e-04  1.70920977e-07 
 3.81500000e-04  1.70885027e-07 
 3.81600000e-04  1.56964957e-07 
 3.81700000e-04  1.56581914e-07 
 3.81800000e-04  1.56349694e-07 
 3.81900000e-04  1.56175326e-07 
 3.82000000e-04  1.56060530e-07 
 3.82100000e-04  1.73218740e-07 
 3.82200000e-04  1.72814636e-07 
 3.82300000e-04  1.72675604e-07 
 3.82400000e-04  1.72554368e-07 
 3.82500000e-04  1.72482296e-07 
 3.82600000e-04  1.62405627e-07 
 3.82700000e-04  1.62040778e-07 
 3.82800000e-04  1.61865600e-07 
 3.82900000e-04  1.61749168e-07 
 3.83000000e-04  1.61693231e-07 
 3.83100000e-04  1.70911581e-07 
 3.83200000e-04  1.70597125e-07 
 3.83300000e-04  1.70482113e-07 
 3.83400000e-04  1.70380612e-07 
 3.83500000e-04  1.70340998e-07 
 3.83600000e-04  1.56513537e-07 
 3.83700000e-04  1.56032158e-07 
 3.83800000e-04  1.55792814e-07 
 3.83900000e-04  1.55609406e-07 
 3.84000000e-04  1.55483589e-07 
 3.84100000e-04  1.71578748e-07 
 3.84200000e-04  1.71384709e-07 
 3.84300000e-04  1.71293127e-07 
 3.84400000e-04  1.71209019e-07 
 3.84500000e-04  1.71156026e-07 
 3.84600000e-04  1.58503330e-07 
 3.84700000e-04  1.58141035e-07 
 3.84800000e-04  1.57955489e-07 
 3.84900000e-04  1.57821266e-07 
 3.85000000e-04  1.57739873e-07 
 3.85100000e-04  1.71330952e-07 
 3.85200000e-04  1.71085098e-07 
 3.85300000e-04  1.70999787e-07 
 3.85400000e-04  1.70926220e-07 
 3.85500000e-04  1.70897177e-07 
 3.85600000e-04  1.56997658e-07 
 3.85700000e-04  1.56581054e-07 
 3.85800000e-04  1.56358202e-07 
 3.85900000e-04  1.56191342e-07 
 3.86000000e-04  1.56082137e-07 
 3.86100000e-04  1.72707362e-07 
 3.86200000e-04  1.72396039e-07 
 3.86300000e-04  1.72288095e-07 
 3.86400000e-04  1.72194780e-07 
 3.86500000e-04  1.72129353e-07 
 3.86600000e-04  1.60741629e-07 
 3.86700000e-04  1.60376009e-07 
 3.86800000e-04  1.60203699e-07 
 3.86900000e-04  1.60084182e-07 
 3.87000000e-04  1.60019011e-07 
 3.87100000e-04  1.71411967e-07 
 3.87200000e-04  1.71134359e-07 
 3.87300000e-04  1.71036160e-07 
 3.87400000e-04  1.70950388e-07 
 3.87500000e-04  1.70915677e-07 
 3.87600000e-04  1.57035538e-07 
 3.87700000e-04  1.56594488e-07 
 3.87800000e-04  1.56364161e-07 
 3.87900000e-04  1.56191907e-07 
 3.88000000e-04  1.56079444e-07 
 3.88100000e-04  1.72177484e-07 
 3.88200000e-04  1.71970675e-07 
 3.88300000e-04  1.71881500e-07 
 3.88400000e-04  1.71800857e-07 
 3.88500000e-04  1.71759717e-07 
 3.88600000e-04  1.59069512e-07 
 3.88700000e-04  1.58721668e-07 
 3.88800000e-04  1.58535534e-07 
 3.88900000e-04  1.58404412e-07 
 3.89000000e-04  1.58329922e-07 
 3.89100000e-04  1.71941071e-07 
 3.89200000e-04  1.71697480e-07 
 3.89300000e-04  1.71618981e-07 
 3.89400000e-04  1.71552524e-07 
 3.89500000e-04  1.71513945e-07 
 3.89600000e-04  1.57570066e-07 
 3.89700000e-04  1.57168150e-07 
 3.89800000e-04  1.56948218e-07 
 3.89900000e-04  1.56783282e-07 
 3.90000000e-04  1.56674961e-07 
 3.90100000e-04  1.75965138e-07 
 3.90200000e-04  1.75129281e-07 
 3.90300000e-04  1.74870455e-07 
 3.90400000e-04  1.74649056e-07 
 3.90500000e-04  1.74570664e-07 
 3.90600000e-04  1.69649489e-07 
 3.90700000e-04  1.69274957e-07 
 3.90800000e-04  1.69115488e-07 
 3.90900000e-04  1.69025749e-07 
 3.91000000e-04  1.69007828e-07 
 3.91100000e-04  1.70178468e-07 
 3.91200000e-04  1.69193727e-07 
 3.91300000e-04  1.68929829e-07 
 3.91400000e-04  1.68711918e-07 
 3.91500000e-04  1.68635987e-07 
 3.91600000e-04  1.55005906e-07 
 3.91700000e-04  1.54343777e-07 
 3.91800000e-04  1.54062047e-07 
 3.91900000e-04  1.53859439e-07 
 3.92000000e-04  1.53738341e-07 
 3.92100000e-04  1.69750861e-07 
 3.92200000e-04  1.69553031e-07 
 3.92300000e-04  1.69466071e-07 
 3.92400000e-04  1.69387001e-07 
 3.92500000e-04  1.69334847e-07 
 3.92600000e-04  1.56740316e-07 
 3.92700000e-04  1.56363666e-07 
 3.92800000e-04  1.56179396e-07 
 3.92900000e-04  1.56043705e-07 
 3.93000000e-04  1.55958007e-07 
 3.93100000e-04  1.69483172e-07 
 3.93200000e-04  1.69239111e-07 
 3.93300000e-04  1.69161589e-07 
 3.93400000e-04  1.69096661e-07 
 3.93500000e-04  1.69065341e-07 
 3.93600000e-04  1.55232240e-07 
 3.93700000e-04  1.54804914e-07 
 3.93800000e-04  1.54578512e-07 
 3.93900000e-04  1.54404111e-07 
 3.94000000e-04  1.54283237e-07 
 3.94100000e-04  1.70836781e-07 
 3.94200000e-04  1.70551464e-07 
 3.94300000e-04  1.70434954e-07 
 3.94400000e-04  1.70329257e-07 
 3.94500000e-04  1.70281158e-07 
 3.94600000e-04  1.58979438e-07 
 3.94700000e-04  1.58617416e-07 
 3.94800000e-04  1.58425744e-07 
 3.94900000e-04  1.58290275e-07 
 3.95000000e-04  1.58212668e-07 
 3.95100000e-04  1.69542560e-07 
 3.95200000e-04  1.69268631e-07 
 3.95300000e-04  1.69184273e-07 
 3.95400000e-04  1.69113120e-07 
 3.95500000e-04  1.69069633e-07 
 3.95600000e-04  1.55279381e-07 
 3.95700000e-04  1.54827666e-07 
 3.95800000e-04  1.54579875e-07 
 3.95900000e-04  1.54400834e-07 
 3.96000000e-04  1.54292596e-07 
 3.96100000e-04  1.70300521e-07 
 3.96200000e-04  1.70106432e-07 
 3.96300000e-04  1.70030306e-07 
 3.96400000e-04  1.69963016e-07 
 3.96500000e-04  1.69915674e-07 
 3.96600000e-04  1.57312338e-07 
 3.96700000e-04  1.56942041e-07 
 3.96800000e-04  1.56750299e-07 
 3.96900000e-04  1.56610996e-07 
 3.97000000e-04  1.56525667e-07 
 3.97100000e-04  1.70069615e-07 
 3.97200000e-04  1.69833152e-07 
 3.97300000e-04  1.69756884e-07 
 3.97400000e-04  1.69692383e-07 
 3.97500000e-04  1.69646907e-07 
 3.97600000e-04  1.55803270e-07 
 3.97700000e-04  1.55387296e-07 
 3.97800000e-04  1.55164554e-07 
 3.97900000e-04  1.54997596e-07 
 3.98000000e-04  1.54888060e-07 
 3.98100000e-04  1.71980976e-07 
 3.98200000e-04  1.71560918e-07 
 3.98300000e-04  1.71423419e-07 
 3.98400000e-04  1.71305445e-07 
 3.98500000e-04  1.71245225e-07 
 3.98600000e-04  1.61232495e-07 
 3.98700000e-04  1.60861292e-07 
 3.98800000e-04  1.60677382e-07 
 3.98900000e-04  1.60552451e-07 
 3.99000000e-04  1.60488238e-07 
 3.99100000e-04  1.69661155e-07 
 3.99200000e-04  1.69350054e-07 
 3.99300000e-04  1.69238072e-07 
 3.99400000e-04  1.69139579e-07 
 3.99500000e-04  1.69112523e-07 
 3.99600000e-04  1.55332761e-07 
 3.99700000e-04  1.54841352e-07 
 3.99800000e-04  1.54596837e-07 
 3.99900000e-04  1.54413457e-07 
 4.00000000e-04  1.54293017e-07 
 4.00100000e-04  1.70311482e-07 
 4.00200000e-04  1.70121194e-07 
 4.00300000e-04  1.70042098e-07 
 4.00400000e-04  1.69970965e-07 
 4.00500000e-04  1.69934027e-07 
 4.00600000e-04  1.57316088e-07 
 4.00700000e-04  1.56936243e-07 
 4.00800000e-04  1.56746136e-07 
 4.00900000e-04  1.56610979e-07 
 4.01000000e-04  1.56532387e-07 
 4.01100000e-04  1.70072904e-07 
 4.01200000e-04  1.69848900e-07 
 4.01300000e-04  1.69764688e-07 
 4.01400000e-04  1.69690487e-07 
 4.01500000e-04  1.69659713e-07 
 4.01600000e-04  1.55811387e-07 
 4.01700000e-04  1.55380920e-07 
 4.01800000e-04  1.55155661e-07 
 4.01900000e-04  1.54989157e-07 
 4.02000000e-04  1.54883141e-07 
 4.02100000e-04  1.71453557e-07 
 4.02200000e-04  1.71147731e-07 
 4.02300000e-04  1.71038111e-07 
 4.02400000e-04  1.70942248e-07 
 4.02500000e-04  1.70878584e-07 
 4.02600000e-04  1.59558672e-07 
 4.02700000e-04  1.59183632e-07 
 4.02800000e-04  1.59008097e-07 
 4.02900000e-04  1.58882573e-07 
 4.03000000e-04  1.58808511e-07 
 4.03100000e-04  1.70161631e-07 
 4.03200000e-04  1.69891885e-07 
 4.03300000e-04  1.69791459e-07 
 4.03400000e-04  1.69702355e-07 
 4.03500000e-04  1.69680844e-07 
 4.03600000e-04  1.55862170e-07 
 4.03700000e-04  1.55404318e-07 
 4.03800000e-04  1.55171538e-07 
 4.03900000e-04  1.54990470e-07 
 4.04000000e-04  1.54862621e-07 
 4.04100000e-04  1.70923097e-07 
 4.04200000e-04  1.70718968e-07 
 4.04300000e-04  1.70642491e-07 
 4.04400000e-04  1.70575768e-07 
 4.04500000e-04  1.70524216e-07 
 4.04600000e-04  1.57906221e-07 
 4.04700000e-04  1.57539180e-07 
 4.04800000e-04  1.57349311e-07 
 4.04900000e-04  1.57210360e-07 
 4.05000000e-04  1.57123804e-07 
 4.05100000e-04  1.70681391e-07 
 4.05200000e-04  1.70456187e-07 
 4.05300000e-04  1.70370633e-07 
 4.05400000e-04  1.70294619e-07 
 4.05500000e-04  1.70260046e-07 
 4.05600000e-04  1.56393284e-07 
 4.05700000e-04  1.55972061e-07 
 4.05800000e-04  1.55753270e-07 
 4.05900000e-04  1.55582483e-07 
 4.06000000e-04  1.55461084e-07 
 4.06100000e-04  1.73135013e-07 
 4.06200000e-04  1.72623914e-07 
 4.06300000e-04  1.72445647e-07 
 4.06400000e-04  1.72289161e-07 
 4.06500000e-04  1.72220301e-07 
 4.06600000e-04  1.63472916e-07 
 4.06700000e-04  1.63106998e-07 
 4.06800000e-04  1.62927277e-07 
 4.06900000e-04  1.62815497e-07 
 4.07000000e-04  1.62773677e-07 
 4.07100000e-04  1.69935288e-07 
 4.07200000e-04  1.69542943e-07 
 4.07300000e-04  1.69393985e-07 
 4.07400000e-04  1.69261262e-07 
 4.07500000e-04  1.69202248e-07 
 4.07600000e-04  1.55449191e-07 
 4.07700000e-04  1.54905855e-07 
 4.07800000e-04  1.54653037e-07 
 4.07900000e-04  1.54462555e-07 
 4.08000000e-04  1.54336242e-07 
 4.08100000e-04  1.70345442e-07 
 4.08200000e-04  1.70152105e-07 
 4.08300000e-04  1.70063095e-07 
 4.08400000e-04  1.69981220e-07 
 4.08500000e-04  1.69948223e-07 
 4.08600000e-04  1.57333571e-07 
 4.08700000e-04  1.56968668e-07 
 4.08800000e-04  1.56772331e-07 
 4.08900000e-04  1.56630455e-07 
 4.09000000e-04  1.56544623e-07 
 4.09100000e-04  1.70075196e-07 
 4.09200000e-04  1.69850411e-07 
 4.09300000e-04  1.69772895e-07 
 4.09400000e-04  1.69705596e-07 
 4.09500000e-04  1.69658532e-07 
 4.09600000e-04  1.55809205e-07 
 4.09700000e-04  1.55399915e-07 
 4.09800000e-04  1.55167624e-07 
 4.09900000e-04  1.54993063e-07 
 4.10000000e-04  1.54877920e-07 
 4.10100000e-04  1.71447777e-07 
 4.10200000e-04  1.71158108e-07 
 4.10300000e-04  1.71040990e-07 
 4.10400000e-04  1.70935231e-07 
 4.10500000e-04  1.70886668e-07 
 4.10600000e-04  1.59562454e-07 
 4.10700000e-04  1.59187921e-07 
 4.10800000e-04  1.59000007e-07 
 4.10900000e-04  1.58875316e-07 
 4.11000000e-04  1.58815709e-07 
 4.11100000e-04  1.70161469e-07 
 4.11200000e-04  1.69890603e-07 
 4.11300000e-04  1.69792023e-07 
 4.11400000e-04  1.69704924e-07 
 4.11500000e-04  1.69684637e-07 
 4.11600000e-04  1.55862711e-07 
 4.11700000e-04  1.55395368e-07 
 4.11800000e-04  1.55161738e-07 
 4.11900000e-04  1.54989417e-07 
 4.12000000e-04  1.54880205e-07 
 4.12100000e-04  1.70918107e-07 
 4.12200000e-04  1.70720659e-07 
 4.12300000e-04  1.70640764e-07 
 4.12400000e-04  1.70569294e-07 
 4.12500000e-04  1.70529787e-07 
 4.12600000e-04  1.57902396e-07 
 4.12700000e-04  1.57525905e-07 
 4.12800000e-04  1.57342083e-07 
 4.12900000e-04  1.57212107e-07 
 4.13000000e-04  1.57137542e-07 
 4.13100000e-04  1.70696469e-07 
 4.13200000e-04  1.70469795e-07 
 4.13300000e-04  1.70384862e-07 
 4.13400000e-04  1.70309983e-07 
 4.13500000e-04  1.70267400e-07 
 4.13600000e-04  1.56384839e-07 
 4.13700000e-04  1.55975571e-07 
 4.13800000e-04  1.55757273e-07 
 4.13900000e-04  1.55590075e-07 
 4.14000000e-04  1.55475451e-07 
 4.14100000e-04  1.72594549e-07 
 4.14200000e-04  1.72189521e-07 
 4.14300000e-04  1.72049111e-07 
 4.14400000e-04  1.71926068e-07 
 4.14500000e-04  1.71855267e-07 
 4.14600000e-04  1.61825013e-07 
 4.14700000e-04  1.61448044e-07 
 4.14800000e-04  1.61263617e-07 
 4.14900000e-04  1.61145642e-07 
 4.15000000e-04  1.61096079e-07 
 4.15100000e-04  1.70285850e-07 
 4.15200000e-04  1.69969175e-07 
 4.15300000e-04  1.69865091e-07 
 4.15400000e-04  1.69775852e-07 
 4.15500000e-04  1.69730310e-07 
 4.15600000e-04  1.55935650e-07 
 4.15700000e-04  1.55430253e-07 
 4.15800000e-04  1.55191032e-07 
 4.15900000e-04  1.55007846e-07 
 4.16000000e-04  1.54882322e-07 
 4.16100000e-04  1.70945392e-07 
 4.16200000e-04  1.70752205e-07 
 4.16300000e-04  1.70657880e-07 
 4.16400000e-04  1.70570357e-07 
 4.16500000e-04  1.70526008e-07 
 4.16600000e-04  1.57899450e-07 
 4.16700000e-04  1.57532108e-07 
 4.16800000e-04  1.57351357e-07 
 4.16900000e-04  1.57214722e-07 
 4.17000000e-04  1.57123452e-07 
 4.17100000e-04  1.70697863e-07 
 4.17200000e-04  1.70471538e-07 
 4.17300000e-04  1.70386963e-07 
 4.17400000e-04  1.70312356e-07 
 4.17500000e-04  1.70268953e-07 
 4.17600000e-04  1.56383718e-07 
 4.17700000e-04  1.55980671e-07 
 4.17800000e-04  1.55752753e-07 
 4.17900000e-04  1.55579750e-07 
 4.18000000e-04  1.55463251e-07 
 4.18100000e-04  1.72076394e-07 
 4.18200000e-04  1.71769964e-07 
 4.18300000e-04  1.71652557e-07 
 4.18400000e-04  1.71548314e-07 
 4.18500000e-04  1.71495881e-07 
 4.18600000e-04  1.60160411e-07 
 4.18700000e-04  1.59787829e-07 
 4.18800000e-04  1.59603973e-07 
 4.18900000e-04  1.59475617e-07 
 4.19000000e-04  1.59404372e-07 
 4.19100000e-04  1.70787247e-07 
 4.19200000e-04  1.70511789e-07 
 4.19300000e-04  1.70419919e-07 
 4.19400000e-04  1.70340879e-07 
 4.19500000e-04  1.70299179e-07 
 4.19600000e-04  1.56432078e-07 
 4.19700000e-04  1.55996734e-07 
 4.19800000e-04  1.55766700e-07 
 4.19900000e-04  1.55589001e-07 
 4.20000000e-04  1.55465145e-07 
 4.20100000e-04  1.71548642e-07 
 4.20200000e-04  1.71351869e-07 
 4.20300000e-04  1.71266265e-07 
 4.20400000e-04  1.71188561e-07 
 4.20500000e-04  1.71150425e-07 
 4.20600000e-04  1.58479027e-07 
 4.20700000e-04  1.58132446e-07 
 4.20800000e-04  1.57933992e-07 
 4.20900000e-04  1.57796878e-07 
 4.21000000e-04  1.57722901e-07 
 4.21100000e-04  1.71317869e-07 
 4.21200000e-04  1.71079092e-07 
 4.21300000e-04  1.70991885e-07 
 4.21400000e-04  1.70915800e-07 
 4.21500000e-04  1.70883004e-07 
 4.21600000e-04  1.56980993e-07 
 4.21700000e-04  1.56556964e-07 
 4.21800000e-04  1.56337760e-07 
 4.21900000e-04  1.56175199e-07 
 4.22000000e-04  1.56070925e-07 
 4.22100000e-04  1.74278962e-07 
 4.22200000e-04  1.73669316e-07 
 4.22300000e-04  1.73461374e-07 
 4.22400000e-04  1.73279245e-07 
 4.22500000e-04  1.73224761e-07 
 4.22600000e-04  1.65723200e-07 
 4.22700000e-04  1.65358132e-07 
 4.22800000e-04  1.65189927e-07 
 4.22900000e-04  1.65082732e-07 
 4.23000000e-04  1.65038330e-07 
 4.23100000e-04  1.70566340e-07 
 4.23200000e-04  1.69784021e-07 
 4.23300000e-04  1.69541511e-07 
 4.23400000e-04  1.69335254e-07 
 4.23500000e-04  1.69233346e-07 
 4.23600000e-04  1.55516753e-07 
 4.23700000e-04  1.54929196e-07 
 4.23800000e-04  1.54660405e-07 
 4.23900000e-04  1.54458836e-07 
 4.24000000e-04  1.54326464e-07 
 4.24100000e-04  1.70382270e-07 
 4.24200000e-04  1.70170731e-07 
 4.24300000e-04  1.70078651e-07 
 4.24400000e-04  1.69995616e-07 
 4.24500000e-04  1.69949427e-07 
 4.24600000e-04  1.57334474e-07 
 4.24700000e-04  1.56958893e-07 
 4.24800000e-04  1.56766991e-07 
 4.24900000e-04  1.56628765e-07 
 4.25000000e-04  1.56545763e-07 
 4.25100000e-04  1.70092463e-07 
 4.25200000e-04  1.69868663e-07 
 4.25300000e-04  1.69777709e-07 
 4.25400000e-04  1.69695642e-07 
 4.25500000e-04  1.69661615e-07 
 4.25600000e-04  1.55804534e-07 
 4.25700000e-04  1.55408262e-07 
 4.25800000e-04  1.55175258e-07 
 4.25900000e-04  1.55002972e-07 
 4.26000000e-04  1.54893169e-07 
 4.26100000e-04  1.71470007e-07 
 4.26200000e-04  1.71154546e-07 
 4.26300000e-04  1.71046473e-07 
 4.26400000e-04  1.70953389e-07 
 4.26500000e-04  1.70887781e-07 
 4.26600000e-04  1.59573440e-07 
 4.26700000e-04  1.59206977e-07 
 4.26800000e-04  1.59013105e-07 
 4.26900000e-04  1.58882779e-07 
 4.27000000e-04  1.58817855e-07 
 4.27100000e-04  1.70164282e-07 
 4.27200000e-04  1.69895877e-07 
 4.27300000e-04  1.69800067e-07 
 4.27400000e-04  1.69715765e-07 
 4.27500000e-04  1.69684592e-07 
 4.27600000e-04  1.55869843e-07 
 4.27700000e-04  1.55407077e-07 
 4.27800000e-04  1.55167280e-07 
 4.27900000e-04  1.54992654e-07 
 4.28000000e-04  1.54885104e-07 
 4.28100000e-04  1.70920289e-07 
 4.28200000e-04  1.70740437e-07 
 4.28300000e-04  1.70645685e-07 
 4.28400000e-04  1.70556436e-07 
 4.28500000e-04  1.70520352e-07 
 4.28600000e-04  1.57891680e-07 
 4.28700000e-04  1.57521293e-07 
 4.28800000e-04  1.57333538e-07 
 4.28900000e-04  1.57204687e-07 
 4.29000000e-04  1.57136444e-07 
 4.29100000e-04  1.70680911e-07 
 4.29200000e-04  1.70446643e-07 
 4.29300000e-04  1.70363611e-07 
 4.29400000e-04  1.70291518e-07 
 4.29500000e-04  1.70269588e-07 
 4.29600000e-04  1.56392078e-07 
 4.29700000e-04  1.55979348e-07 
 4.29800000e-04  1.55749494e-07 
 4.29900000e-04  1.55581402e-07 
 4.30000000e-04  1.55476865e-07 
 4.30100000e-04  1.72611807e-07 
 4.30200000e-04  1.72202901e-07 
 4.30300000e-04  1.72051238e-07 
 4.30400000e-04  1.71916970e-07 
 4.30500000e-04  1.71870818e-07 
 4.30600000e-04  1.61820043e-07 
 4.30700000e-04  1.61449495e-07 
 4.30800000e-04  1.61266964e-07 
 4.30900000e-04  1.61143117e-07 
 4.31000000e-04  1.61079647e-07 
 4.31100000e-04  1.70282627e-07 
 4.31200000e-04  1.69977439e-07 
 4.31300000e-04  1.69869381e-07 
 4.31400000e-04  1.69774362e-07 
 4.31500000e-04  1.69727568e-07 
 4.31600000e-04  1.55933479e-07 
 4.31700000e-04  1.55432516e-07 
 4.31800000e-04  1.55186352e-07 
 4.31900000e-04  1.55005775e-07 
 4.32000000e-04  1.54892707e-07 
 4.32100000e-04  1.70944707e-07 
 4.32200000e-04  1.70747470e-07 
 4.32300000e-04  1.70663033e-07 
 4.32400000e-04  1.70587032e-07 
 4.32500000e-04  1.70542963e-07 
 4.32600000e-04  1.57908457e-07 
 4.32700000e-04  1.57532844e-07 
 4.32800000e-04  1.57344837e-07 
 4.32900000e-04  1.57214203e-07 
 4.33000000e-04  1.57142594e-07 
 4.33100000e-04  1.70691964e-07 
 4.33200000e-04  1.70463407e-07 
 4.33300000e-04  1.70386136e-07 
 4.33400000e-04  1.70319670e-07 
 4.33500000e-04  1.70268386e-07 
 4.33600000e-04  1.56396631e-07 
 4.33700000e-04  1.55975727e-07 
 4.33800000e-04  1.55751805e-07 
 4.33900000e-04  1.55584944e-07 
 4.34000000e-04  1.55476791e-07 
 4.34100000e-04  1.72074024e-07 
 4.34200000e-04  1.71769547e-07 
 4.34300000e-04  1.71654412e-07 
 4.34400000e-04  1.71552320e-07 
 4.34500000e-04  1.71494066e-07 
 4.34600000e-04  1.60159526e-07 
 4.34700000e-04  1.59778341e-07 
 4.34800000e-04  1.59596963e-07 
 4.34900000e-04  1.59470441e-07 
 4.35000000e-04  1.59400347e-07 
 4.35100000e-04  1.70774471e-07 
 4.35200000e-04  1.70501749e-07 
 4.35300000e-04  1.70408748e-07 
 4.35400000e-04  1.70327761e-07 
 4.35500000e-04  1.70299924e-07 
 4.35600000e-04  1.56446860e-07 
 4.35700000e-04  1.55990036e-07 
 4.35800000e-04  1.55768454e-07 
 4.35900000e-04  1.55595317e-07 
 4.36000000e-04  1.55471987e-07 
 4.36100000e-04  1.71545256e-07 
 4.36200000e-04  1.71361592e-07 
 4.36300000e-04  1.71271013e-07 
 4.36400000e-04  1.71186819e-07 
 4.36500000e-04  1.71133426e-07 
 4.36600000e-04  1.58476436e-07 
 4.36700000e-04  1.58111773e-07 
 4.36800000e-04  1.57937243e-07 
 4.36900000e-04  1.57807833e-07 
 4.37000000e-04  1.57724806e-07 
 4.37100000e-04  1.71305262e-07 
 4.37200000e-04  1.71075855e-07 
 4.37300000e-04  1.70990385e-07 
 4.37400000e-04  1.70914803e-07 
 4.37500000e-04  1.70880425e-07 
 4.37600000e-04  1.56986264e-07 
 4.37700000e-04  1.56576901e-07 
 4.37800000e-04  1.56352021e-07 
 4.37900000e-04  1.56182965e-07 
 4.38000000e-04  1.56071337e-07 
 4.38100000e-04  1.73752345e-07 
 4.38200000e-04  1.73235095e-07 
 4.38300000e-04  1.73060153e-07 
 4.38400000e-04  1.72907615e-07 
 4.38500000e-04  1.72849191e-07 
 4.38600000e-04  1.64072799e-07 
 4.38700000e-04  1.63694985e-07 
 4.38800000e-04  1.63521234e-07 
 4.38900000e-04  1.63412925e-07 
 4.39000000e-04  1.63371968e-07 
 4.39100000e-04  1.70559659e-07 
 4.39200000e-04  1.70176806e-07 
 4.39300000e-04  1.70015886e-07 
 4.39400000e-04  1.69869318e-07 
 4.39500000e-04  1.69805799e-07 
 4.39600000e-04  1.56046246e-07 
 4.39700000e-04  1.55499331e-07 
 4.39800000e-04  1.55240275e-07 
 4.39900000e-04  1.55049123e-07 
 4.40000000e-04  1.54927857e-07 
 4.40100000e-04  1.70975303e-07 
 4.40200000e-04  1.70778750e-07 
 4.40300000e-04  1.70688374e-07 
 4.40400000e-04  1.70605463e-07 
 4.40500000e-04  1.70546190e-07 
 4.40600000e-04  1.57913163e-07 
 4.40700000e-04  1.57535884e-07 
 4.40800000e-04  1.57350743e-07 
 4.40900000e-04  1.57221231e-07 
 4.41000000e-04  1.57148936e-07 
 4.41100000e-04  1.70712021e-07 
 4.41200000e-04  1.70480701e-07 
 4.41300000e-04  1.70391977e-07 
 4.41400000e-04  1.70313321e-07 
 4.41500000e-04  1.70288397e-07 
 4.41600000e-04  1.56388487e-07 
 4.41700000e-04  1.55982722e-07 
 4.41800000e-04  1.55753608e-07 
 4.41900000e-04  1.55588793e-07 
 4.42000000e-04  1.55490142e-07 
 4.42100000e-04  1.72072193e-07 
 4.42200000e-04  1.71786105e-07 
 4.42300000e-04  1.71669831e-07 
 4.42400000e-04  1.71564743e-07 
 4.42500000e-04  1.71501608e-07 
 4.42600000e-04  1.60168182e-07 
 4.42700000e-04  1.59782072e-07 
 4.42800000e-04  1.59593683e-07 
 4.42900000e-04  1.59468111e-07 
 4.43000000e-04  1.59407175e-07 
 4.43100000e-04  1.70776722e-07 
 4.43200000e-04  1.70516705e-07 
 4.43300000e-04  1.70417320e-07 
 4.43400000e-04  1.70328451e-07 
 4.43500000e-04  1.70291761e-07 
 4.43600000e-04  1.56443320e-07 
 4.43700000e-04  1.55992590e-07 
 4.43800000e-04  1.55766479e-07 
 4.43900000e-04  1.55591131e-07 
 4.44000000e-04  1.55467980e-07 
 4.44100000e-04  1.71545641e-07 
 4.44200000e-04  1.71347785e-07 
 4.44300000e-04  1.71262973e-07 
 4.44400000e-04  1.71186389e-07 
 4.44500000e-04  1.71140579e-07 
 4.44600000e-04  1.58478954e-07 
 4.44700000e-04  1.58126399e-07 
 4.44800000e-04  1.57933232e-07 
 4.44900000e-04  1.57798883e-07 
 4.45000000e-04  1.57725044e-07 
 4.45100000e-04  1.71326294e-07 
 4.45200000e-04  1.71078211e-07 
 4.45300000e-04  1.70994487e-07 
 4.45400000e-04  1.70923493e-07 
 4.45500000e-04  1.70884565e-07 
 4.45600000e-04  1.56968075e-07 
 4.45700000e-04  1.56573547e-07 
 4.45800000e-04  1.56341829e-07 
 4.45900000e-04  1.56171585e-07 
 4.46000000e-04  1.56064594e-07 
 4.46100000e-04  1.73229023e-07 
 4.46200000e-04  1.72814376e-07 
 4.46300000e-04  1.72673334e-07 
 4.46400000e-04  1.72551115e-07 
 4.46500000e-04  1.72487884e-07 
 4.46600000e-04  1.62411843e-07 
 4.46700000e-04  1.62032146e-07 
 4.46800000e-04  1.61852110e-07 
 4.46900000e-04  1.61736196e-07 
 4.47000000e-04  1.61686259e-07 
 4.47100000e-04  1.70919748e-07 
 4.47200000e-04  1.70598906e-07 
 4.47300000e-04  1.70489982e-07 
 4.47400000e-04  1.70395650e-07 
 4.47500000e-04  1.70344545e-07 
 4.47600000e-04  1.56518326e-07 
 4.47700000e-04  1.56030666e-07 
 4.47800000e-04  1.55783099e-07 
 4.47900000e-04  1.55604148e-07 
 4.48000000e-04  1.55495815e-07 
 4.48100000e-04  1.71574826e-07 
 4.48200000e-04  1.71374102e-07 
 4.48300000e-04  1.71285446e-07 
 4.48400000e-04  1.71205092e-07 
 4.48500000e-04  1.71170843e-07 
 4.48600000e-04  1.58490586e-07 
 4.48700000e-04  1.58137944e-07 
 4.48800000e-04  1.57950687e-07 
 4.48900000e-04  1.57816032e-07 
 4.49000000e-04  1.57735464e-07 
 4.49100000e-04  1.71317020e-07 
 4.49200000e-04  1.71083798e-07 
 4.49300000e-04  1.71001608e-07 
 4.49400000e-04  1.70930355e-07 
 4.49500000e-04  1.70900408e-07 
 4.49600000e-04  1.56986497e-07 
 4.49700000e-04  1.56579183e-07 
 4.49800000e-04  1.56359981e-07 
 4.49900000e-04  1.56190520e-07 
 4.50000000e-04  1.56072197e-07 
 4.50100000e-04  1.72699789e-07 
 4.50200000e-04  1.72383605e-07 
 4.50300000e-04  1.72276922e-07 
 4.50400000e-04  1.72185071e-07 
 4.50500000e-04  1.72122323e-07 
 4.50600000e-04  1.60742353e-07 
 4.50700000e-04  1.60383497e-07 
 4.50800000e-04  1.60196687e-07 
 4.50900000e-04  1.60070585e-07 
 4.51000000e-04  1.60006749e-07 
 4.51100000e-04  1.73326416e-07 
 4.51200000e-04  1.72650681e-07 
 4.51300000e-04  1.72426868e-07 
 4.51400000e-04  1.72328922e-07 
 4.51500000e-04  1.72271647e-07 
 4.51600000e-04  1.57892065e-07 
 4.51700000e-04  1.57274170e-07 
 4.51800000e-04  1.57013986e-07 
 4.51900000e-04  1.56827367e-07 
 4.52000000e-04  1.56715704e-07 
 4.52100000e-04  1.03759113e-04 
 4.52200000e-04  1.03758719e-04 
 4.52300000e-04  1.03758584e-04 
 4.52400000e-04  1.03758465e-04 
 4.52500000e-04  1.03758438e-04 
 4.52600000e-04  1.03745759e-04 
 4.52700000e-04  1.03745367e-04 
 4.52800000e-04  1.03745176e-04 
 4.52900000e-04  1.03745044e-04 
 4.53000000e-04  1.03744972e-04 
 4.53100000e-04  1.73109276e-07 
 4.53200000e-04  1.72817816e-07 
 4.53300000e-04  1.72728045e-07 
 4.53400000e-04  1.72653257e-07 
 4.53500000e-04  1.72624399e-07 
 4.53600000e-04  1.58680174e-07 
 4.53700000e-04  1.58259837e-07 
 4.53800000e-04  1.58028216e-07 
 4.53900000e-04  1.57856723e-07 
 4.54000000e-04  1.57747081e-07 
 4.54100000e-04  1.76585487e-07 
 4.54200000e-04  1.75856955e-07 
 4.54300000e-04  1.75628918e-07 
 4.54400000e-04  1.75433404e-07 
 4.54500000e-04  1.75334251e-07 
 4.54600000e-04  1.69057564e-07 
 4.54700000e-04  1.68711235e-07 
 4.54800000e-04  1.68544022e-07 
 4.54900000e-04  1.68453803e-07 
 4.55000000e-04  1.68442838e-07 
 4.55100000e-04  1.71865212e-07 
 4.55200000e-04  1.70909707e-07 
 4.55300000e-04  1.70652269e-07 
 4.55400000e-04  1.70439283e-07 
 4.55500000e-04  1.70364418e-07 
 4.55600000e-04  1.56616690e-07 
 4.55700000e-04  1.56017206e-07 
 4.55800000e-04  1.55738605e-07 
 4.55900000e-04  1.55535780e-07 
 4.56000000e-04  1.55410945e-07 
 4.56100000e-04  1.71535481e-07 
 4.56200000e-04  1.71308307e-07 
 4.56300000e-04  1.71214463e-07 
 4.56400000e-04  1.71131286e-07 
 4.56500000e-04  1.71081682e-07 
 4.56600000e-04  1.58395851e-07 
 4.56700000e-04  1.58042134e-07 
 4.56800000e-04  1.57853206e-07 
 4.56900000e-04  1.57719478e-07 
 4.57000000e-04  1.57642514e-07 
 4.57100000e-04  1.71238110e-07 
 4.57200000e-04  1.71001007e-07 
 4.57300000e-04  1.70920631e-07 
 4.57400000e-04  1.70851485e-07 
 4.57500000e-04  1.70813603e-07 
 4.57600000e-04  1.56881269e-07 
 4.57700000e-04  1.56469948e-07 
 4.57800000e-04  1.56259304e-07 
 4.57900000e-04  1.56093764e-07 
 4.58000000e-04  1.55974568e-07 
 4.58100000e-04  1.72611336e-07 
 4.58200000e-04  1.72289834e-07 
 4.58300000e-04  1.72179401e-07 
 4.58400000e-04  1.72084117e-07 
 4.58500000e-04  1.72038414e-07 
 4.58600000e-04  1.60638918e-07 
 4.58700000e-04  1.60278364e-07 
 4.58800000e-04  1.60099472e-07 
 4.58900000e-04  1.59974234e-07 
 4.59000000e-04  1.59904165e-07 
 4.59100000e-04  1.71301590e-07 
 4.59200000e-04  1.71033848e-07 
 4.59300000e-04  1.70934749e-07 
 4.59400000e-04  1.70846740e-07 
 4.59500000e-04  1.70824194e-07 
 4.59600000e-04  1.56930888e-07 
 4.59700000e-04  1.56482438e-07 
 4.59800000e-04  1.56250872e-07 
 4.59900000e-04  1.56075633e-07 
 4.60000000e-04  1.55958318e-07 
 4.60100000e-04  1.72074218e-07 
 4.60200000e-04  1.71885374e-07 
 4.60300000e-04  1.71790805e-07 
 4.60400000e-04  1.71702485e-07 
 4.60500000e-04  1.71658015e-07 
 4.60600000e-04  1.58980505e-07 
 4.60700000e-04  1.58616034e-07 
 4.60800000e-04  1.58424701e-07 
 4.60900000e-04  1.58286953e-07 
 4.61000000e-04  1.58204298e-07 
 4.61100000e-04  1.71848812e-07 
 4.61200000e-04  1.71603733e-07 
 4.61300000e-04  1.71517369e-07 
 4.61400000e-04  1.71442836e-07 
 4.61500000e-04  1.71395981e-07 
 4.61600000e-04  1.57457922e-07 
 4.61700000e-04  1.57044195e-07 
 4.61800000e-04  1.56824937e-07 
 4.61900000e-04  1.56662575e-07 
 4.62000000e-04  1.56558528e-07 
 4.62100000e-04  1.76213369e-07 
 4.62200000e-04  1.75173435e-07 
 4.62300000e-04  1.74847304e-07 
 4.62400000e-04  1.74714895e-07 
 4.62500000e-04  1.74645083e-07 
 4.62600000e-04  1.64072901e-07 
 4.62700000e-04  1.63550633e-07 
 4.62800000e-04  1.63316319e-07 
 4.62900000e-04  1.63146048e-07 
 4.63000000e-04  1.63040998e-07 
 4.63100000e-04  1.03758360e-04 
 4.63200000e-04  1.03757850e-04 
 4.63300000e-04  1.03757707e-04 
 4.63400000e-04  1.03757588e-04 
 4.63500000e-04  1.03757527e-04 
 4.63600000e-04  1.03743678e-04 
 4.63700000e-04  1.03743163e-04 
 4.63800000e-04  1.03742927e-04 
 4.63900000e-04  1.03742749e-04 
 4.64000000e-04  1.03742629e-04 
 4.64100000e-04  1.73259058e-07 
 4.64200000e-04  1.73014010e-07 
 4.64300000e-04  1.72911423e-07 
 4.64400000e-04  1.72819065e-07 
 4.64500000e-04  1.72769689e-07 
 4.64600000e-04  1.60065368e-07 
 4.64700000e-04  1.59708420e-07 
 4.64800000e-04  1.59512080e-07 
 4.64900000e-04  1.59381615e-07 
 4.65000000e-04  1.59318926e-07 
 4.65100000e-04  1.72998163e-07 
 4.65200000e-04  1.72753390e-07 
 4.65300000e-04  1.72663839e-07 
 4.65400000e-04  1.72586023e-07 
 4.65500000e-04  1.72542074e-07 
 4.65600000e-04  1.58540171e-07 
 4.65700000e-04  1.58152453e-07 
 4.65800000e-04  1.57930066e-07 
 4.65900000e-04  1.57763296e-07 
 4.66000000e-04  1.57653716e-07 
 4.66100000e-04  1.74371172e-07 
 4.66200000e-04  1.74050886e-07 
 4.66300000e-04  1.73928645e-07 
 4.66400000e-04  1.73820033e-07 
 4.66500000e-04  1.73767490e-07 
 4.66600000e-04  1.62307395e-07 
 4.66700000e-04  1.61944666e-07 
 4.66800000e-04  1.61773950e-07 
 4.66900000e-04  1.61651171e-07 
 4.67000000e-04  1.61577649e-07 
 4.67100000e-04  1.73072668e-07 
 4.67200000e-04  1.72786598e-07 
 4.67300000e-04  1.72683027e-07 
 4.67400000e-04  1.72592122e-07 
 4.67500000e-04  1.72555573e-07 
 4.67600000e-04  1.58592764e-07 
 4.67700000e-04  1.58140890e-07 
 4.67800000e-04  1.57916902e-07 
 4.67900000e-04  1.57752118e-07 
 4.68000000e-04  1.57648216e-07 
 4.68100000e-04  1.73840259e-07 
 4.68200000e-04  1.73637458e-07 
 4.68300000e-04  1.73546761e-07 
 4.68400000e-04  1.73464191e-07 
 4.68500000e-04  1.73416522e-07 
 4.68600000e-04  1.60629981e-07 
 4.68700000e-04  1.60286444e-07 
 4.68800000e-04  1.60100291e-07 
 4.68900000e-04  1.59971264e-07 
 4.69000000e-04  1.59900978e-07 
 4.69100000e-04  1.73609145e-07 
 4.69200000e-04  1.73365776e-07 
 4.69300000e-04  1.73266931e-07 
 4.69400000e-04  1.73178361e-07 
 4.69500000e-04  1.73155002e-07 
 4.69600000e-04  1.59113020e-07 
 4.69700000e-04  1.58717256e-07 
 4.69800000e-04  1.58496928e-07 
 4.69900000e-04  1.58337931e-07 
 4.70000000e-04  1.58242010e-07 
 4.70100000e-04  1.76040634e-07 
 4.70200000e-04  1.75504876e-07 
 4.70300000e-04  1.75329724e-07 
 4.70400000e-04  1.75178773e-07 
 4.70500000e-04  1.75113082e-07 
 4.70600000e-04  1.66208500e-07 
 4.70700000e-04  1.65859661e-07 
 4.70800000e-04  1.65690829e-07 
 4.70900000e-04  1.65581438e-07 
 4.71000000e-04  1.65533173e-07 
 4.71100000e-04  1.72880584e-07 
 4.71200000e-04  1.72450843e-07 
 4.71300000e-04  1.72285182e-07 
 4.71400000e-04  1.72137662e-07 
 4.71500000e-04  1.72069280e-07 
 4.71600000e-04  1.58171679e-07 
 4.71700000e-04  1.57651286e-07 
 4.71800000e-04  1.57395888e-07 
 4.71900000e-04  1.57209931e-07 
 4.72000000e-04  1.57095418e-07 
 4.72100000e-04  1.73274486e-07 
 4.72200000e-04  1.73063208e-07 
 4.72300000e-04  1.72964944e-07 
 4.72400000e-04  1.72874597e-07 
 4.72500000e-04  1.72821819e-07 
 4.72600000e-04  1.60059393e-07 
 4.72700000e-04  1.59701919e-07 
 4.72800000e-04  1.59525484e-07 
 4.72900000e-04  1.59395781e-07 
 4.73000000e-04  1.59314084e-07 
 4.73100000e-04  1.72995301e-07 
 4.73200000e-04  1.72746610e-07 
 4.73300000e-04  1.72656000e-07 
 4.73400000e-04  1.72576881e-07 
 4.73500000e-04  1.72540711e-07 
 4.73600000e-04  1.58536621e-07 
 4.73700000e-04  1.58135577e-07 
 4.73800000e-04  1.57924491e-07 
 4.73900000e-04  1.57756881e-07 
 4.74000000e-04  1.57633920e-07 
 4.74100000e-04  1.74374721e-07 
 4.74200000e-04  1.74054397e-07 
 4.74300000e-04  1.73934418e-07 
 4.74400000e-04  1.73828650e-07 
 4.74500000e-04  1.73765456e-07 
 4.74600000e-04  1.62280799e-07 
 4.74700000e-04  1.61932567e-07 
 4.74800000e-04  1.61756225e-07 
 4.74900000e-04  1.61639856e-07 
 4.75000000e-04  1.61585159e-07 
 4.75100000e-04  1.73070835e-07 
 4.75200000e-04  1.72780301e-07 
 4.75300000e-04  1.72679356e-07 
 4.75400000e-04  1.72591335e-07 
 4.75500000e-04  1.72565398e-07 
 4.75600000e-04  1.58583973e-07 
 4.75700000e-04  1.58151115e-07 
 4.75800000e-04  1.57918464e-07 
 4.75900000e-04  1.57747217e-07 
 4.76000000e-04  1.57639118e-07 
 4.76100000e-04  1.73833973e-07 
 4.76200000e-04  1.73641685e-07 
 4.76300000e-04  1.73544233e-07 
 4.76400000e-04  1.73453018e-07 
 4.76500000e-04  1.73408148e-07 
 4.76600000e-04  1.60610864e-07 
 4.76700000e-04  1.60272141e-07 
 4.76800000e-04  1.60093481e-07 
 4.76900000e-04  1.59964395e-07 
 4.77000000e-04  1.59886248e-07 
 4.77100000e-04  1.73609752e-07 
 4.77200000e-04  1.73357771e-07 
 4.77300000e-04  1.73265118e-07 
 4.77400000e-04  1.73184076e-07 
 4.77500000e-04  1.73147787e-07 
 4.77600000e-04  1.59123113e-07 
 4.77700000e-04  1.58726293e-07 
 4.77800000e-04  1.58503323e-07 
 4.77900000e-04  1.58342030e-07 
 4.78000000e-04  1.58244166e-07 
 4.78100000e-04  1.75521364e-07 
 4.78200000e-04  1.75088976e-07 
 4.78300000e-04  1.74940755e-07 
 4.78400000e-04  1.74812187e-07 
 4.78500000e-04  1.74737306e-07 
 4.78600000e-04  1.64530063e-07 
 4.78700000e-04  1.64181490e-07 
 4.78800000e-04  1.64010832e-07 
 4.78900000e-04  1.63904329e-07 
 4.79000000e-04  1.63863806e-07 
 4.79100000e-04  1.73192585e-07 
 4.79200000e-04  1.72880157e-07 
 4.79300000e-04  1.72755611e-07 
 4.79400000e-04  1.72643311e-07 
 4.79500000e-04  1.72606328e-07 
 4.79600000e-04  1.58657104e-07 
 4.79700000e-04  1.58172337e-07 
 4.79800000e-04  1.57937609e-07 
 4.79900000e-04  1.57764397e-07 
 4.80000000e-04  1.57654444e-07 
 4.80100000e-04  1.73866722e-07 
 4.80200000e-04  1.73648820e-07 
 4.80300000e-04  1.73547871e-07 
 4.80400000e-04  1.73455857e-07 
 4.80500000e-04  1.73416031e-07 
 4.80600000e-04  1.60633404e-07 
 4.80700000e-04  1.60281831e-07 
 4.80800000e-04  1.60099418e-07 
 4.80900000e-04  1.59973192e-07 
 4.81000000e-04  1.59904726e-07 
 4.81100000e-04  1.73612025e-07 
 4.81200000e-04  1.73373544e-07 
 4.81300000e-04  1.73274016e-07 
 4.81400000e-04  1.73183927e-07 
 4.81500000e-04  1.73149553e-07 
 4.81600000e-04  1.59120124e-07 
 4.81700000e-04  1.58727105e-07 
 4.81800000e-04  1.58515353e-07 
 4.81900000e-04  1.58356204e-07 
 4.82000000e-04  1.58251112e-07 
 4.82100000e-04  1.74994777e-07 
 4.82200000e-04  1.74664248e-07 
 4.82300000e-04  1.74546758e-07 
 4.82400000e-04  1.74444638e-07 
 4.82500000e-04  1.74376255e-07 
 4.82600000e-04  1.62885709e-07 
 4.82700000e-04  1.62519959e-07 
 4.82800000e-04  1.62354469e-07 
 4.82900000e-04  1.62235770e-07 
 4.83000000e-04  1.62165136e-07 
 4.83100000e-04  1.73683185e-07 
 4.83200000e-04  1.73411183e-07 
 4.83300000e-04  1.73312518e-07 
 4.83400000e-04  1.73225288e-07 
 4.83500000e-04  1.73179412e-07 
 4.83600000e-04  1.59166079e-07 
 4.83700000e-04  1.58724194e-07 
 4.83800000e-04  1.58514856e-07 
 4.83900000e-04  1.58350818e-07 
 4.84000000e-04  1.58233298e-07 
 4.84100000e-04  1.74473861e-07 
 4.84200000e-04  1.74248338e-07 
 4.84300000e-04  1.74158001e-07 
 4.84400000e-04  1.74077823e-07 
 4.84500000e-04  1.74036646e-07 
 4.84600000e-04  1.61211162e-07 
 4.84700000e-04  1.60861814e-07 
 4.84800000e-04  1.60692529e-07 
 4.84900000e-04  1.60568793e-07 
 4.85000000e-04  1.60491837e-07 
 4.85100000e-04  1.74240963e-07 
 4.85200000e-04  1.73988177e-07 
 4.85300000e-04  1.73882317e-07 
 4.85400000e-04  1.73787000e-07 
 4.85500000e-04  1.73768395e-07 
 4.85600000e-04  1.59692878e-07 
 4.85700000e-04  1.59319672e-07 
 4.85800000e-04  1.59107225e-07 
 4.85900000e-04  1.58940596e-07 
 4.86000000e-04  1.58821020e-07 
 4.86100000e-04  1.77207512e-07 
 4.86200000e-04  1.76554061e-07 
 4.86300000e-04  1.76341494e-07 
 4.86400000e-04  1.76158683e-07 
 4.86500000e-04  1.76087116e-07 
 4.86600000e-04  1.68444024e-07 
 4.86700000e-04  1.68103442e-07 
 4.86800000e-04  1.67939539e-07 
 4.86900000e-04  1.67839825e-07 
 4.87000000e-04  1.67806117e-07 
 4.87100000e-04  1.73505219e-07 
 4.87200000e-04  1.72672224e-07 
 4.87300000e-04  1.72416769e-07 
 4.87400000e-04  1.72200967e-07 
 4.87500000e-04  1.72113539e-07 
 4.87600000e-04  1.58254292e-07 
 4.87700000e-04  1.57664604e-07 
 4.87800000e-04  1.57412487e-07 
 4.87900000e-04  1.57227663e-07 
 4.88000000e-04  1.57112048e-07 
 4.88100000e-04  1.73278360e-07 
 4.88200000e-04  1.73075073e-07 
 4.88300000e-04  1.72976805e-07 
 4.88400000e-04  1.72885800e-07 
 4.88500000e-04  1.72828164e-07 
 4.88600000e-04  1.60050401e-07 
 4.88700000e-04  1.59700324e-07 
 4.88800000e-04  1.59527942e-07 
 4.88900000e-04  1.59400077e-07 
 4.89000000e-04  1.59318192e-07 
 4.89100000e-04  1.73157636e-07 
 4.89200000e-04  1.72822202e-07 
 4.89300000e-04  1.72693199e-07 
 4.89400000e-04  1.72621590e-07 
 4.89500000e-04  1.72549763e-07 
 4.89600000e-04  1.58559401e-07 
 4.89700000e-04  1.58163287e-07 
 4.89800000e-04  1.57941929e-07 
 4.89900000e-04  1.57773362e-07 
 4.90000000e-04  1.57659077e-07 
 4.90100000e-04  1.74381002e-07 
 4.90200000e-04  1.74047073e-07 
 4.90300000e-04  1.73926534e-07 
 4.90400000e-04  1.73821486e-07 
 4.90500000e-04  1.73777186e-07 
 4.90600000e-04  1.62286484e-07 
 4.90700000e-04  1.61941765e-07 
 4.90800000e-04  1.61770684e-07 
 4.90900000e-04  1.61649343e-07 
 4.91000000e-04  1.61579155e-07 
 4.91100000e-04  1.73071389e-07 
 4.91200000e-04  1.72797445e-07 
 4.91300000e-04  1.72689189e-07 
 4.91400000e-04  1.72591901e-07 
 4.91500000e-04  1.72556194e-07 
 4.91600000e-04  1.58578871e-07 
 4.91700000e-04  1.58144666e-07 
 4.91800000e-04  1.57919267e-07 
 4.91900000e-04  1.57756463e-07 
 4.92000000e-04  1.57658096e-07 
 4.92100000e-04  1.73835939e-07 
 4.92200000e-04  1.73622296e-07 
 4.92300000e-04  1.73531921e-07 
 4.92400000e-04  1.73450719e-07 
 4.92500000e-04  1.73403222e-07 
 4.92600000e-04  1.60627918e-07 
 4.92700000e-04  1.60266843e-07 
 4.92800000e-04  1.60094856e-07 
 4.92900000e-04  1.59973849e-07 
 4.93000000e-04  1.59905319e-07 
 4.93100000e-04  1.73600337e-07 
 4.93200000e-04  1.73357345e-07 
 4.93300000e-04  1.73261526e-07 
 4.93400000e-04  1.73176111e-07 
 4.93500000e-04  1.73153776e-07 
 4.93600000e-04  1.59115782e-07 
 4.93700000e-04  1.58724523e-07 
 4.93800000e-04  1.58512563e-07 
 4.93900000e-04  1.58345137e-07 
 4.94000000e-04  1.58223682e-07 
 4.94100000e-04  1.75941522e-07 
 4.94200000e-04  1.75292348e-07 
 4.94300000e-04  1.75093648e-07 
 4.94400000e-04  1.75016088e-07 
 4.94500000e-04  1.74967020e-07 
 4.94600000e-04  1.64814961e-07 
 4.94700000e-04  1.64501662e-07 
 4.94800000e-04  1.64316972e-07 
 4.94900000e-04  1.64166636e-07 
 4.95000000e-04  1.64051663e-07 
 4.95100000e-04  1.73194936e-07 
 4.95200000e-04  1.72870945e-07 
 4.95300000e-04  1.72762505e-07 
 4.95400000e-04  1.72668487e-07 
 4.95500000e-04  1.72610336e-07 
 4.95600000e-04  1.58659096e-07 
 4.95700000e-04  1.58172595e-07 
 4.95800000e-04  1.57938578e-07 
 4.95900000e-04  1.57768712e-07 
 4.96000000e-04  1.57664971e-07 
 4.96100000e-04  1.73865864e-07 
 4.96200000e-04  1.73647888e-07 
 4.96300000e-04  1.73556806e-07 
 4.96400000e-04  1.73475541e-07 
 4.96500000e-04  1.73416975e-07 
 4.96600000e-04  1.60624301e-07 
 4.96700000e-04  1.60284380e-07 
 4.96800000e-04  1.60100936e-07 
 4.96900000e-04  1.59970856e-07 
 4.97000000e-04  1.59895791e-07 
 4.97100000e-04  1.73607550e-07 
 4.97200000e-04  1.73358483e-07 
 4.97300000e-04  1.73262754e-07 
 4.97400000e-04  1.73178218e-07 
 4.97500000e-04  1.73152861e-07 
 4.97600000e-04  1.59127869e-07 
 4.97700000e-04  1.58729246e-07 
 4.97800000e-04  1.58511901e-07 
 4.97900000e-04  1.58346195e-07 
 4.98000000e-04  1.58233746e-07 
 4.98100000e-04  1.74981380e-07 
 4.98200000e-04  1.74665074e-07 
 4.98300000e-04  1.74545466e-07 
 4.98400000e-04  1.74439370e-07 
 4.98500000e-04  1.74389561e-07 
 4.98600000e-04  1.62876896e-07 
 4.98700000e-04  1.62525436e-07 
 4.98800000e-04  1.62353792e-07 
 4.98900000e-04  1.62238447e-07 
 4.99000000e-04  1.62181185e-07 
 4.99100000e-04  1.73705384e-07 
 4.99200000e-04  1.73406515e-07 
 4.99300000e-04  1.73299521e-07 
 4.99400000e-04  1.73205733e-07 
 4.99500000e-04  1.73179580e-07 
 4.99600000e-04  1.59170973e-07 
 4.99700000e-04  1.58734505e-07 
 4.99800000e-04  1.58516774e-07 
 4.99900000e-04  1.58348932e-07 
 5.00000000e-04  1.58232560e-07 
 5.00100000e-04  1.74460667e-07 
 5.00200000e-04  1.74267942e-07 
 5.00300000e-04  1.74172308e-07 
 5.00400000e-04  1.74083226e-07 
 5.00500000e-04  1.74028945e-07 
 5.00600000e-04  1.61203792e-07 
 5.00700000e-04  1.60865688e-07 
 5.00800000e-04  1.60690677e-07 
 5.00900000e-04  1.60564878e-07 
 5.01000000e-04  1.60489854e-07 
 5.01100000e-04  1.74221370e-07 
 5.01200000e-04  1.73978993e-07 
 5.01300000e-04  1.73888806e-07 
 5.01400000e-04  1.73809260e-07 
 5.01500000e-04  1.73768005e-07 
 5.01600000e-04  1.59696080e-07 
 5.01700000e-04  1.59301807e-07 
 5.01800000e-04  1.59104398e-07 
 5.01900000e-04  1.58943927e-07 
 5.02000000e-04  1.58821566e-07 
 5.02100000e-04  1.76684358e-07 
 5.02200000e-04  1.76130830e-07 
 5.02300000e-04  1.75956429e-07 
 5.02400000e-04  1.75808271e-07 
 5.02500000e-04  1.75727045e-07 
 5.02600000e-04  1.66779131e-07 
 5.02700000e-04  1.66443232e-07 
 5.02800000e-04  1.66283256e-07 
 5.02900000e-04  1.66177803e-07 
 5.03000000e-04  1.66128603e-07 
 5.03100000e-04  1.73497652e-07 
 5.03200000e-04  1.73064682e-07 
 5.03300000e-04  1.72897879e-07 
 5.03400000e-04  1.72749602e-07 
 5.03500000e-04  1.72682597e-07 
 5.03600000e-04  1.58759264e-07 
 5.03700000e-04  1.58250206e-07 
 5.03800000e-04  1.58000801e-07 
 5.03900000e-04  1.57812142e-07 
 5.04000000e-04  1.57686157e-07 
 5.04100000e-04  1.73903925e-07 
 5.04200000e-04  1.73688162e-07 
 5.04300000e-04  1.73579117e-07 
 5.04400000e-04  1.73477825e-07 
 5.04500000e-04  1.73432881e-07 
 5.04600000e-04  1.60644784e-07 
 5.04700000e-04  1.60295690e-07 
 5.04800000e-04  1.60113573e-07 
 5.04900000e-04  1.59984977e-07 
 5.05000000e-04  1.59911599e-07 
 5.05100000e-04  1.73630541e-07 
 5.05200000e-04  1.73372047e-07 
 5.05300000e-04  1.73276053e-07 
 5.05400000e-04  1.73192412e-07 
 5.05500000e-04  1.73160459e-07 
 5.05600000e-04  1.59119327e-07 
 5.05700000e-04  1.58733904e-07 
 5.05800000e-04  1.58512268e-07 
 5.05900000e-04  1.58347732e-07 
 5.06000000e-04  1.58242109e-07 
 5.06100000e-04  1.75003353e-07 
 5.06200000e-04  1.74674085e-07 
 5.06300000e-04  1.74552799e-07 
 5.06400000e-04  1.74446509e-07 
 5.06500000e-04  1.74383274e-07 
 5.06600000e-04  1.62891261e-07 
 5.06700000e-04  1.62524678e-07 
 5.06800000e-04  1.62347873e-07 
 5.06900000e-04  1.62229341e-07 
 5.07000000e-04  1.62170929e-07 
 5.07100000e-04  1.73696527e-07 
 5.07200000e-04  1.73419428e-07 
 5.07300000e-04  1.73314480e-07 
 5.07400000e-04  1.73221197e-07 
 5.07500000e-04  1.73178836e-07 
 5.07600000e-04  1.59178396e-07 
 5.07700000e-04  1.58734723e-07 
 5.07800000e-04  1.58518391e-07 
 5.07900000e-04  1.58351546e-07 
 5.08000000e-04  1.58235755e-07 
 5.08100000e-04  1.74470683e-07 
 5.08200000e-04  1.74246440e-07 
 5.08300000e-04  1.74155990e-07 
 5.08400000e-04  1.74075560e-07 
 5.08500000e-04  1.74018117e-07 
 5.08600000e-04  1.61200535e-07 
 5.08700000e-04  1.60874050e-07 
 5.08800000e-04  1.60694552e-07 
 5.08900000e-04  1.60566496e-07 
 5.09000000e-04  1.60491515e-07 
 5.09100000e-04  1.74234703e-07 
 5.09200000e-04  1.73987284e-07 
 5.09300000e-04  1.73890887e-07 
 5.09400000e-04  1.73805459e-07 
 5.09500000e-04  1.73760472e-07 
 5.09600000e-04  1.59697145e-07 
 5.09700000e-04  1.59316426e-07 
 5.09800000e-04  1.59095731e-07 
 5.09900000e-04  1.58933849e-07 
 5.10000000e-04  1.58832647e-07 
 5.10100000e-04  1.76141805e-07 
 5.10200000e-04  1.75709794e-07 
 5.10300000e-04  1.75563194e-07 
 5.10400000e-04  1.75436002e-07 
 5.10500000e-04  1.75355879e-07 
 5.10600000e-04  1.65118860e-07 
 5.10700000e-04  1.64782060e-07 
 5.10800000e-04  1.64619418e-07 
 5.10900000e-04  1.64509981e-07 
 5.11000000e-04  1.64455437e-07 
 5.11100000e-04  1.73821729e-07 
 5.11200000e-04  1.73500847e-07 
 5.11300000e-04  1.73381037e-07 
 5.11400000e-04  1.73274465e-07 
 5.11500000e-04  1.73229972e-07 
 5.11600000e-04  1.59241801e-07 
 5.11700000e-04  1.58770259e-07 
 5.11800000e-04  1.58540171e-07 
 5.11900000e-04  1.58370615e-07 
 5.12000000e-04  1.58263510e-07 
 5.12100000e-04  1.74484246e-07 
 5.12200000e-04  1.74269090e-07 
 5.12300000e-04  1.74168479e-07 
 5.12400000e-04  1.74076180e-07 
 5.12500000e-04  1.74051986e-07 
 5.12600000e-04  1.61203673e-07 
 5.12700000e-04  1.60872765e-07 
 5.12800000e-04  1.60703162e-07 
 5.12900000e-04  1.60579446e-07 
 5.13000000e-04  1.60503072e-07 
 5.13100000e-04  1.74243763e-07 
 5.13200000e-04  1.73993029e-07 
 5.13300000e-04  1.73895562e-07 
 5.13400000e-04  1.73809417e-07 
 5.13500000e-04  1.73771657e-07 
 5.13600000e-04  1.59693084e-07 
 5.13700000e-04  1.59318245e-07 
 5.13800000e-04  1.59108175e-07 
 5.13900000e-04  1.58949023e-07 
 5.14000000e-04  1.58842404e-07 
 5.14100000e-04  1.75619234e-07 
 5.14200000e-04  1.75292034e-07 
 5.14300000e-04  1.75168375e-07 
 5.14400000e-04  1.75059294e-07 
 5.14500000e-04  1.75003462e-07 
 5.14600000e-04  1.63457098e-07 
 5.14700000e-04  1.63111805e-07 
 5.14800000e-04  1.62943572e-07 
 5.14900000e-04  1.62829693e-07 
 5.15000000e-04  1.62771892e-07 
 5.15100000e-04  1.74329271e-07 
 5.15200000e-04  1.74044530e-07 
 5.15300000e-04  1.73935801e-07 
 5.15400000e-04  1.73839210e-07 
 5.15500000e-04  1.73788791e-07 
 5.15600000e-04  1.59761665e-07 
 5.15700000e-04  1.59323232e-07 
 5.15800000e-04  1.59103669e-07 
 5.15900000e-04  1.58936929e-07 
 5.16000000e-04  1.58824688e-07 
 5.16100000e-04  1.75090521e-07 
 5.16200000e-04  1.74881547e-07 
 5.16300000e-04  1.74784186e-07 
 5.16400000e-04  1.74694432e-07 
 5.16500000e-04  1.74647304e-07 
 5.16600000e-04  1.61793444e-07 
 5.16700000e-04  1.61457809e-07 
 5.16800000e-04  1.61284072e-07 
 5.16900000e-04  1.61156410e-07 
 5.17000000e-04  1.61076282e-07 
 5.17100000e-04  1.74857076e-07 
 5.17200000e-04  1.74597931e-07 
 5.17300000e-04  1.74509110e-07 
 5.17400000e-04  1.74432649e-07 
 5.17500000e-04  1.74382920e-07 
 5.17600000e-04  1.60292177e-07 
 5.17700000e-04  1.59909962e-07 
 5.17800000e-04  1.59698258e-07 
 5.17900000e-04  1.59536936e-07 
 5.18000000e-04  1.59427595e-07 
 5.18100000e-04  1.88940850e-07 
 5.18200000e-04  1.86324146e-07 
 5.18300000e-04  1.85518305e-07 
 5.18400000e-04  1.85264229e-07 
 5.18500000e-04  1.85010153e-07 
 5.18600000e-04  1.75732487e-07 
 5.18700000e-04  1.74614410e-07 
 5.18800000e-04  1.74275978e-07 
 5.18900000e-04  1.74062606e-07 
 5.19000000e-04  1.73976547e-07 
 5.19100000e-04  1.71282216e-07 
 5.19200000e-04  1.70507740e-07 
 5.19300000e-04  1.70299484e-07 
 5.19400000e-04  1.70127794e-07 
 5.19500000e-04  1.70068504e-07 
 5.19600000e-04  1.57649166e-07 
 5.19700000e-04  1.56967638e-07 
 5.19800000e-04  1.56706992e-07 
 5.19900000e-04 -0.00000000e+00 
 5.20000000e-04  1.56574635e-07 
