 time            -i(vdd)        
 2.60000000e-04 -1.26577369e-04 
 2.60100000e-04  1.83731522e-07 
 2.60200000e-04  1.75017235e-07 
 2.60300000e-04  1.72693712e-07 
 2.60400000e-04  1.70735752e-07 
 2.60500000e-04  1.70077239e-07 
 2.60600000e-04  1.76685503e-07 
 2.60700000e-04  1.75910949e-07 
 2.60800000e-04  1.75485164e-07 
 2.60900000e-04  1.75139091e-07 
 2.61000000e-04  1.74874458e-07 
 2.61100000e-04  1.56447431e-07 
 2.61200000e-04  1.54081191e-07 
 2.61300000e-04  1.53474484e-07 
 2.61400000e-04  1.52983834e-07 
 2.61500000e-04  1.52782543e-07 
 2.61600000e-04  1.38888526e-07 
 2.61700000e-04  1.37639077e-07 
 2.61800000e-04  1.37194726e-07 
 2.61900000e-04  1.36878251e-07 
 2.62000000e-04  1.36693709e-07 
 2.62100000e-04  1.61887124e-07 
 2.62200000e-04  1.60618141e-07 
 2.62300000e-04  1.60335598e-07 
 2.62400000e-04  1.60131359e-07 
 2.62500000e-04  1.60042323e-07 
 2.62600000e-04  1.48509788e-07 
 2.62700000e-04  1.47918492e-07 
 2.62800000e-04  1.47634321e-07 
 2.62900000e-04  1.47419964e-07 
 2.63000000e-04  1.47276914e-07 
 2.63100000e-04  1.99994711e-07 
 2.63200000e-04  1.94212997e-07 
 2.63300000e-04  1.92921333e-07 
 2.63400000e-04  1.91924926e-07 
 2.63500000e-04  1.91648239e-07 
 2.63600000e-04  1.78199787e-07 
 2.63700000e-04  1.77564933e-07 
 2.63800000e-04  1.77241831e-07 
 2.63900000e-04  1.76995403e-07 
 2.64000000e-04  1.76828079e-07 
 2.64100000e-04  1.72669335e-07 
 2.64200000e-04  1.68072833e-07 
 2.64300000e-04  1.67026144e-07 
 2.64400000e-04  1.66211237e-07 
 2.64500000e-04  1.65978571e-07 
 2.64600000e-04  1.53752718e-07 
 2.64700000e-04  1.53137302e-07 
 2.64800000e-04  1.52826772e-07 
 2.64900000e-04  1.52588974e-07 
 2.65000000e-04  1.52426212e-07 
 2.65100000e-04  1.66019642e-07 
 2.65200000e-04  1.65523113e-07 
 2.65300000e-04  1.65364440e-07 
 2.65400000e-04  1.65228320e-07 
 2.65500000e-04  1.65180644e-07 
 2.65600000e-04  1.51596277e-07 
 2.65700000e-04  1.51152292e-07 
 2.65800000e-04  1.50903389e-07 
 2.65900000e-04  1.50727120e-07 
 2.66000000e-04  1.50625786e-07 
 2.66100000e-04  1.67003215e-07 
 2.66200000e-04  1.66733725e-07 
 2.66300000e-04  1.66636611e-07 
 2.66400000e-04  1.66551250e-07 
 2.66500000e-04  1.66504491e-07 
 2.66600000e-04  1.55439719e-07 
 2.66700000e-04  1.55026129e-07 
 2.66800000e-04  1.54822058e-07 
 2.66900000e-04  1.54673682e-07 
 2.67000000e-04  1.54582763e-07 
 2.67100000e-04  1.66084509e-07 
 2.67200000e-04  1.65566652e-07 
 2.67300000e-04  1.65412077e-07 
 2.67400000e-04  1.65280289e-07 
 2.67500000e-04  1.65242392e-07 
 2.67600000e-04  1.51671258e-07 
 2.67700000e-04  1.51176476e-07 
 2.67800000e-04  1.50916420e-07 
 2.67900000e-04  1.50720428e-07 
 2.68000000e-04  1.50590527e-07 
 2.68100000e-04  1.66395211e-07 
 2.68200000e-04  1.66215939e-07 
 2.68300000e-04  1.66135531e-07 
 2.68400000e-04  1.66062143e-07 
 2.68500000e-04  1.66035635e-07 
 2.68600000e-04  1.53651951e-07 
 2.68700000e-04  1.53246725e-07 
 2.68800000e-04  1.53043527e-07 
 2.68900000e-04  1.52895810e-07 
 2.69000000e-04  1.52805329e-07 
 2.69100000e-04  1.66134329e-07 
 2.69200000e-04  1.65903152e-07 
 2.69300000e-04  1.65831348e-07 
 2.69400000e-04  1.65771521e-07 
 2.69500000e-04  1.65751583e-07 
 2.69600000e-04  1.52107959e-07 
 2.69700000e-04  1.51662749e-07 
 2.69800000e-04  1.51426131e-07 
 2.69900000e-04  1.51248459e-07 
 2.70000000e-04  1.51131598e-07 
 2.70100000e-04  1.68005919e-07 
 2.70200000e-04  1.67616963e-07 
 2.70300000e-04  1.67492998e-07 
 2.70400000e-04  1.67387116e-07 
 2.70500000e-04  1.67321643e-07 
 2.70600000e-04  1.57536979e-07 
 2.70700000e-04  1.57122051e-07 
 2.70800000e-04  1.56923051e-07 
 2.70900000e-04  1.56785753e-07 
 2.71000000e-04  1.56712103e-07 
 2.71100000e-04  1.66098280e-07 
 2.71200000e-04  1.65547880e-07 
 2.71300000e-04  1.65379382e-07 
 2.71400000e-04  1.65234730e-07 
 2.71500000e-04  1.65190178e-07 
 2.71600000e-04  1.51641762e-07 
 2.71700000e-04  1.51104602e-07 
 2.71800000e-04  1.50845817e-07 
 2.71900000e-04  1.50646669e-07 
 2.72000000e-04  1.50509038e-07 
 2.72100000e-04  1.66318920e-07 
 2.72200000e-04  1.66151181e-07 
 2.72300000e-04  1.66076607e-07 
 2.72400000e-04  1.66008501e-07 
 2.72500000e-04  1.65957239e-07 
 2.72600000e-04  1.53584047e-07 
 2.72700000e-04  1.53196121e-07 
 2.72800000e-04  1.52986624e-07 
 2.72900000e-04  1.52834730e-07 
 2.73000000e-04  1.52742251e-07 
 2.73100000e-04  1.66061341e-07 
 2.73200000e-04  1.65855282e-07 
 2.73300000e-04  1.65791890e-07 
 2.73400000e-04  1.65738695e-07 
 2.73500000e-04  1.65697796e-07 
 2.73600000e-04  1.52060112e-07 
 2.73700000e-04  1.51619006e-07 
 2.73800000e-04  1.51388491e-07 
 2.73900000e-04  1.51209568e-07 
 2.74000000e-04  1.51083862e-07 
 2.74100000e-04  1.67434252e-07 
 2.74200000e-04  1.67155215e-07 
 2.74300000e-04  1.67057807e-07 
 2.74400000e-04  1.66972707e-07 
 2.74500000e-04  1.66918264e-07 
 2.74600000e-04  1.55825922e-07 
 2.74700000e-04  1.55416620e-07 
 2.74800000e-04  1.55213232e-07 
 2.74900000e-04  1.55071717e-07 
 2.75000000e-04  1.54994021e-07 
 2.75100000e-04  1.66138907e-07 
 2.75200000e-04  1.65905770e-07 
 2.75300000e-04  1.65817175e-07 
 2.75400000e-04  1.65737742e-07 
 2.75500000e-04  1.65713351e-07 
 2.75600000e-04  1.52101265e-07 
 2.75700000e-04  1.51631487e-07 
 2.75800000e-04  1.51375427e-07 
 2.75900000e-04  1.51185978e-07 
 2.76000000e-04  1.51065239e-07 
 2.76100000e-04  1.66898506e-07 
 2.76200000e-04  1.66720601e-07 
 2.76300000e-04  1.66648637e-07 
 2.76400000e-04  1.66584292e-07 
 2.76500000e-04  1.66555950e-07 
 2.76600000e-04  1.54139851e-07 
 2.76700000e-04  1.53746791e-07 
 2.76800000e-04  1.53548976e-07 
 2.76900000e-04  1.53406178e-07 
 2.77000000e-04  1.53320126e-07 
 2.77100000e-04  1.66673410e-07 
 2.77200000e-04  1.66449730e-07 
 2.77300000e-04  1.66378592e-07 
 2.77400000e-04  1.66319028e-07 
 2.77500000e-04  1.66280248e-07 
 2.77600000e-04  1.52643622e-07 
 2.77700000e-04  1.52188789e-07 
 2.77800000e-04  1.51960210e-07 
 2.77900000e-04  1.51781979e-07 
 2.78000000e-04  1.51655676e-07 
 2.78100000e-04  1.69108529e-07 
 2.78200000e-04  1.68605557e-07 
 2.78300000e-04  1.68450087e-07 
 2.78400000e-04  1.68318015e-07 
 2.78500000e-04  1.68251716e-07 
 2.78600000e-04  1.59703862e-07 
 2.78700000e-04  1.59321804e-07 
 2.78800000e-04  1.59135366e-07 
 2.78900000e-04  1.59007862e-07 
 2.79000000e-04  1.58941145e-07 
 2.79100000e-04  1.66277189e-07 
 2.79200000e-04  1.65617861e-07 
 2.79300000e-04  1.65435042e-07 
 2.79400000e-04  1.65283215e-07 
 2.79500000e-04  1.65198039e-07 
 2.79600000e-04  1.51669893e-07 
 2.79700000e-04  1.51110362e-07 
 2.79800000e-04  1.50841911e-07 
 2.79900000e-04  1.50633841e-07 
 2.80000000e-04  1.50488049e-07 
 2.80100000e-04  1.66326102e-07 
 2.80200000e-04  1.66137080e-07 
 2.80300000e-04  1.66056014e-07 
 2.80400000e-04  1.65983419e-07 
 2.80500000e-04  1.65957228e-07 
 2.80600000e-04  1.53565416e-07 
 2.80700000e-04  1.53168759e-07 
 2.80800000e-04  1.52960734e-07 
 2.80900000e-04  1.52813105e-07 
 2.81000000e-04  1.52727770e-07 
 2.81100000e-04  1.66041664e-07 
 2.81200000e-04  1.65839154e-07 
 2.81300000e-04  1.65768820e-07 
 2.81400000e-04  1.65707315e-07 
 2.81500000e-04  1.65681858e-07 
 2.81600000e-04  1.52029419e-07 
 2.81700000e-04  1.51593071e-07 
 2.81800000e-04  1.51350919e-07 
 2.81900000e-04  1.51167989e-07 
 2.82000000e-04  1.51046139e-07 
 2.82100000e-04  1.67415298e-07 
 2.82200000e-04  1.67137532e-07 
 2.82300000e-04  1.67037070e-07 
 2.82400000e-04  1.66948505e-07 
 2.82500000e-04  1.66902647e-07 
 2.82600000e-04  1.55801751e-07 
 2.82700000e-04  1.55398579e-07 
 2.82800000e-04  1.55201374e-07 
 2.82900000e-04  1.55061218e-07 
 2.83000000e-04  1.54979901e-07 
 2.83100000e-04  1.66119230e-07 
 2.83200000e-04  1.65877035e-07 
 2.83300000e-04  1.65790106e-07 
 2.83400000e-04  1.65713589e-07 
 2.83500000e-04  1.65685302e-07 
 2.83600000e-04  1.52076218e-07 
 2.83700000e-04  1.51597029e-07 
 2.83800000e-04  1.51350488e-07 
 2.83900000e-04  1.51168907e-07 
 2.84000000e-04  1.51054325e-07 
 2.84100000e-04  1.66881438e-07 
 2.84200000e-04  1.66710211e-07 
 2.84300000e-04  1.66632956e-07 
 2.84400000e-04  1.66562012e-07 
 2.84500000e-04  1.66534143e-07 
 2.84600000e-04  1.54113021e-07 
 2.84700000e-04  1.53746294e-07 
 2.84800000e-04  1.53534546e-07 
 2.84900000e-04  1.53381038e-07 
 2.85000000e-04  1.53287594e-07 
 2.85100000e-04  1.66646252e-07 
 2.85200000e-04  1.66431085e-07 
 2.85300000e-04  1.66358019e-07 
 2.85400000e-04  1.66294930e-07 
 2.85500000e-04  1.66282646e-07 
 2.85600000e-04  1.52608310e-07 
 2.85700000e-04  1.52171536e-07 
 2.85800000e-04  1.51937100e-07 
 2.85900000e-04  1.51761040e-07 
 2.86000000e-04  1.51645180e-07 
 2.86100000e-04  1.68552851e-07 
 2.86200000e-04  1.68163887e-07 
 2.86300000e-04  1.68033772e-07 
 2.86400000e-04  1.67920820e-07 
 2.86500000e-04  1.67864625e-07 
 2.86600000e-04  1.58033962e-07 
 2.86700000e-04  1.57632547e-07 
 2.86800000e-04  1.57446521e-07 
 2.86900000e-04  1.57316418e-07 
 2.87000000e-04  1.57243987e-07 
 2.87100000e-04  1.66227923e-07 
 2.87200000e-04  1.65963842e-07 
 2.87300000e-04  1.65862339e-07 
 2.87400000e-04  1.65770989e-07 
 2.87500000e-04  1.65733426e-07 
 2.87600000e-04  1.52163163e-07 
 2.87700000e-04  1.51626730e-07 
 2.87800000e-04  1.51381795e-07 
 2.87900000e-04  1.51188828e-07 
 2.88000000e-04  1.51049454e-07 
 2.88100000e-04  1.66898069e-07 
 2.88200000e-04  1.66728317e-07 
 2.88300000e-04  1.66657158e-07 
 2.88400000e-04  1.66592706e-07 
 2.88500000e-04  1.66538691e-07 
 2.88600000e-04  1.54125701e-07 
 2.88700000e-04  1.53743233e-07 
 2.88800000e-04  1.53542846e-07 
 2.88900000e-04  1.53394087e-07 
 2.89000000e-04  1.53298569e-07 
 2.89100000e-04  1.66649100e-07 
 2.89200000e-04  1.66443500e-07 
 2.89300000e-04  1.66371895e-07 
 2.89400000e-04  1.66309431e-07 
 2.89500000e-04  1.66279954e-07 
 2.89600000e-04  1.52620300e-07 
 2.89700000e-04  1.52174354e-07 
 2.89800000e-04  1.51939541e-07 
 2.89900000e-04  1.51761788e-07 
 2.90000000e-04  1.51642880e-07 
 2.90100000e-04  1.68023711e-07 
 2.90200000e-04  1.67737938e-07 
 2.90300000e-04  1.67640288e-07 
 2.90400000e-04  1.67555351e-07 
 2.90500000e-04  1.67502944e-07 
 2.90600000e-04  1.56384853e-07 
 2.90700000e-04  1.55975227e-07 
 2.90800000e-04  1.55783284e-07 
 2.90900000e-04  1.55648537e-07 
 2.91000000e-04  1.55572742e-07 
 2.91100000e-04  1.68653749e-07 
 2.91200000e-04  1.68012349e-07 
 2.91300000e-04  1.67808349e-07 
 2.91400000e-04  1.67712145e-07 
 2.91500000e-04  1.67650772e-07 
 2.91600000e-04  1.53525364e-07 
 2.91700000e-04  1.52894137e-07 
 2.91800000e-04  1.52604703e-07 
 2.91900000e-04  1.52401378e-07 
 2.92000000e-04  1.52285978e-07 
 2.92100000e-04  1.03754423e-04 
 2.92200000e-04  1.03754046e-04 
 2.92300000e-04  1.03753933e-04 
 2.92400000e-04  1.03753838e-04 
 2.92500000e-04  1.03753790e-04 
 2.92600000e-04  1.03741352e-04 
 2.92700000e-04  1.03740951e-04 
 2.92800000e-04  1.03740744e-04 
 2.92900000e-04  1.03740598e-04 
 2.93000000e-04  1.03740515e-04 
 2.93100000e-04  1.68414859e-07 
 2.93200000e-04  1.68178478e-07 
 2.93300000e-04  1.68093715e-07 
 2.93400000e-04  1.68018713e-07 
 2.93500000e-04  1.67992334e-07 
 2.93600000e-04  1.54300296e-07 
 2.93700000e-04  1.53835572e-07 
 2.93800000e-04  1.53604943e-07 
 2.93900000e-04  1.53430559e-07 
 2.94000000e-04  1.53314174e-07 
 2.94100000e-04  1.71396976e-07 
 2.94200000e-04  1.70764444e-07 
 2.94300000e-04  1.70580700e-07 
 2.94400000e-04  1.70427857e-07 
 2.94500000e-04  1.70358021e-07 
 2.94600000e-04  1.63043740e-07 
 2.94700000e-04  1.62642464e-07 
 2.94800000e-04  1.62450040e-07 
 2.94900000e-04  1.62334375e-07 
 2.95000000e-04  1.62297871e-07 
 2.95100000e-04  1.67729379e-07 
 2.95200000e-04  1.66851126e-07 
 2.95300000e-04  1.66611879e-07 
 2.95400000e-04  1.66414176e-07 
 2.95500000e-04  1.66342205e-07 
 2.95600000e-04  1.52787244e-07 
 2.95700000e-04  1.52181582e-07 
 2.95800000e-04  1.51916129e-07 
 2.95900000e-04  1.51712674e-07 
 2.96000000e-04  1.51573150e-07 
 2.96100000e-04  1.67456636e-07 
 2.96200000e-04  1.67284313e-07 
 2.96300000e-04  1.67205487e-07 
 2.96400000e-04  1.67133149e-07 
 2.96500000e-04  1.67079592e-07 
 2.96600000e-04  1.54613803e-07 
 2.96700000e-04  1.54221064e-07 
 2.96800000e-04  1.54021392e-07 
 2.96900000e-04  1.53881624e-07 
 2.97000000e-04  1.53803629e-07 
 2.97100000e-04  1.67191781e-07 
 2.97200000e-04  1.66964221e-07 
 2.97300000e-04  1.66888056e-07 
 2.97400000e-04  1.66823259e-07 
 2.97500000e-04  1.66804135e-07 
 2.97600000e-04  1.53108876e-07 
 2.97700000e-04  1.52659138e-07 
 2.97800000e-04  1.52435774e-07 
 2.97900000e-04  1.52261504e-07 
 2.98000000e-04  1.52137847e-07 
 2.98100000e-04  1.68552483e-07 
 2.98200000e-04  1.68271616e-07 
 2.98300000e-04  1.68167810e-07 
 2.98400000e-04  1.68075926e-07 
 2.98500000e-04  1.68013886e-07 
 2.98600000e-04  1.56863953e-07 
 2.98700000e-04  1.56477429e-07 
 2.98800000e-04  1.56273665e-07 
 2.98900000e-04  1.56137731e-07 
 2.99000000e-04  1.56071742e-07 
 2.99100000e-04  1.67247806e-07 
 2.99200000e-04  1.67003835e-07 
 2.99300000e-04  1.66920107e-07 
 2.99400000e-04  1.66846731e-07 
 2.99500000e-04  1.66827848e-07 
 2.99600000e-04  1.53155047e-07 
 2.99700000e-04  1.52671753e-07 
 2.99800000e-04  1.52423124e-07 
 2.99900000e-04  1.52240470e-07 
 3.00000000e-04  1.52125846e-07 
 3.00100000e-04  1.68016545e-07 
 3.00200000e-04  1.67856773e-07 
 3.00300000e-04  1.67777750e-07 
 3.00400000e-04  1.67703742e-07 
 3.00500000e-04  1.67664471e-07 
 3.00600000e-04  1.55194310e-07 
 3.00700000e-04  1.54796978e-07 
 3.00800000e-04  1.54599562e-07 
 3.00900000e-04  1.54454240e-07 
 3.01000000e-04  1.54362629e-07 
 3.01100000e-04  1.67789731e-07 
 3.01200000e-04  1.67571721e-07 
 3.01300000e-04  1.67493690e-07 
 3.01400000e-04  1.67425719e-07 
 3.01500000e-04  1.67404335e-07 
 3.01600000e-04  1.53671206e-07 
 3.01700000e-04  1.53229596e-07 
 3.01800000e-04  1.52997120e-07 
 3.01900000e-04  1.52827495e-07 
 3.02000000e-04  1.52722675e-07 
 3.02100000e-04  1.69684527e-07 
 3.02200000e-04  1.69288582e-07 
 3.02300000e-04  1.69153032e-07 
 3.02400000e-04  1.69034673e-07 
 3.02500000e-04  1.68996770e-07 
 3.02600000e-04  1.59092331e-07 
 3.02700000e-04  1.58706627e-07 
 3.02800000e-04  1.58515920e-07 
 3.02900000e-04  1.58386818e-07 
 3.03000000e-04  1.58321235e-07 
 3.03100000e-04  1.67365600e-07 
 3.03200000e-04  1.67075710e-07 
 3.03300000e-04  1.66986353e-07 
 3.03400000e-04  1.66909975e-07 
 3.03500000e-04  1.66849561e-07 
 3.03600000e-04  1.53222298e-07 
 3.03700000e-04  1.52707194e-07 
 3.03800000e-04  1.52442819e-07 
 3.03900000e-04  1.52246926e-07 
 3.04000000e-04  1.52121645e-07 
 3.04100000e-04  1.68051519e-07 
 3.04200000e-04  1.67858166e-07 
 3.04300000e-04  1.67776291e-07 
 3.04400000e-04  1.67702775e-07 
 3.04500000e-04  1.67665155e-07 
 3.04600000e-04  1.55176323e-07 
 3.04700000e-04  1.54813332e-07 
 3.04800000e-04  1.54610685e-07 
 3.04900000e-04  1.54468264e-07 
 3.05000000e-04  1.54387941e-07 
 3.05100000e-04  1.67782169e-07 
 3.05200000e-04  1.67575629e-07 
 3.05300000e-04  1.67502854e-07 
 3.05400000e-04  1.67439146e-07 
 3.05500000e-04  1.67392588e-07 
 3.05600000e-04  1.53669481e-07 
 3.05700000e-04  1.53233947e-07 
 3.05800000e-04  1.53011585e-07 
 3.05900000e-04  1.52837173e-07 
 3.06000000e-04  1.52712191e-07 
 3.06100000e-04  1.69173194e-07 
 3.06200000e-04  1.68870310e-07 
 3.06300000e-04  1.68762771e-07 
 3.06400000e-04  1.68669255e-07 
 3.06500000e-04  1.68634359e-07 
 3.06600000e-04  1.57429501e-07 
 3.06700000e-04  1.57049170e-07 
 3.06800000e-04  1.56848916e-07 
 3.06900000e-04  1.56717214e-07 
 3.07000000e-04  1.56656196e-07 
 3.07100000e-04  1.67870435e-07 
 3.07200000e-04  1.67619423e-07 
 3.07300000e-04  1.67534780e-07 
 3.07400000e-04  1.67461196e-07 
 3.07500000e-04  1.67431748e-07 
 3.07600000e-04  1.53733502e-07 
 3.07700000e-04  1.53265428e-07 
 3.07800000e-04  1.53015811e-07 
 3.07900000e-04  1.52831202e-07 
 3.08000000e-04  1.52713621e-07 
 3.08100000e-04  1.68635653e-07 
 3.08200000e-04  1.68453696e-07 
 3.08300000e-04  1.68376894e-07 
 3.08400000e-04  1.68307649e-07 
 3.08500000e-04  1.68277737e-07 
 3.08600000e-04  1.55769364e-07 
 3.08700000e-04  1.55392431e-07 
 3.08800000e-04  1.55189955e-07 
 3.08900000e-04  1.55048680e-07 
 3.09000000e-04  1.54970502e-07 
 3.09100000e-04  1.68411988e-07 
 3.09200000e-04  1.68178240e-07 
 3.09300000e-04  1.68106446e-07 
 3.09400000e-04  1.68047173e-07 
 3.09500000e-04  1.68015514e-07 
 3.09600000e-04  1.54252663e-07 
 3.09700000e-04  1.53827469e-07 
 3.09800000e-04  1.53599563e-07 
 3.09900000e-04  1.53426520e-07 
 3.10000000e-04  1.53310035e-07 
 3.10100000e-04  1.70847306e-07 
 3.10200000e-04  1.70335144e-07 
 3.10300000e-04  1.70174441e-07 
 3.10400000e-04  1.70037415e-07 
 3.10500000e-04  1.69971396e-07 
 3.10600000e-04  1.61349125e-07 
 3.10700000e-04  1.60962251e-07 
 3.10800000e-04  1.60772421e-07 
 3.10900000e-04  1.60654096e-07 
 3.11000000e-04  1.60609495e-07 
 3.11100000e-04  1.67671749e-07 
 3.11200000e-04  1.67272545e-07 
 3.11300000e-04  1.67125873e-07 
 3.11400000e-04  1.66996441e-07 
 3.11500000e-04  1.66951218e-07 
 3.11600000e-04  1.53321469e-07 
 3.11700000e-04  1.52760676e-07 
 3.11800000e-04  1.52487944e-07 
 3.11900000e-04  1.52291873e-07 
 3.12000000e-04  1.52174847e-07 
 3.12100000e-04  1.68073700e-07 
 3.12200000e-04  1.67876447e-07 
 3.12300000e-04  1.67801232e-07 
 3.12400000e-04  1.67735097e-07 
 3.12500000e-04  1.67697449e-07 
 3.12600000e-04  1.55208546e-07 
 3.12700000e-04  1.54822511e-07 
 3.12800000e-04  1.54620059e-07 
 3.12900000e-04  1.54477894e-07 
 3.13000000e-04  1.54397878e-07 
 3.13100000e-04  1.67795415e-07 
 3.13200000e-04  1.67592975e-07 
 3.13300000e-04  1.67515587e-07 
 3.13400000e-04  1.67446671e-07 
 3.13500000e-04  1.67411602e-07 
 3.13600000e-04  1.53691264e-07 
 3.13700000e-04  1.53251172e-07 
 3.13800000e-04  1.53017484e-07 
 3.13900000e-04  1.52838559e-07 
 3.14000000e-04  1.52716082e-07 
 3.14100000e-04  1.69164714e-07 
 3.14200000e-04  1.68899818e-07 
 3.14300000e-04  1.68792183e-07 
 3.14400000e-04  1.68694414e-07 
 3.14500000e-04  1.68628577e-07 
 3.14600000e-04  1.57434758e-07 
 3.14700000e-04  1.57056121e-07 
 3.14800000e-04  1.56856360e-07 
 3.14900000e-04  1.56725102e-07 
 3.15000000e-04  1.56664470e-07 
 3.15100000e-04  1.67870286e-07 
 3.15200000e-04  1.67626468e-07 
 3.15300000e-04  1.67541306e-07 
 3.15400000e-04  1.67466436e-07 
 3.15500000e-04  1.67431824e-07 
 3.15600000e-04  1.53740369e-07 
 3.15700000e-04  1.53248709e-07 
 3.15800000e-04  1.53012367e-07 
 3.15900000e-04  1.52837335e-07 
 3.16000000e-04  1.52725505e-07 
 3.16100000e-04  1.68649016e-07 
 3.16200000e-04  1.68465421e-07 
 3.16300000e-04  1.68381424e-07 
 3.16400000e-04  1.68304638e-07 
 3.16500000e-04  1.68262937e-07 
 3.16600000e-04  1.55782456e-07 
 3.16700000e-04  1.55397597e-07 
 3.16800000e-04  1.55200380e-07 
 3.16900000e-04  1.55057907e-07 
 3.17000000e-04  1.54971861e-07 
 3.17100000e-04  1.68394918e-07 
 3.17200000e-04  1.68195375e-07 
 3.17300000e-04  1.68121285e-07 
 3.17400000e-04  1.68055407e-07 
 3.17500000e-04  1.68016129e-07 
 3.17600000e-04  1.54253482e-07 
 3.17700000e-04  1.53823971e-07 
 3.17800000e-04  1.53602486e-07 
 3.17900000e-04  1.53433462e-07 
 3.18000000e-04  1.53318508e-07 
 3.18100000e-04  1.70305579e-07 
 3.18200000e-04  1.69928856e-07 
 3.18300000e-04  1.69792493e-07 
 3.18400000e-04  1.69671613e-07 
 3.18500000e-04  1.69614029e-07 
 3.18600000e-04  1.59684988e-07 
 3.18700000e-04  1.59299733e-07 
 3.18800000e-04  1.59115113e-07 
 3.18900000e-04  1.58990760e-07 
 3.19000000e-04  1.58928533e-07 
 3.19100000e-04  1.67994040e-07 
 3.19200000e-04  1.67698858e-07 
 3.19300000e-04  1.67597868e-07 
 3.19400000e-04  1.67509823e-07 
 3.19500000e-04  1.67472931e-07 
 3.19600000e-04  1.53802185e-07 
 3.19700000e-04  1.53300940e-07 
 3.19800000e-04  1.53038668e-07 
 3.19900000e-04  1.52850264e-07 
 3.20000000e-04  1.52738012e-07 
 3.20100000e-04  1.68664771e-07 
 3.20200000e-04  1.68479634e-07 
 3.20300000e-04  1.68401136e-07 
 3.20400000e-04  1.68330523e-07 
 3.20500000e-04  1.68290919e-07 
 3.20600000e-04  1.55767948e-07 
 3.20700000e-04  1.55385805e-07 
 3.20800000e-04  1.55186522e-07 
 3.20900000e-04  1.55046193e-07 
 3.21000000e-04  1.54966632e-07 
 3.21100000e-04  1.68406483e-07 
 3.21200000e-04  1.68196530e-07 
 3.21300000e-04  1.68118169e-07 
 3.21400000e-04  1.68048906e-07 
 3.21500000e-04  1.68017276e-07 
 3.21600000e-04  1.54267058e-07 
 3.21700000e-04  1.53827810e-07 
 3.21800000e-04  1.53596107e-07 
 3.21900000e-04  1.53425956e-07 
 3.22000000e-04  1.53319252e-07 
 3.22100000e-04  1.69782692e-07 
 3.22200000e-04  1.69491867e-07 
 3.22300000e-04  1.69390794e-07 
 3.22400000e-04  1.69302789e-07 
 3.22500000e-04  1.69249585e-07 
 3.22600000e-04  1.58018162e-07 
 3.22700000e-04  1.57654594e-07 
 3.22800000e-04  1.57456843e-07 
 3.22900000e-04  1.57321230e-07 
 3.23000000e-04  1.57249669e-07 
 3.23100000e-04  1.68494037e-07 
 3.23200000e-04  1.68241726e-07 
 3.23300000e-04  1.68157130e-07 
 3.23400000e-04  1.68083474e-07 
 3.23500000e-04  1.68032549e-07 
 3.23600000e-04  1.54300358e-07 
 3.23700000e-04  1.53838472e-07 
 3.23800000e-04  1.53607076e-07 
 3.23900000e-04  1.53433105e-07 
 3.24000000e-04  1.53318322e-07 
 3.24100000e-04  1.69255868e-07 
 3.24200000e-04  1.69074513e-07 
 3.24300000e-04  1.68998357e-07 
 3.24400000e-04  1.68929648e-07 
 3.24500000e-04  1.68876614e-07 
 3.24600000e-04  1.56345427e-07 
 3.24700000e-04  1.55975050e-07 
 3.24800000e-04  1.55783834e-07 
 3.24900000e-04  1.55647537e-07 
 3.25000000e-04  1.55567839e-07 
 3.25100000e-04  1.69029025e-07 
 3.25200000e-04  1.68808501e-07 
 3.25300000e-04  1.68734632e-07 
 3.25400000e-04  1.68671399e-07 
 3.25500000e-04  1.68638237e-07 
 3.25600000e-04  1.54852859e-07 
 3.25700000e-04  1.54430379e-07 
 3.25800000e-04  1.54193645e-07 
 3.25900000e-04  1.54019066e-07 
 3.26000000e-04  1.53908552e-07 
 3.26100000e-04  1.72536486e-07 
 3.26200000e-04  1.71801036e-07 
 3.26300000e-04  1.71589728e-07 
 3.26400000e-04  1.71413734e-07 
 3.26500000e-04  1.71326867e-07 
 3.26600000e-04  1.65246448e-07 
 3.26700000e-04  1.64880020e-07 
 3.26800000e-04  1.64707077e-07 
 3.26900000e-04  1.64602208e-07 
 3.27000000e-04  1.64567506e-07 
 3.27100000e-04  1.67807500e-07 
 3.27200000e-04  1.66869417e-07 
 3.27300000e-04  1.66630990e-07 
 3.27400000e-04  1.66436960e-07 
 3.27500000e-04  1.66354558e-07 
 3.27600000e-04  1.52832934e-07 
 3.27700000e-04  1.52198823e-07 
 3.27800000e-04  1.51903459e-07 
 3.27900000e-04  1.51690361e-07 
 3.28000000e-04  1.51562075e-07 
 3.28100000e-04  1.67460677e-07 
 3.28200000e-04  1.67288627e-07 
 3.28300000e-04  1.67205347e-07 
 3.28400000e-04  1.67128176e-07 
 3.28500000e-04  1.67084356e-07 
 3.28600000e-04  1.54596108e-07 
 3.28700000e-04  1.54220669e-07 
 3.28800000e-04  1.54026214e-07 
 3.28900000e-04  1.53885031e-07 
 3.29000000e-04  1.53798744e-07 
 3.29100000e-04  1.67171918e-07 
 3.29200000e-04  1.66967063e-07 
 3.29300000e-04  1.66890972e-07 
 3.29400000e-04  1.66823211e-07 
 3.29500000e-04  1.66807712e-07 
 3.29600000e-04  1.53097477e-07 
 3.29700000e-04  1.52663591e-07 
 3.29800000e-04  1.52427087e-07 
 3.29900000e-04  1.52245482e-07 
 3.30000000e-04  1.52120450e-07 
 3.30100000e-04  1.68555656e-07 
 3.30200000e-04  1.68275522e-07 
 3.30300000e-04  1.68169467e-07 
 3.30400000e-04  1.68075398e-07 
 3.30500000e-04  1.68015684e-07 
 3.30600000e-04  1.56858905e-07 
 3.30700000e-04  1.56472877e-07 
 3.30800000e-04  1.56260349e-07 
 3.30900000e-04  1.56118435e-07 
 3.31000000e-04  1.56049307e-07 
 3.31100000e-04  1.67256707e-07 
 3.31200000e-04  1.67000917e-07 
 3.31300000e-04  1.66912674e-07 
 3.31400000e-04  1.66835927e-07 
 3.31500000e-04  1.66820083e-07 
 3.31600000e-04  1.53140509e-07 
 3.31700000e-04  1.52670963e-07 
 3.31800000e-04  1.52419564e-07 
 3.31900000e-04  1.52237008e-07 
 3.32000000e-04  1.52125414e-07 
 3.32100000e-04  1.68012957e-07 
 3.32200000e-04  1.67845332e-07 
 3.32300000e-04  1.67763199e-07 
 3.32400000e-04  1.67686633e-07 
 3.32500000e-04  1.67654202e-07 
 3.32600000e-04  1.55188140e-07 
 3.32700000e-04  1.54791827e-07 
 3.32800000e-04  1.54598533e-07 
 3.32900000e-04  1.54460662e-07 
 3.33000000e-04  1.54379903e-07 
 3.33100000e-04  1.67775909e-07 
 3.33200000e-04  1.67553080e-07 
 3.33300000e-04  1.67482246e-07 
 3.33400000e-04  1.67422452e-07 
 3.33500000e-04  1.67399541e-07 
 3.33600000e-04  1.53671425e-07 
 3.33700000e-04  1.53226965e-07 
 3.33800000e-04  1.53007766e-07 
 3.33900000e-04  1.52832309e-07 
 3.34000000e-04  1.52701910e-07 
 3.34100000e-04  1.69684743e-07 
 3.34200000e-04  1.69289960e-07 
 3.34300000e-04  1.69162464e-07 
 3.34400000e-04  1.69053133e-07 
 3.34500000e-04  1.68990644e-07 
 3.34600000e-04  1.59088141e-07 
 3.34700000e-04  1.58698337e-07 
 3.34800000e-04  1.58513400e-07 
 3.34900000e-04  1.58388106e-07 
 3.35000000e-04  1.58324276e-07 
 3.35100000e-04  1.67373386e-07 
 3.35200000e-04  1.67080192e-07 
 3.35300000e-04  1.66981857e-07 
 3.35400000e-04  1.66896572e-07 
 3.35500000e-04  1.66858756e-07 
 3.35600000e-04  1.53204882e-07 
 3.35700000e-04  1.52700183e-07 
 3.35800000e-04  1.52451477e-07 
 3.35900000e-04  1.52263220e-07 
 3.36000000e-04  1.52137261e-07 
 3.36100000e-04  1.68031171e-07 
 3.36200000e-04  1.67848520e-07 
 3.36300000e-04  1.67769289e-07 
 3.36400000e-04  1.67697376e-07 
 3.36500000e-04  1.67671293e-07 
 3.36600000e-04  1.55190831e-07 
 3.36700000e-04  1.54803456e-07 
 3.36800000e-04  1.54592097e-07 
 3.36900000e-04  1.54451519e-07 
 3.37000000e-04  1.54383892e-07 
 3.37100000e-04  1.67786556e-07 
 3.37200000e-04  1.67571955e-07 
 3.37300000e-04  1.67498116e-07 
 3.37400000e-04  1.67434469e-07 
 3.37500000e-04  1.67394789e-07 
 3.37600000e-04  1.53667611e-07 
 3.37700000e-04  1.53247768e-07 
 3.37800000e-04  1.53006150e-07 
 3.37900000e-04  1.52827572e-07 
 3.38000000e-04  1.52713957e-07 
 3.38100000e-04  1.69167992e-07 
 3.38200000e-04  1.68865489e-07 
 3.38300000e-04  1.68766199e-07 
 3.38400000e-04  1.68681701e-07 
 3.38500000e-04  1.68640098e-07 
 3.38600000e-04  1.57431337e-07 
 3.38700000e-04  1.57054449e-07 
 3.38800000e-04  1.56847196e-07 
 3.38900000e-04  1.56706651e-07 
 3.39000000e-04  1.56634860e-07 
 3.39100000e-04  1.67859698e-07 
 3.39200000e-04  1.67603574e-07 
 3.39300000e-04  1.67523912e-07 
 3.39400000e-04  1.67456446e-07 
 3.39500000e-04  1.67415846e-07 
 3.39600000e-04  1.53730820e-07 
 3.39700000e-04  1.53259375e-07 
 3.39800000e-04  1.53013408e-07 
 3.39900000e-04  1.52826340e-07 
 3.40000000e-04  1.52699965e-07 
 3.40100000e-04  1.68633718e-07 
 3.40200000e-04  1.68459662e-07 
 3.40300000e-04  1.68377499e-07 
 3.40400000e-04  1.68301681e-07 
 3.40500000e-04  1.68254834e-07 
 3.40600000e-04  1.55755413e-07 
 3.40700000e-04  1.55380781e-07 
 3.40800000e-04  1.55186571e-07 
 3.40900000e-04  1.55042091e-07 
 3.41000000e-04  1.54948845e-07 
 3.41100000e-04  1.68391204e-07 
 3.41200000e-04  1.68183370e-07 
 3.41300000e-04  1.68111176e-07 
 3.41400000e-04  1.68048162e-07 
 3.41500000e-04  1.68013361e-07 
 3.41600000e-04  1.54248977e-07 
 3.41700000e-04  1.53812661e-07 
 3.41800000e-04  1.53582564e-07 
 3.41900000e-04  1.53410431e-07 
 3.42000000e-04  1.53298027e-07 
 3.42100000e-04  1.70839647e-07 
 3.42200000e-04  1.70328956e-07 
 3.42300000e-04  1.70171199e-07 
 3.42400000e-04  1.70037311e-07 
 3.42500000e-04  1.69970498e-07 
 3.42600000e-04  1.61336374e-07 
 3.42700000e-04  1.60970765e-07 
 3.42800000e-04  1.60781552e-07 
 3.42900000e-04  1.60664175e-07 
 3.43000000e-04  1.60620754e-07 
 3.43100000e-04  1.69920461e-07 
 3.43200000e-04  1.68901703e-07 
 3.43300000e-04  1.68548572e-07 
 3.43400000e-04  1.68381695e-07 
 3.43500000e-04  1.68275000e-07 
 3.43600000e-04  1.54185114e-07 
 3.43700000e-04  1.53445895e-07 
 3.43800000e-04  1.53153576e-07 
 3.43900000e-04  1.52941836e-07 
 3.44000000e-04  1.52812238e-07 
 3.44100000e-04  1.03757008e-04 
 3.44200000e-04  1.03756241e-04 
 3.44300000e-04  1.03755994e-04 
 3.44400000e-04  1.03755890e-04 
 3.44500000e-04  1.03755832e-04 
 3.44600000e-04  1.03742872e-04 
 3.44700000e-04  1.03742296e-04 
 3.44800000e-04  1.03742038e-04 
 3.44900000e-04  1.03741846e-04 
 3.45000000e-04  1.03741723e-04 
 3.45100000e-04  1.03755886e-04 
 3.45200000e-04  1.03755426e-04 
 3.45300000e-04  1.03755304e-04 
 3.45400000e-04  1.03755207e-04 
 3.45500000e-04  1.03755160e-04 
 3.45600000e-04  1.03741447e-04 
 3.45700000e-04  1.03740962e-04 
 3.45800000e-04  1.03740725e-04 
 3.45900000e-04  1.03740552e-04 
 3.46000000e-04  1.03740444e-04 
 3.46100000e-04  1.71479345e-07 
 3.46200000e-04  1.71152450e-07 
 3.46300000e-04  1.71036212e-07 
 3.46400000e-04  1.70934428e-07 
 3.46500000e-04  1.70873715e-07 
 3.46600000e-04  1.59607522e-07 
 3.46700000e-04  1.59214810e-07 
 3.46800000e-04  1.59024871e-07 
 3.46900000e-04  1.58901930e-07 
 3.47000000e-04  1.58848030e-07 
 3.47100000e-04  1.70165252e-07 
 3.47200000e-04  1.69895806e-07 
 3.47300000e-04  1.69803828e-07 
 3.47400000e-04  1.69724049e-07 
 3.47500000e-04  1.69702605e-07 
 3.47600000e-04  1.55891819e-07 
 3.47700000e-04  1.55438278e-07 
 3.47800000e-04  1.55196728e-07 
 3.47900000e-04  1.55018915e-07 
 3.48000000e-04  1.54906781e-07 
 3.48100000e-04  1.70946795e-07 
 3.48200000e-04  1.70750651e-07 
 3.48300000e-04  1.70665644e-07 
 3.48400000e-04  1.70588519e-07 
 3.48500000e-04  1.70532735e-07 
 3.48600000e-04  1.57910830e-07 
 3.48700000e-04  1.57546069e-07 
 3.48800000e-04  1.57364434e-07 
 3.48900000e-04  1.57232526e-07 
 3.49000000e-04  1.57151838e-07 
 3.49100000e-04  1.70697444e-07 
 3.49200000e-04  1.70458534e-07 
 3.49300000e-04  1.70384402e-07 
 3.49400000e-04  1.70322295e-07 
 3.49500000e-04  1.70277028e-07 
 3.49600000e-04  1.56414000e-07 
 3.49700000e-04  1.55990341e-07 
 3.49800000e-04  1.55763232e-07 
 3.49900000e-04  1.55593768e-07 
 3.50000000e-04  1.55483695e-07 
 3.50100000e-04  1.72601728e-07 
 3.50200000e-04  1.72204934e-07 
 3.50300000e-04  1.72060880e-07 
 3.50400000e-04  1.71933307e-07 
 3.50500000e-04  1.71881447e-07 
 3.50600000e-04  1.61817335e-07 
 3.50700000e-04  1.61450789e-07 
 3.50800000e-04  1.61272086e-07 
 3.50900000e-04  1.61150495e-07 
 3.51000000e-04  1.61087740e-07 
 3.51100000e-04  1.70290662e-07 
 3.51200000e-04  1.69989880e-07 
 3.51300000e-04  1.69873390e-07 
 3.51400000e-04  1.69768958e-07 
 3.51500000e-04  1.69732785e-07 
 3.51600000e-04  1.55934536e-07 
 3.51700000e-04  1.55454495e-07 
 3.51800000e-04  1.55211652e-07 
 3.51900000e-04  1.55022349e-07 
 3.52000000e-04  1.54888200e-07 
 3.52100000e-04  1.70950308e-07 
 3.52200000e-04  1.70756866e-07 
 3.52300000e-04  1.70662802e-07 
 3.52400000e-04  1.70575952e-07 
 3.52500000e-04  1.70539992e-07 
 3.52600000e-04  1.57917658e-07 
 3.52700000e-04  1.57537546e-07 
 3.52800000e-04  1.57353132e-07 
 3.52900000e-04  1.57223146e-07 
 3.53000000e-04  1.57149229e-07 
 3.53100000e-04  1.70695644e-07 
 3.53200000e-04  1.70471083e-07 
 3.53300000e-04  1.70385389e-07 
 3.53400000e-04  1.70309296e-07 
 3.53500000e-04  1.70275153e-07 
 3.53600000e-04  1.56400131e-07 
 3.53700000e-04  1.55986043e-07 
 3.53800000e-04  1.55763168e-07 
 3.53900000e-04  1.55591609e-07 
 3.54000000e-04  1.55472907e-07 
 3.54100000e-04  1.72075936e-07 
 3.54200000e-04  1.71777882e-07 
 3.54300000e-04  1.71662677e-07 
 3.54400000e-04  1.71559609e-07 
 3.54500000e-04  1.71503539e-07 
 3.54600000e-04  1.60150950e-07 
 3.54700000e-04  1.59796502e-07 
 3.54800000e-04  1.59615181e-07 
 3.54900000e-04  1.59488185e-07 
 3.55000000e-04  1.59417150e-07 
 3.55100000e-04  1.70790690e-07 
 3.55200000e-04  1.70525891e-07 
 3.55300000e-04  1.70428497e-07 
 3.55400000e-04  1.70342654e-07 
 3.55500000e-04  1.70310355e-07 
 3.55600000e-04  1.56445371e-07 
 3.55700000e-04  1.55999472e-07 
 3.55800000e-04  1.55768967e-07 
 3.55900000e-04  1.55596704e-07 
 3.56000000e-04  1.55484440e-07 
 3.56100000e-04  1.71550462e-07 
 3.56200000e-04  1.71354409e-07 
 3.56300000e-04  1.71268871e-07 
 3.56400000e-04  1.71191449e-07 
 3.56500000e-04  1.71137121e-07 
 3.56600000e-04  1.58490815e-07 
 3.56700000e-04  1.58125847e-07 
 3.56800000e-04  1.57936536e-07 
 3.56900000e-04  1.57803125e-07 
 3.57000000e-04  1.57727298e-07 
 3.57100000e-04  1.71311447e-07 
 3.57200000e-04  1.71084708e-07 
 3.57300000e-04  1.70997118e-07 
 3.57400000e-04  1.70918968e-07 
 3.57500000e-04  1.70891038e-07 
 3.57600000e-04  1.56968385e-07 
 3.57700000e-04  1.56564508e-07 
 3.57800000e-04  1.56343827e-07 
 3.57900000e-04  1.56180117e-07 
 3.58000000e-04  1.56075091e-07 
 3.58100000e-04  1.74277878e-07 
 3.58200000e-04  1.73663449e-07 
 3.58300000e-04  1.73458195e-07 
 3.58400000e-04  1.73279444e-07 
 3.58500000e-04  1.73219333e-07 
 3.58600000e-04  1.65735959e-07 
 3.58700000e-04  1.65359220e-07 
 3.58800000e-04  1.65195164e-07 
 3.58900000e-04  1.65090841e-07 
 3.59000000e-04  1.65048053e-07 
 3.59100000e-04  1.70589742e-07 
 3.59200000e-04  1.69779900e-07 
 3.59300000e-04  1.69529346e-07 
 3.59400000e-04  1.69316766e-07 
 3.59500000e-04  1.69232301e-07 
 3.59600000e-04  1.55515095e-07 
 3.59700000e-04  1.54930732e-07 
 3.59800000e-04  1.54660284e-07 
 3.59900000e-04  1.54458317e-07 
 3.60000000e-04  1.54326909e-07 
 3.60100000e-04  1.70361615e-07 
 3.60200000e-04  1.70166078e-07 
 3.60300000e-04  1.70076672e-07 
 3.60400000e-04  1.69994881e-07 
 3.60500000e-04  1.69946314e-07 
 3.60600000e-04  1.57341199e-07 
 3.60700000e-04  1.56972156e-07 
 3.60800000e-04  1.56780563e-07 
 3.60900000e-04  1.56645488e-07 
 3.61000000e-04  1.56568630e-07 
 3.61100000e-04  1.70096796e-07 
 3.61200000e-04  1.69861464e-07 
 3.61300000e-04  1.69778759e-07 
 3.61400000e-04  1.69707156e-07 
 3.61500000e-04  1.69677250e-07 
 3.61600000e-04  1.55826549e-07 
 3.61700000e-04  1.55394726e-07 
 3.61800000e-04  1.55172745e-07 
 3.61900000e-04  1.55006273e-07 
 3.62000000e-04  1.54896973e-07 
 3.62100000e-04  1.71461157e-07 
 3.62200000e-04  1.71164054e-07 
 3.62300000e-04  1.71048810e-07 
 3.62400000e-04  1.70945818e-07 
 3.62500000e-04  1.70902172e-07 
 3.62600000e-04  1.59576414e-07 
 3.62700000e-04  1.59195641e-07 
 3.62800000e-04  1.59008293e-07 
 3.62900000e-04  1.58885747e-07 
 3.63000000e-04  1.58829963e-07 
 3.63100000e-04  1.70158967e-07 
 3.63200000e-04  1.69887083e-07 
 3.63300000e-04  1.69794146e-07 
 3.63400000e-04  1.69713585e-07 
 3.63500000e-04  1.69693807e-07 
 3.63600000e-04  1.55866569e-07 
 3.63700000e-04  1.55411667e-07 
 3.63800000e-04  1.55173717e-07 
 3.63900000e-04  1.54999272e-07 
 3.64000000e-04  1.54890250e-07 
 3.64100000e-04  1.70931259e-07 
 3.64200000e-04  1.70729130e-07 
 3.64300000e-04  1.70644699e-07 
 3.64400000e-04  1.70569235e-07 
 3.64500000e-04  1.70534122e-07 
 3.64600000e-04  1.57909539e-07 
 3.64700000e-04  1.57527829e-07 
 3.64800000e-04  1.57344279e-07 
 3.64900000e-04  1.57208694e-07 
 3.65000000e-04  1.57122496e-07 
 3.65100000e-04  1.70696419e-07 
 3.65200000e-04  1.70459803e-07 
 3.65300000e-04  1.70371839e-07 
 3.65400000e-04  1.70294694e-07 
 3.65500000e-04  1.70266682e-07 
 3.65600000e-04  1.56397806e-07 
 3.65700000e-04  1.55981471e-07 
 3.65800000e-04  1.55755168e-07 
 3.65900000e-04  1.55581021e-07 
 3.66000000e-04  1.55460480e-07 
 3.66100000e-04  1.75056455e-07 
 3.66200000e-04  1.74040723e-07 
 3.66300000e-04  1.73724605e-07 
 3.66400000e-04  1.73591228e-07 
 3.66500000e-04  1.73516897e-07 
 3.66600000e-04  1.62993611e-07 
 3.66700000e-04  1.62490539e-07 
 3.66800000e-04  1.62241219e-07 
 3.66900000e-04  1.62064386e-07 
 3.67000000e-04  1.61961491e-07 
 3.67100000e-04  1.03757223e-04 
 3.67200000e-04  1.03756712e-04 
 3.67300000e-04  1.03756562e-04 
 3.67400000e-04  1.03756435e-04 
 3.67500000e-04  1.03756389e-04 
 3.67600000e-04  1.03742612e-04 
 3.67700000e-04  1.03742083e-04 
 3.67800000e-04  1.03741840e-04 
 3.67900000e-04  1.03741655e-04 
 3.68000000e-04  1.03741530e-04 
 3.68100000e-04  1.72107068e-07 
 3.68200000e-04  1.71860202e-07 
 3.68300000e-04  1.71767210e-07 
 3.68400000e-04  1.71685567e-07 
 3.68500000e-04  1.71642117e-07 
 3.68600000e-04  1.58990511e-07 
 3.68700000e-04  1.58631833e-07 
 3.68800000e-04  1.58441319e-07 
 3.68900000e-04  1.58306192e-07 
 3.69000000e-04  1.58228104e-07 
 3.69100000e-04  1.71848366e-07 
 3.69200000e-04  1.71608293e-07 
 3.69300000e-04  1.71520666e-07 
 3.69400000e-04  1.71444289e-07 
 3.69500000e-04  1.71405157e-07 
 3.69600000e-04  1.57478735e-07 
 3.69700000e-04  1.57061651e-07 
 3.69800000e-04  1.56843303e-07 
 3.69900000e-04  1.56679549e-07 
 3.70000000e-04  1.56572018e-07 
 3.70100000e-04  1.73222876e-07 
 3.70200000e-04  1.72913076e-07 
 3.70300000e-04  1.72801231e-07 
 3.70400000e-04  1.72702718e-07 
 3.70500000e-04  1.72634420e-07 
 3.70600000e-04  1.61241096e-07 
 3.70700000e-04  1.60880091e-07 
 3.70800000e-04  1.60693919e-07 
 3.70900000e-04  1.60571867e-07 
 3.71000000e-04  1.60515865e-07 
 3.71100000e-04  1.71931800e-07 
 3.71200000e-04  1.71664057e-07 
 3.71300000e-04  1.71569193e-07 
 3.71400000e-04  1.71485931e-07 
 3.71500000e-04  1.71440686e-07 
 3.71600000e-04  1.57525050e-07 
 3.71700000e-04  1.57069197e-07 
 3.71800000e-04  1.56854499e-07 
 3.71900000e-04  1.56684407e-07 
 3.72000000e-04  1.56560230e-07 
 3.72100000e-04  1.72699564e-07 
 3.72200000e-04  1.72505656e-07 
 3.72300000e-04  1.72409980e-07 
 3.72400000e-04  1.72321248e-07 
 3.72500000e-04  1.72276451e-07 
 3.72600000e-04  1.59550811e-07 
 3.72700000e-04  1.59207774e-07 
 3.72800000e-04  1.59024075e-07 
 3.72900000e-04  1.58897527e-07 
 3.73000000e-04  1.58829836e-07 
 3.73100000e-04  1.72462924e-07 
 3.73200000e-04  1.72223048e-07 
 3.73300000e-04  1.72140669e-07 
 3.73400000e-04  1.72069570e-07 
 3.73500000e-04  1.72034949e-07 
 3.73600000e-04  1.58056912e-07 
 3.73700000e-04  1.57659376e-07 
 3.73800000e-04  1.57438375e-07 
 3.73900000e-04  1.57271849e-07 
 3.74000000e-04  1.57161420e-07 
 3.74100000e-04  1.74917089e-07 
 3.74200000e-04  1.74389433e-07 
 3.74300000e-04  1.74204485e-07 
 3.74400000e-04  1.74042635e-07 
 3.74500000e-04  1.73987767e-07 
 3.74600000e-04  1.65136064e-07 
 3.74700000e-04  1.64782800e-07 
 3.74800000e-04  1.64599745e-07 
 3.74900000e-04  1.64491192e-07 
 3.75000000e-04  1.64459394e-07 
 3.75100000e-04  1.71727246e-07 
 3.75200000e-04  1.71311409e-07 
 3.75300000e-04  1.71156969e-07 
 3.75400000e-04  1.71020226e-07 
 3.75500000e-04  1.70942790e-07 
 3.75600000e-04  1.57116165e-07 
 3.75700000e-04  1.56581646e-07 
 3.75800000e-04  1.56325325e-07 
 3.75900000e-04  1.56139572e-07 
 3.76000000e-04  1.56026514e-07 
 3.76100000e-04  1.72135720e-07 
 3.76200000e-04  1.71909966e-07 
 3.76300000e-04  1.71818300e-07 
 3.76400000e-04  1.71736922e-07 
 3.76500000e-04  1.71694897e-07 
 3.76600000e-04  1.58987395e-07 
 3.76700000e-04  1.58620290e-07 
 3.76800000e-04  1.58435430e-07 
 3.76900000e-04  1.58310354e-07 
 3.77000000e-04  1.58246845e-07 
 3.77100000e-04  1.71850539e-07 
 3.77200000e-04  1.71622477e-07 
 3.77300000e-04  1.71535928e-07 
 3.77400000e-04  1.71459157e-07 
 3.77500000e-04  1.71408660e-07 
 3.77600000e-04  1.57477047e-07 
 3.77700000e-04  1.57056667e-07 
 3.77800000e-04  1.56839788e-07 
 3.77900000e-04  1.56676766e-07 
 3.78000000e-04  1.56569198e-07 
 3.78100000e-04  1.73221546e-07 
 3.78200000e-04  1.72913562e-07 
 3.78300000e-04  1.72793667e-07 
 3.78400000e-04  1.72686755e-07 
 3.78500000e-04  1.72649076e-07 
 3.78600000e-04  1.61219038e-07 
 3.78700000e-04  1.60874432e-07 
 3.78800000e-04  1.60691062e-07 
 3.78900000e-04  1.60568685e-07 
 3.79000000e-04  1.60509122e-07 
 3.79100000e-04  1.71922589e-07 
 3.79200000e-04  1.71660693e-07 
 3.79300000e-04  1.71556456e-07 
 3.79400000e-04  1.71462452e-07 
 3.79500000e-04  1.71426954e-07 
 3.79600000e-04  1.57509392e-07 
 3.79700000e-04  1.57084697e-07 
 3.79800000e-04  1.56850679e-07 
 3.79900000e-04  1.56676151e-07 
 3.80000000e-04  1.56562887e-07 
 3.80100000e-04  1.72712204e-07 
 3.80200000e-04  1.72505856e-07 
 3.80300000e-04  1.72415541e-07 
 3.80400000e-04  1.72333737e-07 
 3.80500000e-04  1.72287567e-07 
 3.80600000e-04  1.59549390e-07 
 3.80700000e-04  1.59199820e-07 
 3.80800000e-04  1.59024140e-07 
 3.80900000e-04  1.58892448e-07 
 3.81000000e-04  1.58806023e-07 
 3.81100000e-04  1.72462248e-07 
 3.81200000e-04  1.72215957e-07 
 3.81300000e-04  1.72127759e-07 
 3.81400000e-04  1.72050920e-07 
 3.81500000e-04  1.72031320e-07 
 3.81600000e-04  1.58057748e-07 
 3.81700000e-04  1.57639344e-07 
 3.81800000e-04  1.57427746e-07 
 3.81900000e-04  1.57263475e-07 
 3.82000000e-04  1.57147918e-07 
 3.82100000e-04  1.74377594e-07 
 3.82200000e-04  1.73964785e-07 
 3.82300000e-04  1.73818887e-07 
 3.82400000e-04  1.73690785e-07 
 3.82500000e-04  1.73614211e-07 
 3.82600000e-04  1.63461128e-07 
 3.82700000e-04  1.63127710e-07 
 3.82800000e-04  1.62946912e-07 
 3.82900000e-04  1.62825480e-07 
 3.83000000e-04  1.62765184e-07 
 3.83100000e-04  1.72045065e-07 
 3.83200000e-04  1.71744824e-07 
 3.83300000e-04  1.71630980e-07 
 3.83400000e-04  1.71529112e-07 
 3.83500000e-04  1.71487536e-07 
 3.83600000e-04  1.57593088e-07 
 3.83700000e-04  1.57095126e-07 
 3.83800000e-04  1.56858896e-07 
 3.83900000e-04  1.56684626e-07 
 3.84000000e-04  1.56574163e-07 
 3.84100000e-04  1.72714492e-07 
 3.84200000e-04  1.72506458e-07 
 3.84300000e-04  1.72415182e-07 
 3.84400000e-04  1.72332291e-07 
 3.84500000e-04  1.72296454e-07 
 3.84600000e-04  1.59567501e-07 
 3.84700000e-04  1.59215244e-07 
 3.84800000e-04  1.59030610e-07 
 3.84900000e-04  1.58897603e-07 
 3.85000000e-04  1.58817739e-07 
 3.85100000e-04  1.72471341e-07 
 3.85200000e-04  1.72241834e-07 
 3.85300000e-04  1.72142827e-07 
 3.85400000e-04  1.72052513e-07 
 3.85500000e-04  1.72009107e-07 
 3.85600000e-04  1.58044661e-07 
 3.85700000e-04  1.57664654e-07 
 3.85800000e-04  1.57442813e-07 
 3.85900000e-04  1.57271530e-07 
 3.86000000e-04  1.57152295e-07 
 3.86100000e-04  1.73841911e-07 
 3.86200000e-04  1.73548590e-07 
 3.86300000e-04  1.73421429e-07 
 3.86400000e-04  1.73304969e-07 
 3.86500000e-04  1.73254140e-07 
 3.86600000e-04  1.61800870e-07 
 3.86700000e-04  1.61457339e-07 
 3.86800000e-04  1.61280335e-07 
 3.86900000e-04  1.61159860e-07 
 3.87000000e-04  1.61097587e-07 
 3.87100000e-04  1.72546971e-07 
 3.87200000e-04  1.72279909e-07 
 3.87300000e-04  1.72172786e-07 
 3.87400000e-04  1.72075994e-07 
 3.87500000e-04  1.72036287e-07 
 3.87600000e-04  1.58091120e-07 
 3.87700000e-04  1.57675142e-07 
 3.87800000e-04  1.57442935e-07 
 3.87900000e-04  1.57273154e-07 
 3.88000000e-04  1.57167657e-07 
 3.88100000e-04  1.73331394e-07 
 3.88200000e-04  1.73121287e-07 
 3.88300000e-04  1.73031356e-07 
 3.88400000e-04  1.72950685e-07 
 3.88500000e-04  1.72886720e-07 
 3.88600000e-04  1.60134025e-07 
 3.88700000e-04  1.59803137e-07 
 3.88800000e-04  1.59608493e-07 
 3.88900000e-04  1.59475206e-07 
 3.89000000e-04  1.59405102e-07 
 3.89100000e-04  1.73089566e-07 
 3.89200000e-04  1.72833780e-07 
 3.89300000e-04  1.72741431e-07 
 3.89400000e-04  1.72661050e-07 
 3.89500000e-04  1.72631954e-07 
 3.89600000e-04  1.58636950e-07 
 3.89700000e-04  1.58229980e-07 
 3.89800000e-04  1.58016200e-07 
 3.89900000e-04  1.57856872e-07 
 3.90000000e-04  1.57753602e-07 
 3.90100000e-04  1.77117204e-07 
 3.90200000e-04  1.76269247e-07 
 3.90300000e-04  1.76009120e-07 
 3.90400000e-04  1.75787726e-07 
 3.90500000e-04  1.75696378e-07 
 3.90600000e-04  1.70707508e-07 
 3.90700000e-04  1.70341915e-07 
 3.90800000e-04  1.70199841e-07 
 3.90900000e-04  1.70121194e-07 
 3.91000000e-04  1.70107862e-07 
 3.91100000e-04  1.71312201e-07 
 3.91200000e-04  1.70326480e-07 
 3.91300000e-04  1.70060214e-07 
 3.91400000e-04  1.69839263e-07 
 3.91500000e-04  1.69762585e-07 
 3.91600000e-04  1.56073417e-07 
 3.91700000e-04  1.55428252e-07 
 3.91800000e-04  1.55152431e-07 
 3.91900000e-04  1.54948523e-07 
 3.92000000e-04  1.54818688e-07 
 3.92100000e-04  1.70904508e-07 
 3.92200000e-04  1.70696791e-07 
 3.92300000e-04  1.70601941e-07 
 3.92400000e-04  1.70515773e-07 
 3.92500000e-04  1.70470476e-07 
 3.92600000e-04  1.57815795e-07 
 3.92700000e-04  1.57441762e-07 
 3.92800000e-04  1.57257938e-07 
 3.92900000e-04  1.57125348e-07 
 3.93000000e-04  1.57045486e-07 
 3.93100000e-04  1.70620392e-07 
 3.93200000e-04  1.70392110e-07 
 3.93300000e-04  1.70305171e-07 
 3.93400000e-04  1.70228055e-07 
 3.93500000e-04  1.70182864e-07 
 3.93600000e-04  1.56289479e-07 
 3.93700000e-04  1.55892409e-07 
 3.93800000e-04  1.55660598e-07 
 3.93900000e-04  1.55491310e-07 
 3.94000000e-04  1.55386401e-07 
 3.94100000e-04  1.71976086e-07 
 3.94200000e-04  1.71686689e-07 
 3.94300000e-04  1.71564159e-07 
 3.94400000e-04  1.71452581e-07 
 3.94500000e-04  1.71417360e-07 
 3.94600000e-04  1.60052301e-07 
 3.94700000e-04  1.59680785e-07 
 3.94800000e-04  1.59491884e-07 
 3.94900000e-04  1.59364758e-07 
 3.95000000e-04  1.59301239e-07 
 3.95100000e-04  1.70690688e-07 
 3.95200000e-04  1.70404678e-07 
 3.95300000e-04  1.70308494e-07 
 3.95400000e-04  1.70225811e-07 
 3.95500000e-04  1.70207749e-07 
 3.95600000e-04  1.56341514e-07 
 3.95700000e-04  1.55903686e-07 
 3.95800000e-04  1.55663277e-07 
 3.95900000e-04  1.55484001e-07 
 3.96000000e-04  1.55367665e-07 
 3.96100000e-04  1.71451355e-07 
 3.96200000e-04  1.71264430e-07 
 3.96300000e-04  1.71175804e-07 
 3.96400000e-04  1.71093943e-07 
 3.96500000e-04  1.71048723e-07 
 3.96600000e-04  1.58379098e-07 
 3.96700000e-04  1.58014592e-07 
 3.96800000e-04  1.57833140e-07 
 3.96900000e-04  1.57701429e-07 
 3.97000000e-04  1.57620907e-07 
 3.97100000e-04  1.71198221e-07 
 3.97200000e-04  1.70986323e-07 
 3.97300000e-04  1.70894542e-07 
 3.97400000e-04  1.70810401e-07 
 3.97500000e-04  1.70773689e-07 
 3.97600000e-04  1.56880950e-07 
 3.97700000e-04  1.56449525e-07 
 3.97800000e-04  1.56229162e-07 
 3.97900000e-04  1.56064314e-07 
 3.98000000e-04  1.55956613e-07 
 3.98100000e-04  1.73116259e-07 
 3.98200000e-04  1.72699857e-07 
 3.98300000e-04  1.72555058e-07 
 3.98400000e-04  1.72428773e-07 
 3.98500000e-04  1.72369655e-07 
 3.98600000e-04  1.62284155e-07 
 3.98700000e-04  1.61931326e-07 
 3.98800000e-04  1.61751648e-07 
 3.98900000e-04  1.61632131e-07 
 3.99000000e-04  1.61574555e-07 
 3.99100000e-04  1.70802740e-07 
 3.99200000e-04  1.70495890e-07 
 3.99300000e-04  1.70386081e-07 
 3.99400000e-04  1.70289293e-07 
 3.99500000e-04  1.70248471e-07 
 3.99600000e-04  1.56406101e-07 
 3.99700000e-04  1.55904440e-07 
 3.99800000e-04  1.55677269e-07 
 3.99900000e-04  1.55501671e-07 
 4.00000000e-04  1.55379146e-07 
 4.00100000e-04  1.71471325e-07 
 4.00200000e-04  1.71255427e-07 
 4.00300000e-04  1.71173544e-07 
 4.00400000e-04  1.71102023e-07 
 4.00500000e-04  1.71044178e-07 
 4.00600000e-04  1.58381864e-07 
 4.00700000e-04  1.58033531e-07 
 4.00800000e-04  1.57838836e-07 
 4.00900000e-04  1.57703531e-07 
 4.01000000e-04  1.57629366e-07 
 4.01100000e-04  1.71220415e-07 
 4.01200000e-04  1.70977848e-07 
 4.01300000e-04  1.70896373e-07 
 4.01400000e-04  1.70826598e-07 
 4.01500000e-04  1.70776975e-07 
 4.01600000e-04  1.56864105e-07 
 4.01700000e-04  1.56461958e-07 
 4.01800000e-04  1.56244418e-07 
 4.01900000e-04  1.56076200e-07 
 4.02000000e-04  1.55958732e-07 
 4.02100000e-04  1.72602678e-07 
 4.02200000e-04  1.72291840e-07 
 4.02300000e-04  1.72166981e-07 
 4.02400000e-04  1.72055268e-07 
 4.02500000e-04  1.72014128e-07 
 4.02600000e-04  1.60638055e-07 
 4.02700000e-04  1.60275353e-07 
 4.02800000e-04  1.60083574e-07 
 4.02900000e-04  1.59955425e-07 
 4.03000000e-04  1.59892792e-07 
 4.03100000e-04  1.71307144e-07 
 4.03200000e-04  1.71016687e-07 
 4.03300000e-04  1.70922904e-07 
 4.03400000e-04  1.70843069e-07 
 4.03500000e-04  1.70806748e-07 
 4.03600000e-04  1.56919201e-07 
 4.03700000e-04  1.56484046e-07 
 4.03800000e-04  1.56249786e-07 
 4.03900000e-04  1.56076206e-07 
 4.04000000e-04  1.55965090e-07 
 4.04100000e-04  1.72066954e-07 
 4.04200000e-04  1.71878994e-07 
 4.04300000e-04  1.71784476e-07 
 4.04400000e-04  1.71696070e-07 
 4.04500000e-04  1.71650445e-07 
 4.04600000e-04  1.58963075e-07 
 4.04700000e-04  1.58596648e-07 
 4.04800000e-04  1.58424016e-07 
 4.04900000e-04  1.58296511e-07 
 4.05000000e-04  1.58215425e-07 
 4.05100000e-04  1.71847334e-07 
 4.05200000e-04  1.71593140e-07 
 4.05300000e-04  1.71505800e-07 
 4.05400000e-04  1.71431167e-07 
 4.05500000e-04  1.71385387e-07 
 4.05600000e-04  1.57462559e-07 
 4.05700000e-04  1.57055261e-07 
 4.05800000e-04  1.56832230e-07 
 4.05900000e-04  1.56665445e-07 
 4.06000000e-04  1.56556556e-07 
 4.06100000e-04  1.74266307e-07 
 4.06200000e-04  1.73744293e-07 
 4.06300000e-04  1.73569556e-07 
 4.06400000e-04  1.73418046e-07 
 4.06500000e-04  1.73354367e-07 
 4.06600000e-04  1.64549439e-07 
 4.06700000e-04  1.64189204e-07 
 4.06800000e-04  1.64004615e-07 
 4.06900000e-04  1.63891693e-07 
 4.07000000e-04  1.63852569e-07 
 4.07100000e-04  1.71095896e-07 
 4.07200000e-04  1.70675153e-07 
 4.07300000e-04  1.70523136e-07 
 4.07400000e-04  1.70389839e-07 
 4.07500000e-04  1.70310142e-07 
 4.07600000e-04  1.56509202e-07 
 4.07700000e-04  1.55969089e-07 
 4.07800000e-04  1.55719375e-07 
 4.07900000e-04  1.55530953e-07 
 4.08000000e-04  1.55405626e-07 
 4.08100000e-04  1.71505420e-07 
 4.08200000e-04  1.71287660e-07 
 4.08300000e-04  1.71201162e-07 
 4.08400000e-04  1.71125092e-07 
 4.08500000e-04  1.71062754e-07 
 4.08600000e-04  1.58395523e-07 
 4.08700000e-04  1.58037179e-07 
 4.08800000e-04  1.57850806e-07 
 4.08900000e-04  1.57718172e-07 
 4.09000000e-04  1.57640837e-07 
 4.09100000e-04  1.71224717e-07 
 4.09200000e-04  1.70989925e-07 
 4.09300000e-04  1.70899969e-07 
 4.09400000e-04  1.70820361e-07 
 4.09500000e-04  1.70798551e-07 
 4.09600000e-04  1.56890172e-07 
 4.09700000e-04  1.56479354e-07 
 4.09800000e-04  1.56249581e-07 
 4.09900000e-04  1.56080140e-07 
 4.10000000e-04  1.55972806e-07 
 4.10100000e-04  1.72594735e-07 
 4.10200000e-04  1.72291627e-07 
 4.10300000e-04  1.72173485e-07 
 4.10400000e-04  1.72067667e-07 
 4.10500000e-04  1.72019011e-07 
 4.10600000e-04  1.60646059e-07 
 4.10700000e-04  1.60278394e-07 
 4.10800000e-04  1.60094622e-07 
 4.10900000e-04  1.59968390e-07 
 4.11000000e-04  1.59901379e-07 
 4.11100000e-04  1.71310927e-07 
 4.11200000e-04  1.71028848e-07 
 4.11300000e-04  1.70934361e-07 
 4.11400000e-04  1.70852817e-07 
 4.11500000e-04  1.70805978e-07 
 4.11600000e-04  1.56918115e-07 
 4.11700000e-04  1.56483606e-07 
 4.11800000e-04  1.56253720e-07 
 4.11900000e-04  1.56084158e-07 
 4.12000000e-04  1.55976689e-07 
 4.12100000e-04  1.72067649e-07 
 4.12200000e-04  1.71858741e-07 
 4.12300000e-04  1.71774622e-07 
 4.12400000e-04  1.71699926e-07 
 4.12500000e-04  1.71645554e-07 
 4.12600000e-04  1.58965871e-07 
 4.12700000e-04  1.58611952e-07 
 4.12800000e-04  1.58425635e-07 
 4.12900000e-04  1.58292007e-07 
 4.13000000e-04  1.58212593e-07 
 4.13100000e-04  1.71822407e-07 
 4.13200000e-04  1.71596143e-07 
 4.13300000e-04  1.71511673e-07 
 4.13400000e-04  1.71437127e-07 
 4.13500000e-04  1.71410213e-07 
 4.13600000e-04  1.57456182e-07 
 4.13700000e-04  1.57055799e-07 
 4.13800000e-04  1.56831800e-07 
 4.13900000e-04  1.56667090e-07 
 4.14000000e-04  1.56563402e-07 
 4.14100000e-04  1.73750762e-07 
 4.14200000e-04  1.73327910e-07 
 4.14300000e-04  1.73185175e-07 
 4.14400000e-04  1.73061711e-07 
 4.14500000e-04  1.73002543e-07 
 4.14600000e-04  1.62872926e-07 
 4.14700000e-04  1.62525913e-07 
 4.14800000e-04  1.62336926e-07 
 4.14900000e-04  1.62217391e-07 
 4.15000000e-04  1.62169361e-07 
 4.15100000e-04  1.71416238e-07 
 4.15200000e-04  1.71111990e-07 
 4.15300000e-04  1.71000016e-07 
 4.15400000e-04  1.70900590e-07 
 4.15500000e-04  1.70848553e-07 
 4.15600000e-04  1.56991467e-07 
 4.15700000e-04  1.56513653e-07 
 4.15800000e-04  1.56270105e-07 
 4.15900000e-04  1.56091829e-07 
 4.16000000e-04  1.55980743e-07 
 4.16100000e-04  1.72090842e-07 
 4.16200000e-04  1.71878528e-07 
 4.16300000e-04  1.71791914e-07 
 4.16400000e-04  1.71714783e-07 
 4.16500000e-04  1.71664400e-07 
 4.16600000e-04  1.58960260e-07 
 4.16700000e-04  1.58609081e-07 
 4.16800000e-04  1.58418238e-07 
 4.16900000e-04  1.58290618e-07 
 4.17000000e-04  1.58228076e-07 
 4.17100000e-04  1.71841407e-07 
 4.17200000e-04  1.71600769e-07 
 4.17300000e-04  1.71517745e-07 
 4.17400000e-04  1.71446354e-07 
 4.17500000e-04  1.71394702e-07 
 4.17600000e-04  1.57462836e-07 
 4.17700000e-04  1.57064065e-07 
 4.17800000e-04  1.56839929e-07 
 4.17900000e-04  1.56665892e-07 
 4.18000000e-04  1.56543390e-07 
 4.18100000e-04  1.73217040e-07 
 4.18200000e-04  1.72901979e-07 
 4.18300000e-04  1.72788216e-07 
 4.18400000e-04  1.72688812e-07 
 4.18500000e-04  1.72622760e-07 
 4.18600000e-04  1.61224243e-07 
 4.18700000e-04  1.60849989e-07 
 4.18800000e-04  1.60671327e-07 
 4.18900000e-04  1.60555239e-07 
 4.19000000e-04  1.60503564e-07 
 4.19100000e-04  1.71928565e-07 
 4.19200000e-04  1.71645623e-07 
 4.19300000e-04  1.71550136e-07 
 4.19400000e-04  1.71467809e-07 
 4.19500000e-04  1.71429229e-07 
 4.19600000e-04  1.57518856e-07 
 4.19700000e-04  1.57077355e-07 
 4.19800000e-04  1.56835052e-07 
 4.19900000e-04  1.56659711e-07 
 4.20000000e-04  1.56553302e-07 
 4.20100000e-04  1.72705305e-07 
 4.20200000e-04  1.72481069e-07 
 4.20300000e-04  1.72391732e-07 
 4.20400000e-04  1.72312823e-07 
 4.20500000e-04  1.72266514e-07 
 4.20600000e-04  1.59557834e-07 
 4.20700000e-04  1.59193334e-07 
 4.20800000e-04  1.59015037e-07 
 4.20900000e-04  1.58888749e-07 
 4.21000000e-04  1.58815961e-07 
 4.21100000e-04  1.72444095e-07 
 4.21200000e-04  1.72210638e-07 
 4.21300000e-04  1.72124033e-07 
 4.21400000e-04  1.72047667e-07 
 4.21500000e-04  1.72004484e-07 
 4.21600000e-04  1.58048741e-07 
 4.21700000e-04  1.57630295e-07 
 4.21800000e-04  1.57422942e-07 
 4.21900000e-04  1.57263211e-07 
 4.22000000e-04  1.57152456e-07 
 4.22100000e-04  1.75419237e-07 
 4.22200000e-04  1.74794821e-07 
 4.22300000e-04  1.74594667e-07 
 4.22400000e-04  1.74422497e-07 
 4.22500000e-04  1.74347844e-07 
 4.22600000e-04  1.66788945e-07 
 4.22700000e-04  1.66422053e-07 
 4.22800000e-04  1.66256904e-07 
 4.22900000e-04  1.66163041e-07 
 4.23000000e-04  1.66142573e-07 
 4.23100000e-04  1.71728675e-07 
 4.23200000e-04  1.70926865e-07 
 4.23300000e-04  1.70668448e-07 
 4.23400000e-04  1.70446655e-07 
 4.23500000e-04  1.70356274e-07 
 4.23600000e-04  1.56578906e-07 
 4.23700000e-04  1.55992626e-07 
 4.23800000e-04  1.55727121e-07 
 4.23900000e-04  1.55535878e-07 
 4.24000000e-04  1.55421095e-07 
 4.24100000e-04  1.71505029e-07 
 4.24200000e-04  1.71299801e-07 
 4.24300000e-04  1.71215593e-07 
 4.24400000e-04  1.71140208e-07 
 4.24500000e-04  1.71089673e-07 
 4.24600000e-04  1.58409471e-07 
 4.24700000e-04  1.58048631e-07 
 4.24800000e-04  1.57850077e-07 
 4.24900000e-04  1.57711497e-07 
 4.25000000e-04  1.57634638e-07 
 4.25100000e-04  1.71244208e-07 
 4.25200000e-04  1.71000844e-07 
 4.25300000e-04  1.70910034e-07 
 4.25400000e-04  1.70830538e-07 
 4.25500000e-04  1.70805395e-07 
 4.25600000e-04  1.56885990e-07 
 4.25700000e-04  1.56474610e-07 
 4.25800000e-04  1.56255261e-07 
 4.25900000e-04  1.56085512e-07 
 4.26000000e-04  1.55966784e-07 
 4.26100000e-04  1.72616965e-07 
 4.26200000e-04  1.72290955e-07 
 4.26300000e-04  1.72170156e-07 
 4.26400000e-04  1.72064505e-07 
 4.26500000e-04  1.72014453e-07 
 4.26600000e-04  1.60623593e-07 
 4.26700000e-04  1.60270651e-07 
 4.26800000e-04  1.60095290e-07 
 4.26900000e-04  1.59971840e-07 
 4.27000000e-04  1.59901788e-07 
 4.27100000e-04  1.71296787e-07 
 4.27200000e-04  1.71021683e-07 
 4.27300000e-04  1.70925218e-07 
 4.27400000e-04  1.70840559e-07 
 4.27500000e-04  1.70809921e-07 
 4.27600000e-04  1.56930572e-07 
 4.27700000e-04  1.56465001e-07 
 4.27800000e-04  1.56247649e-07 
 4.27900000e-04  1.56077927e-07 
 4.28000000e-04  1.55957188e-07 
 4.28100000e-04  1.72074368e-07 
 4.28200000e-04  1.71883497e-07 
 4.28300000e-04  1.71788887e-07 
 4.28400000e-04  1.71700681e-07 
 4.28500000e-04  1.71655066e-07 
 4.28600000e-04  1.58973814e-07 
 4.28700000e-04  1.58597812e-07 
 4.28800000e-04  1.58414500e-07 
 4.28900000e-04  1.58287056e-07 
 4.29000000e-04  1.58217091e-07 
 4.29100000e-04  1.71838341e-07 
 4.29200000e-04  1.71597080e-07 
 4.29300000e-04  1.71509219e-07 
 4.29400000e-04  1.71432845e-07 
 4.29500000e-04  1.71392302e-07 
 4.29600000e-04  1.57465535e-07 
 4.29700000e-04  1.57044396e-07 
 4.29800000e-04  1.56823275e-07 
 4.29900000e-04  1.56655857e-07 
 4.30000000e-04  1.56543678e-07 
 4.30100000e-04  1.73745395e-07 
 4.30200000e-04  1.73334350e-07 
 4.30300000e-04  1.73181380e-07 
 4.30400000e-04  1.73045564e-07 
 4.30500000e-04  1.72992476e-07 
 4.30600000e-04  1.62886506e-07 
 4.30700000e-04  1.62527109e-07 
 4.30800000e-04  1.62355278e-07 
 4.30900000e-04  1.62232870e-07 
 4.31000000e-04  1.62161285e-07 
 4.31100000e-04  1.71420010e-07 
 4.31200000e-04  1.71103545e-07 
 4.31300000e-04  1.70990901e-07 
 4.31400000e-04  1.70891969e-07 
 4.31500000e-04  1.70856086e-07 
 4.31600000e-04  1.56993280e-07 
 4.31700000e-04  1.56496654e-07 
 4.31800000e-04  1.56270105e-07 
 4.31900000e-04  1.56098056e-07 
 4.32000000e-04  1.55982072e-07 
 4.32100000e-04  1.72094468e-07 
 4.32200000e-04  1.71899540e-07 
 4.32300000e-04  1.71805378e-07 
 4.32400000e-04  1.71718510e-07 
 4.32500000e-04  1.71664886e-07 
 4.32600000e-04  1.58962246e-07 
 4.32700000e-04  1.58607571e-07 
 4.32800000e-04  1.58417826e-07 
 4.32900000e-04  1.58288929e-07 
 4.33000000e-04  1.58222647e-07 
 4.33100000e-04  1.71835251e-07 
 4.33200000e-04  1.71595690e-07 
 4.33300000e-04  1.71512882e-07 
 4.33400000e-04  1.71441262e-07 
 4.33500000e-04  1.71400244e-07 
 4.33600000e-04  1.57459099e-07 
 4.33700000e-04  1.57044749e-07 
 4.33800000e-04  1.56827722e-07 
 4.33900000e-04  1.56663463e-07 
 4.34000000e-04  1.56553480e-07 
 4.34100000e-04  1.73212840e-07 
 4.34200000e-04  1.72900110e-07 
 4.34300000e-04  1.72784589e-07 
 4.34400000e-04  1.72682590e-07 
 4.34500000e-04  1.72633484e-07 
 4.34600000e-04  1.61221408e-07 
 4.34700000e-04  1.60860624e-07 
 4.34800000e-04  1.60678216e-07 
 4.34900000e-04  1.60558498e-07 
 4.35000000e-04  1.60503294e-07 
 4.35100000e-04  1.71932721e-07 
 4.35200000e-04  1.71646126e-07 
 4.35300000e-04  1.71551660e-07 
 4.35400000e-04  1.71470688e-07 
 4.35500000e-04  1.71430271e-07 
 4.35600000e-04  1.57504706e-07 
 4.35700000e-04  1.57074441e-07 
 4.35800000e-04  1.56834072e-07 
 4.35900000e-04  1.56663759e-07 
 4.36000000e-04  1.56565559e-07 
 4.36100000e-04  1.72687462e-07 
 4.36200000e-04  1.72484720e-07 
 4.36300000e-04  1.72393142e-07 
 4.36400000e-04  1.72309545e-07 
 4.36500000e-04  1.72268607e-07 
 4.36600000e-04  1.59554575e-07 
 4.36700000e-04  1.59201133e-07 
 4.36800000e-04  1.59015436e-07 
 4.36900000e-04  1.58883590e-07 
 4.37000000e-04  1.58806962e-07 
 4.37100000e-04  1.74199423e-07 
 4.37200000e-04  1.73709044e-07 
 4.37300000e-04  1.73519394e-07 
 4.37400000e-04  1.73423272e-07 
 4.37500000e-04  1.73357371e-07 
 4.37600000e-04  1.58903041e-07 
 4.37700000e-04  1.58343846e-07 
 4.37800000e-04  1.58088015e-07 
 4.37900000e-04  1.57904821e-07 
 4.38000000e-04  1.57795650e-07 
 4.38100000e-04  1.03761843e-04 
 4.38200000e-04  1.03761127e-04 
 4.38300000e-04  1.03760906e-04 
 4.38400000e-04  1.03760717e-04 
 4.38500000e-04  1.03760642e-04 
 4.38600000e-04  1.03751821e-04 
 4.38700000e-04  1.03751438e-04 
 4.38800000e-04  1.03751253e-04 
 4.38900000e-04  1.03751143e-04 
 4.39000000e-04  1.03751110e-04 
 4.39100000e-04  1.72869167e-07 
 4.39200000e-04  1.72410777e-07 
 4.39300000e-04  1.72247050e-07 
 4.39400000e-04  1.72103348e-07 
 4.39500000e-04  1.72030246e-07 
 4.39600000e-04  1.58189674e-07 
 4.39700000e-04  1.57644819e-07 
 4.39800000e-04  1.57397524e-07 
 4.39900000e-04  1.57211923e-07 
 4.40000000e-04  1.57089801e-07 
 4.40100000e-04  1.73281599e-07 
 4.40200000e-04  1.73066487e-07 
 4.40300000e-04  1.72968667e-07 
 4.40400000e-04  1.72879769e-07 
 4.40500000e-04  1.72822929e-07 
 4.40600000e-04  1.60060559e-07 
 4.40700000e-04  1.59724676e-07 
 4.40800000e-04  1.59539774e-07 
 4.40900000e-04  1.59405610e-07 
 4.41000000e-04  1.59323619e-07 
 4.41100000e-04  1.73001313e-07 
 4.41200000e-04  1.72761509e-07 
 4.41300000e-04  1.72671824e-07 
 4.41400000e-04  1.72592776e-07 
 4.41500000e-04  1.72555235e-07 
 4.41600000e-04  1.58536224e-07 
 4.41700000e-04  1.58141641e-07 
 4.41800000e-04  1.57931869e-07 
 4.41900000e-04  1.57768285e-07 
 4.42000000e-04  1.57652185e-07 
 4.42100000e-04  1.74373398e-07 
 4.42200000e-04  1.74060003e-07 
 4.42300000e-04  1.73935394e-07 
 4.42400000e-04  1.73823534e-07 
 4.42500000e-04  1.73770313e-07 
 4.42600000e-04  1.62308739e-07 
 4.42700000e-04  1.61955558e-07 
 4.42800000e-04  1.61768615e-07 
 4.42900000e-04  1.61643078e-07 
 4.43000000e-04  1.61580722e-07 
 4.43100000e-04  1.73075898e-07 
 4.43200000e-04  1.72799982e-07 
 4.43300000e-04  1.72695359e-07 
 4.43400000e-04  1.72601677e-07 
 4.43500000e-04  1.72569574e-07 
 4.43600000e-04  1.58591186e-07 
 4.43700000e-04  1.58146616e-07 
 4.43800000e-04  1.57921576e-07 
 4.43900000e-04  1.57758028e-07 
 4.44000000e-04  1.57657748e-07 
 4.44100000e-04  1.73846006e-07 
 4.44200000e-04  1.73630129e-07 
 4.44300000e-04  1.73535505e-07 
 4.44400000e-04  1.73450110e-07 
 4.44500000e-04  1.73400137e-07 
 4.44600000e-04  1.60624139e-07 
 4.44700000e-04  1.60272413e-07 
 4.44800000e-04  1.60090511e-07 
 4.44900000e-04  1.59962209e-07 
 4.45000000e-04  1.59889026e-07 
 4.45100000e-04  1.73601948e-07 
 4.45200000e-04  1.73353469e-07 
 4.45300000e-04  1.73268397e-07 
 4.45400000e-04  1.73195027e-07 
 4.45500000e-04  1.73140268e-07 
 4.45600000e-04  1.59128032e-07 
 4.45700000e-04  1.58730268e-07 
 4.45800000e-04  1.58511387e-07 
 4.45900000e-04  1.58344910e-07 
 4.46000000e-04  1.58232321e-07 
 4.46100000e-04  1.75523078e-07 
 4.46200000e-04  1.75088467e-07 
 4.46300000e-04  1.74934651e-07 
 4.46400000e-04  1.74800318e-07 
 4.46500000e-04  1.74738782e-07 
 4.46600000e-04  1.64544879e-07 
 4.46700000e-04  1.64181359e-07 
 4.46800000e-04  1.64016108e-07 
 4.46900000e-04  1.63906114e-07 
 4.47000000e-04  1.63852949e-07 
 4.47100000e-04  1.73201896e-07 
 4.47200000e-04  1.72876128e-07 
 4.47300000e-04  1.72757695e-07 
 4.47400000e-04  1.72653427e-07 
 4.47500000e-04  1.72606144e-07 
 4.47600000e-04  1.58659989e-07 
 4.47700000e-04  1.58178602e-07 
 4.47800000e-04  1.57951173e-07 
 4.47900000e-04  1.57777479e-07 
 4.48000000e-04  1.57659045e-07 
 4.48100000e-04  1.73874675e-07 
 4.48200000e-04  1.73650977e-07 
 4.48300000e-04  1.73559025e-07 
 4.48400000e-04  1.73477058e-07 
 4.48500000e-04  1.73418199e-07 
 4.48600000e-04  1.60628325e-07 
 4.48700000e-04  1.60278887e-07 
 4.48800000e-04  1.60097433e-07 
 4.48900000e-04  1.59975624e-07 
 4.49000000e-04  1.59915171e-07 
 4.49100000e-04  1.73615466e-07 
 4.49200000e-04  1.73374115e-07 
 4.49300000e-04  1.73273182e-07 
 4.49400000e-04  1.73181766e-07 
 4.49500000e-04  1.73135625e-07 
 4.49600000e-04  1.59114565e-07 
 4.49700000e-04  1.58718349e-07 
 4.49800000e-04  1.58512138e-07 
 4.49900000e-04  1.58354619e-07 
 4.50000000e-04  1.58247158e-07 
 4.50100000e-04  1.74993781e-07 
 4.50200000e-04  1.74679038e-07 
 4.50300000e-04  1.74546058e-07 
 4.50400000e-04  1.74425570e-07 
 4.50500000e-04  1.74372286e-07 
 4.50600000e-04  1.62868675e-07 
 4.50700000e-04  1.62525333e-07 
 4.50800000e-04  1.62349011e-07 
 4.50900000e-04  1.62231315e-07 
 4.51000000e-04  1.62173922e-07 
 4.51100000e-04  1.73687552e-07 
 4.51200000e-04  1.73398563e-07 
 4.51300000e-04  1.73294488e-07 
 4.51400000e-04  1.73202942e-07 
 4.51500000e-04  1.73170456e-07 
 4.51600000e-04  1.59162101e-07 
 4.51700000e-04  1.58734152e-07 
 4.51800000e-04  1.58519457e-07 
 4.51900000e-04  1.58350818e-07 
 4.52000000e-04  1.58229522e-07 
 4.52100000e-04  1.74469289e-07 
 4.52200000e-04  1.74244767e-07 
 4.52300000e-04  1.74154500e-07 
 4.52400000e-04  1.74074444e-07 
 4.52500000e-04  1.74021268e-07 
 4.52600000e-04  1.61218387e-07 
 4.52700000e-04  1.60862617e-07 
 4.52800000e-04  1.60694006e-07 
 4.52900000e-04  1.60568400e-07 
 4.53000000e-04  1.60486977e-07 
 4.53100000e-04  1.74223833e-07 
 4.53200000e-04  1.73985323e-07 
 4.53300000e-04  1.73891892e-07 
 4.53400000e-04  1.73808728e-07 
 4.53500000e-04  1.73766042e-07 
 4.53600000e-04  1.59690154e-07 
 4.53700000e-04  1.59311465e-07 
 4.53800000e-04  1.59095043e-07 
 4.53900000e-04  1.58933764e-07 
 4.54000000e-04  1.58829192e-07 
 4.54100000e-04  1.77719770e-07 
 4.54200000e-04  1.76970987e-07 
 4.54300000e-04  1.76743575e-07 
 4.54400000e-04  1.76550721e-07 
 4.54500000e-04  1.76457361e-07 
 4.54600000e-04  1.70097082e-07 
 4.54700000e-04  1.69761344e-07 
 4.54800000e-04  1.69597344e-07 
 4.54900000e-04  1.69506090e-07 
 4.55000000e-04  1.69489702e-07 
 4.55100000e-04  1.73001373e-07 
 4.55200000e-04  1.72042775e-07 
 4.55300000e-04  1.71787142e-07 
 4.55400000e-04  1.71575993e-07 
 4.55500000e-04  1.71487414e-07 
 4.55600000e-04  1.57669212e-07 
 4.55700000e-04  1.57083053e-07 
 4.55800000e-04  1.56818417e-07 
 4.55900000e-04  1.56621682e-07 
 4.56000000e-04  1.56494814e-07 
 4.56100000e-04  1.72658328e-07 
 4.56200000e-04  1.72447693e-07 
 4.56300000e-04  1.72354498e-07 
 4.56400000e-04  1.72269676e-07 
 4.56500000e-04  1.72202739e-07 
 4.56600000e-04  1.59467722e-07 
 4.56700000e-04  1.59120024e-07 
 4.56800000e-04  1.58928644e-07 
 4.56900000e-04  1.58792523e-07 
 4.57000000e-04  1.58713224e-07 
 4.57100000e-04  1.72380728e-07 
 4.57200000e-04  1.72133148e-07 
 4.57300000e-04  1.72047758e-07 
 4.57400000e-04  1.71974416e-07 
 4.57500000e-04  1.71925175e-07 
 4.57600000e-04  1.57944568e-07 
 4.57700000e-04  1.57545807e-07 
 4.57800000e-04  1.57325215e-07 
 4.57900000e-04  1.57160561e-07 
 4.58000000e-04  1.57053432e-07 
 4.58100000e-04  1.73750514e-07 
 4.58200000e-04  1.73444675e-07 
 4.58300000e-04  1.73320790e-07 
 4.58400000e-04  1.73209114e-07 
 4.58500000e-04  1.73145995e-07 
 4.58600000e-04  1.61700731e-07 
 4.58700000e-04  1.61339252e-07 
 4.58800000e-04  1.61170051e-07 
 4.58900000e-04  1.61049009e-07 
 4.59000000e-04  1.60977464e-07 
 4.59100000e-04  1.72446236e-07 
 4.59200000e-04  1.72163067e-07 
 4.59300000e-04  1.72066366e-07 
 4.59400000e-04  1.71982396e-07 
 4.59500000e-04  1.71951327e-07 
 4.59600000e-04  1.57990318e-07 
 4.59700000e-04  1.57555552e-07 
 4.59800000e-04  1.57326976e-07 
 4.59900000e-04  1.57159526e-07 
 4.60000000e-04  1.57054952e-07 
 4.60100000e-04  1.73219996e-07 
 4.60200000e-04  1.73008537e-07 
 4.60300000e-04  1.72916933e-07 
 4.60400000e-04  1.72834018e-07 
 4.60500000e-04  1.72790857e-07 
 4.60600000e-04  1.60032964e-07 
 4.60700000e-04  1.59672856e-07 
 4.60800000e-04  1.59502337e-07 
 4.60900000e-04  1.59378061e-07 
 4.61000000e-04  1.59301305e-07 
 4.61100000e-04  1.72975253e-07 
 4.61200000e-04  1.72737727e-07 
 4.61300000e-04  1.72644542e-07 
 4.61400000e-04  1.72561606e-07 
 4.61500000e-04  1.72530028e-07 
 4.61600000e-04  1.58531786e-07 
 4.61700000e-04  1.58122915e-07 
 4.61800000e-04  1.57914222e-07 
 4.61900000e-04  1.57747304e-07 
 4.62000000e-04  1.57623294e-07 
 4.62100000e-04  1.74890002e-07 
 4.62200000e-04  1.74464261e-07 
 4.62300000e-04  1.74317014e-07 
 4.62400000e-04  1.74188960e-07 
 4.62500000e-04  1.74131045e-07 
 4.62600000e-04  1.63960877e-07 
 4.62700000e-04  1.63601016e-07 
 4.62800000e-04  1.63418326e-07 
 4.62900000e-04  1.63306946e-07 
 4.63000000e-04  1.63268940e-07 
 4.63100000e-04  1.72578165e-07 
 4.63200000e-04  1.72244101e-07 
 4.63300000e-04  1.72129455e-07 
 4.63400000e-04  1.72030159e-07 
 4.63500000e-04  1.71983541e-07 
 4.63600000e-04  1.58060146e-07 
 4.63700000e-04  1.57576403e-07 
 4.63800000e-04  1.57347233e-07 
 4.63900000e-04  1.57172535e-07 
 4.64000000e-04  1.57053844e-07 
 4.64100000e-04  1.73235070e-07 
 4.64200000e-04  1.73028222e-07 
 4.64300000e-04  1.72932082e-07 
 4.64400000e-04  1.72844042e-07 
 4.64500000e-04  1.72793325e-07 
 4.64600000e-04  1.60040660e-07 
 4.64700000e-04  1.59685179e-07 
 4.64800000e-04  1.59503537e-07 
 4.64900000e-04  1.59376517e-07 
 4.65000000e-04  1.59305653e-07 
 4.65100000e-04  1.72994482e-07 
 4.65200000e-04  1.72745845e-07 
 4.65300000e-04  1.72649802e-07 
 4.65400000e-04  1.72564604e-07 
 4.65500000e-04  1.72529036e-07 
 4.65600000e-04  1.58530606e-07 
 4.65700000e-04  1.58132874e-07 
 4.65800000e-04  1.57912570e-07 
 4.65900000e-04  1.57751906e-07 
 4.66000000e-04  1.57652579e-07 
 4.66100000e-04  1.74362927e-07 
 4.66200000e-04  1.74043678e-07 
 4.66300000e-04  1.73929638e-07 
 4.66400000e-04  1.73829932e-07 
 4.66500000e-04  1.73761533e-07 
 4.66600000e-04  1.62289463e-07 
 4.66700000e-04  1.61943122e-07 
 4.66800000e-04  1.61757679e-07 
 4.66900000e-04  1.61635043e-07 
 4.67000000e-04  1.61577010e-07 
 4.67100000e-04  1.73068318e-07 
 4.67200000e-04  1.72792875e-07 
 4.67300000e-04  1.72690792e-07 
 4.67400000e-04  1.72600275e-07 
 4.67500000e-04  1.72547752e-07 
 4.67600000e-04  1.58582724e-07 
 4.67700000e-04  1.58135413e-07 
 4.67800000e-04  1.57922032e-07 
 4.67900000e-04  1.57760628e-07 
 4.68000000e-04  1.57652654e-07 
 4.68100000e-04  1.73827402e-07 
 4.68200000e-04  1.73622675e-07 
 4.68300000e-04  1.73532686e-07 
 4.68400000e-04  1.73450946e-07 
 4.68500000e-04  1.73401857e-07 
 4.68600000e-04  1.60620267e-07 
 4.68700000e-04  1.60277329e-07 
 4.68800000e-04  1.60095853e-07 
 4.68900000e-04  1.59966410e-07 
 4.69000000e-04  1.59890455e-07 
 4.69100000e-04  1.73610446e-07 
 4.69200000e-04  1.73364247e-07 
 4.69300000e-04  1.73262245e-07 
 4.69400000e-04  1.73170324e-07 
 4.69500000e-04  1.73136924e-07 
 4.69600000e-04  1.59107566e-07 
 4.69700000e-04  1.58725369e-07 
 4.69800000e-04  1.58504021e-07 
 4.69900000e-04  1.58339957e-07 
 4.70000000e-04  1.58234791e-07 
 4.70100000e-04  1.76041111e-07 
 4.70200000e-04  1.75505539e-07 
 4.70300000e-04  1.75330186e-07 
 4.70400000e-04  1.75179312e-07 
 4.70500000e-04  1.75095481e-07 
 4.70600000e-04  1.66186295e-07 
 4.70700000e-04  1.65859780e-07 
 4.70800000e-04  1.65690160e-07 
 4.70900000e-04  1.65579644e-07 
 4.71000000e-04  1.65529908e-07 
 4.71100000e-04  1.72860294e-07 
 4.71200000e-04  1.72448636e-07 
 4.71300000e-04  1.72282345e-07 
 4.71400000e-04  1.72132719e-07 
 4.71500000e-04  1.72064591e-07 
 4.71600000e-04  1.58163974e-07 
 4.71700000e-04  1.57639128e-07 
 4.71800000e-04  1.57392827e-07 
 4.71900000e-04  1.57208843e-07 
 4.72000000e-04  1.57088952e-07 
 4.72100000e-04  1.73270481e-07 
 4.72200000e-04  1.73060118e-07 
 4.72300000e-04  1.72963104e-07 
 4.72400000e-04  1.72874189e-07 
 4.72500000e-04  1.72819849e-07 
 4.72600000e-04  1.60055821e-07 
 4.72700000e-04  1.59688024e-07 
 4.72800000e-04  1.59506871e-07 
 4.72900000e-04  1.59379999e-07 
 4.73000000e-04  1.59308925e-07 
 4.73100000e-04  1.72993073e-07 
 4.73200000e-04  1.72755754e-07 
 4.73300000e-04  1.72659508e-07 
 4.73400000e-04  1.72572661e-07 
 4.73500000e-04  1.72539063e-07 
 4.73600000e-04  1.58533507e-07 
 4.73700000e-04  1.58133370e-07 
 4.73800000e-04  1.57917144e-07 
 4.73900000e-04  1.57754559e-07 
 4.74000000e-04  1.57647108e-07 
 4.74100000e-04  1.74372395e-07 
 4.74200000e-04  1.74051133e-07 
 4.74300000e-04  1.73931527e-07 
 4.74400000e-04  1.73826185e-07 
 4.74500000e-04  1.73770047e-07 
 4.74600000e-04  1.62299108e-07 
 4.74700000e-04  1.61941788e-07 
 4.74800000e-04  1.61767845e-07 
 4.74900000e-04  1.61645752e-07 
 4.75000000e-04  1.61576953e-07 
 4.75100000e-04  1.73084861e-07 
 4.75200000e-04  1.72800705e-07 
 4.75300000e-04  1.72692235e-07 
 4.75400000e-04  1.72595551e-07 
 4.75500000e-04  1.72551815e-07 
 4.75600000e-04  1.58585014e-07 
 4.75700000e-04  1.58140098e-07 
 4.75800000e-04  1.57929711e-07 
 4.75900000e-04  1.57761269e-07 
 4.76000000e-04  1.57635899e-07 
 4.76100000e-04  1.73846578e-07 
 4.76200000e-04  1.73640778e-07 
 4.76300000e-04  1.73542257e-07 
 4.76400000e-04  1.73451631e-07 
 4.76500000e-04  1.73403805e-07 
 4.76600000e-04  1.60615736e-07 
 4.76700000e-04  1.60270832e-07 
 4.76800000e-04  1.60092971e-07 
 4.76900000e-04  1.59964759e-07 
 4.77000000e-04  1.59887573e-07 
 4.77100000e-04  1.73598380e-07 
 4.77200000e-04  1.73350021e-07 
 4.77300000e-04  1.73264349e-07 
 4.77400000e-04  1.73190364e-07 
 4.77500000e-04  1.73145220e-07 
 4.77600000e-04  1.59110372e-07 
 4.77700000e-04  1.58715360e-07 
 4.77800000e-04  1.58509021e-07 
 4.77900000e-04  1.58351310e-07 
 4.78000000e-04  1.58243562e-07 
 4.78100000e-04  1.75522047e-07 
 4.78200000e-04  1.75092690e-07 
 4.78300000e-04  1.74942720e-07 
 4.78400000e-04  1.74812260e-07 
 4.78500000e-04  1.74736824e-07 
 4.78600000e-04  1.64527903e-07 
 4.78700000e-04  1.64177397e-07 
 4.78800000e-04  1.64015991e-07 
 4.78900000e-04  1.63911519e-07 
 4.79000000e-04  1.63865575e-07 
 4.79100000e-04  1.73191206e-07 
 4.79200000e-04  1.72886839e-07 
 4.79300000e-04  1.72758676e-07 
 4.79400000e-04  1.72641703e-07 
 4.79500000e-04  1.72598439e-07 
 4.79600000e-04  1.58656798e-07 
 4.79700000e-04  1.58182455e-07 
 4.79800000e-04  1.57942786e-07 
 4.79900000e-04  1.57769607e-07 
 4.80000000e-04  1.57664815e-07 
 4.80100000e-04  1.73866004e-07 
 4.80200000e-04  1.73643256e-07 
 4.80300000e-04  1.73545320e-07 
 4.80400000e-04  1.73457015e-07 
 4.80500000e-04  1.73409878e-07 
 4.80600000e-04  1.60625625e-07 
 4.80700000e-04  1.60290021e-07 
 4.80800000e-04  1.60098794e-07 
 4.80900000e-04  1.59970596e-07 
 4.81000000e-04  1.59907216e-07 
 4.81100000e-04  1.73606889e-07 
 4.81200000e-04  1.73352858e-07 
 4.81300000e-04  1.73259539e-07 
 4.81400000e-04  1.73177704e-07 
 4.81500000e-04  1.73153082e-07 
 4.81600000e-04  1.59119762e-07 
 4.81700000e-04  1.58726364e-07 
 4.81800000e-04  1.58506744e-07 
 4.81900000e-04  1.58345101e-07 
 4.82000000e-04  1.58243061e-07 
 4.82100000e-04  1.74996035e-07 
 4.82200000e-04  1.74665057e-07 
 4.82300000e-04  1.74547136e-07 
 4.82400000e-04  1.74444348e-07 
 4.82500000e-04  1.74377755e-07 
 4.82600000e-04  1.62882713e-07 
 4.82700000e-04  1.62529682e-07 
 4.82800000e-04  1.62352097e-07 
 4.82900000e-04  1.62231033e-07 
 4.83000000e-04  1.62168067e-07 
 4.83100000e-04  1.73683696e-07 
 4.83200000e-04  1.73409935e-07 
 4.83300000e-04  1.73303621e-07 
 4.83400000e-04  1.73208278e-07 
 4.83500000e-04  1.73174343e-07 
 4.83600000e-04  1.59165984e-07 
 4.83700000e-04  1.58735285e-07 
 4.83800000e-04  1.58518059e-07 
 4.83900000e-04  1.58355648e-07 
 4.84000000e-04  1.58249577e-07 
 4.84100000e-04  1.74463243e-07 
 4.84200000e-04  1.74240651e-07 
 4.84300000e-04  1.74154279e-07 
 4.84400000e-04  1.74078128e-07 
 4.84500000e-04  1.74019155e-07 
 4.84600000e-04  1.61210167e-07 
 4.84700000e-04  1.60857011e-07 
 4.84800000e-04  1.60679548e-07 
 4.84900000e-04  1.60559644e-07 
 4.85000000e-04  1.60498910e-07 
 4.85100000e-04  1.74225954e-07 
 4.85200000e-04  1.73986528e-07 
 4.85300000e-04  1.73893896e-07 
 4.85400000e-04  1.73811554e-07 
 4.85500000e-04  1.73762485e-07 
 4.85600000e-04  1.59691553e-07 
 4.85700000e-04  1.59294856e-07 
 4.85800000e-04  1.59087316e-07 
 4.85900000e-04  1.58928848e-07 
 4.86000000e-04  1.58820797e-07 
 4.86100000e-04  1.77206395e-07 
 4.86200000e-04  1.76553901e-07 
 4.86300000e-04  1.76341302e-07 
 4.86400000e-04  1.76158439e-07 
 4.86500000e-04  1.76074611e-07 
 4.86600000e-04  1.68441423e-07 
 4.86700000e-04  1.68105450e-07 
 4.86800000e-04  1.67938843e-07 
 4.86900000e-04  1.67845135e-07 
 4.87000000e-04  1.67826421e-07 
 4.87100000e-04  1.73494919e-07 
 4.87200000e-04  1.72686358e-07 
 4.87300000e-04  1.72430088e-07 
 4.87400000e-04  1.72211161e-07 
 4.87500000e-04  1.72114939e-07 
 4.87600000e-04  1.58234088e-07 
 4.87700000e-04  1.57666647e-07 
 4.87800000e-04  1.57409385e-07 
 4.87900000e-04  1.57219503e-07 
 4.88000000e-04  1.57098924e-07 
 4.88100000e-04  1.73278012e-07 
 4.88200000e-04  1.73059826e-07 
 4.88300000e-04  1.72967928e-07 
 4.88400000e-04  1.72885505e-07 
 4.88500000e-04  1.72828662e-07 
 4.88600000e-04  1.60060549e-07 
 4.88700000e-04  1.59718480e-07 
 4.88800000e-04  1.59526609e-07 
 4.88900000e-04  1.59392521e-07 
 4.89000000e-04  1.59318099e-07 
 4.89100000e-04  1.73163046e-07 
 4.89200000e-04  1.72811477e-07 
 4.89300000e-04  1.72676351e-07 
 4.89400000e-04  1.72606714e-07 
 4.89500000e-04  1.72551340e-07 
 4.89600000e-04  1.58551146e-07 
 4.89700000e-04  1.58163522e-07 
 4.89800000e-04  1.57941827e-07 
 4.89900000e-04  1.57768516e-07 
 4.90000000e-04  1.57644941e-07 
 4.90100000e-04  1.74380873e-07 
 4.90200000e-04  1.74048640e-07 
 4.90300000e-04  1.73924676e-07 
 4.90400000e-04  1.73815715e-07 
 4.90500000e-04  1.73757465e-07 
 4.90600000e-04  1.62288310e-07 
 4.90700000e-04  1.61940393e-07 
 4.90800000e-04  1.61761949e-07 
 4.90900000e-04  1.61641119e-07 
 4.91000000e-04  1.61579568e-07 
 4.91100000e-04  1.73075064e-07 
 4.91200000e-04  1.72789274e-07 
 4.91300000e-04  1.72684503e-07 
 4.91400000e-04  1.72591765e-07 
 4.91500000e-04  1.72551532e-07 
 4.91600000e-04  1.58579514e-07 
 4.91700000e-04  1.58138689e-07 
 4.91800000e-04  1.57924344e-07 
 4.91900000e-04  1.57763641e-07 
 4.92000000e-04  1.57658139e-07 
 4.92100000e-04  1.73839352e-07 
 4.92200000e-04  1.73639073e-07 
 4.92300000e-04  1.73541627e-07 
 4.92400000e-04  1.73451024e-07 
 4.92500000e-04  1.73403287e-07 
 4.92600000e-04  1.60620742e-07 
 4.92700000e-04  1.60269872e-07 
 4.92800000e-04  1.60096101e-07 
 4.92900000e-04  1.59965598e-07 
 4.93000000e-04  1.59879619e-07 
 4.93100000e-04  1.73605826e-07 
 4.93200000e-04  1.73358359e-07 
 4.93300000e-04  1.73261812e-07 
 4.93400000e-04  1.73176354e-07 
 4.93500000e-04  1.73154340e-07 
 4.93600000e-04  1.59115453e-07 
 4.93700000e-04  1.58726570e-07 
 4.93800000e-04  1.58513352e-07 
 4.93900000e-04  1.58345306e-07 
 4.94000000e-04  1.58223889e-07 
 4.94100000e-04  1.75941332e-07 
 4.94200000e-04  1.75292299e-07 
 4.94300000e-04  1.75093800e-07 
 4.94400000e-04  1.75016531e-07 
 4.94500000e-04  1.74966814e-07 
 4.94600000e-04  1.64829430e-07 
 4.94700000e-04  1.64486384e-07 
 4.94800000e-04  1.64299366e-07 
 4.94900000e-04  1.64156009e-07 
 4.95000000e-04  1.64057614e-07 
 4.95100000e-04  1.73194958e-07 
 4.95200000e-04  1.72870790e-07 
 4.95300000e-04  1.72762301e-07 
 4.95400000e-04  1.72668246e-07 
 4.95500000e-04  1.72612139e-07 
 4.95600000e-04  1.58660004e-07 
 4.95700000e-04  1.58174602e-07 
 4.95800000e-04  1.57939379e-07 
 4.95900000e-04  1.57767212e-07 
 4.96000000e-04  1.57660040e-07 
 4.96100000e-04  1.73857358e-07 
 4.96200000e-04  1.73645334e-07 
 4.96300000e-04  1.73556198e-07 
 4.96400000e-04  1.73475678e-07 
 4.96500000e-04  1.73417028e-07 
 4.96600000e-04  1.60624821e-07 
 4.96700000e-04  1.60284756e-07 
 4.96800000e-04  1.60101053e-07 
 4.96900000e-04  1.59970842e-07 
 4.97000000e-04  1.59895780e-07 
 4.97100000e-04  1.73607496e-07 
 4.97200000e-04  1.73358548e-07 
 4.97300000e-04  1.73262544e-07 
 4.97400000e-04  1.73177698e-07 
 4.97500000e-04  1.73146023e-07 
 4.97600000e-04  1.59128687e-07 
 4.97700000e-04  1.58729297e-07 
 4.97800000e-04  1.58512120e-07 
 4.97900000e-04  1.58346440e-07 
 4.98000000e-04  1.58233874e-07 
 4.98100000e-04  1.74983184e-07 
 4.98200000e-04  1.74665049e-07 
 4.98300000e-04  1.74545269e-07 
 4.98400000e-04  1.74438998e-07 
 4.98500000e-04  1.74388823e-07 
 4.98600000e-04  1.62867928e-07 
 4.98700000e-04  1.62539242e-07 
 4.98800000e-04  1.62358308e-07 
 4.98900000e-04  1.62236152e-07 
 4.99000000e-04  1.62174636e-07 
 4.99100000e-04  1.73704292e-07 
 4.99200000e-04  1.73406400e-07 
 4.99300000e-04  1.73299336e-07 
 4.99400000e-04  1.73205341e-07 
 4.99500000e-04  1.73179339e-07 
 4.99600000e-04  1.59171266e-07 
 4.99700000e-04  1.58732749e-07 
 4.99800000e-04  1.58503174e-07 
 4.99900000e-04  1.58334879e-07 
 5.00000000e-04  1.58229810e-07 
 5.00100000e-04  1.74460526e-07 
 5.00200000e-04  1.74261936e-07 
 5.00300000e-04  1.74168760e-07 
 5.00400000e-04  1.74083007e-07 
 5.00500000e-04  1.74028850e-07 
 5.00600000e-04  1.61204732e-07 
 5.00700000e-04  1.60875278e-07 
 5.00800000e-04  1.60691853e-07 
 5.00900000e-04  1.60562797e-07 
 5.01000000e-04  1.60489832e-07 
 5.01100000e-04  1.74238540e-07 
 5.01200000e-04  1.73980998e-07 
 5.01300000e-04  1.73887509e-07 
 5.01400000e-04  1.73806281e-07 
 5.01500000e-04  1.73767896e-07 
 5.01600000e-04  1.59696077e-07 
 5.01700000e-04  1.59301759e-07 
 5.01800000e-04  1.59104488e-07 
 5.01900000e-04  1.58944012e-07 
 5.02000000e-04  1.58821497e-07 
 5.02100000e-04  1.76684367e-07 
 5.02200000e-04  1.76131450e-07 
 5.02300000e-04  1.75956300e-07 
 5.02400000e-04  1.75807263e-07 
 5.02500000e-04  1.75709612e-07 
 5.02600000e-04  1.66779092e-07 
 5.02700000e-04  1.66443440e-07 
 5.02800000e-04  1.66283244e-07 
 5.02900000e-04  1.66177780e-07 
 5.03000000e-04  1.66128782e-07 
 5.03100000e-04  1.73500516e-07 
 5.03200000e-04  1.73068871e-07 
 5.03300000e-04  1.72900554e-07 
 5.03400000e-04  1.72750322e-07 
 5.03500000e-04  1.72690315e-07 
 5.03600000e-04  1.58760425e-07 
 5.03700000e-04  1.58250400e-07 
 5.03800000e-04  1.58000984e-07 
 5.03900000e-04  1.57812244e-07 
 5.04000000e-04  1.57686104e-07 
 5.04100000e-04  1.73906368e-07 
 5.04200000e-04  1.73688132e-07 
 5.04300000e-04  1.73579262e-07 
 5.04400000e-04  1.73478176e-07 
 5.04500000e-04  1.73433224e-07 
 5.04600000e-04  1.60641319e-07 
 5.04700000e-04  1.60295564e-07 
 5.04800000e-04  1.60113494e-07 
 5.04900000e-04  1.59984941e-07 
 5.05000000e-04  1.59911603e-07 
 5.05100000e-04  1.73619331e-07 
 5.05200000e-04  1.73376313e-07 
 5.05300000e-04  1.73278948e-07 
 5.05400000e-04  1.73191945e-07 
 5.05500000e-04  1.73156484e-07 
 5.05600000e-04  1.59119704e-07 
 5.05700000e-04  1.58733980e-07 
 5.05800000e-04  1.58512443e-07 
 5.05900000e-04  1.58346634e-07 
 5.06000000e-04  1.58238321e-07 
 5.06100000e-04  1.75002586e-07 
 5.06200000e-04  1.74669528e-07 
 5.06300000e-04  1.74550690e-07 
 5.06400000e-04  1.74447524e-07 
 5.06500000e-04  1.74389998e-07 
 5.06600000e-04  1.62884353e-07 
 5.06700000e-04  1.62524911e-07 
 5.06800000e-04  1.62347838e-07 
 5.06900000e-04  1.62228832e-07 
 5.07000000e-04  1.62169733e-07 
 5.07100000e-04  1.73698331e-07 
 5.07200000e-04  1.73419384e-07 
 5.07300000e-04  1.73314447e-07 
 5.07400000e-04  1.73221183e-07 
 5.07500000e-04  1.73178783e-07 
 5.07600000e-04  1.59178458e-07 
 5.07700000e-04  1.58740000e-07 
 5.07800000e-04  1.58520040e-07 
 5.07900000e-04  1.58352459e-07 
 5.08000000e-04  1.58238919e-07 
 5.08100000e-04  1.74469168e-07 
 5.08200000e-04  1.74270516e-07 
 5.08300000e-04  1.74169986e-07 
 5.08400000e-04  1.74076090e-07 
 5.08500000e-04  1.74018593e-07 
 5.08600000e-04  1.61218827e-07 
 5.08700000e-04  1.60873876e-07 
 5.08800000e-04  1.60699130e-07 
 5.08900000e-04  1.60572759e-07 
 5.09000000e-04  1.60496297e-07 
 5.09100000e-04  1.74234806e-07 
 5.09200000e-04  1.73987439e-07 
 5.09300000e-04  1.73891021e-07 
 5.09400000e-04  1.73805569e-07 
 5.09500000e-04  1.73760620e-07 
 5.09600000e-04  1.59697874e-07 
 5.09700000e-04  1.59316363e-07 
 5.09800000e-04  1.59095779e-07 
 5.09900000e-04  1.58930515e-07 
 5.10000000e-04  1.58822325e-07 
 5.10100000e-04  1.76138626e-07 
 5.10200000e-04  1.75714904e-07 
 5.10300000e-04  1.75565947e-07 
 5.10400000e-04  1.75435657e-07 
 5.10500000e-04  1.75355326e-07 
 5.10600000e-04  1.65119347e-07 
 5.10700000e-04  1.64782085e-07 
 5.10800000e-04  1.64619408e-07 
 5.10900000e-04  1.64510006e-07 
 5.11000000e-04  1.64455570e-07 
 5.11100000e-04  1.73821719e-07 
 5.11200000e-04  1.73500885e-07 
 5.11300000e-04  1.73380754e-07 
 5.11400000e-04  1.73273824e-07 
 5.11500000e-04  1.73229443e-07 
 5.11600000e-04  1.59241846e-07 
 5.11700000e-04  1.58770355e-07 
 5.11800000e-04  1.58540265e-07 
 5.11900000e-04  1.58370626e-07 
 5.12000000e-04  1.58263355e-07 
 5.12100000e-04  1.74486809e-07 
 5.12200000e-04  1.74264931e-07 
 5.12300000e-04  1.74165894e-07 
 5.12400000e-04  1.74075741e-07 
 5.12500000e-04  1.74051891e-07 
 5.12600000e-04  1.61221208e-07 
 5.12700000e-04  1.60872649e-07 
 5.12800000e-04  1.60703137e-07 
 5.12900000e-04  1.60579478e-07 
 5.13000000e-04  1.60503124e-07 
 5.13100000e-04  1.74243665e-07 
 5.13200000e-04  1.73993185e-07 
 5.13300000e-04  1.73896592e-07 
 5.13400000e-04  1.73811376e-07 
 5.13500000e-04  1.73771914e-07 
 5.13600000e-04  1.59694350e-07 
 5.13700000e-04  1.59318416e-07 
 5.13800000e-04  1.59108332e-07 
 5.13900000e-04  1.58949124e-07 
 5.14000000e-04  1.58842404e-07 
 5.14100000e-04  1.75619382e-07 
 5.14200000e-04  1.75291814e-07 
 5.14300000e-04  1.75168144e-07 
 5.14400000e-04  1.75059077e-07 
 5.14500000e-04  1.75003389e-07 
 5.14600000e-04  1.63457113e-07 
 5.14700000e-04  1.63111689e-07 
 5.14800000e-04  1.62942112e-07 
 5.14900000e-04  1.62827880e-07 
 5.15000000e-04  1.62770750e-07 
 5.15100000e-04  1.74328997e-07 
 5.15200000e-04  1.74040647e-07 
 5.15300000e-04  1.73933434e-07 
 5.15400000e-04  1.73838860e-07 
 5.15500000e-04  1.73788207e-07 
 5.15600000e-04  1.59761753e-07 
 5.15700000e-04  1.59321697e-07 
 5.15800000e-04  1.59103182e-07 
 5.15900000e-04  1.58936989e-07 
 5.16000000e-04  1.58824778e-07 
 5.16100000e-04  1.75090595e-07 
 5.16200000e-04  1.74881518e-07 
 5.16300000e-04  1.74784109e-07 
 5.16400000e-04  1.74694331e-07 
 5.16500000e-04  1.74647420e-07 
 5.16600000e-04  1.61793327e-07 
 5.16700000e-04  1.61457125e-07 
 5.16800000e-04  1.61276812e-07 
 5.16900000e-04  1.61150610e-07 
 5.17000000e-04  1.61080234e-07 
 5.17100000e-04  1.74853599e-07 
 5.17200000e-04  1.74598132e-07 
 5.17300000e-04  1.74509502e-07 
 5.17400000e-04  1.74433228e-07 
 5.17500000e-04  1.74383278e-07 
 5.17600000e-04  1.60292171e-07 
 5.17700000e-04  1.59909991e-07 
 5.17800000e-04  1.59698287e-07 
 5.17900000e-04  1.59536987e-07 
 5.18000000e-04  1.59427690e-07 
 5.18100000e-04  1.88940892e-07 
 5.18200000e-04  1.86324133e-07 
 5.18300000e-04  1.85520446e-07 
 5.18400000e-04  1.85271693e-07 
 5.18500000e-04  1.85022940e-07 
 5.18600000e-04  1.75732815e-07 
 5.18700000e-04  1.74616478e-07 
 5.18800000e-04  1.74276699e-07 
 5.18900000e-04  1.74062618e-07 
 5.19000000e-04  1.73976501e-07 
 5.19100000e-04  1.71286227e-07 
 5.19200000e-04  1.70507908e-07 
 5.19300000e-04  1.70299666e-07 
 5.19400000e-04  1.70128161e-07 
 5.19500000e-04  1.70053320e-07 
 5.19600000e-04  1.57648362e-07 
 5.19700000e-04  1.56967539e-07 
 5.19800000e-04  1.56706991e-07 
 5.19900000e-04 -0.00000000e+00 
 5.20000000e-04  1.56574684e-07 
