 time            -i(vdd)        
 2.60000000e-04 -1.26577369e-04 
 2.60100000e-04  1.83731622e-07 
 2.60200000e-04  1.75017900e-07 
 2.60300000e-04  1.72693989e-07 
 2.60400000e-04  1.70735550e-07 
 2.60500000e-04  1.70077247e-07 
 2.60600000e-04  1.76685539e-07 
 2.60700000e-04  1.75910952e-07 
 2.60800000e-04  1.75485245e-07 
 2.60900000e-04  1.75139181e-07 
 2.61000000e-04  1.74874487e-07 
 2.61100000e-04  1.56438060e-07 
 2.61200000e-04  1.54081186e-07 
 2.61300000e-04  1.53486355e-07 
 2.61400000e-04  1.53007298e-07 
 2.61500000e-04  1.52797545e-07 
 2.61600000e-04  1.38887360e-07 
 2.61700000e-04  1.37641196e-07 
 2.61800000e-04  1.37194681e-07 
 2.61900000e-04  1.36876956e-07 
 2.62000000e-04  1.36692108e-07 
 2.62100000e-04  1.61881797e-07 
 2.62200000e-04  1.60617082e-07 
 2.62300000e-04  1.60333747e-07 
 2.62400000e-04  1.60129074e-07 
 2.62500000e-04  1.60060798e-07 
 2.62600000e-04  1.48509089e-07 
 2.62700000e-04  1.47915868e-07 
 2.62800000e-04  1.47633747e-07 
 2.62900000e-04  1.47421101e-07 
 2.63000000e-04  1.47279414e-07 
 2.63100000e-04  1.99992189e-07 
 2.63200000e-04  1.94211074e-07 
 2.63300000e-04  1.92921568e-07 
 2.63400000e-04  1.91927422e-07 
 2.63500000e-04  1.91649977e-07 
 2.63600000e-04  1.78198366e-07 
 2.63700000e-04  1.77571205e-07 
 2.63800000e-04  1.77242509e-07 
 2.63900000e-04  1.76994001e-07 
 2.64000000e-04  1.76828223e-07 
 2.64100000e-04  1.72661674e-07 
 2.64200000e-04  1.68074827e-07 
 2.64300000e-04  1.67028703e-07 
 2.64400000e-04  1.66213435e-07 
 2.64500000e-04  1.65971324e-07 
 2.64600000e-04  1.53751838e-07 
 2.64700000e-04  1.53124116e-07 
 2.64800000e-04  1.52824920e-07 
 2.64900000e-04  1.52598221e-07 
 2.65000000e-04  1.52446315e-07 
 2.65100000e-04  1.66019440e-07 
 2.65200000e-04  1.65519888e-07 
 2.65300000e-04  1.65364372e-07 
 2.65400000e-04  1.65232009e-07 
 2.65500000e-04  1.65189478e-07 
 2.65600000e-04  1.51595587e-07 
 2.65700000e-04  1.51135865e-07 
 2.65800000e-04  1.50897622e-07 
 2.65900000e-04  1.50728128e-07 
 2.66000000e-04  1.50629559e-07 
 2.66100000e-04  1.66988615e-07 
 2.66200000e-04  1.66722891e-07 
 2.66300000e-04  1.66632220e-07 
 2.66400000e-04  1.66553238e-07 
 2.66500000e-04  1.66507425e-07 
 2.66600000e-04  1.55436090e-07 
 2.66700000e-04  1.55020301e-07 
 2.66800000e-04  1.54820174e-07 
 2.66900000e-04  1.54674170e-07 
 2.67000000e-04  1.54584001e-07 
 2.67100000e-04  1.66082570e-07 
 2.67200000e-04  1.65564878e-07 
 2.67300000e-04  1.65411579e-07 
 2.67400000e-04  1.65281073e-07 
 2.67500000e-04  1.65243253e-07 
 2.67600000e-04  1.51671827e-07 
 2.67700000e-04  1.51178807e-07 
 2.67800000e-04  1.50922325e-07 
 2.67900000e-04  1.50724846e-07 
 2.68000000e-04  1.50588237e-07 
 2.68100000e-04  1.66382991e-07 
 2.68200000e-04  1.66214707e-07 
 2.68300000e-04  1.66138208e-07 
 2.68400000e-04  1.66068041e-07 
 2.68500000e-04  1.66023606e-07 
 2.68600000e-04  1.53652905e-07 
 2.68700000e-04  1.53256318e-07 
 2.68800000e-04  1.53036567e-07 
 2.68900000e-04  1.52885590e-07 
 2.69000000e-04  1.52805562e-07 
 2.69100000e-04  1.66134666e-07 
 2.69200000e-04  1.65905050e-07 
 2.69300000e-04  1.65832260e-07 
 2.69400000e-04  1.65771214e-07 
 2.69500000e-04  1.65755140e-07 
 2.69600000e-04  1.52108509e-07 
 2.69700000e-04  1.51661648e-07 
 2.69800000e-04  1.51423351e-07 
 2.69900000e-04  1.51239148e-07 
 2.70000000e-04  1.51110747e-07 
 2.70100000e-04  1.68005910e-07 
 2.70200000e-04  1.67640522e-07 
 2.70300000e-04  1.67506868e-07 
 2.70400000e-04  1.67388029e-07 
 2.70500000e-04  1.67318880e-07 
 2.70600000e-04  1.57518630e-07 
 2.70700000e-04  1.57124662e-07 
 2.70800000e-04  1.56923898e-07 
 2.70900000e-04  1.56793274e-07 
 2.71000000e-04  1.56735009e-07 
 2.71100000e-04  1.66099032e-07 
 2.71200000e-04  1.65540393e-07 
 2.71300000e-04  1.65384459e-07 
 2.71400000e-04  1.65254226e-07 
 2.71500000e-04  1.65180308e-07 
 2.71600000e-04  1.51646442e-07 
 2.71700000e-04  1.51105789e-07 
 2.71800000e-04  1.50843085e-07 
 2.71900000e-04  1.50642615e-07 
 2.72000000e-04  1.50506345e-07 
 2.72100000e-04  1.66334920e-07 
 2.72200000e-04  1.66162681e-07 
 2.72300000e-04  1.66082298e-07 
 2.72400000e-04  1.66008642e-07 
 2.72500000e-04  1.65966198e-07 
 2.72600000e-04  1.53582563e-07 
 2.72700000e-04  1.53180816e-07 
 2.72800000e-04  1.52981729e-07 
 2.72900000e-04  1.52831576e-07 
 2.73000000e-04  1.52731900e-07 
 2.73100000e-04  1.66063256e-07 
 2.73200000e-04  1.65855161e-07 
 2.73300000e-04  1.65780557e-07 
 2.73400000e-04  1.65715000e-07 
 2.73500000e-04  1.65693686e-07 
 2.73600000e-04  1.52065599e-07 
 2.73700000e-04  1.51611404e-07 
 2.73800000e-04  1.51367884e-07 
 2.73900000e-04  1.51190266e-07 
 2.74000000e-04  1.51080629e-07 
 2.74100000e-04  1.67435689e-07 
 2.74200000e-04  1.67153650e-07 
 2.74300000e-04  1.67057590e-07 
 2.74400000e-04  1.66974277e-07 
 2.74500000e-04  1.66918215e-07 
 2.74600000e-04  1.55810655e-07 
 2.74700000e-04  1.55412236e-07 
 2.74800000e-04  1.55211765e-07 
 2.74900000e-04  1.55072458e-07 
 2.75000000e-04  1.54996242e-07 
 2.75100000e-04  1.66138279e-07 
 2.75200000e-04  1.65903000e-07 
 2.75300000e-04  1.65819017e-07 
 2.75400000e-04  1.65744783e-07 
 2.75500000e-04  1.65710773e-07 
 2.75600000e-04  1.52107047e-07 
 2.75700000e-04  1.51633211e-07 
 2.75800000e-04  1.51381680e-07 
 2.75900000e-04  1.51188833e-07 
 2.76000000e-04  1.51056515e-07 
 2.76100000e-04  1.66897715e-07 
 2.76200000e-04  1.66722670e-07 
 2.76300000e-04  1.66650990e-07 
 2.76400000e-04  1.66586687e-07 
 2.76500000e-04  1.66555199e-07 
 2.76600000e-04  1.54148619e-07 
 2.76700000e-04  1.53743670e-07 
 2.76800000e-04  1.53540134e-07 
 2.76900000e-04  1.53398626e-07 
 2.77000000e-04  1.53321098e-07 
 2.77100000e-04  1.66673401e-07 
 2.77200000e-04  1.66454898e-07 
 2.77300000e-04  1.66381107e-07 
 2.77400000e-04  1.66318117e-07 
 2.77500000e-04  1.66289108e-07 
 2.77600000e-04  1.52619283e-07 
 2.77700000e-04  1.52189089e-07 
 2.77800000e-04  1.51961048e-07 
 2.77900000e-04  1.51780945e-07 
 2.78000000e-04  1.51650285e-07 
 2.78100000e-04  1.69093583e-07 
 2.78200000e-04  1.68605823e-07 
 2.78300000e-04  1.68449980e-07 
 2.78400000e-04  1.68315942e-07 
 2.78500000e-04  1.68254861e-07 
 2.78600000e-04  1.59725415e-07 
 2.78700000e-04  1.59318718e-07 
 2.78800000e-04  1.59137301e-07 
 2.78900000e-04  1.59012514e-07 
 2.79000000e-04  1.58946138e-07 
 2.79100000e-04  1.66278214e-07 
 2.79200000e-04  1.65617157e-07 
 2.79300000e-04  1.65429383e-07 
 2.79400000e-04  1.65272343e-07 
 2.79500000e-04  1.65193758e-07 
 2.79600000e-04  1.51669938e-07 
 2.79700000e-04  1.51110921e-07 
 2.79800000e-04  1.50832214e-07 
 2.79900000e-04  1.50623549e-07 
 2.80000000e-04  1.50487114e-07 
 2.80100000e-04  1.68236943e-07 
 2.80200000e-04  1.67723111e-07 
 2.80300000e-04  1.67564088e-07 
 2.80400000e-04  1.67481346e-07 
 2.80500000e-04  1.67423252e-07 
 2.80600000e-04  1.54583013e-07 
 2.80700000e-04  1.54017181e-07 
 2.80800000e-04  1.53748154e-07 
 2.80900000e-04  1.53553546e-07 
 2.81000000e-04  1.53434932e-07 
 2.81100000e-04  1.03752964e-04 
 2.81200000e-04  1.03752548e-04 
 2.81300000e-04  1.03752439e-04 
 2.81400000e-04  1.03752351e-04 
 2.81500000e-04  1.03752301e-04 
 2.81600000e-04  1.03738687e-04 
 2.81700000e-04  1.03738216e-04 
 2.81800000e-04  1.03737971e-04 
 2.81900000e-04  1.03737785e-04 
 2.82000000e-04  1.03737662e-04 
 2.82100000e-04  1.68569395e-07 
 2.82200000e-04  1.68237852e-07 
 2.82300000e-04  1.68132186e-07 
 2.82400000e-04  1.68042792e-07 
 2.82500000e-04  1.67991984e-07 
 2.82600000e-04  1.56879525e-07 
 2.82700000e-04  1.56465685e-07 
 2.82800000e-04  1.56277982e-07 
 2.82900000e-04  1.56148711e-07 
 2.83000000e-04  1.56079706e-07 
 2.83100000e-04  1.67267030e-07 
 2.83200000e-04  1.66999002e-07 
 2.83300000e-04  1.66918372e-07 
 2.83400000e-04  1.66851150e-07 
 2.83500000e-04  1.66813081e-07 
 2.83600000e-04  1.53163867e-07 
 2.83700000e-04  1.52690658e-07 
 2.83800000e-04  1.52448361e-07 
 2.83900000e-04  1.52266687e-07 
 2.84000000e-04  1.52147537e-07 
 2.84100000e-04  1.68029212e-07 
 2.84200000e-04  1.67852912e-07 
 2.84300000e-04  1.67774812e-07 
 2.84400000e-04  1.67703665e-07 
 2.84500000e-04  1.67679468e-07 
 2.84600000e-04  1.55206565e-07 
 2.84700000e-04  1.54805668e-07 
 2.84800000e-04  1.54603036e-07 
 2.84900000e-04  1.54460195e-07 
 2.85000000e-04  1.54379020e-07 
 2.85100000e-04  1.67789335e-07 
 2.85200000e-04  1.67587762e-07 
 2.85300000e-04  1.67513194e-07 
 2.85400000e-04  1.67447066e-07 
 2.85500000e-04  1.67397551e-07 
 2.85600000e-04  1.53695478e-07 
 2.85700000e-04  1.53266805e-07 
 2.85800000e-04  1.53020491e-07 
 2.85900000e-04  1.52835946e-07 
 2.86000000e-04  1.52715105e-07 
 2.86100000e-04  1.69704590e-07 
 2.86200000e-04  1.69316958e-07 
 2.86300000e-04  1.69174780e-07 
 2.86400000e-04  1.69048552e-07 
 2.86500000e-04  1.69009658e-07 
 2.86600000e-04  1.59107585e-07 
 2.86700000e-04  1.58718828e-07 
 2.86800000e-04  1.58526408e-07 
 2.86900000e-04  1.58400490e-07 
 2.87000000e-04  1.58343159e-07 
 2.87100000e-04  1.67390635e-07 
 2.87200000e-04  1.67094474e-07 
 2.87300000e-04  1.66988976e-07 
 2.87400000e-04  1.66896347e-07 
 2.87500000e-04  1.66872421e-07 
 2.87600000e-04  1.53214959e-07 
 2.87700000e-04  1.52710035e-07 
 2.87800000e-04  1.52451577e-07 
 2.87900000e-04  1.52261468e-07 
 2.88000000e-04  1.52141855e-07 
 2.88100000e-04  1.68054009e-07 
 2.88200000e-04  1.67866707e-07 
 2.88300000e-04  1.67790601e-07 
 2.88400000e-04  1.67723127e-07 
 2.88500000e-04  1.67680977e-07 
 2.88600000e-04  1.55198388e-07 
 2.88700000e-04  1.54804587e-07 
 2.88800000e-04  1.54609227e-07 
 2.88900000e-04  1.54471498e-07 
 2.89000000e-04  1.54393204e-07 
 2.89100000e-04  1.67788377e-07 
 2.89200000e-04  1.67589283e-07 
 2.89300000e-04  1.67509336e-07 
 2.89400000e-04  1.67437150e-07 
 2.89500000e-04  1.67415818e-07 
 2.89600000e-04  1.53681774e-07 
 2.89700000e-04  1.53249577e-07 
 2.89800000e-04  1.53013439e-07 
 2.89900000e-04  1.52839589e-07 
 2.90000000e-04  1.52729974e-07 
 2.90100000e-04  1.69164677e-07 
 2.90200000e-04  1.68877374e-07 
 2.90300000e-04  1.68774314e-07 
 2.90400000e-04  1.68683791e-07 
 2.90500000e-04  1.68633110e-07 
 2.90600000e-04  1.57446803e-07 
 2.90700000e-04  1.57060947e-07 
 2.90800000e-04  1.56857028e-07 
 2.90900000e-04  1.56724292e-07 
 2.91000000e-04  1.56664969e-07 
 2.91100000e-04  1.67867000e-07 
 2.91200000e-04  1.67617946e-07 
 2.91300000e-04  1.67536296e-07 
 2.91400000e-04  1.67465598e-07 
 2.91500000e-04  1.67431553e-07 
 2.91600000e-04  1.53730680e-07 
 2.91700000e-04  1.53270245e-07 
 2.91800000e-04  1.53018030e-07 
 2.91900000e-04  1.52837217e-07 
 2.92000000e-04  1.52730042e-07 
 2.92100000e-04  1.68644189e-07 
 2.92200000e-04  1.68458537e-07 
 2.92300000e-04  1.68383490e-07 
 2.92400000e-04  1.68316584e-07 
 2.92500000e-04  1.68272840e-07 
 2.92600000e-04  1.55779154e-07 
 2.92700000e-04  1.55393279e-07 
 2.92800000e-04  1.55199257e-07 
 2.92900000e-04  1.55060517e-07 
 2.93000000e-04  1.54978785e-07 
 2.93100000e-04  1.68405726e-07 
 2.93200000e-04  1.68200769e-07 
 2.93300000e-04  1.68124721e-07 
 2.93400000e-04  1.68057216e-07 
 2.93500000e-04  1.68016744e-07 
 2.93600000e-04  1.54252337e-07 
 2.93700000e-04  1.53833946e-07 
 2.93800000e-04  1.53605794e-07 
 2.93900000e-04  1.53434526e-07 
 2.94000000e-04  1.53321917e-07 
 2.94100000e-04  1.71374958e-07 
 2.94200000e-04  1.70770245e-07 
 2.94300000e-04  1.70575293e-07 
 2.94400000e-04  1.70407110e-07 
 2.94500000e-04  1.70350239e-07 
 2.94600000e-04  1.63015534e-07 
 2.94700000e-04  1.62616461e-07 
 2.94800000e-04  1.62431051e-07 
 2.94900000e-04  1.62322665e-07 
 2.95000000e-04  1.62293714e-07 
 2.95100000e-04  1.67729163e-07 
 2.95200000e-04  1.66857038e-07 
 2.95300000e-04  1.66616191e-07 
 2.95400000e-04  1.66416265e-07 
 2.95500000e-04  1.66338012e-07 
 2.95600000e-04  1.52793955e-07 
 2.95700000e-04  1.52188198e-07 
 2.95800000e-04  1.51910872e-07 
 2.95900000e-04  1.51702878e-07 
 2.96000000e-04  1.51566383e-07 
 2.96100000e-04  1.67456186e-07 
 2.96200000e-04  1.67274609e-07 
 2.96300000e-04  1.67195365e-07 
 2.96400000e-04  1.67123533e-07 
 2.96500000e-04  1.67072834e-07 
 2.96600000e-04  1.54609284e-07 
 2.96700000e-04  1.54244706e-07 
 2.96800000e-04  1.54032807e-07 
 2.96900000e-04  1.53884095e-07 
 2.97000000e-04  1.53800540e-07 
 2.97100000e-04  1.67182387e-07 
 2.97200000e-04  1.66975367e-07 
 2.97300000e-04  1.66901378e-07 
 2.97400000e-04  1.66836826e-07 
 2.97500000e-04  1.66802768e-07 
 2.97600000e-04  1.53104494e-07 
 2.97700000e-04  1.52666984e-07 
 2.97800000e-04  1.52425560e-07 
 2.97900000e-04  1.52241860e-07 
 2.98000000e-04  1.52117680e-07 
 2.98100000e-04  1.68542165e-07 
 2.98200000e-04  1.68256743e-07 
 2.98300000e-04  1.68154593e-07 
 2.98400000e-04  1.68064899e-07 
 2.98500000e-04  1.68029629e-07 
 2.98600000e-04  1.56858858e-07 
 2.98700000e-04  1.56458391e-07 
 2.98800000e-04  1.56264398e-07 
 2.98900000e-04  1.56130708e-07 
 2.99000000e-04  1.56059198e-07 
 2.99100000e-04  1.67259786e-07 
 2.99200000e-04  1.66996487e-07 
 2.99300000e-04  1.66911939e-07 
 2.99400000e-04  1.66840094e-07 
 2.99500000e-04  1.66798973e-07 
 2.99600000e-04  1.53144860e-07 
 2.99700000e-04  1.52666213e-07 
 2.99800000e-04  1.52431431e-07 
 2.99900000e-04  1.52246980e-07 
 3.00000000e-04  1.52114421e-07 
 3.00100000e-04  1.68019477e-07 
 3.00200000e-04  1.67849171e-07 
 3.00300000e-04  1.67769457e-07 
 3.00400000e-04  1.67695876e-07 
 3.00500000e-04  1.67649833e-07 
 3.00600000e-04  1.55182547e-07 
 3.00700000e-04  1.54791193e-07 
 3.00800000e-04  1.54600188e-07 
 3.00900000e-04  1.54461241e-07 
 3.01000000e-04  1.54375966e-07 
 3.01100000e-04  1.67784280e-07 
 3.01200000e-04  1.67567828e-07 
 3.01300000e-04  1.67488710e-07 
 3.01400000e-04  1.67419258e-07 
 3.01500000e-04  1.67392603e-07 
 3.01600000e-04  1.53669777e-07 
 3.01700000e-04  1.53234265e-07 
 3.01800000e-04  1.53009822e-07 
 3.01900000e-04  1.52833507e-07 
 3.02000000e-04  1.52706809e-07 
 3.02100000e-04  1.69689353e-07 
 3.02200000e-04  1.69290678e-07 
 3.02300000e-04  1.69165440e-07 
 3.02400000e-04  1.69058926e-07 
 3.02500000e-04  1.69000781e-07 
 3.02600000e-04  1.59083905e-07 
 3.02700000e-04  1.58707784e-07 
 3.02800000e-04  1.58526136e-07 
 3.02900000e-04  1.58403731e-07 
 3.03000000e-04  1.58342411e-07 
 3.03100000e-04  1.67361259e-07 
 3.03200000e-04  1.67069875e-07 
 3.03300000e-04  1.66978198e-07 
 3.03400000e-04  1.66899786e-07 
 3.03500000e-04  1.66859477e-07 
 3.03600000e-04  1.53217736e-07 
 3.03700000e-04  1.52709464e-07 
 3.03800000e-04  1.52454814e-07 
 3.03900000e-04  1.52257637e-07 
 3.04000000e-04  1.52119712e-07 
 3.04100000e-04  1.68037822e-07 
 3.04200000e-04  1.67855749e-07 
 3.04300000e-04  1.67776624e-07 
 3.04400000e-04  1.67705090e-07 
 3.04500000e-04  1.67661622e-07 
 3.04600000e-04  1.55195089e-07 
 3.04700000e-04  1.54802228e-07 
 3.04800000e-04  1.54596890e-07 
 3.04900000e-04  1.54452029e-07 
 3.05000000e-04  1.54369523e-07 
 3.05100000e-04  1.67780691e-07 
 3.05200000e-04  1.67580907e-07 
 3.05300000e-04  1.67506162e-07 
 3.05400000e-04  1.67439584e-07 
 3.05500000e-04  1.67403465e-07 
 3.05600000e-04  1.53679543e-07 
 3.05700000e-04  1.53258012e-07 
 3.05800000e-04  1.53022501e-07 
 3.05900000e-04  1.52838541e-07 
 3.06000000e-04  1.52707720e-07 
 3.06100000e-04  1.69154721e-07 
 3.06200000e-04  1.68869300e-07 
 3.06300000e-04  1.68764004e-07 
 3.06400000e-04  1.68670553e-07 
 3.06500000e-04  1.68637337e-07 
 3.06600000e-04  1.57442938e-07 
 3.06700000e-04  1.57057936e-07 
 3.06800000e-04  1.56857869e-07 
 3.06900000e-04  1.56721450e-07 
 3.07000000e-04  1.56650655e-07 
 3.07100000e-04  1.67862580e-07 
 3.07200000e-04  1.67617092e-07 
 3.07300000e-04  1.67531985e-07 
 3.07400000e-04  1.67457236e-07 
 3.07500000e-04  1.67420861e-07 
 3.07600000e-04  1.53733350e-07 
 3.07700000e-04  1.53269316e-07 
 3.07800000e-04  1.53020027e-07 
 3.07900000e-04  1.52833204e-07 
 3.08000000e-04  1.52710783e-07 
 3.08100000e-04  1.68638767e-07 
 3.08200000e-04  1.68461406e-07 
 3.08300000e-04  1.68381254e-07 
 3.08400000e-04  1.68307680e-07 
 3.08500000e-04  1.68280884e-07 
 3.08600000e-04  1.55763994e-07 
 3.08700000e-04  1.55399875e-07 
 3.08800000e-04  1.55196990e-07 
 3.08900000e-04  1.55052129e-07 
 3.09000000e-04  1.54967088e-07 
 3.09100000e-04  1.68405690e-07 
 3.09200000e-04  1.68177411e-07 
 3.09300000e-04  1.68104825e-07 
 3.09400000e-04  1.68043815e-07 
 3.09500000e-04  1.68008332e-07 
 3.09600000e-04  1.54252915e-07 
 3.09700000e-04  1.53827223e-07 
 3.09800000e-04  1.53599830e-07 
 3.09900000e-04  1.53424765e-07 
 3.10000000e-04  1.53303642e-07 
 3.10100000e-04  1.70846878e-07 
 3.10200000e-04  1.70336083e-07 
 3.10300000e-04  1.70174613e-07 
 3.10400000e-04  1.70036491e-07 
 3.10500000e-04  1.69977808e-07 
 3.10600000e-04  1.61343184e-07 
 3.10700000e-04  1.60956489e-07 
 3.10800000e-04  1.60779998e-07 
 3.10900000e-04  1.60663320e-07 
 3.11000000e-04  1.60608304e-07 
 3.11100000e-04  1.67665272e-07 
 3.11200000e-04  1.67274732e-07 
 3.11300000e-04  1.67129221e-07 
 3.11400000e-04  1.67000355e-07 
 3.11500000e-04  1.66952470e-07 
 3.11600000e-04  1.53317758e-07 
 3.11700000e-04  1.52763940e-07 
 3.11800000e-04  1.52486905e-07 
 3.11900000e-04  1.52284137e-07 
 3.12000000e-04  1.52157941e-07 
 3.12100000e-04  1.68070999e-07 
 3.12200000e-04  1.67890481e-07 
 3.12300000e-04  1.67807108e-07 
 3.12400000e-04  1.67730597e-07 
 3.12500000e-04  1.67695271e-07 
 3.12600000e-04  1.55207205e-07 
 3.12700000e-04  1.54809243e-07 
 3.12800000e-04  1.54621844e-07 
 3.12900000e-04  1.54482896e-07 
 3.13000000e-04  1.54393884e-07 
 3.13100000e-04  1.67796779e-07 
 3.13200000e-04  1.67593597e-07 
 3.13300000e-04  1.67516119e-07 
 3.13400000e-04  1.67447123e-07 
 3.13500000e-04  1.67413995e-07 
 3.13600000e-04  1.53692682e-07 
 3.13700000e-04  1.53237182e-07 
 3.13800000e-04  1.53004959e-07 
 3.13900000e-04  1.52829698e-07 
 3.14000000e-04  1.52713156e-07 
 3.14100000e-04  1.69165291e-07 
 3.14200000e-04  1.68885287e-07 
 3.14300000e-04  1.68783174e-07 
 3.14400000e-04  1.68692655e-07 
 3.14500000e-04  1.68645832e-07 
 3.14600000e-04  1.57441740e-07 
 3.14700000e-04  1.57057113e-07 
 3.14800000e-04  1.56860486e-07 
 3.14900000e-04  1.56725182e-07 
 3.15000000e-04  1.56653094e-07 
 3.15100000e-04  1.67872980e-07 
 3.15200000e-04  1.67629941e-07 
 3.15300000e-04  1.67542628e-07 
 3.15400000e-04  1.67465384e-07 
 3.15500000e-04  1.67426377e-07 
 3.15600000e-04  1.53734713e-07 
 3.15700000e-04  1.53250808e-07 
 3.15800000e-04  1.53008826e-07 
 3.15900000e-04  1.52831539e-07 
 3.16000000e-04  1.52720947e-07 
 3.16100000e-04  1.68643283e-07 
 3.16200000e-04  1.68467988e-07 
 3.16300000e-04  1.68383198e-07 
 3.16400000e-04  1.68304745e-07 
 3.16500000e-04  1.68278986e-07 
 3.16600000e-04  1.55760177e-07 
 3.16700000e-04  1.55400309e-07 
 3.16800000e-04  1.55189406e-07 
 3.16900000e-04  1.55042423e-07 
 3.17000000e-04  1.54961331e-07 
 3.17100000e-04  1.68415023e-07 
 3.17200000e-04  1.68176335e-07 
 3.17300000e-04  1.68111920e-07 
 3.17400000e-04  1.68061184e-07 
 3.17500000e-04  1.68010561e-07 
 3.17600000e-04  1.54252591e-07 
 3.17700000e-04  1.53823400e-07 
 3.17800000e-04  1.53600023e-07 
 3.17900000e-04  1.53424575e-07 
 3.18000000e-04  1.53298521e-07 
 3.18100000e-04  1.70312274e-07 
 3.18200000e-04  1.69928284e-07 
 3.18300000e-04  1.69791574e-07 
 3.18400000e-04  1.69670946e-07 
 3.18500000e-04  1.69611428e-07 
 3.18600000e-04  1.59692227e-07 
 3.18700000e-04  1.59300544e-07 
 3.18800000e-04  1.59108001e-07 
 3.18900000e-04  1.58981780e-07 
 3.19000000e-04  1.58923928e-07 
 3.19100000e-04  1.67994934e-07 
 3.19200000e-04  1.67696306e-07 
 3.19300000e-04  1.67595486e-07 
 3.19400000e-04  1.67507789e-07 
 3.19500000e-04  1.67469255e-07 
 3.19600000e-04  1.53807366e-07 
 3.19700000e-04  1.53301439e-07 
 3.19800000e-04  1.53041522e-07 
 3.19900000e-04  1.52848597e-07 
 3.20000000e-04  1.52724734e-07 
 3.20100000e-04  1.68666774e-07 
 3.20200000e-04  1.68478955e-07 
 3.20300000e-04  1.68401316e-07 
 3.20400000e-04  1.68331602e-07 
 3.20500000e-04  1.68288968e-07 
 3.20600000e-04  1.55784514e-07 
 3.20700000e-04  1.55385817e-07 
 3.20800000e-04  1.55189625e-07 
 3.20900000e-04  1.55053460e-07 
 3.21000000e-04  1.54979167e-07 
 3.21100000e-04  1.68406897e-07 
 3.21200000e-04  1.68198359e-07 
 3.21300000e-04  1.68120846e-07 
 3.21400000e-04  1.68051986e-07 
 3.21500000e-04  1.68014190e-07 
 3.21600000e-04  1.54255028e-07 
 3.21700000e-04  1.53830661e-07 
 3.21800000e-04  1.53601858e-07 
 3.21900000e-04  1.53429427e-07 
 3.22000000e-04  1.53315103e-07 
 3.22100000e-04  1.69782556e-07 
 3.22200000e-04  1.69495148e-07 
 3.22300000e-04  1.69394857e-07 
 3.22400000e-04  1.69307217e-07 
 3.22500000e-04  1.69256683e-07 
 3.22600000e-04  1.58028140e-07 
 3.22700000e-04  1.57638816e-07 
 3.22800000e-04  1.57455074e-07 
 3.22900000e-04  1.57326932e-07 
 3.23000000e-04  1.57256098e-07 
 3.23100000e-04  1.68494738e-07 
 3.23200000e-04  1.68241309e-07 
 3.23300000e-04  1.68156096e-07 
 3.23400000e-04  1.68081852e-07 
 3.23500000e-04  1.68048500e-07 
 3.23600000e-04  1.54320809e-07 
 3.23700000e-04  1.53839538e-07 
 3.23800000e-04  1.53608608e-07 
 3.23900000e-04  1.53436286e-07 
 3.24000000e-04  1.53324372e-07 
 3.24100000e-04  1.69262090e-07 
 3.24200000e-04  1.69075796e-07 
 3.24300000e-04  1.69000587e-07 
 3.24400000e-04  1.68933115e-07 
 3.24500000e-04  1.68876260e-07 
 3.24600000e-04  1.56349147e-07 
 3.24700000e-04  1.55983655e-07 
 3.24800000e-04  1.55794808e-07 
 3.24900000e-04  1.55656258e-07 
 3.25000000e-04  1.55569541e-07 
 3.25100000e-04  1.69029381e-07 
 3.25200000e-04  1.68810007e-07 
 3.25300000e-04  1.68734977e-07 
 3.25400000e-04  1.68670309e-07 
 3.25500000e-04  1.68636644e-07 
 3.25600000e-04  1.54853291e-07 
 3.25700000e-04  1.54428439e-07 
 3.25800000e-04  1.54194710e-07 
 3.25900000e-04  1.54020642e-07 
 3.26000000e-04  1.53908065e-07 
 3.26100000e-04  1.72538043e-07 
 3.26200000e-04  1.71798001e-07 
 3.26300000e-04  1.71587424e-07 
 3.26400000e-04  1.71412595e-07 
 3.26500000e-04  1.71328600e-07 
 3.26600000e-04  1.65268444e-07 
 3.26700000e-04  1.64875382e-07 
 3.26800000e-04  1.64701151e-07 
 3.26900000e-04  1.64598988e-07 
 3.27000000e-04  1.64571116e-07 
 3.27100000e-04  1.67807104e-07 
 3.27200000e-04  1.66870275e-07 
 3.27300000e-04  1.66630177e-07 
 3.27400000e-04  1.66434193e-07 
 3.27500000e-04  1.66333146e-07 
 3.27600000e-04  1.52833755e-07 
 3.27700000e-04  1.52199557e-07 
 3.27800000e-04  1.51910126e-07 
 3.27900000e-04  1.51700260e-07 
 3.28000000e-04  1.51572422e-07 
 3.28100000e-04  1.67461529e-07 
 3.28200000e-04  1.67288807e-07 
 3.28300000e-04  1.67205318e-07 
 3.28400000e-04  1.67128007e-07 
 3.28500000e-04  1.67087131e-07 
 3.28600000e-04  1.54600783e-07 
 3.28700000e-04  1.54214320e-07 
 3.28800000e-04  1.54016096e-07 
 3.28900000e-04  1.53877223e-07 
 3.29000000e-04  1.53799517e-07 
 3.29100000e-04  1.67190576e-07 
 3.29200000e-04  1.66968978e-07 
 3.29300000e-04  1.66891189e-07 
 3.29400000e-04  1.66823965e-07 
 3.29500000e-04  1.66807991e-07 
 3.29600000e-04  1.53098395e-07 
 3.29700000e-04  1.52662690e-07 
 3.29800000e-04  1.52428941e-07 
 3.29900000e-04  1.52245311e-07 
 3.30000000e-04  1.52113325e-07 
 3.30100000e-04  1.68557360e-07 
 3.30200000e-04  1.68275993e-07 
 3.30300000e-04  1.68170612e-07 
 3.30400000e-04  1.68077156e-07 
 3.30500000e-04  1.68013524e-07 
 3.30600000e-04  1.56856574e-07 
 3.30700000e-04  1.56471194e-07 
 3.30800000e-04  1.56269257e-07 
 3.30900000e-04  1.56127385e-07 
 3.31000000e-04  1.56047415e-07 
 3.31100000e-04  1.67255909e-07 
 3.31200000e-04  1.67000915e-07 
 3.31300000e-04  1.66911618e-07 
 3.31400000e-04  1.66833506e-07 
 3.31500000e-04  1.66794378e-07 
 3.31600000e-04  1.53145719e-07 
 3.31700000e-04  1.52671843e-07 
 3.31800000e-04  1.52425232e-07 
 3.31900000e-04  1.52240142e-07 
 3.32000000e-04  1.52118460e-07 
 3.32100000e-04  1.68012674e-07 
 3.32200000e-04  1.67845282e-07 
 3.32300000e-04  1.67764713e-07 
 3.32400000e-04  1.67689919e-07 
 3.32500000e-04  1.67650305e-07 
 3.32600000e-04  1.55167181e-07 
 3.32700000e-04  1.54783944e-07 
 3.32800000e-04  1.54587425e-07 
 3.32900000e-04  1.54451536e-07 
 3.33000000e-04  1.54378133e-07 
 3.33100000e-04  1.67782255e-07 
 3.33200000e-04  1.67553435e-07 
 3.33300000e-04  1.67482046e-07 
 3.33400000e-04  1.67422437e-07 
 3.33500000e-04  1.67399083e-07 
 3.33600000e-04  1.53669809e-07 
 3.33700000e-04  1.53227181e-07 
 3.33800000e-04  1.53004802e-07 
 3.33900000e-04  1.52834127e-07 
 3.34000000e-04  1.52716725e-07 
 3.34100000e-04  1.69688230e-07 
 3.34200000e-04  1.69310208e-07 
 3.34300000e-04  1.69174929e-07 
 3.34400000e-04  1.69055216e-07 
 3.34500000e-04  1.68989264e-07 
 3.34600000e-04  1.59108763e-07 
 3.34700000e-04  1.58707642e-07 
 3.34800000e-04  1.58514395e-07 
 3.34900000e-04  1.58383940e-07 
 3.35000000e-04  1.58318196e-07 
 3.35100000e-04  1.67373223e-07 
 3.35200000e-04  1.67081873e-07 
 3.35300000e-04  1.66982093e-07 
 3.35400000e-04  1.66895122e-07 
 3.35500000e-04  1.66858142e-07 
 3.35600000e-04  1.53204366e-07 
 3.35700000e-04  1.52698304e-07 
 3.35800000e-04  1.52438894e-07 
 3.35900000e-04  1.52250647e-07 
 3.36000000e-04  1.52135751e-07 
 3.36100000e-04  1.68030539e-07 
 3.36200000e-04  1.67855617e-07 
 3.36300000e-04  1.67772798e-07 
 3.36400000e-04  1.67696354e-07 
 3.36500000e-04  1.67671610e-07 
 3.36600000e-04  1.55182298e-07 
 3.36700000e-04  1.54805293e-07 
 3.36800000e-04  1.54594192e-07 
 3.36900000e-04  1.54450467e-07 
 3.37000000e-04  1.54376183e-07 
 3.37100000e-04  1.67786420e-07 
 3.37200000e-04  1.67574061e-07 
 3.37300000e-04  1.67500609e-07 
 3.37400000e-04  1.67436853e-07 
 3.37500000e-04  1.67390802e-07 
 3.37600000e-04  1.53666923e-07 
 3.37700000e-04  1.53247711e-07 
 3.37800000e-04  1.53005213e-07 
 3.37900000e-04  1.52822832e-07 
 3.38000000e-04  1.52702398e-07 
 3.38100000e-04  1.69172418e-07 
 3.38200000e-04  1.68868510e-07 
 3.38300000e-04  1.68768272e-07 
 3.38400000e-04  1.68682613e-07 
 3.38500000e-04  1.68640131e-07 
 3.38600000e-04  1.57425206e-07 
 3.38700000e-04  1.57054135e-07 
 3.38800000e-04  1.56855903e-07 
 3.38900000e-04  1.56719375e-07 
 3.39000000e-04  1.56646436e-07 
 3.39100000e-04  1.67859926e-07 
 3.39200000e-04  1.67603036e-07 
 3.39300000e-04  1.67522918e-07 
 3.39400000e-04  1.67454885e-07 
 3.39500000e-04  1.67429603e-07 
 3.39600000e-04  1.53719331e-07 
 3.39700000e-04  1.53260698e-07 
 3.39800000e-04  1.53009306e-07 
 3.39900000e-04  1.52823069e-07 
 3.40000000e-04  1.52703976e-07 
 3.40100000e-04  1.68633549e-07 
 3.40200000e-04  1.68459561e-07 
 3.40300000e-04  1.68377493e-07 
 3.40400000e-04  1.68301768e-07 
 3.40500000e-04  1.68278247e-07 
 3.40600000e-04  1.55777587e-07 
 3.40700000e-04  1.55381049e-07 
 3.40800000e-04  1.55191262e-07 
 3.40900000e-04  1.55048975e-07 
 3.41000000e-04  1.54955622e-07 
 3.41100000e-04  1.68391626e-07 
 3.41200000e-04  1.68183127e-07 
 3.41300000e-04  1.68111050e-07 
 3.41400000e-04  1.68048431e-07 
 3.41500000e-04  1.68012759e-07 
 3.41600000e-04  1.54249709e-07 
 3.41700000e-04  1.53814096e-07 
 3.41800000e-04  1.53587374e-07 
 3.41900000e-04  1.53417170e-07 
 3.42000000e-04  1.53305201e-07 
 3.42100000e-04  1.70837506e-07 
 3.42200000e-04  1.70323418e-07 
 3.42300000e-04  1.70164324e-07 
 3.42400000e-04  1.70029378e-07 
 3.42500000e-04  1.69969881e-07 
 3.42600000e-04  1.61351548e-07 
 3.42700000e-04  1.60956519e-07 
 3.42800000e-04  1.60774117e-07 
 3.42900000e-04  1.60656762e-07 
 3.43000000e-04  1.60606437e-07 
 3.43100000e-04  1.67653163e-07 
 3.43200000e-04  1.67266339e-07 
 3.43300000e-04  1.67121444e-07 
 3.43400000e-04  1.66992511e-07 
 3.43500000e-04  1.66947436e-07 
 3.43600000e-04  1.53305792e-07 
 3.43700000e-04  1.52759705e-07 
 3.43800000e-04  1.52493455e-07 
 3.43900000e-04  1.52292307e-07 
 3.44000000e-04  1.52158247e-07 
 3.44100000e-04  1.68069296e-07 
 3.44200000e-04  1.67880961e-07 
 3.44300000e-04  1.67802088e-07 
 3.44400000e-04  1.67731133e-07 
 3.44500000e-04  1.67697964e-07 
 3.44600000e-04  1.55187240e-07 
 3.44700000e-04  1.54820868e-07 
 3.44800000e-04  1.54620013e-07 
 3.44900000e-04  1.54470040e-07 
 3.45000000e-04  1.54372485e-07 
 3.45100000e-04  1.67805714e-07 
 3.45200000e-04  1.67590606e-07 
 3.45300000e-04  1.67504557e-07 
 3.45400000e-04  1.67427578e-07 
 3.45500000e-04  1.67406231e-07 
 3.45600000e-04  1.53682470e-07 
 3.45700000e-04  1.53253964e-07 
 3.45800000e-04  1.53010426e-07 
 3.45900000e-04  1.52829635e-07 
 3.46000000e-04  1.52713497e-07 
 3.46100000e-04  1.69179096e-07 
 3.46200000e-04  1.68874632e-07 
 3.46300000e-04  1.68772658e-07 
 3.46400000e-04  1.68685196e-07 
 3.46500000e-04  1.68641431e-07 
 3.46600000e-04  1.57426925e-07 
 3.46700000e-04  1.57059328e-07 
 3.46800000e-04  1.56854336e-07 
 3.46900000e-04  1.56714838e-07 
 3.47000000e-04  1.56642827e-07 
 3.47100000e-04  1.67866067e-07 
 3.47200000e-04  1.67622647e-07 
 3.47300000e-04  1.67531706e-07 
 3.47400000e-04  1.67450559e-07 
 3.47500000e-04  1.67430920e-07 
 3.47600000e-04  1.53731167e-07 
 3.47700000e-04  1.53247914e-07 
 3.47800000e-04  1.53013827e-07 
 3.47900000e-04  1.52832561e-07 
 3.48000000e-04  1.52705709e-07 
 3.48100000e-04  1.68642024e-07 
 3.48200000e-04  1.68460683e-07 
 3.48300000e-04  1.68377993e-07 
 3.48400000e-04  1.68302431e-07 
 3.48500000e-04  1.68261206e-07 
 3.48600000e-04  1.55759545e-07 
 3.48700000e-04  1.55373984e-07 
 3.48800000e-04  1.55178035e-07 
 3.48900000e-04  1.55043115e-07 
 3.49000000e-04  1.54971078e-07 
 3.49100000e-04  1.68408666e-07 
 3.49200000e-04  1.68177722e-07 
 3.49300000e-04  1.68103298e-07 
 3.49400000e-04  1.68040789e-07 
 3.49500000e-04  1.68010967e-07 
 3.49600000e-04  1.54263335e-07 
 3.49700000e-04  1.53814301e-07 
 3.49800000e-04  1.53587070e-07 
 3.49900000e-04  1.53417266e-07 
 3.50000000e-04  1.53306626e-07 
 3.50100000e-04  1.70302977e-07 
 3.50200000e-04  1.69905563e-07 
 3.50300000e-04  1.69776051e-07 
 3.50400000e-04  1.69664289e-07 
 3.50500000e-04  1.69606852e-07 
 3.50600000e-04  1.59681868e-07 
 3.50700000e-04  1.59298817e-07 
 3.50800000e-04  1.59112348e-07 
 3.50900000e-04  1.58984993e-07 
 3.51000000e-04  1.58918541e-07 
 3.51100000e-04  1.68003287e-07 
 3.51200000e-04  1.67695636e-07 
 3.51300000e-04  1.67600266e-07 
 3.51400000e-04  1.67519951e-07 
 3.51500000e-04  1.67477121e-07 
 3.51600000e-04  1.53802345e-07 
 3.51700000e-04  1.53292769e-07 
 3.51800000e-04  1.53033720e-07 
 3.51900000e-04  1.52842490e-07 
 3.52000000e-04  1.52721146e-07 
 3.52100000e-04  1.68659249e-07 
 3.52200000e-04  1.68473332e-07 
 3.52300000e-04  1.68396098e-07 
 3.52400000e-04  1.68326961e-07 
 3.52500000e-04  1.68280627e-07 
 3.52600000e-04  1.55763546e-07 
 3.52700000e-04  1.55380552e-07 
 3.52800000e-04  1.55183092e-07 
 3.52900000e-04  1.55048551e-07 
 3.53000000e-04  1.54978835e-07 
 3.53100000e-04  1.68418968e-07 
 3.53200000e-04  1.68189145e-07 
 3.53300000e-04  1.68110512e-07 
 3.53400000e-04  1.68043145e-07 
 3.53500000e-04  1.68029389e-07 
 3.53600000e-04  1.54250290e-07 
 3.53700000e-04  1.53844839e-07 
 3.53800000e-04  1.53607017e-07 
 3.53900000e-04  1.53428748e-07 
 3.54000000e-04  1.53311833e-07 
 3.54100000e-04  1.69793577e-07 
 3.54200000e-04  1.69497124e-07 
 3.54300000e-04  1.69390063e-07 
 3.54400000e-04  1.69296372e-07 
 3.54500000e-04  1.69245172e-07 
 3.54600000e-04  1.58010265e-07 
 3.54700000e-04  1.57629246e-07 
 3.54800000e-04  1.57435185e-07 
 3.54900000e-04  1.57300431e-07 
 3.55000000e-04  1.57226776e-07 
 3.55100000e-04  1.68497948e-07 
 3.55200000e-04  1.68238331e-07 
 3.55300000e-04  1.68146990e-07 
 3.55400000e-04  1.68067130e-07 
 3.55500000e-04  1.68036187e-07 
 3.55600000e-04  1.54302563e-07 
 3.55700000e-04  1.53854458e-07 
 3.55800000e-04  1.53613273e-07 
 3.55900000e-04  1.53433185e-07 
 3.56000000e-04  1.53316039e-07 
 3.56100000e-04  1.69254305e-07 
 3.56200000e-04  1.69089021e-07 
 3.56300000e-04  1.69003303e-07 
 3.56400000e-04  1.68922577e-07 
 3.56500000e-04  1.68880410e-07 
 3.56600000e-04  1.56339517e-07 
 3.56700000e-04  1.55992713e-07 
 3.56800000e-04  1.55787305e-07 
 3.56900000e-04  1.55643062e-07 
 3.57000000e-04  1.55561837e-07 
 3.57100000e-04  1.69027848e-07 
 3.57200000e-04  1.68809749e-07 
 3.57300000e-04  1.68725200e-07 
 3.57400000e-04  1.68650140e-07 
 3.57500000e-04  1.68624920e-07 
 3.57600000e-04  1.54833907e-07 
 3.57700000e-04  1.54421826e-07 
 3.57800000e-04  1.54191844e-07 
 3.57900000e-04  1.54014930e-07 
 3.58000000e-04  1.53892676e-07 
 3.58100000e-04  1.71999863e-07 
 3.58200000e-04  1.71371895e-07 
 3.58300000e-04  1.71187431e-07 
 3.58400000e-04  1.71033282e-07 
 3.58500000e-04  1.70962961e-07 
 3.58600000e-04  1.63588229e-07 
 3.58700000e-04  1.63221508e-07 
 3.58800000e-04  1.63043982e-07 
 3.58900000e-04  1.62930879e-07 
 3.59000000e-04  1.62884149e-07 
 3.59100000e-04  1.68281415e-07 
 3.59200000e-04  1.67501798e-07 
 3.59300000e-04  1.67260056e-07 
 3.59400000e-04  1.67054297e-07 
 3.59500000e-04  1.66984405e-07 
 3.59600000e-04  1.53387234e-07 
 3.59700000e-04  1.52785225e-07 
 3.59800000e-04  1.52508425e-07 
 3.59900000e-04  1.52299610e-07 
 3.60000000e-04  1.52160842e-07 
 3.60100000e-04  1.68079442e-07 
 3.60200000e-04  1.67903550e-07 
 3.60300000e-04  1.67821508e-07 
 3.60400000e-04  1.67745733e-07 
 3.60500000e-04  1.67692508e-07 
 3.60600000e-04  1.55187518e-07 
 3.60700000e-04  1.54813328e-07 
 3.60800000e-04  1.54609465e-07 
 3.60900000e-04  1.54469428e-07 
 3.61000000e-04  1.54395146e-07 
 3.61100000e-04  1.67801985e-07 
 3.61200000e-04  1.67577653e-07 
 3.61300000e-04  1.67506587e-07 
 3.61400000e-04  1.67446665e-07 
 3.61500000e-04  1.67400647e-07 
 3.61600000e-04  1.53691777e-07 
 3.61700000e-04  1.53247824e-07 
 3.61800000e-04  1.53014614e-07 
 3.61900000e-04  1.52839922e-07 
 3.62000000e-04  1.52725507e-07 
 3.62100000e-04  1.69181660e-07 
 3.62200000e-04  1.68879194e-07 
 3.62300000e-04  1.68778896e-07 
 3.62400000e-04  1.68693199e-07 
 3.62500000e-04  1.68646068e-07 
 3.62600000e-04  1.57439616e-07 
 3.62700000e-04  1.57044488e-07 
 3.62800000e-04  1.56862333e-07 
 3.62900000e-04  1.56728696e-07 
 3.63000000e-04  1.56645022e-07 
 3.63100000e-04  1.67880213e-07 
 3.63200000e-04  1.67629828e-07 
 3.63300000e-04  1.67540486e-07 
 3.63400000e-04  1.67461774e-07 
 3.63500000e-04  1.67433507e-07 
 3.63600000e-04  1.53728904e-07 
 3.63700000e-04  1.53259942e-07 
 3.63800000e-04  1.53013559e-07 
 3.63900000e-04  1.52833864e-07 
 3.64000000e-04  1.52722873e-07 
 3.64100000e-04  1.68639625e-07 
 3.64200000e-04  1.68462507e-07 
 3.64300000e-04  1.68385261e-07 
 3.64400000e-04  1.68314774e-07 
 3.64500000e-04  1.68266474e-07 
 3.64600000e-04  1.55773227e-07 
 3.64700000e-04  1.55378380e-07 
 3.64800000e-04  1.55182902e-07 
 3.64900000e-04  1.55045111e-07 
 3.65000000e-04  1.54966740e-07 
 3.65100000e-04  1.68409531e-07 
 3.65200000e-04  1.68197939e-07 
 3.65300000e-04  1.68120062e-07 
 3.65400000e-04  1.68051681e-07 
 3.65500000e-04  1.68018282e-07 
 3.65600000e-04  1.54264549e-07 
 3.65700000e-04  1.53827340e-07 
 3.65800000e-04  1.53593066e-07 
 3.65900000e-04  1.53415892e-07 
 3.66000000e-04  1.53297526e-07 
 3.66100000e-04  1.70321161e-07 
 3.66200000e-04  1.69907637e-07 
 3.66300000e-04  1.69776896e-07 
 3.66400000e-04  1.69666087e-07 
 3.66500000e-04  1.69608704e-07 
 3.66600000e-04  1.59676660e-07 
 3.66700000e-04  1.59308733e-07 
 3.66800000e-04  1.59107711e-07 
 3.66900000e-04  1.58980743e-07 
 3.67000000e-04  1.58930078e-07 
 3.67100000e-04  1.67990880e-07 
 3.67200000e-04  1.67702904e-07 
 3.67300000e-04  1.67598976e-07 
 3.67400000e-04  1.67506879e-07 
 3.67500000e-04  1.67476125e-07 
 3.67600000e-04  1.53804913e-07 
 3.67700000e-04  1.53303915e-07 
 3.67800000e-04  1.53038861e-07 
 3.67900000e-04  1.52843795e-07 
 3.68000000e-04  1.52720837e-07 
 3.68100000e-04  1.68662173e-07 
 3.68200000e-04  1.68477833e-07 
 3.68300000e-04  1.68397172e-07 
 3.68400000e-04  1.68324088e-07 
 3.68500000e-04  1.68282329e-07 
 3.68600000e-04  1.55776812e-07 
 3.68700000e-04  1.55389475e-07 
 3.68800000e-04  1.55188923e-07 
 3.68900000e-04  1.55050868e-07 
 3.69000000e-04  1.54977187e-07 
 3.69100000e-04  1.68405013e-07 
 3.69200000e-04  1.68202079e-07 
 3.69300000e-04  1.68121093e-07 
 3.69400000e-04  1.68047823e-07 
 3.69500000e-04  1.68010696e-07 
 3.69600000e-04  1.54255746e-07 
 3.69700000e-04  1.53833351e-07 
 3.69800000e-04  1.53600170e-07 
 3.69900000e-04  1.53422895e-07 
 3.70000000e-04  1.53303194e-07 
 3.70100000e-04  1.69785748e-07 
 3.70200000e-04  1.69498974e-07 
 3.70300000e-04  1.69395143e-07 
 3.70400000e-04  1.69304035e-07 
 3.70500000e-04  1.69257111e-07 
 3.70600000e-04  1.58024217e-07 
 3.70700000e-04  1.57650461e-07 
 3.70800000e-04  1.57446310e-07 
 3.70900000e-04  1.57310650e-07 
 3.71000000e-04  1.57245546e-07 
 3.71100000e-04  1.68492139e-07 
 3.71200000e-04  1.68242374e-07 
 3.71300000e-04  1.68148037e-07 
 3.71400000e-04  1.68063922e-07 
 3.71500000e-04  1.68036380e-07 
 3.71600000e-04  1.54298506e-07 
 3.71700000e-04  1.53853861e-07 
 3.71800000e-04  1.53607227e-07 
 3.71900000e-04  1.53423399e-07 
 3.72000000e-04  1.53304265e-07 
 3.72100000e-04  1.69271133e-07 
 3.72200000e-04  1.69072129e-07 
 3.72300000e-04  1.68991380e-07 
 3.72400000e-04  1.68919480e-07 
 3.72500000e-04  1.68896415e-07 
 3.72600000e-04  1.56342864e-07 
 3.72700000e-04  1.55964912e-07 
 3.72800000e-04  1.55779284e-07 
 3.72900000e-04  1.55641340e-07 
 3.73000000e-04  1.55552485e-07 
 3.73100000e-04  1.69028262e-07 
 3.73200000e-04  1.68798303e-07 
 3.73300000e-04  1.68719361e-07 
 3.73400000e-04  1.68651605e-07 
 3.73500000e-04  1.68635482e-07 
 3.73600000e-04  1.54853295e-07 
 3.73700000e-04  1.54431421e-07 
 3.73800000e-04  1.54190260e-07 
 3.73900000e-04  1.54011157e-07 
 3.74000000e-04  1.53895970e-07 
 3.74100000e-04  1.71460262e-07 
 3.74200000e-04  1.70961946e-07 
 3.74300000e-04  1.70796581e-07 
 3.74400000e-04  1.70652945e-07 
 3.74500000e-04  1.70596190e-07 
 3.74600000e-04  1.61930101e-07 
 3.74700000e-04  1.61557650e-07 
 3.74800000e-04  1.61370222e-07 
 3.74900000e-04  1.61248770e-07 
 3.75000000e-04  1.61195278e-07 
 3.75100000e-04  1.68292680e-07 
 3.75200000e-04  1.67897645e-07 
 3.75300000e-04  1.67744752e-07 
 3.75400000e-04  1.67608103e-07 
 3.75500000e-04  1.67551755e-07 
 3.75600000e-04  1.53909592e-07 
 3.75700000e-04  1.53337886e-07 
 3.75800000e-04  1.53077923e-07 
 3.75900000e-04  1.52882139e-07 
 3.76000000e-04  1.52752461e-07 
 3.76100000e-04  1.68695461e-07 
 3.76200000e-04  1.68513242e-07 
 3.76300000e-04  1.68431235e-07 
 3.76400000e-04  1.68356437e-07 
 3.76500000e-04  1.68300324e-07 
 3.76600000e-04  1.55794053e-07 
 3.76700000e-04  1.55419400e-07 
 3.76800000e-04  1.55210993e-07 
 3.76900000e-04  1.55067194e-07 
 3.77000000e-04  1.54989941e-07 
 3.77100000e-04  1.68420313e-07 
 3.77200000e-04  1.68214322e-07 
 3.77300000e-04  1.68133566e-07 
 3.77400000e-04  1.68061193e-07 
 3.77500000e-04  1.68031052e-07 
 3.77600000e-04  1.54269576e-07 
 3.77700000e-04  1.53849053e-07 
 3.77800000e-04  1.53618487e-07 
 3.77900000e-04  1.53442678e-07 
 3.78000000e-04  1.53323251e-07 
 3.78100000e-04  1.69792465e-07 
 3.78200000e-04  1.69512621e-07 
 3.78300000e-04  1.69399037e-07 
 3.78400000e-04  1.69296372e-07 
 3.78500000e-04  1.69256234e-07 
 3.78600000e-04  1.58032659e-07 
 3.78700000e-04  1.57632360e-07 
 3.78800000e-04  1.57451220e-07 
 3.78900000e-04  1.57321447e-07 
 3.79000000e-04  1.57244559e-07 
 3.79100000e-04  1.68503079e-07 
 3.79200000e-04  1.68232333e-07 
 3.79300000e-04  1.68150879e-07 
 3.79400000e-04  1.68082626e-07 
 3.79500000e-04  1.68043727e-07 
 3.79600000e-04  1.54311505e-07 
 3.79700000e-04  1.53843536e-07 
 3.79800000e-04  1.53617050e-07 
 3.79900000e-04  1.53435685e-07 
 3.80000000e-04  1.53300761e-07 
 3.80100000e-04  1.69258661e-07 
 3.80200000e-04  1.69069895e-07 
 3.80300000e-04  1.68988593e-07 
 3.80400000e-04  1.68914572e-07 
 3.80500000e-04  1.68892064e-07 
 3.80600000e-04  1.56354580e-07 
 3.80700000e-04  1.55973979e-07 
 3.80800000e-04  1.55777445e-07 
 3.80900000e-04  1.55643312e-07 
 3.81000000e-04  1.55573446e-07 
 3.81100000e-04  1.69033100e-07 
 3.81200000e-04  1.68805116e-07 
 3.81300000e-04  1.68724654e-07 
 3.81400000e-04  1.68655031e-07 
 3.81500000e-04  1.68634379e-07 
 3.81600000e-04  1.54851313e-07 
 3.81700000e-04  1.54428555e-07 
 3.81800000e-04  1.54196651e-07 
 3.81900000e-04  1.54018162e-07 
 3.82000000e-04  1.53894666e-07 
 3.82100000e-04  1.70951785e-07 
 3.82200000e-04  1.70540487e-07 
 3.82300000e-04  1.70399870e-07 
 3.82400000e-04  1.70278014e-07 
 3.82500000e-04  1.70221131e-07 
 3.82600000e-04  1.60263045e-07 
 3.82700000e-04  1.59891144e-07 
 3.82800000e-04  1.59696205e-07 
 3.82900000e-04  1.59575872e-07 
 3.83000000e-04  1.59532396e-07 
 3.83100000e-04  1.68632131e-07 
 3.83200000e-04  1.68319213e-07 
 3.83300000e-04  1.68222103e-07 
 3.83400000e-04  1.68139962e-07 
 3.83500000e-04  1.68093471e-07 
 3.83600000e-04  1.54378250e-07 
 3.83700000e-04  1.53872261e-07 
 3.83800000e-04  1.53622451e-07 
 3.83900000e-04  1.53441345e-07 
 3.84000000e-04  1.53331007e-07 
 3.84100000e-04  1.69282270e-07 
 3.84200000e-04  1.69094741e-07 
 3.84300000e-04  1.69019430e-07 
 3.84400000e-04  1.68952003e-07 
 3.84500000e-04  1.68898967e-07 
 3.84600000e-04  1.56367317e-07 
 3.84700000e-04  1.55979211e-07 
 3.84800000e-04  1.55783290e-07 
 3.84900000e-04  1.55648950e-07 
 3.85000000e-04  1.55578023e-07 
 3.85100000e-04  1.69038049e-07 
 3.85200000e-04  1.68815238e-07 
 3.85300000e-04  1.68738428e-07 
 3.85400000e-04  1.68672205e-07 
 3.85500000e-04  1.68632633e-07 
 3.85600000e-04  1.54842817e-07 
 3.85700000e-04  1.54430911e-07 
 3.85800000e-04  1.54191851e-07 
 3.85900000e-04  1.54014891e-07 
 3.86000000e-04  1.53901878e-07 
 3.86100000e-04  1.70421365e-07 
 3.86200000e-04  1.70128815e-07 
 3.86300000e-04  1.70016992e-07 
 3.86400000e-04  1.69917794e-07 
 3.86500000e-04  1.69875880e-07 
 3.86600000e-04  1.58602264e-07 
 3.86700000e-04  1.58220707e-07 
 3.86800000e-04  1.58042702e-07 
 3.86900000e-04  1.57919725e-07 
 3.87000000e-04  1.57853400e-07 
 3.87100000e-04  1.69131675e-07 
 3.87200000e-04  1.68856967e-07 
 3.87300000e-04  1.68770583e-07 
 3.87400000e-04  1.68697415e-07 
 3.87500000e-04  1.68654094e-07 
 3.87600000e-04  1.54891514e-07 
 3.87700000e-04  1.54438129e-07 
 3.87800000e-04  1.54199346e-07 
 3.87900000e-04  1.54018612e-07 
 3.88000000e-04  1.53897647e-07 
 3.88100000e-04  1.69893865e-07 
 3.88200000e-04  1.69710700e-07 
 3.88300000e-04  1.69627319e-07 
 3.88400000e-04  1.69550949e-07 
 3.88500000e-04  1.69500485e-07 
 3.88600000e-04  1.56945498e-07 
 3.88700000e-04  1.56563534e-07 
 3.88800000e-04  1.56382428e-07 
 3.88900000e-04  1.56248052e-07 
 3.89000000e-04  1.56161766e-07 
 3.89100000e-04  1.69656468e-07 
 3.89200000e-04  1.69424774e-07 
 3.89300000e-04  1.69345136e-07 
 3.89400000e-04  1.69276723e-07 
 3.89500000e-04  1.69241410e-07 
 3.89600000e-04  1.55444952e-07 
 3.89700000e-04  1.55025242e-07 
 3.89800000e-04  1.54783758e-07 
 3.89900000e-04  1.54611723e-07 
 3.90000000e-04  1.54511218e-07 
 3.90100000e-04  1.73697072e-07 
 3.90200000e-04  1.72844024e-07 
 3.90300000e-04  1.72589986e-07 
 3.90400000e-04  1.72376428e-07 
 3.90500000e-04  1.72304848e-07 
 3.90600000e-04  1.67497375e-07 
 3.90700000e-04  1.67139512e-07 
 3.90800000e-04  1.66962359e-07 
 3.90900000e-04  1.66865834e-07 
 3.91000000e-04  1.66852370e-07 
 3.91100000e-04  1.67880959e-07 
 3.91200000e-04  1.66913893e-07 
 3.91300000e-04  1.66662333e-07 
 3.91400000e-04  1.66456098e-07 
 3.91500000e-04  1.66371666e-07 
 3.91600000e-04  1.52880440e-07 
 3.91700000e-04  1.52206352e-07 
 3.91800000e-04  1.51916378e-07 
 3.91900000e-04  1.51700902e-07 
 3.92000000e-04  1.51562164e-07 
 3.92100000e-04  1.67474367e-07 
 3.92200000e-04  1.67293486e-07 
 3.92300000e-04  1.67206216e-07 
 3.92400000e-04  1.67125393e-07 
 3.92500000e-04  1.67083680e-07 
 3.92600000e-04  1.54610149e-07 
 3.92700000e-04  1.54214396e-07 
 3.92800000e-04  1.54014765e-07 
 3.92900000e-04  1.53878731e-07 
 3.93000000e-04  1.53808184e-07 
 3.93100000e-04  1.67185584e-07 
 3.93200000e-04  1.66967608e-07 
 3.93300000e-04  1.66894304e-07 
 3.93400000e-04  1.66831171e-07 
 3.93500000e-04  1.66808702e-07 
 3.93600000e-04  1.53100204e-07 
 3.93700000e-04  1.52665314e-07 
 3.93800000e-04  1.52419338e-07 
 3.93900000e-04  1.52241519e-07 
 3.94000000e-04  1.52133891e-07 
 3.94100000e-04  1.68558802e-07 
 3.94200000e-04  1.68271824e-07 
 3.94300000e-04  1.68161817e-07 
 3.94400000e-04  1.68063941e-07 
 3.94500000e-04  1.68028108e-07 
 3.94600000e-04  1.56857215e-07 
 3.94700000e-04  1.56470167e-07 
 3.94800000e-04  1.56261699e-07 
 3.94900000e-04  1.56123883e-07 
 3.95000000e-04  1.56058832e-07 
 3.95100000e-04  1.67248093e-07 
 3.95200000e-04  1.67000266e-07 
 3.95300000e-04  1.66911740e-07 
 3.95400000e-04  1.66833880e-07 
 3.95500000e-04  1.66806518e-07 
 3.95600000e-04  1.53133188e-07 
 3.95700000e-04  1.52661783e-07 
 3.95800000e-04  1.52422742e-07 
 3.95900000e-04  1.52242087e-07 
 3.96000000e-04  1.52121542e-07 
 3.96100000e-04  1.68014366e-07 
 3.96200000e-04  1.67831191e-07 
 3.96300000e-04  1.67754702e-07 
 3.96400000e-04  1.67685887e-07 
 3.96500000e-04  1.67664753e-07 
 3.96600000e-04  1.55189129e-07 
 3.96700000e-04  1.54786047e-07 
 3.96800000e-04  1.54595442e-07 
 3.96900000e-04  1.54457249e-07 
 3.97000000e-04  1.54373003e-07 
 3.97100000e-04  1.67773034e-07 
 3.97200000e-04  1.67556176e-07 
 3.97300000e-04  1.67483047e-07 
 3.97400000e-04  1.67420037e-07 
 3.97500000e-04  1.67384849e-07 
 3.97600000e-04  1.53673208e-07 
 3.97700000e-04  1.53243756e-07 
 3.97800000e-04  1.53014088e-07 
 3.97900000e-04  1.52838819e-07 
 3.98000000e-04  1.52719542e-07 
 3.98100000e-04  1.69684926e-07 
 3.98200000e-04  1.69279359e-07 
 3.98300000e-04  1.69156594e-07 
 3.98400000e-04  1.69053389e-07 
 3.98500000e-04  1.68994429e-07 
 3.98600000e-04  1.59101312e-07 
 3.98700000e-04  1.58708181e-07 
 3.98800000e-04  1.58509918e-07 
 3.98900000e-04  1.58384713e-07 
 3.99000000e-04  1.58334750e-07 
 3.99100000e-04  1.67374720e-07 
 3.99200000e-04  1.67082024e-07 
 3.99300000e-04  1.66976813e-07 
 3.99400000e-04  1.66884129e-07 
 3.99500000e-04  1.66842013e-07 
 3.99600000e-04  1.53206304e-07 
 3.99700000e-04  1.52693837e-07 
 3.99800000e-04  1.52444676e-07 
 3.99900000e-04  1.52253960e-07 
 4.00000000e-04  1.52123411e-07 
 4.00100000e-04  1.68029601e-07 
 4.00200000e-04  1.67848470e-07 
 4.00300000e-04  1.67764099e-07 
 4.00400000e-04  1.67686521e-07 
 4.00500000e-04  1.67646794e-07 
 4.00600000e-04  1.55193101e-07 
 4.00700000e-04  1.54806848e-07 
 4.00800000e-04  1.54606007e-07 
 4.00900000e-04  1.54462888e-07 
 4.01000000e-04  1.54379189e-07 
 4.01100000e-04  1.67781190e-07 
 4.01200000e-04  1.67561463e-07 
 4.01300000e-04  1.67490463e-07 
 4.01400000e-04  1.67430158e-07 
 4.01500000e-04  1.67395915e-07 
 4.01600000e-04  1.53663607e-07 
 4.01700000e-04  1.53227206e-07 
 4.01800000e-04  1.53004967e-07 
 4.01900000e-04  1.52833834e-07 
 4.02000000e-04  1.52715291e-07 
 4.02100000e-04  1.69171671e-07 
 4.02200000e-04  1.68875047e-07 
 4.02300000e-04  1.68771022e-07 
 4.02400000e-04  1.68680629e-07 
 4.02500000e-04  1.68622157e-07 
 4.02600000e-04  1.57425581e-07 
 4.02700000e-04  1.57040173e-07 
 4.02800000e-04  1.56849597e-07 
 4.02900000e-04  1.56717983e-07 
 4.03000000e-04  1.56647065e-07 
 4.03100000e-04  1.67871648e-07 
 4.03200000e-04  1.67602158e-07 
 4.03300000e-04  1.67523834e-07 
 4.03400000e-04  1.67459120e-07 
 4.03500000e-04  1.67418500e-07 
 4.03600000e-04  1.53717700e-07 
 4.03700000e-04  1.53257404e-07 
 4.03800000e-04  1.53009352e-07 
 4.03900000e-04  1.52823917e-07 
 4.04000000e-04  1.52702945e-07 
 4.04100000e-04  1.68631430e-07 
 4.04200000e-04  1.68463381e-07 
 4.04300000e-04  1.68378580e-07 
 4.04400000e-04  1.68299015e-07 
 4.04500000e-04  1.68256160e-07 
 4.04600000e-04  1.55751563e-07 
 4.04700000e-04  1.55394820e-07 
 4.04800000e-04  1.55190468e-07 
 4.04900000e-04  1.55043220e-07 
 4.05000000e-04  1.54954751e-07 
 4.05100000e-04  1.68409288e-07 
 4.05200000e-04  1.68169451e-07 
 4.05300000e-04  1.68095726e-07 
 4.05400000e-04  1.68034699e-07 
 4.05500000e-04  1.68000839e-07 
 4.05600000e-04  1.54257266e-07 
 4.05700000e-04  1.53828495e-07 
 4.05800000e-04  1.53593205e-07 
 4.05900000e-04  1.53417258e-07 
 4.06000000e-04  1.53302402e-07 
 4.06100000e-04  1.70835755e-07 
 4.06200000e-04  1.70325972e-07 
 4.06300000e-04  1.70163896e-07 
 4.06400000e-04  1.70024870e-07 
 4.06500000e-04  1.69968409e-07 
 4.06600000e-04  1.61340994e-07 
 4.06700000e-04  1.60967420e-07 
 4.06800000e-04  1.60764885e-07 
 4.06900000e-04  1.60642304e-07 
 4.07000000e-04  1.60602077e-07 
 4.07100000e-04  1.67646272e-07 
 4.07200000e-04  1.67266791e-07 
 4.07300000e-04  1.67121277e-07 
 4.07400000e-04  1.66990837e-07 
 4.07500000e-04  1.66924848e-07 
 4.07600000e-04  1.53304686e-07 
 4.07700000e-04  1.52752416e-07 
 4.07800000e-04  1.52489201e-07 
 4.07900000e-04  1.52290463e-07 
 4.08000000e-04  1.52158108e-07 
 4.08100000e-04  1.68056988e-07 
 4.08200000e-04  1.67870217e-07 
 4.08300000e-04  1.67792182e-07 
 4.08400000e-04  1.67721921e-07 
 4.08500000e-04  1.67695873e-07 
 4.08600000e-04  1.55189484e-07 
 4.08700000e-04  1.54802093e-07 
 4.08800000e-04  1.54609603e-07 
 4.08900000e-04  1.54467892e-07 
 4.09000000e-04  1.54378426e-07 
 4.09100000e-04  1.67791167e-07 
 4.09200000e-04  1.67587680e-07 
 4.09300000e-04  1.67505799e-07 
 4.09400000e-04  1.67431842e-07 
 4.09500000e-04  1.67410757e-07 
 4.09600000e-04  1.53680950e-07 
 4.09700000e-04  1.53257041e-07 
 4.09800000e-04  1.53017711e-07 
 4.09900000e-04  1.52838314e-07 
 4.10000000e-04  1.52720613e-07 
 4.10100000e-04  1.69172714e-07 
 4.10200000e-04  1.68870202e-07 
 4.10300000e-04  1.68764248e-07 
 4.10400000e-04  1.68672081e-07 
 4.10500000e-04  1.68621340e-07 
 4.10600000e-04  1.57430976e-07 
 4.10700000e-04  1.57045387e-07 
 4.10800000e-04  1.56854453e-07 
 4.10900000e-04  1.56725395e-07 
 4.11000000e-04  1.56660033e-07 
 4.11100000e-04  1.67876377e-07 
 4.11200000e-04  1.67615575e-07 
 4.11300000e-04  1.67524000e-07 
 4.11400000e-04  1.67443913e-07 
 4.11500000e-04  1.67419529e-07 
 4.11600000e-04  1.53731866e-07 
 4.11700000e-04  1.53268901e-07 
 4.11800000e-04  1.53022187e-07 
 4.11900000e-04  1.52838834e-07 
 4.12000000e-04  1.52720705e-07 
 4.12100000e-04  1.68642064e-07 
 4.12200000e-04  1.68448742e-07 
 4.12300000e-04  1.68379821e-07 
 4.12400000e-04  1.68320279e-07 
 4.12500000e-04  1.68260329e-07 
 4.12600000e-04  1.55753144e-07 
 4.12700000e-04  1.55390985e-07 
 4.12800000e-04  1.55193181e-07 
 4.12900000e-04  1.55047522e-07 
 4.13000000e-04  1.54955515e-07 
 4.13100000e-04  1.68389964e-07 
 4.13200000e-04  1.68189244e-07 
 4.13300000e-04  1.68106589e-07 
 4.13400000e-04  1.68031441e-07 
 4.13500000e-04  1.68013186e-07 
 4.13600000e-04  1.54253286e-07 
 4.13700000e-04  1.53830422e-07 
 4.13800000e-04  1.53596911e-07 
 4.13900000e-04  1.53421352e-07 
 4.14000000e-04  1.53305436e-07 
 4.14100000e-04  1.70319063e-07 
 4.14200000e-04  1.69912260e-07 
 4.14300000e-04  1.69780557e-07 
 4.14400000e-04  1.69667848e-07 
 4.14500000e-04  1.69602991e-07 
 4.14600000e-04  1.59670505e-07 
 4.14700000e-04  1.59286224e-07 
 4.14800000e-04  1.59104811e-07 
 4.14900000e-04  1.58980477e-07 
 4.15000000e-04  1.58914887e-07 
 4.15100000e-04  1.67988993e-07 
 4.15200000e-04  1.67709547e-07 
 4.15300000e-04  1.67603705e-07 
 4.15400000e-04  1.67508711e-07 
 4.15500000e-04  1.67475046e-07 
 4.15600000e-04  1.53788299e-07 
 4.15700000e-04  1.53282520e-07 
 4.15800000e-04  1.53028448e-07 
 4.15900000e-04  1.52840219e-07 
 4.16000000e-04  1.52719775e-07 
 4.16100000e-04  1.68647472e-07 
 4.16200000e-04  1.68473434e-07 
 4.16300000e-04  1.68393856e-07 
 4.16400000e-04  1.68320675e-07 
 4.16500000e-04  1.68282999e-07 
 4.16600000e-04  1.55774029e-07 
 4.16700000e-04  1.55398231e-07 
 4.16800000e-04  1.55200199e-07 
 4.16900000e-04  1.55053286e-07 
 4.17000000e-04  1.54958968e-07 
 4.17100000e-04  1.68421613e-07 
 4.17200000e-04  1.68190913e-07 
 4.17300000e-04  1.68113770e-07 
 4.17400000e-04  1.68048132e-07 
 4.17500000e-04  1.68012373e-07 
 4.17600000e-04  1.54268415e-07 
 4.17700000e-04  1.53816309e-07 
 4.17800000e-04  1.53595539e-07 
 4.17900000e-04  1.53420854e-07 
 4.18000000e-04  1.53293566e-07 
 4.18100000e-04  1.69786112e-07 
 4.18200000e-04  1.69503783e-07 
 4.18300000e-04  1.69395496e-07 
 4.18400000e-04  1.69299033e-07 
 4.18500000e-04  1.69249383e-07 
 4.18600000e-04  1.58025280e-07 
 4.18700000e-04  1.57623927e-07 
 4.18800000e-04  1.57439641e-07 
 4.18900000e-04  1.57309493e-07 
 4.19000000e-04  1.57235046e-07 
 4.19100000e-04  1.68494281e-07 
 4.19200000e-04  1.68229461e-07 
 4.19300000e-04  1.68141002e-07 
 4.19400000e-04  1.68064585e-07 
 4.19500000e-04  1.68031235e-07 
 4.19600000e-04  1.54299537e-07 
 4.19700000e-04  1.53844556e-07 
 4.19800000e-04  1.53599101e-07 
 4.19900000e-04  1.53423313e-07 
 4.20000000e-04  1.53319245e-07 
 4.20100000e-04  1.69269564e-07 
 4.20200000e-04  1.69068495e-07 
 4.20300000e-04  1.68987224e-07 
 4.20400000e-04  1.68915393e-07 
 4.20500000e-04  1.68888975e-07 
 4.20600000e-04  1.56359631e-07 
 4.20700000e-04  1.55968339e-07 
 4.20800000e-04  1.55777924e-07 
 4.20900000e-04  1.55637746e-07 
 4.21000000e-04  1.55549245e-07 
 4.21100000e-04  1.69026489e-07 
 4.21200000e-04  1.68806852e-07 
 4.21300000e-04  1.68724570e-07 
 4.21400000e-04  1.68652073e-07 
 4.21500000e-04  1.68616850e-07 
 4.21600000e-04  1.54852555e-07 
 4.21700000e-04  1.54425928e-07 
 4.21800000e-04  1.54186531e-07 
 4.21900000e-04  1.54008583e-07 
 4.22000000e-04  1.53893879e-07 
 4.22100000e-04  1.71995066e-07 
 4.22200000e-04  1.71390236e-07 
 4.22300000e-04  1.71195667e-07 
 4.22400000e-04  1.71028016e-07 
 4.22500000e-04  1.70949854e-07 
 4.22600000e-04  1.63594798e-07 
 4.22700000e-04  1.63215309e-07 
 4.22800000e-04  1.63032860e-07 
 4.22900000e-04  1.62921186e-07 
 4.23000000e-04  1.62882372e-07 
 4.23100000e-04  1.68295485e-07 
 4.23200000e-04  1.67499950e-07 
 4.23300000e-04  1.67257026e-07 
 4.23400000e-04  1.67051896e-07 
 4.23500000e-04  1.66984437e-07 
 4.23600000e-04  1.53379541e-07 
 4.23700000e-04  1.52782922e-07 
 4.23800000e-04  1.52507782e-07 
 4.23900000e-04  1.52298872e-07 
 4.24000000e-04  1.52158140e-07 
 4.24100000e-04  1.68087938e-07 
 4.24200000e-04  1.67898808e-07 
 4.24300000e-04  1.67811787e-07 
 4.24400000e-04  1.67732174e-07 
 4.24500000e-04  1.67694229e-07 
 4.24600000e-04  1.55203707e-07 
 4.24700000e-04  1.54826087e-07 
 4.24800000e-04  1.54628082e-07 
 4.24900000e-04  1.54480660e-07 
 4.25000000e-04  1.54385273e-07 
 4.25100000e-04  1.67797027e-07 
 4.25200000e-04  1.67579335e-07 
 4.25300000e-04  1.67505558e-07 
 4.25400000e-04  1.67441867e-07 
 4.25500000e-04  1.67412143e-07 
 4.25600000e-04  1.53685240e-07 
 4.25700000e-04  1.53237004e-07 
 4.25800000e-04  1.53013637e-07 
 4.25900000e-04  1.52842500e-07 
 4.26000000e-04  1.52725097e-07 
 4.26100000e-04  1.69185909e-07 
 4.26200000e-04  1.68891517e-07 
 4.26300000e-04  1.68784127e-07 
 4.26400000e-04  1.68689862e-07 
 4.26500000e-04  1.68626625e-07 
 4.26600000e-04  1.57438444e-07 
 4.26700000e-04  1.57058482e-07 
 4.26800000e-04  1.56858740e-07 
 4.26900000e-04  1.56725000e-07 
 4.27000000e-04  1.56659198e-07 
 4.27100000e-04  1.67869639e-07 
 4.27200000e-04  1.67609130e-07 
 4.27300000e-04  1.67528270e-07 
 4.27400000e-04  1.67459592e-07 
 4.27500000e-04  1.67433856e-07 
 4.27600000e-04  1.53715878e-07 
 4.27700000e-04  1.53251659e-07 
 4.27800000e-04  1.53012374e-07 
 4.27900000e-04  1.52835177e-07 
 4.28000000e-04  1.52721878e-07 
 4.28100000e-04  1.68635598e-07 
 4.28200000e-04  1.68465546e-07 
 4.28300000e-04  1.68383770e-07 
 4.28400000e-04  1.68307965e-07 
 4.28500000e-04  1.68268820e-07 
 4.28600000e-04  1.55770751e-07 
 4.28700000e-04  1.55372739e-07 
 4.28800000e-04  1.55187378e-07 
 4.28900000e-04  1.55046045e-07 
 4.29000000e-04  1.54949976e-07 
 4.29100000e-04  1.68394232e-07 
 4.29200000e-04  1.68188304e-07 
 4.29300000e-04  1.68110041e-07 
 4.29400000e-04  1.68040271e-07 
 4.29500000e-04  1.68002318e-07 
 4.29600000e-04  1.54261238e-07 
 4.29700000e-04  1.53816480e-07 
 4.29800000e-04  1.53596354e-07 
 4.29900000e-04  1.53422183e-07 
 4.30000000e-04  1.53295261e-07 
 4.30100000e-04  1.70316414e-07 
 4.30200000e-04  1.69911846e-07 
 4.30300000e-04  1.69777197e-07 
 4.30400000e-04  1.69661114e-07 
 4.30500000e-04  1.69609770e-07 
 4.30600000e-04  1.59677283e-07 
 4.30700000e-04  1.59291306e-07 
 4.30800000e-04  1.59107298e-07 
 4.30900000e-04  1.58985269e-07 
 4.31000000e-04  1.58927019e-07 
 4.31100000e-04  1.67984840e-07 
 4.31200000e-04  1.67693126e-07 
 4.31300000e-04  1.67589179e-07 
 4.31400000e-04  1.67497530e-07 
 4.31500000e-04  1.67467123e-07 
 4.31600000e-04  1.53800043e-07 
 4.31700000e-04  1.53292885e-07 
 4.31800000e-04  1.53036581e-07 
 4.31900000e-04  1.52850410e-07 
 4.32000000e-04  1.52736433e-07 
 4.32100000e-04  1.68654224e-07 
 4.32200000e-04  1.68475539e-07 
 4.32300000e-04  1.68392383e-07 
 4.32400000e-04  1.68315564e-07 
 4.32500000e-04  1.68273599e-07 
 4.32600000e-04  1.55757615e-07 
 4.32700000e-04  1.55386679e-07 
 4.32800000e-04  1.55195283e-07 
 4.32900000e-04  1.55057570e-07 
 4.33000000e-04  1.54975080e-07 
 4.33100000e-04  1.68416618e-07 
 4.33200000e-04  1.68198218e-07 
 4.33300000e-04  1.68113878e-07 
 4.33400000e-04  1.68038904e-07 
 4.33500000e-04  1.68010015e-07 
 4.33600000e-04  1.54246293e-07 
 4.33700000e-04  1.53843946e-07 
 4.33800000e-04  1.53608644e-07 
 4.33900000e-04  1.53428863e-07 
 4.34000000e-04  1.53306193e-07 
 4.34100000e-04  1.69784486e-07 
 4.34200000e-04  1.69500916e-07 
 4.34300000e-04  1.69393784e-07 
 4.34400000e-04  1.69298597e-07 
 4.34500000e-04  1.69253747e-07 
 4.34600000e-04  1.58019670e-07 
 4.34700000e-04  1.57641283e-07 
 4.34800000e-04  1.57444019e-07 
 4.34900000e-04  1.57309700e-07 
 4.35000000e-04  1.57240155e-07 
 4.35100000e-04  1.68482707e-07 
 4.35200000e-04  1.68238445e-07 
 4.35300000e-04  1.68145591e-07 
 4.35400000e-04  1.68062483e-07 
 4.35500000e-04  1.68035022e-07 
 4.35600000e-04  1.54320537e-07 
 4.35700000e-04  1.53844693e-07 
 4.35800000e-04  1.53605519e-07 
 4.35900000e-04  1.53428040e-07 
 4.36000000e-04  1.53314048e-07 
 4.36100000e-04  1.69268223e-07 
 4.36200000e-04  1.69072178e-07 
 4.36300000e-04  1.68989153e-07 
 4.36400000e-04  1.68914841e-07 
 4.36500000e-04  1.68877291e-07 
 4.36600000e-04  1.56361986e-07 
 4.36700000e-04  1.55968903e-07 
 4.36800000e-04  1.55771701e-07 
 4.36900000e-04  1.55630900e-07 
 4.37000000e-04  1.55548125e-07 
 4.37100000e-04  1.69025221e-07 
 4.37200000e-04  1.68802126e-07 
 4.37300000e-04  1.68721768e-07 
 4.37400000e-04  1.68651719e-07 
 4.37500000e-04  1.68629796e-07 
 4.37600000e-04  1.54848715e-07 
 4.37700000e-04  1.54421491e-07 
 4.37800000e-04  1.54190505e-07 
 4.37900000e-04  1.54013213e-07 
 4.38000000e-04  1.53891147e-07 
 4.38100000e-04  1.71459254e-07 
 4.38200000e-04  1.70946521e-07 
 4.38300000e-04  1.70787790e-07 
 4.38400000e-04  1.70653087e-07 
 4.38500000e-04  1.70580128e-07 
 4.38600000e-04  1.61936469e-07 
 4.38700000e-04  1.61553484e-07 
 4.38800000e-04  1.61369036e-07 
 4.38900000e-04  1.61247226e-07 
 4.39000000e-04  1.61189874e-07 
 4.39100000e-04  1.68281304e-07 
 4.39200000e-04  1.67878245e-07 
 4.39300000e-04  1.67731948e-07 
 4.39400000e-04  1.67603053e-07 
 4.39500000e-04  1.67556183e-07 
 4.39600000e-04  1.53898515e-07 
 4.39700000e-04  1.53354779e-07 
 4.39800000e-04  1.53088325e-07 
 4.39900000e-04  1.52889616e-07 
 4.40000000e-04  1.52760627e-07 
 4.40100000e-04  1.68691099e-07 
 4.40200000e-04  1.68506140e-07 
 4.40300000e-04  1.68422790e-07 
 4.40400000e-04  1.68346541e-07 
 4.40500000e-04  1.68306147e-07 
 4.40600000e-04  1.55774088e-07 
 4.40700000e-04  1.55399605e-07 
 4.40800000e-04  1.55198247e-07 
 4.40900000e-04  1.55054517e-07 
 4.41000000e-04  1.54970067e-07 
 4.41100000e-04  1.68413310e-07 
 4.41200000e-04  1.68207021e-07 
 4.41300000e-04  1.68135277e-07 
 4.41400000e-04  1.68072462e-07 
 4.41500000e-04  1.68030216e-07 
 4.41600000e-04  1.54273546e-07 
 4.41700000e-04  1.53842803e-07 
 4.41800000e-04  1.53610241e-07 
 4.41900000e-04  1.53436275e-07 
 4.42000000e-04  1.53322418e-07 
 4.42100000e-04  1.71994783e-07 
 4.42200000e-04  1.71228973e-07 
 4.42300000e-04  1.70971900e-07 
 4.42400000e-04  1.70870847e-07 
 4.42500000e-04  1.70820208e-07 
 4.42600000e-04  1.59132970e-07 
 4.42700000e-04  1.58577596e-07 
 4.42800000e-04  1.58337944e-07 
 4.42900000e-04  1.58159018e-07 
 4.43000000e-04  1.58041946e-07 
 4.43100000e-04  1.03755414e-04 
 4.43200000e-04  1.03754975e-04 
 4.43300000e-04  1.03754842e-04 
 4.43400000e-04  1.03754727e-04 
 4.43500000e-04  1.03754695e-04 
 4.43600000e-04  1.03740967e-04 
 4.43700000e-04  1.03740489e-04 
 4.43800000e-04  1.03740241e-04 
 4.43900000e-04  1.03740056e-04 
 4.44000000e-04  1.03739937e-04 
 4.44100000e-04  1.70428753e-07 
 4.44200000e-04  1.70189451e-07 
 4.44300000e-04  1.70101190e-07 
 4.44400000e-04  1.70024042e-07 
 4.44500000e-04  1.69981086e-07 
 4.44600000e-04  1.57440297e-07 
 4.44700000e-04  1.57047525e-07 
 4.44800000e-04  1.56859055e-07 
 4.44900000e-04  1.56730436e-07 
 4.45000000e-04  1.56663390e-07 
 4.45100000e-04  1.70179736e-07 
 4.45200000e-04  1.69944240e-07 
 4.45300000e-04  1.69865241e-07 
 4.45400000e-04  1.69797980e-07 
 4.45500000e-04  1.69771036e-07 
 4.45600000e-04  1.55922020e-07 
 4.45700000e-04  1.55512670e-07 
 4.45800000e-04  1.55278467e-07 
 4.45900000e-04  1.55104033e-07 
 4.46000000e-04  1.54991088e-07 
 4.46100000e-04  1.72101082e-07 
 4.46200000e-04  1.71676629e-07 
 4.46300000e-04  1.71540490e-07 
 4.46400000e-04  1.71425021e-07 
 4.46500000e-04  1.71352325e-07 
 4.46600000e-04  1.61341354e-07 
 4.46700000e-04  1.60970855e-07 
 4.46800000e-04  1.60788099e-07 
 4.46900000e-04  1.60671952e-07 
 4.47000000e-04  1.60624349e-07 
 4.47100000e-04  1.69775056e-07 
 4.47200000e-04  1.69457712e-07 
 4.47300000e-04  1.69358614e-07 
 4.47400000e-04  1.69274612e-07 
 4.47500000e-04  1.69218126e-07 
 4.47600000e-04  1.55458204e-07 
 4.47700000e-04  1.54958616e-07 
 4.47800000e-04  1.54720301e-07 
 4.47900000e-04  1.54537112e-07 
 4.48000000e-04  1.54410618e-07 
 4.48100000e-04  1.70442695e-07 
 4.48200000e-04  1.70251598e-07 
 4.48300000e-04  1.70162177e-07 
 4.48400000e-04  1.70080212e-07 
 4.48500000e-04  1.70038688e-07 
 4.48600000e-04  1.57437059e-07 
 4.48700000e-04  1.57057317e-07 
 4.48800000e-04  1.56873733e-07 
 4.48900000e-04  1.56737218e-07 
 4.49000000e-04  1.56649083e-07 
 4.49100000e-04  1.70181666e-07 
 4.49200000e-04  1.69951912e-07 
 4.49300000e-04  1.69873957e-07 
 4.49400000e-04  1.69806872e-07 
 4.49500000e-04  1.69773407e-07 
 4.49600000e-04  1.55906452e-07 
 4.49700000e-04  1.55491371e-07 
 4.49800000e-04  1.55267316e-07 
 4.49900000e-04  1.55096479e-07 
 4.50000000e-04  1.54980366e-07 
 4.50100000e-04  1.71552883e-07 
 4.50200000e-04  1.71256532e-07 
 4.50300000e-04  1.71141518e-07 
 4.50400000e-04  1.71038471e-07 
 4.50500000e-04  1.70984417e-07 
 4.50600000e-04  1.59673443e-07 
 4.50700000e-04  1.59297738e-07 
 4.50800000e-04  1.59116267e-07 
 4.50900000e-04  1.58993910e-07 
 4.51000000e-04  1.58932355e-07 
 4.51100000e-04  1.70270514e-07 
 4.51200000e-04  1.69995979e-07 
 4.51300000e-04  1.69899241e-07 
 4.51400000e-04  1.69814573e-07 
 4.51500000e-04  1.69784405e-07 
 4.51600000e-04  1.55960860e-07 
 4.51700000e-04  1.55521759e-07 
 4.51800000e-04  1.55280220e-07 
 4.51900000e-04  1.55103722e-07 
 4.52000000e-04  1.54994144e-07 
 4.52100000e-04  1.71035129e-07 
 4.52200000e-04  1.70838747e-07 
 4.52300000e-04  1.70753073e-07 
 4.52400000e-04  1.70675652e-07 
 4.52500000e-04  1.70636996e-07 
 4.52600000e-04  1.57998223e-07 
 4.52700000e-04  1.57632788e-07 
 4.52800000e-04  1.57452711e-07 
 4.52900000e-04  1.57322363e-07 
 4.53000000e-04  1.57243139e-07 
 4.53100000e-04  1.70791330e-07 
 4.53200000e-04  1.70569478e-07 
 4.53300000e-04  1.70486082e-07 
 4.53400000e-04  1.70412304e-07 
 4.53500000e-04  1.70375847e-07 
 4.53600000e-04  1.56507706e-07 
 4.53700000e-04  1.56087875e-07 
 4.53800000e-04  1.55872929e-07 
 4.53900000e-04  1.55704454e-07 
 4.54000000e-04  1.55583738e-07 
 4.54100000e-04  1.74306802e-07 
 4.54200000e-04  1.73559504e-07 
 4.54300000e-04  1.73328990e-07 
 4.54400000e-04  1.73133416e-07 
 4.54500000e-04  1.73055482e-07 
 4.54600000e-04  1.66907493e-07 
 4.54700000e-04  1.66533522e-07 
 4.54800000e-04  1.66371112e-07 
 4.54900000e-04  1.66277541e-07 
 4.55000000e-04  1.66254807e-07 
 4.55100000e-04  1.69582446e-07 
 4.55200000e-04  1.68627172e-07 
 4.55300000e-04  1.68380488e-07 
 4.55400000e-04  1.68179200e-07 
 4.55500000e-04  1.68084807e-07 
 4.55600000e-04  1.54470741e-07 
 4.55700000e-04  1.53859915e-07 
 4.55800000e-04  1.53574065e-07 
 4.55900000e-04  1.53367267e-07 
 4.56000000e-04  1.53241842e-07 
 4.56100000e-04  1.69227101e-07 
 4.56200000e-04  1.69030331e-07 
 4.56300000e-04  1.68946261e-07 
 4.56400000e-04  1.68870617e-07 
 4.56500000e-04  1.68834397e-07 
 4.56600000e-04  1.56253046e-07 
 4.56700000e-04  1.55879633e-07 
 4.56800000e-04  1.55692758e-07 
 4.56900000e-04  1.55552415e-07 
 4.57000000e-04  1.55459897e-07 
 4.57100000e-04  1.68954163e-07 
 4.57200000e-04  1.68733486e-07 
 4.57300000e-04  1.68652297e-07 
 4.57400000e-04  1.68580991e-07 
 4.57500000e-04  1.68541028e-07 
 4.57600000e-04  1.54748938e-07 
 4.57700000e-04  1.54326472e-07 
 4.57800000e-04  1.54101336e-07 
 4.57900000e-04  1.53929853e-07 
 4.58000000e-04  1.53813534e-07 
 4.58100000e-04  1.70327178e-07 
 4.58200000e-04  1.70014939e-07 
 4.58300000e-04  1.69905162e-07 
 4.58400000e-04  1.69809978e-07 
 4.58500000e-04  1.69776157e-07 
 4.58600000e-04  1.58519017e-07 
 4.58700000e-04  1.58122963e-07 
 4.58800000e-04  1.57928704e-07 
 4.58900000e-04  1.57802139e-07 
 4.59000000e-04  1.57745042e-07 
 4.59100000e-04  1.70938493e-07 
 4.59200000e-04  1.70288129e-07 
 4.59300000e-04  1.70068640e-07 
 4.59400000e-04  1.69970223e-07 
 4.59500000e-04  1.69910927e-07 
 4.59600000e-04  1.55655900e-07 
 4.59700000e-04  1.55031494e-07 
 4.59800000e-04  1.54756033e-07 
 4.59900000e-04  1.54563140e-07 
 4.60000000e-04  1.54454394e-07 
 4.60100000e-04  1.03756714e-04 
 4.60200000e-04  1.03756342e-04 
 4.60300000e-04  1.03756212e-04 
 4.60400000e-04  1.03756098e-04 
 4.60500000e-04  1.03756054e-04 
 4.60600000e-04  1.03743493e-04 
 4.60700000e-04  1.03743101e-04 
 4.60800000e-04  1.03742910e-04 
 4.60900000e-04  1.03742767e-04 
 4.61000000e-04  1.03742674e-04 
 4.61100000e-04  1.70711212e-07 
 4.61200000e-04  1.70445104e-07 
 4.61300000e-04  1.70353082e-07 
 4.61400000e-04  1.70273418e-07 
 4.61500000e-04  1.70242818e-07 
 4.61600000e-04  1.56426301e-07 
 4.61700000e-04  1.55992274e-07 
 4.61800000e-04  1.55765079e-07 
 4.61900000e-04  1.55596741e-07 
 4.62000000e-04  1.55488934e-07 
 4.62100000e-04  1.72616547e-07 
 4.62200000e-04  1.72207177e-07 
 4.62300000e-04  1.72061333e-07 
 4.62400000e-04  1.71933648e-07 
 4.62500000e-04  1.71872625e-07 
 4.62600000e-04  1.61843932e-07 
 4.62700000e-04  1.61460331e-07 
 4.62800000e-04  1.61274915e-07 
 4.62900000e-04  1.61152285e-07 
 4.63000000e-04  1.61094235e-07 
 4.63100000e-04  1.70293052e-07 
 4.63200000e-04  1.69993141e-07 
 4.63300000e-04  1.69880369e-07 
 4.63400000e-04  1.69779699e-07 
 4.63500000e-04  1.69725277e-07 
 4.63600000e-04  1.55944561e-07 
 4.63700000e-04  1.55453632e-07 
 4.63800000e-04  1.55210624e-07 
 4.63900000e-04  1.55028828e-07 
 4.64000000e-04  1.54909987e-07 
 4.64100000e-04  1.70954666e-07 
 4.64200000e-04  1.70765468e-07 
 4.64300000e-04  1.70675521e-07 
 4.64400000e-04  1.70592553e-07 
 4.64500000e-04  1.70555109e-07 
 4.64600000e-04  1.57897599e-07 
 4.64700000e-04  1.57560742e-07 
 4.64800000e-04  1.57365550e-07 
 4.64900000e-04  1.57228262e-07 
 4.65000000e-04  1.57150520e-07 
 4.65100000e-04  1.70703315e-07 
 4.65200000e-04  1.70462115e-07 
 4.65300000e-04  1.70375944e-07 
 4.65400000e-04  1.70301253e-07 
 4.65500000e-04  1.70282136e-07 
 4.65600000e-04  1.56407485e-07 
 4.65700000e-04  1.55984088e-07 
 4.65800000e-04  1.55761640e-07 
 4.65900000e-04  1.55591140e-07 
 4.66000000e-04  1.55474041e-07 
 4.66100000e-04  1.72074360e-07 
 4.66200000e-04  1.71766948e-07 
 4.66300000e-04  1.71656979e-07 
 4.66400000e-04  1.71560804e-07 
 4.66500000e-04  1.71522420e-07 
 4.66600000e-04  1.60161698e-07 
 4.66700000e-04  1.59790491e-07 
 4.66800000e-04  1.59606963e-07 
 4.66900000e-04  1.59480193e-07 
 4.67000000e-04  1.59411783e-07 
 4.67100000e-04  1.70774813e-07 
 4.67200000e-04  1.70522254e-07 
 4.67300000e-04  1.70429941e-07 
 4.67400000e-04  1.70347988e-07 
 4.67500000e-04  1.70291099e-07 
 4.67600000e-04  1.56452547e-07 
 4.67700000e-04  1.55995144e-07 
 4.67800000e-04  1.55757182e-07 
 4.67900000e-04  1.55581935e-07 
 4.68000000e-04  1.55471195e-07 
 4.68100000e-04  1.71562615e-07 
 4.68200000e-04  1.71365406e-07 
 4.68300000e-04  1.71273810e-07 
 4.68400000e-04  1.71190117e-07 
 4.68500000e-04  1.71139910e-07 
 4.68600000e-04  1.58498632e-07 
 4.68700000e-04  1.58127572e-07 
 4.68800000e-04  1.57943843e-07 
 4.68900000e-04  1.57808630e-07 
 4.69000000e-04  1.57723271e-07 
 4.69100000e-04  1.71307168e-07 
 4.69200000e-04  1.71072385e-07 
 4.69300000e-04  1.70989320e-07 
 4.69400000e-04  1.70917011e-07 
 4.69500000e-04  1.70886696e-07 
 4.69600000e-04  1.56969973e-07 
 4.69700000e-04  1.56579111e-07 
 4.69800000e-04  1.56349067e-07 
 4.69900000e-04  1.56179287e-07 
 4.70000000e-04  1.56071479e-07 
 4.70100000e-04  1.73754379e-07 
 4.70200000e-04  1.73246528e-07 
 4.70300000e-04  1.73076045e-07 
 4.70400000e-04  1.72927557e-07 
 4.70500000e-04  1.72859018e-07 
 4.70600000e-04  1.64054793e-07 
 4.70700000e-04  1.63693364e-07 
 4.70800000e-04  1.63525459e-07 
 4.70900000e-04  1.63416545e-07 
 4.71000000e-04  1.63368291e-07 
 4.71100000e-04  1.70571302e-07 
 4.71200000e-04  1.70161145e-07 
 4.71300000e-04  1.70008946e-07 
 4.71400000e-04  1.69874371e-07 
 4.71500000e-04  1.69817322e-07 
 4.71600000e-04  1.56031030e-07 
 4.71700000e-04  1.55498329e-07 
 4.71800000e-04  1.55246917e-07 
 4.71900000e-04  1.55053971e-07 
 4.72000000e-04  1.54920940e-07 
 4.72100000e-04  1.72914040e-07 
 4.72200000e-04  1.72367948e-07 
 4.72300000e-04  1.72188373e-07 
 4.72400000e-04  1.72098380e-07 
 4.72500000e-04  1.72037335e-07 
 4.72600000e-04  1.58947375e-07 
 4.72700000e-04  1.58405520e-07 
 4.72800000e-04  1.58167394e-07 
 4.72900000e-04  1.57988089e-07 
 4.73000000e-04  1.57868659e-07 
 4.73100000e-04  1.03757643e-04 
 4.73200000e-04  1.03757221e-04 
 4.73300000e-04  1.03757093e-04 
 4.73400000e-04  1.03756985e-04 
 4.73500000e-04  1.03756947e-04 
 4.73600000e-04  1.03743088e-04 
 4.73700000e-04  1.03742634e-04 
 4.73800000e-04  1.03742398e-04 
 4.73900000e-04  1.03742227e-04 
 4.74000000e-04  1.03742120e-04 
 4.74100000e-04  1.73257760e-07 
 4.74200000e-04  1.72892737e-07 
 4.74300000e-04  1.72772426e-07 
 4.74400000e-04  1.72669628e-07 
 4.74500000e-04  1.72607334e-07 
 4.74600000e-04  1.61262306e-07 
 4.74700000e-04  1.60877127e-07 
 4.74800000e-04  1.60690959e-07 
 4.74900000e-04  1.60563720e-07 
 4.75000000e-04  1.60497073e-07 
 4.75100000e-04  1.71930951e-07 
 4.75200000e-04  1.71666769e-07 
 4.75300000e-04  1.71565828e-07 
 4.75400000e-04  1.71475395e-07 
 4.75500000e-04  1.71435702e-07 
 4.75600000e-04  1.57530761e-07 
 4.75700000e-04  1.57096893e-07 
 4.75800000e-04  1.56863079e-07 
 4.75900000e-04  1.56690004e-07 
 4.76000000e-04  1.56579389e-07 
 4.76100000e-04  1.72699367e-07 
 4.76200000e-04  1.72506621e-07 
 4.76300000e-04  1.72411354e-07 
 4.76400000e-04  1.72322644e-07 
 4.76500000e-04  1.72293928e-07 
 4.76600000e-04  1.59564537e-07 
 4.76700000e-04  1.59214008e-07 
 4.76800000e-04  1.59027890e-07 
 4.76900000e-04  1.58893542e-07 
 4.77000000e-04  1.58812401e-07 
 4.77100000e-04  1.72469303e-07 
 4.77200000e-04  1.72221832e-07 
 4.77300000e-04  1.72134753e-07 
 4.77400000e-04  1.72059715e-07 
 4.77500000e-04  1.72037687e-07 
 4.77600000e-04  1.58062797e-07 
 4.77700000e-04  1.57643922e-07 
 4.77800000e-04  1.57432798e-07 
 4.77900000e-04  1.57268946e-07 
 4.78000000e-04  1.57153661e-07 
 4.78100000e-04  1.74375533e-07 
 4.78200000e-04  1.73963443e-07 
 4.78300000e-04  1.73810609e-07 
 4.78400000e-04  1.73675092e-07 
 4.78500000e-04  1.73611975e-07 
 4.78600000e-04  1.63475721e-07 
 4.78700000e-04  1.63122306e-07 
 4.78800000e-04  1.62937835e-07 
 4.78900000e-04  1.62822730e-07 
 4.79000000e-04  1.62778981e-07 
 4.79100000e-04  1.72065705e-07 
 4.79200000e-04  1.71734167e-07 
 4.79300000e-04  1.71622137e-07 
 4.79400000e-04  1.71525212e-07 
 4.79500000e-04  1.71475642e-07 
 4.79600000e-04  1.57589437e-07 
 4.79700000e-04  1.57095988e-07 
 4.79800000e-04  1.56859251e-07 
 4.79900000e-04  1.56688093e-07 
 4.80000000e-04  1.56584381e-07 
 4.80100000e-04  1.72725252e-07 
 4.80200000e-04  1.72518014e-07 
 4.80300000e-04  1.72428414e-07 
 4.80400000e-04  1.72347556e-07 
 4.80500000e-04  1.72286809e-07 
 4.80600000e-04  1.59557443e-07 
 4.80700000e-04  1.59203266e-07 
 4.80800000e-04  1.59028050e-07 
 4.80900000e-04  1.58899026e-07 
 4.81000000e-04  1.58817446e-07 
 4.81100000e-04  1.72468251e-07 
 4.81200000e-04  1.72224436e-07 
 4.81300000e-04  1.72133570e-07 
 4.81400000e-04  1.72053989e-07 
 4.81500000e-04  1.72018802e-07 
 4.81600000e-04  1.58049353e-07 
 4.81700000e-04  1.57658743e-07 
 4.81800000e-04  1.57435983e-07 
 4.81900000e-04  1.57269059e-07 
 4.82000000e-04  1.57159530e-07 
 4.82100000e-04  1.73848382e-07 
 4.82200000e-04  1.73530101e-07 
 4.82300000e-04  1.73405691e-07 
 4.82400000e-04  1.73294567e-07 
 4.82500000e-04  1.73247093e-07 
 4.82600000e-04  1.61801984e-07 
 4.82700000e-04  1.61451872e-07 
 4.82800000e-04  1.61281959e-07 
 4.82900000e-04  1.61161510e-07 
 4.83000000e-04  1.61091879e-07 
 4.83100000e-04  1.72543158e-07 
 4.83200000e-04  1.72266407e-07 
 4.83300000e-04  1.72177806e-07 
 4.83400000e-04  1.72102100e-07 
 4.83500000e-04  1.72043627e-07 
 4.83600000e-04  1.58091426e-07 
 4.83700000e-04  1.57650166e-07 
 4.83800000e-04  1.57423169e-07 
 4.83900000e-04  1.57259095e-07 
 4.84000000e-04  1.57159729e-07 
 4.84100000e-04  1.73319331e-07 
 4.84200000e-04  1.73113629e-07 
 4.84300000e-04  1.73024758e-07 
 4.84400000e-04  1.72944173e-07 
 4.84500000e-04  1.72891609e-07 
 4.84600000e-04  1.60141306e-07 
 4.84700000e-04  1.59783849e-07 
 4.84800000e-04  1.59605882e-07 
 4.84900000e-04  1.59480152e-07 
 4.85000000e-04  1.59408106e-07 
 4.85100000e-04  1.73086763e-07 
 4.85200000e-04  1.72831218e-07 
 4.85300000e-04  1.72747949e-07 
 4.85400000e-04  1.72677529e-07 
 4.85500000e-04  1.72631222e-07 
 4.85600000e-04  1.58641517e-07 
 4.85700000e-04  1.58224430e-07 
 4.85800000e-04  1.58015285e-07 
 4.85900000e-04  1.57859020e-07 
 4.86000000e-04  1.57757096e-07 
 4.86100000e-04  1.76057040e-07 
 4.86200000e-04  1.75414252e-07 
 4.86300000e-04  1.75210328e-07 
 4.86400000e-04  1.75036110e-07 
 4.86500000e-04  1.74972047e-07 
 4.86600000e-04  1.67377119e-07 
 4.86700000e-04  1.67020825e-07 
 4.86800000e-04  1.66863372e-07 
 4.86900000e-04  1.66764797e-07 
 4.87000000e-04  1.66726753e-07 
 4.87100000e-04  1.72343986e-07 
 4.87200000e-04  1.71549143e-07 
 4.87300000e-04  1.71293110e-07 
 4.87400000e-04  1.71073026e-07 
 4.87500000e-04  1.70973664e-07 
 4.87600000e-04  1.57167220e-07 
 4.87700000e-04  1.56589544e-07 
 4.87800000e-04  1.56332671e-07 
 4.87900000e-04  1.56142801e-07 
 4.88000000e-04  1.56021848e-07 
 4.88100000e-04  1.72151453e-07 
 4.88200000e-04  1.71929145e-07 
 4.88300000e-04  1.71834186e-07 
 4.88400000e-04  1.71749109e-07 
 4.88500000e-04  1.71701289e-07 
 4.88600000e-04  1.58990327e-07 
 4.88700000e-04  1.58632676e-07 
 4.88800000e-04  1.58447721e-07 
 4.88900000e-04  1.58319022e-07 
 4.89000000e-04  1.58248414e-07 
 4.89100000e-04  1.72013820e-07 
 4.89200000e-04  1.71676729e-07 
 4.89300000e-04  1.71549152e-07 
 4.89400000e-04  1.71489493e-07 
 4.89500000e-04  1.71423035e-07 
 4.89600000e-04  1.57488513e-07 
 4.89700000e-04  1.57076553e-07 
 4.89800000e-04  1.56864604e-07 
 4.89900000e-04  1.56698675e-07 
 4.90000000e-04  1.56580043e-07 
 4.90100000e-04  1.73211435e-07 
 4.90200000e-04  1.72909231e-07 
 4.90300000e-04  1.72793488e-07 
 4.90400000e-04  1.72690484e-07 
 4.90500000e-04  1.72647954e-07 
 4.90600000e-04  1.61236497e-07 
 4.90700000e-04  1.60867502e-07 
 4.90800000e-04  1.60692854e-07 
 4.90900000e-04  1.60567362e-07 
 4.91000000e-04  1.60492423e-07 
 4.91100000e-04  1.71934927e-07 
 4.91200000e-04  1.71667972e-07 
 4.91300000e-04  1.71563191e-07 
 4.91400000e-04  1.71469130e-07 
 4.91500000e-04  1.71430570e-07 
 4.91600000e-04  1.57526118e-07 
 4.91700000e-04  1.57067890e-07 
 4.91800000e-04  1.56845047e-07 
 4.91900000e-04  1.56678165e-07 
 4.92000000e-04  1.56568877e-07 
 4.92100000e-04  1.72695043e-07 
 4.92200000e-04  1.72497269e-07 
 4.92300000e-04  1.72405162e-07 
 4.92400000e-04  1.72320141e-07 
 4.92500000e-04  1.72269067e-07 
 4.92600000e-04  1.59562992e-07 
 4.92700000e-04  1.59210847e-07 
 4.92800000e-04  1.59022641e-07 
 4.92900000e-04  1.58894250e-07 
 4.93000000e-04  1.58827451e-07 
 4.93100000e-04  1.72456632e-07 
 4.93200000e-04  1.72238194e-07 
 4.93300000e-04  1.72139765e-07 
 4.93400000e-04  1.72048859e-07 
 4.93500000e-04  1.72007181e-07 
 4.93600000e-04  1.58056546e-07 
 4.93700000e-04  1.57655579e-07 
 4.93800000e-04  1.57436338e-07 
 4.93900000e-04  1.57266758e-07 
 4.94000000e-04  1.57148440e-07 
 4.94100000e-04  1.74808791e-07 
 4.94200000e-04  1.74151650e-07 
 4.94300000e-04  1.73951268e-07 
 4.94400000e-04  1.73881842e-07 
 4.94500000e-04  1.73834825e-07 
 4.94600000e-04  1.63751045e-07 
 4.94700000e-04  1.63427833e-07 
 4.94800000e-04  1.63235870e-07 
 4.94900000e-04  1.63086223e-07 
 4.95000000e-04  1.62980154e-07 
 4.95100000e-04  1.72054291e-07 
 4.95200000e-04  1.71729541e-07 
 4.95300000e-04  1.71616033e-07 
 4.95400000e-04  1.71517168e-07 
 4.95500000e-04  1.71482342e-07 
 4.95600000e-04  1.57593636e-07 
 4.95700000e-04  1.57118450e-07 
 4.95800000e-04  1.56876299e-07 
 4.95900000e-04  1.56697133e-07 
 4.96000000e-04  1.56582889e-07 
 4.96100000e-04  1.72713849e-07 
 4.96200000e-04  1.72507358e-07 
 4.96300000e-04  1.72418180e-07 
 4.96400000e-04  1.72337253e-07 
 4.96500000e-04  1.72290775e-07 
 4.96600000e-04  1.59562536e-07 
 4.96700000e-04  1.59206226e-07 
 4.96800000e-04  1.59026515e-07 
 4.96900000e-04  1.58895451e-07 
 4.97000000e-04  1.58814537e-07 
 4.97100000e-04  1.72476784e-07 
 4.97200000e-04  1.72222022e-07 
 4.97300000e-04  1.72131678e-07 
 4.97400000e-04  1.72053785e-07 
 4.97500000e-04  1.72011361e-07 
 4.97600000e-04  1.58048843e-07 
 4.97700000e-04  1.57638264e-07 
 4.97800000e-04  1.57419963e-07 
 4.97900000e-04  1.57257882e-07 
 4.98000000e-04  1.57153789e-07 
 4.98100000e-04  1.73847783e-07 
 4.98200000e-04  1.73532342e-07 
 4.98300000e-04  1.73416209e-07 
 4.98400000e-04  1.73314375e-07 
 4.98500000e-04  1.73260512e-07 
 4.98600000e-04  1.61801914e-07 
 4.98700000e-04  1.61449339e-07 
 4.98800000e-04  1.61264944e-07 
 4.98900000e-04  1.61144006e-07 
 4.99000000e-04  1.61088539e-07 
 4.99100000e-04  1.72543847e-07 
 4.99200000e-04  1.72260413e-07 
 4.99300000e-04  1.72165232e-07 
 4.99400000e-04  1.72082567e-07 
 4.99500000e-04  1.72047189e-07 
 4.99600000e-04  1.58109076e-07 
 4.99700000e-04  1.57667879e-07 
 4.99800000e-04  1.57442652e-07 
 4.99900000e-04  1.57269865e-07 
 5.00000000e-04  1.57151181e-07 
 5.00100000e-04  1.75267789e-07 
 5.00200000e-04  1.74727166e-07 
 5.00300000e-04  1.74527549e-07 
 5.00400000e-04  1.74448627e-07 
 5.00500000e-04  1.74369488e-07 
 5.00600000e-04  1.61149075e-07 
 5.00700000e-04  1.60640601e-07 
 5.00800000e-04  1.60407596e-07 
 5.00900000e-04  1.60233482e-07 
 5.01000000e-04  1.60119519e-07 
 5.01100000e-04  1.03760027e-04 
 5.01200000e-04  1.03759590e-04 
 5.01300000e-04  1.03759457e-04 
 5.01400000e-04  1.03759346e-04 
 5.01500000e-04  1.03759307e-04 
 5.01600000e-04  1.03745327e-04 
 5.01700000e-04  1.03744909e-04 
 5.01800000e-04  1.03744684e-04 
 5.01900000e-04  1.03744512e-04 
 5.02000000e-04  1.03744396e-04 
 5.02100000e-04  1.76695208e-07 
 5.02200000e-04  1.76125470e-07 
 5.02300000e-04  1.75940627e-07 
 5.02400000e-04  1.75781165e-07 
 5.02500000e-04  1.75701601e-07 
 5.02600000e-04  1.66828966e-07 
 5.02700000e-04  1.66446693e-07 
 5.02800000e-04  1.66284561e-07 
 5.02900000e-04  1.66183624e-07 
 5.03000000e-04  1.66145822e-07 
 5.03100000e-04  1.73507248e-07 
 5.03200000e-04  1.73068611e-07 
 5.03300000e-04  1.72906465e-07 
 5.03400000e-04  1.72763689e-07 
 5.03500000e-04  1.72704484e-07 
 5.03600000e-04  1.58774184e-07 
 5.03700000e-04  1.58264238e-07 
 5.03800000e-04  1.58018038e-07 
 5.03900000e-04  1.57827680e-07 
 5.04000000e-04  1.57694936e-07 
 5.04100000e-04  1.73911269e-07 
 5.04200000e-04  1.73685176e-07 
 5.04300000e-04  1.73583899e-07 
 5.04400000e-04  1.73492359e-07 
 5.04500000e-04  1.73440758e-07 
 5.04600000e-04  1.60639597e-07 
 5.04700000e-04  1.60298505e-07 
 5.04800000e-04  1.60119212e-07 
 5.04900000e-04  1.59996680e-07 
 5.05000000e-04  1.59932707e-07 
 5.05100000e-04  1.73627198e-07 
 5.05200000e-04  1.73378548e-07 
 5.05300000e-04  1.73288419e-07 
 5.05400000e-04  1.73209784e-07 
 5.05500000e-04  1.73181429e-07 
 5.05600000e-04  1.59138402e-07 
 5.05700000e-04  1.58731127e-07 
 5.05800000e-04  1.58511832e-07 
 5.05900000e-04  1.58348000e-07 
 5.06000000e-04  1.58241389e-07 
 5.06100000e-04  1.74999133e-07 
 5.06200000e-04  1.74678985e-07 
 5.06300000e-04  1.74561557e-07 
 5.06400000e-04  1.74458319e-07 
 5.06500000e-04  1.74406740e-07 
 5.06600000e-04  1.62880763e-07 
 5.06700000e-04  1.62548291e-07 
 5.06800000e-04  1.62371866e-07 
 5.06900000e-04  1.62251224e-07 
 5.07000000e-04  1.62188136e-07 
 5.07100000e-04  1.73713249e-07 
 5.07200000e-04  1.73420838e-07 
 5.07300000e-04  1.73311381e-07 
 5.07400000e-04  1.73214333e-07 
 5.07500000e-04  1.73185681e-07 
 5.07600000e-04  1.59172581e-07 
 5.07700000e-04  1.58750544e-07 
 5.07800000e-04  1.58522849e-07 
 5.07900000e-04  1.58357265e-07 
 5.08000000e-04  1.58255765e-07 
 5.08100000e-04  1.74467552e-07 
 5.08200000e-04  1.74248814e-07 
 5.08300000e-04  1.74160893e-07 
 5.08400000e-04  1.74082821e-07 
 5.08500000e-04  1.74021851e-07 
 5.08600000e-04  1.61206068e-07 
 5.08700000e-04  1.60871461e-07 
 5.08800000e-04  1.60696845e-07 
 5.08900000e-04  1.60572412e-07 
 5.09000000e-04  1.60499753e-07 
 5.09100000e-04  1.74230623e-07 
 5.09200000e-04  1.73987407e-07 
 5.09300000e-04  1.73896302e-07 
 5.09400000e-04  1.73815805e-07 
 5.09500000e-04  1.73768179e-07 
 5.09600000e-04  1.59693943e-07 
 5.09700000e-04  1.59322489e-07 
 5.09800000e-04  1.59101227e-07 
 5.09900000e-04  1.58939289e-07 
 5.10000000e-04  1.58838556e-07 
 5.10100000e-04  1.76145669e-07 
 5.10200000e-04  1.75711832e-07 
 5.10300000e-04  1.75566795e-07 
 5.10400000e-04  1.75441653e-07 
 5.10500000e-04  1.75364107e-07 
 5.10600000e-04  1.65130178e-07 
 5.10700000e-04  1.64781163e-07 
 5.10800000e-04  1.64614264e-07 
 5.10900000e-04  1.64503171e-07 
 5.11000000e-04  1.64449653e-07 
 5.11100000e-04  1.73837539e-07 
 5.11200000e-04  1.73502084e-07 
 5.11300000e-04  1.73378398e-07 
 5.11400000e-04  1.73269434e-07 
 5.11500000e-04  1.73234630e-07 
 5.11600000e-04  1.59247587e-07 
 5.11700000e-04  1.58768450e-07 
 5.11800000e-04  1.58541224e-07 
 5.11900000e-04  1.58368403e-07 
 5.12000000e-04  1.58251711e-07 
 5.12100000e-04  1.74488591e-07 
 5.12200000e-04  1.74267742e-07 
 5.12300000e-04  1.74169912e-07 
 5.12400000e-04  1.74080774e-07 
 5.12500000e-04  1.74030523e-07 
 5.12600000e-04  1.61226533e-07 
 5.12700000e-04  1.60883965e-07 
 5.12800000e-04  1.60702007e-07 
 5.12900000e-04  1.60577097e-07 
 5.13000000e-04  1.60511045e-07 
 5.13100000e-04  1.74250181e-07 
 5.13200000e-04  1.73986779e-07 
 5.13300000e-04  1.73893561e-07 
 5.13400000e-04  1.73813501e-07 
 5.13500000e-04  1.73770546e-07 
 5.13600000e-04  1.59697811e-07 
 5.13700000e-04  1.59313203e-07 
 5.13800000e-04  1.59099906e-07 
 5.13900000e-04  1.58938679e-07 
 5.14000000e-04  1.58831173e-07 
 5.14100000e-04  1.75623789e-07 
 5.14200000e-04  1.75294684e-07 
 5.14300000e-04  1.75170651e-07 
 5.14400000e-04  1.75061113e-07 
 5.14500000e-04  1.75014290e-07 
 5.14600000e-04  1.63459693e-07 
 5.14700000e-04  1.63126214e-07 
 5.14800000e-04  1.62945852e-07 
 5.14900000e-04  1.62827455e-07 
 5.15000000e-04  1.62772989e-07 
 5.15100000e-04  1.74337763e-07 
 5.15200000e-04  1.74026809e-07 
 5.15300000e-04  1.73921484e-07 
 5.15400000e-04  1.73831250e-07 
 5.15500000e-04  1.73807574e-07 
 5.15600000e-04  1.59758888e-07 
 5.15700000e-04  1.59321118e-07 
 5.15800000e-04  1.59104175e-07 
 5.15900000e-04  1.58939466e-07 
 5.16000000e-04  1.58828647e-07 
 5.16100000e-04  1.75084972e-07 
 5.16200000e-04  1.74872193e-07 
 5.16300000e-04  1.74779204e-07 
 5.16400000e-04  1.74694616e-07 
 5.16500000e-04  1.74648755e-07 
 5.16600000e-04  1.61805788e-07 
 5.16700000e-04  1.61449244e-07 
 5.16800000e-04  1.61286775e-07 
 5.16900000e-04  1.61165102e-07 
 5.17000000e-04  1.61085519e-07 
 5.17100000e-04  1.74864763e-07 
 5.17200000e-04  1.74597288e-07 
 5.17300000e-04  1.74507520e-07 
 5.17400000e-04  1.74431071e-07 
 5.17500000e-04  1.74386956e-07 
 5.17600000e-04  1.60281944e-07 
 5.17700000e-04  1.59900468e-07 
 5.17800000e-04  1.59683691e-07 
 5.17900000e-04  1.59528695e-07 
 5.18000000e-04  1.59437439e-07 
 5.18100000e-04  1.88932070e-07 
 5.18200000e-04  1.86327283e-07 
 5.18300000e-04  1.85524889e-07 
 5.18400000e-04  1.85274361e-07 
 5.18500000e-04  1.85023833e-07 
 5.18600000e-04  1.75732600e-07 
 5.18700000e-04  1.74598311e-07 
 5.18800000e-04  1.74267265e-07 
 5.18900000e-04  1.74059483e-07 
 5.19000000e-04  1.73977187e-07 
 5.19100000e-04  1.71274271e-07 
 5.19200000e-04  1.70528089e-07 
 5.19300000e-04  1.70311806e-07 
 5.19400000e-04  1.70128633e-07 
 5.19500000e-04  1.70059288e-07 
 5.19600000e-04  1.57647952e-07 
 5.19700000e-04  1.56967439e-07 
 5.19800000e-04  1.56706483e-07 
 5.19900000e-04 -0.00000000e+00 
 5.20000000e-04  1.56573969e-07 
