 time            -i(vdd)        
 2.60000000e-04 -1.26577370e-04 
 2.60100000e-04  1.83721456e-07 
 2.60200000e-04  1.75016275e-07 
 2.60300000e-04  1.72693631e-07 
 2.60400000e-04  1.70735485e-07 
 2.60500000e-04  1.70077316e-07 
 2.60600000e-04  1.76680974e-07 
 2.60700000e-04  1.75910864e-07 
 2.60800000e-04  1.75485071e-07 
 2.60900000e-04  1.75139009e-07 
 2.61000000e-04  1.74874406e-07 
 2.61100000e-04  1.56447682e-07 
 2.61200000e-04  1.54082749e-07 
 2.61300000e-04  1.53485597e-07 
 2.61400000e-04  1.53005240e-07 
 2.61500000e-04  1.52784439e-07 
 2.61600000e-04  1.38891306e-07 
 2.61700000e-04  1.37640546e-07 
 2.61800000e-04  1.37195624e-07 
 2.61900000e-04  1.36878385e-07 
 2.62000000e-04  1.36692882e-07 
 2.62100000e-04  1.61894356e-07 
 2.62200000e-04  1.60617025e-07 
 2.62300000e-04  1.60334135e-07 
 2.62400000e-04  1.60131528e-07 
 2.62500000e-04  1.60037140e-07 
 2.62600000e-04  1.48503170e-07 
 2.62700000e-04  1.47918527e-07 
 2.62800000e-04  1.47633826e-07 
 2.62900000e-04  1.47421437e-07 
 2.63000000e-04  1.47282904e-07 
 2.63100000e-04  1.99992796e-07 
 2.63200000e-04  1.94212321e-07 
 2.63300000e-04  1.92920370e-07 
 2.63400000e-04  1.91923522e-07 
 2.63500000e-04  1.91647419e-07 
 2.63600000e-04  1.78198293e-07 
 2.63700000e-04  1.77570977e-07 
 2.63800000e-04  1.77242963e-07 
 2.63900000e-04  1.76995182e-07 
 2.64000000e-04  1.76830177e-07 
 2.64100000e-04  1.72670035e-07 
 2.64200000e-04  1.68075894e-07 
 2.64300000e-04  1.67029042e-07 
 2.64400000e-04  1.66213752e-07 
 2.64500000e-04  1.65978574e-07 
 2.64600000e-04  1.53757194e-07 
 2.64700000e-04  1.53129502e-07 
 2.64800000e-04  1.52825734e-07 
 2.64900000e-04  1.52592305e-07 
 2.65000000e-04  1.52431443e-07 
 2.65100000e-04  1.66019636e-07 
 2.65200000e-04  1.65523583e-07 
 2.65300000e-04  1.65365994e-07 
 2.65400000e-04  1.65230985e-07 
 2.65500000e-04  1.65179324e-07 
 2.65600000e-04  1.51583329e-07 
 2.65700000e-04  1.51134398e-07 
 2.65800000e-04  1.50895390e-07 
 2.65900000e-04  1.50725623e-07 
 2.66000000e-04  1.50627288e-07 
 2.66100000e-04  1.66992574e-07 
 2.66200000e-04  1.66738275e-07 
 2.66300000e-04  1.66640696e-07 
 2.66400000e-04  1.66553090e-07 
 2.66500000e-04  1.66496720e-07 
 2.66600000e-04  1.55438353e-07 
 2.66700000e-04  1.55042660e-07 
 2.66800000e-04  1.54820252e-07 
 2.66900000e-04  1.54666607e-07 
 2.67000000e-04  1.54583899e-07 
 2.67100000e-04  1.66084633e-07 
 2.67200000e-04  1.65565671e-07 
 2.67300000e-04  1.65411044e-07 
 2.67400000e-04  1.65279386e-07 
 2.67500000e-04  1.65220046e-07 
 2.67600000e-04  1.51670750e-07 
 2.67700000e-04  1.51176653e-07 
 2.67800000e-04  1.50920754e-07 
 2.67900000e-04  1.50724802e-07 
 2.68000000e-04  1.50590694e-07 
 2.68100000e-04  1.66396198e-07 
 2.68200000e-04  1.66215520e-07 
 2.68300000e-04  1.66136100e-07 
 2.68400000e-04  1.66063957e-07 
 2.68500000e-04  1.66034395e-07 
 2.68600000e-04  1.53646244e-07 
 2.68700000e-04  1.53242163e-07 
 2.68800000e-04  1.53034549e-07 
 2.68900000e-04  1.52888230e-07 
 2.69000000e-04  1.52805141e-07 
 2.69100000e-04  1.66126983e-07 
 2.69200000e-04  1.65918947e-07 
 2.69300000e-04  1.65840383e-07 
 2.69400000e-04  1.65770686e-07 
 2.69500000e-04  1.65750275e-07 
 2.69600000e-04  1.52110741e-07 
 2.69700000e-04  1.51681477e-07 
 2.69800000e-04  1.51432414e-07 
 2.69900000e-04  1.51247577e-07 
 2.70000000e-04  1.51128996e-07 
 2.70100000e-04  1.68004189e-07 
 2.70200000e-04  1.67617042e-07 
 2.70300000e-04  1.67492067e-07 
 2.70400000e-04  1.67384829e-07 
 2.70500000e-04  1.67319341e-07 
 2.70600000e-04  1.57535931e-07 
 2.70700000e-04  1.57123763e-07 
 2.70800000e-04  1.56922099e-07 
 2.70900000e-04  1.56793032e-07 
 2.71000000e-04  1.56738857e-07 
 2.71100000e-04  1.66104379e-07 
 2.71200000e-04  1.65546222e-07 
 2.71300000e-04  1.65378078e-07 
 2.71400000e-04  1.65234295e-07 
 2.71500000e-04  1.65188337e-07 
 2.71600000e-04  1.51641835e-07 
 2.71700000e-04  1.51106025e-07 
 2.71800000e-04  1.50845791e-07 
 2.71900000e-04  1.50645198e-07 
 2.72000000e-04  1.50506128e-07 
 2.72100000e-04  1.66320737e-07 
 2.72200000e-04  1.66151520e-07 
 2.72300000e-04  1.66075948e-07 
 2.72400000e-04  1.66006935e-07 
 2.72500000e-04  1.65982661e-07 
 2.72600000e-04  1.53581157e-07 
 2.72700000e-04  1.53187559e-07 
 2.72800000e-04  1.52982951e-07 
 2.72900000e-04  1.52832650e-07 
 2.73000000e-04  1.52738364e-07 
 2.73100000e-04  1.66061895e-07 
 2.73200000e-04  1.65857206e-07 
 2.73300000e-04  1.65781490e-07 
 2.73400000e-04  1.65714698e-07 
 2.73500000e-04  1.65692798e-07 
 2.73600000e-04  1.52059811e-07 
 2.73700000e-04  1.51628454e-07 
 2.73800000e-04  1.51392126e-07 
 2.73900000e-04  1.51209514e-07 
 2.74000000e-04  1.51082311e-07 
 2.74100000e-04  1.67431291e-07 
 2.74200000e-04  1.67157373e-07 
 2.74300000e-04  1.67059448e-07 
 2.74400000e-04  1.66973180e-07 
 2.74500000e-04  1.66919499e-07 
 2.74600000e-04  1.55825303e-07 
 2.74700000e-04  1.55433850e-07 
 2.74800000e-04  1.55218629e-07 
 2.74900000e-04  1.55073030e-07 
 2.75000000e-04  1.54999249e-07 
 2.75100000e-04  1.66145280e-07 
 2.75200000e-04  1.65905615e-07 
 2.75300000e-04  1.65817019e-07 
 2.75400000e-04  1.65738323e-07 
 2.75500000e-04  1.65707266e-07 
 2.75600000e-04  1.52107872e-07 
 2.75700000e-04  1.51632518e-07 
 2.75800000e-04  1.51378733e-07 
 2.75900000e-04  1.51189141e-07 
 2.76000000e-04  1.51065766e-07 
 2.76100000e-04  1.66898829e-07 
 2.76200000e-04  1.66722251e-07 
 2.76300000e-04  1.66647728e-07 
 2.76400000e-04  1.66580335e-07 
 2.76500000e-04  1.66556502e-07 
 2.76600000e-04  1.54147888e-07 
 2.76700000e-04  1.53749247e-07 
 2.76800000e-04  1.53542320e-07 
 2.76900000e-04  1.53399544e-07 
 2.77000000e-04  1.53322940e-07 
 2.77100000e-04  1.66669408e-07 
 2.77200000e-04  1.66453864e-07 
 2.77300000e-04  1.66377502e-07 
 2.77400000e-04  1.66311323e-07 
 2.77500000e-04  1.66288754e-07 
 2.77600000e-04  1.52641853e-07 
 2.77700000e-04  1.52188932e-07 
 2.77800000e-04  1.51959462e-07 
 2.77900000e-04  1.51779797e-07 
 2.78000000e-04  1.51651504e-07 
 2.78100000e-04  1.69095144e-07 
 2.78200000e-04  1.68605068e-07 
 2.78300000e-04  1.68450051e-07 
 2.78400000e-04  1.68317249e-07 
 2.78500000e-04  1.68249881e-07 
 2.78600000e-04  1.59710823e-07 
 2.78700000e-04  1.59335401e-07 
 2.78800000e-04  1.59131153e-07 
 2.78900000e-04  1.58998015e-07 
 2.79000000e-04  1.58938228e-07 
 2.79100000e-04  1.66277850e-07 
 2.79200000e-04  1.65618330e-07 
 2.79300000e-04  1.65434001e-07 
 2.79400000e-04  1.65280574e-07 
 2.79500000e-04  1.65197325e-07 
 2.79600000e-04  1.51667041e-07 
 2.79700000e-04  1.51114613e-07 
 2.79800000e-04  1.50844438e-07 
 2.79900000e-04  1.50636455e-07 
 2.80000000e-04  1.50492617e-07 
 2.80100000e-04  1.66312262e-07 
 2.80200000e-04  1.66130072e-07 
 2.80300000e-04  1.66055819e-07 
 2.80400000e-04  1.65989565e-07 
 2.80500000e-04  1.65948021e-07 
 2.80600000e-04  1.53564899e-07 
 2.80700000e-04  1.53170217e-07 
 2.80800000e-04  1.52961483e-07 
 2.80900000e-04  1.52813531e-07 
 2.81000000e-04  1.52728273e-07 
 2.81100000e-04  1.66036376e-07 
 2.81200000e-04  1.65839028e-07 
 2.81300000e-04  1.65768201e-07 
 2.81400000e-04  1.65706096e-07 
 2.81500000e-04  1.65682452e-07 
 2.81600000e-04  1.52026136e-07 
 2.81700000e-04  1.51585394e-07 
 2.81800000e-04  1.51348791e-07 
 2.81900000e-04  1.51167956e-07 
 2.82000000e-04  1.51044640e-07 
 2.82100000e-04  1.67415271e-07 
 2.82200000e-04  1.67139264e-07 
 2.82300000e-04  1.67038488e-07 
 2.82400000e-04  1.66949382e-07 
 2.82500000e-04  1.66907256e-07 
 2.82600000e-04  1.55801150e-07 
 2.82700000e-04  1.55399389e-07 
 2.82800000e-04  1.55202477e-07 
 2.82900000e-04  1.55061013e-07 
 2.83000000e-04  1.54976735e-07 
 2.83100000e-04  1.66117200e-07 
 2.83200000e-04  1.65882522e-07 
 2.83300000e-04  1.65790730e-07 
 2.83400000e-04  1.65708128e-07 
 2.83500000e-04  1.65682944e-07 
 2.83600000e-04  1.52080161e-07 
 2.83700000e-04  1.51598152e-07 
 2.83800000e-04  1.51347066e-07 
 2.83900000e-04  1.51159931e-07 
 2.84000000e-04  1.51038755e-07 
 2.84100000e-04  1.66882692e-07 
 2.84200000e-04  1.66708944e-07 
 2.84300000e-04  1.66632886e-07 
 2.84400000e-04  1.66563446e-07 
 2.84500000e-04  1.66535088e-07 
 2.84600000e-04  1.54109960e-07 
 2.84700000e-04  1.53736833e-07 
 2.84800000e-04  1.53532136e-07 
 2.84900000e-04  1.53382149e-07 
 2.85000000e-04  1.53288589e-07 
 2.85100000e-04  1.66645952e-07 
 2.85200000e-04  1.66437671e-07 
 2.85300000e-04  1.66361142e-07 
 2.85400000e-04  1.66293691e-07 
 2.85500000e-04  1.66282215e-07 
 2.85600000e-04  1.52613141e-07 
 2.85700000e-04  1.52173380e-07 
 2.85800000e-04  1.51938747e-07 
 2.85900000e-04  1.51758020e-07 
 2.86000000e-04  1.51632884e-07 
 2.86100000e-04  1.68553111e-07 
 2.86200000e-04  1.68154746e-07 
 2.86300000e-04  1.68027561e-07 
 2.86400000e-04  1.67918786e-07 
 2.86500000e-04  1.67874198e-07 
 2.86600000e-04  1.58039339e-07 
 2.86700000e-04  1.57646801e-07 
 2.86800000e-04  1.57454364e-07 
 2.86900000e-04  1.57323489e-07 
 2.87000000e-04  1.57256103e-07 
 2.87100000e-04  1.66228902e-07 
 2.87200000e-04  1.65964676e-07 
 2.87300000e-04  1.65863455e-07 
 2.87400000e-04  1.65772266e-07 
 2.87500000e-04  1.65733581e-07 
 2.87600000e-04  1.52163035e-07 
 2.87700000e-04  1.51625776e-07 
 2.87800000e-04  1.51380732e-07 
 2.87900000e-04  1.51187427e-07 
 2.88000000e-04  1.51047477e-07 
 2.88100000e-04  1.66896767e-07 
 2.88200000e-04  1.66729780e-07 
 2.88300000e-04  1.66657790e-07 
 2.88400000e-04  1.66592445e-07 
 2.88500000e-04  1.66543553e-07 
 2.88600000e-04  1.54130762e-07 
 2.88700000e-04  1.53729227e-07 
 2.88800000e-04  1.53526979e-07 
 2.88900000e-04  1.53385125e-07 
 2.89000000e-04  1.53305553e-07 
 2.89100000e-04  1.66650692e-07 
 2.89200000e-04  1.66440680e-07 
 2.89300000e-04  1.66373166e-07 
 2.89400000e-04  1.66315860e-07 
 2.89500000e-04  1.66285173e-07 
 2.89600000e-04  1.52617597e-07 
 2.89700000e-04  1.52176511e-07 
 2.89800000e-04  1.51939159e-07 
 2.89900000e-04  1.51760425e-07 
 2.90000000e-04  1.51642144e-07 
 2.90100000e-04  1.68023711e-07 
 2.90200000e-04  1.67738492e-07 
 2.90300000e-04  1.67640823e-07 
 2.90400000e-04  1.67555926e-07 
 2.90500000e-04  1.67497973e-07 
 2.90600000e-04  1.56382896e-07 
 2.90700000e-04  1.55975845e-07 
 2.90800000e-04  1.55774325e-07 
 2.90900000e-04  1.55638366e-07 
 2.91000000e-04  1.55570021e-07 
 2.91100000e-04  1.66730184e-07 
 2.91200000e-04  1.66493154e-07 
 2.91300000e-04  1.66412507e-07 
 2.91400000e-04  1.66341875e-07 
 2.91500000e-04  1.66296581e-07 
 2.91600000e-04  1.52671900e-07 
 2.91700000e-04  1.52180756e-07 
 2.91800000e-04  1.51937631e-07 
 2.91900000e-04  1.51758336e-07 
 2.92000000e-04  1.51644866e-07 
 2.92100000e-04  1.67499923e-07 
 2.92200000e-04  1.67318195e-07 
 2.92300000e-04  1.67252800e-07 
 2.92400000e-04  1.67196021e-07 
 2.92500000e-04  1.67147239e-07 
 2.92600000e-04  1.54717618e-07 
 2.92700000e-04  1.54313084e-07 
 2.92800000e-04  1.54116355e-07 
 2.92900000e-04  1.53975784e-07 
 2.93000000e-04  1.53893124e-07 
 2.93100000e-04  1.67269454e-07 
 2.93200000e-04  1.67064078e-07 
 2.93300000e-04  1.66987009e-07 
 2.93400000e-04  1.66918765e-07 
 2.93500000e-04  1.66883046e-07 
 2.93600000e-04  1.53206637e-07 
 2.93700000e-04  1.52758574e-07 
 2.93800000e-04  1.52524055e-07 
 2.93900000e-04  1.52345234e-07 
 2.94000000e-04  1.52223846e-07 
 2.94100000e-04  1.70229680e-07 
 2.94200000e-04  1.69634138e-07 
 2.94300000e-04  1.69449613e-07 
 2.94400000e-04  1.69291709e-07 
 2.94500000e-04  1.69225642e-07 
 2.94600000e-04  1.61945751e-07 
 2.94700000e-04  1.61560413e-07 
 2.94800000e-04  1.61369304e-07 
 2.94900000e-04  1.61252949e-07 
 2.95000000e-04  1.61213686e-07 
 2.95100000e-04  1.66593225e-07 
 2.95200000e-04  1.65709480e-07 
 2.95300000e-04  1.65482770e-07 
 2.95400000e-04  1.65299660e-07 
 2.95500000e-04  1.65216432e-07 
 2.95600000e-04  1.51711508e-07 
 2.95700000e-04  1.51115987e-07 
 2.95800000e-04  1.50822041e-07 
 2.95900000e-04  1.50608789e-07 
 2.96000000e-04  1.50478757e-07 
 2.96100000e-04  1.66309773e-07 
 2.96200000e-04  1.66130512e-07 
 2.96300000e-04  1.66056757e-07 
 2.96400000e-04  1.65990256e-07 
 2.96500000e-04  1.65955326e-07 
 2.96600000e-04  1.53534766e-07 
 2.96700000e-04  1.53149603e-07 
 2.96800000e-04  1.52947943e-07 
 2.96900000e-04  1.52803066e-07 
 2.97000000e-04  1.52716741e-07 
 2.97100000e-04  1.66031700e-07 
 2.97200000e-04  1.65833293e-07 
 2.97300000e-04  1.65758911e-07 
 2.97400000e-04  1.65692941e-07 
 2.97500000e-04  1.65666314e-07 
 2.97600000e-04  1.52023465e-07 
 2.97700000e-04  1.51579286e-07 
 2.97800000e-04  1.51341407e-07 
 2.97900000e-04  1.51160950e-07 
 2.98000000e-04  1.51039703e-07 
 2.98100000e-04  1.67410405e-07 
 2.98200000e-04  1.67125270e-07 
 2.98300000e-04  1.67027307e-07 
 2.98400000e-04  1.66942381e-07 
 2.98500000e-04  1.66883520e-07 
 2.98600000e-04  1.55774027e-07 
 2.98700000e-04  1.55384603e-07 
 2.98800000e-04  1.55186216e-07 
 2.98900000e-04  1.55051889e-07 
 2.99000000e-04  1.54983582e-07 
 2.99100000e-04  1.68017010e-07 
 2.99200000e-04  1.67391371e-07 
 2.99300000e-04  1.67183641e-07 
 2.99400000e-04  1.67084570e-07 
 2.99500000e-04  1.67020609e-07 
 2.99600000e-04  1.52940203e-07 
 2.99700000e-04  1.52301144e-07 
 2.99800000e-04  1.52012207e-07 
 2.99900000e-04  1.51804633e-07 
 3.00000000e-04  1.51680128e-07 
 3.00100000e-04  1.03753792e-04 
 3.00200000e-04  1.03753425e-04 
 3.00300000e-04  1.03753313e-04 
 3.00400000e-04  1.03753219e-04 
 3.00500000e-04  1.03753168e-04 
 3.00600000e-04  1.03740778e-04 
 3.00700000e-04  1.03740349e-04 
 3.00800000e-04  1.03740138e-04 
 3.00900000e-04  1.03739992e-04 
 3.01000000e-04  1.03739912e-04 
 3.01100000e-04  1.67792883e-07 
 3.01200000e-04  1.67544119e-07 
 3.01300000e-04  1.67461641e-07 
 3.01400000e-04  1.67390893e-07 
 3.01500000e-04  1.67357607e-07 
 3.01600000e-04  1.53697131e-07 
 3.01700000e-04  1.53235512e-07 
 3.01800000e-04  1.53002821e-07 
 3.01900000e-04  1.52827829e-07 
 3.02000000e-04  1.52712330e-07 
 3.02100000e-04  1.69696402e-07 
 3.02200000e-04  1.69315816e-07 
 3.02300000e-04  1.69183974e-07 
 3.02400000e-04  1.69068383e-07 
 3.02500000e-04  1.69015533e-07 
 3.02600000e-04  1.59109034e-07 
 3.02700000e-04  1.58720634e-07 
 3.02800000e-04  1.58526186e-07 
 3.02900000e-04  1.58397105e-07 
 3.03000000e-04  1.58335421e-07 
 3.03100000e-04  1.67386529e-07 
 3.03200000e-04  1.67089220e-07 
 3.03300000e-04  1.66984780e-07 
 3.03400000e-04  1.66893419e-07 
 3.03500000e-04  1.66868418e-07 
 3.03600000e-04  1.53223531e-07 
 3.03700000e-04  1.52710459e-07 
 3.03800000e-04  1.52450632e-07 
 3.03900000e-04  1.52260653e-07 
 3.04000000e-04  1.52142693e-07 
 3.04100000e-04  1.68039517e-07 
 3.04200000e-04  1.67876704e-07 
 3.04300000e-04  1.67792938e-07 
 3.04400000e-04  1.67714112e-07 
 3.04500000e-04  1.67684205e-07 
 3.04600000e-04  1.55186514e-07 
 3.04700000e-04  1.54824273e-07 
 3.04800000e-04  1.54621796e-07 
 3.04900000e-04  1.54476396e-07 
 3.05000000e-04  1.54389843e-07 
 3.05100000e-04  1.67789657e-07 
 3.05200000e-04  1.67565228e-07 
 3.05300000e-04  1.67489583e-07 
 3.05400000e-04  1.67424715e-07 
 3.05500000e-04  1.67394982e-07 
 3.05600000e-04  1.53683105e-07 
 3.05700000e-04  1.53258429e-07 
 3.05800000e-04  1.53011893e-07 
 3.05900000e-04  1.52829300e-07 
 3.06000000e-04  1.52712634e-07 
 3.06100000e-04  1.69181364e-07 
 3.06200000e-04  1.68884132e-07 
 3.06300000e-04  1.68772374e-07 
 3.06400000e-04  1.68673502e-07 
 3.06500000e-04  1.68627409e-07 
 3.06600000e-04  1.57430670e-07 
 3.06700000e-04  1.57041088e-07 
 3.06800000e-04  1.56848282e-07 
 3.06900000e-04  1.56719490e-07 
 3.07000000e-04  1.56656700e-07 
 3.07100000e-04  1.67877771e-07 
 3.07200000e-04  1.67629396e-07 
 3.07300000e-04  1.67534434e-07 
 3.07400000e-04  1.67449553e-07 
 3.07500000e-04  1.67436067e-07 
 3.07600000e-04  1.53729496e-07 
 3.07700000e-04  1.53275491e-07 
 3.07800000e-04  1.53027213e-07 
 3.07900000e-04  1.52838976e-07 
 3.08000000e-04  1.52712639e-07 
 3.08100000e-04  1.68645941e-07 
 3.08200000e-04  1.68460651e-07 
 3.08300000e-04  1.68382923e-07 
 3.08400000e-04  1.68312699e-07 
 3.08500000e-04  1.68267947e-07 
 3.08600000e-04  1.55777900e-07 
 3.08700000e-04  1.55396889e-07 
 3.08800000e-04  1.55187396e-07 
 3.08900000e-04  1.55043089e-07 
 3.09000000e-04  1.54965988e-07 
 3.09100000e-04  1.68399708e-07 
 3.09200000e-04  1.68173211e-07 
 3.09300000e-04  1.68100852e-07 
 3.09400000e-04  1.68039723e-07 
 3.09500000e-04  1.68021834e-07 
 3.09600000e-04  1.54268297e-07 
 3.09700000e-04  1.53828347e-07 
 3.09800000e-04  1.53596980e-07 
 3.09900000e-04  1.53422460e-07 
 3.10000000e-04  1.53306546e-07 
 3.10100000e-04  1.70845330e-07 
 3.10200000e-04  1.70330613e-07 
 3.10300000e-04  1.70172217e-07 
 3.10400000e-04  1.70037903e-07 
 3.10500000e-04  1.69973362e-07 
 3.10600000e-04  1.61340278e-07 
 3.10700000e-04  1.60972837e-07 
 3.10800000e-04  1.60779208e-07 
 3.10900000e-04  1.60655821e-07 
 3.11000000e-04  1.60604857e-07 
 3.11100000e-04  1.67668671e-07 
 3.11200000e-04  1.67275519e-07 
 3.11300000e-04  1.67130120e-07 
 3.11400000e-04  1.67001706e-07 
 3.11500000e-04  1.66936619e-07 
 3.11600000e-04  1.53319597e-07 
 3.11700000e-04  1.52771869e-07 
 3.11800000e-04  1.52503702e-07 
 3.11900000e-04  1.52296952e-07 
 3.12000000e-04  1.52153516e-07 
 3.12100000e-04  1.70016081e-07 
 3.12200000e-04  1.69492841e-07 
 3.12300000e-04  1.69307727e-07 
 3.12400000e-04  1.69236889e-07 
 3.12500000e-04  1.69166197e-07 
 3.12600000e-04  1.56221114e-07 
 3.12700000e-04  1.55674579e-07 
 3.12800000e-04  1.55421001e-07 
 3.12900000e-04  1.55230775e-07 
 3.13000000e-04  1.55105209e-07 
 3.13100000e-04  1.03754728e-04 
 3.13200000e-04  1.03754307e-04 
 3.13300000e-04  1.03754188e-04 
 3.13400000e-04  1.03754089e-04 
 3.13500000e-04  1.03754052e-04 
 3.13600000e-04  1.03740341e-04 
 3.13700000e-04  1.03739872e-04 
 3.13800000e-04  1.03739639e-04 
 3.13900000e-04  1.03739463e-04 
 3.14000000e-04  1.03739345e-04 
 3.14100000e-04  1.70334300e-07 
 3.14200000e-04  1.69998923e-07 
 3.14300000e-04  1.69880744e-07 
 3.14400000e-04  1.69777547e-07 
 3.14500000e-04  1.69734383e-07 
 3.14600000e-04  1.58536826e-07 
 3.14700000e-04  1.58124704e-07 
 3.14800000e-04  1.57947636e-07 
 3.14900000e-04  1.57824069e-07 
 3.15000000e-04  1.57755650e-07 
 3.15100000e-04  1.69016243e-07 
 3.15200000e-04  1.68764440e-07 
 3.15300000e-04  1.68677629e-07 
 3.15400000e-04  1.68601593e-07 
 3.15500000e-04  1.68574651e-07 
 3.15600000e-04  1.54811299e-07 
 3.15700000e-04  1.54343276e-07 
 3.15800000e-04  1.54103566e-07 
 3.15900000e-04  1.53921784e-07 
 3.16000000e-04  1.53799714e-07 
 3.16100000e-04  1.69802331e-07 
 3.16200000e-04  1.69603191e-07 
 3.16300000e-04  1.69526617e-07 
 3.16400000e-04  1.69459332e-07 
 3.16500000e-04  1.69411981e-07 
 3.16600000e-04  1.56846414e-07 
 3.16700000e-04  1.56472054e-07 
 3.16800000e-04  1.56277932e-07 
 3.16900000e-04  1.56137238e-07 
 3.17000000e-04  1.56051611e-07 
 3.17100000e-04  1.69548618e-07 
 3.17200000e-04  1.69333019e-07 
 3.17300000e-04  1.69249527e-07 
 3.17400000e-04  1.69174935e-07 
 3.17500000e-04  1.69142614e-07 
 3.17600000e-04  1.55343609e-07 
 3.17700000e-04  1.54906516e-07 
 3.17800000e-04  1.54688071e-07 
 3.17900000e-04  1.54515135e-07 
 3.18000000e-04  1.54389101e-07 
 3.18100000e-04  1.71468481e-07 
 3.18200000e-04  1.71061421e-07 
 3.18300000e-04  1.70919674e-07 
 3.18400000e-04  1.70796210e-07 
 3.18500000e-04  1.70745923e-07 
 3.18600000e-04  1.60754600e-07 
 3.18700000e-04  1.60368441e-07 
 3.18800000e-04  1.60184646e-07 
 3.18900000e-04  1.60070047e-07 
 3.19000000e-04  1.60026783e-07 
 3.19100000e-04  1.69147297e-07 
 3.19200000e-04  1.68849742e-07 
 3.19300000e-04  1.68743041e-07 
 3.19400000e-04  1.68648814e-07 
 3.19500000e-04  1.68598383e-07 
 3.19600000e-04  1.54872907e-07 
 3.19700000e-04  1.54386561e-07 
 3.19800000e-04  1.54132580e-07 
 3.19900000e-04  1.53939474e-07 
 3.20000000e-04  1.53809117e-07 
 3.20100000e-04  1.69814255e-07 
 3.20200000e-04  1.69630552e-07 
 3.20300000e-04  1.69537495e-07 
 3.20400000e-04  1.69450544e-07 
 3.20500000e-04  1.69417655e-07 
 3.20600000e-04  1.56850160e-07 
 3.20700000e-04  1.56473949e-07 
 3.20800000e-04  1.56281617e-07 
 3.20900000e-04  1.56140453e-07 
 3.21000000e-04  1.56052023e-07 
 3.21100000e-04  1.69569962e-07 
 3.21200000e-04  1.69327880e-07 
 3.21300000e-04  1.69252591e-07 
 3.21400000e-04  1.69189785e-07 
 3.21500000e-04  1.69155992e-07 
 3.21600000e-04  1.55335087e-07 
 3.21700000e-04  1.54919693e-07 
 3.21800000e-04  1.54679205e-07 
 3.21900000e-04  1.54502199e-07 
 3.22000000e-04  1.54390628e-07 
 3.22100000e-04  1.70934486e-07 
 3.22200000e-04  1.70626628e-07 
 3.22300000e-04  1.70524026e-07 
 3.22400000e-04  1.70435815e-07 
 3.22500000e-04  1.70376533e-07 
 3.22600000e-04  1.59087903e-07 
 3.22700000e-04  1.58715166e-07 
 3.22800000e-04  1.58535405e-07 
 3.22900000e-04  1.58409234e-07 
 3.23000000e-04  1.58338297e-07 
 3.23100000e-04  1.69653218e-07 
 3.23200000e-04  1.69380912e-07 
 3.23300000e-04  1.69282229e-07 
 3.23400000e-04  1.69195610e-07 
 3.23500000e-04  1.69178052e-07 
 3.23600000e-04  1.55387082e-07 
 3.23700000e-04  1.54932784e-07 
 3.23800000e-04  1.54690461e-07 
 3.23900000e-04  1.54512932e-07 
 3.24000000e-04  1.54402192e-07 
 3.24100000e-04  1.70402015e-07 
 3.24200000e-04  1.70213108e-07 
 3.24300000e-04  1.70133064e-07 
 3.24400000e-04  1.70060665e-07 
 3.24500000e-04  1.70021128e-07 
 3.24600000e-04  1.57416721e-07 
 3.24700000e-04  1.57048841e-07 
 3.24800000e-04  1.56859931e-07 
 3.24900000e-04  1.56726852e-07 
 3.25000000e-04  1.56651316e-07 
 3.25100000e-04  1.70171420e-07 
 3.25200000e-04  1.69956347e-07 
 3.25300000e-04  1.69868867e-07 
 3.25400000e-04  1.69789980e-07 
 3.25500000e-04  1.69767441e-07 
 3.25600000e-04  1.55910765e-07 
 3.25700000e-04  1.55512705e-07 
 3.25800000e-04  1.55281368e-07 
 3.25900000e-04  1.55109545e-07 
 3.26000000e-04  1.54999061e-07 
 3.26100000e-04  1.73663920e-07 
 3.26200000e-04  1.72940445e-07 
 3.26300000e-04  1.72721573e-07 
 3.26400000e-04  1.72535952e-07 
 3.26500000e-04  1.72451040e-07 
 3.26600000e-04  1.66324270e-07 
 3.26700000e-04  1.65947292e-07 
 3.26800000e-04  1.65775718e-07 
 3.26900000e-04  1.65680627e-07 
 3.27000000e-04  1.65664384e-07 
 3.27100000e-04  1.68947894e-07 
 3.27200000e-04  1.68004149e-07 
 3.27300000e-04  1.67758012e-07 
 3.27400000e-04  1.67556297e-07 
 3.27500000e-04  1.67488926e-07 
 3.27600000e-04  1.53884206e-07 
 3.27700000e-04  1.53255371e-07 
 3.27800000e-04  1.52982915e-07 
 3.27900000e-04  1.52782432e-07 
 3.28000000e-04  1.52656142e-07 
 3.28100000e-04  1.68598308e-07 
 3.28200000e-04  1.68412937e-07 
 3.28300000e-04  1.68327986e-07 
 3.28400000e-04  1.68250069e-07 
 3.28500000e-04  1.68206506e-07 
 3.28600000e-04  1.55678294e-07 
 3.28700000e-04  1.55294268e-07 
 3.28800000e-04  1.55103641e-07 
 3.28900000e-04  1.54963616e-07 
 3.29000000e-04  1.54875732e-07 
 3.29100000e-04  1.68326492e-07 
 3.29200000e-04  1.68096792e-07 
 3.29300000e-04  1.68019149e-07 
 3.29400000e-04  1.67952603e-07 
 3.29500000e-04  1.67916910e-07 
 3.29600000e-04  1.54167013e-07 
 3.29700000e-04  1.53744169e-07 
 3.29800000e-04  1.53507637e-07 
 3.29900000e-04  1.53325993e-07 
 3.30000000e-04  1.53200913e-07 
 3.30100000e-04  1.69700852e-07 
 3.30200000e-04  1.69398135e-07 
 3.30300000e-04  1.69293632e-07 
 3.30400000e-04  1.69203316e-07 
 3.30500000e-04  1.69150681e-07 
 3.30600000e-04  1.57926509e-07 
 3.30700000e-04  1.57545627e-07 
 3.30800000e-04  1.57352781e-07 
 3.30900000e-04  1.57218587e-07 
 3.31000000e-04  1.57144836e-07 
 3.31100000e-04  1.68387347e-07 
 3.31200000e-04  1.68130256e-07 
 3.31300000e-04  1.68042028e-07 
 3.31400000e-04  1.67965201e-07 
 3.31500000e-04  1.67935156e-07 
 3.31600000e-04  1.54209440e-07 
 3.31700000e-04  1.53733652e-07 
 3.31800000e-04  1.53499515e-07 
 3.31900000e-04  1.53324912e-07 
 3.32000000e-04  1.53211662e-07 
 3.32100000e-04  1.69165521e-07 
 3.32200000e-04  1.68970564e-07 
 3.32300000e-04  1.68894978e-07 
 3.32400000e-04  1.68828455e-07 
 3.32500000e-04  1.68784189e-07 
 3.32600000e-04  1.56242082e-07 
 3.32700000e-04  1.55876491e-07 
 3.32800000e-04  1.55678825e-07 
 3.32900000e-04  1.55537891e-07 
 3.33000000e-04  1.55455421e-07 
 3.33100000e-04  1.68926353e-07 
 3.33200000e-04  1.68712562e-07 
 3.33300000e-04  1.68631489e-07 
 3.33400000e-04  1.68559259e-07 
 3.33500000e-04  1.68519108e-07 
 3.33600000e-04  1.54729517e-07 
 3.33700000e-04  1.54304899e-07 
 3.33800000e-04  1.54073122e-07 
 3.33900000e-04  1.53899400e-07 
 3.34000000e-04  1.53785507e-07 
 3.34100000e-04  1.70828362e-07 
 3.34200000e-04  1.70432636e-07 
 3.34300000e-04  1.70299969e-07 
 3.34400000e-04  1.70185204e-07 
 3.34500000e-04  1.70119673e-07 
 3.34600000e-04  1.60169458e-07 
 3.34700000e-04  1.59772561e-07 
 3.34800000e-04  1.59586698e-07 
 3.34900000e-04  1.59467652e-07 
 3.35000000e-04  1.59417473e-07 
 3.35100000e-04  1.68510702e-07 
 3.35200000e-04  1.68209440e-07 
 3.35300000e-04  1.68104945e-07 
 3.35400000e-04  1.68013492e-07 
 3.35500000e-04  1.67985636e-07 
 3.35600000e-04  1.54276818e-07 
 3.35700000e-04  1.53784810e-07 
 3.35800000e-04  1.53528733e-07 
 3.35900000e-04  1.53338003e-07 
 3.36000000e-04  1.53214618e-07 
 3.36100000e-04  1.69186790e-07 
 3.36200000e-04  1.68996126e-07 
 3.36300000e-04  1.68913898e-07 
 3.36400000e-04  1.68839639e-07 
 3.36500000e-04  1.68790008e-07 
 3.36600000e-04  1.56248840e-07 
 3.36700000e-04  1.55875796e-07 
 3.36800000e-04  1.55683366e-07 
 3.36900000e-04  1.55542303e-07 
 3.37000000e-04  1.55454096e-07 
 3.37100000e-04  1.70678194e-07 
 3.37200000e-04  1.70186206e-07 
 3.37300000e-04  1.70008337e-07 
 3.37400000e-04  1.69924322e-07 
 3.37500000e-04  1.69870634e-07 
 3.37600000e-04  1.55594691e-07 
 3.37700000e-04  1.55002241e-07 
 3.37800000e-04  1.54739461e-07 
 3.37900000e-04  1.54549482e-07 
 3.38000000e-04  1.54433788e-07 
 3.38100000e-04  1.03757243e-04 
 3.38200000e-04  1.03756759e-04 
 3.38300000e-04  1.03756599e-04 
 3.38400000e-04  1.03756462e-04 
 3.38500000e-04  1.03756407e-04 
 3.38600000e-04  1.03745167e-04 
 3.38700000e-04  1.03744758e-04 
 3.38800000e-04  1.03744572e-04 
 3.38900000e-04  1.03744436e-04 
 3.39000000e-04  1.03744353e-04 
 3.39100000e-04  1.70161665e-07 
 3.39200000e-04  1.69870262e-07 
 3.39300000e-04  1.69776496e-07 
 3.39400000e-04  1.69695745e-07 
 3.39500000e-04  1.69648739e-07 
 3.39600000e-04  1.55888508e-07 
 3.39700000e-04  1.55417163e-07 
 3.39800000e-04  1.55170753e-07 
 3.39900000e-04  1.54994793e-07 
 3.40000000e-04  1.54891442e-07 
 3.40100000e-04  1.70927184e-07 
 3.40200000e-04  1.70743343e-07 
 3.40300000e-04  1.70651221e-07 
 3.40400000e-04  1.70565494e-07 
 3.40500000e-04  1.70541642e-07 
 3.40600000e-04  1.57910287e-07 
 3.40700000e-04  1.57546998e-07 
 3.40800000e-04  1.57351522e-07 
 3.40900000e-04  1.57213137e-07 
 3.41000000e-04  1.57133575e-07 
 3.41100000e-04  1.70705399e-07 
 3.41200000e-04  1.70458341e-07 
 3.41300000e-04  1.70373423e-07 
 3.41400000e-04  1.70300471e-07 
 3.41500000e-04  1.70273929e-07 
 3.41600000e-04  1.56400259e-07 
 3.41700000e-04  1.55994474e-07 
 3.41800000e-04  1.55765637e-07 
 3.41900000e-04  1.55590777e-07 
 3.42000000e-04  1.55471533e-07 
 3.42100000e-04  1.73150210e-07 
 3.42200000e-04  1.72613876e-07 
 3.42300000e-04  1.72449987e-07 
 3.42400000e-04  1.72311779e-07 
 3.42500000e-04  1.72242664e-07 
 3.42600000e-04  1.63498008e-07 
 3.42700000e-04  1.63107754e-07 
 3.42800000e-04  1.62930937e-07 
 3.42900000e-04  1.62820651e-07 
 3.43000000e-04  1.62778928e-07 
 3.43100000e-04  1.69963059e-07 
 3.43200000e-04  1.69554709e-07 
 3.43300000e-04  1.69402002e-07 
 3.43400000e-04  1.69267077e-07 
 3.43500000e-04  1.69203126e-07 
 3.43600000e-04  1.55444933e-07 
 3.43700000e-04  1.54905331e-07 
 3.43800000e-04  1.54653160e-07 
 3.43900000e-04  1.54457632e-07 
 3.44000000e-04  1.54320462e-07 
 3.44100000e-04  1.70363045e-07 
 3.44200000e-04  1.70164926e-07 
 3.44300000e-04  1.70071294e-07 
 3.44400000e-04  1.69985313e-07 
 3.44500000e-04  1.69954404e-07 
 3.44600000e-04  1.57325621e-07 
 3.44700000e-04  1.56977168e-07 
 3.44800000e-04  1.56778320e-07 
 3.44900000e-04  1.56637633e-07 
 3.45000000e-04  1.56556871e-07 
 3.45100000e-04  1.70098261e-07 
 3.45200000e-04  1.69851903e-07 
 3.45300000e-04  1.69773762e-07 
 3.45400000e-04  1.69708374e-07 
 3.45500000e-04  1.69675190e-07 
 3.45600000e-04  1.55804717e-07 
 3.45700000e-04  1.55401295e-07 
 3.45800000e-04  1.55169282e-07 
 3.45900000e-04  1.54994770e-07 
 3.46000000e-04  1.54879501e-07 
 3.46100000e-04  1.71459245e-07 
 3.46200000e-04  1.71169273e-07 
 3.46300000e-04  1.71054215e-07 
 3.46400000e-04  1.70951086e-07 
 3.46500000e-04  1.70889339e-07 
 3.46600000e-04  1.59583338e-07 
 3.46700000e-04  1.59200613e-07 
 3.46800000e-04  1.59023212e-07 
 3.46900000e-04  1.58896422e-07 
 3.47000000e-04  1.58821770e-07 
 3.47100000e-04  1.70157601e-07 
 3.47200000e-04  1.69888886e-07 
 3.47300000e-04  1.69793277e-07 
 3.47400000e-04  1.69709073e-07 
 3.47500000e-04  1.69684138e-07 
 3.47600000e-04  1.55860428e-07 
 3.47700000e-04  1.55413374e-07 
 3.47800000e-04  1.55175861e-07 
 3.47900000e-04  1.54997590e-07 
 3.48000000e-04  1.54880361e-07 
 3.48100000e-04  1.70933096e-07 
 3.48200000e-04  1.70729789e-07 
 3.48300000e-04  1.70650460e-07 
 3.48400000e-04  1.70580387e-07 
 3.48500000e-04  1.70519874e-07 
 3.48600000e-04  1.57897962e-07 
 3.48700000e-04  1.57549198e-07 
 3.48800000e-04  1.57355486e-07 
 3.48900000e-04  1.57212823e-07 
 3.49000000e-04  1.57122747e-07 
 3.49100000e-04  1.70687279e-07 
 3.49200000e-04  1.70454328e-07 
 3.49300000e-04  1.70369234e-07 
 3.49400000e-04  1.70294588e-07 
 3.49500000e-04  1.70267710e-07 
 3.49600000e-04  1.56395414e-07 
 3.49700000e-04  1.55977969e-07 
 3.49800000e-04  1.55756605e-07 
 3.49900000e-04  1.55585129e-07 
 3.50000000e-04  1.55465036e-07 
 3.50100000e-04  1.72592928e-07 
 3.50200000e-04  1.72181209e-07 
 3.50300000e-04  1.72047813e-07 
 3.50400000e-04  1.71933444e-07 
 3.50500000e-04  1.71855652e-07 
 3.50600000e-04  1.61805098e-07 
 3.50700000e-04  1.61451617e-07 
 3.50800000e-04  1.61267178e-07 
 3.50900000e-04  1.61150620e-07 
 3.51000000e-04  1.61104008e-07 
 3.51100000e-04  1.70282680e-07 
 3.51200000e-04  1.69970506e-07 
 3.51300000e-04  1.69860668e-07 
 3.51400000e-04  1.69764519e-07 
 3.51500000e-04  1.69734238e-07 
 3.51600000e-04  1.55933591e-07 
 3.51700000e-04  1.55436103e-07 
 3.51800000e-04  1.55197680e-07 
 3.51900000e-04  1.55018302e-07 
 3.52000000e-04  1.54899757e-07 
 3.52100000e-04  1.70944478e-07 
 3.52200000e-04  1.70758789e-07 
 3.52300000e-04  1.70668295e-07 
 3.52400000e-04  1.70584202e-07 
 3.52500000e-04  1.70545763e-07 
 3.52600000e-04  1.57900262e-07 
 3.52700000e-04  1.57533873e-07 
 3.52800000e-04  1.57351471e-07 
 3.52900000e-04  1.57215335e-07 
 3.53000000e-04  1.57126841e-07 
 3.53100000e-04  1.70691610e-07 
 3.53200000e-04  1.70467539e-07 
 3.53300000e-04  1.70384160e-07 
 3.53400000e-04  1.70310753e-07 
 3.53500000e-04  1.70273032e-07 
 3.53600000e-04  1.56404566e-07 
 3.53700000e-04  1.55987637e-07 
 3.53800000e-04  1.55759760e-07 
 3.53900000e-04  1.55591711e-07 
 3.54000000e-04  1.55485299e-07 
 3.54100000e-04  1.72075980e-07 
 3.54200000e-04  1.71769880e-07 
 3.54300000e-04  1.71653257e-07 
 3.54400000e-04  1.71549714e-07 
 3.54500000e-04  1.71508237e-07 
 3.54600000e-04  1.60154737e-07 
 3.54700000e-04  1.59787741e-07 
 3.54800000e-04  1.59601588e-07 
 3.54900000e-04  1.59480523e-07 
 3.55000000e-04  1.59426522e-07 
 3.55100000e-04  1.70794830e-07 
 3.55200000e-04  1.70518694e-07 
 3.55300000e-04  1.70417966e-07 
 3.55400000e-04  1.70329262e-07 
 3.55500000e-04  1.70305290e-07 
 3.55600000e-04  1.56446210e-07 
 3.55700000e-04  1.55993366e-07 
 3.55800000e-04  1.55760745e-07 
 3.55900000e-04  1.55586100e-07 
 3.56000000e-04  1.55471179e-07 
 3.56100000e-04  1.71563618e-07 
 3.56200000e-04  1.71343070e-07 
 3.56300000e-04  1.71260835e-07 
 3.56400000e-04  1.71189887e-07 
 3.56500000e-04  1.71138823e-07 
 3.56600000e-04  1.58475401e-07 
 3.56700000e-04  1.58131266e-07 
 3.56800000e-04  1.57934977e-07 
 3.56900000e-04  1.57796420e-07 
 3.57000000e-04  1.57717336e-07 
 3.57100000e-04  1.71322355e-07 
 3.57200000e-04  1.71087366e-07 
 3.57300000e-04  1.70999196e-07 
 3.57400000e-04  1.70921428e-07 
 3.57500000e-04  1.70894120e-07 
 3.57600000e-04  1.56991979e-07 
 3.57700000e-04  1.56558092e-07 
 3.57800000e-04  1.56340873e-07 
 3.57900000e-04  1.56179503e-07 
 3.58000000e-04  1.56075663e-07 
 3.58100000e-04  1.74283579e-07 
 3.58200000e-04  1.73647545e-07 
 3.58300000e-04  1.73450278e-07 
 3.58400000e-04  1.73282701e-07 
 3.58500000e-04  1.73209930e-07 
 3.58600000e-04  1.65736512e-07 
 3.58700000e-04  1.65364091e-07 
 3.58800000e-04  1.65191091e-07 
 3.58900000e-04  1.65089641e-07 
 3.59000000e-04  1.65061918e-07 
 3.59100000e-04  1.70584261e-07 
 3.59200000e-04  1.69784428e-07 
 3.59300000e-04  1.69531716e-07 
 3.59400000e-04  1.69316046e-07 
 3.59500000e-04  1.69231138e-07 
 3.59600000e-04  1.55509857e-07 
 3.59700000e-04  1.54940771e-07 
 3.59800000e-04  1.54670177e-07 
 3.59900000e-04  1.54464831e-07 
 3.60000000e-04  1.54326706e-07 
 3.60100000e-04  1.70365036e-07 
 3.60200000e-04  1.70168034e-07 
 3.60300000e-04  1.70077104e-07 
 3.60400000e-04  1.69993408e-07 
 3.60500000e-04  1.69947002e-07 
 3.60600000e-04  1.57337595e-07 
 3.60700000e-04  1.56979097e-07 
 3.60800000e-04  1.56774276e-07 
 3.60900000e-04  1.56633327e-07 
 3.61000000e-04  1.56558178e-07 
 3.61100000e-04  1.70091293e-07 
 3.61200000e-04  1.69859597e-07 
 3.61300000e-04  1.69780785e-07 
 3.61400000e-04  1.69712893e-07 
 3.61500000e-04  1.69672610e-07 
 3.61600000e-04  1.55816606e-07 
 3.61700000e-04  1.55395271e-07 
 3.61800000e-04  1.55168198e-07 
 3.61900000e-04  1.54997258e-07 
 3.62000000e-04  1.54884136e-07 
 3.62100000e-04  1.71459265e-07 
 3.62200000e-04  1.71158832e-07 
 3.62300000e-04  1.71050488e-07 
 3.62400000e-04  1.70955313e-07 
 3.62500000e-04  1.70904085e-07 
 3.62600000e-04  1.59576788e-07 
 3.62700000e-04  1.59210005e-07 
 3.62800000e-04  1.59011047e-07 
 3.62900000e-04  1.58882419e-07 
 3.63000000e-04  1.58826257e-07 
 3.63100000e-04  1.70162672e-07 
 3.63200000e-04  1.69906736e-07 
 3.63300000e-04  1.69804114e-07 
 3.63400000e-04  1.69711120e-07 
 3.63500000e-04  1.69680838e-07 
 3.63600000e-04  1.55857378e-07 
 3.63700000e-04  1.55414731e-07 
 3.63800000e-04  1.55183971e-07 
 3.63900000e-04  1.55003921e-07 
 3.64000000e-04  1.54876092e-07 
 3.64100000e-04  1.70931792e-07 
 3.64200000e-04  1.70729938e-07 
 3.64300000e-04  1.70644397e-07 
 3.64400000e-04  1.70567641e-07 
 3.64500000e-04  1.70528689e-07 
 3.64600000e-04  1.57891740e-07 
 3.64700000e-04  1.57546185e-07 
 3.64800000e-04  1.57343958e-07 
 3.64900000e-04  1.57201667e-07 
 3.65000000e-04  1.57121114e-07 
 3.65100000e-04  1.70700559e-07 
 3.65200000e-04  1.70458928e-07 
 3.65300000e-04  1.70370422e-07 
 3.65400000e-04  1.70293154e-07 
 3.65500000e-04  1.70266134e-07 
 3.65600000e-04  1.56395917e-07 
 3.65700000e-04  1.55984172e-07 
 3.65800000e-04  1.55758699e-07 
 3.65900000e-04  1.55590658e-07 
 3.66000000e-04  1.55481771e-07 
 3.66100000e-04  1.72599530e-07 
 3.66200000e-04  1.72200607e-07 
 3.66300000e-04  1.72054809e-07 
 3.66400000e-04  1.71925329e-07 
 3.66500000e-04  1.71859500e-07 
 3.66600000e-04  1.61822497e-07 
 3.66700000e-04  1.61445038e-07 
 3.66800000e-04  1.61265651e-07 
 3.66900000e-04  1.61143998e-07 
 3.67000000e-04  1.61081811e-07 
 3.67100000e-04  1.70286063e-07 
 3.67200000e-04  1.69984290e-07 
 3.67300000e-04  1.69875635e-07 
 3.67400000e-04  1.69779979e-07 
 3.67500000e-04  1.69732688e-07 
 3.67600000e-04  1.55941274e-07 
 3.67700000e-04  1.55444366e-07 
 3.67800000e-04  1.55201017e-07 
 3.67900000e-04  1.55020081e-07 
 3.68000000e-04  1.54903436e-07 
 3.68100000e-04  1.70949146e-07 
 3.68200000e-04  1.70748317e-07 
 3.68300000e-04  1.70655804e-07 
 3.68400000e-04  1.70570936e-07 
 3.68500000e-04  1.70531681e-07 
 3.68600000e-04  1.57914361e-07 
 3.68700000e-04  1.57551924e-07 
 3.68800000e-04  1.57349311e-07 
 3.68900000e-04  1.57209829e-07 
 3.69000000e-04  1.57135378e-07 
 3.69100000e-04  1.70705203e-07 
 3.69200000e-04  1.70467460e-07 
 3.69300000e-04  1.70384261e-07 
 3.69400000e-04  1.70312382e-07 
 3.69500000e-04  1.70270178e-07 
 3.69600000e-04  1.56399365e-07 
 3.69700000e-04  1.55988591e-07 
 3.69800000e-04  1.55767954e-07 
 3.69900000e-04  1.55599214e-07 
 3.70000000e-04  1.55483916e-07 
 3.70100000e-04  1.72073580e-07 
 3.70200000e-04  1.71771314e-07 
 3.70300000e-04  1.71655900e-07 
 3.70400000e-04  1.71553062e-07 
 3.70500000e-04  1.71498807e-07 
 3.70600000e-04  1.60158444e-07 
 3.70700000e-04  1.59790394e-07 
 3.70800000e-04  1.59600771e-07 
 3.70900000e-04  1.59472637e-07 
 3.71000000e-04  1.59407836e-07 
 3.71100000e-04  1.70769931e-07 
 3.71200000e-04  1.70508463e-07 
 3.71300000e-04  1.70417683e-07 
 3.71400000e-04  1.70338198e-07 
 3.71500000e-04  1.70298961e-07 
 3.71600000e-04  1.56453826e-07 
 3.71700000e-04  1.55994263e-07 
 3.71800000e-04  1.55764138e-07 
 3.71900000e-04  1.55587870e-07 
 3.72000000e-04  1.55467060e-07 
 3.72100000e-04  1.71543640e-07 
 3.72200000e-04  1.71356992e-07 
 3.72300000e-04  1.71270228e-07 
 3.72400000e-04  1.71190356e-07 
 3.72500000e-04  1.71154991e-07 
 3.72600000e-04  1.58477564e-07 
 3.72700000e-04  1.58114284e-07 
 3.72800000e-04  1.57924924e-07 
 3.72900000e-04  1.57798028e-07 
 3.73000000e-04  1.57735469e-07 
 3.73100000e-04  1.71329514e-07 
 3.73200000e-04  1.71074040e-07 
 3.73300000e-04  1.70989904e-07 
 3.73400000e-04  1.70918940e-07 
 3.73500000e-04  1.70892008e-07 
 3.73600000e-04  1.56969759e-07 
 3.73700000e-04  1.56560472e-07 
 3.73800000e-04  1.56347050e-07 
 3.73900000e-04  1.56181436e-07 
 3.74000000e-04  1.56065038e-07 
 3.74100000e-04  1.73759357e-07 
 3.74200000e-04  1.73245865e-07 
 3.74300000e-04  1.73070968e-07 
 3.74400000e-04  1.72918393e-07 
 3.74500000e-04  1.72850706e-07 
 3.74600000e-04  1.64065141e-07 
 3.74700000e-04  1.63692628e-07 
 3.74800000e-04  1.63517729e-07 
 3.74900000e-04  1.63409132e-07 
 3.75000000e-04  1.63368830e-07 
 3.75100000e-04  1.70564813e-07 
 3.75200000e-04  1.70169683e-07 
 3.75300000e-04  1.70013362e-07 
 3.75400000e-04  1.69872918e-07 
 3.75500000e-04  1.69821981e-07 
 3.75600000e-04  1.56051514e-07 
 3.75700000e-04  1.55489280e-07 
 3.75800000e-04  1.55239266e-07 
 3.75900000e-04  1.55047259e-07 
 3.76000000e-04  1.54914989e-07 
 3.76100000e-04  1.70982220e-07 
 3.76200000e-04  1.70790294e-07 
 3.76300000e-04  1.70695448e-07 
 3.76400000e-04  1.70607107e-07 
 3.76500000e-04  1.70567176e-07 
 3.76600000e-04  1.57909024e-07 
 3.76700000e-04  1.57548149e-07 
 3.76800000e-04  1.57361688e-07 
 3.76900000e-04  1.57230865e-07 
 3.77000000e-04  1.57157336e-07 
 3.77100000e-04  1.70715606e-07 
 3.77200000e-04  1.70478821e-07 
 3.77300000e-04  1.70399449e-07 
 3.77400000e-04  1.70331475e-07 
 3.77500000e-04  1.70290181e-07 
 3.77600000e-04  1.56400638e-07 
 3.77700000e-04  1.55992046e-07 
 3.77800000e-04  1.55768138e-07 
 3.77900000e-04  1.55598065e-07 
 3.78000000e-04  1.55483422e-07 
 3.78100000e-04  1.72078209e-07 
 3.78200000e-04  1.71775417e-07 
 3.78300000e-04  1.71669603e-07 
 3.78400000e-04  1.71577495e-07 
 3.78500000e-04  1.71507119e-07 
 3.78600000e-04  1.60156598e-07 
 3.78700000e-04  1.59786697e-07 
 3.78800000e-04  1.59602479e-07 
 3.78900000e-04  1.59475935e-07 
 3.79000000e-04  1.59408785e-07 
 3.79100000e-04  1.70781526e-07 
 3.79200000e-04  1.70512932e-07 
 3.79300000e-04  1.70415343e-07 
 3.79400000e-04  1.70328919e-07 
 3.79500000e-04  1.70289130e-07 
 3.79600000e-04  1.56452096e-07 
 3.79700000e-04  1.55989878e-07 
 3.79800000e-04  1.55765848e-07 
 3.79900000e-04  1.55595893e-07 
 3.80000000e-04  1.55481613e-07 
 3.80100000e-04  1.71557186e-07 
 3.80200000e-04  1.71364560e-07 
 3.80300000e-04  1.71272562e-07 
 3.80400000e-04  1.71187715e-07 
 3.80500000e-04  1.71140331e-07 
 3.80600000e-04  1.58488098e-07 
 3.80700000e-04  1.58123135e-07 
 3.80800000e-04  1.57942825e-07 
 3.80900000e-04  1.57809690e-07 
 3.81000000e-04  1.57725109e-07 
 3.81100000e-04  1.71310595e-07 
 3.81200000e-04  1.71081221e-07 
 3.81300000e-04  1.70996112e-07 
 3.81400000e-04  1.70920962e-07 
 3.81500000e-04  1.70885061e-07 
 3.81600000e-04  1.56990013e-07 
 3.81700000e-04  1.56560433e-07 
 3.81800000e-04  1.56342573e-07 
 3.81900000e-04  1.56175313e-07 
 3.82000000e-04  1.56060143e-07 
 3.82100000e-04  1.73219250e-07 
 3.82200000e-04  1.72821211e-07 
 3.82300000e-04  1.72679547e-07 
 3.82400000e-04  1.72554758e-07 
 3.82500000e-04  1.72482282e-07 
 3.82600000e-04  1.62415426e-07 
 3.82700000e-04  1.62043119e-07 
 3.82800000e-04  1.61869192e-07 
 3.82900000e-04  1.61751914e-07 
 3.83000000e-04  1.61692970e-07 
 3.83100000e-04  1.70913069e-07 
 3.83200000e-04  1.70596607e-07 
 3.83300000e-04  1.70481223e-07 
 3.83400000e-04  1.70379352e-07 
 3.83500000e-04  1.70340516e-07 
 3.83600000e-04  1.56516223e-07 
 3.83700000e-04  1.56032360e-07 
 3.83800000e-04  1.55794174e-07 
 3.83900000e-04  1.55610769e-07 
 3.84000000e-04  1.55483768e-07 
 3.84100000e-04  1.71578811e-07 
 3.84200000e-04  1.71384627e-07 
 3.84300000e-04  1.71292926e-07 
 3.84400000e-04  1.71208718e-07 
 3.84500000e-04  1.71155789e-07 
 3.84600000e-04  1.58485186e-07 
 3.84700000e-04  1.58137018e-07 
 3.84800000e-04  1.57939780e-07 
 3.84900000e-04  1.57802923e-07 
 3.85000000e-04  1.57728243e-07 
 3.85100000e-04  1.71336877e-07 
 3.85200000e-04  1.71089836e-07 
 3.85300000e-04  1.71002182e-07 
 3.85400000e-04  1.70926338e-07 
 3.85500000e-04  1.70897256e-07 
 3.85600000e-04  1.56997014e-07 
 3.85700000e-04  1.56585773e-07 
 3.85800000e-04  1.56354326e-07 
 3.85900000e-04  1.56185733e-07 
 3.86000000e-04  1.56081871e-07 
 3.86100000e-04  1.72709840e-07 
 3.86200000e-04  1.72397914e-07 
 3.86300000e-04  1.72278438e-07 
 3.86400000e-04  1.72172272e-07 
 3.86500000e-04  1.72126963e-07 
 3.86600000e-04  1.60750423e-07 
 3.86700000e-04  1.60374734e-07 
 3.86800000e-04  1.60194575e-07 
 3.86900000e-04  1.60070037e-07 
 3.87000000e-04  1.60002765e-07 
 3.87100000e-04  1.71410764e-07 
 3.87200000e-04  1.71145918e-07 
 3.87300000e-04  1.71042955e-07 
 3.87400000e-04  1.70950779e-07 
 3.87500000e-04  1.70927309e-07 
 3.87600000e-04  1.57035603e-07 
 3.87700000e-04  1.56596345e-07 
 3.87800000e-04  1.56370677e-07 
 3.87900000e-04  1.56192482e-07 
 3.88000000e-04  1.56063143e-07 
 3.88100000e-04  1.72174264e-07 
 3.88200000e-04  1.71970629e-07 
 3.88300000e-04  1.71881426e-07 
 3.88400000e-04  1.71800744e-07 
 3.88500000e-04  1.71760001e-07 
 3.88600000e-04  1.59069550e-07 
 3.88700000e-04  1.58724412e-07 
 3.88800000e-04  1.58533527e-07 
 3.88900000e-04  1.58404743e-07 
 3.89000000e-04  1.58339910e-07 
 3.89100000e-04  1.71940019e-07 
 3.89200000e-04  1.71714461e-07 
 3.89300000e-04  1.71619489e-07 
 3.89400000e-04  1.71533184e-07 
 3.89500000e-04  1.71511963e-07 
 3.89600000e-04  1.57569999e-07 
 3.89700000e-04  1.57165333e-07 
 3.89800000e-04  1.56944019e-07 
 3.89900000e-04  1.56776454e-07 
 3.90000000e-04  1.56664219e-07 
 3.90100000e-04  1.75963565e-07 
 3.90200000e-04  1.75129053e-07 
 3.90300000e-04  1.74870340e-07 
 3.90400000e-04  1.74649084e-07 
 3.90500000e-04  1.74570676e-07 
 3.90600000e-04  1.69630240e-07 
 3.90700000e-04  1.69280277e-07 
 3.90800000e-04  1.69110715e-07 
 3.90900000e-04  1.69023921e-07 
 3.91000000e-04  1.69022398e-07 
 3.91100000e-04  1.70175855e-07 
 3.91200000e-04  1.69193396e-07 
 3.91300000e-04  1.68929686e-07 
 3.91400000e-04  1.68711711e-07 
 3.91500000e-04  1.68635910e-07 
 3.91600000e-04  1.55005737e-07 
 3.91700000e-04  1.54344558e-07 
 3.91800000e-04  1.54067242e-07 
 3.91900000e-04  1.53864453e-07 
 3.92000000e-04  1.53738432e-07 
 3.92100000e-04  1.69749028e-07 
 3.92200000e-04  1.69553107e-07 
 3.92300000e-04  1.69466418e-07 
 3.92400000e-04  1.69387627e-07 
 3.92500000e-04  1.69335286e-07 
 3.92600000e-04  1.56739808e-07 
 3.92700000e-04  1.56380082e-07 
 3.92800000e-04  1.56189440e-07 
 3.92900000e-04  1.56051650e-07 
 3.93000000e-04  1.55968262e-07 
 3.93100000e-04  1.69482373e-07 
 3.93200000e-04  1.69239360e-07 
 3.93300000e-04  1.69160864e-07 
 3.93400000e-04  1.69094918e-07 
 3.93500000e-04  1.69065328e-07 
 3.93600000e-04  1.55232307e-07 
 3.93700000e-04  1.54805301e-07 
 3.93800000e-04  1.54581981e-07 
 3.93900000e-04  1.54407472e-07 
 3.94000000e-04  1.54283196e-07 
 3.94100000e-04  1.70831678e-07 
 3.94200000e-04  1.70549913e-07 
 3.94300000e-04  1.70434647e-07 
 3.94400000e-04  1.70329813e-07 
 3.94500000e-04  1.70281643e-07 
 3.94600000e-04  1.58972168e-07 
 3.94700000e-04  1.58604748e-07 
 3.94800000e-04  1.58426175e-07 
 3.94900000e-04  1.58302174e-07 
 3.95000000e-04  1.58234352e-07 
 3.95100000e-04  1.69542492e-07 
 3.95200000e-04  1.69268669e-07 
 3.95300000e-04  1.69184636e-07 
 3.95400000e-04  1.69113822e-07 
 3.95500000e-04  1.69059791e-07 
 3.95600000e-04  1.55279011e-07 
 3.95700000e-04  1.54814655e-07 
 3.95800000e-04  1.54575783e-07 
 3.95900000e-04  1.54401016e-07 
 3.96000000e-04  1.54292263e-07 
 3.96100000e-04  1.70304010e-07 
 3.96200000e-04  1.70123430e-07 
 3.96300000e-04  1.70040197e-07 
 3.96400000e-04  1.69963492e-07 
 3.96500000e-04  1.69914943e-07 
 3.96600000e-04  1.57312671e-07 
 3.96700000e-04  1.56938037e-07 
 3.96800000e-04  1.56752059e-07 
 3.96900000e-04  1.56617027e-07 
 3.97000000e-04  1.56534432e-07 
 3.97100000e-04  1.70066386e-07 
 3.97200000e-04  1.69833887e-07 
 3.97300000e-04  1.69757447e-07 
 3.97400000e-04  1.69692538e-07 
 3.97500000e-04  1.69646992e-07 
 3.97600000e-04  1.55802443e-07 
 3.97700000e-04  1.55392440e-07 
 3.97800000e-04  1.55164939e-07 
 3.97900000e-04  1.54996201e-07 
 3.98000000e-04  1.54887960e-07 
 3.98100000e-04  1.71977836e-07 
 3.98200000e-04  1.71560921e-07 
 3.98300000e-04  1.71423402e-07 
 3.98400000e-04  1.71305392e-07 
 3.98500000e-04  1.71244979e-07 
 3.98600000e-04  1.61231039e-07 
 3.98700000e-04  1.60848821e-07 
 3.98800000e-04  1.60660103e-07 
 3.98900000e-04  1.60542135e-07 
 3.99000000e-04  1.60497029e-07 
 3.99100000e-04  1.69661089e-07 
 3.99200000e-04  1.69350189e-07 
 3.99300000e-04  1.69249590e-07 
 3.99400000e-04  1.69163441e-07 
 3.99500000e-04  1.69108289e-07 
 3.99600000e-04  1.55332645e-07 
 3.99700000e-04  1.54839160e-07 
 3.99800000e-04  1.54596966e-07 
 3.99900000e-04  1.54414238e-07 
 4.00000000e-04  1.54292726e-07 
 4.00100000e-04  1.70311441e-07 
 4.00200000e-04  1.70122223e-07 
 4.00300000e-04  1.70043046e-07 
 4.00400000e-04  1.69971713e-07 
 4.00500000e-04  1.69932629e-07 
 4.00600000e-04  1.57316199e-07 
 4.00700000e-04  1.56954996e-07 
 4.00800000e-04  1.56759870e-07 
 4.00900000e-04  1.56618524e-07 
 4.01000000e-04  1.56532531e-07 
 4.01100000e-04  1.70076794e-07 
 4.01200000e-04  1.69840251e-07 
 4.01300000e-04  1.69759511e-07 
 4.01400000e-04  1.69690212e-07 
 4.01500000e-04  1.69659512e-07 
 4.01600000e-04  1.55811554e-07 
 4.01700000e-04  1.55381171e-07 
 4.01800000e-04  1.55158864e-07 
 4.01900000e-04  1.54992349e-07 
 4.02000000e-04  1.54883258e-07 
 4.02100000e-04  1.71453607e-07 
 4.02200000e-04  1.71151875e-07 
 4.02300000e-04  1.71040437e-07 
 4.02400000e-04  1.70942168e-07 
 4.02500000e-04  1.70878661e-07 
 4.02600000e-04  1.59557597e-07 
 4.02700000e-04  1.59191376e-07 
 4.02800000e-04  1.59012100e-07 
 4.02900000e-04  1.58888285e-07 
 4.03000000e-04  1.58821557e-07 
 4.03100000e-04  1.70161548e-07 
 4.03200000e-04  1.69891979e-07 
 4.03300000e-04  1.69791352e-07 
 4.03400000e-04  1.69702008e-07 
 4.03500000e-04  1.69670143e-07 
 4.03600000e-04  1.55859833e-07 
 4.03700000e-04  1.55402116e-07 
 4.03800000e-04  1.55172365e-07 
 4.03900000e-04  1.54992187e-07 
 4.04000000e-04  1.54863017e-07 
 4.04100000e-04  1.70923168e-07 
 4.04200000e-04  1.70736872e-07 
 4.04300000e-04  1.70652650e-07 
 4.04400000e-04  1.70575659e-07 
 4.04500000e-04  1.70523397e-07 
 4.04600000e-04  1.57905534e-07 
 4.04700000e-04  1.57544028e-07 
 4.04800000e-04  1.57349628e-07 
 4.04900000e-04  1.57209022e-07 
 4.05000000e-04  1.57123775e-07 
 4.05100000e-04  1.70682922e-07 
 4.05200000e-04  1.70444556e-07 
 4.05300000e-04  1.70362852e-07 
 4.05400000e-04  1.70292604e-07 
 4.05500000e-04  1.70259979e-07 
 4.05600000e-04  1.56394494e-07 
 4.05700000e-04  1.55970413e-07 
 4.05800000e-04  1.55743232e-07 
 4.05900000e-04  1.55572811e-07 
 4.06000000e-04  1.55460814e-07 
 4.06100000e-04  1.73135938e-07 
 4.06200000e-04  1.72620266e-07 
 4.06300000e-04  1.72443692e-07 
 4.06400000e-04  1.72289426e-07 
 4.06500000e-04  1.72220551e-07 
 4.06600000e-04  1.63465218e-07 
 4.06700000e-04  1.63101104e-07 
 4.06800000e-04  1.62921843e-07 
 4.06900000e-04  1.62813370e-07 
 4.07000000e-04  1.62777788e-07 
 4.07100000e-04  1.69933828e-07 
 4.07200000e-04  1.69542856e-07 
 4.07300000e-04  1.69394047e-07 
 4.07400000e-04  1.69261356e-07 
 4.07500000e-04  1.69202412e-07 
 4.07600000e-04  1.55448861e-07 
 4.07700000e-04  1.54904201e-07 
 4.07800000e-04  1.54639985e-07 
 4.07900000e-04  1.54449945e-07 
 4.08000000e-04  1.54336295e-07 
 4.08100000e-04  1.70345312e-07 
 4.08200000e-04  1.70151571e-07 
 4.08300000e-04  1.70062459e-07 
 4.08400000e-04  1.69980510e-07 
 4.08500000e-04  1.69947312e-07 
 4.08600000e-04  1.57320311e-07 
 4.08700000e-04  1.56954781e-07 
 4.08800000e-04  1.56770294e-07 
 4.08900000e-04  1.56636697e-07 
 4.09000000e-04  1.56555465e-07 
 4.09100000e-04  1.70091029e-07 
 4.09200000e-04  1.69847114e-07 
 4.09300000e-04  1.69767674e-07 
 4.09400000e-04  1.69700779e-07 
 4.09500000e-04  1.69669028e-07 
 4.09600000e-04  1.55809340e-07 
 4.09700000e-04  1.55397641e-07 
 4.09800000e-04  1.55168532e-07 
 4.09900000e-04  1.54994753e-07 
 4.10000000e-04  1.54877920e-07 
 4.10100000e-04  1.71466737e-07 
 4.10200000e-04  1.71160252e-07 
 4.10300000e-04  1.71041565e-07 
 4.10400000e-04  1.70936123e-07 
 4.10500000e-04  1.70890105e-07 
 4.10600000e-04  1.59569445e-07 
 4.10700000e-04  1.59203059e-07 
 4.10800000e-04  1.59009600e-07 
 4.10900000e-04  1.58879882e-07 
 4.11000000e-04  1.58815784e-07 
 4.11100000e-04  1.70161570e-07 
 4.11200000e-04  1.69891142e-07 
 4.11300000e-04  1.69792530e-07 
 4.11400000e-04  1.69705359e-07 
 4.11500000e-04  1.69681064e-07 
 4.11600000e-04  1.55863093e-07 
 4.11700000e-04  1.55395792e-07 
 4.11800000e-04  1.55165500e-07 
 4.11900000e-04  1.54993065e-07 
 4.12000000e-04  1.54880176e-07 
 4.12100000e-04  1.70915577e-07 
 4.12200000e-04  1.70720472e-07 
 4.12300000e-04  1.70640425e-07 
 4.12400000e-04  1.70568787e-07 
 4.12500000e-04  1.70529382e-07 
 4.12600000e-04  1.57906393e-07 
 4.12700000e-04  1.57521290e-07 
 4.12800000e-04  1.57346559e-07 
 4.12900000e-04  1.57217678e-07 
 4.13000000e-04  1.57135954e-07 
 4.13100000e-04  1.70690712e-07 
 4.13200000e-04  1.70469437e-07 
 4.13300000e-04  1.70385172e-07 
 4.13400000e-04  1.70310565e-07 
 4.13500000e-04  1.70277872e-07 
 4.13600000e-04  1.56384888e-07 
 4.13700000e-04  1.55974244e-07 
 4.13800000e-04  1.55746860e-07 
 4.13900000e-04  1.55580025e-07 
 4.14000000e-04  1.55475512e-07 
 4.14100000e-04  1.72594634e-07 
 4.14200000e-04  1.72189523e-07 
 4.14300000e-04  1.72048985e-07 
 4.14400000e-04  1.71925808e-07 
 4.14500000e-04  1.71855265e-07 
 4.14600000e-04  1.61821704e-07 
 4.14700000e-04  1.61448962e-07 
 4.14800000e-04  1.61268491e-07 
 4.14900000e-04  1.61146920e-07 
 4.15000000e-04  1.61085971e-07 
 4.15100000e-04  1.70286293e-07 
 4.15200000e-04  1.69969089e-07 
 4.15300000e-04  1.69864035e-07 
 4.15400000e-04  1.69773811e-07 
 4.15500000e-04  1.69730034e-07 
 4.15600000e-04  1.55935584e-07 
 4.15700000e-04  1.55430573e-07 
 4.15800000e-04  1.55194561e-07 
 4.15900000e-04  1.55011253e-07 
 4.16000000e-04  1.54882176e-07 
 4.16100000e-04  1.70944865e-07 
 4.16200000e-04  1.70752249e-07 
 4.16300000e-04  1.70657967e-07 
 4.16400000e-04  1.70570503e-07 
 4.16500000e-04  1.70526152e-07 
 4.16600000e-04  1.57900370e-07 
 4.16700000e-04  1.57550155e-07 
 4.16800000e-04  1.57361815e-07 
 4.16900000e-04  1.57223261e-07 
 4.17000000e-04  1.57135926e-07 
 4.17100000e-04  1.70699762e-07 
 4.17200000e-04  1.70472124e-07 
 4.17300000e-04  1.70386837e-07 
 4.17400000e-04  1.70311828e-07 
 4.17500000e-04  1.70266816e-07 
 4.17600000e-04  1.56384300e-07 
 4.17700000e-04  1.55979702e-07 
 4.17800000e-04  1.55755307e-07 
 4.17900000e-04  1.55582174e-07 
 4.18000000e-04  1.55461780e-07 
 4.18100000e-04  1.72077948e-07 
 4.18200000e-04  1.71771326e-07 
 4.18300000e-04  1.71653291e-07 
 4.18400000e-04  1.71548219e-07 
 4.18500000e-04  1.71495685e-07 
 4.18600000e-04  1.60159242e-07 
 4.18700000e-04  1.59784810e-07 
 4.18800000e-04  1.59603363e-07 
 4.18900000e-04  1.59476131e-07 
 4.19000000e-04  1.59404681e-07 
 4.19100000e-04  1.70785919e-07 
 4.19200000e-04  1.70513873e-07 
 4.19300000e-04  1.70421278e-07 
 4.19400000e-04  1.70341264e-07 
 4.19500000e-04  1.70295573e-07 
 4.19600000e-04  1.56432069e-07 
 4.19700000e-04  1.55993153e-07 
 4.19800000e-04  1.55764507e-07 
 4.19900000e-04  1.55595640e-07 
 4.20000000e-04  1.55488145e-07 
 4.20100000e-04  1.73480245e-07 
 4.20200000e-04  1.72944537e-07 
 4.20300000e-04  1.72763514e-07 
 4.20400000e-04  1.72679499e-07 
 4.20500000e-04  1.72626830e-07 
 4.20600000e-04  1.59509514e-07 
 4.20700000e-04  1.58970263e-07 
 4.20800000e-04  1.58723866e-07 
 4.20900000e-04  1.58550491e-07 
 4.21000000e-04  1.58451549e-07 
 4.21100000e-04  1.03758241e-04 
 4.21200000e-04  1.03757820e-04 
 4.21300000e-04  1.03757700e-04 
 4.21400000e-04  1.03757601e-04 
 4.21500000e-04  1.03757537e-04 
 4.21600000e-04  1.03743658e-04 
 4.21700000e-04  1.03743227e-04 
 4.21800000e-04  1.03742991e-04 
 4.21900000e-04  1.03742815e-04 
 4.22000000e-04  1.03742701e-04 
 4.22100000e-04  1.75445442e-07 
 4.22200000e-04  1.74770030e-07 
 4.22300000e-04  1.74563923e-07 
 4.22400000e-04  1.74389344e-07 
 4.22500000e-04  1.74321357e-07 
 4.22600000e-04  1.66815633e-07 
 4.22700000e-04  1.66451642e-07 
 4.22800000e-04  1.66280011e-07 
 4.22900000e-04  1.66175739e-07 
 4.23000000e-04  1.66140811e-07 
 4.23100000e-04  1.71720232e-07 
 4.23200000e-04  1.70925048e-07 
 4.23300000e-04  1.70674977e-07 
 4.23400000e-04  1.70461901e-07 
 4.23500000e-04  1.70363224e-07 
 4.23600000e-04  1.56587692e-07 
 4.23700000e-04  1.56020889e-07 
 4.23800000e-04  1.55746206e-07 
 4.23900000e-04  1.55546646e-07 
 4.24000000e-04  1.55424434e-07 
 4.24100000e-04  1.71527293e-07 
 4.24200000e-04  1.71304056e-07 
 4.24300000e-04  1.71209443e-07 
 4.24400000e-04  1.71124645e-07 
 4.24500000e-04  1.71079121e-07 
 4.24600000e-04  1.58407350e-07 
 4.24700000e-04  1.58049395e-07 
 4.24800000e-04  1.57865569e-07 
 4.24900000e-04  1.57729289e-07 
 4.25000000e-04  1.57641907e-07 
 4.25100000e-04  1.71248981e-07 
 4.25200000e-04  1.71007817e-07 
 4.25300000e-04  1.70915285e-07 
 4.25400000e-04  1.70833728e-07 
 4.25500000e-04  1.70799304e-07 
 4.25600000e-04  1.56896573e-07 
 4.25700000e-04  1.56478694e-07 
 4.25800000e-04  1.56257909e-07 
 4.25900000e-04  1.56088473e-07 
 4.26000000e-04  1.55971858e-07 
 4.26100000e-04  1.72609267e-07 
 4.26200000e-04  1.72300415e-07 
 4.26300000e-04  1.72182673e-07 
 4.26400000e-04  1.72077990e-07 
 4.26500000e-04  1.72026058e-07 
 4.26600000e-04  1.60629777e-07 
 4.26700000e-04  1.60287348e-07 
 4.26800000e-04  1.60093936e-07 
 4.26900000e-04  1.59964684e-07 
 4.27000000e-04  1.59901468e-07 
 4.27100000e-04  1.71315747e-07 
 4.27200000e-04  1.71028230e-07 
 4.27300000e-04  1.70936206e-07 
 4.27400000e-04  1.70857835e-07 
 4.27500000e-04  1.70814437e-07 
 4.27600000e-04  1.56924112e-07 
 4.27700000e-04  1.56473251e-07 
 4.27800000e-04  1.56251187e-07 
 4.27900000e-04  1.56077918e-07 
 4.28000000e-04  1.55954833e-07 
 4.28100000e-04  1.72073884e-07 
 4.28200000e-04  1.71868986e-07 
 4.28300000e-04  1.71783764e-07 
 4.28400000e-04  1.71707154e-07 
 4.28500000e-04  1.71655533e-07 
 4.28600000e-04  1.58971202e-07 
 4.28700000e-04  1.58618185e-07 
 4.28800000e-04  1.58418554e-07 
 4.28900000e-04  1.58285546e-07 
 4.29000000e-04  1.58221116e-07 
 4.29100000e-04  1.71834389e-07 
 4.29200000e-04  1.71592916e-07 
 4.29300000e-04  1.71512047e-07 
 4.29400000e-04  1.71442972e-07 
 4.29500000e-04  1.71407803e-07 
 4.29600000e-04  1.57465271e-07 
 4.29700000e-04  1.57063281e-07 
 4.29800000e-04  1.56837462e-07 
 4.29900000e-04  1.56671419e-07 
 4.30000000e-04  1.56566884e-07 
 4.30100000e-04  1.73750629e-07 
 4.30200000e-04  1.73337585e-07 
 4.30300000e-04  1.73186038e-07 
 4.30400000e-04  1.73051836e-07 
 4.30500000e-04  1.73000363e-07 
 4.30600000e-04  1.62886529e-07 
 4.30700000e-04  1.62528713e-07 
 4.30800000e-04  1.62343668e-07 
 4.30900000e-04  1.62226572e-07 
 4.31000000e-04  1.62179255e-07 
 4.31100000e-04  1.73530328e-07 
 4.31200000e-04  1.72690046e-07 
 4.31300000e-04  1.72422337e-07 
 4.31400000e-04  1.72290567e-07 
 4.31500000e-04  1.72202722e-07 
 4.31600000e-04  1.57868549e-07 
 4.31700000e-04  1.57213414e-07 
 4.31800000e-04  1.56941143e-07 
 4.31900000e-04  1.56746494e-07 
 4.32000000e-04  1.56630964e-07 
 4.32100000e-04  1.03759034e-04 
 4.32200000e-04  1.03758625e-04 
 4.32300000e-04  1.03758497e-04 
 4.32400000e-04  1.03758388e-04 
 4.32500000e-04  1.03758343e-04 
 4.32600000e-04  1.03745657e-04 
 4.32700000e-04  1.03745275e-04 
 4.32800000e-04  1.03745088e-04 
 4.32900000e-04  1.03744956e-04 
 4.33000000e-04  1.03744879e-04 
 4.33100000e-04  1.73000833e-07 
 4.33200000e-04  1.72721158e-07 
 4.33300000e-04  1.72628088e-07 
 4.33400000e-04  1.72548139e-07 
 4.33500000e-04  1.72509675e-07 
 4.33600000e-04  1.58562468e-07 
 4.33700000e-04  1.58135575e-07 
 4.33800000e-04  1.57923779e-07 
 4.33900000e-04  1.57762133e-07 
 4.34000000e-04  1.57652067e-07 
 4.34100000e-04  1.74368886e-07 
 4.34200000e-04  1.74054564e-07 
 4.34300000e-04  1.73932922e-07 
 4.34400000e-04  1.73824825e-07 
 4.34500000e-04  1.73769410e-07 
 4.34600000e-04  1.62314672e-07 
 4.34700000e-04  1.61941534e-07 
 4.34800000e-04  1.61766040e-07 
 4.34900000e-04  1.61645741e-07 
 4.35000000e-04  1.61582221e-07 
 4.35100000e-04  1.73067722e-07 
 4.35200000e-04  1.72789011e-07 
 4.35300000e-04  1.72685302e-07 
 4.35400000e-04  1.72593271e-07 
 4.35500000e-04  1.72578837e-07 
 4.35600000e-04  1.58590573e-07 
 4.35700000e-04  1.58150917e-07 
 4.35800000e-04  1.57935415e-07 
 4.35900000e-04  1.57763499e-07 
 4.36000000e-04  1.57636382e-07 
 4.36100000e-04  1.73849940e-07 
 4.36200000e-04  1.73638142e-07 
 4.36300000e-04  1.73539373e-07 
 4.36400000e-04  1.73449048e-07 
 4.36500000e-04  1.73399220e-07 
 4.36600000e-04  1.60631836e-07 
 4.36700000e-04  1.60285796e-07 
 4.36800000e-04  1.60100810e-07 
 4.36900000e-04  1.59967391e-07 
 4.37000000e-04  1.59887009e-07 
 4.37100000e-04  1.73597182e-07 
 4.37200000e-04  1.73350160e-07 
 4.37300000e-04  1.73267812e-07 
 4.37400000e-04  1.73197590e-07 
 4.37500000e-04  1.73143104e-07 
 4.37600000e-04  1.59117209e-07 
 4.37700000e-04  1.58722725e-07 
 4.37800000e-04  1.58513625e-07 
 4.37900000e-04  1.58349787e-07 
 4.38000000e-04  1.58232478e-07 
 4.38100000e-04  1.76047927e-07 
 4.38200000e-04  1.75511655e-07 
 4.38300000e-04  1.75337348e-07 
 4.38400000e-04  1.75187500e-07 
 4.38500000e-04  1.75117202e-07 
 4.38600000e-04  1.66196231e-07 
 4.38700000e-04  1.65850806e-07 
 4.38800000e-04  1.65680481e-07 
 4.38900000e-04  1.65577276e-07 
 4.39000000e-04  1.65543156e-07 
 4.39100000e-04  1.72885647e-07 
 4.39200000e-04  1.72446489e-07 
 4.39300000e-04  1.72279652e-07 
 4.39400000e-04  1.72131650e-07 
 4.39500000e-04  1.72083519e-07 
 4.39600000e-04  1.58177300e-07 
 4.39700000e-04  1.57641362e-07 
 4.39800000e-04  1.57390343e-07 
 4.39900000e-04  1.57205142e-07 
 4.40000000e-04  1.57087673e-07 
 4.40100000e-04  1.73276851e-07 
 4.40200000e-04  1.73062454e-07 
 4.40300000e-04  1.72962716e-07 
 4.40400000e-04  1.72871146e-07 
 4.40500000e-04  1.72820600e-07 
 4.40600000e-04  1.60057404e-07 
 4.40700000e-04  1.59716648e-07 
 4.40800000e-04  1.59521204e-07 
 4.40900000e-04  1.59389324e-07 
 4.41000000e-04  1.59322848e-07 
 4.41100000e-04  1.72991853e-07 
 4.41200000e-04  1.72754548e-07 
 4.41300000e-04  1.72667811e-07 
 4.41400000e-04  1.72591355e-07 
 4.41500000e-04  1.72543751e-07 
 4.41600000e-04  1.58537894e-07 
 4.41700000e-04  1.58140323e-07 
 4.41800000e-04  1.57927457e-07 
 4.41900000e-04  1.57764277e-07 
 4.42000000e-04  1.57652188e-07 
 4.42100000e-04  1.74363384e-07 
 4.42200000e-04  1.74061479e-07 
 4.42300000e-04  1.73934296e-07 
 4.42400000e-04  1.73818735e-07 
 4.42500000e-04  1.73774387e-07 
 4.42600000e-04  1.62303923e-07 
 4.42700000e-04  1.61934180e-07 
 4.42800000e-04  1.61759255e-07 
 4.42900000e-04  1.61641525e-07 
 4.43000000e-04  1.61582630e-07 
 4.43100000e-04  1.73072782e-07 
 4.43200000e-04  1.72796591e-07 
 4.43300000e-04  1.72692420e-07 
 4.43400000e-04  1.72599770e-07 
 4.43500000e-04  1.72568512e-07 
 4.43600000e-04  1.58582650e-07 
 4.43700000e-04  1.58139689e-07 
 4.43800000e-04  1.57919409e-07 
 4.43900000e-04  1.57755149e-07 
 4.44000000e-04  1.57648504e-07 
 4.44100000e-04  1.73849784e-07 
 4.44200000e-04  1.73641960e-07 
 4.44300000e-04  1.73543169e-07 
 4.44400000e-04  1.73452514e-07 
 4.44500000e-04  1.73400560e-07 
 4.44600000e-04  1.60618622e-07 
 4.44700000e-04  1.60271504e-07 
 4.44800000e-04  1.60090259e-07 
 4.44900000e-04  1.59964384e-07 
 4.45000000e-04  1.59895453e-07 
 4.45100000e-04  1.73598896e-07 
 4.45200000e-04  1.73348910e-07 
 4.45300000e-04  1.73266381e-07 
 4.45400000e-04  1.73196256e-07 
 4.45500000e-04  1.73131807e-07 
 4.45600000e-04  1.59115756e-07 
 4.45700000e-04  1.58722320e-07 
 4.45800000e-04  1.58504541e-07 
 4.45900000e-04  1.58338920e-07 
 4.46000000e-04  1.58226936e-07 
 4.46100000e-04  1.75524545e-07 
 4.46200000e-04  1.75092578e-07 
 4.46300000e-04  1.74937622e-07 
 4.46400000e-04  1.74802032e-07 
 4.46500000e-04  1.74733605e-07 
 4.46600000e-04  1.64533117e-07 
 4.46700000e-04  1.64179629e-07 
 4.46800000e-04  1.64012822e-07 
 4.46900000e-04  1.63906364e-07 
 4.47000000e-04  1.63861998e-07 
 4.47100000e-04  1.73201641e-07 
 4.47200000e-04  1.72881033e-07 
 4.47300000e-04  1.72762185e-07 
 4.47400000e-04  1.72656642e-07 
 4.47500000e-04  1.72601673e-07 
 4.47600000e-04  1.58655421e-07 
 4.47700000e-04  1.58182354e-07 
 4.47800000e-04  1.57950448e-07 
 4.47900000e-04  1.57773361e-07 
 4.48000000e-04  1.57652657e-07 
 4.48100000e-04  1.73866733e-07 
 4.48200000e-04  1.73643789e-07 
 4.48300000e-04  1.73553384e-07 
 4.48400000e-04  1.73473434e-07 
 4.48500000e-04  1.73420731e-07 
 4.48600000e-04  1.60624035e-07 
 4.48700000e-04  1.60289526e-07 
 4.48800000e-04  1.60105606e-07 
 4.48900000e-04  1.59970877e-07 
 4.49000000e-04  1.59886717e-07 
 4.49100000e-04  1.73604836e-07 
 4.49200000e-04  1.73357709e-07 
 4.49300000e-04  1.73263538e-07 
 4.49400000e-04  1.73179861e-07 
 4.49500000e-04  1.73161810e-07 
 4.49600000e-04  1.59110865e-07 
 4.49700000e-04  1.58728292e-07 
 4.49800000e-04  1.58506611e-07 
 4.49900000e-04  1.58341800e-07 
 4.50000000e-04  1.58235487e-07 
 4.50100000e-04  1.75001319e-07 
 4.50200000e-04  1.74678557e-07 
 4.50300000e-04  1.74556251e-07 
 4.50400000e-04  1.74448326e-07 
 4.50500000e-04  1.74371709e-07 
 4.50600000e-04  1.62882502e-07 
 4.50700000e-04  1.62532349e-07 
 4.50800000e-04  1.62359544e-07 
 4.50900000e-04  1.62241005e-07 
 4.51000000e-04  1.62178267e-07 
 4.51100000e-04  1.73705806e-07 
 4.51200000e-04  1.73409092e-07 
 4.51300000e-04  1.73310124e-07 
 4.51400000e-04  1.73225295e-07 
 4.51500000e-04  1.73165082e-07 
 4.51600000e-04  1.59163010e-07 
 4.51700000e-04  1.58735165e-07 
 4.51800000e-04  1.58516440e-07 
 4.51900000e-04  1.58346267e-07 
 4.52000000e-04  1.58226005e-07 
 4.52100000e-04  1.74470368e-07 
 4.52200000e-04  1.74263875e-07 
 4.52300000e-04  1.74166212e-07 
 4.52400000e-04  1.74076306e-07 
 4.52500000e-04  1.74019588e-07 
 4.52600000e-04  1.61204733e-07 
 4.52700000e-04  1.60868026e-07 
 4.52800000e-04  1.60691269e-07 
 4.52900000e-04  1.60564569e-07 
 4.53000000e-04  1.60489332e-07 
 4.53100000e-04  1.74225763e-07 
 4.53200000e-04  1.73978446e-07 
 4.53300000e-04  1.73888177e-07 
 4.53400000e-04  1.73809093e-07 
 4.53500000e-04  1.73769716e-07 
 4.53600000e-04  1.59692280e-07 
 4.53700000e-04  1.59310119e-07 
 4.53800000e-04  1.59094737e-07 
 4.53900000e-04  1.58935163e-07 
 4.54000000e-04  1.58832982e-07 
 4.54100000e-04  1.77719895e-07 
 4.54200000e-04  1.76974171e-07 
 4.54300000e-04  1.76744977e-07 
 4.54400000e-04  1.76549823e-07 
 4.54500000e-04  1.76456036e-07 
 4.54600000e-04  1.70106121e-07 
 4.54700000e-04  1.69753864e-07 
 4.54800000e-04  1.69594433e-07 
 4.54900000e-04  1.69510434e-07 
 4.55000000e-04  1.69504073e-07 
 4.55100000e-04  1.73014163e-07 
 4.55200000e-04  1.72042858e-07 
 4.55300000e-04  1.71785784e-07 
 4.55400000e-04  1.71574563e-07 
 4.55500000e-04  1.71476974e-07 
 4.55600000e-04  1.57671003e-07 
 4.55700000e-04  1.57075720e-07 
 4.55800000e-04  1.56805392e-07 
 4.55900000e-04  1.56611140e-07 
 4.56000000e-04  1.56495190e-07 
 4.56100000e-04  1.72658350e-07 
 4.56200000e-04  1.72445066e-07 
 4.56300000e-04  1.72352825e-07 
 4.56400000e-04  1.72269291e-07 
 4.56500000e-04  1.72202556e-07 
 4.56600000e-04  1.59460329e-07 
 4.56700000e-04  1.59115046e-07 
 4.56800000e-04  1.58936929e-07 
 4.56900000e-04  1.58802403e-07 
 4.57000000e-04  1.58712663e-07 
 4.57100000e-04  1.72389347e-07 
 4.57200000e-04  1.72156199e-07 
 4.57300000e-04  1.72060783e-07 
 4.57400000e-04  1.71975109e-07 
 4.57500000e-04  1.71925237e-07 
 4.57600000e-04  1.57943380e-07 
 4.57700000e-04  1.57548053e-07 
 4.57800000e-04  1.57334329e-07 
 4.57900000e-04  1.57171100e-07 
 4.58000000e-04  1.57059777e-07 
 4.58100000e-04  1.73768745e-07 
 4.58200000e-04  1.73441227e-07 
 4.58300000e-04  1.73317505e-07 
 4.58400000e-04  1.73208423e-07 
 4.58500000e-04  1.73155198e-07 
 4.58600000e-04  1.61711301e-07 
 4.58700000e-04  1.61340668e-07 
 4.58800000e-04  1.61161519e-07 
 4.58900000e-04  1.61045347e-07 
 4.59000000e-04  1.60993959e-07 
 4.59100000e-04  1.72444867e-07 
 4.59200000e-04  1.72167325e-07 
 4.59300000e-04  1.72072529e-07 
 4.59400000e-04  1.71990202e-07 
 4.59500000e-04  1.71952053e-07 
 4.59600000e-04  1.57992375e-07 
 4.59700000e-04  1.57552197e-07 
 4.59800000e-04  1.57325523e-07 
 4.59900000e-04  1.57162284e-07 
 4.60000000e-04  1.57064296e-07 
 4.60100000e-04  1.73213300e-07 
 4.60200000e-04  1.73009549e-07 
 4.60300000e-04  1.72917178e-07 
 4.60400000e-04  1.72832739e-07 
 4.60500000e-04  1.72789770e-07 
 4.60600000e-04  1.60034266e-07 
 4.60700000e-04  1.59691267e-07 
 4.60800000e-04  1.59496067e-07 
 4.60900000e-04  1.59366797e-07 
 4.61000000e-04  1.59305358e-07 
 4.61100000e-04  1.72975146e-07 
 4.61200000e-04  1.72737304e-07 
 4.61300000e-04  1.72644078e-07 
 4.61400000e-04  1.72561136e-07 
 4.61500000e-04  1.72537813e-07 
 4.61600000e-04  1.58531037e-07 
 4.61700000e-04  1.58122924e-07 
 4.61800000e-04  1.57914194e-07 
 4.61900000e-04  1.57747245e-07 
 4.62000000e-04  1.57623209e-07 
 4.62100000e-04  1.74889880e-07 
 4.62200000e-04  1.74463755e-07 
 4.62300000e-04  1.74316422e-07 
 4.62400000e-04  1.74188312e-07 
 4.62500000e-04  1.74130606e-07 
 4.62600000e-04  1.63955440e-07 
 4.62700000e-04  1.63600907e-07 
 4.62800000e-04  1.63418320e-07 
 4.62900000e-04  1.63306982e-07 
 4.63000000e-04  1.63268961e-07 
 4.63100000e-04  1.72577935e-07 
 4.63200000e-04  1.72254491e-07 
 4.63300000e-04  1.72136139e-07 
 4.63400000e-04  1.72031996e-07 
 4.63500000e-04  1.71983271e-07 
 4.63600000e-04  1.58059598e-07 
 4.63700000e-04  1.57583608e-07 
 4.63800000e-04  1.57349648e-07 
 4.63900000e-04  1.57172482e-07 
 4.64000000e-04  1.57053716e-07 
 4.64100000e-04  1.73233972e-07 
 4.64200000e-04  1.73027949e-07 
 4.64300000e-04  1.72931917e-07 
 4.64400000e-04  1.72844003e-07 
 4.64500000e-04  1.72792870e-07 
 4.64600000e-04  1.60032864e-07 
 4.64700000e-04  1.59681498e-07 
 4.64800000e-04  1.59502197e-07 
 4.64900000e-04  1.59375012e-07 
 4.65000000e-04  1.59301397e-07 
 4.65100000e-04  1.72996611e-07 
 4.65200000e-04  1.72745827e-07 
 4.65300000e-04  1.72649705e-07 
 4.65400000e-04  1.72565118e-07 
 4.65500000e-04  1.72532970e-07 
 4.65600000e-04  1.58530918e-07 
 4.65700000e-04  1.58122197e-07 
 4.65800000e-04  1.57914970e-07 
 4.65900000e-04  1.57756931e-07 
 4.66000000e-04  1.57649449e-07 
 4.66100000e-04  1.74352052e-07 
 4.66200000e-04  1.74045757e-07 
 4.66300000e-04  1.73931311e-07 
 4.66400000e-04  1.73829788e-07 
 4.66500000e-04  1.73765335e-07 
 4.66600000e-04  1.62283689e-07 
 4.66700000e-04  1.61926156e-07 
 4.66800000e-04  1.61749963e-07 
 4.66900000e-04  1.61634740e-07 
 4.67000000e-04  1.61582221e-07 
 4.67100000e-04  1.73068930e-07 
 4.67200000e-04  1.72786488e-07 
 4.67300000e-04  1.72686791e-07 
 4.67400000e-04  1.72599544e-07 
 4.67500000e-04  1.72548776e-07 
 4.67600000e-04  1.58582606e-07 
 4.67700000e-04  1.58134179e-07 
 4.67800000e-04  1.57916451e-07 
 4.67900000e-04  1.57749315e-07 
 4.68000000e-04  1.57634176e-07 
 4.68100000e-04  1.73830035e-07 
 4.68200000e-04  1.73622488e-07 
 4.68300000e-04  1.73532695e-07 
 4.68400000e-04  1.73451184e-07 
 4.68500000e-04  1.73401711e-07 
 4.68600000e-04  1.60617728e-07 
 4.68700000e-04  1.60267311e-07 
 4.68800000e-04  1.60090310e-07 
 4.68900000e-04  1.59969617e-07 
 4.69000000e-04  1.59906822e-07 
 4.69100000e-04  1.73596205e-07 
 4.69200000e-04  1.73352400e-07 
 4.69300000e-04  1.73255767e-07 
 4.69400000e-04  1.73169445e-07 
 4.69500000e-04  1.73136513e-07 
 4.69600000e-04  1.59107568e-07 
 4.69700000e-04  1.58713065e-07 
 4.69800000e-04  1.58500755e-07 
 4.69900000e-04  1.58338088e-07 
 4.70000000e-04  1.58226445e-07 
 4.70100000e-04  1.76042801e-07 
 4.70200000e-04  1.75505536e-07 
 4.70300000e-04  1.75330440e-07 
 4.70400000e-04  1.75179880e-07 
 4.70500000e-04  1.75095334e-07 
 4.70600000e-04  1.66204449e-07 
 4.70700000e-04  1.65857974e-07 
 4.70800000e-04  1.65677275e-07 
 4.70900000e-04  1.65567167e-07 
 4.71000000e-04  1.65529691e-07 
 4.71100000e-04  1.72860424e-07 
 4.71200000e-04  1.72448609e-07 
 4.71300000e-04  1.72281937e-07 
 4.71400000e-04  1.72131913e-07 
 4.71500000e-04  1.72063939e-07 
 4.71600000e-04  1.58163786e-07 
 4.71700000e-04  1.57642408e-07 
 4.71800000e-04  1.57393873e-07 
 4.71900000e-04  1.57213114e-07 
 4.72000000e-04  1.57102079e-07 
 4.72100000e-04  1.73268113e-07 
 4.72200000e-04  1.73060159e-07 
 4.72300000e-04  1.72962936e-07 
 4.72400000e-04  1.72873780e-07 
 4.72500000e-04  1.72819700e-07 
 4.72600000e-04  1.60051087e-07 
 4.72700000e-04  1.59693270e-07 
 4.72800000e-04  1.59508721e-07 
 4.72900000e-04  1.59380032e-07 
 4.73000000e-04  1.59308769e-07 
 4.73100000e-04  1.72995912e-07 
 4.73200000e-04  1.72755946e-07 
 4.73300000e-04  1.72662022e-07 
 4.73400000e-04  1.72578086e-07 
 4.73500000e-04  1.72539865e-07 
 4.73600000e-04  1.58533729e-07 
 4.73700000e-04  1.58133193e-07 
 4.73800000e-04  1.57916974e-07 
 4.73900000e-04  1.57749328e-07 
 4.74000000e-04  1.57631593e-07 
 4.74100000e-04  1.74370661e-07 
 4.74200000e-04  1.74050546e-07 
 4.74300000e-04  1.73931297e-07 
 4.74400000e-04  1.73826384e-07 
 4.74500000e-04  1.73769699e-07 
 4.74600000e-04  1.62281661e-07 
 4.74700000e-04  1.61941926e-07 
 4.74800000e-04  1.61767974e-07 
 4.74900000e-04  1.61645886e-07 
 4.75000000e-04  1.61577102e-07 
 4.75100000e-04  1.73084854e-07 
 4.75200000e-04  1.72792535e-07 
 4.75300000e-04  1.72687306e-07 
 4.75400000e-04  1.72594916e-07 
 4.75500000e-04  1.72551898e-07 
 4.75600000e-04  1.58584980e-07 
 4.75700000e-04  1.58140243e-07 
 4.75800000e-04  1.57929701e-07 
 4.75900000e-04  1.57761148e-07 
 4.76000000e-04  1.57635707e-07 
 4.76100000e-04  1.73839994e-07 
 4.76200000e-04  1.73639952e-07 
 4.76300000e-04  1.73542212e-07 
 4.76400000e-04  1.73451737e-07 
 4.76500000e-04  1.73403689e-07 
 4.76600000e-04  1.60621409e-07 
 4.76700000e-04  1.60270444e-07 
 4.76800000e-04  1.60092813e-07 
 4.76900000e-04  1.59971068e-07 
 4.77000000e-04  1.59906776e-07 
 4.77100000e-04  1.73595268e-07 
 4.77200000e-04  1.73357123e-07 
 4.77300000e-04  1.73268678e-07 
 4.77400000e-04  1.73190911e-07 
 4.77500000e-04  1.73144903e-07 
 4.77600000e-04  1.59110395e-07 
 4.77700000e-04  1.58715736e-07 
 4.77800000e-04  1.58509152e-07 
 4.77900000e-04  1.58351391e-07 
 4.78000000e-04  1.58243800e-07 
 4.78100000e-04  1.75508443e-07 
 4.78200000e-04  1.75091297e-07 
 4.78300000e-04  1.74943046e-07 
 4.78400000e-04  1.74812882e-07 
 4.78500000e-04  1.74736971e-07 
 4.78600000e-04  1.64537048e-07 
 4.78700000e-04  1.64192275e-07 
 4.78800000e-04  1.64020982e-07 
 4.78900000e-04  1.63909837e-07 
 4.79000000e-04  1.63860538e-07 
 4.79100000e-04  1.73191198e-07 
 4.79200000e-04  1.72865421e-07 
 4.79300000e-04  1.72750079e-07 
 4.79400000e-04  1.72649059e-07 
 4.79500000e-04  1.72604667e-07 
 4.79600000e-04  1.58656975e-07 
 4.79700000e-04  1.58173596e-07 
 4.79800000e-04  1.57939783e-07 
 4.79900000e-04  1.57769545e-07 
 4.80000000e-04  1.57664687e-07 
 4.80100000e-04  1.73865702e-07 
 4.80200000e-04  1.73643803e-07 
 4.80300000e-04  1.73545114e-07 
 4.80400000e-04  1.73455974e-07 
 4.80500000e-04  1.73409834e-07 
 4.80600000e-04  1.60625381e-07 
 4.80700000e-04  1.60290330e-07 
 4.80800000e-04  1.60098872e-07 
 4.80900000e-04  1.59970555e-07 
 4.81000000e-04  1.59907170e-07 
 4.81100000e-04  1.73608073e-07 
 4.81200000e-04  1.73352875e-07 
 4.81300000e-04  1.73259866e-07 
 4.81400000e-04  1.73178360e-07 
 4.81500000e-04  1.73148690e-07 
 4.81600000e-04  1.59119596e-07 
 4.81700000e-04  1.58726564e-07 
 4.81800000e-04  1.58506978e-07 
 4.81900000e-04  1.58348256e-07 
 4.82000000e-04  1.58252117e-07 
 4.82100000e-04  1.74996484e-07 
 4.82200000e-04  1.74664558e-07 
 4.82300000e-04  1.74546795e-07 
 4.82400000e-04  1.74444226e-07 
 4.82500000e-04  1.74377246e-07 
 4.82600000e-04  1.62866310e-07 
 4.82700000e-04  1.62530172e-07 
 4.82800000e-04  1.62352211e-07 
 4.82900000e-04  1.62231046e-07 
 4.83000000e-04  1.62168266e-07 
 4.83100000e-04  1.73683795e-07 
 4.83200000e-04  1.73407658e-07 
 4.83300000e-04  1.73302769e-07 
 4.83400000e-04  1.73209199e-07 
 4.83500000e-04  1.73174440e-07 
 4.83600000e-04  1.59161574e-07 
 4.83700000e-04  1.58723614e-07 
 4.83800000e-04  1.58514219e-07 
 4.83900000e-04  1.58350997e-07 
 4.84000000e-04  1.58235196e-07 
 4.84100000e-04  1.74464898e-07 
 4.84200000e-04  1.74240571e-07 
 4.84300000e-04  1.74153859e-07 
 4.84400000e-04  1.74077344e-07 
 4.84500000e-04  1.74018297e-07 
 4.84600000e-04  1.61209946e-07 
 4.84700000e-04  1.60858057e-07 
 4.84800000e-04  1.60685839e-07 
 4.84900000e-04  1.60561722e-07 
 4.85000000e-04  1.60487016e-07 
 4.85100000e-04  1.74225988e-07 
 4.85200000e-04  1.73986515e-07 
 4.85300000e-04  1.73894006e-07 
 4.85400000e-04  1.73811800e-07 
 4.85500000e-04  1.73752107e-07 
 4.85600000e-04  1.59691623e-07 
 4.85700000e-04  1.59314429e-07 
 4.85800000e-04  1.59094059e-07 
 4.85900000e-04  1.58928953e-07 
 4.86000000e-04  1.58820654e-07 
 4.86100000e-04  1.77208342e-07 
 4.86200000e-04  1.76555682e-07 
 4.86300000e-04  1.76342206e-07 
 4.86400000e-04  1.76158205e-07 
 4.86500000e-04  1.76074292e-07 
 4.86600000e-04  1.68442274e-07 
 4.86700000e-04  1.68097445e-07 
 4.86800000e-04  1.67936174e-07 
 4.86900000e-04  1.67843070e-07 
 4.87000000e-04  1.67820083e-07 
 4.87100000e-04  1.73494905e-07 
 4.87200000e-04  1.72682959e-07 
 4.87300000e-04  1.72428088e-07 
 4.87400000e-04  1.72211008e-07 
 4.87500000e-04  1.72114741e-07 
 4.87600000e-04  1.58234186e-07 
 4.87700000e-04  1.57666687e-07 
 4.87800000e-04  1.57409351e-07 
 4.87900000e-04  1.57219431e-07 
 4.88000000e-04  1.57098849e-07 
 4.88100000e-04  1.73281019e-07 
 4.88200000e-04  1.73059891e-07 
 4.88300000e-04  1.72967926e-07 
 4.88400000e-04  1.72885385e-07 
 4.88500000e-04  1.72828528e-07 
 4.88600000e-04  1.60058616e-07 
 4.88700000e-04  1.59710287e-07 
 4.88800000e-04  1.59523842e-07 
 4.88900000e-04  1.59392596e-07 
 4.89000000e-04  1.59318351e-07 
 4.89100000e-04  1.73162951e-07 
 4.89200000e-04  1.72811322e-07 
 4.89300000e-04  1.72676100e-07 
 4.89400000e-04  1.72606274e-07 
 4.89500000e-04  1.72551129e-07 
 4.89600000e-04  1.58551101e-07 
 4.89700000e-04  1.58163371e-07 
 4.89800000e-04  1.57941523e-07 
 4.89900000e-04  1.57768291e-07 
 4.90000000e-04  1.57645029e-07 
 4.90100000e-04  1.74369473e-07 
 4.90200000e-04  1.74045774e-07 
 4.90300000e-04  1.73923708e-07 
 4.90400000e-04  1.73815693e-07 
 4.90500000e-04  1.73776141e-07 
 4.90600000e-04  1.62302172e-07 
 4.90700000e-04  1.61940589e-07 
 4.90800000e-04  1.61762033e-07 
 4.90900000e-04  1.61641037e-07 
 4.91000000e-04  1.61579266e-07 
 4.91100000e-04  1.73073622e-07 
 4.91200000e-04  1.72792593e-07 
 4.91300000e-04  1.72690222e-07 
 4.91400000e-04  1.72599781e-07 
 4.91500000e-04  1.72556765e-07 
 4.91600000e-04  1.58579292e-07 
 4.91700000e-04  1.58138674e-07 
 4.91800000e-04  1.57924282e-07 
 4.91900000e-04  1.57763621e-07 
 4.92000000e-04  1.57658253e-07 
 4.92100000e-04  1.73836089e-07 
 4.92200000e-04  1.73638954e-07 
 4.92300000e-04  1.73541688e-07 
 4.92400000e-04  1.73451293e-07 
 4.92500000e-04  1.73403662e-07 
 4.92600000e-04  1.60632563e-07 
 4.92700000e-04  1.60282866e-07 
 4.92800000e-04  1.60100259e-07 
 4.92900000e-04  1.59965387e-07 
 4.93000000e-04  1.59879644e-07 
 4.93100000e-04  1.73612001e-07 
 4.93200000e-04  1.73358740e-07 
 4.93300000e-04  1.73260509e-07 
 4.93400000e-04  1.73173859e-07 
 4.93500000e-04  1.73153598e-07 
 4.93600000e-04  1.59115030e-07 
 4.93700000e-04  1.58726623e-07 
 4.93800000e-04  1.58513530e-07 
 4.93900000e-04  1.58345463e-07 
 4.94000000e-04  1.58223876e-07 
 4.94100000e-04  1.75938832e-07 
 4.94200000e-04  1.75290432e-07 
 4.94300000e-04  1.75093449e-07 
 4.94400000e-04  1.75015327e-07 
 4.94500000e-04  1.74966460e-07 
 4.94600000e-04  1.64817539e-07 
 4.94700000e-04  1.64486762e-07 
 4.94800000e-04  1.64302151e-07 
 4.94900000e-04  1.64158866e-07 
 4.95000000e-04  1.64058140e-07 
 4.95100000e-04  1.73194838e-07 
 4.95200000e-04  1.72870763e-07 
 4.95300000e-04  1.72762401e-07 
 4.95400000e-04  1.72668472e-07 
 4.95500000e-04  1.72612212e-07 
 4.95600000e-04  1.58659032e-07 
 4.95700000e-04  1.58172540e-07 
 4.95800000e-04  1.57938686e-07 
 4.95900000e-04  1.57769511e-07 
 4.96000000e-04  1.57667010e-07 
 4.96100000e-04  1.73854945e-07 
 4.96200000e-04  1.73645279e-07 
 4.96300000e-04  1.73556500e-07 
 4.96400000e-04  1.73476373e-07 
 4.96500000e-04  1.73417813e-07 
 4.96600000e-04  1.60634190e-07 
 4.96700000e-04  1.60278136e-07 
 4.96800000e-04  1.60101582e-07 
 4.96900000e-04  1.59973631e-07 
 4.97000000e-04  1.59895784e-07 
 4.97100000e-04  1.73607561e-07 
 4.97200000e-04  1.73358460e-07 
 4.97300000e-04  1.73262714e-07 
 4.97400000e-04  1.73178168e-07 
 4.97500000e-04  1.73142760e-07 
 4.97600000e-04  1.59128826e-07 
 4.97700000e-04  1.58729287e-07 
 4.97800000e-04  1.58511943e-07 
 4.97900000e-04  1.58346174e-07 
 4.98000000e-04  1.58233593e-07 
 4.98100000e-04  1.74980182e-07 
 4.98200000e-04  1.74664821e-07 
 4.98300000e-04  1.74545257e-07 
 4.98400000e-04  1.74439243e-07 
 4.98500000e-04  1.74389369e-07 
 4.98600000e-04  1.62869606e-07 
 4.98700000e-04  1.62539490e-07 
 4.98800000e-04  1.62358483e-07 
 4.98900000e-04  1.62236192e-07 
 4.99000000e-04  1.62174478e-07 
 4.99100000e-04  1.73704053e-07 
 4.99200000e-04  1.73398754e-07 
 4.99300000e-04  1.73294878e-07 
 4.99400000e-04  1.73205223e-07 
 4.99500000e-04  1.73179262e-07 
 4.99600000e-04  1.59171451e-07 
 4.99700000e-04  1.58732584e-07 
 4.99800000e-04  1.58503257e-07 
 4.99900000e-04  1.58335852e-07 
 5.00000000e-04  1.58232336e-07 
 5.00100000e-04  1.74464235e-07 
 5.00200000e-04  1.74261866e-07 
 5.00300000e-04  1.74168835e-07 
 5.00400000e-04  1.74083241e-07 
 5.00500000e-04  1.74029088e-07 
 5.00600000e-04  1.61204810e-07 
 5.00700000e-04  1.60864191e-07 
 5.00800000e-04  1.60684686e-07 
 5.00900000e-04  1.60559386e-07 
 5.01000000e-04  1.60490010e-07 
 5.01100000e-04  1.74236542e-07 
 5.01200000e-04  1.73980893e-07 
 5.01300000e-04  1.73887605e-07 
 5.01400000e-04  1.73806610e-07 
 5.01500000e-04  1.73768001e-07 
 5.01600000e-04  1.59696231e-07 
 5.01700000e-04  1.59301675e-07 
 5.01800000e-04  1.59104419e-07 
 5.01900000e-04  1.58944041e-07 
 5.02000000e-04  1.58821712e-07 
 5.02100000e-04  1.76684329e-07 
 5.02200000e-04  1.76131368e-07 
 5.02300000e-04  1.75956521e-07 
 5.02400000e-04  1.75807818e-07 
 5.02500000e-04  1.75710142e-07 
 5.02600000e-04  1.66778254e-07 
 5.02700000e-04  1.66442432e-07 
 5.02800000e-04  1.66276914e-07 
 5.02900000e-04  1.66171740e-07 
 5.03000000e-04  1.66128823e-07 
 5.03100000e-04  1.73487643e-07 
 5.03200000e-04  1.73063343e-07 
 5.03300000e-04  1.72897833e-07 
 5.03400000e-04  1.72749688e-07 
 5.03500000e-04  1.72682457e-07 
 5.03600000e-04  1.58760447e-07 
 5.03700000e-04  1.58250156e-07 
 5.03800000e-04  1.58000844e-07 
 5.03900000e-04  1.57816624e-07 
 5.04000000e-04  1.57699562e-07 
 5.04100000e-04  1.73906257e-07 
 5.04200000e-04  1.73688225e-07 
 5.04300000e-04  1.73579243e-07 
 5.04400000e-04  1.73478013e-07 
 5.04500000e-04  1.73432737e-07 
 5.04600000e-04  1.60640956e-07 
 5.04700000e-04  1.60295579e-07 
 5.04800000e-04  1.60113482e-07 
 5.04900000e-04  1.59982053e-07 
 5.05000000e-04  1.59902898e-07 
 5.05100000e-04  1.73619354e-07 
 5.05200000e-04  1.73376850e-07 
 5.05300000e-04  1.73279000e-07 
 5.05400000e-04  1.73191416e-07 
 5.05500000e-04  1.73156334e-07 
 5.05600000e-04  1.59120168e-07 
 5.05700000e-04  1.58733890e-07 
 5.05800000e-04  1.58512397e-07 
 5.05900000e-04  1.58346654e-07 
 5.06000000e-04  1.58238428e-07 
 5.06100000e-04  1.75002488e-07 
 5.06200000e-04  1.74674210e-07 
 5.06300000e-04  1.74553270e-07 
 5.06400000e-04  1.74447324e-07 
 5.06500000e-04  1.74382875e-07 
 5.06600000e-04  1.62871994e-07 
 5.06700000e-04  1.62524943e-07 
 5.06800000e-04  1.62347858e-07 
 5.06900000e-04  1.62228795e-07 
 5.07000000e-04  1.62169593e-07 
 5.07100000e-04  1.73698166e-07 
 5.07200000e-04  1.73419280e-07 
 5.07300000e-04  1.73314858e-07 
 5.07400000e-04  1.73222147e-07 
 5.07500000e-04  1.73178994e-07 
 5.07600000e-04  1.59178475e-07 
 5.07700000e-04  1.58732142e-07 
 5.07800000e-04  1.58517382e-07 
 5.07900000e-04  1.58352466e-07 
 5.08000000e-04  1.58238975e-07 
 5.08100000e-04  1.74469191e-07 
 5.08200000e-04  1.74246390e-07 
 5.08300000e-04  1.74155796e-07 
 5.08400000e-04  1.74075207e-07 
 5.08500000e-04  1.74018027e-07 
 5.08600000e-04  1.61218600e-07 
 5.08700000e-04  1.60859982e-07 
 5.08800000e-04  1.60694445e-07 
 5.08900000e-04  1.60572742e-07 
 5.09000000e-04  1.60496263e-07 
 5.09100000e-04  1.74234821e-07 
 5.09200000e-04  1.73987465e-07 
 5.09300000e-04  1.73893440e-07 
 5.09400000e-04  1.73810601e-07 
 5.09500000e-04  1.73761000e-07 
 5.09600000e-04  1.59697198e-07 
 5.09700000e-04  1.59316501e-07 
 5.09800000e-04  1.59095959e-07 
 5.09900000e-04  1.58934072e-07 
 5.10000000e-04  1.58832699e-07 
 5.10100000e-04  1.76141118e-07 
 5.10200000e-04  1.75714989e-07 
 5.10300000e-04  1.75566212e-07 
 5.10400000e-04  1.75436117e-07 
 5.10500000e-04  1.75355840e-07 
 5.10600000e-04  1.65123103e-07 
 5.10700000e-04  1.64777184e-07 
 5.10800000e-04  1.64617798e-07 
 5.10900000e-04  1.64510034e-07 
 5.11000000e-04  1.64455531e-07 
 5.11100000e-04  1.73821800e-07 
 5.11200000e-04  1.73500865e-07 
 5.11300000e-04  1.73378806e-07 
 5.11400000e-04  1.73269794e-07 
 5.11500000e-04  1.73216917e-07 
 5.11600000e-04  1.59241989e-07 
 5.11700000e-04  1.58770303e-07 
 5.11800000e-04  1.58540296e-07 
 5.11900000e-04  1.58370713e-07 
 5.12000000e-04  1.58263470e-07 
 5.12100000e-04  1.74484303e-07 
 5.12200000e-04  1.74269230e-07 
 5.12300000e-04  1.74168535e-07 
 5.12400000e-04  1.74076137e-07 
 5.12500000e-04  1.74052124e-07 
 5.12600000e-04  1.61221194e-07 
 5.12700000e-04  1.60872502e-07 
 5.12800000e-04  1.60702988e-07 
 5.12900000e-04  1.60578163e-07 
 5.13000000e-04  1.60499442e-07 
 5.13100000e-04  1.74243697e-07 
 5.13200000e-04  1.73993103e-07 
 5.13300000e-04  1.73896515e-07 
 5.13400000e-04  1.73811315e-07 
 5.13500000e-04  1.73776564e-07 
 5.13600000e-04  1.59692703e-07 
 5.13700000e-04  1.59318259e-07 
 5.13800000e-04  1.59108265e-07 
 5.13900000e-04  1.58945183e-07 
 5.14000000e-04  1.58830500e-07 
 5.14100000e-04  1.75622174e-07 
 5.14200000e-04  1.75293860e-07 
 5.14300000e-04  1.75169678e-07 
 5.14400000e-04  1.75059857e-07 
 5.14500000e-04  1.75003589e-07 
 5.14600000e-04  1.63457062e-07 
 5.14700000e-04  1.63117109e-07 
 5.14800000e-04  1.62951813e-07 
 5.14900000e-04  1.62831394e-07 
 5.15000000e-04  1.62757274e-07 
 5.15100000e-04  1.74329431e-07 
 5.15200000e-04  1.74040482e-07 
 5.15300000e-04  1.73933413e-07 
 5.15400000e-04  1.73839026e-07 
 5.15500000e-04  1.73788612e-07 
 5.15600000e-04  1.59761849e-07 
 5.15700000e-04  1.59321579e-07 
 5.15800000e-04  1.59103102e-07 
 5.15900000e-04  1.58936965e-07 
 5.16000000e-04  1.58824827e-07 
 5.16100000e-04  1.75086534e-07 
 5.16200000e-04  1.74888586e-07 
 5.16300000e-04  1.74788088e-07 
 5.16400000e-04  1.74694195e-07 
 5.16500000e-04  1.74647134e-07 
 5.16600000e-04  1.61793398e-07 
 5.16700000e-04  1.61456955e-07 
 5.16800000e-04  1.61276822e-07 
 5.16900000e-04  1.61155939e-07 
 5.17000000e-04  1.61096186e-07 
 5.17100000e-04  1.74853590e-07 
 5.17200000e-04  1.74598031e-07 
 5.17300000e-04  1.74509133e-07 
 5.17400000e-04  1.74432575e-07 
 5.17500000e-04  1.74382786e-07 
 5.17600000e-04  1.60292177e-07 
 5.17700000e-04  1.59909933e-07 
 5.17800000e-04  1.59698276e-07 
 5.17900000e-04  1.59536968e-07 
 5.18000000e-04  1.59427607e-07 
 5.18100000e-04  1.88940893e-07 
 5.18200000e-04  1.86318461e-07 
 5.18300000e-04  1.85510332e-07 
 5.18400000e-04  1.85263004e-07 
 5.18500000e-04  1.85015676e-07 
 5.18600000e-04  1.75732644e-07 
 5.18700000e-04  1.74614333e-07 
 5.18800000e-04  1.74275880e-07 
 5.18900000e-04  1.74062563e-07 
 5.19000000e-04  1.73976634e-07 
 5.19100000e-04  1.71284654e-07 
 5.19200000e-04  1.70508018e-07 
 5.19300000e-04  1.70299535e-07 
 5.19400000e-04  1.70127579e-07 
 5.19500000e-04  1.70065188e-07 
 5.19600000e-04  1.57647664e-07 
 5.19700000e-04  1.56967625e-07 
 5.19800000e-04  1.56706998e-07 
 5.19900000e-04 -0.00000000e+00 
 5.20000000e-04  1.56574650e-07 
