 time            -i(vdd)        
 2.60000000e-04 -1.26577369e-04 
 2.60100000e-04  1.83731623e-07 
 2.60200000e-04  1.75017269e-07 
 2.60300000e-04  1.72693534e-07 
 2.60400000e-04  1.70735340e-07 
 2.60500000e-04  1.70077332e-07 
 2.60600000e-04  1.76685421e-07 
 2.60700000e-04  1.75910835e-07 
 2.60800000e-04  1.75485181e-07 
 2.60900000e-04  1.75139101e-07 
 2.61000000e-04  1.74874320e-07 
 2.61100000e-04  1.56452309e-07 
 2.61200000e-04  1.54081495e-07 
 2.61300000e-04  1.53481440e-07 
 2.61400000e-04  1.52998464e-07 
 2.61500000e-04  1.52784598e-07 
 2.61600000e-04  1.38888364e-07 
 2.61700000e-04  1.37639561e-07 
 2.61800000e-04  1.37195012e-07 
 2.61900000e-04  1.36877786e-07 
 2.62000000e-04  1.36691923e-07 
 2.62100000e-04  1.61884688e-07 
 2.62200000e-04  1.60615959e-07 
 2.62300000e-04  1.60334893e-07 
 2.62400000e-04  1.60132809e-07 
 2.62500000e-04  1.60041409e-07 
 2.62600000e-04  1.48501747e-07 
 2.62700000e-04  1.47917829e-07 
 2.62800000e-04  1.47634964e-07 
 2.62900000e-04  1.47422426e-07 
 2.63000000e-04  1.47281718e-07 
 2.63100000e-04  1.99995251e-07 
 2.63200000e-04  1.94212534e-07 
 2.63300000e-04  1.92922621e-07 
 2.63400000e-04  1.91928240e-07 
 2.63500000e-04  1.91648012e-07 
 2.63600000e-04  1.78202110e-07 
 2.63700000e-04  1.77565770e-07 
 2.63800000e-04  1.77242394e-07 
 2.63900000e-04  1.76997692e-07 
 2.64000000e-04  1.76834156e-07 
 2.64100000e-04  1.72662695e-07 
 2.64200000e-04  1.68075883e-07 
 2.64300000e-04  1.67028498e-07 
 2.64400000e-04  1.66211698e-07 
 2.64500000e-04  1.65971191e-07 
 2.64600000e-04  1.53753063e-07 
 2.64700000e-04  1.53129952e-07 
 2.64800000e-04  1.52826558e-07 
 2.64900000e-04  1.52591500e-07 
 2.65000000e-04  1.52426942e-07 
 2.65100000e-04  1.66019170e-07 
 2.65200000e-04  1.65521369e-07 
 2.65300000e-04  1.65362842e-07 
 2.65400000e-04  1.65227057e-07 
 2.65500000e-04  1.65176734e-07 
 2.65600000e-04  1.51600135e-07 
 2.65700000e-04  1.51153482e-07 
 2.65800000e-04  1.50918115e-07 
 2.65900000e-04  1.50742381e-07 
 2.66000000e-04  1.50628166e-07 
 2.66100000e-04  1.66992246e-07 
 2.66200000e-04  1.66738349e-07 
 2.66300000e-04  1.66641333e-07 
 2.66400000e-04  1.66554234e-07 
 2.66500000e-04  1.66488686e-07 
 2.66600000e-04  1.55426186e-07 
 2.66700000e-04  1.55023759e-07 
 2.66800000e-04  1.54814356e-07 
 2.66900000e-04  1.54666890e-07 
 2.67000000e-04  1.54583324e-07 
 2.67100000e-04  1.66084063e-07 
 2.67200000e-04  1.65565858e-07 
 2.67300000e-04  1.65411945e-07 
 2.67400000e-04  1.65280963e-07 
 2.67500000e-04  1.65222942e-07 
 2.67600000e-04  1.51670817e-07 
 2.67700000e-04  1.51177566e-07 
 2.67800000e-04  1.50921250e-07 
 2.67900000e-04  1.50725105e-07 
 2.68000000e-04  1.50591035e-07 
 2.68100000e-04  1.66384355e-07 
 2.68200000e-04  1.66207678e-07 
 2.68300000e-04  1.66132143e-07 
 2.68400000e-04  1.66063894e-07 
 2.68500000e-04  1.66035569e-07 
 2.68600000e-04  1.53653310e-07 
 2.68700000e-04  1.53236641e-07 
 2.68800000e-04  1.53040326e-07 
 2.68900000e-04  1.52896647e-07 
 2.69000000e-04  1.52807266e-07 
 2.69100000e-04  1.66134315e-07 
 2.69200000e-04  1.65904541e-07 
 2.69300000e-04  1.65832639e-07 
 2.69400000e-04  1.65772565e-07 
 2.69500000e-04  1.65750980e-07 
 2.69600000e-04  1.52108550e-07 
 2.69700000e-04  1.51663018e-07 
 2.69800000e-04  1.51423790e-07 
 2.69900000e-04  1.51245586e-07 
 2.70000000e-04  1.51130333e-07 
 2.70100000e-04  1.68006862e-07 
 2.70200000e-04  1.67640749e-07 
 2.70300000e-04  1.67506817e-07 
 2.70400000e-04  1.67387698e-07 
 2.70500000e-04  1.67320992e-07 
 2.70600000e-04  1.57536100e-07 
 2.70700000e-04  1.57122565e-07 
 2.70800000e-04  1.56924100e-07 
 2.70900000e-04  1.56787316e-07 
 2.71000000e-04  1.56714162e-07 
 2.71100000e-04  1.66102177e-07 
 2.71200000e-04  1.65545593e-07 
 2.71300000e-04  1.65379062e-07 
 2.71400000e-04  1.65236796e-07 
 2.71500000e-04  1.65185095e-07 
 2.71600000e-04  1.51639994e-07 
 2.71700000e-04  1.51105837e-07 
 2.71800000e-04  1.50845619e-07 
 2.71900000e-04  1.50645887e-07 
 2.72000000e-04  1.50508544e-07 
 2.72100000e-04  1.68269161e-07 
 2.72200000e-04  1.67738122e-07 
 2.72300000e-04  1.67567633e-07 
 2.72400000e-04  1.67493960e-07 
 2.72500000e-04  1.67451571e-07 
 2.72600000e-04  1.54605774e-07 
 2.72700000e-04  1.54045992e-07 
 2.72800000e-04  1.53785280e-07 
 2.72900000e-04  1.53595881e-07 
 2.73000000e-04  1.53479309e-07 
 2.73100000e-04  1.03752978e-04 
 2.73200000e-04  1.03752572e-04 
 2.73300000e-04  1.03752456e-04 
 2.73400000e-04  1.03752358e-04 
 2.73500000e-04  1.03752323e-04 
 2.73600000e-04  1.03738717e-04 
 2.73700000e-04  1.03738238e-04 
 2.73800000e-04  1.03737994e-04 
 2.73900000e-04  1.03737809e-04 
 2.74000000e-04  1.03737685e-04 
 2.74100000e-04  1.68587255e-07 
 2.74200000e-04  1.68258559e-07 
 2.74300000e-04  1.68152783e-07 
 2.74400000e-04  1.68062633e-07 
 2.74500000e-04  1.68017214e-07 
 2.74600000e-04  1.56908166e-07 
 2.74700000e-04  1.56498419e-07 
 2.74800000e-04  1.56297693e-07 
 2.74900000e-04  1.56159671e-07 
 2.75000000e-04  1.56086326e-07 
 2.75100000e-04  1.67288865e-07 
 2.75200000e-04  1.67040548e-07 
 2.75300000e-04  1.66955005e-07 
 2.75400000e-04  1.66880602e-07 
 2.75500000e-04  1.66840672e-07 
 2.75600000e-04  1.53186121e-07 
 2.75700000e-04  1.52709183e-07 
 2.75800000e-04  1.52470532e-07 
 2.75900000e-04  1.52287726e-07 
 2.76000000e-04  1.52162523e-07 
 2.76100000e-04  1.68053479e-07 
 2.76200000e-04  1.67871283e-07 
 2.76300000e-04  1.67790019e-07 
 2.76400000e-04  1.67716042e-07 
 2.76500000e-04  1.67692820e-07 
 2.76600000e-04  1.55232343e-07 
 2.76700000e-04  1.54824720e-07 
 2.76800000e-04  1.54633405e-07 
 2.76900000e-04  1.54488433e-07 
 2.77000000e-04  1.54391259e-07 
 2.77100000e-04  1.67818206e-07 
 2.77200000e-04  1.67599062e-07 
 2.77300000e-04  1.67521348e-07 
 2.77400000e-04  1.67453707e-07 
 2.77500000e-04  1.67430267e-07 
 2.77600000e-04  1.53710629e-07 
 2.77700000e-04  1.53284108e-07 
 2.77800000e-04  1.53043991e-07 
 2.77900000e-04  1.52861562e-07 
 2.78000000e-04  1.52738636e-07 
 2.78100000e-04  1.70244356e-07 
 2.78200000e-04  1.69739839e-07 
 2.78300000e-04  1.69586014e-07 
 2.78400000e-04  1.69455859e-07 
 2.78500000e-04  1.69390660e-07 
 2.78600000e-04  1.60779646e-07 
 2.78700000e-04  1.60394982e-07 
 2.78800000e-04  1.60204247e-07 
 2.78900000e-04  1.60088853e-07 
 2.79000000e-04  1.60051172e-07 
 2.79100000e-04  1.67444346e-07 
 2.79200000e-04  1.66767634e-07 
 2.79300000e-04  1.66571638e-07 
 2.79400000e-04  1.66407414e-07 
 2.79500000e-04  1.66342275e-07 
 2.79600000e-04  1.52735988e-07 
 2.79700000e-04  1.52174837e-07 
 2.79800000e-04  1.51912613e-07 
 2.79900000e-04  1.51719138e-07 
 2.80000000e-04  1.51596574e-07 
 2.80100000e-04  1.67467636e-07 
 2.80200000e-04  1.67283880e-07 
 2.80300000e-04  1.67197754e-07 
 2.80400000e-04  1.67118633e-07 
 2.80500000e-04  1.67089273e-07 
 2.80600000e-04  1.54637779e-07 
 2.80700000e-04  1.54234812e-07 
 2.80800000e-04  1.54036348e-07 
 2.80900000e-04  1.53895671e-07 
 2.81000000e-04  1.53814595e-07 
 2.81100000e-04  1.67197006e-07 
 2.81200000e-04  1.66971638e-07 
 2.81300000e-04  1.66904409e-07 
 2.81400000e-04  1.66849147e-07 
 2.81500000e-04  1.66797769e-07 
 2.81600000e-04  1.53111889e-07 
 2.81700000e-04  1.52678963e-07 
 2.81800000e-04  1.52429235e-07 
 2.81900000e-04  1.52246271e-07 
 2.82000000e-04  1.52132166e-07 
 2.82100000e-04  1.68558984e-07 
 2.82200000e-04  1.68277239e-07 
 2.82300000e-04  1.68168718e-07 
 2.82400000e-04  1.68071722e-07 
 2.82500000e-04  1.68039793e-07 
 2.82600000e-04  1.56873319e-07 
 2.82700000e-04  1.56478717e-07 
 2.82800000e-04  1.56284360e-07 
 2.82900000e-04  1.56150620e-07 
 2.83000000e-04  1.56079402e-07 
 2.83100000e-04  1.67266334e-07 
 2.83200000e-04  1.67013896e-07 
 2.83300000e-04  1.66929271e-07 
 2.83400000e-04  1.66855979e-07 
 2.83500000e-04  1.66810236e-07 
 2.83600000e-04  1.53152207e-07 
 2.83700000e-04  1.52679923e-07 
 2.83800000e-04  1.52428914e-07 
 2.83900000e-04  1.52242424e-07 
 2.84000000e-04  1.52122478e-07 
 2.84100000e-04  1.68035969e-07 
 2.84200000e-04  1.67845336e-07 
 2.84300000e-04  1.67772668e-07 
 2.84400000e-04  1.67708835e-07 
 2.84500000e-04  1.67650374e-07 
 2.84600000e-04  1.55196184e-07 
 2.84700000e-04  1.54802610e-07 
 2.84800000e-04  1.54611083e-07 
 2.84900000e-04  1.54470456e-07 
 2.85000000e-04  1.54382299e-07 
 2.85100000e-04  1.69528127e-07 
 2.85200000e-04  1.69043195e-07 
 2.85300000e-04  1.68883500e-07 
 2.85400000e-04  1.68806021e-07 
 2.85500000e-04  1.68755108e-07 
 2.85600000e-04  1.54544214e-07 
 2.85700000e-04  1.53940829e-07 
 2.85800000e-04  1.53666561e-07 
 2.85900000e-04  1.53474071e-07 
 2.86000000e-04  1.53365086e-07 
 2.86100000e-04  1.03756634e-04 
 2.86200000e-04  1.03756028e-04 
 2.86300000e-04  1.03755858e-04 
 2.86400000e-04  1.03755717e-04 
 2.86500000e-04  1.03755642e-04 
 2.86600000e-04  1.03745753e-04 
 2.86700000e-04  1.03745346e-04 
 2.86800000e-04  1.03745150e-04 
 2.86900000e-04  1.03745027e-04 
 2.87000000e-04  1.03744979e-04 
 2.87100000e-04  1.68543866e-07 
 2.87200000e-04  1.68210520e-07 
 2.87300000e-04  1.68102188e-07 
 2.87400000e-04  1.68009130e-07 
 2.87500000e-04  1.67960283e-07 
 2.87600000e-04  1.54317275e-07 
 2.87700000e-04  1.53799111e-07 
 2.87800000e-04  1.53540475e-07 
 2.87900000e-04  1.53350988e-07 
 2.88000000e-04  1.53232818e-07 
 2.88100000e-04  1.69199256e-07 
 2.88200000e-04  1.69018352e-07 
 2.88300000e-04  1.68931097e-07 
 2.88400000e-04  1.68850632e-07 
 2.88500000e-04  1.68808533e-07 
 2.88600000e-04  1.56273642e-07 
 2.88700000e-04  1.55904416e-07 
 2.88800000e-04  1.55698704e-07 
 2.88900000e-04  1.55554573e-07 
 2.89000000e-04  1.55473950e-07 
 2.89100000e-04  1.68942543e-07 
 2.89200000e-04  1.68731164e-07 
 2.89300000e-04  1.68649478e-07 
 2.89400000e-04  1.68576611e-07 
 2.89500000e-04  1.68547153e-07 
 2.89600000e-04  1.54765423e-07 
 2.89700000e-04  1.54340081e-07 
 2.89800000e-04  1.54107739e-07 
 2.89900000e-04  1.53933545e-07 
 2.90000000e-04  1.53819316e-07 
 2.90100000e-04  1.70326579e-07 
 2.90200000e-04  1.70034988e-07 
 2.90300000e-04  1.69924826e-07 
 2.90400000e-04  1.69826829e-07 
 2.90500000e-04  1.69774227e-07 
 2.90600000e-04  1.58506998e-07 
 2.90700000e-04  1.58133844e-07 
 2.90800000e-04  1.57939206e-07 
 2.90900000e-04  1.57807249e-07 
 2.91000000e-04  1.57739935e-07 
 2.91100000e-04  1.69025855e-07 
 2.91200000e-04  1.68763231e-07 
 2.91300000e-04  1.68678225e-07 
 2.91400000e-04  1.68605085e-07 
 2.91500000e-04  1.68556956e-07 
 2.91600000e-04  1.54808577e-07 
 2.91700000e-04  1.54356093e-07 
 2.91800000e-04  1.54105461e-07 
 2.91900000e-04  1.53924267e-07 
 2.92000000e-04  1.53814685e-07 
 2.92100000e-04  1.69794529e-07 
 2.92200000e-04  1.69600588e-07 
 2.92300000e-04  1.69515857e-07 
 2.92400000e-04  1.69439125e-07 
 2.92500000e-04  1.69402675e-07 
 2.92600000e-04  1.56852873e-07 
 2.92700000e-04  1.56475440e-07 
 2.92800000e-04  1.56278914e-07 
 2.92900000e-04  1.56141529e-07 
 2.93000000e-04  1.56065131e-07 
 2.93100000e-04  1.69554745e-07 
 2.93200000e-04  1.69332053e-07 
 2.93300000e-04  1.69249870e-07 
 2.93400000e-04  1.69177594e-07 
 2.93500000e-04  1.69151043e-07 
 2.93600000e-04  1.55335428e-07 
 2.93700000e-04  1.54924359e-07 
 2.93800000e-04  1.54686159e-07 
 2.93900000e-04  1.54510195e-07 
 2.94000000e-04  1.54398409e-07 
 2.94100000e-04  1.72544668e-07 
 2.94200000e-04  1.71914821e-07 
 2.94300000e-04  1.71717964e-07 
 2.94400000e-04  1.71550158e-07 
 2.94500000e-04  1.71470688e-07 
 2.94600000e-04  1.64084886e-07 
 2.94700000e-04  1.63698660e-07 
 2.94800000e-04  1.63526817e-07 
 2.94900000e-04  1.63417488e-07 
 2.95000000e-04  1.63372624e-07 
 2.95100000e-04  1.68868461e-07 
 2.95200000e-04  1.67999637e-07 
 2.95300000e-04  1.67758337e-07 
 2.95400000e-04  1.67557071e-07 
 2.95500000e-04  1.67465699e-07 
 2.95600000e-04  1.53860673e-07 
 2.95700000e-04  1.53259240e-07 
 2.95800000e-04  1.52977903e-07 
 2.95900000e-04  1.52778280e-07 
 2.96000000e-04  1.52662926e-07 
 2.96100000e-04  1.68610609e-07 
 2.96200000e-04  1.68403508e-07 
 2.96300000e-04  1.68321193e-07 
 2.96400000e-04  1.68248456e-07 
 2.96500000e-04  1.68208267e-07 
 2.96600000e-04  1.55687654e-07 
 2.96700000e-04  1.55311117e-07 
 2.96800000e-04  1.55114984e-07 
 2.96900000e-04  1.54971209e-07 
 2.97000000e-04  1.54881416e-07 
 2.97100000e-04  1.68326527e-07 
 2.97200000e-04  1.68101556e-07 
 2.97300000e-04  1.68028500e-07 
 2.97400000e-04  1.67966397e-07 
 2.97500000e-04  1.67931946e-07 
 2.97600000e-04  1.54163405e-07 
 2.97700000e-04  1.53751394e-07 
 2.97800000e-04  1.53505504e-07 
 2.97900000e-04  1.53327345e-07 
 2.98000000e-04  1.53219030e-07 
 2.98100000e-04  1.69700564e-07 
 2.98200000e-04  1.69406394e-07 
 2.98300000e-04  1.69298148e-07 
 2.98400000e-04  1.69202893e-07 
 2.98500000e-04  1.69156403e-07 
 2.98600000e-04  1.57928423e-07 
 2.98700000e-04  1.57546140e-07 
 2.98800000e-04  1.57340219e-07 
 2.98900000e-04  1.57208959e-07 
 2.99000000e-04  1.57154696e-07 
 2.99100000e-04  1.68395074e-07 
 2.99200000e-04  1.68142893e-07 
 2.99300000e-04  1.68052152e-07 
 2.99400000e-04  1.67971801e-07 
 2.99500000e-04  1.67937329e-07 
 2.99600000e-04  1.54211285e-07 
 2.99700000e-04  1.53743042e-07 
 2.99800000e-04  1.53509772e-07 
 2.99900000e-04  1.53331365e-07 
 3.00000000e-04  1.53209525e-07 
 3.00100000e-04  1.69161799e-07 
 3.00200000e-04  1.68972615e-07 
 3.00300000e-04  1.68888895e-07 
 3.00400000e-04  1.68812528e-07 
 3.00500000e-04  1.68777127e-07 
 3.00600000e-04  1.56251985e-07 
 3.00700000e-04  1.55879390e-07 
 3.00800000e-04  1.55680476e-07 
 3.00900000e-04  1.55539011e-07 
 3.01000000e-04  1.55456780e-07 
 3.01100000e-04  1.68927265e-07 
 3.01200000e-04  1.68698228e-07 
 3.01300000e-04  1.68621560e-07 
 3.01400000e-04  1.68556021e-07 
 3.01500000e-04  1.68518080e-07 
 3.01600000e-04  1.54740046e-07 
 3.01700000e-04  1.54323320e-07 
 3.01800000e-04  1.54095516e-07 
 3.01900000e-04  1.53921562e-07 
 3.02000000e-04  1.53803130e-07 
 3.02100000e-04  1.70836380e-07 
 3.02200000e-04  1.70436066e-07 
 3.02300000e-04  1.70301196e-07 
 3.02400000e-04  1.70184236e-07 
 3.02500000e-04  1.70111624e-07 
 3.02600000e-04  1.60156283e-07 
 3.02700000e-04  1.59774854e-07 
 3.02800000e-04  1.59600374e-07 
 3.02900000e-04  1.59484011e-07 
 3.03000000e-04  1.59427570e-07 
 3.03100000e-04  1.68518402e-07 
 3.03200000e-04  1.68211027e-07 
 3.03300000e-04  1.68108308e-07 
 3.03400000e-04  1.68019710e-07 
 3.03500000e-04  1.67986114e-07 
 3.03600000e-04  1.54269602e-07 
 3.03700000e-04  1.53787820e-07 
 3.03800000e-04  1.53524470e-07 
 3.03900000e-04  1.53331845e-07 
 3.04000000e-04  1.53212147e-07 
 3.04100000e-04  1.69186959e-07 
 3.04200000e-04  1.68993022e-07 
 3.04300000e-04  1.68913543e-07 
 3.04400000e-04  1.68842684e-07 
 3.04500000e-04  1.68797346e-07 
 3.04600000e-04  1.56244506e-07 
 3.04700000e-04  1.55882717e-07 
 3.04800000e-04  1.55687304e-07 
 3.04900000e-04  1.55545255e-07 
 3.05000000e-04  1.55458222e-07 
 3.05100000e-04  1.68927863e-07 
 3.05200000e-04  1.68704241e-07 
 3.05300000e-04  1.68634956e-07 
 3.05400000e-04  1.68576851e-07 
 3.05500000e-04  1.68537597e-07 
 3.05600000e-04  1.54744654e-07 
 3.05700000e-04  1.54311064e-07 
 3.05800000e-04  1.54087342e-07 
 3.05900000e-04  1.53917346e-07 
 3.06000000e-04  1.53802738e-07 
 3.06100000e-04  1.70309768e-07 
 3.06200000e-04  1.70026123e-07 
 3.06300000e-04  1.69906990e-07 
 3.06400000e-04  1.69798527e-07 
 3.06500000e-04  1.69765267e-07 
 3.06600000e-04  1.58504491e-07 
 3.06700000e-04  1.58120237e-07 
 3.06800000e-04  1.57928006e-07 
 3.06900000e-04  1.57801448e-07 
 3.07000000e-04  1.57742605e-07 
 3.07100000e-04  1.69020722e-07 
 3.07200000e-04  1.68766620e-07 
 3.07300000e-04  1.68674623e-07 
 3.07400000e-04  1.68593621e-07 
 3.07500000e-04  1.68548561e-07 
 3.07600000e-04  1.54793930e-07 
 3.07700000e-04  1.54325811e-07 
 3.07800000e-04  1.54093483e-07 
 3.07900000e-04  1.53918628e-07 
 3.08000000e-04  1.53803024e-07 
 3.08100000e-04  1.69784865e-07 
 3.08200000e-04  1.69605224e-07 
 3.08300000e-04  1.69524954e-07 
 3.08400000e-04  1.69451705e-07 
 3.08500000e-04  1.69394540e-07 
 3.08600000e-04  1.56841952e-07 
 3.08700000e-04  1.56464119e-07 
 3.08800000e-04  1.56268208e-07 
 3.08900000e-04  1.56133225e-07 
 3.09000000e-04  1.56061059e-07 
 3.09100000e-04  1.69555273e-07 
 3.09200000e-04  1.69321913e-07 
 3.09300000e-04  1.69238777e-07 
 3.09400000e-04  1.69166541e-07 
 3.09500000e-04  1.69136744e-07 
 3.09600000e-04  1.55334888e-07 
 3.09700000e-04  1.54897889e-07 
 3.09800000e-04  1.54675463e-07 
 3.09900000e-04  1.54501961e-07 
 3.10000000e-04  1.54378892e-07 
 3.10100000e-04  1.71989251e-07 
 3.10200000e-04  1.71480901e-07 
 3.10300000e-04  1.71312429e-07 
 3.10400000e-04  1.71166618e-07 
 3.10500000e-04  1.71111508e-07 
 3.10600000e-04  1.62407684e-07 
 3.10700000e-04  1.62034557e-07 
 3.10800000e-04  1.61844288e-07 
 3.10900000e-04  1.61731392e-07 
 3.11000000e-04  1.61698274e-07 
 3.11100000e-04  1.68801718e-07 
 3.11200000e-04  1.68406432e-07 
 3.11300000e-04  1.68256500e-07 
 3.11400000e-04  1.68122853e-07 
 3.11500000e-04  1.68062519e-07 
 3.11600000e-04  1.54398380e-07 
 3.11700000e-04  1.53825086e-07 
 3.11800000e-04  1.53571128e-07 
 3.11900000e-04  1.53379513e-07 
 3.12000000e-04  1.53252168e-07 
 3.12100000e-04  1.69223858e-07 
 3.12200000e-04  1.69028396e-07 
 3.12300000e-04  1.68939334e-07 
 3.12400000e-04  1.68858289e-07 
 3.12500000e-04  1.68820902e-07 
 3.12600000e-04  1.56269109e-07 
 3.12700000e-04  1.55881670e-07 
 3.12800000e-04  1.55693340e-07 
 3.12900000e-04  1.55554683e-07 
 3.13000000e-04  1.55467228e-07 
 3.13100000e-04  1.68947437e-07 
 3.13200000e-04  1.68715293e-07 
 3.13300000e-04  1.68635751e-07 
 3.13400000e-04  1.68567376e-07 
 3.13500000e-04  1.68544178e-07 
 3.13600000e-04  1.54749578e-07 
 3.13700000e-04  1.54317510e-07 
 3.13800000e-04  1.54088437e-07 
 3.13900000e-04  1.53919438e-07 
 3.14000000e-04  1.53812367e-07 
 3.14100000e-04  1.70325682e-07 
 3.14200000e-04  1.70013723e-07 
 3.14300000e-04  1.69910444e-07 
 3.14400000e-04  1.69822324e-07 
 3.14500000e-04  1.69758840e-07 
 3.14600000e-04  1.58499875e-07 
 3.14700000e-04  1.58115595e-07 
 3.14800000e-04  1.57927736e-07 
 3.14900000e-04  1.57797822e-07 
 3.15000000e-04  1.57727639e-07 
 3.15100000e-04  1.69019403e-07 
 3.15200000e-04  1.68749969e-07 
 3.15300000e-04  1.68668583e-07 
 3.15400000e-04  1.68600550e-07 
 3.15500000e-04  1.68566885e-07 
 3.15600000e-04  1.54799717e-07 
 3.15700000e-04  1.54322438e-07 
 3.15800000e-04  1.54088996e-07 
 3.15900000e-04  1.53913234e-07 
 3.16000000e-04  1.53796931e-07 
 3.16100000e-04  1.69789883e-07 
 3.16200000e-04  1.69612984e-07 
 3.16300000e-04  1.69531776e-07 
 3.16400000e-04  1.69457271e-07 
 3.16500000e-04  1.69412967e-07 
 3.16600000e-04  1.56843163e-07 
 3.16700000e-04  1.56464025e-07 
 3.16800000e-04  1.56274005e-07 
 3.16900000e-04  1.56136960e-07 
 3.17000000e-04  1.56054515e-07 
 3.17100000e-04  1.69556310e-07 
 3.17200000e-04  1.69327370e-07 
 3.17300000e-04  1.69248667e-07 
 3.17400000e-04  1.69181061e-07 
 3.17500000e-04  1.69141631e-07 
 3.17600000e-04  1.55320466e-07 
 3.17700000e-04  1.54895114e-07 
 3.17800000e-04  1.54677692e-07 
 3.17900000e-04  1.54506610e-07 
 3.18000000e-04  1.54383285e-07 
 3.18100000e-04  1.71456430e-07 
 3.18200000e-04  1.71049524e-07 
 3.18300000e-04  1.70913759e-07 
 3.18400000e-04  1.70796428e-07 
 3.18500000e-04  1.70741768e-07 
 3.18600000e-04  1.60754652e-07 
 3.18700000e-04  1.60387448e-07 
 3.18800000e-04  1.60199954e-07 
 3.18900000e-04  1.60075264e-07 
 3.19000000e-04  1.60015313e-07 
 3.19100000e-04  1.69139505e-07 
 3.19200000e-04  1.68839867e-07 
 3.19300000e-04  1.68737560e-07 
 3.19400000e-04  1.68648429e-07 
 3.19500000e-04  1.68596354e-07 
 3.19600000e-04  1.54860013e-07 
 3.19700000e-04  1.54380213e-07 
 3.19800000e-04  1.54123468e-07 
 3.19900000e-04  1.53930942e-07 
 3.20000000e-04  1.53804615e-07 
 3.20100000e-04  1.69810120e-07 
 3.20200000e-04  1.69625661e-07 
 3.20300000e-04  1.69532660e-07 
 3.20400000e-04  1.69445821e-07 
 3.20500000e-04  1.69420988e-07 
 3.20600000e-04  1.56848617e-07 
 3.20700000e-04  1.56473095e-07 
 3.20800000e-04  1.56283732e-07 
 3.20900000e-04  1.56146438e-07 
 3.21000000e-04  1.56062811e-07 
 3.21100000e-04  1.69551203e-07 
 3.21200000e-04  1.69326112e-07 
 3.21300000e-04  1.69244106e-07 
 3.21400000e-04  1.69171895e-07 
 3.21500000e-04  1.69145667e-07 
 3.21600000e-04  1.55329400e-07 
 3.21700000e-04  1.54899024e-07 
 3.21800000e-04  1.54675668e-07 
 3.21900000e-04  1.54505802e-07 
 3.22000000e-04  1.54391065e-07 
 3.22100000e-04  1.70934573e-07 
 3.22200000e-04  1.70629118e-07 
 3.22300000e-04  1.70522999e-07 
 3.22400000e-04  1.70430930e-07 
 3.22500000e-04  1.70373397e-07 
 3.22600000e-04  1.59096561e-07 
 3.22700000e-04  1.58711901e-07 
 3.22800000e-04  1.58533023e-07 
 3.22900000e-04  1.58408671e-07 
 3.23000000e-04  1.58340516e-07 
 3.23100000e-04  1.69644514e-07 
 3.23200000e-04  1.69390401e-07 
 3.23300000e-04  1.69289867e-07 
 3.23400000e-04  1.69199490e-07 
 3.23500000e-04  1.69165380e-07 
 3.23600000e-04  1.55378677e-07 
 3.23700000e-04  1.54913686e-07 
 3.23800000e-04  1.54687613e-07 
 3.23900000e-04  1.54512814e-07 
 3.24000000e-04  1.54390857e-07 
 3.24100000e-04  1.70406841e-07 
 3.24200000e-04  1.70222525e-07 
 3.24300000e-04  1.70138123e-07 
 3.24400000e-04  1.70060568e-07 
 3.24500000e-04  1.70014411e-07 
 3.24600000e-04  1.57424519e-07 
 3.24700000e-04  1.57039101e-07 
 3.24800000e-04  1.56852011e-07 
 3.24900000e-04  1.56723288e-07 
 3.25000000e-04  1.56654721e-07 
 3.25100000e-04  1.70175177e-07 
 3.25200000e-04  1.69934052e-07 
 3.25300000e-04  1.69854188e-07 
 3.25400000e-04  1.69786477e-07 
 3.25500000e-04  1.69752276e-07 
 3.25600000e-04  1.55928859e-07 
 3.25700000e-04  1.55508984e-07 
 3.25800000e-04  1.55269657e-07 
 3.25900000e-04  1.55094731e-07 
 3.26000000e-04  1.54986186e-07 
 3.26100000e-04  1.73663924e-07 
 3.26200000e-04  1.72940260e-07 
 3.26300000e-04  1.72720181e-07 
 3.26400000e-04  1.72533239e-07 
 3.26500000e-04  1.72457698e-07 
 3.26600000e-04  1.66332496e-07 
 3.26700000e-04  1.65942553e-07 
 3.26800000e-04  1.65773368e-07 
 3.26900000e-04  1.65680547e-07 
 3.27000000e-04  1.65666448e-07 
 3.27100000e-04  1.68947671e-07 
 3.27200000e-04  1.68000725e-07 
 3.27300000e-04  1.67755454e-07 
 3.27400000e-04  1.67554828e-07 
 3.27500000e-04  1.67485758e-07 
 3.27600000e-04  1.53891961e-07 
 3.27700000e-04  1.53253902e-07 
 3.27800000e-04  1.52979996e-07 
 3.27900000e-04  1.52775629e-07 
 3.28000000e-04  1.52642942e-07 
 3.28100000e-04  1.68599391e-07 
 3.28200000e-04  1.68413054e-07 
 3.28300000e-04  1.68327729e-07 
 3.28400000e-04  1.68249315e-07 
 3.28500000e-04  1.68210311e-07 
 3.28600000e-04  1.55659772e-07 
 3.28700000e-04  1.55294583e-07 
 3.28800000e-04  1.55103890e-07 
 3.28900000e-04  1.54966808e-07 
 3.29000000e-04  1.54884912e-07 
 3.29100000e-04  1.70068522e-07 
 3.29200000e-04  1.69591418e-07 
 3.29300000e-04  1.69410425e-07 
 3.29400000e-04  1.69320348e-07 
 3.29500000e-04  1.69259648e-07 
 3.29600000e-04  1.55030007e-07 
 3.29700000e-04  1.54422400e-07 
 3.29800000e-04  1.54160497e-07 
 3.29900000e-04  1.53972272e-07 
 3.30000000e-04  1.53859238e-07 
 3.30100000e-04  1.03756615e-04 
 3.30200000e-04  1.03756129e-04 
 3.30300000e-04  1.03755981e-04 
 3.30400000e-04  1.03755857e-04 
 3.30500000e-04  1.03755811e-04 
 3.30600000e-04  1.03744588e-04 
 3.30700000e-04  1.03744169e-04 
 3.30800000e-04  1.03743973e-04 
 3.30900000e-04  1.03743843e-04 
 3.31000000e-04  1.03743781e-04 
 3.31100000e-04  1.69556630e-07 
 3.31200000e-04  1.69252556e-07 
 3.31300000e-04  1.69154468e-07 
 3.31400000e-04  1.69070389e-07 
 3.31500000e-04  1.69028152e-07 
 3.31600000e-04  1.55295951e-07 
 3.31700000e-04  1.54830636e-07 
 3.31800000e-04  1.54582900e-07 
 3.31900000e-04  1.54401611e-07 
 3.32000000e-04  1.54288808e-07 
 3.32100000e-04  1.70302118e-07 
 3.32200000e-04  1.70120952e-07 
 3.32300000e-04  1.70036951e-07 
 3.32400000e-04  1.69959449e-07 
 3.32500000e-04  1.69915111e-07 
 3.32600000e-04  1.57326186e-07 
 3.32700000e-04  1.56967975e-07 
 3.32800000e-04  1.56769495e-07 
 3.32900000e-04  1.56627240e-07 
 3.33000000e-04  1.56542928e-07 
 3.33100000e-04  1.70084650e-07 
 3.33200000e-04  1.69837289e-07 
 3.33300000e-04  1.69765100e-07 
 3.33400000e-04  1.69706576e-07 
 3.33500000e-04  1.69667457e-07 
 3.33600000e-04  1.55817803e-07 
 3.33700000e-04  1.55405429e-07 
 3.33800000e-04  1.55172087e-07 
 3.33900000e-04  1.54995944e-07 
 3.34000000e-04  1.54878744e-07 
 3.34100000e-04  1.71991977e-07 
 3.34200000e-04  1.71582109e-07 
 3.34300000e-04  1.71435796e-07 
 3.34400000e-04  1.71307352e-07 
 3.34500000e-04  1.71252025e-07 
 3.34600000e-04  1.61236447e-07 
 3.34700000e-04  1.60855148e-07 
 3.34800000e-04  1.60686662e-07 
 3.34900000e-04  1.60564753e-07 
 3.35000000e-04  1.60490826e-07 
 3.35100000e-04  1.69665526e-07 
 3.35200000e-04  1.69353993e-07 
 3.35300000e-04  1.69244996e-07 
 3.35400000e-04  1.69149878e-07 
 3.35500000e-04  1.69116134e-07 
 3.35600000e-04  1.55352015e-07 
 3.35700000e-04  1.54855928e-07 
 3.35800000e-04  1.54610430e-07 
 3.35900000e-04  1.54421788e-07 
 3.36000000e-04  1.54291733e-07 
 3.36100000e-04  1.70328265e-07 
 3.36200000e-04  1.70146563e-07 
 3.36300000e-04  1.70050881e-07 
 3.36400000e-04  1.69960781e-07 
 3.36500000e-04  1.69937158e-07 
 3.36600000e-04  1.57307546e-07 
 3.36700000e-04  1.56942101e-07 
 3.36800000e-04  1.56757057e-07 
 3.36900000e-04  1.56627213e-07 
 3.37000000e-04  1.56554245e-07 
 3.37100000e-04  1.70076556e-07 
 3.37200000e-04  1.69840136e-07 
 3.37300000e-04  1.69759630e-07 
 3.37400000e-04  1.69690588e-07 
 3.37500000e-04  1.69664086e-07 
 3.37600000e-04  1.55820303e-07 
 3.37700000e-04  1.55393944e-07 
 3.37800000e-04  1.55162722e-07 
 3.37900000e-04  1.54994149e-07 
 3.38000000e-04  1.54890138e-07 
 3.38100000e-04  1.71446794e-07 
 3.38200000e-04  1.71150191e-07 
 3.38300000e-04  1.71039328e-07 
 3.38400000e-04  1.70941123e-07 
 3.38500000e-04  1.70887983e-07 
 3.38600000e-04  1.59571610e-07 
 3.38700000e-04  1.59205130e-07 
 3.38800000e-04  1.59016538e-07 
 3.38900000e-04  1.58882259e-07 
 3.39000000e-04  1.58803942e-07 
 3.39100000e-04  1.70154456e-07 
 3.39200000e-04  1.69880972e-07 
 3.39300000e-04  1.69797128e-07 
 3.39400000e-04  1.69726198e-07 
 3.39500000e-04  1.69678581e-07 
 3.39600000e-04  1.55856079e-07 
 3.39700000e-04  1.55413668e-07 
 3.39800000e-04  1.55174557e-07 
 3.39900000e-04  1.54994898e-07 
 3.40000000e-04  1.54876503e-07 
 3.40100000e-04  1.70925588e-07 
 3.40200000e-04  1.70725034e-07 
 3.40300000e-04  1.70644671e-07 
 3.40400000e-04  1.70573401e-07 
 3.40500000e-04  1.70516545e-07 
 3.40600000e-04  1.57896940e-07 
 3.40700000e-04  1.57545034e-07 
 3.40800000e-04  1.57357062e-07 
 3.40900000e-04  1.57222775e-07 
 3.41000000e-04  1.57143802e-07 
 3.41100000e-04  1.70690178e-07 
 3.41200000e-04  1.70450927e-07 
 3.41300000e-04  1.70368297e-07 
 3.41400000e-04  1.70297044e-07 
 3.41500000e-04  1.70260690e-07 
 3.41600000e-04  1.56381858e-07 
 3.41700000e-04  1.55980570e-07 
 3.41800000e-04  1.55757237e-07 
 3.41900000e-04  1.55588781e-07 
 3.42000000e-04  1.55476865e-07 
 3.42100000e-04  1.73121987e-07 
 3.42200000e-04  1.72622520e-07 
 3.42300000e-04  1.72452148e-07 
 3.42400000e-04  1.72303089e-07 
 3.42500000e-04  1.72225367e-07 
 3.42600000e-04  1.63472290e-07 
 3.42700000e-04  1.63102282e-07 
 3.42800000e-04  1.62926720e-07 
 3.42900000e-04  1.62817592e-07 
 3.43000000e-04  1.62776924e-07 
 3.43100000e-04  1.69949059e-07 
 3.43200000e-04  1.69541990e-07 
 3.43300000e-04  1.69390018e-07 
 3.43400000e-04  1.69255234e-07 
 3.43500000e-04  1.69201259e-07 
 3.43600000e-04  1.55450491e-07 
 3.43700000e-04  1.54913015e-07 
 3.43800000e-04  1.54657091e-07 
 3.43900000e-04  1.54458967e-07 
 3.44000000e-04  1.54320398e-07 
 3.44100000e-04  1.70362666e-07 
 3.44200000e-04  1.70168693e-07 
 3.44300000e-04  1.70074519e-07 
 3.44400000e-04  1.69987509e-07 
 3.44500000e-04  1.69947773e-07 
 3.44600000e-04  1.57324489e-07 
 3.44700000e-04  1.56973168e-07 
 3.44800000e-04  1.56768160e-07 
 3.44900000e-04  1.56629037e-07 
 3.45000000e-04  1.56557808e-07 
 3.45100000e-04  1.70095526e-07 
 3.45200000e-04  1.69850714e-07 
 3.45300000e-04  1.69768147e-07 
 3.45400000e-04  1.69697930e-07 
 3.45500000e-04  1.69672751e-07 
 3.45600000e-04  1.55822215e-07 
 3.45700000e-04  1.55404439e-07 
 3.45800000e-04  1.55175191e-07 
 3.45900000e-04  1.55002097e-07 
 3.46000000e-04  1.54886857e-07 
 3.46100000e-04  1.71449218e-07 
 3.46200000e-04  1.71147699e-07 
 3.46300000e-04  1.71038840e-07 
 3.46400000e-04  1.70943304e-07 
 3.46500000e-04  1.70890644e-07 
 3.46600000e-04  1.59558111e-07 
 3.46700000e-04  1.59209693e-07 
 3.46800000e-04  1.59013936e-07 
 3.46900000e-04  1.58885212e-07 
 3.47000000e-04  1.58825562e-07 
 3.47100000e-04  1.70156174e-07 
 3.47200000e-04  1.69894341e-07 
 3.47300000e-04  1.69804214e-07 
 3.47400000e-04  1.69725467e-07 
 3.47500000e-04  1.69681814e-07 
 3.47600000e-04  1.55852704e-07 
 3.47700000e-04  1.55399204e-07 
 3.47800000e-04  1.55161716e-07 
 3.47900000e-04  1.54992622e-07 
 3.48000000e-04  1.54894011e-07 
 3.48100000e-04  1.70931091e-07 
 3.48200000e-04  1.70724534e-07 
 3.48300000e-04  1.70645933e-07 
 3.48400000e-04  1.70576976e-07 
 3.48500000e-04  1.70531443e-07 
 3.48600000e-04  1.57894377e-07 
 3.48700000e-04  1.57527534e-07 
 3.48800000e-04  1.57351483e-07 
 3.48900000e-04  1.57220531e-07 
 3.49000000e-04  1.57136027e-07 
 3.49100000e-04  1.70684746e-07 
 3.49200000e-04  1.70450737e-07 
 3.49300000e-04  1.70369901e-07 
 3.49400000e-04  1.70300058e-07 
 3.49500000e-04  1.70268177e-07 
 3.49600000e-04  1.56398562e-07 
 3.49700000e-04  1.55975115e-07 
 3.49800000e-04  1.55751777e-07 
 3.49900000e-04  1.55582562e-07 
 3.50000000e-04  1.55469102e-07 
 3.50100000e-04  1.72591669e-07 
 3.50200000e-04  1.72186652e-07 
 3.50300000e-04  1.72050558e-07 
 3.50400000e-04  1.71932545e-07 
 3.50500000e-04  1.71857963e-07 
 3.50600000e-04  1.61806610e-07 
 3.50700000e-04  1.61451688e-07 
 3.50800000e-04  1.61265367e-07 
 3.50900000e-04  1.61140902e-07 
 3.51000000e-04  1.61080168e-07 
 3.51100000e-04  1.70278237e-07 
 3.51200000e-04  1.69967846e-07 
 3.51300000e-04  1.69869123e-07 
 3.51400000e-04  1.69784800e-07 
 3.51500000e-04  1.69735341e-07 
 3.51600000e-04  1.55924569e-07 
 3.51700000e-04  1.55434163e-07 
 3.51800000e-04  1.55188033e-07 
 3.51900000e-04  1.55010017e-07 
 3.52000000e-04  1.54902191e-07 
 3.52100000e-04  1.70944913e-07 
 3.52200000e-04  1.70756046e-07 
 3.52300000e-04  1.70665800e-07 
 3.52400000e-04  1.70582455e-07 
 3.52500000e-04  1.70538829e-07 
 3.52600000e-04  1.57913828e-07 
 3.52700000e-04  1.57537505e-07 
 3.52800000e-04  1.57345962e-07 
 3.52900000e-04  1.57214816e-07 
 3.53000000e-04  1.57145896e-07 
 3.53100000e-04  1.70693502e-07 
 3.53200000e-04  1.70472779e-07 
 3.53300000e-04  1.70389710e-07 
 3.53400000e-04  1.70316073e-07 
 3.53500000e-04  1.70277815e-07 
 3.53600000e-04  1.56381006e-07 
 3.53700000e-04  1.55979417e-07 
 3.53800000e-04  1.55754287e-07 
 3.53900000e-04  1.55587257e-07 
 3.54000000e-04  1.55480084e-07 
 3.54100000e-04  1.72080237e-07 
 3.54200000e-04  1.71772244e-07 
 3.54300000e-04  1.71657442e-07 
 3.54400000e-04  1.71556113e-07 
 3.54500000e-04  1.71501617e-07 
 3.54600000e-04  1.60143342e-07 
 3.54700000e-04  1.59790212e-07 
 3.54800000e-04  1.59609249e-07 
 3.54900000e-04  1.59487045e-07 
 3.55000000e-04  1.59425372e-07 
 3.55100000e-04  1.70790556e-07 
 3.55200000e-04  1.70514785e-07 
 3.55300000e-04  1.70413927e-07 
 3.55400000e-04  1.70324949e-07 
 3.55500000e-04  1.70302100e-07 
 3.55600000e-04  1.56437748e-07 
 3.55700000e-04  1.55996611e-07 
 3.55800000e-04  1.55762630e-07 
 3.55900000e-04  1.55585864e-07 
 3.56000000e-04  1.55468035e-07 
 3.56100000e-04  1.71556382e-07 
 3.56200000e-04  1.71347850e-07 
 3.56300000e-04  1.71263901e-07 
 3.56400000e-04  1.71189606e-07 
 3.56500000e-04  1.71140159e-07 
 3.56600000e-04  1.58496050e-07 
 3.56700000e-04  1.58115958e-07 
 3.56800000e-04  1.57928206e-07 
 3.56900000e-04  1.57799395e-07 
 3.57000000e-04  1.57731304e-07 
 3.57100000e-04  1.71319821e-07 
 3.57200000e-04  1.71089310e-07 
 3.57300000e-04  1.71000512e-07 
 3.57400000e-04  1.70921607e-07 
 3.57500000e-04  1.70894568e-07 
 3.57600000e-04  1.56964121e-07 
 3.57700000e-04  1.56567610e-07 
 3.57800000e-04  1.56342380e-07 
 3.57900000e-04  1.56174731e-07 
 3.58000000e-04  1.56066395e-07 
 3.58100000e-04  1.74283825e-07 
 3.58200000e-04  1.73649128e-07 
 3.58300000e-04  1.73450977e-07 
 3.58400000e-04  1.73282121e-07 
 3.58500000e-04  1.73209710e-07 
 3.58600000e-04  1.65729327e-07 
 3.58700000e-04  1.65358377e-07 
 3.58800000e-04  1.65192098e-07 
 3.58900000e-04  1.65086697e-07 
 3.59000000e-04  1.65044014e-07 
 3.59100000e-04  1.70575439e-07 
 3.59200000e-04  1.69784165e-07 
 3.59300000e-04  1.69532766e-07 
 3.59400000e-04  1.69317381e-07 
 3.59500000e-04  1.69231141e-07 
 3.59600000e-04  1.55506781e-07 
 3.59700000e-04  1.54924642e-07 
 3.59800000e-04  1.54665376e-07 
 3.59900000e-04  1.54472152e-07 
 3.60000000e-04  1.54346971e-07 
 3.60100000e-04  1.70362210e-07 
 3.60200000e-04  1.70176402e-07 
 3.60300000e-04  1.70083070e-07 
 3.60400000e-04  1.69995892e-07 
 3.60500000e-04  1.69947435e-07 
 3.60600000e-04  1.57332408e-07 
 3.60700000e-04  1.56969916e-07 
 3.60800000e-04  1.56778528e-07 
 3.60900000e-04  1.56641180e-07 
 3.61000000e-04  1.56559491e-07 
 3.61100000e-04  1.70087999e-07 
 3.61200000e-04  1.69859257e-07 
 3.61300000e-04  1.69781309e-07 
 3.61400000e-04  1.69713960e-07 
 3.61500000e-04  1.69667999e-07 
 3.61600000e-04  1.55814667e-07 
 3.61700000e-04  1.55395885e-07 
 3.61800000e-04  1.55168917e-07 
 3.61900000e-04  1.54998550e-07 
 3.62000000e-04  1.54886482e-07 
 3.62100000e-04  1.71456440e-07 
 3.62200000e-04  1.71161750e-07 
 3.62300000e-04  1.71051761e-07 
 3.62400000e-04  1.70954017e-07 
 3.62500000e-04  1.70900647e-07 
 3.62600000e-04  1.59580355e-07 
 3.62700000e-04  1.59205793e-07 
 3.62800000e-04  1.59012584e-07 
 3.62900000e-04  1.58883517e-07 
 3.63000000e-04  1.58820530e-07 
 3.63100000e-04  1.70159952e-07 
 3.63200000e-04  1.69906319e-07 
 3.63300000e-04  1.69805266e-07 
 3.63400000e-04  1.69713724e-07 
 3.63500000e-04  1.69680922e-07 
 3.63600000e-04  1.55860496e-07 
 3.63700000e-04  1.55416900e-07 
 3.63800000e-04  1.55184361e-07 
 3.63900000e-04  1.55009116e-07 
 3.64000000e-04  1.54892883e-07 
 3.64100000e-04  1.70929519e-07 
 3.64200000e-04  1.70730156e-07 
 3.64300000e-04  1.70645129e-07 
 3.64400000e-04  1.70568778e-07 
 3.64500000e-04  1.70531985e-07 
 3.64600000e-04  1.57909442e-07 
 3.64700000e-04  1.57525788e-07 
 3.64800000e-04  1.57337164e-07 
 3.64900000e-04  1.57208864e-07 
 3.65000000e-04  1.57142704e-07 
 3.65100000e-04  1.70687700e-07 
 3.65200000e-04  1.70457249e-07 
 3.65300000e-04  1.70371862e-07 
 3.65400000e-04  1.70296614e-07 
 3.65500000e-04  1.70263521e-07 
 3.65600000e-04  1.56396967e-07 
 3.65700000e-04  1.55983935e-07 
 3.65800000e-04  1.55758722e-07 
 3.65900000e-04  1.55590385e-07 
 3.66000000e-04  1.55480631e-07 
 3.66100000e-04  1.72597580e-07 
 3.66200000e-04  1.72193192e-07 
 3.66300000e-04  1.72049594e-07 
 3.66400000e-04  1.71923304e-07 
 3.66500000e-04  1.71857757e-07 
 3.66600000e-04  1.61811059e-07 
 3.66700000e-04  1.61441649e-07 
 3.66800000e-04  1.61263843e-07 
 3.66900000e-04  1.61149344e-07 
 3.67000000e-04  1.61100061e-07 
 3.67100000e-04  1.70292332e-07 
 3.67200000e-04  1.69983927e-07 
 3.67300000e-04  1.69875893e-07 
 3.67400000e-04  1.69781177e-07 
 3.67500000e-04  1.69734788e-07 
 3.67600000e-04  1.55940204e-07 
 3.67700000e-04  1.55446475e-07 
 3.67800000e-04  1.55201534e-07 
 3.67900000e-04  1.55015524e-07 
 3.68000000e-04  1.54890211e-07 
 3.68100000e-04  1.70947185e-07 
 3.68200000e-04  1.70750547e-07 
 3.68300000e-04  1.70656112e-07 
 3.68400000e-04  1.70568978e-07 
 3.68500000e-04  1.70529261e-07 
 3.68600000e-04  1.57907350e-07 
 3.68700000e-04  1.57529028e-07 
 3.68800000e-04  1.57340664e-07 
 3.68900000e-04  1.57208677e-07 
 3.69000000e-04  1.57134753e-07 
 3.69100000e-04  1.70708021e-07 
 3.69200000e-04  1.70466261e-07 
 3.69300000e-04  1.70383564e-07 
 3.69400000e-04  1.70312825e-07 
 3.69500000e-04  1.70277137e-07 
 3.69600000e-04  1.56400431e-07 
 3.69700000e-04  1.55982128e-07 
 3.69800000e-04  1.55765748e-07 
 3.69900000e-04  1.55598620e-07 
 3.70000000e-04  1.55482201e-07 
 3.70100000e-04  1.72072678e-07 
 3.70200000e-04  1.71771894e-07 
 3.70300000e-04  1.71656222e-07 
 3.70400000e-04  1.71552996e-07 
 3.70500000e-04  1.71510981e-07 
 3.70600000e-04  1.60162579e-07 
 3.70700000e-04  1.59795499e-07 
 3.70800000e-04  1.59599926e-07 
 3.70900000e-04  1.59473108e-07 
 3.71000000e-04  1.59417121e-07 
 3.71100000e-04  1.70769091e-07 
 3.71200000e-04  1.70510672e-07 
 3.71300000e-04  1.70419952e-07 
 3.71400000e-04  1.70340247e-07 
 3.71500000e-04  1.70297598e-07 
 3.71600000e-04  1.56453841e-07 
 3.71700000e-04  1.55993332e-07 
 3.71800000e-04  1.55764673e-07 
 3.71900000e-04  1.55588690e-07 
 3.72000000e-04  1.55466946e-07 
 3.72100000e-04  1.71542785e-07 
 3.72200000e-04  1.71364244e-07 
 3.72300000e-04  1.71274542e-07 
 3.72400000e-04  1.71190655e-07 
 3.72500000e-04  1.71155996e-07 
 3.72600000e-04  1.58494571e-07 
 3.72700000e-04  1.58130828e-07 
 3.72800000e-04  1.57933066e-07 
 3.72900000e-04  1.57800878e-07 
 3.73000000e-04  1.57736237e-07 
 3.73100000e-04  1.71309220e-07 
 3.73200000e-04  1.71073879e-07 
 3.73300000e-04  1.70991255e-07 
 3.73400000e-04  1.70919477e-07 
 3.73500000e-04  1.70883717e-07 
 3.73600000e-04  1.56968554e-07 
 3.73700000e-04  1.56560950e-07 
 3.73800000e-04  1.56347352e-07 
 3.73900000e-04  1.56181936e-07 
 3.74000000e-04  1.56066124e-07 
 3.74100000e-04  1.73757010e-07 
 3.74200000e-04  1.73240477e-07 
 3.74300000e-04  1.73069141e-07 
 3.74400000e-04  1.72921012e-07 
 3.74500000e-04  1.72848145e-07 
 3.74600000e-04  1.64052399e-07 
 3.74700000e-04  1.63696022e-07 
 3.74800000e-04  1.63527738e-07 
 3.74900000e-04  1.63420786e-07 
 3.75000000e-04  1.63377001e-07 
 3.75100000e-04  1.70579083e-07 
 3.75200000e-04  1.70171178e-07 
 3.75300000e-04  1.70014018e-07 
 3.75400000e-04  1.69873708e-07 
 3.75500000e-04  1.69819183e-07 
 3.75600000e-04  1.56030726e-07 
 3.75700000e-04  1.55488635e-07 
 3.75800000e-04  1.55239221e-07 
 3.75900000e-04  1.55053389e-07 
 3.76000000e-04  1.54933044e-07 
 3.76100000e-04  1.70981889e-07 
 3.76200000e-04  1.70788758e-07 
 3.76300000e-04  1.70694462e-07 
 3.76400000e-04  1.70606856e-07 
 3.76500000e-04  1.70567454e-07 
 3.76600000e-04  1.57929690e-07 
 3.76700000e-04  1.57546402e-07 
 3.76800000e-04  1.57360193e-07 
 3.76900000e-04  1.57230135e-07 
 3.77000000e-04  1.57157901e-07 
 3.77100000e-04  1.70709975e-07 
 3.77200000e-04  1.70478275e-07 
 3.77300000e-04  1.70398782e-07 
 3.77400000e-04  1.70330091e-07 
 3.77500000e-04  1.70291971e-07 
 3.77600000e-04  1.56398884e-07 
 3.77700000e-04  1.55993955e-07 
 3.77800000e-04  1.55763206e-07 
 3.77900000e-04  1.55594919e-07 
 3.78000000e-04  1.55490962e-07 
 3.78100000e-04  1.72076390e-07 
 3.78200000e-04  1.71777247e-07 
 3.78300000e-04  1.71670469e-07 
 3.78400000e-04  1.71577111e-07 
 3.78500000e-04  1.71521751e-07 
 3.78600000e-04  1.60154967e-07 
 3.78700000e-04  1.59795435e-07 
 3.78800000e-04  1.59613936e-07 
 3.78900000e-04  1.59490241e-07 
 3.79000000e-04  1.59426069e-07 
 3.79100000e-04  1.70778367e-07 
 3.79200000e-04  1.70514427e-07 
 3.79300000e-04  1.70419996e-07 
 3.79400000e-04  1.70336698e-07 
 3.79500000e-04  1.70292486e-07 
 3.79600000e-04  1.56452813e-07 
 3.79700000e-04  1.55990873e-07 
 3.79800000e-04  1.55765344e-07 
 3.79900000e-04  1.55591813e-07 
 3.80000000e-04  1.55471820e-07 
 3.80100000e-04  1.71557498e-07 
 3.80200000e-04  1.71360290e-07 
 3.80300000e-04  1.71269753e-07 
 3.80400000e-04  1.71187084e-07 
 3.80500000e-04  1.71141369e-07 
 3.80600000e-04  1.58485455e-07 
 3.80700000e-04  1.58129917e-07 
 3.80800000e-04  1.57946272e-07 
 3.80900000e-04  1.57813271e-07 
 3.81000000e-04  1.57732407e-07 
 3.81100000e-04  1.71333189e-07 
 3.81200000e-04  1.71081185e-07 
 3.81300000e-04  1.70994277e-07 
 3.81400000e-04  1.70919869e-07 
 3.81500000e-04  1.70884746e-07 
 3.81600000e-04  1.56989740e-07 
 3.81700000e-04  1.56559405e-07 
 3.81800000e-04  1.56342470e-07 
 3.81900000e-04  1.56175249e-07 
 3.82000000e-04  1.56059203e-07 
 3.82100000e-04  1.73221946e-07 
 3.82200000e-04  1.72809439e-07 
 3.82300000e-04  1.72672319e-07 
 3.82400000e-04  1.72553514e-07 
 3.82500000e-04  1.72483229e-07 
 3.82600000e-04  1.62397095e-07 
 3.82700000e-04  1.62035594e-07 
 3.82800000e-04  1.61866982e-07 
 3.82900000e-04  1.61752561e-07 
 3.83000000e-04  1.61693933e-07 
 3.83100000e-04  1.70915091e-07 
 3.83200000e-04  1.70595847e-07 
 3.83300000e-04  1.70492307e-07 
 3.83400000e-04  1.70403571e-07 
 3.83500000e-04  1.70343495e-07 
 3.83600000e-04  1.56525734e-07 
 3.83700000e-04  1.56031414e-07 
 3.83800000e-04  1.55793915e-07 
 3.83900000e-04  1.55614524e-07 
 3.84000000e-04  1.55494966e-07 
 3.84100000e-04  1.71579085e-07 
 3.84200000e-04  1.71384713e-07 
 3.84300000e-04  1.71292138e-07 
 3.84400000e-04  1.71206895e-07 
 3.84500000e-04  1.71155463e-07 
 3.84600000e-04  1.58483889e-07 
 3.84700000e-04  1.58143546e-07 
 3.84800000e-04  1.57941954e-07 
 3.84900000e-04  1.57805346e-07 
 3.85000000e-04  1.57735668e-07 
 3.85100000e-04  1.71326098e-07 
 3.85200000e-04  1.71088483e-07 
 3.85300000e-04  1.71005409e-07 
 3.85400000e-04  1.70933712e-07 
 3.85500000e-04  1.70900436e-07 
 3.85600000e-04  1.56998074e-07 
 3.85700000e-04  1.56585640e-07 
 3.85800000e-04  1.56353857e-07 
 3.85900000e-04  1.56181450e-07 
 3.86000000e-04  1.56070183e-07 
 3.86100000e-04  1.72709169e-07 
 3.86200000e-04  1.72394890e-07 
 3.86300000e-04  1.72287154e-07 
 3.86400000e-04  1.72194128e-07 
 3.86500000e-04  1.72128265e-07 
 3.86600000e-04  1.60749304e-07 
 3.86700000e-04  1.60389497e-07 
 3.86800000e-04  1.60199267e-07 
 3.86900000e-04  1.60070195e-07 
 3.87000000e-04  1.60004101e-07 
 3.87100000e-04  1.71410850e-07 
 3.87200000e-04  1.71145373e-07 
 3.87300000e-04  1.71042715e-07 
 3.87400000e-04  1.70950876e-07 
 3.87500000e-04  1.70922582e-07 
 3.87600000e-04  1.57034656e-07 
 3.87700000e-04  1.56598467e-07 
 3.87800000e-04  1.56371822e-07 
 3.87900000e-04  1.56192789e-07 
 3.88000000e-04  1.56062757e-07 
 3.88100000e-04  1.72178076e-07 
 3.88200000e-04  1.71970101e-07 
 3.88300000e-04  1.71880145e-07 
 3.88400000e-04  1.71798626e-07 
 3.88500000e-04  1.71772503e-07 
 3.88600000e-04  1.59073114e-07 
 3.88700000e-04  1.58711211e-07 
 3.88800000e-04  1.58534163e-07 
 3.88900000e-04  1.58406366e-07 
 3.89000000e-04  1.58329263e-07 
 3.89100000e-04  1.71939851e-07 
 3.89200000e-04  1.71713087e-07 
 3.89300000e-04  1.71619114e-07 
 3.89400000e-04  1.71534014e-07 
 3.89500000e-04  1.71508291e-07 
 3.89600000e-04  1.57579430e-07 
 3.89700000e-04  1.57168331e-07 
 3.89800000e-04  1.56949596e-07 
 3.89900000e-04  1.56784446e-07 
 3.90000000e-04  1.56674460e-07 
 3.90100000e-04  1.75963751e-07 
 3.90200000e-04  1.75129444e-07 
 3.90300000e-04  1.74871382e-07 
 3.90400000e-04  1.74650676e-07 
 3.90500000e-04  1.74568229e-07 
 3.90600000e-04  1.69628457e-07 
 3.90700000e-04  1.69275398e-07 
 3.90800000e-04  1.69108754e-07 
 3.90900000e-04  1.69024507e-07 
 3.91000000e-04  1.69025146e-07 
 3.91100000e-04  1.70175591e-07 
 3.91200000e-04  1.69193598e-07 
 3.91300000e-04  1.68932203e-07 
 3.91400000e-04  1.68716836e-07 
 3.91500000e-04  1.68635834e-07 
 3.91600000e-04  1.55005660e-07 
 3.91700000e-04  1.54343745e-07 
 3.91800000e-04  1.54067350e-07 
 3.91900000e-04  1.53863511e-07 
 3.92000000e-04  1.53734401e-07 
 3.92100000e-04  1.69748812e-07 
 3.92200000e-04  1.69553384e-07 
 3.92300000e-04  1.69466800e-07 
 3.92400000e-04  1.69388139e-07 
 3.92500000e-04  1.69334032e-07 
 3.92600000e-04  1.56743602e-07 
 3.92700000e-04  1.56362726e-07 
 3.92800000e-04  1.56182816e-07 
 3.92900000e-04  1.56047988e-07 
 3.93000000e-04  1.55959546e-07 
 3.93100000e-04  1.69477281e-07 
 3.93200000e-04  1.69238351e-07 
 3.93300000e-04  1.69159515e-07 
 3.93400000e-04  1.69092762e-07 
 3.93500000e-04  1.69065374e-07 
 3.93600000e-04  1.55230890e-07 
 3.93700000e-04  1.54804746e-07 
 3.93800000e-04  1.54576154e-07 
 3.93900000e-04  1.54403612e-07 
 3.94000000e-04  1.54288770e-07 
 3.94100000e-04  1.70830513e-07 
 3.94200000e-04  1.70533241e-07 
 3.94300000e-04  1.70423329e-07 
 3.94400000e-04  1.70326278e-07 
 3.94500000e-04  1.70292645e-07 
 3.94600000e-04  1.58975758e-07 
 3.94700000e-04  1.58621844e-07 
 3.94800000e-04  1.58426129e-07 
 3.94900000e-04  1.58294980e-07 
 3.95000000e-04  1.58230320e-07 
 3.95100000e-04  1.69543774e-07 
 3.95200000e-04  1.69268375e-07 
 3.95300000e-04  1.69184915e-07 
 3.95400000e-04  1.69114902e-07 
 3.95500000e-04  1.69066408e-07 
 3.95600000e-04  1.55287288e-07 
 3.95700000e-04  1.54816351e-07 
 3.95800000e-04  1.54577574e-07 
 3.95900000e-04  1.54403471e-07 
 3.96000000e-04  1.54295966e-07 
 3.96100000e-04  1.70299730e-07 
 3.96200000e-04  1.70105873e-07 
 3.96300000e-04  1.70028867e-07 
 3.96400000e-04  1.69960560e-07 
 3.96500000e-04  1.69914960e-07 
 3.96600000e-04  1.57311034e-07 
 3.96700000e-04  1.56957840e-07 
 3.96800000e-04  1.56759736e-07 
 3.96900000e-04  1.56621517e-07 
 3.97000000e-04  1.56544957e-07 
 3.97100000e-04  1.70065842e-07 
 3.97200000e-04  1.69835741e-07 
 3.97300000e-04  1.69756734e-07 
 3.97400000e-04  1.69688802e-07 
 3.97500000e-04  1.69647097e-07 
 3.97600000e-04  1.55799892e-07 
 3.97700000e-04  1.55393990e-07 
 3.97800000e-04  1.55165605e-07 
 3.97900000e-04  1.54996679e-07 
 3.98000000e-04  1.54888967e-07 
 3.98100000e-04  1.71980773e-07 
 3.98200000e-04  1.71559389e-07 
 3.98300000e-04  1.71422317e-07 
 3.98400000e-04  1.71304947e-07 
 3.98500000e-04  1.71245540e-07 
 3.98600000e-04  1.61220924e-07 
 3.98700000e-04  1.60843558e-07 
 3.98800000e-04  1.60658745e-07 
 3.98900000e-04  1.60540020e-07 
 3.99000000e-04  1.60489348e-07 
 3.99100000e-04  1.69661865e-07 
 3.99200000e-04  1.69348126e-07 
 3.99300000e-04  1.69248367e-07 
 3.99400000e-04  1.69163361e-07 
 3.99500000e-04  1.69105710e-07 
 3.99600000e-04  1.55333373e-07 
 3.99700000e-04  1.54841405e-07 
 3.99800000e-04  1.54597586e-07 
 3.99900000e-04  1.54413990e-07 
 4.00000000e-04  1.54292399e-07 
 4.00100000e-04  1.70314238e-07 
 4.00200000e-04  1.70118671e-07 
 4.00300000e-04  1.70038891e-07 
 4.00400000e-04  1.69967179e-07 
 4.00500000e-04  1.69932685e-07 
 4.00600000e-04  1.57318526e-07 
 4.00700000e-04  1.56945824e-07 
 4.00800000e-04  1.56756841e-07 
 4.00900000e-04  1.56624018e-07 
 4.01000000e-04  1.56549003e-07 
 4.01100000e-04  1.70078002e-07 
 4.01200000e-04  1.69838957e-07 
 4.01300000e-04  1.69758521e-07 
 4.01400000e-04  1.69689685e-07 
 4.01500000e-04  1.69663827e-07 
 4.01600000e-04  1.55810823e-07 
 4.01700000e-04  1.55393183e-07 
 4.01800000e-04  1.55163773e-07 
 4.01900000e-04  1.54986567e-07 
 4.02000000e-04  1.54863088e-07 
 4.02100000e-04  1.71451432e-07 
 4.02200000e-04  1.71151442e-07 
 4.02300000e-04  1.71038598e-07 
 4.02400000e-04  1.70938886e-07 
 4.02500000e-04  1.70877938e-07 
 4.02600000e-04  1.59573064e-07 
 4.02700000e-04  1.59194992e-07 
 4.02800000e-04  1.59005753e-07 
 4.02900000e-04  1.58880596e-07 
 4.03000000e-04  1.58821418e-07 
 4.03100000e-04  1.70161349e-07 
 4.03200000e-04  1.69888231e-07 
 4.03300000e-04  1.69789088e-07 
 4.03400000e-04  1.69701671e-07 
 4.03500000e-04  1.69677853e-07 
 4.03600000e-04  1.55857727e-07 
 4.03700000e-04  1.55403149e-07 
 4.03800000e-04  1.55173353e-07 
 4.03900000e-04  1.54998977e-07 
 4.04000000e-04  1.54881640e-07 
 4.04100000e-04  1.70924825e-07 
 4.04200000e-04  1.70737637e-07 
 4.04300000e-04  1.70653217e-07 
 4.04400000e-04  1.70576137e-07 
 4.04500000e-04  1.70522202e-07 
 4.04600000e-04  1.57886570e-07 
 4.04700000e-04  1.57521640e-07 
 4.04800000e-04  1.57339076e-07 
 4.04900000e-04  1.57209452e-07 
 4.05000000e-04  1.57134313e-07 
 4.05100000e-04  1.70682478e-07 
 4.05200000e-04  1.70444575e-07 
 4.05300000e-04  1.70363608e-07 
 4.05400000e-04  1.70294077e-07 
 4.05500000e-04  1.70268309e-07 
 4.05600000e-04  1.56379937e-07 
 4.05700000e-04  1.55972844e-07 
 4.05800000e-04  1.55744295e-07 
 4.05900000e-04  1.55574109e-07 
 4.06000000e-04  1.55463997e-07 
 4.06100000e-04  1.73132421e-07 
 4.06200000e-04  1.72621826e-07 
 4.06300000e-04  1.72443600e-07 
 4.06400000e-04  1.72287428e-07 
 4.06500000e-04  1.72221600e-07 
 4.06600000e-04  1.63473661e-07 
 4.06700000e-04  1.63092260e-07 
 4.06800000e-04  1.62918744e-07 
 4.06900000e-04  1.62812018e-07 
 4.07000000e-04  1.62774064e-07 
 4.07100000e-04  1.69936933e-07 
 4.07200000e-04  1.69550223e-07 
 4.07300000e-04  1.69397544e-07 
 4.07400000e-04  1.69260172e-07 
 4.07500000e-04  1.69202559e-07 
 4.07600000e-04  1.55449961e-07 
 4.07700000e-04  1.54907399e-07 
 4.07800000e-04  1.54641069e-07 
 4.07900000e-04  1.54446945e-07 
 4.08000000e-04  1.54327171e-07 
 4.08100000e-04  1.70341545e-07 
 4.08200000e-04  1.70166534e-07 
 4.08300000e-04  1.70072336e-07 
 4.08400000e-04  1.69983104e-07 
 4.08500000e-04  1.69947282e-07 
 4.08600000e-04  1.57336488e-07 
 4.08700000e-04  1.56968897e-07 
 4.08800000e-04  1.56775983e-07 
 4.08900000e-04  1.56637780e-07 
 4.09000000e-04  1.56555881e-07 
 4.09100000e-04  1.70084820e-07 
 4.09200000e-04  1.69850195e-07 
 4.09300000e-04  1.69769291e-07 
 4.09400000e-04  1.69699428e-07 
 4.09500000e-04  1.69670216e-07 
 4.09600000e-04  1.55810192e-07 
 4.09700000e-04  1.55400634e-07 
 4.09800000e-04  1.55170261e-07 
 4.09900000e-04  1.54995501e-07 
 4.10000000e-04  1.54877974e-07 
 4.10100000e-04  1.71469384e-07 
 4.10200000e-04  1.71158777e-07 
 4.10300000e-04  1.71039776e-07 
 4.10400000e-04  1.70934570e-07 
 4.10500000e-04  1.70885974e-07 
 4.10600000e-04  1.59571437e-07 
 4.10700000e-04  1.59202663e-07 
 4.10800000e-04  1.59009839e-07 
 4.10900000e-04  1.58879986e-07 
 4.11000000e-04  1.58814956e-07 
 4.11100000e-04  1.70161524e-07 
 4.11200000e-04  1.69894339e-07 
 4.11300000e-04  1.69794342e-07 
 4.11400000e-04  1.69705341e-07 
 4.11500000e-04  1.69679612e-07 
 4.11600000e-04  1.55863480e-07 
 4.11700000e-04  1.55396305e-07 
 4.11800000e-04  1.55165344e-07 
 4.11900000e-04  1.54992731e-07 
 4.12000000e-04  1.54880173e-07 
 4.12100000e-04  1.70916911e-07 
 4.12200000e-04  1.70720416e-07 
 4.12300000e-04  1.70640209e-07 
 4.12400000e-04  1.70568562e-07 
 4.12500000e-04  1.70526366e-07 
 4.12600000e-04  1.57906099e-07 
 4.12700000e-04  1.57545358e-07 
 4.12800000e-04  1.57354251e-07 
 4.12900000e-04  1.57217697e-07 
 4.13000000e-04  1.57137276e-07 
 4.13100000e-04  1.70691293e-07 
 4.13200000e-04  1.70467074e-07 
 4.13300000e-04  1.70383776e-07 
 4.13400000e-04  1.70310551e-07 
 4.13500000e-04  1.70259286e-07 
 4.13600000e-04  1.56384449e-07 
 4.13700000e-04  1.55979867e-07 
 4.13800000e-04  1.55747549e-07 
 4.13900000e-04  1.55575543e-07 
 4.14000000e-04  1.55465610e-07 
 4.14100000e-04  1.72591077e-07 
 4.14200000e-04  1.72191508e-07 
 4.14300000e-04  1.72049630e-07 
 4.14400000e-04  1.71924720e-07 
 4.14500000e-04  1.71859231e-07 
 4.14600000e-04  1.61814887e-07 
 4.14700000e-04  1.61445633e-07 
 4.14800000e-04  1.61267657e-07 
 4.14900000e-04  1.61150125e-07 
 4.15000000e-04  1.61094803e-07 
 4.15100000e-04  1.70286075e-07 
 4.15200000e-04  1.69971408e-07 
 4.15300000e-04  1.69866092e-07 
 4.15400000e-04  1.69775441e-07 
 4.15500000e-04  1.69732517e-07 
 4.15600000e-04  1.55921083e-07 
 4.15700000e-04  1.55428833e-07 
 4.15800000e-04  1.55194106e-07 
 4.15900000e-04  1.55011456e-07 
 4.16000000e-04  1.54882390e-07 
 4.16100000e-04  1.70942345e-07 
 4.16200000e-04  1.70751872e-07 
 4.16300000e-04  1.70655881e-07 
 4.16400000e-04  1.70566595e-07 
 4.16500000e-04  1.70543591e-07 
 4.16600000e-04  1.57896090e-07 
 4.16700000e-04  1.57526942e-07 
 4.16800000e-04  1.57355014e-07 
 4.16900000e-04  1.57220107e-07 
 4.17000000e-04  1.57123253e-07 
 4.17100000e-04  1.70699103e-07 
 4.17200000e-04  1.70469822e-07 
 4.17300000e-04  1.70385810e-07 
 4.17400000e-04  1.70312026e-07 
 4.17500000e-04  1.70269956e-07 
 4.17600000e-04  1.56393816e-07 
 4.17700000e-04  1.55981471e-07 
 4.17800000e-04  1.55755855e-07 
 4.17900000e-04  1.55582483e-07 
 4.18000000e-04  1.55462857e-07 
 4.18100000e-04  1.72077645e-07 
 4.18200000e-04  1.71768365e-07 
 4.18300000e-04  1.71651975e-07 
 4.18400000e-04  1.71549147e-07 
 4.18500000e-04  1.71494681e-07 
 4.18600000e-04  1.60153164e-07 
 4.18700000e-04  1.59775535e-07 
 4.18800000e-04  1.59599280e-07 
 4.18900000e-04  1.59475153e-07 
 4.19000000e-04  1.59404657e-07 
 4.19100000e-04  1.70787753e-07 
 4.19200000e-04  1.70512043e-07 
 4.19300000e-04  1.70420186e-07 
 4.19400000e-04  1.70341175e-07 
 4.19500000e-04  1.70294741e-07 
 4.19600000e-04  1.56443348e-07 
 4.19700000e-04  1.55993593e-07 
 4.19800000e-04  1.55764872e-07 
 4.19900000e-04  1.55596237e-07 
 4.20000000e-04  1.55489438e-07 
 4.20100000e-04  1.71547098e-07 
 4.20200000e-04  1.71352171e-07 
 4.20300000e-04  1.71265854e-07 
 4.20400000e-04  1.71187421e-07 
 4.20500000e-04  1.71149155e-07 
 4.20600000e-04  1.58473567e-07 
 4.20700000e-04  1.58123885e-07 
 4.20800000e-04  1.57934931e-07 
 4.20900000e-04  1.57800245e-07 
 4.21000000e-04  1.57721399e-07 
 4.21100000e-04  1.71312304e-07 
 4.21200000e-04  1.71085906e-07 
 4.21300000e-04  1.70996030e-07 
 4.21400000e-04  1.70915634e-07 
 4.21500000e-04  1.70881319e-07 
 4.21600000e-04  1.56967092e-07 
 4.21700000e-04  1.56569379e-07 
 4.21800000e-04  1.56345352e-07 
 4.21900000e-04  1.56171377e-07 
 4.22000000e-04  1.56048888e-07 
 4.22100000e-04  1.74280203e-07 
 4.22200000e-04  1.73670479e-07 
 4.22300000e-04  1.73461540e-07 
 4.22400000e-04  1.73278197e-07 
 4.22500000e-04  1.73223237e-07 
 4.22600000e-04  1.65718251e-07 
 4.22700000e-04  1.65343787e-07 
 4.22800000e-04  1.65177591e-07 
 4.22900000e-04  1.65076815e-07 
 4.23000000e-04  1.65043378e-07 
 4.23100000e-04  1.70563865e-07 
 4.23200000e-04  1.69785441e-07 
 4.23300000e-04  1.69542292e-07 
 4.23400000e-04  1.69334835e-07 
 4.23500000e-04  1.69233538e-07 
 4.23600000e-04  1.55504053e-07 
 4.23700000e-04  1.54922199e-07 
 4.23800000e-04  1.54661870e-07 
 4.23900000e-04  1.54465528e-07 
 4.24000000e-04  1.54335048e-07 
 4.24100000e-04  1.70377535e-07 
 4.24200000e-04  1.70187055e-07 
 4.24300000e-04  1.70085498e-07 
 4.24400000e-04  1.69990272e-07 
 4.24500000e-04  1.69947347e-07 
 4.24600000e-04  1.57341175e-07 
 4.24700000e-04  1.56970843e-07 
 4.24800000e-04  1.56775630e-07 
 4.24900000e-04  1.56636319e-07 
 4.25000000e-04  1.56554524e-07 
 4.25100000e-04  1.70083437e-07 
 4.25200000e-04  1.69869943e-07 
 4.25300000e-04  1.69789277e-07 
 4.25400000e-04  1.69717589e-07 
 4.25500000e-04  1.69664255e-07 
 4.25600000e-04  1.55806062e-07 
 4.25700000e-04  1.55409173e-07 
 4.25800000e-04  1.55179519e-07 
 4.25900000e-04  1.55007314e-07 
 4.26000000e-04  1.54894227e-07 
 4.26100000e-04  1.71467682e-07 
 4.26200000e-04  1.71157213e-07 
 4.26300000e-04  1.71048590e-07 
 4.26400000e-04  1.70954762e-07 
 4.26500000e-04  1.70887110e-07 
 4.26600000e-04  1.59553839e-07 
 4.26700000e-04  1.59207282e-07 
 4.26800000e-04  1.59017504e-07 
 4.26900000e-04  1.58887094e-07 
 4.27000000e-04  1.58817777e-07 
 4.27100000e-04  1.70164505e-07 
 4.27200000e-04  1.69886825e-07 
 4.27300000e-04  1.69793814e-07 
 4.27400000e-04  1.69713439e-07 
 4.27500000e-04  1.69679297e-07 
 4.27600000e-04  1.55849481e-07 
 4.27700000e-04  1.55408783e-07 
 4.27800000e-04  1.55167548e-07 
 4.27900000e-04  1.54992536e-07 
 4.28000000e-04  1.54885686e-07 
 4.28100000e-04  1.70921696e-07 
 4.28200000e-04  1.70738911e-07 
 4.28300000e-04  1.70644453e-07 
 4.28400000e-04  1.70555550e-07 
 4.28500000e-04  1.70520286e-07 
 4.28600000e-04  1.57890644e-07 
 4.28700000e-04  1.57539075e-07 
 4.28800000e-04  1.57345810e-07 
 4.28900000e-04  1.57209042e-07 
 4.29000000e-04  1.57130401e-07 
 4.29100000e-04  1.70683658e-07 
 4.29200000e-04  1.70449563e-07 
 4.29300000e-04  1.70363378e-07 
 4.29400000e-04  1.70287644e-07 
 4.29500000e-04  1.70256979e-07 
 4.29600000e-04  1.56389682e-07 
 4.29700000e-04  1.55976028e-07 
 4.29800000e-04  1.55752744e-07 
 4.29900000e-04  1.55586326e-07 
 4.30000000e-04  1.55478418e-07 
 4.30100000e-04  1.72609337e-07 
 4.30200000e-04  1.72202311e-07 
 4.30300000e-04  1.72050599e-07 
 4.30400000e-04  1.71916334e-07 
 4.30500000e-04  1.71872062e-07 
 4.30600000e-04  1.61821867e-07 
 4.30700000e-04  1.61444531e-07 
 4.30800000e-04  1.61267456e-07 
 4.30900000e-04  1.61145266e-07 
 4.31000000e-04  1.61079541e-07 
 4.31100000e-04  1.70284575e-07 
 4.31200000e-04  1.69974540e-07 
 4.31300000e-04  1.69868153e-07 
 4.31400000e-04  1.69775406e-07 
 4.31500000e-04  1.69735931e-07 
 4.31600000e-04  1.55934653e-07 
 4.31700000e-04  1.55431719e-07 
 4.31800000e-04  1.55187285e-07 
 4.31900000e-04  1.55007028e-07 
 4.32000000e-04  1.54892820e-07 
 4.32100000e-04  1.70947241e-07 
 4.32200000e-04  1.70747403e-07 
 4.32300000e-04  1.70662637e-07 
 4.32400000e-04  1.70586213e-07 
 4.32500000e-04  1.70543106e-07 
 4.32600000e-04  1.57900747e-07 
 4.32700000e-04  1.57549286e-07 
 4.32800000e-04  1.57354922e-07 
 4.32900000e-04  1.57215278e-07 
 4.33000000e-04  1.57131922e-07 
 4.33100000e-04  1.70706918e-07 
 4.33200000e-04  1.70459624e-07 
 4.33300000e-04  1.70383045e-07 
 4.33400000e-04  1.70319477e-07 
 4.33500000e-04  1.70267965e-07 
 4.33600000e-04  1.56395221e-07 
 4.33700000e-04  1.55982654e-07 
 4.33800000e-04  1.55752739e-07 
 4.33900000e-04  1.55581591e-07 
 4.34000000e-04  1.55470907e-07 
 4.34100000e-04  1.72073018e-07 
 4.34200000e-04  1.71770036e-07 
 4.34300000e-04  1.71654281e-07 
 4.34400000e-04  1.71551557e-07 
 4.34500000e-04  1.71493876e-07 
 4.34600000e-04  1.60144974e-07 
 4.34700000e-04  1.59792896e-07 
 4.34800000e-04  1.59593148e-07 
 4.34900000e-04  1.59469282e-07 
 4.35000000e-04  1.59423536e-07 
 4.35100000e-04  1.70771921e-07 
 4.35200000e-04  1.70502773e-07 
 4.35300000e-04  1.70413883e-07 
 4.35400000e-04  1.70336967e-07 
 4.35500000e-04  1.70290362e-07 
 4.35600000e-04  1.56435120e-07 
 4.35700000e-04  1.55991936e-07 
 4.35800000e-04  1.55757466e-07 
 4.35900000e-04  1.55583153e-07 
 4.36000000e-04  1.55470733e-07 
 4.36100000e-04  1.71549064e-07 
 4.36200000e-04  1.71364697e-07 
 4.36300000e-04  1.71271937e-07 
 4.36400000e-04  1.71185042e-07 
 4.36500000e-04  1.71135499e-07 
 4.36600000e-04  1.58474250e-07 
 4.36700000e-04  1.58120718e-07 
 4.36800000e-04  1.57938501e-07 
 4.36900000e-04  1.57805511e-07 
 4.37000000e-04  1.57723147e-07 
 4.37100000e-04  1.71308254e-07 
 4.37200000e-04  1.71077500e-07 
 4.37300000e-04  1.70991763e-07 
 4.37400000e-04  1.70916424e-07 
 4.37500000e-04  1.70884954e-07 
 4.37600000e-04  1.56960435e-07 
 4.37700000e-04  1.56576672e-07 
 4.37800000e-04  1.56352409e-07 
 4.37900000e-04  1.56183979e-07 
 4.38000000e-04  1.56072979e-07 
 4.38100000e-04  1.73749706e-07 
 4.38200000e-04  1.73229282e-07 
 4.38300000e-04  1.73055665e-07 
 4.38400000e-04  1.72905292e-07 
 4.38500000e-04  1.72842361e-07 
 4.38600000e-04  1.64065288e-07 
 4.38700000e-04  1.63688997e-07 
 4.38800000e-04  1.63525283e-07 
 4.38900000e-04  1.63419363e-07 
 4.39000000e-04  1.63372899e-07 
 4.39100000e-04  1.70575981e-07 
 4.39200000e-04  1.70176359e-07 
 4.39300000e-04  1.70015529e-07 
 4.39400000e-04  1.69870634e-07 
 4.39500000e-04  1.69811717e-07 
 4.39600000e-04  1.56044730e-07 
 4.39700000e-04  1.55490594e-07 
 4.39800000e-04  1.55240394e-07 
 4.39900000e-04  1.55052823e-07 
 4.40000000e-04  1.54929694e-07 
 4.40100000e-04  1.70975791e-07 
 4.40200000e-04  1.70776870e-07 
 4.40300000e-04  1.70683971e-07 
 4.40400000e-04  1.70598447e-07 
 4.40500000e-04  1.70566113e-07 
 4.40600000e-04  1.57925409e-07 
 4.40700000e-04  1.57555904e-07 
 4.40800000e-04  1.57358122e-07 
 4.40900000e-04  1.57224790e-07 
 4.41000000e-04  1.57157778e-07 
 4.41100000e-04  1.70707601e-07 
 4.41200000e-04  1.70483341e-07 
 4.41300000e-04  1.70393718e-07 
 4.41400000e-04  1.70313324e-07 
 4.41500000e-04  1.70289240e-07 
 4.41600000e-04  1.56388767e-07 
 4.41700000e-04  1.55987954e-07 
 4.41800000e-04  1.55763329e-07 
 4.41900000e-04  1.55592354e-07 
 4.42000000e-04  1.55476556e-07 
 4.42100000e-04  1.72081194e-07 
 4.42200000e-04  1.71789672e-07 
 4.42300000e-04  1.71672158e-07 
 4.42400000e-04  1.71566363e-07 
 4.42500000e-04  1.71520496e-07 
 4.42600000e-04  1.60147132e-07 
 4.42700000e-04  1.59781790e-07 
 4.42800000e-04  1.59599590e-07 
 4.42900000e-04  1.59474226e-07 
 4.43000000e-04  1.59407325e-07 
 4.43100000e-04  1.70775460e-07 
 4.43200000e-04  1.70511938e-07 
 4.43300000e-04  1.70414770e-07 
 4.43400000e-04  1.70328655e-07 
 4.43500000e-04  1.70303537e-07 
 4.43600000e-04  1.56448892e-07 
 4.43700000e-04  1.55998017e-07 
 4.43800000e-04  1.55756660e-07 
 4.43900000e-04  1.55583860e-07 
 4.44000000e-04  1.55481615e-07 
 4.44100000e-04  1.71550444e-07 
 4.44200000e-04  1.71354249e-07 
 4.44300000e-04  1.71266639e-07 
 4.44400000e-04  1.71186544e-07 
 4.44500000e-04  1.71139592e-07 
 4.44600000e-04  1.58484555e-07 
 4.44700000e-04  1.58129179e-07 
 4.44800000e-04  1.57938346e-07 
 4.44900000e-04  1.57804342e-07 
 4.45000000e-04  1.57728792e-07 
 4.45100000e-04  1.71305699e-07 
 4.45200000e-04  1.71073374e-07 
 4.45300000e-04  1.70992453e-07 
 4.45400000e-04  1.70922123e-07 
 4.45500000e-04  1.70873395e-07 
 4.45600000e-04  1.56979768e-07 
 4.45700000e-04  1.56571307e-07 
 4.45800000e-04  1.56345025e-07 
 4.45900000e-04  1.56175961e-07 
 4.46000000e-04  1.56065756e-07 
 4.46100000e-04  1.73230748e-07 
 4.46200000e-04  1.72806673e-07 
 4.46300000e-04  1.72668849e-07 
 4.46400000e-04  1.72550741e-07 
 4.46500000e-04  1.72487903e-07 
 4.46600000e-04  1.62404899e-07 
 4.46700000e-04  1.62031673e-07 
 4.46800000e-04  1.61855855e-07 
 4.46900000e-04  1.61742272e-07 
 4.47000000e-04  1.61692718e-07 
 4.47100000e-04  1.70918000e-07 
 4.47200000e-04  1.70595346e-07 
 4.47300000e-04  1.70485380e-07 
 4.47400000e-04  1.70390100e-07 
 4.47500000e-04  1.70351589e-07 
 4.47600000e-04  1.56514048e-07 
 4.47700000e-04  1.56029606e-07 
 4.47800000e-04  1.55786883e-07 
 4.47900000e-04  1.55608049e-07 
 4.48000000e-04  1.55494952e-07 
 4.48100000e-04  1.71577780e-07 
 4.48200000e-04  1.71371916e-07 
 4.48300000e-04  1.71285068e-07 
 4.48400000e-04  1.71207109e-07 
 4.48500000e-04  1.71171415e-07 
 4.48600000e-04  1.58482019e-07 
 4.48700000e-04  1.58143142e-07 
 4.48800000e-04  1.57941995e-07 
 4.48900000e-04  1.57805177e-07 
 4.49000000e-04  1.57734547e-07 
 4.49100000e-04  1.71322098e-07 
 4.49200000e-04  1.71083435e-07 
 4.49300000e-04  1.71001852e-07 
 4.49400000e-04  1.70931807e-07 
 4.49500000e-04  1.70896457e-07 
 4.49600000e-04  1.56989235e-07 
 4.49700000e-04  1.56580846e-07 
 4.49800000e-04  1.56357066e-07 
 4.49900000e-04  1.56185491e-07 
 4.50000000e-04  1.56067596e-07 
 4.50100000e-04  1.72695269e-07 
 4.50200000e-04  1.72385066e-07 
 4.50300000e-04  1.72278124e-07 
 4.50400000e-04  1.72185723e-07 
 4.50500000e-04  1.72122890e-07 
 4.50600000e-04  1.60729973e-07 
 4.50700000e-04  1.60380591e-07 
 4.50800000e-04  1.60193475e-07 
 4.50900000e-04  1.60069678e-07 
 4.51000000e-04  1.60011023e-07 
 4.51100000e-04  1.71401944e-07 
 4.51200000e-04  1.71133634e-07 
 4.51300000e-04  1.71034831e-07 
 4.51400000e-04  1.70947352e-07 
 4.51500000e-04  1.70920668e-07 
 4.51600000e-04  1.57023934e-07 
 4.51700000e-04  1.56576436e-07 
 4.51800000e-04  1.56348443e-07 
 4.51900000e-04  1.56177914e-07 
 4.52000000e-04  1.56066307e-07 
 4.52100000e-04  1.74107354e-07 
 4.52200000e-04  1.73573538e-07 
 4.52300000e-04  1.73391499e-07 
 4.52400000e-04  1.73301505e-07 
 4.52500000e-04  1.73241253e-07 
 4.52600000e-04  1.60104406e-07 
 4.52700000e-04  1.59557819e-07 
 4.52800000e-04  1.59318596e-07 
 4.52900000e-04  1.59149662e-07 
 4.53000000e-04  1.59052334e-07 
 4.53100000e-04  1.03758876e-04 
 4.53200000e-04  1.03758437e-04 
 4.53300000e-04  1.03758314e-04 
 4.53400000e-04  1.03758213e-04 
 4.53500000e-04  1.03758174e-04 
 4.53600000e-04  1.03744235e-04 
 4.53700000e-04  1.03743817e-04 
 4.53800000e-04  1.03743587e-04 
 4.53900000e-04  1.03743417e-04 
 4.54000000e-04  1.03743308e-04 
 4.54100000e-04  1.76614072e-07 
 4.54200000e-04  1.75825230e-07 
 4.54300000e-04  1.75592619e-07 
 4.54400000e-04  1.75397717e-07 
 4.54500000e-04  1.75315811e-07 
 4.54600000e-04  1.69063690e-07 
 4.54700000e-04  1.68689114e-07 
 4.54800000e-04  1.68532665e-07 
 4.54900000e-04  1.68444916e-07 
 4.55000000e-04  1.68427860e-07 
 4.55100000e-04  1.71869957e-07 
 4.55200000e-04  1.70907261e-07 
 4.55300000e-04  1.70650331e-07 
 4.55400000e-04  1.70438500e-07 
 4.55500000e-04  1.70351557e-07 
 4.55600000e-04  1.56620424e-07 
 4.55700000e-04  1.56012024e-07 
 4.55800000e-04  1.55749068e-07 
 4.55900000e-04  1.55554103e-07 
 4.56000000e-04  1.55429102e-07 
 4.56100000e-04  1.71519137e-07 
 4.56200000e-04  1.71311308e-07 
 4.56300000e-04  1.71218085e-07 
 4.56400000e-04  1.71133078e-07 
 4.56500000e-04  1.71084760e-07 
 4.56600000e-04  1.58404199e-07 
 4.56700000e-04  1.58051693e-07 
 4.56800000e-04  1.57862272e-07 
 4.56900000e-04  1.57730504e-07 
 4.57000000e-04  1.57658036e-07 
 4.57100000e-04  1.71245727e-07 
 4.57200000e-04  1.71010361e-07 
 4.57300000e-04  1.70916602e-07 
 4.57400000e-04  1.70832579e-07 
 4.57500000e-04  1.70796962e-07 
 4.57600000e-04  1.56895306e-07 
 4.57700000e-04  1.56471534e-07 
 4.57800000e-04  1.56258995e-07 
 4.57900000e-04  1.56091552e-07 
 4.58000000e-04  1.55970447e-07 
 4.58100000e-04  1.72609225e-07 
 4.58200000e-04  1.72309926e-07 
 4.58300000e-04  1.72192467e-07 
 4.58400000e-04  1.72087091e-07 
 4.58500000e-04  1.72021670e-07 
 4.58600000e-04  1.60646005e-07 
 4.58700000e-04  1.60275170e-07 
 4.58800000e-04  1.60099289e-07 
 4.58900000e-04  1.59975304e-07 
 4.59000000e-04  1.59904676e-07 
 4.59100000e-04  1.71322702e-07 
 4.59200000e-04  1.71032478e-07 
 4.59300000e-04  1.70932441e-07 
 4.59400000e-04  1.70845681e-07 
 4.59500000e-04  1.70826957e-07 
 4.59600000e-04  1.56930036e-07 
 4.59700000e-04  1.56473257e-07 
 4.59800000e-04  1.56249456e-07 
 4.59900000e-04  1.56082204e-07 
 4.60000000e-04  1.55973101e-07 
 4.60100000e-04  1.72075981e-07 
 4.60200000e-04  1.71886677e-07 
 4.60300000e-04  1.71790617e-07 
 4.60400000e-04  1.71700862e-07 
 4.60500000e-04  1.71658306e-07 
 4.60600000e-04  1.58983304e-07 
 4.60700000e-04  1.58614410e-07 
 4.60800000e-04  1.58435039e-07 
 4.60900000e-04  1.58302217e-07 
 4.61000000e-04  1.58217233e-07 
 4.61100000e-04  1.71843894e-07 
 4.61200000e-04  1.71604138e-07 
 4.61300000e-04  1.71517269e-07 
 4.61400000e-04  1.71441352e-07 
 4.61500000e-04  1.71408449e-07 
 4.61600000e-04  1.57457135e-07 
 4.61700000e-04  1.57065716e-07 
 4.61800000e-04  1.56842514e-07 
 4.61900000e-04  1.56674926e-07 
 4.62000000e-04  1.56564525e-07 
 4.62100000e-04  1.73745275e-07 
 4.62200000e-04  1.73340613e-07 
 4.62300000e-04  1.73196536e-07 
 4.62400000e-04  1.73069492e-07 
 4.62500000e-04  1.73000728e-07 
 4.62600000e-04  1.62886465e-07 
 4.62700000e-04  1.62523963e-07 
 4.62800000e-04  1.62343044e-07 
 4.62900000e-04  1.62229510e-07 
 4.63000000e-04  1.62185305e-07 
 4.63100000e-04  1.71437109e-07 
 4.63200000e-04  1.71119443e-07 
 4.63300000e-04  1.71008465e-07 
 4.63400000e-04  1.70911857e-07 
 4.63500000e-04  1.70865215e-07 
 4.63600000e-04  1.57003047e-07 
 4.63700000e-04  1.56510315e-07 
 4.63800000e-04  1.56277925e-07 
 4.63900000e-04  1.56100468e-07 
 4.64000000e-04  1.55979485e-07 
 4.64100000e-04  1.72093327e-07 
 4.64200000e-04  1.71897474e-07 
 4.64300000e-04  1.71800359e-07 
 4.64400000e-04  1.71710188e-07 
 4.64500000e-04  1.71672199e-07 
 4.64600000e-04  1.58976831e-07 
 4.64700000e-04  1.58622591e-07 
 4.64800000e-04  1.58427687e-07 
 4.64900000e-04  1.58296661e-07 
 4.65000000e-04  1.58231348e-07 
 4.65100000e-04  1.71858854e-07 
 4.65200000e-04  1.71600098e-07 
 4.65300000e-04  1.71510807e-07 
 4.65400000e-04  1.71434693e-07 
 4.65500000e-04  1.71410864e-07 
 4.65600000e-04  1.57464245e-07 
 4.65700000e-04  1.57066518e-07 
 4.65800000e-04  1.56832883e-07 
 4.65900000e-04  1.56665759e-07 
 4.66000000e-04  1.56567058e-07 
 4.66100000e-04  1.73212300e-07 
 4.66200000e-04  1.72900878e-07 
 4.66300000e-04  1.72793193e-07 
 4.66400000e-04  1.72699536e-07 
 4.66500000e-04  1.72629053e-07 
 4.66600000e-04  1.61229644e-07 
 4.66700000e-04  1.60863042e-07 
 4.66800000e-04  1.60681556e-07 
 4.66900000e-04  1.60558735e-07 
 4.67000000e-04  1.60496242e-07 
 4.67100000e-04  1.71932771e-07 
 4.67200000e-04  1.71655338e-07 
 4.67300000e-04  1.71550689e-07 
 4.67400000e-04  1.71457531e-07 
 4.67500000e-04  1.71433117e-07 
 4.67600000e-04  1.57516807e-07 
 4.67700000e-04  1.57061613e-07 
 4.67800000e-04  1.56835579e-07 
 4.67900000e-04  1.56663488e-07 
 4.68000000e-04  1.56546854e-07 
 4.68100000e-04  1.72687363e-07 
 4.68200000e-04  1.72485806e-07 
 4.68300000e-04  1.72394993e-07 
 4.68400000e-04  1.72312276e-07 
 4.68500000e-04  1.72266671e-07 
 4.68600000e-04  1.59561966e-07 
 4.68700000e-04  1.59199137e-07 
 4.68800000e-04  1.59014063e-07 
 4.68900000e-04  1.58881109e-07 
 4.69000000e-04  1.58801729e-07 
 4.69100000e-04  1.72459626e-07 
 4.69200000e-04  1.72208299e-07 
 4.69300000e-04  1.72125081e-07 
 4.69400000e-04  1.72054665e-07 
 4.69500000e-04  1.72016061e-07 
 4.69600000e-04  1.58035760e-07 
 4.69700000e-04  1.57636517e-07 
 4.69800000e-04  1.57427017e-07 
 4.69900000e-04  1.57267722e-07 
 4.70000000e-04  1.57160024e-07 
 4.70100000e-04  1.74900694e-07 
 4.70200000e-04  1.74377077e-07 
 4.70300000e-04  1.74198951e-07 
 4.70400000e-04  1.74043939e-07 
 4.70500000e-04  1.73967647e-07 
 4.70600000e-04  1.65128576e-07 
 4.70700000e-04  1.64780385e-07 
 4.70800000e-04  1.64598889e-07 
 4.70900000e-04  1.64488603e-07 
 4.71000000e-04  1.64451585e-07 
 4.71100000e-04  1.71734522e-07 
 4.71200000e-04  1.71303596e-07 
 4.71300000e-04  1.71149226e-07 
 4.71400000e-04  1.71014139e-07 
 4.71500000e-04  1.70939539e-07 
 4.71600000e-04  1.57100083e-07 
 4.71700000e-04  1.56568833e-07 
 4.71800000e-04  1.56324282e-07 
 4.71900000e-04  1.56138152e-07 
 4.72000000e-04  1.56012092e-07 
 4.72100000e-04  1.72130104e-07 
 4.72200000e-04  1.71917857e-07 
 4.72300000e-04  1.71823077e-07 
 4.72400000e-04  1.71736991e-07 
 4.72500000e-04  1.71693793e-07 
 4.72600000e-04  1.58979609e-07 
 4.72700000e-04  1.58620037e-07 
 4.72800000e-04  1.58438577e-07 
 4.72900000e-04  1.58309895e-07 
 4.73000000e-04  1.58235455e-07 
 4.73100000e-04  1.71856992e-07 
 4.73200000e-04  1.71608913e-07 
 4.73300000e-04  1.71527452e-07 
 4.73400000e-04  1.71458246e-07 
 4.73500000e-04  1.71407293e-07 
 4.73600000e-04  1.57452907e-07 
 4.73700000e-04  1.57052529e-07 
 4.73800000e-04  1.56840832e-07 
 4.73900000e-04  1.56673967e-07 
 4.74000000e-04  1.56553153e-07 
 4.74100000e-04  1.73226481e-07 
 4.74200000e-04  1.72919631e-07 
 4.74300000e-04  1.72799908e-07 
 4.74400000e-04  1.72692974e-07 
 4.74500000e-04  1.72644099e-07 
 4.74600000e-04  1.61220835e-07 
 4.74700000e-04  1.60862083e-07 
 4.74800000e-04  1.60685598e-07 
 4.74900000e-04  1.60559329e-07 
 4.75000000e-04  1.60484667e-07 
 4.75100000e-04  1.71928475e-07 
 4.75200000e-04  1.71645769e-07 
 4.75300000e-04  1.71551665e-07 
 4.75400000e-04  1.71470730e-07 
 4.75500000e-04  1.71433857e-07 
 4.75600000e-04  1.57514585e-07 
 4.75700000e-04  1.57059729e-07 
 4.75800000e-04  1.56846368e-07 
 4.75900000e-04  1.56681793e-07 
 4.76000000e-04  1.56567133e-07 
 4.76100000e-04  1.74647129e-07 
 4.76200000e-04  1.74078586e-07 
 4.76300000e-04  1.73900014e-07 
 4.76400000e-04  1.73818221e-07 
 4.76500000e-04  1.73767698e-07 
 4.76600000e-04  1.60583748e-07 
 4.76700000e-04  1.60066902e-07 
 4.76800000e-04  1.59823539e-07 
 4.76900000e-04  1.59644244e-07 
 4.77000000e-04  1.59530181e-07 
 4.77100000e-04  1.03759412e-04 
 4.77200000e-04  1.03758963e-04 
 4.77300000e-04  1.03758837e-04 
 4.77400000e-04  1.03758734e-04 
 4.77500000e-04  1.03758676e-04 
 4.77600000e-04  1.03744721e-04 
 4.77700000e-04  1.03744294e-04 
 4.77800000e-04  1.03744077e-04 
 4.77900000e-04  1.03743916e-04 
 4.78000000e-04  1.03743812e-04 
 4.78100000e-04  1.75540844e-07 
 4.78200000e-04  1.75081806e-07 
 4.78300000e-04  1.74918449e-07 
 4.78400000e-04  1.74775094e-07 
 4.78500000e-04  1.74718535e-07 
 4.78600000e-04  1.64575409e-07 
 4.78700000e-04  1.64194887e-07 
 4.78800000e-04  1.64020246e-07 
 4.78900000e-04  1.63912826e-07 
 4.79000000e-04  1.63874553e-07 
 4.79100000e-04  1.73196960e-07 
 4.79200000e-04  1.72872065e-07 
 4.79300000e-04  1.72757780e-07 
 4.79400000e-04  1.72657525e-07 
 4.79500000e-04  1.72618279e-07 
 4.79600000e-04  1.58670893e-07 
 4.79700000e-04  1.58189144e-07 
 4.79800000e-04  1.57965439e-07 
 4.79900000e-04  1.57790394e-07 
 4.80000000e-04  1.57665347e-07 
 4.80100000e-04  1.73874297e-07 
 4.80200000e-04  1.73651963e-07 
 4.80300000e-04  1.73553740e-07 
 4.80400000e-04  1.73465085e-07 
 4.80500000e-04  1.73421473e-07 
 4.80600000e-04  1.60639903e-07 
 4.80700000e-04  1.60281739e-07 
 4.80800000e-04  1.60108994e-07 
 4.80900000e-04  1.59987291e-07 
 4.81000000e-04  1.59918038e-07 
 4.81100000e-04  1.73628148e-07 
 4.81200000e-04  1.73372198e-07 
 4.81300000e-04  1.73276458e-07 
 4.81400000e-04  1.73192960e-07 
 4.81500000e-04  1.73149922e-07 
 4.81600000e-04  1.59126271e-07 
 4.81700000e-04  1.58719642e-07 
 4.81800000e-04  1.58514405e-07 
 4.81900000e-04  1.58358277e-07 
 4.82000000e-04  1.58252607e-07 
 4.82100000e-04  1.75002256e-07 
 4.82200000e-04  1.74672215e-07 
 4.82300000e-04  1.74545028e-07 
 4.82400000e-04  1.74432279e-07 
 4.82500000e-04  1.74381252e-07 
 4.82600000e-04  1.62894840e-07 
 4.82700000e-04  1.62524112e-07 
 4.82800000e-04  1.62360053e-07 
 4.82900000e-04  1.62242766e-07 
 4.83000000e-04  1.62173524e-07 
 4.83100000e-04  1.73710411e-07 
 4.83200000e-04  1.73414107e-07 
 4.83300000e-04  1.73312829e-07 
 4.83400000e-04  1.73224997e-07 
 4.83500000e-04  1.73175017e-07 
 4.83600000e-04  1.59169124e-07 
 4.83700000e-04  1.58738699e-07 
 4.83800000e-04  1.58516571e-07 
 4.83900000e-04  1.58353641e-07 
 4.84000000e-04  1.58251570e-07 
 4.84100000e-04  1.74464074e-07 
 4.84200000e-04  1.74247306e-07 
 4.84300000e-04  1.74157461e-07 
 4.84400000e-04  1.74076879e-07 
 4.84500000e-04  1.74037681e-07 
 4.84600000e-04  1.61223059e-07 
 4.84700000e-04  1.60856640e-07 
 4.84800000e-04  1.60690716e-07 
 4.84900000e-04  1.60571235e-07 
 4.85000000e-04  1.60499454e-07 
 4.85100000e-04  1.74241889e-07 
 4.85200000e-04  1.73988886e-07 
 4.85300000e-04  1.73889977e-07 
 4.85400000e-04  1.73802477e-07 
 4.85500000e-04  1.73771427e-07 
 4.85600000e-04  1.59693168e-07 
 4.85700000e-04  1.59312297e-07 
 4.85800000e-04  1.59096041e-07 
 4.85900000e-04  1.58936906e-07 
 4.86000000e-04  1.58836489e-07 
 4.86100000e-04  1.77203852e-07 
 4.86200000e-04  1.76551826e-07 
 4.86300000e-04  1.76340317e-07 
 4.86400000e-04  1.76158550e-07 
 4.86500000e-04  1.76094868e-07 
 4.86600000e-04  1.68452639e-07 
 4.86700000e-04  1.68105585e-07 
 4.86800000e-04  1.67943466e-07 
 4.86900000e-04  1.67850233e-07 
 4.87000000e-04  1.67827857e-07 
 4.87100000e-04  1.73509314e-07 
 4.87200000e-04  1.72678008e-07 
 4.87300000e-04  1.72420680e-07 
 4.87400000e-04  1.72202671e-07 
 4.87500000e-04  1.72113026e-07 
 4.87600000e-04  1.58231193e-07 
 4.87700000e-04  1.57675668e-07 
 4.87800000e-04  1.57414350e-07 
 4.87900000e-04  1.57226251e-07 
 4.88000000e-04  1.57113476e-07 
 4.88100000e-04  1.73282522e-07 
 4.88200000e-04  1.73068349e-07 
 4.88300000e-04  1.72973601e-07 
 4.88400000e-04  1.72887409e-07 
 4.88500000e-04  1.72824947e-07 
 4.88600000e-04  1.60040258e-07 
 4.88700000e-04  1.59720013e-07 
 4.88800000e-04  1.59533751e-07 
 4.88900000e-04  1.59402512e-07 
 4.89000000e-04  1.59328090e-07 
 4.89100000e-04  1.73161486e-07 
 4.89200000e-04  1.72811725e-07 
 4.89300000e-04  1.72677445e-07 
 4.89400000e-04  1.72611983e-07 
 4.89500000e-04  1.72552687e-07 
 4.89600000e-04  1.58561038e-07 
 4.89700000e-04  1.58158287e-07 
 4.89800000e-04  1.57941378e-07 
 4.89900000e-04  1.57773938e-07 
 4.90000000e-04  1.57657350e-07 
 4.90100000e-04  1.74361467e-07 
 4.90200000e-04  1.74059026e-07 
 4.90300000e-04  1.73935881e-07 
 4.90400000e-04  1.73824613e-07 
 4.90500000e-04  1.73767188e-07 
 4.90600000e-04  1.62288751e-07 
 4.90700000e-04  1.61941025e-07 
 4.90800000e-04  1.61764133e-07 
 4.90900000e-04  1.61648925e-07 
 4.91000000e-04  1.61597193e-07 
 4.91100000e-04  1.73070606e-07 
 4.91200000e-04  1.72794834e-07 
 4.91300000e-04  1.72690959e-07 
 4.91400000e-04  1.72598442e-07 
 4.91500000e-04  1.72566669e-07 
 4.91600000e-04  1.58581212e-07 
 4.91700000e-04  1.58140038e-07 
 4.91800000e-04  1.57926418e-07 
 4.91900000e-04  1.57764919e-07 
 4.92000000e-04  1.57657055e-07 
 4.92100000e-04  1.73836456e-07 
 4.92200000e-04  1.73640263e-07 
 4.92300000e-04  1.73542886e-07 
 4.92400000e-04  1.73452372e-07 
 4.92500000e-04  1.73404778e-07 
 4.92600000e-04  1.60625695e-07 
 4.92700000e-04  1.60273866e-07 
 4.92800000e-04  1.60098948e-07 
 4.92900000e-04  1.59976246e-07 
 4.93000000e-04  1.59907298e-07 
 4.93100000e-04  1.73618352e-07 
 4.93200000e-04  1.73359089e-07 
 4.93300000e-04  1.73260735e-07 
 4.93400000e-04  1.73174317e-07 
 4.93500000e-04  1.73144625e-07 
 4.93600000e-04  1.59127018e-07 
 4.93700000e-04  1.58728455e-07 
 4.93800000e-04  1.58510357e-07 
 4.93900000e-04  1.58341830e-07 
 4.94000000e-04  1.58224473e-07 
 4.94100000e-04  1.75940866e-07 
 4.94200000e-04  1.75293386e-07 
 4.94300000e-04  1.75095332e-07 
 4.94400000e-04  1.75018468e-07 
 4.94500000e-04  1.74957625e-07 
 4.94600000e-04  1.64829687e-07 
 4.94700000e-04  1.64487971e-07 
 4.94800000e-04  1.64295284e-07 
 4.94900000e-04  1.64156467e-07 
 4.95000000e-04  1.64073146e-07 
 4.95100000e-04  1.73195501e-07 
 4.95200000e-04  1.72873866e-07 
 4.95300000e-04  1.72764283e-07 
 4.95400000e-04  1.72668959e-07 
 4.95500000e-04  1.72612018e-07 
 4.95600000e-04  1.58659988e-07 
 4.95700000e-04  1.58171719e-07 
 4.95800000e-04  1.57950102e-07 
 4.95900000e-04  1.57777968e-07 
 4.96000000e-04  1.57656824e-07 
 4.96100000e-04  1.73855514e-07 
 4.96200000e-04  1.73644647e-07 
 4.96300000e-04  1.73556069e-07 
 4.96400000e-04  1.73476124e-07 
 4.96500000e-04  1.73417935e-07 
 4.96600000e-04  1.60621410e-07 
 4.96700000e-04  1.60290617e-07 
 4.96800000e-04  1.60101544e-07 
 4.96900000e-04  1.59969497e-07 
 4.97000000e-04  1.59896246e-07 
 4.97100000e-04  1.73614325e-07 
 4.97200000e-04  1.73374574e-07 
 4.97300000e-04  1.73273143e-07 
 4.97400000e-04  1.73181560e-07 
 4.97500000e-04  1.73154264e-07 
 4.97600000e-04  1.59112417e-07 
 4.97700000e-04  1.58729620e-07 
 4.97800000e-04  1.58512316e-07 
 4.97900000e-04  1.58345776e-07 
 4.98000000e-04  1.58231593e-07 
 4.98100000e-04  1.74985705e-07 
 4.98200000e-04  1.74670212e-07 
 4.98300000e-04  1.74548444e-07 
 4.98400000e-04  1.74439542e-07 
 4.98500000e-04  1.74372587e-07 
 4.98600000e-04  1.62881066e-07 
 4.98700000e-04  1.62521750e-07 
 4.98800000e-04  1.62343576e-07 
 4.98900000e-04  1.62229363e-07 
 4.99000000e-04  1.62181140e-07 
 4.99100000e-04  1.73701193e-07 
 4.99200000e-04  1.73398646e-07 
 4.99300000e-04  1.73294412e-07 
 4.99400000e-04  1.73204382e-07 
 4.99500000e-04  1.73176747e-07 
 4.99600000e-04  1.59170972e-07 
 4.99700000e-04  1.58741309e-07 
 4.99800000e-04  1.58515635e-07 
 4.99900000e-04  1.58345498e-07 
 5.00000000e-04  1.58232661e-07 
 5.00100000e-04  1.74473697e-07 
 5.00200000e-04  1.74268690e-07 
 5.00300000e-04  1.74172359e-07 
 5.00400000e-04  1.74083641e-07 
 5.00500000e-04  1.74013860e-07 
 5.00600000e-04  1.61205500e-07 
 5.00700000e-04  1.60870709e-07 
 5.00800000e-04  1.60682356e-07 
 5.00900000e-04  1.60555868e-07 
 5.01000000e-04  1.60493206e-07 
 5.01100000e-04  1.74226219e-07 
 5.01200000e-04  1.73988868e-07 
 5.01300000e-04  1.73893024e-07 
 5.01400000e-04  1.73806942e-07 
 5.01500000e-04  1.73768410e-07 
 5.01600000e-04  1.59696263e-07 
 5.01700000e-04  1.59317401e-07 
 5.01800000e-04  1.59109691e-07 
 5.01900000e-04  1.58946689e-07 
 5.02000000e-04  1.58829813e-07 
 5.02100000e-04  1.76680847e-07 
 5.02200000e-04  1.76131697e-07 
 5.02300000e-04  1.75956454e-07 
 5.02400000e-04  1.75807288e-07 
 5.02500000e-04  1.75734676e-07 
 5.02600000e-04  1.66778889e-07 
 5.02700000e-04  1.66443121e-07 
 5.02800000e-04  1.66279982e-07 
 5.02900000e-04  1.66177500e-07 
 5.03000000e-04  1.66137600e-07 
 5.03100000e-04  1.73496106e-07 
 5.03200000e-04  1.73068241e-07 
 5.03300000e-04  1.72900877e-07 
 5.03400000e-04  1.72751684e-07 
 5.03500000e-04  1.72682386e-07 
 5.03600000e-04  1.58761027e-07 
 5.03700000e-04  1.58231215e-07 
 5.03800000e-04  1.57984398e-07 
 5.03900000e-04  1.57805161e-07 
 5.04000000e-04  1.57695649e-07 
 5.04100000e-04  1.73903485e-07 
 5.04200000e-04  1.73688260e-07 
 5.04300000e-04  1.73579137e-07 
 5.04400000e-04  1.73477823e-07 
 5.04500000e-04  1.73443161e-07 
 5.04600000e-04  1.60636257e-07 
 5.04700000e-04  1.60295991e-07 
 5.04800000e-04  1.60113626e-07 
 5.04900000e-04  1.59982119e-07 
 5.05000000e-04  1.59903086e-07 
 5.05100000e-04  1.73630680e-07 
 5.05200000e-04  1.73377728e-07 
 5.05300000e-04  1.73278951e-07 
 5.05400000e-04  1.73191705e-07 
 5.05500000e-04  1.73156274e-07 
 5.05600000e-04  1.59121706e-07 
 5.05700000e-04  1.58733901e-07 
 5.05800000e-04  1.58512544e-07 
 5.05900000e-04  1.58346831e-07 
 5.06000000e-04  1.58238525e-07 
 5.06100000e-04  1.75005344e-07 
 5.06200000e-04  1.74674245e-07 
 5.06300000e-04  1.74553267e-07 
 5.06400000e-04  1.74447292e-07 
 5.06500000e-04  1.74384946e-07 
 5.06600000e-04  1.62877512e-07 
 5.06700000e-04  1.62525174e-07 
 5.06800000e-04  1.62348147e-07 
 5.06900000e-04  1.62229525e-07 
 5.07000000e-04  1.62171159e-07 
 5.07100000e-04  1.73697749e-07 
 5.07200000e-04  1.73412545e-07 
 5.07300000e-04  1.73316426e-07 
 5.07400000e-04  1.73233396e-07 
 5.07500000e-04  1.73172967e-07 
 5.07600000e-04  1.59178568e-07 
 5.07700000e-04  1.58732486e-07 
 5.07800000e-04  1.58517546e-07 
 5.07900000e-04  1.58351448e-07 
 5.08000000e-04  1.58235740e-07 
 5.08100000e-04  1.74469528e-07 
 5.08200000e-04  1.74246426e-07 
 5.08300000e-04  1.74156056e-07 
 5.08400000e-04  1.74075720e-07 
 5.08500000e-04  1.74018485e-07 
 5.08600000e-04  1.61223011e-07 
 5.08700000e-04  1.60872804e-07 
 5.08800000e-04  1.60687646e-07 
 5.08900000e-04  1.60559996e-07 
 5.09000000e-04  1.60491679e-07 
 5.09100000e-04  1.74237218e-07 
 5.09200000e-04  1.73987275e-07 
 5.09300000e-04  1.73892992e-07 
 5.09400000e-04  1.73809885e-07 
 5.09500000e-04  1.73760612e-07 
 5.09600000e-04  1.59697255e-07 
 5.09700000e-04  1.59317968e-07 
 5.09800000e-04  1.59107834e-07 
 5.09900000e-04  1.58946505e-07 
 5.10000000e-04  1.58835528e-07 
 5.10100000e-04  1.76139469e-07 
 5.10200000e-04  1.75714926e-07 
 5.10300000e-04  1.75566020e-07 
 5.10400000e-04  1.75435791e-07 
 5.10500000e-04  1.75355631e-07 
 5.10600000e-04  1.65121227e-07 
 5.10700000e-04  1.64776016e-07 
 5.10800000e-04  1.64607780e-07 
 5.10900000e-04  1.64500340e-07 
 5.11000000e-04  1.64455625e-07 
 5.11100000e-04  1.73822203e-07 
 5.11200000e-04  1.73500700e-07 
 5.11300000e-04  1.73381068e-07 
 5.11400000e-04  1.73274758e-07 
 5.11500000e-04  1.73217377e-07 
 5.11600000e-04  1.59241813e-07 
 5.11700000e-04  1.58778452e-07 
 5.11800000e-04  1.58541141e-07 
 5.11900000e-04  1.58364604e-07 
 5.12000000e-04  1.58250769e-07 
 5.12100000e-04  1.74484313e-07 
 5.12200000e-04  1.74269229e-07 
 5.12300000e-04  1.74168186e-07 
 5.12400000e-04  1.74075409e-07 
 5.12500000e-04  1.74051822e-07 
 5.12600000e-04  1.61221096e-07 
 5.12700000e-04  1.60871740e-07 
 5.12800000e-04  1.60696754e-07 
 5.12900000e-04  1.60573664e-07 
 5.13000000e-04  1.60504117e-07 
 5.13100000e-04  1.74247597e-07 
 5.13200000e-04  1.73995647e-07 
 5.13300000e-04  1.73898102e-07 
 5.13400000e-04  1.73811606e-07 
 5.13500000e-04  1.73776866e-07 
 5.13600000e-04  1.59692969e-07 
 5.13700000e-04  1.59318197e-07 
 5.13800000e-04  1.59108227e-07 
 5.13900000e-04  1.58949124e-07 
 5.14000000e-04  1.58842501e-07 
 5.14100000e-04  1.75622637e-07 
 5.14200000e-04  1.75293751e-07 
 5.14300000e-04  1.75169481e-07 
 5.14400000e-04  1.75059570e-07 
 5.14500000e-04  1.75003956e-07 
 5.14600000e-04  1.63472849e-07 
 5.14700000e-04  1.63116985e-07 
 5.14800000e-04  1.62951839e-07 
 5.14900000e-04  1.62831563e-07 
 5.15000000e-04  1.62757578e-07 
 5.15100000e-04  1.74329341e-07 
 5.15200000e-04  1.74040342e-07 
 5.15300000e-04  1.73933133e-07 
 5.15400000e-04  1.73838595e-07 
 5.15500000e-04  1.73788238e-07 
 5.15600000e-04  1.59761707e-07 
 5.15700000e-04  1.59316292e-07 
 5.15800000e-04  1.59101300e-07 
 5.15900000e-04  1.58942912e-07 
 5.16000000e-04  1.58842925e-07 
 5.16100000e-04  1.75089758e-07 
 5.16200000e-04  1.74888571e-07 
 5.16300000e-04  1.74788397e-07 
 5.16400000e-04  1.74694875e-07 
 5.16500000e-04  1.74647517e-07 
 5.16600000e-04  1.61793665e-07 
 5.16700000e-04  1.61457910e-07 
 5.16800000e-04  1.61284073e-07 
 5.16900000e-04  1.61156015e-07 
 5.17000000e-04  1.61075188e-07 
 5.17100000e-04  1.74856815e-07 
 5.17200000e-04  1.74597801e-07 
 5.17300000e-04  1.74509225e-07 
 5.17400000e-04  1.74433035e-07 
 5.17500000e-04  1.74382822e-07 
 5.17600000e-04  1.60292161e-07 
 5.17700000e-04  1.59908353e-07 
 5.17800000e-04  1.59685681e-07 
 5.17900000e-04  1.59524645e-07 
 5.18000000e-04  1.59427201e-07 
 5.18100000e-04  1.88940886e-07 
 5.18200000e-04  1.86324199e-07 
 5.18300000e-04  1.85520570e-07 
 5.18400000e-04  1.85271956e-07 
 5.18500000e-04  1.85023342e-07 
 5.18600000e-04  1.75732438e-07 
 5.18700000e-04  1.74614830e-07 
 5.18800000e-04  1.74280025e-07 
 5.18900000e-04  1.74066559e-07 
 5.19000000e-04  1.73976618e-07 
 5.19100000e-04  1.71284618e-07 
 5.19200000e-04  1.70507753e-07 
 5.19300000e-04  1.70299662e-07 
 5.19400000e-04  1.70128153e-07 
 5.19500000e-04  1.70052379e-07 
 5.19600000e-04  1.57648332e-07 
 5.19700000e-04  1.56967656e-07 
 5.19800000e-04  1.56707009e-07 
 5.19900000e-04 -0.00000000e+00 
 5.20000000e-04  1.56574650e-07 
