 time            -i(vdd)        
 2.60000000e-04 -1.26577369e-04 
 2.60100000e-04  1.83731462e-07 
 2.60200000e-04  1.75017430e-07 
 2.60300000e-04  1.72693696e-07 
 2.60400000e-04  1.70735477e-07 
 2.60500000e-04  1.70077366e-07 
 2.60600000e-04  1.76681165e-07 
 2.60700000e-04  1.75913062e-07 
 2.60800000e-04  1.75485778e-07 
 2.60900000e-04  1.75136634e-07 
 2.61000000e-04  1.74867325e-07 
 2.61100000e-04  1.56453249e-07 
 2.61200000e-04  1.54082401e-07 
 2.61300000e-04  1.53475624e-07 
 2.61400000e-04  1.52985297e-07 
 2.61500000e-04  1.52782240e-07 
 2.61600000e-04  1.38891039e-07 
 2.61700000e-04  1.37639964e-07 
 2.61800000e-04  1.37195333e-07 
 2.61900000e-04  1.36878007e-07 
 2.62000000e-04  1.36692025e-07 
 2.62100000e-04  1.61891618e-07 
 2.62200000e-04  1.60616926e-07 
 2.62300000e-04  1.60334094e-07 
 2.62400000e-04  1.60131795e-07 
 2.62500000e-04  1.60055321e-07 
 2.62600000e-04  1.48508759e-07 
 2.62700000e-04  1.47914340e-07 
 2.62800000e-04  1.47632611e-07 
 2.62900000e-04  1.47420435e-07 
 2.63000000e-04  1.47279298e-07 
 2.63100000e-04  1.99995367e-07 
 2.63200000e-04  1.94214142e-07 
 2.63300000e-04  1.92923258e-07 
 2.63400000e-04  1.91927638e-07 
 2.63500000e-04  1.91648173e-07 
 2.63600000e-04  1.78204677e-07 
 2.63700000e-04  1.77568181e-07 
 2.63800000e-04  1.77242633e-07 
 2.63900000e-04  1.76990823e-07 
 2.64000000e-04  1.76815091e-07 
 2.64100000e-04  1.72662570e-07 
 2.64200000e-04  1.68073405e-07 
 2.64300000e-04  1.67027538e-07 
 2.64400000e-04  1.66212650e-07 
 2.64500000e-04  1.65971686e-07 
 2.64600000e-04  1.53753496e-07 
 2.64700000e-04  1.53126172e-07 
 2.64800000e-04  1.52825551e-07 
 2.64900000e-04  1.52590904e-07 
 2.65000000e-04  1.52424324e-07 
 2.65100000e-04  1.66018120e-07 
 2.65200000e-04  1.65520552e-07 
 2.65300000e-04  1.65364389e-07 
 2.65400000e-04  1.65231142e-07 
 2.65500000e-04  1.65177038e-07 
 2.65600000e-04  1.51593493e-07 
 2.65700000e-04  1.51152884e-07 
 2.65800000e-04  1.50917777e-07 
 2.65900000e-04  1.50741857e-07 
 2.66000000e-04  1.50626999e-07 
 2.66100000e-04  1.66993816e-07 
 2.66200000e-04  1.66739325e-07 
 2.66300000e-04  1.66641636e-07 
 2.66400000e-04  1.66553932e-07 
 2.66500000e-04  1.66505866e-07 
 2.66600000e-04  1.55426537e-07 
 2.66700000e-04  1.55017745e-07 
 2.66800000e-04  1.54818175e-07 
 2.66900000e-04  1.54673435e-07 
 2.67000000e-04  1.54585260e-07 
 2.67100000e-04  1.66082194e-07 
 2.67200000e-04  1.65564440e-07 
 2.67300000e-04  1.65411269e-07 
 2.67400000e-04  1.65280962e-07 
 2.67500000e-04  1.65220862e-07 
 2.67600000e-04  1.51669170e-07 
 2.67700000e-04  1.51175922e-07 
 2.67800000e-04  1.50916041e-07 
 2.67900000e-04  1.50717658e-07 
 2.68000000e-04  1.50582718e-07 
 2.68100000e-04  1.66384464e-07 
 2.68200000e-04  1.66215983e-07 
 2.68300000e-04  1.66136918e-07 
 2.68400000e-04  1.66064003e-07 
 2.68500000e-04  1.66020761e-07 
 2.68600000e-04  1.53658755e-07 
 2.68700000e-04  1.53252466e-07 
 2.68800000e-04  1.53038845e-07 
 2.68900000e-04  1.52888551e-07 
 2.69000000e-04  1.52803588e-07 
 2.69100000e-04  1.66133890e-07 
 2.69200000e-04  1.65904803e-07 
 2.69300000e-04  1.65832347e-07 
 2.69400000e-04  1.65771606e-07 
 2.69500000e-04  1.65751345e-07 
 2.69600000e-04  1.52108330e-07 
 2.69700000e-04  1.51662767e-07 
 2.69800000e-04  1.51427908e-07 
 2.69900000e-04  1.51250106e-07 
 2.70000000e-04  1.51131166e-07 
 2.70100000e-04  1.68008053e-07 
 2.70200000e-04  1.67618065e-07 
 2.70300000e-04  1.67493698e-07 
 2.70400000e-04  1.67386945e-07 
 2.70500000e-04  1.67318971e-07 
 2.70600000e-04  1.57531960e-07 
 2.70700000e-04  1.57129420e-07 
 2.70800000e-04  1.56926171e-07 
 2.70900000e-04  1.56795037e-07 
 2.71000000e-04  1.56738299e-07 
 2.71100000e-04  1.66103535e-07 
 2.71200000e-04  1.65545981e-07 
 2.71300000e-04  1.65378127e-07 
 2.71400000e-04  1.65234533e-07 
 2.71500000e-04  1.65181269e-07 
 2.71600000e-04  1.51643358e-07 
 2.71700000e-04  1.51104198e-07 
 2.71800000e-04  1.50844530e-07 
 2.71900000e-04  1.50646616e-07 
 2.72000000e-04  1.50512408e-07 
 2.72100000e-04  1.66320276e-07 
 2.72200000e-04  1.66150790e-07 
 2.72300000e-04  1.66074797e-07 
 2.72400000e-04  1.66005321e-07 
 2.72500000e-04  1.65982266e-07 
 2.72600000e-04  1.53577311e-07 
 2.72700000e-04  1.53185987e-07 
 2.72800000e-04  1.52982142e-07 
 2.72900000e-04  1.52829687e-07 
 2.73000000e-04  1.52730243e-07 
 2.73100000e-04  1.66059625e-07 
 2.73200000e-04  1.65855233e-07 
 2.73300000e-04  1.65792488e-07 
 2.73400000e-04  1.65739843e-07 
 2.73500000e-04  1.65691134e-07 
 2.73600000e-04  1.52057546e-07 
 2.73700000e-04  1.51625884e-07 
 2.73800000e-04  1.51372322e-07 
 2.73900000e-04  1.51190409e-07 
 2.74000000e-04  1.51082407e-07 
 2.74100000e-04  1.67430056e-07 
 2.74200000e-04  1.67154654e-07 
 2.74300000e-04  1.67058888e-07 
 2.74400000e-04  1.66975302e-07 
 2.74500000e-04  1.66919576e-07 
 2.74600000e-04  1.55808032e-07 
 2.74700000e-04  1.55434416e-07 
 2.74800000e-04  1.55217089e-07 
 2.74900000e-04  1.55069528e-07 
 2.75000000e-04  1.54993931e-07 
 2.75100000e-04  1.66139586e-07 
 2.75200000e-04  1.65906099e-07 
 2.75300000e-04  1.65818325e-07 
 2.75400000e-04  1.65739868e-07 
 2.75500000e-04  1.65712362e-07 
 2.75600000e-04  1.52105818e-07 
 2.75700000e-04  1.51638832e-07 
 2.75800000e-04  1.51383406e-07 
 2.75900000e-04  1.51189177e-07 
 2.76000000e-04  1.51058071e-07 
 2.76100000e-04  1.66900380e-07 
 2.76200000e-04  1.66719651e-07 
 2.76300000e-04  1.66646327e-07 
 2.76400000e-04  1.66580681e-07 
 2.76500000e-04  1.66552546e-07 
 2.76600000e-04  1.54151087e-07 
 2.76700000e-04  1.53742550e-07 
 2.76800000e-04  1.53546286e-07 
 2.76900000e-04  1.53405065e-07 
 2.77000000e-04  1.53320615e-07 
 2.77100000e-04  1.66668423e-07 
 2.77200000e-04  1.66449843e-07 
 2.77300000e-04  1.66374958e-07 
 2.77400000e-04  1.66310662e-07 
 2.77500000e-04  1.66288824e-07 
 2.77600000e-04  1.52638723e-07 
 2.77700000e-04  1.52188011e-07 
 2.77800000e-04  1.51961403e-07 
 2.77900000e-04  1.51782430e-07 
 2.78000000e-04  1.51652587e-07 
 2.78100000e-04  1.69095264e-07 
 2.78200000e-04  1.68605537e-07 
 2.78300000e-04  1.68449710e-07 
 2.78400000e-04  1.68315947e-07 
 2.78500000e-04  1.68255879e-07 
 2.78600000e-04  1.59713086e-07 
 2.78700000e-04  1.59312150e-07 
 2.78800000e-04  1.59123350e-07 
 2.78900000e-04  1.59001197e-07 
 2.79000000e-04  1.58947788e-07 
 2.79100000e-04  1.66276917e-07 
 2.79200000e-04  1.65619076e-07 
 2.79300000e-04  1.65430079e-07 
 2.79400000e-04  1.65271322e-07 
 2.79500000e-04  1.65198148e-07 
 2.79600000e-04  1.51668781e-07 
 2.79700000e-04  1.51113643e-07 
 2.79800000e-04  1.50843134e-07 
 2.79900000e-04  1.50634011e-07 
 2.80000000e-04  1.50488205e-07 
 2.80100000e-04  1.66326513e-07 
 2.80200000e-04  1.66152977e-07 
 2.80300000e-04  1.66068889e-07 
 2.80400000e-04  1.65991315e-07 
 2.80500000e-04  1.65958512e-07 
 2.80600000e-04  1.53554679e-07 
 2.80700000e-04  1.53162925e-07 
 2.80800000e-04  1.52959015e-07 
 2.80900000e-04  1.52808681e-07 
 2.81000000e-04  1.52713605e-07 
 2.81100000e-04  1.66037436e-07 
 2.81200000e-04  1.65839451e-07 
 2.81300000e-04  1.65764371e-07 
 2.81400000e-04  1.65697646e-07 
 2.81500000e-04  1.65678804e-07 
 2.81600000e-04  1.52028927e-07 
 2.81700000e-04  1.51581772e-07 
 2.81800000e-04  1.51349624e-07 
 2.81900000e-04  1.51169899e-07 
 2.82000000e-04  1.51044240e-07 
 2.82100000e-04  1.67415563e-07 
 2.82200000e-04  1.67135788e-07 
 2.82300000e-04  1.67036208e-07 
 2.82400000e-04  1.66948852e-07 
 2.82500000e-04  1.66910184e-07 
 2.82600000e-04  1.55801009e-07 
 2.82700000e-04  1.55397996e-07 
 2.82800000e-04  1.55201590e-07 
 2.82900000e-04  1.55062846e-07 
 2.83000000e-04  1.54983569e-07 
 2.83100000e-04  1.66118994e-07 
 2.83200000e-04  1.65859485e-07 
 2.83300000e-04  1.65777240e-07 
 2.83400000e-04  1.65707422e-07 
 2.83500000e-04  1.65685439e-07 
 2.83600000e-04  1.52077189e-07 
 2.83700000e-04  1.51598844e-07 
 2.83800000e-04  1.51352084e-07 
 2.83900000e-04  1.51164155e-07 
 2.84000000e-04  1.51036900e-07 
 2.84100000e-04  1.66881826e-07 
 2.84200000e-04  1.66716945e-07 
 2.84300000e-04  1.66637706e-07 
 2.84400000e-04  1.66563850e-07 
 2.84500000e-04  1.66526455e-07 
 2.84600000e-04  1.54132620e-07 
 2.84700000e-04  1.53743072e-07 
 2.84800000e-04  1.53533681e-07 
 2.84900000e-04  1.53382423e-07 
 2.85000000e-04  1.53291120e-07 
 2.85100000e-04  1.66645598e-07 
 2.85200000e-04  1.66438039e-07 
 2.85300000e-04  1.66363024e-07 
 2.85400000e-04  1.66297023e-07 
 2.85500000e-04  1.66280262e-07 
 2.85600000e-04  1.52612032e-07 
 2.85700000e-04  1.52171824e-07 
 2.85800000e-04  1.51938776e-07 
 2.85900000e-04  1.51762042e-07 
 2.86000000e-04  1.51643382e-07 
 2.86100000e-04  1.68549694e-07 
 2.86200000e-04  1.68175644e-07 
 2.86300000e-04  1.68040608e-07 
 2.86400000e-04  1.67920875e-07 
 2.86500000e-04  1.67869211e-07 
 2.86600000e-04  1.58034557e-07 
 2.86700000e-04  1.57639185e-07 
 2.86800000e-04  1.57448297e-07 
 2.86900000e-04  1.57318886e-07 
 2.87000000e-04  1.57252879e-07 
 2.87100000e-04  1.66225932e-07 
 2.87200000e-04  1.65964280e-07 
 2.87300000e-04  1.65863442e-07 
 2.87400000e-04  1.65772521e-07 
 2.87500000e-04  1.65730308e-07 
 2.87600000e-04  1.52161627e-07 
 2.87700000e-04  1.51627528e-07 
 2.87800000e-04  1.51381347e-07 
 2.87900000e-04  1.51193782e-07 
 2.88000000e-04  1.51066670e-07 
 2.88100000e-04  1.66896035e-07 
 2.88200000e-04  1.66728942e-07 
 2.88300000e-04  1.66654146e-07 
 2.88400000e-04  1.66585712e-07 
 2.88500000e-04  1.66540011e-07 
 2.88600000e-04  1.54122418e-07 
 2.88700000e-04  1.53727222e-07 
 2.88800000e-04  1.53531807e-07 
 2.88900000e-04  1.53390215e-07 
 2.89000000e-04  1.53304129e-07 
 2.89100000e-04  1.66644754e-07 
 2.89200000e-04  1.66443447e-07 
 2.89300000e-04  1.66372156e-07 
 2.89400000e-04  1.66309667e-07 
 2.89500000e-04  1.66280051e-07 
 2.89600000e-04  1.52626187e-07 
 2.89700000e-04  1.52174406e-07 
 2.89800000e-04  1.51935275e-07 
 2.89900000e-04  1.51756614e-07 
 2.90000000e-04  1.51640315e-07 
 2.90100000e-04  1.68024381e-07 
 2.90200000e-04  1.67737966e-07 
 2.90300000e-04  1.67639093e-07 
 2.90400000e-04  1.67553067e-07 
 2.90500000e-04  1.67505228e-07 
 2.90600000e-04  1.56384552e-07 
 2.90700000e-04  1.55976036e-07 
 2.90800000e-04  1.55775258e-07 
 2.90900000e-04  1.55639202e-07 
 2.91000000e-04  1.55569893e-07 
 2.91100000e-04  1.66727745e-07 
 2.91200000e-04  1.66492712e-07 
 2.91300000e-04  1.66412999e-07 
 2.91400000e-04  1.66343215e-07 
 2.91500000e-04  1.66297296e-07 
 2.91600000e-04  1.52668840e-07 
 2.91700000e-04  1.52180328e-07 
 2.91800000e-04  1.51944918e-07 
 2.91900000e-04  1.51761558e-07 
 2.92000000e-04  1.51631872e-07 
 2.92100000e-04  1.67498739e-07 
 2.92200000e-04  1.67318935e-07 
 2.92300000e-04  1.67252358e-07 
 2.92400000e-04  1.67194054e-07 
 2.92500000e-04  1.67139516e-07 
 2.92600000e-04  1.54696521e-07 
 2.92700000e-04  1.54321151e-07 
 2.92800000e-04  1.54118085e-07 
 2.92900000e-04  1.53974386e-07 
 2.93000000e-04  1.53891909e-07 
 2.93100000e-04  1.67258611e-07 
 2.93200000e-04  1.67041004e-07 
 2.93300000e-04  1.66974038e-07 
 2.93400000e-04  1.66917844e-07 
 2.93500000e-04  1.66883862e-07 
 2.93600000e-04  1.53207960e-07 
 2.93700000e-04  1.52759551e-07 
 2.93800000e-04  1.52525015e-07 
 2.93900000e-04  1.52350600e-07 
 2.94000000e-04  1.52238181e-07 
 2.94100000e-04  1.70227013e-07 
 2.94200000e-04  1.69633723e-07 
 2.94300000e-04  1.69449000e-07 
 2.94400000e-04  1.69290926e-07 
 2.94500000e-04  1.69221832e-07 
 2.94600000e-04  1.61952748e-07 
 2.94700000e-04  1.61544085e-07 
 2.94800000e-04  1.61365894e-07 
 2.94900000e-04  1.61254369e-07 
 2.95000000e-04  1.61211593e-07 
 2.95100000e-04  1.66595585e-07 
 2.95200000e-04  1.65706851e-07 
 2.95300000e-04  1.65480443e-07 
 2.95400000e-04  1.65298221e-07 
 2.95500000e-04  1.65215756e-07 
 2.95600000e-04  1.51711600e-07 
 2.95700000e-04  1.51115183e-07 
 2.95800000e-04  1.50821731e-07 
 2.95900000e-04  1.50614629e-07 
 2.96000000e-04  1.50496582e-07 
 2.96100000e-04  1.66301729e-07 
 2.96200000e-04  1.66129005e-07 
 2.96300000e-04  1.66056543e-07 
 2.96400000e-04  1.65991367e-07 
 2.96500000e-04  1.65952464e-07 
 2.96600000e-04  1.53546587e-07 
 2.96700000e-04  1.53148039e-07 
 2.96800000e-04  1.52945844e-07 
 2.96900000e-04  1.52799947e-07 
 2.97000000e-04  1.52712101e-07 
 2.97100000e-04  1.66040596e-07 
 2.97200000e-04  1.65831389e-07 
 2.97300000e-04  1.65757673e-07 
 2.97400000e-04  1.65693415e-07 
 2.97500000e-04  1.65669143e-07 
 2.97600000e-04  1.52023313e-07 
 2.97700000e-04  1.51583102e-07 
 2.97800000e-04  1.51347404e-07 
 2.97900000e-04  1.51169648e-07 
 2.98000000e-04  1.51051633e-07 
 2.98100000e-04  1.67410147e-07 
 2.98200000e-04  1.67125435e-07 
 2.98300000e-04  1.67028978e-07 
 2.98400000e-04  1.66945615e-07 
 2.98500000e-04  1.66893523e-07 
 2.98600000e-04  1.55774821e-07 
 2.98700000e-04  1.55381584e-07 
 2.98800000e-04  1.55184722e-07 
 2.98900000e-04  1.55044688e-07 
 2.99000000e-04  1.54963249e-07 
 2.99100000e-04  1.66109182e-07 
 2.99200000e-04  1.65860766e-07 
 2.99300000e-04  1.65781676e-07 
 2.99400000e-04  1.65714326e-07 
 2.99500000e-04  1.65677594e-07 
 2.99600000e-04  1.52069435e-07 
 2.99700000e-04  1.51606425e-07 
 2.99800000e-04  1.51358567e-07 
 2.99900000e-04  1.51169545e-07 
 3.00000000e-04  1.51041188e-07 
 3.00100000e-04  1.66872442e-07 
 3.00200000e-04  1.66707955e-07 
 3.00300000e-04  1.66635967e-07 
 3.00400000e-04  1.66570039e-07 
 3.00500000e-04  1.66520891e-07 
 3.00600000e-04  1.54107265e-07 
 3.00700000e-04  1.53716572e-07 
 3.00800000e-04  1.53511327e-07 
 3.00900000e-04  1.53370421e-07 
 3.01000000e-04  1.53295856e-07 
 3.01100000e-04  1.66637449e-07 
 3.01200000e-04  1.66424474e-07 
 3.01300000e-04  1.66354291e-07 
 3.01400000e-04  1.66294191e-07 
 3.01500000e-04  1.66275301e-07 
 3.01600000e-04  1.52612102e-07 
 3.01700000e-04  1.52177534e-07 
 3.01800000e-04  1.51933968e-07 
 3.01900000e-04  1.51745854e-07 
 3.02000000e-04  1.51614911e-07 
 3.02100000e-04  1.68538924e-07 
 3.02200000e-04  1.68156503e-07 
 3.02300000e-04  1.68031356e-07 
 3.02400000e-04  1.67923276e-07 
 3.02500000e-04  1.67871430e-07 
 3.02600000e-04  1.58035687e-07 
 3.02700000e-04  1.57634245e-07 
 3.02800000e-04  1.57441198e-07 
 3.02900000e-04  1.57310988e-07 
 3.03000000e-04  1.57245569e-07 
 3.03100000e-04  1.66217088e-07 
 3.03200000e-04  1.65931718e-07 
 3.03300000e-04  1.65839312e-07 
 3.03400000e-04  1.65759665e-07 
 3.03500000e-04  1.65736054e-07 
 3.03600000e-04  1.52146188e-07 
 3.03700000e-04  1.51619990e-07 
 3.03800000e-04  1.51372231e-07 
 3.03900000e-04  1.51178352e-07 
 3.04000000e-04  1.51040021e-07 
 3.04100000e-04  1.66892437e-07 
 3.04200000e-04  1.66713970e-07 
 3.04300000e-04  1.66642982e-07 
 3.04400000e-04  1.66579532e-07 
 3.04500000e-04  1.66535472e-07 
 3.04600000e-04  1.54124321e-07 
 3.04700000e-04  1.53722737e-07 
 3.04800000e-04  1.53519441e-07 
 3.04900000e-04  1.53374738e-07 
 3.05000000e-04  1.53290445e-07 
 3.05100000e-04  1.66647928e-07 
 3.05200000e-04  1.66437043e-07 
 3.05300000e-04  1.66360802e-07 
 3.05400000e-04  1.66294215e-07 
 3.05500000e-04  1.66267212e-07 
 3.05600000e-04  1.52615053e-07 
 3.05700000e-04  1.52164801e-07 
 3.05800000e-04  1.51931405e-07 
 3.05900000e-04  1.51756126e-07 
 3.06000000e-04  1.51640766e-07 
 3.06100000e-04  1.68029709e-07 
 3.06200000e-04  1.67751217e-07 
 3.06300000e-04  1.67645078e-07 
 3.06400000e-04  1.67550473e-07 
 3.06500000e-04  1.67508620e-07 
 3.06600000e-04  1.56370346e-07 
 3.06700000e-04  1.55969152e-07 
 3.06800000e-04  1.55770517e-07 
 3.06900000e-04  1.55633961e-07 
 3.07000000e-04  1.55561411e-07 
 3.07100000e-04  1.66722809e-07 
 3.07200000e-04  1.66477681e-07 
 3.07300000e-04  1.66399373e-07 
 3.07400000e-04  1.66332065e-07 
 3.07500000e-04  1.66301709e-07 
 3.07600000e-04  1.52659169e-07 
 3.07700000e-04  1.52178230e-07 
 3.07800000e-04  1.51936854e-07 
 3.07900000e-04  1.51750956e-07 
 3.08000000e-04  1.51622253e-07 
 3.08100000e-04  1.67506772e-07 
 3.08200000e-04  1.67320835e-07 
 3.08300000e-04  1.67245654e-07 
 3.08400000e-04  1.67179152e-07 
 3.08500000e-04  1.67149354e-07 
 3.08600000e-04  1.54690452e-07 
 3.08700000e-04  1.54315787e-07 
 3.08800000e-04  1.54108187e-07 
 3.08900000e-04  1.53965547e-07 
 3.09000000e-04  1.53889880e-07 
 3.09100000e-04  1.67250275e-07 
 3.09200000e-04  1.67043089e-07 
 3.09300000e-04  1.66973194e-07 
 3.09400000e-04  1.66912844e-07 
 3.09500000e-04  1.66880773e-07 
 3.09600000e-04  1.53174931e-07 
 3.09700000e-04  1.52770265e-07 
 3.09800000e-04  1.52526915e-07 
 3.09900000e-04  1.52340705e-07 
 3.10000000e-04  1.52213403e-07 
 3.10100000e-04  1.69694184e-07 
 3.10200000e-04  1.69200030e-07 
 3.10300000e-04  1.69046536e-07 
 3.10400000e-04  1.68915906e-07 
 3.10500000e-04  1.68853984e-07 
 3.10600000e-04  1.60283667e-07 
 3.10700000e-04  1.59893053e-07 
 3.10800000e-04  1.59706875e-07 
 3.10900000e-04  1.59584664e-07 
 3.11000000e-04  1.59528399e-07 
 3.11100000e-04  1.66518802e-07 
 3.11200000e-04  1.66123119e-07 
 3.11300000e-04  1.65987861e-07 
 3.11400000e-04  1.65870801e-07 
 3.11500000e-04  1.65822934e-07 
 3.11600000e-04  1.52246892e-07 
 3.11700000e-04  1.51681713e-07 
 3.11800000e-04  1.51417568e-07 
 3.11900000e-04  1.51216830e-07 
 3.12000000e-04  1.51081460e-07 
 3.12100000e-04  1.66922564e-07 
 3.12200000e-04  1.66746226e-07 
 3.12300000e-04  1.66673622e-07 
 3.12400000e-04  1.66608086e-07 
 3.12500000e-04  1.66559487e-07 
 3.12600000e-04  1.54141939e-07 
 3.12700000e-04  1.53733420e-07 
 3.12800000e-04  1.53537537e-07 
 3.12900000e-04  1.53393622e-07 
 3.13000000e-04  1.53303274e-07 
 3.13100000e-04  1.66653400e-07 
 3.13200000e-04  1.66448972e-07 
 3.13300000e-04  1.66368206e-07 
 3.13400000e-04  1.66295894e-07 
 3.13500000e-04  1.66274334e-07 
 3.13600000e-04  1.52610184e-07 
 3.13700000e-04  1.52188562e-07 
 3.13800000e-04  1.51946769e-07 
 3.13900000e-04  1.51760581e-07 
 3.14000000e-04  1.51631712e-07 
 3.14100000e-04  1.68019465e-07 
 3.14200000e-04  1.67746384e-07 
 3.14300000e-04  1.67641116e-07 
 3.14400000e-04  1.67546988e-07 
 3.14500000e-04  1.67504077e-07 
 3.14600000e-04  1.56367720e-07 
 3.14700000e-04  1.55991239e-07 
 3.14800000e-04  1.55777887e-07 
 3.14900000e-04  1.55635721e-07 
 3.15000000e-04  1.55566944e-07 
 3.15100000e-04  1.66729859e-07 
 3.15200000e-04  1.66480379e-07 
 3.15300000e-04  1.66394791e-07 
 3.15400000e-04  1.66320244e-07 
 3.15500000e-04  1.66291016e-07 
 3.15600000e-04  1.52674856e-07 
 3.15700000e-04  1.52189016e-07 
 3.15800000e-04  1.51932092e-07 
 3.15900000e-04  1.51748980e-07 
 3.16000000e-04  1.51641968e-07 
 3.16100000e-04  1.67502153e-07 
 3.16200000e-04  1.67333903e-07 
 3.16300000e-04  1.67257816e-07 
 3.16400000e-04  1.67187871e-07 
 3.16500000e-04  1.67127836e-07 
 3.16600000e-04  1.54701670e-07 
 3.16700000e-04  1.54305014e-07 
 3.16800000e-04  1.54107709e-07 
 3.16900000e-04  1.53968391e-07 
 3.17000000e-04  1.53888843e-07 
 3.17100000e-04  1.67270082e-07 
 3.17200000e-04  1.67043165e-07 
 3.17300000e-04  1.66974361e-07 
 3.17400000e-04  1.66917457e-07 
 3.17500000e-04  1.66885168e-07 
 3.17600000e-04  1.53193737e-07 
 3.17700000e-04  1.52768005e-07 
 3.17800000e-04  1.52526488e-07 
 3.17900000e-04  1.52343165e-07 
 3.18000000e-04  1.52219830e-07 
 3.18100000e-04  1.69172162e-07 
 3.18200000e-04  1.68780087e-07 
 3.18300000e-04  1.68652595e-07 
 3.18400000e-04  1.68543179e-07 
 3.18500000e-04  1.68494866e-07 
 3.18600000e-04  1.58626539e-07 
 3.18700000e-04  1.58239442e-07 
 3.18800000e-04  1.58040227e-07 
 3.18900000e-04  1.57909753e-07 
 3.19000000e-04  1.57850147e-07 
 3.19100000e-04  1.66855981e-07 
 3.19200000e-04  1.66566061e-07 
 3.19300000e-04  1.66471784e-07 
 3.19400000e-04  1.66390452e-07 
 3.19500000e-04  1.66349245e-07 
 3.19600000e-04  1.52733808e-07 
 3.19700000e-04  1.52213637e-07 
 3.19800000e-04  1.51968000e-07 
 3.19900000e-04  1.51781118e-07 
 3.20000000e-04  1.51654742e-07 
 3.20100000e-04  1.69458564e-07 
 3.20200000e-04  1.68931305e-07 
 3.20300000e-04  1.68758194e-07 
 3.20400000e-04  1.68681211e-07 
 3.20500000e-04  1.68635290e-07 
 3.20600000e-04  1.55734493e-07 
 3.20700000e-04  1.55174603e-07 
 3.20800000e-04  1.54919197e-07 
 3.20900000e-04  1.54734529e-07 
 3.21000000e-04  1.54622052e-07 
 3.21100000e-04  1.03754186e-04 
 3.21200000e-04  1.03753787e-04 
 3.21300000e-04  1.03753670e-04 
 3.21400000e-04  1.03753571e-04 
 3.21500000e-04  1.03753532e-04 
 3.21600000e-04  1.03739844e-04 
 3.21700000e-04  1.03739384e-04 
 3.21800000e-04  1.03739146e-04 
 3.21900000e-04  1.03738962e-04 
 3.22000000e-04  1.03738834e-04 
 3.22100000e-04  1.69803245e-07 
 3.22200000e-04  1.69486253e-07 
 3.22300000e-04  1.69374276e-07 
 3.22400000e-04  1.69276075e-07 
 3.22500000e-04  1.69214209e-07 
 3.22600000e-04  1.58049813e-07 
 3.22700000e-04  1.57649030e-07 
 3.22800000e-04  1.57463376e-07 
 3.22900000e-04  1.57333006e-07 
 3.23000000e-04  1.57259615e-07 
 3.23100000e-04  1.68502651e-07 
 3.23200000e-04  1.68259308e-07 
 3.23300000e-04  1.68165953e-07 
 3.23400000e-04  1.68082248e-07 
 3.23500000e-04  1.68051374e-07 
 3.23600000e-04  1.54331485e-07 
 3.23700000e-04  1.53871522e-07 
 3.23800000e-04  1.53626275e-07 
 3.23900000e-04  1.53444193e-07 
 3.24000000e-04  1.53327219e-07 
 3.24100000e-04  1.69266215e-07 
 3.24200000e-04  1.69101802e-07 
 3.24300000e-04  1.69023116e-07 
 3.24400000e-04  1.68949922e-07 
 3.24500000e-04  1.68887664e-07 
 3.24600000e-04  1.56361840e-07 
 3.24700000e-04  1.55986391e-07 
 3.24800000e-04  1.55800719e-07 
 3.24900000e-04  1.55664129e-07 
 3.25000000e-04  1.55578121e-07 
 3.25100000e-04  1.69043686e-07 
 3.25200000e-04  1.68810188e-07 
 3.25300000e-04  1.68737921e-07 
 3.25400000e-04  1.68677641e-07 
 3.25500000e-04  1.68639369e-07 
 3.25600000e-04  1.54854097e-07 
 3.25700000e-04  1.54436005e-07 
 3.25800000e-04  1.54203799e-07 
 3.25900000e-04  1.54028364e-07 
 3.26000000e-04  1.53911440e-07 
 3.26100000e-04  1.72544508e-07 
 3.26200000e-04  1.71813840e-07 
 3.26300000e-04  1.71591056e-07 
 3.26400000e-04  1.71402072e-07 
 3.26500000e-04  1.71335097e-07 
 3.26600000e-04  1.65252248e-07 
 3.26700000e-04  1.64874234e-07 
 3.26800000e-04  1.64700328e-07 
 3.26900000e-04  1.64600215e-07 
 3.27000000e-04  1.64576173e-07 
 3.27100000e-04  1.67807983e-07 
 3.27200000e-04  1.66876400e-07 
 3.27300000e-04  1.66634224e-07 
 3.27400000e-04  1.66435739e-07 
 3.27500000e-04  1.66346774e-07 
 3.27600000e-04  1.52823821e-07 
 3.27700000e-04  1.52183105e-07 
 3.27800000e-04  1.51901610e-07 
 3.27900000e-04  1.51694813e-07 
 3.28000000e-04  1.51564961e-07 
 3.28100000e-04  1.69400423e-07 
 3.28200000e-04  1.68865215e-07 
 3.28300000e-04  1.68692012e-07 
 3.28400000e-04  1.68615015e-07 
 3.28500000e-04  1.68569105e-07 
 3.28600000e-04  1.55620188e-07 
 3.28700000e-04  1.55090368e-07 
 3.28800000e-04  1.54824302e-07 
 3.28900000e-04  1.54634042e-07 
 3.29000000e-04  1.54521146e-07 
 3.29100000e-04  1.03754118e-04 
 3.29200000e-04  1.03753699e-04 
 3.29300000e-04  1.03753580e-04 
 3.29400000e-04  1.03753481e-04 
 3.29500000e-04  1.03753443e-04 
 3.29600000e-04  1.03739751e-04 
 3.29700000e-04  1.03739291e-04 
 3.29800000e-04  1.03739043e-04 
 3.29900000e-04  1.03738859e-04 
 3.30000000e-04  1.03738743e-04 
 3.30100000e-04  1.69702450e-07 
 3.30200000e-04  1.69383722e-07 
 3.30300000e-04  1.69267633e-07 
 3.30400000e-04  1.69164988e-07 
 3.30500000e-04  1.69118870e-07 
 3.30600000e-04  1.57938689e-07 
 3.30700000e-04  1.57554114e-07 
 3.30800000e-04  1.57356461e-07 
 3.30900000e-04  1.57218479e-07 
 3.31000000e-04  1.57141994e-07 
 3.31100000e-04  1.68393361e-07 
 3.31200000e-04  1.68130361e-07 
 3.31300000e-04  1.68053741e-07 
 3.31400000e-04  1.67990214e-07 
 3.31500000e-04  1.67944927e-07 
 3.31600000e-04  1.54216054e-07 
 3.31700000e-04  1.53753541e-07 
 3.31800000e-04  1.53516512e-07 
 3.31900000e-04  1.53338743e-07 
 3.32000000e-04  1.53222045e-07 
 3.32100000e-04  1.69173168e-07 
 3.32200000e-04  1.68974922e-07 
 3.32300000e-04  1.68892397e-07 
 3.32400000e-04  1.68818517e-07 
 3.32500000e-04  1.68787210e-07 
 3.32600000e-04  1.56248324e-07 
 3.32700000e-04  1.55872496e-07 
 3.32800000e-04  1.55676406e-07 
 3.32900000e-04  1.55535026e-07 
 3.33000000e-04  1.55450021e-07 
 3.33100000e-04  1.68924141e-07 
 3.33200000e-04  1.68704610e-07 
 3.33300000e-04  1.68626017e-07 
 3.33400000e-04  1.68557396e-07 
 3.33500000e-04  1.68531341e-07 
 3.33600000e-04  1.54748152e-07 
 3.33700000e-04  1.54334711e-07 
 3.33800000e-04  1.54087819e-07 
 3.33900000e-04  1.53907122e-07 
 3.34000000e-04  1.53794652e-07 
 3.34100000e-04  1.70839077e-07 
 3.34200000e-04  1.70434532e-07 
 3.34300000e-04  1.70301083e-07 
 3.34400000e-04  1.70186338e-07 
 3.34500000e-04  1.70115987e-07 
 3.34600000e-04  1.60177431e-07 
 3.34700000e-04  1.59798991e-07 
 3.34800000e-04  1.59609239e-07 
 3.34900000e-04  1.59483025e-07 
 3.35000000e-04  1.59422289e-07 
 3.35100000e-04  1.68515339e-07 
 3.35200000e-04  1.68215164e-07 
 3.35300000e-04  1.68108979e-07 
 3.35400000e-04  1.68015401e-07 
 3.35500000e-04  1.67980354e-07 
 3.35600000e-04  1.54282255e-07 
 3.35700000e-04  1.53788308e-07 
 3.35800000e-04  1.53535104e-07 
 3.35900000e-04  1.53339746e-07 
 3.36000000e-04  1.53203999e-07 
 3.36100000e-04  1.69191586e-07 
 3.36200000e-04  1.69000318e-07 
 3.36300000e-04  1.68917005e-07 
 3.36400000e-04  1.68841945e-07 
 3.36500000e-04  1.68789749e-07 
 3.36600000e-04  1.56256469e-07 
 3.36700000e-04  1.55873435e-07 
 3.36800000e-04  1.55678614e-07 
 3.36900000e-04  1.55540572e-07 
 3.37000000e-04  1.55461040e-07 
 3.37100000e-04  1.68935093e-07 
 3.37200000e-04  1.68703830e-07 
 3.37300000e-04  1.68624442e-07 
 3.37400000e-04  1.68556084e-07 
 3.37500000e-04  1.68532490e-07 
 3.37600000e-04  1.54748204e-07 
 3.37700000e-04  1.54327619e-07 
 3.37800000e-04  1.54095042e-07 
 3.37900000e-04  1.53920920e-07 
 3.38000000e-04  1.53807033e-07 
 3.38100000e-04  1.70314314e-07 
 3.38200000e-04  1.70007091e-07 
 3.38300000e-04  1.69894577e-07 
 3.38400000e-04  1.69795932e-07 
 3.38500000e-04  1.69756193e-07 
 3.38600000e-04  1.58492778e-07 
 3.38700000e-04  1.58126495e-07 
 3.38800000e-04  1.57935821e-07 
 3.38900000e-04  1.57806524e-07 
 3.39000000e-04  1.57740480e-07 
 3.39100000e-04  1.69000992e-07 
 3.39200000e-04  1.68744291e-07 
 3.39300000e-04  1.68656466e-07 
 3.39400000e-04  1.68579670e-07 
 3.39500000e-04  1.68552832e-07 
 3.39600000e-04  1.54785425e-07 
 3.39700000e-04  1.54318846e-07 
 3.39800000e-04  1.54083369e-07 
 3.39900000e-04  1.53911061e-07 
 3.40000000e-04  1.53803850e-07 
 3.40100000e-04  1.69775155e-07 
 3.40200000e-04  1.69593285e-07 
 3.40300000e-04  1.69513710e-07 
 3.40400000e-04  1.69441318e-07 
 3.40500000e-04  1.69404764e-07 
 3.40600000e-04  1.56840758e-07 
 3.40700000e-04  1.56457168e-07 
 3.40800000e-04  1.56259563e-07 
 3.40900000e-04  1.56123432e-07 
 3.41000000e-04  1.56050652e-07 
 3.41100000e-04  1.69534409e-07 
 3.41200000e-04  1.69312624e-07 
 3.41300000e-04  1.69236567e-07 
 3.41400000e-04  1.69170816e-07 
 3.41500000e-04  1.69140589e-07 
 3.41600000e-04  1.55319895e-07 
 3.41700000e-04  1.54893317e-07 
 3.41800000e-04  1.54678164e-07 
 3.41900000e-04  1.54510339e-07 
 3.42000000e-04  1.54391264e-07 
 3.42100000e-04  1.71979961e-07 
 3.42200000e-04  1.71473569e-07 
 3.42300000e-04  1.71307439e-07 
 3.42400000e-04  1.71163841e-07 
 3.42500000e-04  1.71098787e-07 
 3.42600000e-04  1.62406376e-07 
 3.42700000e-04  1.62043309e-07 
 3.42800000e-04  1.61855081e-07 
 3.42900000e-04  1.61738236e-07 
 3.43000000e-04  1.61694961e-07 
 3.43100000e-04  1.68798745e-07 
 3.43200000e-04  1.68399855e-07 
 3.43300000e-04  1.68254649e-07 
 3.43400000e-04  1.68126483e-07 
 3.43500000e-04  1.68062474e-07 
 3.43600000e-04  1.54380328e-07 
 3.43700000e-04  1.53845345e-07 
 3.43800000e-04  1.53571183e-07 
 3.43900000e-04  1.53366480e-07 
 3.44000000e-04  1.53233362e-07 
 3.44100000e-04  1.69216965e-07 
 3.44200000e-04  1.69012822e-07 
 3.44300000e-04  1.68928329e-07 
 3.44400000e-04  1.68852764e-07 
 3.44500000e-04  1.68819796e-07 
 3.44600000e-04  1.56267388e-07 
 3.44700000e-04  1.55888829e-07 
 3.44800000e-04  1.55694695e-07 
 3.44900000e-04  1.55556070e-07 
 3.45000000e-04  1.55474638e-07 
 3.45100000e-04  1.68945341e-07 
 3.45200000e-04  1.68711284e-07 
 3.45300000e-04  1.68635436e-07 
 3.45400000e-04  1.68571264e-07 
 3.45500000e-04  1.68547960e-07 
 3.45600000e-04  1.54752038e-07 
 3.45700000e-04  1.54310551e-07 
 3.45800000e-04  1.54085209e-07 
 3.45900000e-04  1.53911854e-07 
 3.46000000e-04  1.53792053e-07 
 3.46100000e-04  1.70319411e-07 
 3.46200000e-04  1.70011470e-07 
 3.46300000e-04  1.69909853e-07 
 3.46400000e-04  1.69823254e-07 
 3.46500000e-04  1.69756141e-07 
 3.46600000e-04  1.58512170e-07 
 3.46700000e-04  1.58134954e-07 
 3.46800000e-04  1.57933893e-07 
 3.46900000e-04  1.57796043e-07 
 3.47000000e-04  1.57723328e-07 
 3.47100000e-04  1.69022293e-07 
 3.47200000e-04  1.68746900e-07 
 3.47300000e-04  1.68663771e-07 
 3.47400000e-04  1.68594150e-07 
 3.47500000e-04  1.68565201e-07 
 3.47600000e-04  1.54795094e-07 
 3.47700000e-04  1.54322118e-07 
 3.47800000e-04  1.54084909e-07 
 3.47900000e-04  1.53910878e-07 
 3.48000000e-04  1.53801949e-07 
 3.48100000e-04  1.69790195e-07 
 3.48200000e-04  1.69602058e-07 
 3.48300000e-04  1.69520016e-07 
 3.48400000e-04  1.69445470e-07 
 3.48500000e-04  1.69392729e-07 
 3.48600000e-04  1.56830759e-07 
 3.48700000e-04  1.56457742e-07 
 3.48800000e-04  1.56267039e-07 
 3.48900000e-04  1.56129136e-07 
 3.49000000e-04  1.56045623e-07 
 3.49100000e-04  1.69547067e-07 
 3.49200000e-04  1.69326748e-07 
 3.49300000e-04  1.69246283e-07 
 3.49400000e-04  1.69175537e-07 
 3.49500000e-04  1.69132943e-07 
 3.49600000e-04  1.55319632e-07 
 3.49700000e-04  1.54892882e-07 
 3.49800000e-04  1.54675873e-07 
 3.49900000e-04  1.54510532e-07 
 3.50000000e-04  1.54398412e-07 
 3.50100000e-04  1.71448293e-07 
 3.50200000e-04  1.71049665e-07 
 3.50300000e-04  1.70913338e-07 
 3.50400000e-04  1.70794624e-07 
 3.50500000e-04  1.70748854e-07 
 3.50600000e-04  1.60745215e-07 
 3.50700000e-04  1.60371317e-07 
 3.50800000e-04  1.60187743e-07 
 3.50900000e-04  1.60066299e-07 
 3.51000000e-04  1.60008868e-07 
 3.51100000e-04  1.69150931e-07 
 3.51200000e-04  1.68836410e-07 
 3.51300000e-04  1.68735702e-07 
 3.51400000e-04  1.68649806e-07 
 3.51500000e-04  1.68610658e-07 
 3.51600000e-04  1.54861980e-07 
 3.51700000e-04  1.54364977e-07 
 3.51800000e-04  1.54113539e-07 
 3.51900000e-04  1.53930643e-07 
 3.52000000e-04  1.53818380e-07 
 3.52100000e-04  1.69804045e-07 
 3.52200000e-04  1.69600999e-07 
 3.52300000e-04  1.69517879e-07 
 3.52400000e-04  1.69444104e-07 
 3.52500000e-04  1.69397943e-07 
 3.52600000e-04  1.56834215e-07 
 3.52700000e-04  1.56468610e-07 
 3.52800000e-04  1.56272080e-07 
 3.52900000e-04  1.56129931e-07 
 3.53000000e-04  1.56043797e-07 
 3.53100000e-04  1.69563605e-07 
 3.53200000e-04  1.69322315e-07 
 3.53300000e-04  1.69240497e-07 
 3.53400000e-04  1.69170925e-07 
 3.53500000e-04  1.69151779e-07 
 3.53600000e-04  1.55315831e-07 
 3.53700000e-04  1.54917163e-07 
 3.53800000e-04  1.54686157e-07 
 3.53900000e-04  1.54506933e-07 
 3.54000000e-04  1.54381047e-07 
 3.54100000e-04  1.70931057e-07 
 3.54200000e-04  1.70622812e-07 
 3.54300000e-04  1.70516520e-07 
 3.54400000e-04  1.70424554e-07 
 3.54500000e-04  1.70369234e-07 
 3.54600000e-04  1.59080395e-07 
 3.54700000e-04  1.58710335e-07 
 3.54800000e-04  1.58521174e-07 
 3.54900000e-04  1.58392464e-07 
 3.55000000e-04  1.58326030e-07 
 3.55100000e-04  1.69630472e-07 
 3.55200000e-04  1.69381556e-07 
 3.55300000e-04  1.69285458e-07 
 3.55400000e-04  1.69198957e-07 
 3.55500000e-04  1.69160770e-07 
 3.55600000e-04  1.55375404e-07 
 3.55700000e-04  1.54930299e-07 
 3.55800000e-04  1.54691453e-07 
 3.55900000e-04  1.54511571e-07 
 3.56000000e-04  1.54392433e-07 
 3.56100000e-04  1.70399233e-07 
 3.56200000e-04  1.70212661e-07 
 3.56300000e-04  1.70135713e-07 
 3.56400000e-04  1.70066300e-07 
 3.56500000e-04  1.70003829e-07 
 3.56600000e-04  1.57431473e-07 
 3.56700000e-04  1.57052705e-07 
 3.56800000e-04  1.56858498e-07 
 3.56900000e-04  1.56722555e-07 
 3.57000000e-04  1.56646635e-07 
 3.57100000e-04  1.70180143e-07 
 3.57200000e-04  1.69934802e-07 
 3.57300000e-04  1.69858623e-07 
 3.57400000e-04  1.69795107e-07 
 3.57500000e-04  1.69768285e-07 
 3.57600000e-04  1.55919481e-07 
 3.57700000e-04  1.55502709e-07 
 3.57800000e-04  1.55275411e-07 
 3.57900000e-04  1.55100469e-07 
 3.58000000e-04  1.54979451e-07 
 3.58100000e-04  1.73135433e-07 
 3.58200000e-04  1.72522603e-07 
 3.58300000e-04  1.72330975e-07 
 3.58400000e-04  1.72166862e-07 
 3.58500000e-04  1.72082945e-07 
 3.58600000e-04  1.64650821e-07 
 3.58700000e-04  1.64295198e-07 
 3.58800000e-04  1.64104247e-07 
 3.58900000e-04  1.63997128e-07 
 3.59000000e-04  1.63976406e-07 
 3.59100000e-04  1.69444097e-07 
 3.59200000e-04  1.68636729e-07 
 3.59300000e-04  1.68393833e-07 
 3.59400000e-04  1.68189502e-07 
 3.59500000e-04  1.68098201e-07 
 3.59600000e-04  1.54448650e-07 
 3.59700000e-04  1.53865891e-07 
 3.59800000e-04  1.53591926e-07 
 3.59900000e-04  1.53382537e-07 
 3.60000000e-04  1.53239684e-07 
 3.60100000e-04  1.69233830e-07 
 3.60200000e-04  1.69045518e-07 
 3.60300000e-04  1.68952688e-07 
 3.60400000e-04  1.68866653e-07 
 3.60500000e-04  1.68821845e-07 
 3.60600000e-04  1.56272974e-07 
 3.60700000e-04  1.55884864e-07 
 3.60800000e-04  1.55693376e-07 
 3.60900000e-04  1.55553420e-07 
 3.61000000e-04  1.55466537e-07 
 3.61100000e-04  1.68946824e-07 
 3.61200000e-04  1.68727474e-07 
 3.61300000e-04  1.68649712e-07 
 3.61400000e-04  1.68581881e-07 
 3.61500000e-04  1.68555149e-07 
 3.61600000e-04  1.54742734e-07 
 3.61700000e-04  1.54329203e-07 
 3.61800000e-04  1.54099186e-07 
 3.61900000e-04  1.53924886e-07 
 3.62000000e-04  1.53807976e-07 
 3.62100000e-04  1.70326488e-07 
 3.62200000e-04  1.70030300e-07 
 3.62300000e-04  1.69910002e-07 
 3.62400000e-04  1.69801532e-07 
 3.62500000e-04  1.69762757e-07 
 3.62600000e-04  1.58509595e-07 
 3.62700000e-04  1.58138096e-07 
 3.62800000e-04  1.57934924e-07 
 3.62900000e-04  1.57797672e-07 
 3.63000000e-04  1.57728332e-07 
 3.63100000e-04  1.69016020e-07 
 3.63200000e-04  1.68754578e-07 
 3.63300000e-04  1.68668641e-07 
 3.63400000e-04  1.68594613e-07 
 3.63500000e-04  1.68567645e-07 
 3.63600000e-04  1.54803160e-07 
 3.63700000e-04  1.54344492e-07 
 3.63800000e-04  1.54099435e-07 
 3.63900000e-04  1.53916159e-07 
 3.64000000e-04  1.53796528e-07 
 3.64100000e-04  1.69783246e-07 
 3.64200000e-04  1.69613379e-07 
 3.64300000e-04  1.69521649e-07 
 3.64400000e-04  1.69434859e-07 
 3.64500000e-04  1.69389598e-07 
 3.64600000e-04  1.56838148e-07 
 3.64700000e-04  1.56461449e-07 
 3.64800000e-04  1.56259588e-07 
 3.64900000e-04  1.56125577e-07 
 3.65000000e-04  1.56061466e-07 
 3.65100000e-04  1.69539790e-07 
 3.65200000e-04  1.69319376e-07 
 3.65300000e-04  1.69240720e-07 
 3.65400000e-04  1.69171841e-07 
 3.65500000e-04  1.69149550e-07 
 3.65600000e-04  1.55331218e-07 
 3.65700000e-04  1.54896017e-07 
 3.65800000e-04  1.54674842e-07 
 3.65900000e-04  1.54507300e-07 
 3.66000000e-04  1.54394987e-07 
 3.66100000e-04  1.71450448e-07 
 3.66200000e-04  1.71051063e-07 
 3.66300000e-04  1.70915702e-07 
 3.66400000e-04  1.70797829e-07 
 3.66500000e-04  1.70732397e-07 
 3.66600000e-04  1.60743218e-07 
 3.66700000e-04  1.60369074e-07 
 3.66800000e-04  1.60183709e-07 
 3.66900000e-04  1.60059862e-07 
 3.67000000e-04  1.59999384e-07 
 3.67100000e-04  1.69142580e-07 
 3.67200000e-04  1.68845287e-07 
 3.67300000e-04  1.68740754e-07 
 3.67400000e-04  1.68649083e-07 
 3.67500000e-04  1.68607188e-07 
 3.67600000e-04  1.54870154e-07 
 3.67700000e-04  1.54352105e-07 
 3.67800000e-04  1.54104023e-07 
 3.67900000e-04  1.53922483e-07 
 3.68000000e-04  1.53809495e-07 
 3.68100000e-04  1.69810498e-07 
 3.68200000e-04  1.69629333e-07 
 3.68300000e-04  1.69544495e-07 
 3.68400000e-04  1.69466178e-07 
 3.68500000e-04  1.69422140e-07 
 3.68600000e-04  1.56850648e-07 
 3.68700000e-04  1.56470139e-07 
 3.68800000e-04  1.56267749e-07 
 3.68900000e-04  1.56125671e-07 
 3.69000000e-04  1.56045710e-07 
 3.69100000e-04  1.69549554e-07 
 3.69200000e-04  1.69328867e-07 
 3.69300000e-04  1.69244658e-07 
 3.69400000e-04  1.69170021e-07 
 3.69500000e-04  1.69140451e-07 
 3.69600000e-04  1.55322024e-07 
 3.69700000e-04  1.54913390e-07 
 3.69800000e-04  1.54678591e-07 
 3.69900000e-04  1.54505121e-07 
 3.70000000e-04  1.54394824e-07 
 3.70100000e-04  1.70927610e-07 
 3.70200000e-04  1.70638968e-07 
 3.70300000e-04  1.70530242e-07 
 3.70400000e-04  1.70433280e-07 
 3.70500000e-04  1.70381320e-07 
 3.70600000e-04  1.59097404e-07 
 3.70700000e-04  1.58725621e-07 
 3.70800000e-04  1.58534291e-07 
 3.70900000e-04  1.58402321e-07 
 3.71000000e-04  1.58331487e-07 
 3.71100000e-04  1.69632980e-07 
 3.71200000e-04  1.69371385e-07 
 3.71300000e-04  1.69286759e-07 
 3.71400000e-04  1.69213923e-07 
 3.71500000e-04  1.69162490e-07 
 3.71600000e-04  1.55383214e-07 
 3.71700000e-04  1.54931214e-07 
 3.71800000e-04  1.54691255e-07 
 3.71900000e-04  1.54512191e-07 
 3.72000000e-04  1.54395849e-07 
 3.72100000e-04  1.70417869e-07 
 3.72200000e-04  1.70228503e-07 
 3.72300000e-04  1.70143534e-07 
 3.72400000e-04  1.70066060e-07 
 3.72500000e-04  1.70016435e-07 
 3.72600000e-04  1.57429789e-07 
 3.72700000e-04  1.57056971e-07 
 3.72800000e-04  1.56853266e-07 
 3.72900000e-04  1.56715712e-07 
 3.73000000e-04  1.56646305e-07 
 3.73100000e-04  1.70176529e-07 
 3.73200000e-04  1.69938371e-07 
 3.73300000e-04  1.69860840e-07 
 3.73400000e-04  1.69794964e-07 
 3.73500000e-04  1.69749425e-07 
 3.73600000e-04  1.55914823e-07 
 3.73700000e-04  1.55491033e-07 
 3.73800000e-04  1.55262351e-07 
 3.73900000e-04  1.55096275e-07 
 3.74000000e-04  1.54994684e-07 
 3.74100000e-04  1.72608507e-07 
 3.74200000e-04  1.72092773e-07 
 3.74300000e-04  1.71929743e-07 
 3.74400000e-04  1.71790238e-07 
 3.74500000e-04  1.71719044e-07 
 3.74600000e-04  1.63011102e-07 
 3.74700000e-04  1.62620822e-07 
 3.74800000e-04  1.62440117e-07 
 3.74900000e-04  1.62324345e-07 
 3.75000000e-04  1.62275459e-07 
 3.75100000e-04  1.69425316e-07 
 3.75200000e-04  1.69023016e-07 
 3.75300000e-04  1.68876106e-07 
 3.75400000e-04  1.68746506e-07 
 3.75500000e-04  1.68677900e-07 
 3.75600000e-04  1.54977235e-07 
 3.75700000e-04  1.54413046e-07 
 3.75800000e-04  1.54161938e-07 
 3.75900000e-04  1.53972317e-07 
 3.76000000e-04  1.53846026e-07 
 3.76100000e-04  1.69840507e-07 
 3.76200000e-04  1.69645974e-07 
 3.76300000e-04  1.69552146e-07 
 3.76400000e-04  1.69465557e-07 
 3.76500000e-04  1.69419005e-07 
 3.76600000e-04  1.56865603e-07 
 3.76700000e-04  1.56477620e-07 
 3.76800000e-04  1.56285509e-07 
 3.76900000e-04  1.56149871e-07 
 3.77000000e-04  1.56072389e-07 
 3.77100000e-04  1.69583655e-07 
 3.77200000e-04  1.69341323e-07 
 3.77300000e-04  1.69252895e-07 
 3.77400000e-04  1.69175934e-07 
 3.77500000e-04  1.69146516e-07 
 3.77600000e-04  1.55333755e-07 
 3.77700000e-04  1.54904457e-07 
 3.77800000e-04  1.54687341e-07 
 3.77900000e-04  1.54519437e-07 
 3.78000000e-04  1.54402196e-07 
 3.78100000e-04  1.70933940e-07 
 3.78200000e-04  1.70634158e-07 
 3.78300000e-04  1.70526921e-07 
 3.78400000e-04  1.70433036e-07 
 3.78500000e-04  1.70379538e-07 
 3.78600000e-04  1.59094049e-07 
 3.78700000e-04  1.58732184e-07 
 3.78800000e-04  1.58530138e-07 
 3.78900000e-04  1.58396734e-07 
 3.79000000e-04  1.58334034e-07 
 3.79100000e-04  1.69633416e-07 
 3.79200000e-04  1.69371986e-07 
 3.79300000e-04  1.69279704e-07 
 3.79400000e-04  1.69198779e-07 
 3.79500000e-04  1.69179739e-07 
 3.79600000e-04  1.55373649e-07 
 3.79700000e-04  1.54915050e-07 
 3.79800000e-04  1.54677688e-07 
 3.79900000e-04  1.54505123e-07 
 3.80000000e-04  1.54399297e-07 
 3.80100000e-04  1.70419462e-07 
 3.80200000e-04  1.70220265e-07 
 3.80300000e-04  1.70135282e-07 
 3.80400000e-04  1.70058788e-07 
 3.80500000e-04  1.70021186e-07 
 3.80600000e-04  1.57418832e-07 
 3.80700000e-04  1.57040869e-07 
 3.80800000e-04  1.56852753e-07 
 3.80900000e-04  1.56715665e-07 
 3.81000000e-04  1.56631113e-07 
 3.81100000e-04  1.70169444e-07 
 3.81200000e-04  1.69948221e-07 
 3.81300000e-04  1.69867177e-07 
 3.81400000e-04  1.69795731e-07 
 3.81500000e-04  1.69752759e-07 
 3.81600000e-04  1.55901556e-07 
 3.81700000e-04  1.55489200e-07 
 3.81800000e-04  1.55269469e-07 
 3.81900000e-04  1.55100263e-07 
 3.82000000e-04  1.54983070e-07 
 3.82100000e-04  1.72076344e-07 
 3.82200000e-04  1.71685864e-07 
 3.82300000e-04  1.71542647e-07 
 3.82400000e-04  1.71415486e-07 
 3.82500000e-04  1.71355948e-07 
 3.82600000e-04  1.61348810e-07 
 3.82700000e-04  1.60959599e-07 
 3.82800000e-04  1.60788386e-07 
 3.82900000e-04  1.60668247e-07 
 3.83000000e-04  1.60600692e-07 
 3.83100000e-04  1.69761925e-07 
 3.83200000e-04  1.69459407e-07 
 3.83300000e-04  1.69349080e-07 
 3.83400000e-04  1.69251565e-07 
 3.83500000e-04  1.69215701e-07 
 3.83600000e-04  1.55449302e-07 
 3.83700000e-04  1.54946820e-07 
 3.83800000e-04  1.54705979e-07 
 3.83900000e-04  1.54525254e-07 
 3.84000000e-04  1.54406434e-07 
 3.84100000e-04  1.70422026e-07 
 3.84200000e-04  1.70247098e-07 
 3.84300000e-04  1.70160420e-07 
 3.84400000e-04  1.70079247e-07 
 3.84500000e-04  1.70031135e-07 
 3.84600000e-04  1.57434191e-07 
 3.84700000e-04  1.57058672e-07 
 3.84800000e-04  1.56862473e-07 
 3.84900000e-04  1.56726072e-07 
 3.85000000e-04  1.56651250e-07 
 3.85100000e-04  1.70182994e-07 
 3.85200000e-04  1.69957761e-07 
 3.85300000e-04  1.69868098e-07 
 3.85400000e-04  1.69787941e-07 
 3.85500000e-04  1.69762941e-07 
 3.85600000e-04  1.55925473e-07 
 3.85700000e-04  1.55494164e-07 
 3.85800000e-04  1.55281894e-07 
 3.85900000e-04  1.55111672e-07 
 3.86000000e-04  1.54984711e-07 
 3.86100000e-04  1.71555510e-07 
 3.86200000e-04  1.71260807e-07 
 3.86300000e-04  1.71143408e-07 
 3.86400000e-04  1.71037744e-07 
 3.86500000e-04  1.71005208e-07 
 3.86600000e-04  1.59669830e-07 
 3.86700000e-04  1.59298626e-07 
 3.86800000e-04  1.59119661e-07 
 3.86900000e-04  1.58999797e-07 
 3.87000000e-04  1.58940791e-07 
 3.87100000e-04  1.70262503e-07 
 3.87200000e-04  1.69990898e-07 
 3.87300000e-04  1.69899671e-07 
 3.87400000e-04  1.69820778e-07 
 3.87500000e-04  1.69783557e-07 
 3.87600000e-04  1.55975278e-07 
 3.87700000e-04  1.55513031e-07 
 3.87800000e-04  1.55282837e-07 
 3.87900000e-04  1.55111757e-07 
 3.88000000e-04  1.55001546e-07 
 3.88100000e-04  1.71029454e-07 
 3.88200000e-04  1.70841340e-07 
 3.88300000e-04  1.70754823e-07 
 3.88400000e-04  1.70675429e-07 
 3.88500000e-04  1.70625530e-07 
 3.88600000e-04  1.58001073e-07 
 3.88700000e-04  1.57651763e-07 
 3.88800000e-04  1.57447476e-07 
 3.88900000e-04  1.57310650e-07 
 3.89000000e-04  1.57243303e-07 
 3.89100000e-04  1.70793083e-07 
 3.89200000e-04  1.70569584e-07 
 3.89300000e-04  1.70485849e-07 
 3.89400000e-04  1.70411711e-07 
 3.89500000e-04  1.70380478e-07 
 3.89600000e-04  1.56503884e-07 
 3.89700000e-04  1.56081541e-07 
 3.89800000e-04  1.55851563e-07 
 3.89900000e-04  1.55684970e-07 
 3.90000000e-04  1.55583649e-07 
 3.90100000e-04  1.74833277e-07 
 3.90200000e-04  1.73993036e-07 
 3.90300000e-04  1.73738820e-07 
 3.90400000e-04  1.73523330e-07 
 3.90500000e-04  1.73424351e-07 
 3.90600000e-04  1.68578639e-07 
 3.90700000e-04  1.68197157e-07 
 3.90800000e-04  1.68027793e-07 
 3.90900000e-04  1.67937761e-07 
 3.91000000e-04  1.67929453e-07 
 3.91100000e-04  1.69025071e-07 
 3.91200000e-04  1.68061526e-07 
 3.91300000e-04  1.67802686e-07 
 3.91400000e-04  1.67588136e-07 
 3.91500000e-04  1.67504464e-07 
 3.91600000e-04  1.53956683e-07 
 3.91700000e-04  1.53259584e-07 
 3.91800000e-04  1.52986814e-07 
 3.91900000e-04  1.52781547e-07 
 3.92000000e-04  1.52645800e-07 
 3.92100000e-04  1.68608013e-07 
 3.92200000e-04  1.68426469e-07 
 3.92300000e-04  1.68336174e-07 
 3.92400000e-04  1.68252032e-07 
 3.92500000e-04  1.68210977e-07 
 3.92600000e-04  1.55676508e-07 
 3.92700000e-04  1.55292498e-07 
 3.92800000e-04  1.55093733e-07 
 3.92900000e-04  1.54953972e-07 
 3.93000000e-04  1.54874961e-07 
 3.93100000e-04  1.68328369e-07 
 3.93200000e-04  1.68108214e-07 
 3.93300000e-04  1.68028183e-07 
 3.93400000e-04  1.67958001e-07 
 3.93500000e-04  1.67922547e-07 
 3.93600000e-04  1.54155365e-07 
 3.93700000e-04  1.53730646e-07 
 3.93800000e-04  1.53497259e-07 
 3.93900000e-04  1.53321130e-07 
 3.94000000e-04  1.53203942e-07 
 3.94100000e-04  1.69694769e-07 
 3.94200000e-04  1.69400395e-07 
 3.94300000e-04  1.69295045e-07 
 3.94400000e-04  1.69202838e-07 
 3.94500000e-04  1.69143645e-07 
 3.94600000e-04  1.57915807e-07 
 3.94700000e-04  1.57547114e-07 
 3.94800000e-04  1.57341991e-07 
 3.94900000e-04  1.57209124e-07 
 3.95000000e-04  1.57150676e-07 
 3.95100000e-04  1.68386910e-07 
 3.95200000e-04  1.68127946e-07 
 3.95300000e-04  1.68038648e-07 
 3.95400000e-04  1.67960496e-07 
 3.95500000e-04  1.67936780e-07 
 3.95600000e-04  1.54203244e-07 
 3.95700000e-04  1.53737215e-07 
 3.95800000e-04  1.53507318e-07 
 3.95900000e-04  1.53330075e-07 
 3.96000000e-04  1.53207029e-07 
 3.96100000e-04  1.69154414e-07 
 3.96200000e-04  1.68974955e-07 
 3.96300000e-04  1.68897948e-07 
 3.96400000e-04  1.68827943e-07 
 3.96500000e-04  1.68788102e-07 
 3.96600000e-04  1.56250238e-07 
 3.96700000e-04  1.55873340e-07 
 3.96800000e-04  1.55672797e-07 
 3.96900000e-04  1.55530621e-07 
 3.97000000e-04  1.55448532e-07 
 3.97100000e-04  1.68925568e-07 
 3.97200000e-04  1.68696662e-07 
 3.97300000e-04  1.68618243e-07 
 3.97400000e-04  1.68550884e-07 
 3.97500000e-04  1.68515478e-07 
 3.97600000e-04  1.54743754e-07 
 3.97700000e-04  1.54325127e-07 
 3.97800000e-04  1.54076914e-07 
 3.97900000e-04  1.53893338e-07 
 3.98000000e-04  1.53776316e-07 
 3.98100000e-04  1.70837207e-07 
 3.98200000e-04  1.70432345e-07 
 3.98300000e-04  1.70294912e-07 
 3.98400000e-04  1.70175592e-07 
 3.98500000e-04  1.70123140e-07 
 3.98600000e-04  1.60156401e-07 
 3.98700000e-04  1.59780093e-07 
 3.98800000e-04  1.59599379e-07 
 3.98900000e-04  1.59477280e-07 
 3.99000000e-04  1.59415523e-07 
 3.99100000e-04  1.68501163e-07 
 3.99200000e-04  1.68211838e-07 
 3.99300000e-04  1.68114575e-07 
 3.99400000e-04  1.68029616e-07 
 3.99500000e-04  1.67971805e-07 
 3.99600000e-04  1.54270797e-07 
 3.99700000e-04  1.53769830e-07 
 3.99800000e-04  1.53526607e-07 
 3.99900000e-04  1.53339775e-07 
 4.00000000e-04  1.53210992e-07 
 4.00100000e-04  1.69175593e-07 
 4.00200000e-04  1.68994758e-07 
 4.00300000e-04  1.68911126e-07 
 4.00400000e-04  1.68834283e-07 
 4.00500000e-04  1.68796093e-07 
 4.00600000e-04  1.56250069e-07 
 4.00700000e-04  1.55881215e-07 
 4.00800000e-04  1.55679930e-07 
 4.00900000e-04  1.55537348e-07 
 4.01000000e-04  1.55455201e-07 
 4.01100000e-04  1.68922097e-07 
 4.01200000e-04  1.68698768e-07 
 4.01300000e-04  1.68625650e-07 
 4.01400000e-04  1.68563426e-07 
 4.01500000e-04  1.68517406e-07 
 4.01600000e-04  1.54733174e-07 
 4.01700000e-04  1.54330302e-07 
 4.01800000e-04  1.54093403e-07 
 4.01900000e-04  1.53914150e-07 
 4.02000000e-04  1.53794238e-07 
 4.02100000e-04  1.70295107e-07 
 4.02200000e-04  1.70016081e-07 
 4.02300000e-04  1.69906283e-07 
 4.02400000e-04  1.69807285e-07 
 4.02500000e-04  1.69746413e-07 
 4.02600000e-04  1.58486695e-07 
 4.02700000e-04  1.58113911e-07 
 4.02800000e-04  1.57924658e-07 
 4.02900000e-04  1.57792414e-07 
 4.03000000e-04  1.57718851e-07 
 4.03100000e-04  1.69009508e-07 
 4.03200000e-04  1.68753875e-07 
 4.03300000e-04  1.68663542e-07 
 4.03400000e-04  1.68584071e-07 
 4.03500000e-04  1.68548743e-07 
 4.03600000e-04  1.54796174e-07 
 4.03700000e-04  1.54326341e-07 
 4.03800000e-04  1.54088124e-07 
 4.03900000e-04  1.53911517e-07 
 4.04000000e-04  1.53798336e-07 
 4.04100000e-04  1.69772354e-07 
 4.04200000e-04  1.69591099e-07 
 4.04300000e-04  1.69511606e-07 
 4.04400000e-04  1.69439331e-07 
 4.04500000e-04  1.69402096e-07 
 4.04600000e-04  1.56821137e-07 
 4.04700000e-04  1.56460186e-07 
 4.04800000e-04  1.56263553e-07 
 4.04900000e-04  1.56126403e-07 
 4.05000000e-04  1.56050479e-07 
 4.05100000e-04  1.69549952e-07 
 4.05200000e-04  1.69321115e-07 
 4.05300000e-04  1.69243339e-07 
 4.05400000e-04  1.69176517e-07 
 4.05500000e-04  1.69127370e-07 
 4.05600000e-04  1.55325339e-07 
 4.05700000e-04  1.54907365e-07 
 4.05800000e-04  1.54670421e-07 
 4.05900000e-04  1.54497660e-07 
 4.06000000e-04  1.54390982e-07 
 4.06100000e-04  1.71983585e-07 
 4.06200000e-04  1.71475908e-07 
 4.06300000e-04  1.71307098e-07 
 4.06400000e-04  1.71160703e-07 
 4.06500000e-04  1.71099165e-07 
 4.06600000e-04  1.62409690e-07 
 4.06700000e-04  1.62023211e-07 
 4.06800000e-04  1.61840218e-07 
 4.06900000e-04  1.61730931e-07 
 4.07000000e-04  1.61697550e-07 
 4.07100000e-04  1.68806902e-07 
 4.07200000e-04  1.68394762e-07 
 4.07300000e-04  1.68252669e-07 
 4.07400000e-04  1.68129678e-07 
 4.07500000e-04  1.68069778e-07 
 4.07600000e-04  1.54372119e-07 
 4.07700000e-04  1.53838475e-07 
 4.07800000e-04  1.53563335e-07 
 4.07900000e-04  1.53364823e-07 
 4.08000000e-04  1.53245228e-07 
 4.08100000e-04  1.69210669e-07 
 4.08200000e-04  1.69019607e-07 
 4.08300000e-04  1.68937355e-07 
 4.08400000e-04  1.68862952e-07 
 4.08500000e-04  1.68803469e-07 
 4.08600000e-04  1.56266335e-07 
 4.08700000e-04  1.55887687e-07 
 4.08800000e-04  1.55688147e-07 
 4.08900000e-04  1.55545352e-07 
 4.09000000e-04  1.55460960e-07 
 4.09100000e-04  1.68935455e-07 
 4.09200000e-04  1.68712534e-07 
 4.09300000e-04  1.68631565e-07 
 4.09400000e-04  1.68560554e-07 
 4.09500000e-04  1.68535616e-07 
 4.09600000e-04  1.54729644e-07 
 4.09700000e-04  1.54333693e-07 
 4.09800000e-04  1.54100498e-07 
 4.09900000e-04  1.53923021e-07 
 4.10000000e-04  1.53802890e-07 
 4.10100000e-04  1.70308923e-07 
 4.10200000e-04  1.70024913e-07 
 4.10300000e-04  1.69914107e-07 
 4.10400000e-04  1.69814937e-07 
 4.10500000e-04  1.69766126e-07 
 4.10600000e-04  1.58510839e-07 
 4.10700000e-04  1.58122970e-07 
 4.10800000e-04  1.57935537e-07 
 4.10900000e-04  1.57801246e-07 
 4.11000000e-04  1.57721640e-07 
 4.11100000e-04  1.69011442e-07 
 4.11200000e-04  1.68761172e-07 
 4.11300000e-04  1.68668125e-07 
 4.11400000e-04  1.68585324e-07 
 4.11500000e-04  1.68555429e-07 
 4.11600000e-04  1.54789336e-07 
 4.11700000e-04  1.54317805e-07 
 4.11800000e-04  1.54093538e-07 
 4.11900000e-04  1.53914752e-07 
 4.12000000e-04  1.53782601e-07 
 4.12100000e-04  1.71725170e-07 
 4.12200000e-04  1.71175309e-07 
 4.12300000e-04  1.70994898e-07 
 4.12400000e-04  1.70917741e-07 
 4.12500000e-04  1.70873949e-07 
 4.12600000e-04  1.57850996e-07 
 4.12700000e-04  1.57321085e-07 
 4.12800000e-04  1.57068451e-07 
 4.12900000e-04  1.56886078e-07 
 4.13000000e-04  1.56775322e-07 
 4.13100000e-04  1.03756472e-04 
 4.13200000e-04  1.03756063e-04 
 4.13300000e-04  1.03755940e-04 
 4.13400000e-04  1.03755837e-04 
 4.13500000e-04  1.03755780e-04 
 4.13600000e-04  1.03742000e-04 
 4.13700000e-04  1.03741539e-04 
 4.13800000e-04  1.03741311e-04 
 4.13900000e-04  1.03741140e-04 
 4.14000000e-04  1.03741027e-04 
 4.14100000e-04  1.72606937e-07 
 4.14200000e-04  1.72161146e-07 
 4.14300000e-04  1.72016356e-07 
 4.14400000e-04  1.71891956e-07 
 4.14500000e-04  1.71827910e-07 
 4.14600000e-04  1.61855469e-07 
 4.14700000e-04  1.61460317e-07 
 4.14800000e-04  1.61274139e-07 
 4.14900000e-04  1.61151066e-07 
 4.15000000e-04  1.61092952e-07 
 4.15100000e-04  1.70271728e-07 
 4.15200000e-04  1.69977094e-07 
 4.15300000e-04  1.69867159e-07 
 4.15400000e-04  1.69769159e-07 
 4.15500000e-04  1.69739454e-07 
 4.15600000e-04  1.55942297e-07 
 4.15700000e-04  1.55440479e-07 
 4.15800000e-04  1.55197243e-07 
 4.15900000e-04  1.55013975e-07 
 4.16000000e-04  1.54892426e-07 
 4.16100000e-04  1.70956175e-07 
 4.16200000e-04  1.70749625e-07 
 4.16300000e-04  1.70663760e-07 
 4.16400000e-04  1.70586976e-07 
 4.16500000e-04  1.70550519e-07 
 4.16600000e-04  1.57898379e-07 
 4.16700000e-04  1.57558768e-07 
 4.16800000e-04  1.57360429e-07 
 4.16900000e-04  1.57225658e-07 
 4.17000000e-04  1.57156322e-07 
 4.17100000e-04  1.70697333e-07 
 4.17200000e-04  1.70470076e-07 
 4.17300000e-04  1.70380922e-07 
 4.17400000e-04  1.70301491e-07 
 4.17500000e-04  1.70283080e-07 
 4.17600000e-04  1.56397626e-07 
 4.17700000e-04  1.55984694e-07 
 4.17800000e-04  1.55764776e-07 
 4.17900000e-04  1.55593516e-07 
 4.18000000e-04  1.55472307e-07 
 4.18100000e-04  1.72078215e-07 
 4.18200000e-04  1.71774053e-07 
 4.18300000e-04  1.71658784e-07 
 4.18400000e-04  1.71556393e-07 
 4.18500000e-04  1.71499652e-07 
 4.18600000e-04  1.60157243e-07 
 4.18700000e-04  1.59799699e-07 
 4.18800000e-04  1.59615133e-07 
 4.18900000e-04  1.59484628e-07 
 4.19000000e-04  1.59409751e-07 
 4.19100000e-04  1.70776305e-07 
 4.19200000e-04  1.70529637e-07 
 4.19300000e-04  1.70424186e-07 
 4.19400000e-04  1.70327247e-07 
 4.19500000e-04  1.70290628e-07 
 4.19600000e-04  1.56453570e-07 
 4.19700000e-04  1.55999927e-07 
 4.19800000e-04  1.55764876e-07 
 4.19900000e-04  1.55593473e-07 
 4.20000000e-04  1.55487580e-07 
 4.20100000e-04  1.71547367e-07 
 4.20200000e-04  1.71355381e-07 
 4.20300000e-04  1.71269453e-07 
 4.20400000e-04  1.71190975e-07 
 4.20500000e-04  1.71155647e-07 
 4.20600000e-04  1.58476313e-07 
 4.20700000e-04  1.58120760e-07 
 4.20800000e-04  1.57940371e-07 
 4.20900000e-04  1.57808635e-07 
 4.21000000e-04  1.57726944e-07 
 4.21100000e-04  1.71326491e-07 
 4.21200000e-04  1.71078035e-07 
 4.21300000e-04  1.70994719e-07 
 4.21400000e-04  1.70924066e-07 
 4.21500000e-04  1.70890961e-07 
 4.21600000e-04  1.56970822e-07 
 4.21700000e-04  1.56561514e-07 
 4.21800000e-04  1.56346671e-07 
 4.21900000e-04  1.56185142e-07 
 4.22000000e-04  1.56078467e-07 
 4.22100000e-04  1.74280007e-07 
 4.22200000e-04  1.73652330e-07 
 4.22300000e-04  1.73449768e-07 
 4.22400000e-04  1.73275465e-07 
 4.22500000e-04  1.73202421e-07 
 4.22600000e-04  1.65732059e-07 
 4.22700000e-04  1.65355199e-07 
 4.22800000e-04  1.65185305e-07 
 4.22900000e-04  1.65080155e-07 
 4.23000000e-04  1.65041648e-07 
 4.23100000e-04  1.70574504e-07 
 4.23200000e-04  1.69773035e-07 
 4.23300000e-04  1.69534757e-07 
 4.23400000e-04  1.69334634e-07 
 4.23500000e-04  1.69241245e-07 
 4.23600000e-04  1.55516289e-07 
 4.23700000e-04  1.54929714e-07 
 4.23800000e-04  1.54665205e-07 
 4.23900000e-04  1.54471209e-07 
 4.24000000e-04  1.54349806e-07 
 4.24100000e-04  1.70377760e-07 
 4.24200000e-04  1.70172631e-07 
 4.24300000e-04  1.70079521e-07 
 4.24400000e-04  1.69994934e-07 
 4.24500000e-04  1.69961821e-07 
 4.24600000e-04  1.57328270e-07 
 4.24700000e-04  1.56959435e-07 
 4.24800000e-04  1.56771452e-07 
 4.24900000e-04  1.56639832e-07 
 4.25000000e-04  1.56566209e-07 
 4.25100000e-04  1.70090410e-07 
 4.25200000e-04  1.69870679e-07 
 4.25300000e-04  1.69788659e-07 
 4.25400000e-04  1.69715848e-07 
 4.25500000e-04  1.69681476e-07 
 4.25600000e-04  1.55825235e-07 
 4.25700000e-04  1.55409055e-07 
 4.25800000e-04  1.55170283e-07 
 4.25900000e-04  1.54998215e-07 
 4.26000000e-04  1.54894810e-07 
 4.26100000e-04  1.71467868e-07 
 4.26200000e-04  1.71155303e-07 
 4.26300000e-04  1.71046764e-07 
 4.26400000e-04  1.70953214e-07 
 4.26500000e-04  1.70892371e-07 
 4.26600000e-04  1.59552248e-07 
 4.26700000e-04  1.59208176e-07 
 4.26800000e-04  1.59012281e-07 
 4.26900000e-04  1.58881909e-07 
 4.27000000e-04  1.58818981e-07 
 4.27100000e-04  1.70163104e-07 
 4.27200000e-04  1.69894319e-07 
 4.27300000e-04  1.69800018e-07 
 4.27400000e-04  1.69717309e-07 
 4.27500000e-04  1.69680481e-07 
 4.27600000e-04  1.55870728e-07 
 4.27700000e-04  1.55393321e-07 
 4.27800000e-04  1.55166806e-07 
 4.27900000e-04  1.54996375e-07 
 4.28000000e-04  1.54883647e-07 
 4.28100000e-04  1.70932033e-07 
 4.28200000e-04  1.70741743e-07 
 4.28300000e-04  1.70648038e-07 
 4.28400000e-04  1.70561007e-07 
 4.28500000e-04  1.70518574e-07 
 4.28600000e-04  1.57909259e-07 
 4.28700000e-04  1.57546635e-07 
 4.28800000e-04  1.57348451e-07 
 4.28900000e-04  1.57208463e-07 
 4.29000000e-04  1.57128351e-07 
 4.29100000e-04  1.70683935e-07 
 4.29200000e-04  1.70448817e-07 
 4.29300000e-04  1.70367044e-07 
 4.29400000e-04  1.70296263e-07 
 4.29500000e-04  1.70262697e-07 
 4.29600000e-04  1.56394719e-07 
 4.29700000e-04  1.55976341e-07 
 4.29800000e-04  1.55756599e-07 
 4.29900000e-04  1.55588629e-07 
 4.30000000e-04  1.55473909e-07 
 4.30100000e-04  1.72613351e-07 
 4.30200000e-04  1.72201211e-07 
 4.30300000e-04  1.72050511e-07 
 4.30400000e-04  1.71917373e-07 
 4.30500000e-04  1.71867090e-07 
 4.30600000e-04  1.61805276e-07 
 4.30700000e-04  1.61444444e-07 
 4.30800000e-04  1.61263917e-07 
 4.30900000e-04  1.61148815e-07 
 4.31000000e-04  1.61101056e-07 
 4.31100000e-04  1.70272861e-07 
 4.31200000e-04  1.69976187e-07 
 4.31300000e-04  1.69868747e-07 
 4.31400000e-04  1.69773558e-07 
 4.31500000e-04  1.69727145e-07 
 4.31600000e-04  1.55933877e-07 
 4.31700000e-04  1.55442718e-07 
 4.31800000e-04  1.55199541e-07 
 4.31900000e-04  1.55015908e-07 
 4.32000000e-04  1.54893542e-07 
 4.32100000e-04  1.70947182e-07 
 4.32200000e-04  1.70748447e-07 
 4.32300000e-04  1.70664949e-07 
 4.32400000e-04  1.70590038e-07 
 4.32500000e-04  1.70541591e-07 
 4.32600000e-04  1.57898468e-07 
 4.32700000e-04  1.57550754e-07 
 4.32800000e-04  1.57356867e-07 
 4.32900000e-04  1.57221095e-07 
 4.33000000e-04  1.57145113e-07 
 4.33100000e-04  1.70702960e-07 
 4.33200000e-04  1.70455152e-07 
 4.33300000e-04  1.70379703e-07 
 4.33400000e-04  1.70317269e-07 
 4.33500000e-04  1.70270955e-07 
 4.33600000e-04  1.56398405e-07 
 4.33700000e-04  1.55977532e-07 
 4.33800000e-04  1.55752779e-07 
 4.33900000e-04  1.55586656e-07 
 4.34000000e-04  1.55480862e-07 
 4.34100000e-04  1.72073152e-07 
 4.34200000e-04  1.71768958e-07 
 4.34300000e-04  1.71655051e-07 
 4.34400000e-04  1.71554272e-07 
 4.34500000e-04  1.71495532e-07 
 4.34600000e-04  1.60162005e-07 
 4.34700000e-04  1.59779211e-07 
 4.34800000e-04  1.59601015e-07 
 4.34900000e-04  1.59481744e-07 
 4.35000000e-04  1.59423099e-07 
 4.35100000e-04  1.70774881e-07 
 4.35200000e-04  1.70522362e-07 
 4.35300000e-04  1.70421273e-07 
 4.35400000e-04  1.70329589e-07 
 4.35500000e-04  1.70290660e-07 
 4.35600000e-04  1.56447474e-07 
 4.35700000e-04  1.55990129e-07 
 4.35800000e-04  1.55759847e-07 
 4.35900000e-04  1.55586599e-07 
 4.36000000e-04  1.55472026e-07 
 4.36100000e-04  1.71544395e-07 
 4.36200000e-04  1.71360800e-07 
 4.36300000e-04  1.71269429e-07 
 4.36400000e-04  1.71184325e-07 
 4.36500000e-04  1.71135037e-07 
 4.36600000e-04  1.58482368e-07 
 4.36700000e-04  1.58119506e-07 
 4.36800000e-04  1.57930157e-07 
 4.36900000e-04  1.57797020e-07 
 4.37000000e-04  1.57721711e-07 
 4.37100000e-04  1.71320283e-07 
 4.37200000e-04  1.71079416e-07 
 4.37300000e-04  1.70992493e-07 
 4.37400000e-04  1.70916663e-07 
 4.37500000e-04  1.70888344e-07 
 4.37600000e-04  1.56963866e-07 
 4.37700000e-04  1.56570822e-07 
 4.37800000e-04  1.56342258e-07 
 4.37900000e-04  1.56171192e-07 
 4.38000000e-04  1.56059279e-07 
 4.38100000e-04  1.73752019e-07 
 4.38200000e-04  1.73230950e-07 
 4.38300000e-04  1.73058581e-07 
 4.38400000e-04  1.72909370e-07 
 4.38500000e-04  1.72837863e-07 
 4.38600000e-04  1.64058257e-07 
 4.38700000e-04  1.63689337e-07 
 4.38800000e-04  1.63525448e-07 
 4.38900000e-04  1.63416529e-07 
 4.39000000e-04  1.63364156e-07 
 4.39100000e-04  1.70566671e-07 
 4.39200000e-04  1.70161415e-07 
 4.39300000e-04  1.70013400e-07 
 4.39400000e-04  1.69882947e-07 
 4.39500000e-04  1.69811160e-07 
 4.39600000e-04  1.56031514e-07 
 4.39700000e-04  1.55500662e-07 
 4.39800000e-04  1.55236079e-07 
 4.39900000e-04  1.55040477e-07 
 4.40000000e-04  1.54915867e-07 
 4.40100000e-04  1.70974666e-07 
 4.40200000e-04  1.70782856e-07 
 4.40300000e-04  1.70687893e-07 
 4.40400000e-04  1.70599533e-07 
 4.40500000e-04  1.70546245e-07 
 4.40600000e-04  1.57922229e-07 
 4.40700000e-04  1.57558646e-07 
 4.40800000e-04  1.57358755e-07 
 4.40900000e-04  1.57224460e-07 
 4.41000000e-04  1.57157675e-07 
 4.41100000e-04  1.70710018e-07 
 4.41200000e-04  1.70485128e-07 
 4.41300000e-04  1.70393174e-07 
 4.41400000e-04  1.70310398e-07 
 4.41500000e-04  1.70285641e-07 
 4.41600000e-04  1.56389611e-07 
 4.41700000e-04  1.55987013e-07 
 4.41800000e-04  1.55763613e-07 
 4.41900000e-04  1.55590375e-07 
 4.42000000e-04  1.55468719e-07 
 4.42100000e-04  1.72083012e-07 
 4.42200000e-04  1.71782603e-07 
 4.42300000e-04  1.71666192e-07 
 4.42400000e-04  1.71562464e-07 
 4.42500000e-04  1.71519419e-07 
 4.42600000e-04  1.60165540e-07 
 4.42700000e-04  1.59798065e-07 
 4.42800000e-04  1.59609958e-07 
 4.42900000e-04  1.59479107e-07 
 4.43000000e-04  1.59407158e-07 
 4.43100000e-04  1.70776857e-07 
 4.43200000e-04  1.70517421e-07 
 4.43300000e-04  1.70417723e-07 
 4.43400000e-04  1.70328456e-07 
 4.43500000e-04  1.70305842e-07 
 4.43600000e-04  1.56453452e-07 
 4.43700000e-04  1.55997126e-07 
 4.43800000e-04  1.55767226e-07 
 4.43900000e-04  1.55596788e-07 
 4.44000000e-04  1.55487520e-07 
 4.44100000e-04  1.71545354e-07 
 4.44200000e-04  1.71354888e-07 
 4.44300000e-04  1.71268128e-07 
 4.44400000e-04  1.71188534e-07 
 4.44500000e-04  1.71139815e-07 
 4.44600000e-04  1.58475729e-07 
 4.44700000e-04  1.58113427e-07 
 4.44800000e-04  1.57932911e-07 
 4.44900000e-04  1.57803490e-07 
 4.45000000e-04  1.57726607e-07 
 4.45100000e-04  1.71307383e-07 
 4.45200000e-04  1.71074280e-07 
 4.45300000e-04  1.70993487e-07 
 4.45400000e-04  1.70923416e-07 
 4.45500000e-04  1.70893730e-07 
 4.45600000e-04  1.56977015e-07 
 4.45700000e-04  1.56575904e-07 
 4.45800000e-04  1.56356402e-07 
 4.45900000e-04  1.56185874e-07 
 4.46000000e-04  1.56065518e-07 
 4.46100000e-04  1.75685122e-07 
 4.46200000e-04  1.74660980e-07 
 4.46300000e-04  1.74322151e-07 
 4.46400000e-04  1.74189819e-07 
 4.46500000e-04  1.74124211e-07 
 4.46600000e-04  1.63584992e-07 
 4.46700000e-04  1.63065809e-07 
 4.46800000e-04  1.62832281e-07 
 4.46900000e-04  1.62661246e-07 
 4.47000000e-04  1.62553860e-07 
 4.47100000e-04  1.03757849e-04 
 4.47200000e-04  1.03757338e-04 
 4.47300000e-04  1.03757189e-04 
 4.47400000e-04  1.03757064e-04 
 4.47500000e-04  1.03757005e-04 
 4.47600000e-04  1.03743189e-04 
 4.47700000e-04  1.03742673e-04 
 4.47800000e-04  1.03742433e-04 
 4.47900000e-04  1.03742251e-04 
 4.48000000e-04  1.03742130e-04 
 4.48100000e-04  1.72731904e-07 
 4.48200000e-04  1.72488945e-07 
 4.48300000e-04  1.72389490e-07 
 4.48400000e-04  1.72299908e-07 
 4.48500000e-04  1.72253149e-07 
 4.48600000e-04  1.59587875e-07 
 4.48700000e-04  1.59212034e-07 
 4.48800000e-04  1.59033088e-07 
 4.48900000e-04  1.58906327e-07 
 4.49000000e-04  1.58833227e-07 
 4.49100000e-04  1.72477742e-07 
 4.49200000e-04  1.72243758e-07 
 4.49300000e-04  1.72147784e-07 
 4.49400000e-04  1.72061249e-07 
 4.49500000e-04  1.72041981e-07 
 4.49600000e-04  1.58064704e-07 
 4.49700000e-04  1.57657788e-07 
 4.49800000e-04  1.57449812e-07 
 4.49900000e-04  1.57286459e-07 
 4.50000000e-04  1.57168962e-07 
 4.50100000e-04  1.73853276e-07 
 4.50200000e-04  1.73533665e-07 
 4.50300000e-04  1.73410234e-07 
 4.50400000e-04  1.73300191e-07 
 4.50500000e-04  1.73260892e-07 
 4.50600000e-04  1.61813390e-07 
 4.50700000e-04  1.61463875e-07 
 4.50800000e-04  1.61287273e-07 
 4.50900000e-04  1.61166555e-07 
 4.51000000e-04  1.61103308e-07 
 4.51100000e-04  1.72566314e-07 
 4.51200000e-04  1.72276071e-07 
 4.51300000e-04  1.72175165e-07 
 4.51400000e-04  1.72087360e-07 
 4.51500000e-04  1.72043843e-07 
 4.51600000e-04  1.58106033e-07 
 4.51700000e-04  1.57678317e-07 
 4.51800000e-04  1.57450468e-07 
 4.51900000e-04  1.57281677e-07 
 4.52000000e-04  1.57173634e-07 
 4.52100000e-04  1.73329530e-07 
 4.52200000e-04  1.73117975e-07 
 4.52300000e-04  1.73030710e-07 
 4.52400000e-04  1.72952503e-07 
 4.52500000e-04  1.72894130e-07 
 4.52600000e-04  1.60151460e-07 
 4.52700000e-04  1.59793845e-07 
 4.52800000e-04  1.59610023e-07 
 4.52900000e-04  1.59484442e-07 
 4.53000000e-04  1.59418768e-07 
 4.53100000e-04  1.73090496e-07 
 4.53200000e-04  1.72834320e-07 
 4.53300000e-04  1.72744419e-07 
 4.53400000e-04  1.72666886e-07 
 4.53500000e-04  1.72642460e-07 
 4.53600000e-04  1.58644654e-07 
 4.53700000e-04  1.58238098e-07 
 4.53800000e-04  1.58020435e-07 
 4.53900000e-04  1.57854264e-07 
 4.54000000e-04  1.57741038e-07 
 4.54100000e-04  1.76582024e-07 
 4.54200000e-04  1.75846476e-07 
 4.54300000e-04  1.75609394e-07 
 4.54400000e-04  1.75404933e-07 
 4.54500000e-04  1.75321071e-07 
 4.54600000e-04  1.69057203e-07 
 4.54700000e-04  1.68693177e-07 
 4.54800000e-04  1.68530461e-07 
 4.54900000e-04  1.68434076e-07 
 4.55000000e-04  1.68405943e-07 
 4.55100000e-04  1.71873228e-07 
 4.55200000e-04  1.70900738e-07 
 4.55300000e-04  1.70648269e-07 
 4.55400000e-04  1.70442479e-07 
 4.55500000e-04  1.70363914e-07 
 4.55600000e-04  1.56613270e-07 
 4.55700000e-04  1.56007451e-07 
 4.55800000e-04  1.55737334e-07 
 4.55900000e-04  1.55538687e-07 
 4.56000000e-04  1.55413588e-07 
 4.56100000e-04  1.71524168e-07 
 4.56200000e-04  1.71320644e-07 
 4.56300000e-04  1.71218157e-07 
 4.56400000e-04  1.71123077e-07 
 4.56500000e-04  1.71082049e-07 
 4.56600000e-04  1.58391195e-07 
 4.56700000e-04  1.58031535e-07 
 4.56800000e-04  1.57853417e-07 
 4.56900000e-04  1.57721407e-07 
 4.57000000e-04  1.57636777e-07 
 4.57100000e-04  1.71246223e-07 
 4.57200000e-04  1.71003191e-07 
 4.57300000e-04  1.70918387e-07 
 4.57400000e-04  1.70845485e-07 
 4.57500000e-04  1.70802133e-07 
 4.57600000e-04  1.56889413e-07 
 4.57700000e-04  1.56481823e-07 
 4.57800000e-04  1.56252889e-07 
 4.57900000e-04  1.56080667e-07 
 4.58000000e-04  1.55966770e-07 
 4.58100000e-04  1.72600320e-07 
 4.58200000e-04  1.72302539e-07 
 4.58300000e-04  1.72186350e-07 
 4.58400000e-04  1.72082517e-07 
 4.58500000e-04  1.72022083e-07 
 4.58600000e-04  1.60635409e-07 
 4.58700000e-04  1.60274188e-07 
 4.58800000e-04  1.60085073e-07 
 4.58900000e-04  1.59966495e-07 
 4.59000000e-04  1.59920504e-07 
 4.59100000e-04  1.71309244e-07 
 4.59200000e-04  1.71030702e-07 
 4.59300000e-04  1.70938223e-07 
 4.59400000e-04  1.70858568e-07 
 4.59500000e-04  1.70812960e-07 
 4.59600000e-04  1.56918875e-07 
 4.59700000e-04  1.56481329e-07 
 4.59800000e-04  1.56255110e-07 
 4.59900000e-04  1.56085561e-07 
 4.60000000e-04  1.55974288e-07 
 4.60100000e-04  1.72072441e-07 
 4.60200000e-04  1.71884259e-07 
 4.60300000e-04  1.71790454e-07 
 4.60400000e-04  1.71702904e-07 
 4.60500000e-04  1.71659044e-07 
 4.60600000e-04  1.58976667e-07 
 4.60700000e-04  1.58599297e-07 
 4.60800000e-04  1.58419827e-07 
 4.60900000e-04  1.58289871e-07 
 4.61000000e-04  1.58210810e-07 
 4.61100000e-04  1.71837629e-07 
 4.61200000e-04  1.71607296e-07 
 4.61300000e-04  1.71518870e-07 
 4.61400000e-04  1.71440179e-07 
 4.61500000e-04  1.71396439e-07 
 4.61600000e-04  1.57448638e-07 
 4.61700000e-04  1.57064076e-07 
 4.61800000e-04  1.56828429e-07 
 4.61900000e-04  1.56657977e-07 
 4.62000000e-04  1.56554599e-07 
 4.62100000e-04  1.73740783e-07 
 4.62200000e-04  1.73332817e-07 
 4.62300000e-04  1.73190915e-07 
 4.62400000e-04  1.73066923e-07 
 4.62500000e-04  1.73002168e-07 
 4.62600000e-04  1.62889533e-07 
 4.62700000e-04  1.62529458e-07 
 4.62800000e-04  1.62349371e-07 
 4.62900000e-04  1.62233403e-07 
 4.63000000e-04  1.62183394e-07 
 4.63100000e-04  1.71422984e-07 
 4.63200000e-04  1.71120553e-07 
 4.63300000e-04  1.71008874e-07 
 4.63400000e-04  1.70909479e-07 
 4.63500000e-04  1.70852661e-07 
 4.63600000e-04  1.57001660e-07 
 4.63700000e-04  1.56499496e-07 
 4.63800000e-04  1.56271219e-07 
 4.63900000e-04  1.56095347e-07 
 4.64000000e-04  1.55973154e-07 
 4.64100000e-04  1.74037316e-07 
 4.64200000e-04  1.73488877e-07 
 4.64300000e-04  1.73288531e-07 
 4.64400000e-04  1.73205131e-07 
 4.64500000e-04  1.73159520e-07 
 4.64600000e-04  1.59981583e-07 
 4.64700000e-04  1.59463605e-07 
 4.64800000e-04  1.59227146e-07 
 4.64900000e-04  1.59055169e-07 
 4.65000000e-04  1.58948861e-07 
 4.65100000e-04  1.03758779e-04 
 4.65200000e-04  1.03758356e-04 
 4.65300000e-04  1.03758223e-04 
 4.65400000e-04  1.03758110e-04 
 4.65500000e-04  1.03758066e-04 
 4.65600000e-04  1.03744145e-04 
 4.65700000e-04  1.03743720e-04 
 4.65800000e-04  1.03743485e-04 
 4.65900000e-04  1.03743313e-04 
 4.66000000e-04  1.03743206e-04 
 4.66100000e-04  1.74376387e-07 
 4.66200000e-04  1.74029457e-07 
 4.66300000e-04  1.73904708e-07 
 4.66400000e-04  1.73795213e-07 
 4.66500000e-04  1.73743248e-07 
 4.66600000e-04  1.62328201e-07 
 4.66700000e-04  1.61938254e-07 
 4.66800000e-04  1.61764669e-07 
 4.66900000e-04  1.61647013e-07 
 4.67000000e-04  1.61586861e-07 
 4.67100000e-04  1.73066753e-07 
 4.67200000e-04  1.72786591e-07 
 4.67300000e-04  1.72695204e-07 
 4.67400000e-04  1.72616515e-07 
 4.67500000e-04  1.72566990e-07 
 4.67600000e-04  1.58597561e-07 
 4.67700000e-04  1.58149687e-07 
 4.67800000e-04  1.57933832e-07 
 4.67900000e-04  1.57767425e-07 
 4.68000000e-04  1.57651833e-07 
 4.68100000e-04  1.73848404e-07 
 4.68200000e-04  1.73638282e-07 
 4.68300000e-04  1.73550896e-07 
 4.68400000e-04  1.73472310e-07 
 4.68500000e-04  1.73403424e-07 
 4.68600000e-04  1.60627301e-07 
 4.68700000e-04  1.60275610e-07 
 4.68800000e-04  1.60099320e-07 
 4.68900000e-04  1.59969211e-07 
 4.69000000e-04  1.59886550e-07 
 4.69100000e-04  1.73625385e-07 
 4.69200000e-04  1.73368367e-07 
 4.69300000e-04  1.73278192e-07 
 4.69400000e-04  1.73200566e-07 
 4.69500000e-04  1.73163224e-07 
 4.69600000e-04  1.59111544e-07 
 4.69700000e-04  1.58735194e-07 
 4.69800000e-04  1.58517905e-07 
 4.69900000e-04  1.58352021e-07 
 4.70000000e-04  1.58238976e-07 
 4.70100000e-04  1.76055397e-07 
 4.70200000e-04  1.75519450e-07 
 4.70300000e-04  1.75341711e-07 
 4.70400000e-04  1.75188113e-07 
 4.70500000e-04  1.75110351e-07 
 4.70600000e-04  1.66197395e-07 
 4.70700000e-04  1.65845058e-07 
 4.70800000e-04  1.65685232e-07 
 4.70900000e-04  1.65586712e-07 
 4.71000000e-04  1.65551242e-07 
 4.71100000e-04  1.72873889e-07 
 4.71200000e-04  1.72441516e-07 
 4.71300000e-04  1.72279645e-07 
 4.71400000e-04  1.72136746e-07 
 4.71500000e-04  1.72060592e-07 
 4.71600000e-04  1.58169461e-07 
 4.71700000e-04  1.57638072e-07 
 4.71800000e-04  1.57392741e-07 
 4.71900000e-04  1.57208609e-07 
 4.72000000e-04  1.57087417e-07 
 4.72100000e-04  1.73265522e-07 
 4.72200000e-04  1.73061612e-07 
 4.72300000e-04  1.72964932e-07 
 4.72400000e-04  1.72875703e-07 
 4.72500000e-04  1.72821175e-07 
 4.72600000e-04  1.60059476e-07 
 4.72700000e-04  1.59700166e-07 
 4.72800000e-04  1.59520871e-07 
 4.72900000e-04  1.59392717e-07 
 4.73000000e-04  1.59317121e-07 
 4.73100000e-04  1.73009694e-07 
 4.73200000e-04  1.72749320e-07 
 4.73300000e-04  1.72656490e-07 
 4.73400000e-04  1.72576533e-07 
 4.73500000e-04  1.72542285e-07 
 4.73600000e-04  1.58533510e-07 
 4.73700000e-04  1.58135571e-07 
 4.73800000e-04  1.57918783e-07 
 4.73900000e-04  1.57751595e-07 
 4.74000000e-04  1.57635380e-07 
 4.74100000e-04  1.74374187e-07 
 4.74200000e-04  1.74055844e-07 
 4.74300000e-04  1.73936260e-07 
 4.74400000e-04  1.73830833e-07 
 4.74500000e-04  1.73768270e-07 
 4.74600000e-04  1.62289775e-07 
 4.74700000e-04  1.61931073e-07 
 4.74800000e-04  1.61759106e-07 
 4.74900000e-04  1.61640150e-07 
 4.75000000e-04  1.61575674e-07 
 4.75100000e-04  1.73071637e-07 
 4.75200000e-04  1.72787517e-07 
 4.75300000e-04  1.72682780e-07 
 4.75400000e-04  1.72590177e-07 
 4.75500000e-04  1.72565692e-07 
 4.75600000e-04  1.58588302e-07 
 4.75700000e-04  1.58139331e-07 
 4.75800000e-04  1.57921888e-07 
 4.75900000e-04  1.57756383e-07 
 4.76000000e-04  1.57644259e-07 
 4.76100000e-04  1.73846684e-07 
 4.76200000e-04  1.73635983e-07 
 4.76300000e-04  1.73540375e-07 
 4.76400000e-04  1.73452939e-07 
 4.76500000e-04  1.73408149e-07 
 4.76600000e-04  1.60616408e-07 
 4.76700000e-04  1.60272627e-07 
 4.76800000e-04  1.60094217e-07 
 4.76900000e-04  1.59971648e-07 
 4.77000000e-04  1.59906484e-07 
 4.77100000e-04  1.73596163e-07 
 4.77200000e-04  1.73353384e-07 
 4.77300000e-04  1.73267323e-07 
 4.77400000e-04  1.73192654e-07 
 4.77500000e-04  1.73141417e-07 
 4.77600000e-04  1.59118422e-07 
 4.77700000e-04  1.58713268e-07 
 4.77800000e-04  1.58499825e-07 
 4.77900000e-04  1.58338243e-07 
 4.78000000e-04  1.58229955e-07 
 4.78100000e-04  1.75520830e-07 
 4.78200000e-04  1.75089132e-07 
 4.78300000e-04  1.74941411e-07 
 4.78400000e-04  1.74813559e-07 
 4.78500000e-04  1.74746310e-07 
 4.78600000e-04  1.64537986e-07 
 4.78700000e-04  1.64197238e-07 
 4.78800000e-04  1.64023730e-07 
 4.78900000e-04  1.63912277e-07 
 4.79000000e-04  1.63864637e-07 
 4.79100000e-04  1.73189096e-07 
 4.79200000e-04  1.72881745e-07 
 4.79300000e-04  1.72756342e-07 
 4.79400000e-04  1.72642581e-07 
 4.79500000e-04  1.72604815e-07 
 4.79600000e-04  1.58656113e-07 
 4.79700000e-04  1.58182543e-07 
 4.79800000e-04  1.57941209e-07 
 4.79900000e-04  1.57765121e-07 
 4.80000000e-04  1.57656139e-07 
 4.80100000e-04  1.73867003e-07 
 4.80200000e-04  1.73641438e-07 
 4.80300000e-04  1.73544027e-07 
 4.80400000e-04  1.73456658e-07 
 4.80500000e-04  1.73416454e-07 
 4.80600000e-04  1.60629353e-07 
 4.80700000e-04  1.60285880e-07 
 4.80800000e-04  1.60104665e-07 
 4.80900000e-04  1.59975063e-07 
 4.81000000e-04  1.59898502e-07 
 4.81100000e-04  1.73611506e-07 
 4.81200000e-04  1.73354082e-07 
 4.81300000e-04  1.73260557e-07 
 4.81400000e-04  1.73179092e-07 
 4.81500000e-04  1.73143919e-07 
 4.81600000e-04  1.59112618e-07 
 4.81700000e-04  1.58723064e-07 
 4.81800000e-04  1.58508431e-07 
 4.81900000e-04  1.58347536e-07 
 4.82000000e-04  1.58241871e-07 
 4.82100000e-04  1.74995196e-07 
 4.82200000e-04  1.74664244e-07 
 4.82300000e-04  1.74546740e-07 
 4.82400000e-04  1.74444642e-07 
 4.82500000e-04  1.74396300e-07 
 4.82600000e-04  1.62867215e-07 
 4.82700000e-04  1.62518064e-07 
 4.82800000e-04  1.62344294e-07 
 4.82900000e-04  1.62226214e-07 
 4.83000000e-04  1.62165382e-07 
 4.83100000e-04  1.73701534e-07 
 4.83200000e-04  1.73410210e-07 
 4.83300000e-04  1.73301923e-07 
 4.83400000e-04  1.73206401e-07 
 4.83500000e-04  1.73169076e-07 
 4.83600000e-04  1.59166460e-07 
 4.83700000e-04  1.58741429e-07 
 4.83800000e-04  1.58509297e-07 
 4.83900000e-04  1.58339635e-07 
 4.84000000e-04  1.58234208e-07 
 4.84100000e-04  1.74470009e-07 
 4.84200000e-04  1.74248460e-07 
 4.84300000e-04  1.74157968e-07 
 4.84400000e-04  1.74077599e-07 
 4.84500000e-04  1.74018976e-07 
 4.84600000e-04  1.61198380e-07 
 4.84700000e-04  1.60865109e-07 
 4.84800000e-04  1.60687824e-07 
 4.84900000e-04  1.60561452e-07 
 4.85000000e-04  1.60487392e-07 
 4.85100000e-04  1.74228748e-07 
 4.85200000e-04  1.73986708e-07 
 4.85300000e-04  1.73891578e-07 
 4.85400000e-04  1.73806547e-07 
 4.85500000e-04  1.73770468e-07 
 4.85600000e-04  1.59691746e-07 
 4.85700000e-04  1.59318248e-07 
 4.85800000e-04  1.59095908e-07 
 4.85900000e-04  1.58933941e-07 
 4.86000000e-04  1.58834045e-07 
 4.86100000e-04  1.77206218e-07 
 4.86200000e-04  1.76552855e-07 
 4.86300000e-04  1.76340565e-07 
 4.86400000e-04  1.76158207e-07 
 4.86500000e-04  1.76087558e-07 
 4.86600000e-04  1.68439682e-07 
 4.86700000e-04  1.68105954e-07 
 4.86800000e-04  1.67939708e-07 
 4.86900000e-04  1.67843801e-07 
 4.87000000e-04  1.67820247e-07 
 4.87100000e-04  1.73503041e-07 
 4.87200000e-04  1.72673123e-07 
 4.87300000e-04  1.72422621e-07 
 4.87400000e-04  1.72211753e-07 
 4.87500000e-04  1.72122101e-07 
 4.87600000e-04  1.58233962e-07 
 4.87700000e-04  1.57665959e-07 
 4.87800000e-04  1.57413199e-07 
 4.87900000e-04  1.57223689e-07 
 4.88000000e-04  1.57099219e-07 
 4.88100000e-04  1.73288389e-07 
 4.88200000e-04  1.73060599e-07 
 4.88300000e-04  1.72967942e-07 
 4.88400000e-04  1.72885535e-07 
 4.88500000e-04  1.72828339e-07 
 4.88600000e-04  1.60059747e-07 
 4.88700000e-04  1.59700039e-07 
 4.88800000e-04  1.59527865e-07 
 4.88900000e-04  1.59400080e-07 
 4.89000000e-04  1.59318143e-07 
 4.89100000e-04  1.73163121e-07 
 4.89200000e-04  1.72811576e-07 
 4.89300000e-04  1.72676586e-07 
 4.89400000e-04  1.72607055e-07 
 4.89500000e-04  1.72551863e-07 
 4.89600000e-04  1.58551204e-07 
 4.89700000e-04  1.58157139e-07 
 4.89800000e-04  1.57933548e-07 
 4.89900000e-04  1.57767848e-07 
 4.90000000e-04  1.57661692e-07 
 4.90100000e-04  1.74374722e-07 
 4.90200000e-04  1.74046902e-07 
 4.90300000e-04  1.73924034e-07 
 4.90400000e-04  1.73816018e-07 
 4.90500000e-04  1.73767567e-07 
 4.90600000e-04  1.62301768e-07 
 4.90700000e-04  1.61931974e-07 
 4.90800000e-04  1.61767955e-07 
 4.90900000e-04  1.61650013e-07 
 4.91000000e-04  1.61579450e-07 
 4.91100000e-04  1.73075131e-07 
 4.91200000e-04  1.72789666e-07 
 4.91300000e-04  1.72685178e-07 
 4.91400000e-04  1.72592719e-07 
 4.91500000e-04  1.72551552e-07 
 4.91600000e-04  1.58579351e-07 
 4.91700000e-04  1.58144783e-07 
 4.91800000e-04  1.57919172e-07 
 4.91900000e-04  1.57756395e-07 
 4.92000000e-04  1.57658306e-07 
 4.92100000e-04  1.73836171e-07 
 4.92200000e-04  1.73642797e-07 
 4.92300000e-04  1.73543836e-07 
 4.92400000e-04  1.73451195e-07 
 4.92500000e-04  1.73403495e-07 
 4.92600000e-04  1.60622698e-07 
 4.92700000e-04  1.60268336e-07 
 4.92800000e-04  1.60095370e-07 
 4.92900000e-04  1.59966548e-07 
 4.93000000e-04  1.59883150e-07 
 4.93100000e-04  1.73607703e-07 
 4.93200000e-04  1.73358108e-07 
 4.93300000e-04  1.73261409e-07 
 4.93400000e-04  1.73175797e-07 
 4.93500000e-04  1.73153796e-07 
 4.93600000e-04  1.59115365e-07 
 4.93700000e-04  1.58725422e-07 
 4.93800000e-04  1.58509331e-07 
 4.93900000e-04  1.58341630e-07 
 4.94000000e-04  1.58223881e-07 
 4.94100000e-04  1.75941409e-07 
 4.94200000e-04  1.75292319e-07 
 4.94300000e-04  1.75093751e-07 
 4.94400000e-04  1.75016153e-07 
 4.94500000e-04  1.74967120e-07 
 4.94600000e-04  1.64822410e-07 
 4.94700000e-04  1.64500064e-07 
 4.94800000e-04  1.64303940e-07 
 4.94900000e-04  1.64159051e-07 
 4.95000000e-04  1.64066943e-07 
 4.95100000e-04  1.73195028e-07 
 4.95200000e-04  1.72871006e-07 
 4.95300000e-04  1.72762814e-07 
 4.95400000e-04  1.72669064e-07 
 4.95500000e-04  1.72611871e-07 
 4.95600000e-04  1.58659250e-07 
 4.95700000e-04  1.58174769e-07 
 4.95800000e-04  1.57939654e-07 
 4.95900000e-04  1.57766402e-07 
 4.96000000e-04  1.57656920e-07 
 4.96100000e-04  1.73854933e-07 
 4.96200000e-04  1.73645303e-07 
 4.96300000e-04  1.73556053e-07 
 4.96400000e-04  1.73475412e-07 
 4.96500000e-04  1.73416826e-07 
 4.96600000e-04  1.60634119e-07 
 4.96700000e-04  1.60277626e-07 
 4.96800000e-04  1.60096847e-07 
 4.96900000e-04  1.59969017e-07 
 4.97000000e-04  1.59895780e-07 
 4.97100000e-04  1.73607675e-07 
 4.97200000e-04  1.73373581e-07 
 4.97300000e-04  1.73271625e-07 
 4.97400000e-04  1.73178752e-07 
 4.97500000e-04  1.73152893e-07 
 4.97600000e-04  1.59127113e-07 
 4.97700000e-04  1.58728927e-07 
 4.97800000e-04  1.58511807e-07 
 4.97900000e-04  1.58346176e-07 
 4.98000000e-04  1.58233650e-07 
 4.98100000e-04  1.74980913e-07 
 4.98200000e-04  1.74669581e-07 
 4.98300000e-04  1.74548256e-07 
 4.98400000e-04  1.74439818e-07 
 4.98500000e-04  1.74390017e-07 
 4.98600000e-04  1.62882149e-07 
 4.98700000e-04  1.62537323e-07 
 4.98800000e-04  1.62360189e-07 
 4.98900000e-04  1.62237012e-07 
 4.99000000e-04  1.62169502e-07 
 4.99100000e-04  1.73705301e-07 
 4.99200000e-04  1.73406782e-07 
 4.99300000e-04  1.73299311e-07 
 4.99400000e-04  1.73205485e-07 
 4.99500000e-04  1.73179336e-07 
 4.99600000e-04  1.59171087e-07 
 4.99700000e-04  1.58733819e-07 
 4.99800000e-04  1.58511906e-07 
 4.99900000e-04  1.58344196e-07 
 5.00000000e-04  1.58232409e-07 
 5.00100000e-04  1.74464049e-07 
 5.00200000e-04  1.74267847e-07 
 5.00300000e-04  1.74172336e-07 
 5.00400000e-04  1.74083404e-07 
 5.00500000e-04  1.74029392e-07 
 5.00600000e-04  1.61204904e-07 
 5.00700000e-04  1.60870521e-07 
 5.00800000e-04  1.60683972e-07 
 5.00900000e-04  1.60557627e-07 
 5.01000000e-04  1.60493396e-07 
 5.01100000e-04  1.74220073e-07 
 5.01200000e-04  1.73988212e-07 
 5.01300000e-04  1.73892823e-07 
 5.01400000e-04  1.73806642e-07 
 5.01500000e-04  1.73768094e-07 
 5.01600000e-04  1.59696045e-07 
 5.01700000e-04  1.59303185e-07 
 5.01800000e-04  1.59104996e-07 
 5.01900000e-04  1.58947059e-07 
 5.02000000e-04  1.58830650e-07 
 5.02100000e-04  1.76684396e-07 
 5.02200000e-04  1.76131294e-07 
 5.02300000e-04  1.75956284e-07 
 5.02400000e-04  1.75807421e-07 
 5.02500000e-04  1.75715325e-07 
 5.02600000e-04  1.66778097e-07 
 5.02700000e-04  1.66442503e-07 
 5.02800000e-04  1.66276959e-07 
 5.02900000e-04  1.66171721e-07 
 5.03000000e-04  1.66128702e-07 
 5.03100000e-04  1.73494575e-07 
 5.03200000e-04  1.73064671e-07 
 5.03300000e-04  1.72898045e-07 
 5.03400000e-04  1.72749938e-07 
 5.03500000e-04  1.72683017e-07 
 5.03600000e-04  1.58759148e-07 
 5.03700000e-04  1.58250266e-07 
 5.03800000e-04  1.58000932e-07 
 5.03900000e-04  1.57816671e-07 
 5.04000000e-04  1.57699548e-07 
 5.04100000e-04  1.73902366e-07 
 5.04200000e-04  1.73688236e-07 
 5.04300000e-04  1.73579381e-07 
 5.04400000e-04  1.73478282e-07 
 5.04500000e-04  1.73433513e-07 
 5.04600000e-04  1.60641271e-07 
 5.04700000e-04  1.60288958e-07 
 5.04800000e-04  1.60112746e-07 
 5.04900000e-04  1.59986448e-07 
 5.05000000e-04  1.59911648e-07 
 5.05100000e-04  1.73630479e-07 
 5.05200000e-04  1.73377648e-07 
 5.05300000e-04  1.73278896e-07 
 5.05400000e-04  1.73191658e-07 
 5.05500000e-04  1.73156564e-07 
 5.05600000e-04  1.59121122e-07 
 5.05700000e-04  1.58728502e-07 
 5.05800000e-04  1.58510539e-07 
 5.05900000e-04  1.58346608e-07 
 5.06000000e-04  1.58238422e-07 
 5.06100000e-04  1.75005087e-07 
 5.06200000e-04  1.74669343e-07 
 5.06300000e-04  1.74550422e-07 
 5.06400000e-04  1.74447197e-07 
 5.06500000e-04  1.74393993e-07 
 5.06600000e-04  1.62871894e-07 
 5.06700000e-04  1.62524789e-07 
 5.06800000e-04  1.62347846e-07 
 5.06900000e-04  1.62229332e-07 
 5.07000000e-04  1.62171099e-07 
 5.07100000e-04  1.73693681e-07 
 5.07200000e-04  1.73420767e-07 
 5.07300000e-04  1.73315670e-07 
 5.07400000e-04  1.73221567e-07 
 5.07500000e-04  1.73178955e-07 
 5.07600000e-04  1.59178459e-07 
 5.07700000e-04  1.58734889e-07 
 5.07800000e-04  1.58518436e-07 
 5.07900000e-04  1.58352601e-07 
 5.08000000e-04  1.58238990e-07 
 5.08100000e-04  1.74469245e-07 
 5.08200000e-04  1.74270556e-07 
 5.08300000e-04  1.74170208e-07 
 5.08400000e-04  1.74076519e-07 
 5.08500000e-04  1.74017805e-07 
 5.08600000e-04  1.61218651e-07 
 5.08700000e-04  1.60873254e-07 
 5.08800000e-04  1.60694308e-07 
 5.08900000e-04  1.60566536e-07 
 5.09000000e-04  1.60491560e-07 
 5.09100000e-04  1.74234809e-07 
 5.09200000e-04  1.73987306e-07 
 5.09300000e-04  1.73890988e-07 
 5.09400000e-04  1.73805655e-07 
 5.09500000e-04  1.73760682e-07 
 5.09600000e-04  1.59697194e-07 
 5.09700000e-04  1.59304460e-07 
 5.09800000e-04  1.59091815e-07 
 5.09900000e-04  1.58934036e-07 
 5.10000000e-04  1.58832865e-07 
 5.10100000e-04  1.76139412e-07 
 5.10200000e-04  1.75709828e-07 
 5.10300000e-04  1.75563328e-07 
 5.10400000e-04  1.75436241e-07 
 5.10500000e-04  1.75355892e-07 
 5.10600000e-04  1.65123094e-07 
 5.10700000e-04  1.64777142e-07 
 5.10800000e-04  1.64617731e-07 
 5.10900000e-04  1.64509980e-07 
 5.11000000e-04  1.64455529e-07 
 5.11100000e-04  1.73821758e-07 
 5.11200000e-04  1.73500784e-07 
 5.11300000e-04  1.73378460e-07 
 5.11400000e-04  1.73269167e-07 
 5.11500000e-04  1.73218286e-07 
 5.11600000e-04  1.59241786e-07 
 5.11700000e-04  1.58770251e-07 
 5.11800000e-04  1.58540096e-07 
 5.11900000e-04  1.58370507e-07 
 5.12000000e-04  1.58263405e-07 
 5.12100000e-04  1.74484341e-07 
 5.12200000e-04  1.74269185e-07 
 5.12300000e-04  1.74168197e-07 
 5.12400000e-04  1.74075490e-07 
 5.12500000e-04  1.74051926e-07 
 5.12600000e-04  1.61221319e-07 
 5.12700000e-04  1.60872608e-07 
 5.12800000e-04  1.60703086e-07 
 5.12900000e-04  1.60579456e-07 
 5.13000000e-04  1.60503172e-07 
 5.13100000e-04  1.74243762e-07 
 5.13200000e-04  1.73993085e-07 
 5.13300000e-04  1.73896409e-07 
 5.13400000e-04  1.73811122e-07 
 5.13500000e-04  1.73772148e-07 
 5.13600000e-04  1.59692735e-07 
 5.13700000e-04  1.59320156e-07 
 5.13800000e-04  1.59108930e-07 
 5.13900000e-04  1.58949140e-07 
 5.14000000e-04  1.58842417e-07 
 5.14100000e-04  1.75622542e-07 
 5.14200000e-04  1.75293613e-07 
 5.14300000e-04  1.75169253e-07 
 5.14400000e-04  1.75059245e-07 
 5.14500000e-04  1.75003585e-07 
 5.14600000e-04  1.63457260e-07 
 5.14700000e-04  1.63116954e-07 
 5.14800000e-04  1.62951803e-07 
 5.14900000e-04  1.62831515e-07 
 5.15000000e-04  1.62757512e-07 
 5.15100000e-04  1.74329395e-07 
 5.15200000e-04  1.74040331e-07 
 5.15300000e-04  1.73933220e-07 
 5.15400000e-04  1.73838795e-07 
 5.15500000e-04  1.73788419e-07 
 5.15600000e-04  1.59761781e-07 
 5.15700000e-04  1.59321497e-07 
 5.15800000e-04  1.59103098e-07 
 5.15900000e-04  1.58942969e-07 
 5.16000000e-04  1.58842957e-07 
 5.16100000e-04  1.75086941e-07 
 5.16200000e-04  1.74888618e-07 
 5.16300000e-04  1.74788376e-07 
 5.16400000e-04  1.74694753e-07 
 5.16500000e-04  1.74647161e-07 
 5.16600000e-04  1.61793435e-07 
 5.16700000e-04  1.61457916e-07 
 5.16800000e-04  1.61284122e-07 
 5.16900000e-04  1.61160472e-07 
 5.17000000e-04  1.61088555e-07 
 5.17100000e-04  1.74857021e-07 
 5.17200000e-04  1.74597818e-07 
 5.17300000e-04  1.74509447e-07 
 5.17400000e-04  1.74433484e-07 
 5.17500000e-04  1.74388491e-07 
 5.17600000e-04  1.60292145e-07 
 5.17700000e-04  1.59909945e-07 
 5.17800000e-04  1.59698356e-07 
 5.17900000e-04  1.59535739e-07 
 5.18000000e-04  1.59423649e-07 
 5.18100000e-04  1.88940820e-07 
 5.18200000e-04  1.86324037e-07 
 5.18300000e-04  1.85518607e-07 
 5.18400000e-04  1.85265760e-07 
 5.18500000e-04  1.85012913e-07 
 5.18600000e-04  1.75732763e-07 
 5.18700000e-04  1.74614895e-07 
 5.18800000e-04  1.74276094e-07 
 5.18900000e-04  1.74062567e-07 
 5.19000000e-04  1.73976568e-07 
 5.19100000e-04  1.71284729e-07 
 5.19200000e-04  1.70507793e-07 
 5.19300000e-04  1.70299536e-07 
 5.19400000e-04  1.70127854e-07 
 5.19500000e-04  1.70068426e-07 
 5.19600000e-04  1.57648335e-07 
 5.19700000e-04  1.56967370e-07 
 5.19800000e-04  1.56706665e-07 
 5.19900000e-04 -0.00000000e+00 
 5.20000000e-04  1.56574278e-07 
