 time            -i(vdd)        
 2.60000000e-04 -1.26577368e-04 
 2.60100000e-04  1.83721570e-07 
 2.60200000e-04  1.75016124e-07 
 2.60300000e-04  1.72693576e-07 
 2.60400000e-04  1.70735563e-07 
 2.60500000e-04  1.70077243e-07 
 2.60600000e-04  1.76685503e-07 
 2.60700000e-04  1.75910746e-07 
 2.60800000e-04  1.75485045e-07 
 2.60900000e-04  1.75136838e-07 
 2.61000000e-04  1.74867806e-07 
 2.61100000e-04  1.56448698e-07 
 2.61200000e-04  1.54079916e-07 
 2.61300000e-04  1.53484439e-07 
 2.61400000e-04  1.53006169e-07 
 2.61500000e-04  1.52785985e-07 
 2.61600000e-04  1.38890928e-07 
 2.61700000e-04  1.37642769e-07 
 2.61800000e-04  1.37195519e-07 
 2.61900000e-04  1.36877006e-07 
 2.62000000e-04  1.36691312e-07 
 2.62100000e-04  1.61874456e-07 
 2.62200000e-04  1.60616855e-07 
 2.62300000e-04  1.60335468e-07 
 2.62400000e-04  1.60131249e-07 
 2.62500000e-04  1.60039993e-07 
 2.62600000e-04  1.48510403e-07 
 2.62700000e-04  1.47914501e-07 
 2.62800000e-04  1.47634867e-07 
 2.62900000e-04  1.47423390e-07 
 2.63000000e-04  1.47281527e-07 
 2.63100000e-04  1.99994549e-07 
 2.63200000e-04  1.94212524e-07 
 2.63300000e-04  1.92920426e-07 
 2.63400000e-04  1.91923620e-07 
 2.63500000e-04  1.91648489e-07 
 2.63600000e-04  1.78200553e-07 
 2.63700000e-04  1.77570988e-07 
 2.63800000e-04  1.77247041e-07 
 2.63900000e-04  1.76998714e-07 
 2.64000000e-04  1.76828404e-07 
 2.64100000e-04  1.72668210e-07 
 2.64200000e-04  1.68073827e-07 
 2.64300000e-04  1.67027343e-07 
 2.64400000e-04  1.66212444e-07 
 2.64500000e-04  1.65972407e-07 
 2.64600000e-04  1.53756972e-07 
 2.64700000e-04  1.53141157e-07 
 2.64800000e-04  1.52821859e-07 
 2.64900000e-04  1.52582571e-07 
 2.65000000e-04  1.52425828e-07 
 2.65100000e-04  1.66019298e-07 
 2.65200000e-04  1.65521948e-07 
 2.65300000e-04  1.65363280e-07 
 2.65400000e-04  1.65227259e-07 
 2.65500000e-04  1.65184407e-07 
 2.65600000e-04  1.51596260e-07 
 2.65700000e-04  1.51153604e-07 
 2.65800000e-04  1.50918436e-07 
 2.65900000e-04  1.50742541e-07 
 2.66000000e-04  1.50627795e-07 
 2.66100000e-04  1.67008952e-07 
 2.66200000e-04  1.66734681e-07 
 2.66300000e-04  1.66636171e-07 
 2.66400000e-04  1.66549942e-07 
 2.66500000e-04  1.66498400e-07 
 2.66600000e-04  1.55441306e-07 
 2.66700000e-04  1.55024063e-07 
 2.66800000e-04  1.54814356e-07 
 2.66900000e-04  1.54666918e-07 
 2.67000000e-04  1.54583716e-07 
 2.67100000e-04  1.66083514e-07 
 2.67200000e-04  1.65565433e-07 
 2.67300000e-04  1.65412077e-07 
 2.67400000e-04  1.65281596e-07 
 2.67500000e-04  1.65223862e-07 
 2.67600000e-04  1.51671628e-07 
 2.67700000e-04  1.51175766e-07 
 2.67800000e-04  1.50915264e-07 
 2.67900000e-04  1.50719724e-07 
 2.68000000e-04  1.50591202e-07 
 2.68100000e-04  1.66386662e-07 
 2.68200000e-04  1.66214008e-07 
 2.68300000e-04  1.66137414e-07 
 2.68400000e-04  1.66067684e-07 
 2.68500000e-04  1.66037305e-07 
 2.68600000e-04  1.53640852e-07 
 2.68700000e-04  1.53245328e-07 
 2.68800000e-04  1.53038535e-07 
 2.68900000e-04  1.52891275e-07 
 2.69000000e-04  1.52805431e-07 
 2.69100000e-04  1.66132336e-07 
 2.69200000e-04  1.65905472e-07 
 2.69300000e-04  1.65832345e-07 
 2.69400000e-04  1.65770633e-07 
 2.69500000e-04  1.65753987e-07 
 2.69600000e-04  1.52108734e-07 
 2.69700000e-04  1.51683530e-07 
 2.69800000e-04  1.51434528e-07 
 2.69900000e-04  1.51250516e-07 
 2.70000000e-04  1.51133547e-07 
 2.70100000e-04  1.68006178e-07 
 2.70200000e-04  1.67640079e-07 
 2.70300000e-04  1.67506432e-07 
 2.70400000e-04  1.67387633e-07 
 2.70500000e-04  1.67318905e-07 
 2.70600000e-04  1.57532032e-07 
 2.70700000e-04  1.57127301e-07 
 2.70800000e-04  1.56923864e-07 
 2.70900000e-04  1.56784852e-07 
 2.71000000e-04  1.56712304e-07 
 2.71100000e-04  1.66101659e-07 
 2.71200000e-04  1.65547963e-07 
 2.71300000e-04  1.65379941e-07 
 2.71400000e-04  1.65235946e-07 
 2.71500000e-04  1.65191710e-07 
 2.71600000e-04  1.51639059e-07 
 2.71700000e-04  1.51106124e-07 
 2.71800000e-04  1.50846755e-07 
 2.71900000e-04  1.50646040e-07 
 2.72000000e-04  1.50505828e-07 
 2.72100000e-04  1.66319399e-07 
 2.72200000e-04  1.66151636e-07 
 2.72300000e-04  1.66076411e-07 
 2.72400000e-04  1.66007584e-07 
 2.72500000e-04  1.65960996e-07 
 2.72600000e-04  1.53570835e-07 
 2.72700000e-04  1.53174052e-07 
 2.72800000e-04  1.52979419e-07 
 2.72900000e-04  1.52834622e-07 
 2.73000000e-04  1.52741231e-07 
 2.73100000e-04  1.66060140e-07 
 2.73200000e-04  1.65854118e-07 
 2.73300000e-04  1.65792168e-07 
 2.73400000e-04  1.65740551e-07 
 2.73500000e-04  1.65692141e-07 
 2.73600000e-04  1.52062537e-07 
 2.73700000e-04  1.51614104e-07 
 2.73800000e-04  1.51386843e-07 
 2.73900000e-04  1.51209911e-07 
 2.74000000e-04  1.51084894e-07 
 2.74100000e-04  1.67431431e-07 
 2.74200000e-04  1.67155921e-07 
 2.74300000e-04  1.67058939e-07 
 2.74400000e-04  1.66973887e-07 
 2.74500000e-04  1.66918219e-07 
 2.74600000e-04  1.55805250e-07 
 2.74700000e-04  1.55429675e-07 
 2.74800000e-04  1.55217268e-07 
 2.74900000e-04  1.55071481e-07 
 2.75000000e-04  1.54994414e-07 
 2.75100000e-04  1.66137383e-07 
 2.75200000e-04  1.65905001e-07 
 2.75300000e-04  1.65820091e-07 
 2.75400000e-04  1.65744590e-07 
 2.75500000e-04  1.65709010e-07 
 2.75600000e-04  1.52108224e-07 
 2.75700000e-04  1.51638230e-07 
 2.75800000e-04  1.51376985e-07 
 2.75900000e-04  1.51185251e-07 
 2.76000000e-04  1.51065219e-07 
 2.76100000e-04  1.66898986e-07 
 2.76200000e-04  1.66722653e-07 
 2.76300000e-04  1.66651459e-07 
 2.76400000e-04  1.66587665e-07 
 2.76500000e-04  1.66554455e-07 
 2.76600000e-04  1.54147410e-07 
 2.76700000e-04  1.53756413e-07 
 2.76800000e-04  1.53551310e-07 
 2.76900000e-04  1.53405986e-07 
 2.77000000e-04  1.53322320e-07 
 2.77100000e-04  1.66668849e-07 
 2.77200000e-04  1.66453844e-07 
 2.77300000e-04  1.66377138e-07 
 2.77400000e-04  1.66310514e-07 
 2.77500000e-04  1.66287914e-07 
 2.77600000e-04  1.52641941e-07 
 2.77700000e-04  1.52187749e-07 
 2.77800000e-04  1.51960578e-07 
 2.77900000e-04  1.51781214e-07 
 2.78000000e-04  1.51651156e-07 
 2.78100000e-04  1.69115057e-07 
 2.78200000e-04  1.68606353e-07 
 2.78300000e-04  1.68448753e-07 
 2.78400000e-04  1.68315067e-07 
 2.78500000e-04  1.68249437e-07 
 2.78600000e-04  1.59713622e-07 
 2.78700000e-04  1.59316632e-07 
 2.78800000e-04  1.59131051e-07 
 2.78900000e-04  1.59006983e-07 
 2.79000000e-04  1.58946367e-07 
 2.79100000e-04  1.66277316e-07 
 2.79200000e-04  1.65616268e-07 
 2.79300000e-04  1.65428898e-07 
 2.79400000e-04  1.65272276e-07 
 2.79500000e-04  1.65194917e-07 
 2.79600000e-04  1.51667370e-07 
 2.79700000e-04  1.51114971e-07 
 2.79800000e-04  1.50843651e-07 
 2.79900000e-04  1.50633793e-07 
 2.80000000e-04  1.50487329e-07 
 2.80100000e-04  1.66314156e-07 
 2.80200000e-04  1.66136197e-07 
 2.80300000e-04  1.66057228e-07 
 2.80400000e-04  1.65985189e-07 
 2.80500000e-04  1.65958735e-07 
 2.80600000e-04  1.53557799e-07 
 2.80700000e-04  1.53170999e-07 
 2.80800000e-04  1.52960993e-07 
 2.80900000e-04  1.52812443e-07 
 2.81000000e-04  1.52727280e-07 
 2.81100000e-04  1.66040449e-07 
 2.81200000e-04  1.65837750e-07 
 2.81300000e-04  1.65763990e-07 
 2.81400000e-04  1.65698813e-07 
 2.81500000e-04  1.65679750e-07 
 2.81600000e-04  1.52027685e-07 
 2.81700000e-04  1.51589964e-07 
 2.81800000e-04  1.51350857e-07 
 2.81900000e-04  1.51173200e-07 
 2.82000000e-04  1.51058922e-07 
 2.82100000e-04  1.67414529e-07 
 2.82200000e-04  1.67139109e-07 
 2.82300000e-04  1.67037636e-07 
 2.82400000e-04  1.66947761e-07 
 2.82500000e-04  1.66903745e-07 
 2.82600000e-04  1.55803053e-07 
 2.82700000e-04  1.55400410e-07 
 2.82800000e-04  1.55201598e-07 
 2.82900000e-04  1.55061185e-07 
 2.83000000e-04  1.54981002e-07 
 2.83100000e-04  1.66118976e-07 
 2.83200000e-04  1.65875174e-07 
 2.83300000e-04  1.65786664e-07 
 2.83400000e-04  1.65708548e-07 
 2.83500000e-04  1.65683212e-07 
 2.83600000e-04  1.52087204e-07 
 2.83700000e-04  1.51597177e-07 
 2.83800000e-04  1.51347827e-07 
 2.83900000e-04  1.51160821e-07 
 2.84000000e-04  1.51038114e-07 
 2.84100000e-04  1.66879318e-07 
 2.84200000e-04  1.66709558e-07 
 2.84300000e-04  1.66632327e-07 
 2.84400000e-04  1.66561312e-07 
 2.84500000e-04  1.66536216e-07 
 2.84600000e-04  1.54109279e-07 
 2.84700000e-04  1.53741600e-07 
 2.84800000e-04  1.53533519e-07 
 2.84900000e-04  1.53384782e-07 
 2.85000000e-04  1.53297250e-07 
 2.85100000e-04  1.66645826e-07 
 2.85200000e-04  1.66437260e-07 
 2.85300000e-04  1.66363575e-07 
 2.85400000e-04  1.66299143e-07 
 2.85500000e-04  1.66281090e-07 
 2.85600000e-04  1.52611996e-07 
 2.85700000e-04  1.52172877e-07 
 2.85800000e-04  1.51939066e-07 
 2.85900000e-04  1.51758056e-07 
 2.86000000e-04  1.51631497e-07 
 2.86100000e-04  1.68548732e-07 
 2.86200000e-04  1.68163536e-07 
 2.86300000e-04  1.68033260e-07 
 2.86400000e-04  1.67919782e-07 
 2.86500000e-04  1.67867134e-07 
 2.86600000e-04  1.58032564e-07 
 2.86700000e-04  1.57644937e-07 
 2.86800000e-04  1.57451976e-07 
 2.86900000e-04  1.57321110e-07 
 2.87000000e-04  1.57254288e-07 
 2.87100000e-04  1.66227153e-07 
 2.87200000e-04  1.65940868e-07 
 2.87300000e-04  1.65848942e-07 
 2.87400000e-04  1.65770102e-07 
 2.87500000e-04  1.65737108e-07 
 2.87600000e-04  1.52153748e-07 
 2.87700000e-04  1.51626560e-07 
 2.87800000e-04  1.51381217e-07 
 2.87900000e-04  1.51187643e-07 
 2.88000000e-04  1.51047459e-07 
 2.88100000e-04  1.66899276e-07 
 2.88200000e-04  1.66727676e-07 
 2.88300000e-04  1.66656803e-07 
 2.88400000e-04  1.66592883e-07 
 2.88500000e-04  1.66542059e-07 
 2.88600000e-04  1.54135299e-07 
 2.88700000e-04  1.53732142e-07 
 2.88800000e-04  1.53528889e-07 
 2.88900000e-04  1.53384913e-07 
 2.89000000e-04  1.53302070e-07 
 2.89100000e-04  1.66642790e-07 
 2.89200000e-04  1.66441140e-07 
 2.89300000e-04  1.66370160e-07 
 2.89400000e-04  1.66308181e-07 
 2.89500000e-04  1.66283625e-07 
 2.89600000e-04  1.52618718e-07 
 2.89700000e-04  1.52175323e-07 
 2.89800000e-04  1.51941520e-07 
 2.89900000e-04  1.51760445e-07 
 2.90000000e-04  1.51633746e-07 
 2.90100000e-04  1.68021739e-07 
 2.90200000e-04  1.67738929e-07 
 2.90300000e-04  1.67640628e-07 
 2.90400000e-04  1.67554994e-07 
 2.90500000e-04  1.67497999e-07 
 2.90600000e-04  1.56378365e-07 
 2.90700000e-04  1.55975431e-07 
 2.90800000e-04  1.55774287e-07 
 2.90900000e-04  1.55637613e-07 
 2.91000000e-04  1.55567424e-07 
 2.91100000e-04  1.66728028e-07 
 2.91200000e-04  1.66495804e-07 
 2.91300000e-04  1.66414411e-07 
 2.91400000e-04  1.66342491e-07 
 2.91500000e-04  1.66298060e-07 
 2.91600000e-04  1.52680441e-07 
 2.91700000e-04  1.52182615e-07 
 2.91800000e-04  1.51937501e-07 
 2.91900000e-04  1.51757981e-07 
 2.92000000e-04  1.51646107e-07 
 2.92100000e-04  1.67497047e-07 
 2.92200000e-04  1.67321741e-07 
 2.92300000e-04  1.67243197e-07 
 2.92400000e-04  1.67171353e-07 
 2.92500000e-04  1.67145854e-07 
 2.92600000e-04  1.54715454e-07 
 2.92700000e-04  1.54319912e-07 
 2.92800000e-04  1.54118511e-07 
 2.92900000e-04  1.53971296e-07 
 2.93000000e-04  1.53879956e-07 
 2.93100000e-04  1.67259499e-07 
 2.93200000e-04  1.67063847e-07 
 2.93300000e-04  1.66988909e-07 
 2.93400000e-04  1.66921963e-07 
 2.93500000e-04  1.66886160e-07 
 2.93600000e-04  1.53208212e-07 
 2.93700000e-04  1.52755796e-07 
 2.93800000e-04  1.52517496e-07 
 2.93900000e-04  1.52344437e-07 
 2.94000000e-04  1.52238659e-07 
 2.94100000e-04  1.70229320e-07 
 2.94200000e-04  1.69625468e-07 
 2.94300000e-04  1.69443679e-07 
 2.94400000e-04  1.69289478e-07 
 2.94500000e-04  1.69220163e-07 
 2.94600000e-04  1.61944177e-07 
 2.94700000e-04  1.61548061e-07 
 2.94800000e-04  1.61368101e-07 
 2.94900000e-04  1.61255691e-07 
 2.95000000e-04  1.61212942e-07 
 2.95100000e-04  1.66592984e-07 
 2.95200000e-04  1.65708904e-07 
 2.95300000e-04  1.65481286e-07 
 2.95400000e-04  1.65297257e-07 
 2.95500000e-04  1.65217552e-07 
 2.95600000e-04  1.51711955e-07 
 2.95700000e-04  1.51116915e-07 
 2.95800000e-04  1.50822903e-07 
 2.95900000e-04  1.50611195e-07 
 2.96000000e-04  1.50484370e-07 
 2.96100000e-04  1.66307492e-07 
 2.96200000e-04  1.66131195e-07 
 2.96300000e-04  1.66057305e-07 
 2.96400000e-04  1.65990561e-07 
 2.96500000e-04  1.65936252e-07 
 2.96600000e-04  1.53540322e-07 
 2.96700000e-04  1.53149521e-07 
 2.96800000e-04  1.52954223e-07 
 2.96900000e-04  1.52808129e-07 
 2.97000000e-04  1.52712765e-07 
 2.97100000e-04  1.66042859e-07 
 2.97200000e-04  1.65836376e-07 
 2.97300000e-04  1.65760541e-07 
 2.97400000e-04  1.65693649e-07 
 2.97500000e-04  1.65666392e-07 
 2.97600000e-04  1.52024742e-07 
 2.97700000e-04  1.51575575e-07 
 2.97800000e-04  1.51341766e-07 
 2.97900000e-04  1.51161037e-07 
 2.98000000e-04  1.51035040e-07 
 2.98100000e-04  1.67408348e-07 
 2.98200000e-04  1.67124616e-07 
 2.98300000e-04  1.67027765e-07 
 2.98400000e-04  1.66944028e-07 
 2.98500000e-04  1.66890899e-07 
 2.98600000e-04  1.55777730e-07 
 2.98700000e-04  1.55390403e-07 
 2.98800000e-04  1.55191265e-07 
 2.98900000e-04  1.55050205e-07 
 2.99000000e-04  1.54969033e-07 
 2.99100000e-04  1.66109545e-07 
 2.99200000e-04  1.65860691e-07 
 2.99300000e-04  1.65781733e-07 
 2.99400000e-04  1.65714432e-07 
 2.99500000e-04  1.65678380e-07 
 2.99600000e-04  1.52070457e-07 
 2.99700000e-04  1.51606485e-07 
 2.99800000e-04  1.51360066e-07 
 2.99900000e-04  1.51172754e-07 
 3.00000000e-04  1.51046386e-07 
 3.00100000e-04  1.66874092e-07 
 3.00200000e-04  1.66708010e-07 
 3.00300000e-04  1.66635640e-07 
 3.00400000e-04  1.66569519e-07 
 3.00500000e-04  1.66528704e-07 
 3.00600000e-04  1.54103113e-07 
 3.00700000e-04  1.53714076e-07 
 3.00800000e-04  1.53518647e-07 
 3.00900000e-04  1.53374395e-07 
 3.01000000e-04  1.53282903e-07 
 3.01100000e-04  1.66636843e-07 
 3.01200000e-04  1.66421469e-07 
 3.01300000e-04  1.66352572e-07 
 3.01400000e-04  1.66294168e-07 
 3.01500000e-04  1.66276156e-07 
 3.01600000e-04  1.52612346e-07 
 3.01700000e-04  1.52177602e-07 
 3.01800000e-04  1.51934051e-07 
 3.01900000e-04  1.51752141e-07 
 3.02000000e-04  1.51633788e-07 
 3.02100000e-04  1.68560816e-07 
 3.02200000e-04  1.68160712e-07 
 3.02300000e-04  1.68032423e-07 
 3.02400000e-04  1.67923087e-07 
 3.02500000e-04  1.67861976e-07 
 3.02600000e-04  1.58026123e-07 
 3.02700000e-04  1.57636257e-07 
 3.02800000e-04  1.57447922e-07 
 3.02900000e-04  1.57315362e-07 
 3.03000000e-04  1.57240306e-07 
 3.03100000e-04  1.66217177e-07 
 3.03200000e-04  1.65931055e-07 
 3.03300000e-04  1.65838730e-07 
 3.03400000e-04  1.65759264e-07 
 3.03500000e-04  1.65737579e-07 
 3.03600000e-04  1.52153807e-07 
 3.03700000e-04  1.51618096e-07 
 3.03800000e-04  1.51368028e-07 
 3.03900000e-04  1.51174360e-07 
 3.04000000e-04  1.51038840e-07 
 3.04100000e-04  1.66885286e-07 
 3.04200000e-04  1.66710544e-07 
 3.04300000e-04  1.66639113e-07 
 3.04400000e-04  1.66575154e-07 
 3.04500000e-04  1.66531785e-07 
 3.04600000e-04  1.54123704e-07 
 3.04700000e-04  1.53719360e-07 
 3.04800000e-04  1.53518384e-07 
 3.04900000e-04  1.53379299e-07 
 3.05000000e-04  1.53304029e-07 
 3.05100000e-04  1.66648877e-07 
 3.05200000e-04  1.66433621e-07 
 3.05300000e-04  1.66360066e-07 
 3.05400000e-04  1.66296838e-07 
 3.05500000e-04  1.66266145e-07 
 3.05600000e-04  1.52616051e-07 
 3.05700000e-04  1.52166636e-07 
 3.05800000e-04  1.51931841e-07 
 3.05900000e-04  1.51751085e-07 
 3.06000000e-04  1.51626038e-07 
 3.06100000e-04  1.68027659e-07 
 3.06200000e-04  1.67749769e-07 
 3.06300000e-04  1.67645109e-07 
 3.06400000e-04  1.67552373e-07 
 3.06500000e-04  1.67505437e-07 
 3.06600000e-04  1.56366780e-07 
 3.06700000e-04  1.55984658e-07 
 3.06800000e-04  1.55781097e-07 
 3.06900000e-04  1.55638044e-07 
 3.07000000e-04  1.55557379e-07 
 3.07100000e-04  1.66723564e-07 
 3.07200000e-04  1.66473536e-07 
 3.07300000e-04  1.66398062e-07 
 3.07400000e-04  1.66334404e-07 
 3.07500000e-04  1.66303675e-07 
 3.07600000e-04  1.52655386e-07 
 3.07700000e-04  1.52177030e-07 
 3.07800000e-04  1.51937059e-07 
 3.07900000e-04  1.51755753e-07 
 3.08000000e-04  1.51634929e-07 
 3.08100000e-04  1.67506220e-07 
 3.08200000e-04  1.67316950e-07 
 3.08300000e-04  1.67242948e-07 
 3.08400000e-04  1.67178064e-07 
 3.08500000e-04  1.67135359e-07 
 3.08600000e-04  1.54706311e-07 
 3.08700000e-04  1.54316326e-07 
 3.08800000e-04  1.54107764e-07 
 3.08900000e-04  1.53964703e-07 
 3.09000000e-04  1.53889173e-07 
 3.09100000e-04  1.67257236e-07 
 3.09200000e-04  1.67044349e-07 
 3.09300000e-04  1.66969837e-07 
 3.09400000e-04  1.66904817e-07 
 3.09500000e-04  1.66879584e-07 
 3.09600000e-04  1.53175963e-07 
 3.09700000e-04  1.52768814e-07 
 3.09800000e-04  1.52525298e-07 
 3.09900000e-04  1.52339230e-07 
 3.10000000e-04  1.52212385e-07 
 3.10100000e-04  1.69693165e-07 
 3.10200000e-04  1.69201619e-07 
 3.10300000e-04  1.69046546e-07 
 3.10400000e-04  1.68913901e-07 
 3.10500000e-04  1.68854069e-07 
 3.10600000e-04  1.60282685e-07 
 3.10700000e-04  1.59893245e-07 
 3.10800000e-04  1.59690234e-07 
 3.10900000e-04  1.59566321e-07 
 3.11000000e-04  1.59523969e-07 
 3.11100000e-04  1.66525762e-07 
 3.11200000e-04  1.66123562e-07 
 3.11300000e-04  1.65987219e-07 
 3.11400000e-04  1.65869555e-07 
 3.11500000e-04  1.65817630e-07 
 3.11600000e-04  1.52254610e-07 
 3.11700000e-04  1.51679573e-07 
 3.11800000e-04  1.51417685e-07 
 3.11900000e-04  1.51214745e-07 
 3.12000000e-04  1.51072575e-07 
 3.12100000e-04  1.66919731e-07 
 3.12200000e-04  1.66746104e-07 
 3.12300000e-04  1.66673173e-07 
 3.12400000e-04  1.66607202e-07 
 3.12500000e-04  1.66563675e-07 
 3.12600000e-04  1.54145158e-07 
 3.12700000e-04  1.53733620e-07 
 3.12800000e-04  1.53537474e-07 
 3.12900000e-04  1.53392616e-07 
 3.13000000e-04  1.53300624e-07 
 3.13100000e-04  1.66654633e-07 
 3.13200000e-04  1.66448196e-07 
 3.13300000e-04  1.66368478e-07 
 3.13400000e-04  1.66297542e-07 
 3.13500000e-04  1.66269305e-07 
 3.13600000e-04  1.52613544e-07 
 3.13700000e-04  1.52181308e-07 
 3.13800000e-04  1.51944018e-07 
 3.13900000e-04  1.51760760e-07 
 3.14000000e-04  1.51633198e-07 
 3.14100000e-04  1.68017043e-07 
 3.14200000e-04  1.67746590e-07 
 3.14300000e-04  1.67641413e-07 
 3.14400000e-04  1.67546988e-07 
 3.14500000e-04  1.67510202e-07 
 3.14600000e-04  1.56367779e-07 
 3.14700000e-04  1.55983809e-07 
 3.14800000e-04  1.55785004e-07 
 3.14900000e-04  1.55645421e-07 
 3.15000000e-04  1.55566887e-07 
 3.15100000e-04  1.66729850e-07 
 3.15200000e-04  1.66480051e-07 
 3.15300000e-04  1.66395956e-07 
 3.15400000e-04  1.66323090e-07 
 3.15500000e-04  1.66289447e-07 
 3.15600000e-04  1.52675486e-07 
 3.15700000e-04  1.52191358e-07 
 3.15800000e-04  1.51935838e-07 
 3.15900000e-04  1.51752275e-07 
 3.16000000e-04  1.51642899e-07 
 3.16100000e-04  1.67500798e-07 
 3.16200000e-04  1.67334039e-07 
 3.16300000e-04  1.67255476e-07 
 3.16400000e-04  1.67183026e-07 
 3.16500000e-04  1.67129893e-07 
 3.16600000e-04  1.54713935e-07 
 3.16700000e-04  1.54313419e-07 
 3.16800000e-04  1.54116162e-07 
 3.16900000e-04  1.53974098e-07 
 3.17000000e-04  1.53888921e-07 
 3.17100000e-04  1.67270572e-07 
 3.17200000e-04  1.67044104e-07 
 3.17300000e-04  1.66972222e-07 
 3.17400000e-04  1.66911834e-07 
 3.17500000e-04  1.66887782e-07 
 3.17600000e-04  1.53191497e-07 
 3.17700000e-04  1.52767674e-07 
 3.17800000e-04  1.52526198e-07 
 3.17900000e-04  1.52345957e-07 
 3.18000000e-04  1.52228841e-07 
 3.18100000e-04  1.69172092e-07 
 3.18200000e-04  1.68787503e-07 
 3.18300000e-04  1.68657880e-07 
 3.18400000e-04  1.68545109e-07 
 3.18500000e-04  1.68495171e-07 
 3.18600000e-04  1.58620981e-07 
 3.18700000e-04  1.58225474e-07 
 3.18800000e-04  1.58035910e-07 
 3.18900000e-04  1.57903815e-07 
 3.19000000e-04  1.57830961e-07 
 3.19100000e-04  1.66855225e-07 
 3.19200000e-04  1.66567918e-07 
 3.19300000e-04  1.66474035e-07 
 3.19400000e-04  1.66392922e-07 
 3.19500000e-04  1.66350051e-07 
 3.19600000e-04  1.52725473e-07 
 3.19700000e-04  1.52207968e-07 
 3.19800000e-04  1.51949733e-07 
 3.19900000e-04  1.51763655e-07 
 3.20000000e-04  1.51651966e-07 
 3.20100000e-04  1.67509916e-07 
 3.20200000e-04  1.67344808e-07 
 3.20300000e-04  1.67264793e-07 
 3.20400000e-04  1.67190183e-07 
 3.20500000e-04  1.67154502e-07 
 3.20600000e-04  1.54715912e-07 
 3.20700000e-04  1.54315364e-07 
 3.20800000e-04  1.54105116e-07 
 3.20900000e-04  1.53961584e-07 
 3.21000000e-04  1.53886830e-07 
 3.21100000e-04  1.67265575e-07 
 3.21200000e-04  1.67059129e-07 
 3.21300000e-04  1.66986716e-07 
 3.21400000e-04  1.66923742e-07 
 3.21500000e-04  1.66893478e-07 
 3.21600000e-04  1.53203657e-07 
 3.21700000e-04  1.52777664e-07 
 3.21800000e-04  1.52536486e-07 
 3.21900000e-04  1.52350414e-07 
 3.22000000e-04  1.52221135e-07 
 3.22100000e-04  1.68643255e-07 
 3.22200000e-04  1.68355456e-07 
 3.22300000e-04  1.68259007e-07 
 3.22400000e-04  1.68175670e-07 
 3.22500000e-04  1.68119118e-07 
 3.22600000e-04  1.56959530e-07 
 3.22700000e-04  1.56585090e-07 
 3.22800000e-04  1.56371567e-07 
 3.22900000e-04  1.56229112e-07 
 3.23000000e-04  1.56159922e-07 
 3.23100000e-04  1.67345971e-07 
 3.23200000e-04  1.67104366e-07 
 3.23300000e-04  1.67016188e-07 
 3.23400000e-04  1.66937911e-07 
 3.23500000e-04  1.66920600e-07 
 3.23600000e-04  1.53239320e-07 
 3.23700000e-04  1.52776594e-07 
 3.23800000e-04  1.52526785e-07 
 3.23900000e-04  1.52344791e-07 
 3.24000000e-04  1.52232703e-07 
 3.24100000e-04  1.68109691e-07 
 3.24200000e-04  1.67933221e-07 
 3.24300000e-04  1.67867732e-07 
 3.24400000e-04  1.67809998e-07 
 3.24500000e-04  1.67768944e-07 
 3.24600000e-04  1.55285479e-07 
 3.24700000e-04  1.54912483e-07 
 3.24800000e-04  1.54708189e-07 
 3.24900000e-04  1.54565259e-07 
 3.25000000e-04  1.54485519e-07 
 3.25100000e-04  1.69641255e-07 
 3.25200000e-04  1.69154477e-07 
 3.25300000e-04  1.68986029e-07 
 3.25400000e-04  1.68906723e-07 
 3.25500000e-04  1.68856220e-07 
 3.25600000e-04  1.54646112e-07 
 3.25700000e-04  1.54049780e-07 
 3.25800000e-04  1.53770588e-07 
 3.25900000e-04  1.53575710e-07 
 3.26000000e-04  1.53466889e-07 
 3.26100000e-04  1.03758305e-04 
 3.26200000e-04  1.03757389e-04 
 3.26300000e-04  1.03757127e-04 
 3.26400000e-04  1.03756908e-04 
 3.26500000e-04  1.03756830e-04 
 3.26600000e-04  1.03750842e-04 
 3.26700000e-04  1.03750430e-04 
 3.26800000e-04  1.03750251e-04 
 3.26900000e-04  1.03750145e-04 
 3.27000000e-04  1.03750115e-04 
 3.27100000e-04  1.67800423e-07 
 3.27200000e-04  1.66834000e-07 
 3.27300000e-04  1.66588463e-07 
 3.27400000e-04  1.66388433e-07 
 3.27500000e-04  1.66307581e-07 
 3.27600000e-04  1.52843818e-07 
 3.27700000e-04  1.52181996e-07 
 3.27800000e-04  1.51906979e-07 
 3.27900000e-04  1.51705545e-07 
 3.28000000e-04  1.51579965e-07 
 3.28100000e-04  1.67462604e-07 
 3.28200000e-04  1.67272172e-07 
 3.28300000e-04  1.67200135e-07 
 3.28400000e-04  1.67136937e-07 
 3.28500000e-04  1.67084759e-07 
 3.28600000e-04  1.54618057e-07 
 3.28700000e-04  1.54232268e-07 
 3.28800000e-04  1.54030344e-07 
 3.28900000e-04  1.53888955e-07 
 3.29000000e-04  1.53809959e-07 
 3.29100000e-04  1.67188233e-07 
 3.29200000e-04  1.66974854e-07 
 3.29300000e-04  1.66899794e-07 
 3.29400000e-04  1.66834184e-07 
 3.29500000e-04  1.66800323e-07 
 3.29600000e-04  1.53102142e-07 
 3.29700000e-04  1.52678331e-07 
 3.29800000e-04  1.52437534e-07 
 3.29900000e-04  1.52252914e-07 
 3.30000000e-04  1.52126191e-07 
 3.30100000e-04  1.68559282e-07 
 3.30200000e-04  1.68263995e-07 
 3.30300000e-04  1.68163153e-07 
 3.30400000e-04  1.68076084e-07 
 3.30500000e-04  1.68027906e-07 
 3.30600000e-04  1.56856438e-07 
 3.30700000e-04  1.56468778e-07 
 3.30800000e-04  1.56268459e-07 
 3.30900000e-04  1.56133622e-07 
 3.31000000e-04  1.56066275e-07 
 3.31100000e-04  1.67250918e-07 
 3.31200000e-04  1.67006645e-07 
 3.31300000e-04  1.66923418e-07 
 3.31400000e-04  1.66850595e-07 
 3.31500000e-04  1.66828696e-07 
 3.31600000e-04  1.53144549e-07 
 3.31700000e-04  1.52674807e-07 
 3.31800000e-04  1.52439136e-07 
 3.31900000e-04  1.52254269e-07 
 3.32000000e-04  1.52121753e-07 
 3.32100000e-04  1.68022745e-07 
 3.32200000e-04  1.67842756e-07 
 3.32300000e-04  1.67763924e-07 
 3.32400000e-04  1.67692320e-07 
 3.32500000e-04  1.67668863e-07 
 3.32600000e-04  1.55173768e-07 
 3.32700000e-04  1.54797391e-07 
 3.32800000e-04  1.54600402e-07 
 3.32900000e-04  1.54459444e-07 
 3.33000000e-04  1.54376224e-07 
 3.33100000e-04  1.67785518e-07 
 3.33200000e-04  1.67560140e-07 
 3.33300000e-04  1.67487735e-07 
 3.33400000e-04  1.67426568e-07 
 3.33500000e-04  1.67403031e-07 
 3.33600000e-04  1.53674572e-07 
 3.33700000e-04  1.53233548e-07 
 3.33800000e-04  1.53007344e-07 
 3.33900000e-04  1.52835542e-07 
 3.34000000e-04  1.52719796e-07 
 3.34100000e-04  1.69687537e-07 
 3.34200000e-04  1.69292461e-07 
 3.34300000e-04  1.69166074e-07 
 3.34400000e-04  1.69058133e-07 
 3.34500000e-04  1.68991964e-07 
 3.34600000e-04  1.59106090e-07 
 3.34700000e-04  1.58702417e-07 
 3.34800000e-04  1.58513597e-07 
 3.34900000e-04  1.58386769e-07 
 3.35000000e-04  1.58323827e-07 
 3.35100000e-04  1.67369687e-07 
 3.35200000e-04  1.67083829e-07 
 3.35300000e-04  1.66987799e-07 
 3.35400000e-04  1.66904224e-07 
 3.35500000e-04  1.66857723e-07 
 3.35600000e-04  1.53212752e-07 
 3.35700000e-04  1.52700599e-07 
 3.35800000e-04  1.52454440e-07 
 3.35900000e-04  1.52266080e-07 
 3.36000000e-04  1.52137279e-07 
 3.36100000e-04  1.68036836e-07 
 3.36200000e-04  1.67848836e-07 
 3.36300000e-04  1.67769056e-07 
 3.36400000e-04  1.67697076e-07 
 3.36500000e-04  1.67677533e-07 
 3.36600000e-04  1.55193481e-07 
 3.36700000e-04  1.54793933e-07 
 3.36800000e-04  1.54591318e-07 
 3.36900000e-04  1.54449340e-07 
 3.37000000e-04  1.54369850e-07 
 3.37100000e-04  1.67788406e-07 
 3.37200000e-04  1.67574437e-07 
 3.37300000e-04  1.67502235e-07 
 3.37400000e-04  1.67440100e-07 
 3.37500000e-04  1.67404987e-07 
 3.37600000e-04  1.53674621e-07 
 3.37700000e-04  1.53254121e-07 
 3.37800000e-04  1.53015730e-07 
 3.37900000e-04  1.52836198e-07 
 3.38000000e-04  1.52717316e-07 
 3.38100000e-04  1.69170402e-07 
 3.38200000e-04  1.68869146e-07 
 3.38300000e-04  1.68771274e-07 
 3.38400000e-04  1.68688305e-07 
 3.38500000e-04  1.68636643e-07 
 3.38600000e-04  1.57432785e-07 
 3.38700000e-04  1.57056424e-07 
 3.38800000e-04  1.56855862e-07 
 3.38900000e-04  1.56717045e-07 
 3.39000000e-04  1.56641855e-07 
 3.39100000e-04  1.67862306e-07 
 3.39200000e-04  1.67626703e-07 
 3.39300000e-04  1.67538806e-07 
 3.39400000e-04  1.67460354e-07 
 3.39500000e-04  1.67415848e-07 
 3.39600000e-04  1.53729916e-07 
 3.39700000e-04  1.53268925e-07 
 3.39800000e-04  1.53021216e-07 
 3.39900000e-04  1.52831727e-07 
 3.40000000e-04  1.52702228e-07 
 3.40100000e-04  1.68651400e-07 
 3.40200000e-04  1.68464840e-07 
 3.40300000e-04  1.68379518e-07 
 3.40400000e-04  1.68301926e-07 
 3.40500000e-04  1.68256851e-07 
 3.40600000e-04  1.55760364e-07 
 3.40700000e-04  1.55378634e-07 
 3.40800000e-04  1.55186853e-07 
 3.40900000e-04  1.55046186e-07 
 3.41000000e-04  1.54958181e-07 
 3.41100000e-04  1.68389488e-07 
 3.41200000e-04  1.68178968e-07 
 3.41300000e-04  1.68105269e-07 
 3.41400000e-04  1.68040939e-07 
 3.41500000e-04  1.68005689e-07 
 3.41600000e-04  1.54244475e-07 
 3.41700000e-04  1.53834531e-07 
 3.41800000e-04  1.53597967e-07 
 3.41900000e-04  1.53416834e-07 
 3.42000000e-04  1.53292813e-07 
 3.42100000e-04  1.70840949e-07 
 3.42200000e-04  1.70342700e-07 
 3.42300000e-04  1.70175471e-07 
 3.42400000e-04  1.70029837e-07 
 3.42500000e-04  1.69974459e-07 
 3.42600000e-04  1.61346286e-07 
 3.42700000e-04  1.60951095e-07 
 3.42800000e-04  1.60774512e-07 
 3.42900000e-04  1.60663003e-07 
 3.43000000e-04  1.60618555e-07 
 3.43100000e-04  1.67673578e-07 
 3.43200000e-04  1.67274855e-07 
 3.43300000e-04  1.67137011e-07 
 3.43400000e-04  1.67017130e-07 
 3.43500000e-04  1.66955292e-07 
 3.43600000e-04  1.53314222e-07 
 3.43700000e-04  1.52755396e-07 
 3.43800000e-04  1.52487673e-07 
 3.43900000e-04  1.52291058e-07 
 3.44000000e-04  1.52167727e-07 
 3.44100000e-04  1.68070977e-07 
 3.44200000e-04  1.67898596e-07 
 3.44300000e-04  1.67812673e-07 
 3.44400000e-04  1.67732335e-07 
 3.44500000e-04  1.67680506e-07 
 3.44600000e-04  1.55191225e-07 
 3.44700000e-04  1.54822032e-07 
 3.44800000e-04  1.54609332e-07 
 3.44900000e-04  1.54460994e-07 
 3.45000000e-04  1.54378981e-07 
 3.45100000e-04  1.67805190e-07 
 3.45200000e-04  1.67591632e-07 
 3.45300000e-04  1.67509095e-07 
 3.45400000e-04  1.67435917e-07 
 3.45500000e-04  1.67390695e-07 
 3.45600000e-04  1.53678251e-07 
 3.45700000e-04  1.53250581e-07 
 3.45800000e-04  1.53011662e-07 
 3.45900000e-04  1.52835386e-07 
 3.46000000e-04  1.52723656e-07 
 3.46100000e-04  1.69158641e-07 
 3.46200000e-04  1.68875328e-07 
 3.46300000e-04  1.68774370e-07 
 3.46400000e-04  1.68685729e-07 
 3.46500000e-04  1.68644971e-07 
 3.46600000e-04  1.57435903e-07 
 3.46700000e-04  1.57060073e-07 
 3.46800000e-04  1.56865807e-07 
 3.46900000e-04  1.56730357e-07 
 3.47000000e-04  1.56655508e-07 
 3.47100000e-04  1.67868538e-07 
 3.47200000e-04  1.67621270e-07 
 3.47300000e-04  1.67530862e-07 
 3.47400000e-04  1.67450484e-07 
 3.47500000e-04  1.67422707e-07 
 3.47600000e-04  1.53727126e-07 
 3.47700000e-04  1.53247277e-07 
 3.47800000e-04  1.53003185e-07 
 3.47900000e-04  1.52825864e-07 
 3.48000000e-04  1.52717350e-07 
 3.48100000e-04  1.68629478e-07 
 3.48200000e-04  1.68462826e-07 
 3.48300000e-04  1.68380677e-07 
 3.48400000e-04  1.68304007e-07 
 3.48500000e-04  1.68260177e-07 
 3.48600000e-04  1.55774497e-07 
 3.48700000e-04  1.55391687e-07 
 3.48800000e-04  1.55184087e-07 
 3.48900000e-04  1.55036856e-07 
 3.49000000e-04  1.54951824e-07 
 3.49100000e-04  1.68409675e-07 
 3.49200000e-04  1.68176360e-07 
 3.49300000e-04  1.68102382e-07 
 3.49400000e-04  1.68040662e-07 
 3.49500000e-04  1.68019229e-07 
 3.49600000e-04  1.54255405e-07 
 3.49700000e-04  1.53838359e-07 
 3.49800000e-04  1.53591948e-07 
 3.49900000e-04  1.53415177e-07 
 3.50000000e-04  1.53310170e-07 
 3.50100000e-04  1.70301341e-07 
 3.50200000e-04  1.69905745e-07 
 3.50300000e-04  1.69776182e-07 
 3.50400000e-04  1.69664390e-07 
 3.50500000e-04  1.69605995e-07 
 3.50600000e-04  1.59688972e-07 
 3.50700000e-04  1.59302717e-07 
 3.50800000e-04  1.59106469e-07 
 3.50900000e-04  1.58982218e-07 
 3.51000000e-04  1.58932162e-07 
 3.51100000e-04  1.67996542e-07 
 3.51200000e-04  1.67695214e-07 
 3.51300000e-04  1.67597338e-07 
 3.51400000e-04  1.67513513e-07 
 3.51500000e-04  1.67476062e-07 
 3.51600000e-04  1.53793804e-07 
 3.51700000e-04  1.53290124e-07 
 3.51800000e-04  1.53033543e-07 
 3.51900000e-04  1.52843418e-07 
 3.52000000e-04  1.52721769e-07 
 3.52100000e-04  1.68659624e-07 
 3.52200000e-04  1.68472175e-07 
 3.52300000e-04  1.68393936e-07 
 3.52400000e-04  1.68323709e-07 
 3.52500000e-04  1.68294520e-07 
 3.52600000e-04  1.55766778e-07 
 3.52700000e-04  1.55403749e-07 
 3.52800000e-04  1.55188317e-07 
 3.52900000e-04  1.55045549e-07 
 3.53000000e-04  1.54977659e-07 
 3.53100000e-04  1.68406349e-07 
 3.53200000e-04  1.68192990e-07 
 3.53300000e-04  1.68111491e-07 
 3.53400000e-04  1.68038829e-07 
 3.53500000e-04  1.68025603e-07 
 3.53600000e-04  1.54250651e-07 
 3.53700000e-04  1.53839708e-07 
 3.53800000e-04  1.53601405e-07 
 3.53900000e-04  1.53424558e-07 
 3.54000000e-04  1.53311028e-07 
 3.54100000e-04  1.69791755e-07 
 3.54200000e-04  1.69491748e-07 
 3.54300000e-04  1.69387878e-07 
 3.54400000e-04  1.69297808e-07 
 3.54500000e-04  1.69251039e-07 
 3.54600000e-04  1.58007622e-07 
 3.54700000e-04  1.57635684e-07 
 3.54800000e-04  1.57440941e-07 
 3.54900000e-04  1.57304423e-07 
 3.55000000e-04  1.57227888e-07 
 3.55100000e-04  1.68501118e-07 
 3.55200000e-04  1.68235047e-07 
 3.55300000e-04  1.68144131e-07 
 3.55400000e-04  1.68065462e-07 
 3.55500000e-04  1.68032236e-07 
 3.55600000e-04  1.54314314e-07 
 3.55700000e-04  1.53855432e-07 
 3.55800000e-04  1.53610382e-07 
 3.55900000e-04  1.53425213e-07 
 3.56000000e-04  1.53301736e-07 
 3.56100000e-04  1.69258477e-07 
 3.56200000e-04  1.69088720e-07 
 3.56300000e-04  1.69000760e-07 
 3.56400000e-04  1.68917761e-07 
 3.56500000e-04  1.68879706e-07 
 3.56600000e-04  1.56345367e-07 
 3.56700000e-04  1.55994495e-07 
 3.56800000e-04  1.55788276e-07 
 3.56900000e-04  1.55640243e-07 
 3.57000000e-04  1.55552151e-07 
 3.57100000e-04  1.69026531e-07 
 3.57200000e-04  1.68809148e-07 
 3.57300000e-04  1.68726063e-07 
 3.57400000e-04  1.68652399e-07 
 3.57500000e-04  1.68624461e-07 
 3.57600000e-04  1.54831532e-07 
 3.57700000e-04  1.54421454e-07 
 3.57800000e-04  1.54196947e-07 
 3.57900000e-04  1.54019613e-07 
 3.58000000e-04  1.53890857e-07 
 3.58100000e-04  1.72003648e-07 
 3.58200000e-04  1.71375850e-07 
 3.58300000e-04  1.71188387e-07 
 3.58400000e-04  1.71031011e-07 
 3.58500000e-04  1.70963137e-07 
 3.58600000e-04  1.63603056e-07 
 3.58700000e-04  1.63211268e-07 
 3.58800000e-04  1.63034425e-07 
 3.58900000e-04  1.62922144e-07 
 3.59000000e-04  1.62876383e-07 
 3.59100000e-04  1.68304087e-07 
 3.59200000e-04  1.67506987e-07 
 3.59300000e-04  1.67260376e-07 
 3.59400000e-04  1.67051194e-07 
 3.59500000e-04  1.66983411e-07 
 3.59600000e-04  1.53386392e-07 
 3.59700000e-04  1.52786613e-07 
 3.59800000e-04  1.52509954e-07 
 3.59900000e-04  1.52305782e-07 
 3.60000000e-04  1.52176300e-07 
 3.60100000e-04  1.68084864e-07 
 3.60200000e-04  1.67896468e-07 
 3.60300000e-04  1.67816120e-07 
 3.60400000e-04  1.67743742e-07 
 3.60500000e-04  1.67686940e-07 
 3.60600000e-04  1.55194846e-07 
 3.60700000e-04  1.54807955e-07 
 3.60800000e-04  1.54606059e-07 
 3.60900000e-04  1.54467340e-07 
 3.61000000e-04  1.54393708e-07 
 3.61100000e-04  1.67812505e-07 
 3.61200000e-04  1.67599335e-07 
 3.61300000e-04  1.67517040e-07 
 3.61400000e-04  1.67444016e-07 
 3.61500000e-04  1.67399444e-07 
 3.61600000e-04  1.53677188e-07 
 3.61700000e-04  1.53264466e-07 
 3.61800000e-04  1.53018700e-07 
 3.61900000e-04  1.52834727e-07 
 3.62000000e-04  1.52714410e-07 
 3.62100000e-04  1.69182041e-07 
 3.62200000e-04  1.68886398e-07 
 3.62300000e-04  1.68782909e-07 
 3.62400000e-04  1.68693299e-07 
 3.62500000e-04  1.68646289e-07 
 3.62600000e-04  1.57444166e-07 
 3.62700000e-04  1.57060751e-07 
 3.62800000e-04  1.56857307e-07 
 3.62900000e-04  1.56717845e-07 
 3.63000000e-04  1.56644298e-07 
 3.63100000e-04  1.67876063e-07 
 3.63200000e-04  1.67631114e-07 
 3.63300000e-04  1.67543040e-07 
 3.63400000e-04  1.67465209e-07 
 3.63500000e-04  1.67421167e-07 
 3.63600000e-04  1.53732070e-07 
 3.63700000e-04  1.53262467e-07 
 3.63800000e-04  1.53026139e-07 
 3.63900000e-04  1.52841132e-07 
 3.64000000e-04  1.52708974e-07 
 3.64100000e-04  1.68637860e-07 
 3.64200000e-04  1.68463965e-07 
 3.64300000e-04  1.68386528e-07 
 3.64400000e-04  1.68315713e-07 
 3.64500000e-04  1.68263609e-07 
 3.64600000e-04  1.55761142e-07 
 3.64700000e-04  1.55386112e-07 
 3.64800000e-04  1.55187689e-07 
 3.64900000e-04  1.55047465e-07 
 3.65000000e-04  1.54967189e-07 
 3.65100000e-04  1.68411668e-07 
 3.65200000e-04  1.68195750e-07 
 3.65300000e-04  1.68117158e-07 
 3.65400000e-04  1.68048550e-07 
 3.65500000e-04  1.68004065e-07 
 3.65600000e-04  1.54266418e-07 
 3.65700000e-04  1.53827681e-07 
 3.65800000e-04  1.53592574e-07 
 3.65900000e-04  1.53416635e-07 
 3.66000000e-04  1.53301539e-07 
 3.66100000e-04  1.72776152e-07 
 3.66200000e-04  1.71758445e-07 
 3.66300000e-04  1.71454189e-07 
 3.66400000e-04  1.71322881e-07 
 3.66500000e-04  1.71247456e-07 
 3.66600000e-04  1.60857606e-07 
 3.66700000e-04  1.60326219e-07 
 3.66800000e-04  1.60077014e-07 
 3.66900000e-04  1.59894616e-07 
 3.67000000e-04  1.59780353e-07 
 3.67100000e-04  1.03754918e-04 
 3.67200000e-04  1.03754420e-04 
 3.67300000e-04  1.03754281e-04 
 3.67400000e-04  1.03754165e-04 
 3.67500000e-04  1.03754104e-04 
 3.67600000e-04  1.03740457e-04 
 3.67700000e-04  1.03739928e-04 
 3.67800000e-04  1.03739663e-04 
 3.67900000e-04  1.03739471e-04 
 3.68000000e-04  1.03739353e-04 
 3.68100000e-04  1.69812322e-07 
 3.68200000e-04  1.69585597e-07 
 3.68300000e-04  1.69500876e-07 
 3.68400000e-04  1.69426406e-07 
 3.68500000e-04  1.69385581e-07 
 3.68600000e-04  1.56860462e-07 
 3.68700000e-04  1.56474708e-07 
 3.68800000e-04  1.56281765e-07 
 3.68900000e-04  1.56148042e-07 
 3.69000000e-04  1.56075314e-07 
 3.69100000e-04  1.69558822e-07 
 3.69200000e-04  1.69335236e-07 
 3.69300000e-04  1.69254286e-07 
 3.69400000e-04  1.69183526e-07 
 3.69500000e-04  1.69167862e-07 
 3.69600000e-04  1.55348161e-07 
 3.69700000e-04  1.54932267e-07 
 3.69800000e-04  1.54692875e-07 
 3.69900000e-04  1.54513621e-07 
 3.70000000e-04  1.54396306e-07 
 3.70100000e-04  1.70946233e-07 
 3.70200000e-04  1.70653510e-07 
 3.70300000e-04  1.70538244e-07 
 3.70400000e-04  1.70434898e-07 
 3.70500000e-04  1.70381843e-07 
 3.70600000e-04  1.59099910e-07 
 3.70700000e-04  1.58719927e-07 
 3.70800000e-04  1.58541637e-07 
 3.70900000e-04  1.58412260e-07 
 3.71000000e-04  1.58333242e-07 
 3.71100000e-04  1.69638875e-07 
 3.71200000e-04  1.69386817e-07 
 3.71300000e-04  1.69295427e-07 
 3.71400000e-04  1.69214651e-07 
 3.71500000e-04  1.69189190e-07 
 3.71600000e-04  1.55379366e-07 
 3.71700000e-04  1.54935213e-07 
 3.71800000e-04  1.54690726e-07 
 3.71900000e-04  1.54509084e-07 
 3.72000000e-04  1.54392175e-07 
 3.72100000e-04  1.70417235e-07 
 3.72200000e-04  1.70223993e-07 
 3.72300000e-04  1.70142963e-07 
 3.72400000e-04  1.70070247e-07 
 3.72500000e-04  1.70023897e-07 
 3.72600000e-04  1.57434657e-07 
 3.72700000e-04  1.57046537e-07 
 3.72800000e-04  1.56863569e-07 
 3.72900000e-04  1.56732764e-07 
 3.73000000e-04  1.56655672e-07 
 3.73100000e-04  1.70180364e-07 
 3.73200000e-04  1.69952853e-07 
 3.73300000e-04  1.69871671e-07 
 3.73400000e-04  1.69800756e-07 
 3.73500000e-04  1.69755934e-07 
 3.73600000e-04  1.55928540e-07 
 3.73700000e-04  1.55493583e-07 
 3.73800000e-04  1.55273196e-07 
 3.73900000e-04  1.55107074e-07 
 3.74000000e-04  1.54996830e-07 
 3.74100000e-04  1.72615319e-07 
 3.74200000e-04  1.72105826e-07 
 3.74300000e-04  1.71938915e-07 
 3.74400000e-04  1.71794531e-07 
 3.74500000e-04  1.71721905e-07 
 3.74600000e-04  1.62990643e-07 
 3.74700000e-04  1.62628109e-07 
 3.74800000e-04  1.62443681e-07 
 3.74900000e-04  1.62332647e-07 
 3.75000000e-04  1.62297223e-07 
 3.75100000e-04  1.69432339e-07 
 3.75200000e-04  1.69037574e-07 
 3.75300000e-04  1.68881658e-07 
 3.75400000e-04  1.68741426e-07 
 3.75500000e-04  1.68675746e-07 
 3.75600000e-04  1.54959843e-07 
 3.75700000e-04  1.54431907e-07 
 3.75800000e-04  1.54160246e-07 
 3.75900000e-04  1.53965640e-07 
 3.76000000e-04  1.53850424e-07 
 3.76100000e-04  1.69837276e-07 
 3.76200000e-04  1.69639456e-07 
 3.76300000e-04  1.69551631e-07 
 3.76400000e-04  1.69471858e-07 
 3.76500000e-04  1.69429962e-07 
 3.76600000e-04  1.56851907e-07 
 3.76700000e-04  1.56476669e-07 
 3.76800000e-04  1.56276588e-07 
 3.76900000e-04  1.56142365e-07 
 3.77000000e-04  1.56075981e-07 
 3.77100000e-04  1.69582791e-07 
 3.77200000e-04  1.69343058e-07 
 3.77300000e-04  1.69258849e-07 
 3.77400000e-04  1.69186109e-07 
 3.77500000e-04  1.69147151e-07 
 3.77600000e-04  1.55327780e-07 
 3.77700000e-04  1.54906061e-07 
 3.77800000e-04  1.54685931e-07 
 3.77900000e-04  1.54517204e-07 
 3.78000000e-04  1.54401397e-07 
 3.78100000e-04  1.70938702e-07 
 3.78200000e-04  1.70641973e-07 
 3.78300000e-04  1.70530859e-07 
 3.78400000e-04  1.70432410e-07 
 3.78500000e-04  1.70381374e-07 
 3.78600000e-04  1.59086749e-07 
 3.78700000e-04  1.58709483e-07 
 3.78800000e-04  1.58521541e-07 
 3.78900000e-04  1.58397961e-07 
 3.79000000e-04  1.58340674e-07 
 3.79100000e-04  1.69643631e-07 
 3.79200000e-04  1.69375140e-07 
 3.79300000e-04  1.69281733e-07 
 3.79400000e-04  1.69200442e-07 
 3.79500000e-04  1.69181636e-07 
 3.79600000e-04  1.55387904e-07 
 3.79700000e-04  1.54931764e-07 
 3.79800000e-04  1.54693670e-07 
 3.79900000e-04  1.54516543e-07 
 3.80000000e-04  1.54402203e-07 
 3.80100000e-04  1.70422372e-07 
 3.80200000e-04  1.70218266e-07 
 3.80300000e-04  1.70134636e-07 
 3.80400000e-04  1.70060080e-07 
 3.80500000e-04  1.70009058e-07 
 3.80600000e-04  1.57433919e-07 
 3.80700000e-04  1.57045591e-07 
 3.80800000e-04  1.56854628e-07 
 3.80900000e-04  1.56719666e-07 
 3.81000000e-04  1.56642370e-07 
 3.81100000e-04  1.70172216e-07 
 3.81200000e-04  1.69947776e-07 
 3.81300000e-04  1.69869889e-07 
 3.81400000e-04  1.69802554e-07 
 3.81500000e-04  1.69766830e-07 
 3.81600000e-04  1.55904149e-07 
 3.81700000e-04  1.55490257e-07 
 3.81800000e-04  1.55263148e-07 
 3.81900000e-04  1.55096887e-07 
 3.82000000e-04  1.54993288e-07 
 3.82100000e-04  1.72080395e-07 
 3.82200000e-04  1.71682710e-07 
 3.82300000e-04  1.71541762e-07 
 3.82400000e-04  1.71417505e-07 
 3.82500000e-04  1.71352943e-07 
 3.82600000e-04  1.61332957e-07 
 3.82700000e-04  1.60963286e-07 
 3.82800000e-04  1.60782563e-07 
 3.82900000e-04  1.60658451e-07 
 3.83000000e-04  1.60592627e-07 
 3.83100000e-04  1.69769866e-07 
 3.83200000e-04  1.69458891e-07 
 3.83300000e-04  1.69349920e-07 
 3.83400000e-04  1.69254771e-07 
 3.83500000e-04  1.69231621e-07 
 3.83600000e-04  1.55464990e-07 
 3.83700000e-04  1.54945660e-07 
 3.83800000e-04  1.54701762e-07 
 3.83900000e-04  1.54522836e-07 
 3.84000000e-04  1.54410824e-07 
 3.84100000e-04  1.70424311e-07 
 3.84200000e-04  1.70244592e-07 
 3.84300000e-04  1.70159014e-07 
 3.84400000e-04  1.70079661e-07 
 3.84500000e-04  1.70032392e-07 
 3.84600000e-04  1.57419310e-07 
 3.84700000e-04  1.57050509e-07 
 3.84800000e-04  1.56859290e-07 
 3.84900000e-04  1.56726819e-07 
 3.85000000e-04  1.56654846e-07 
 3.85100000e-04  1.70182958e-07 
 3.85200000e-04  1.69942314e-07 
 3.85300000e-04  1.69863023e-07 
 3.85400000e-04  1.69795653e-07 
 3.85500000e-04  1.69766165e-07 
 3.85600000e-04  1.55927036e-07 
 3.85700000e-04  1.55499510e-07 
 3.85800000e-04  1.55271882e-07 
 3.85900000e-04  1.55098550e-07 
 3.86000000e-04  1.54981114e-07 
 3.86100000e-04  1.71556445e-07 
 3.86200000e-04  1.71264791e-07 
 3.86300000e-04  1.71145800e-07 
 3.86400000e-04  1.71038167e-07 
 3.86500000e-04  1.70993755e-07 
 3.86600000e-04  1.59673231e-07 
 3.86700000e-04  1.59305730e-07 
 3.86800000e-04  1.59118969e-07 
 3.86900000e-04  1.58995797e-07 
 3.87000000e-04  1.58938111e-07 
 3.87100000e-04  1.70260468e-07 
 3.87200000e-04  1.70008330e-07 
 3.87300000e-04  1.69909952e-07 
 3.87400000e-04  1.69821538e-07 
 3.87500000e-04  1.69797051e-07 
 3.87600000e-04  1.55976277e-07 
 3.87700000e-04  1.55509492e-07 
 3.87800000e-04  1.55275862e-07 
 3.87900000e-04  1.55105121e-07 
 3.88000000e-04  1.54999142e-07 
 3.88100000e-04  1.71030558e-07 
 3.88200000e-04  1.70842498e-07 
 3.88300000e-04  1.70756358e-07 
 3.88400000e-04  1.70677302e-07 
 3.88500000e-04  1.70626591e-07 
 3.88600000e-04  1.58001571e-07 
 3.88700000e-04  1.57640117e-07 
 3.88800000e-04  1.57455647e-07 
 3.88900000e-04  1.57320663e-07 
 3.89000000e-04  1.57236615e-07 
 3.89100000e-04  1.70809650e-07 
 3.89200000e-04  1.70559827e-07 
 3.89300000e-04  1.70485556e-07 
 3.89400000e-04  1.70424707e-07 
 3.89500000e-04  1.70377200e-07 
 3.89600000e-04  1.56505347e-07 
 3.89700000e-04  1.56090126e-07 
 3.89800000e-04  1.55854877e-07 
 3.89900000e-04  1.55684261e-07 
 3.90000000e-04  1.55580208e-07 
 3.90100000e-04  1.74834076e-07 
 3.90200000e-04  1.73988853e-07 
 3.90300000e-04  1.73734863e-07 
 3.90400000e-04  1.73520030e-07 
 3.90500000e-04  1.73423638e-07 
 3.90600000e-04  1.68568452e-07 
 3.90700000e-04  1.68204644e-07 
 3.90800000e-04  1.68026419e-07 
 3.90900000e-04  1.67933803e-07 
 3.91000000e-04  1.67929386e-07 
 3.91100000e-04  1.69026941e-07 
 3.91200000e-04  1.68061541e-07 
 3.91300000e-04  1.67802568e-07 
 3.91400000e-04  1.67588028e-07 
 3.91500000e-04  1.67493878e-07 
 3.91600000e-04  1.53945510e-07 
 3.91700000e-04  1.53259620e-07 
 3.91800000e-04  1.52983312e-07 
 3.91900000e-04  1.52777943e-07 
 3.92000000e-04  1.52645640e-07 
 3.92100000e-04  1.68608783e-07 
 3.92200000e-04  1.68422583e-07 
 3.92300000e-04  1.68333355e-07 
 3.92400000e-04  1.68250745e-07 
 3.92500000e-04  1.68208975e-07 
 3.92600000e-04  1.55660478e-07 
 3.92700000e-04  1.55301976e-07 
 3.92800000e-04  1.55109227e-07 
 3.92900000e-04  1.54972033e-07 
 3.93000000e-04  1.54892030e-07 
 3.93100000e-04  1.68321912e-07 
 3.93200000e-04  1.68107046e-07 
 3.93300000e-04  1.68028960e-07 
 3.93400000e-04  1.67960526e-07 
 3.93500000e-04  1.67923265e-07 
 3.93600000e-04  1.54154199e-07 
 3.93700000e-04  1.53733644e-07 
 3.93800000e-04  1.53498013e-07 
 3.93900000e-04  1.53322147e-07 
 3.94000000e-04  1.53207814e-07 
 3.94100000e-04  1.69691749e-07 
 3.94200000e-04  1.69397646e-07 
 3.94300000e-04  1.69292405e-07 
 3.94400000e-04  1.69200323e-07 
 3.94500000e-04  1.69148479e-07 
 3.94600000e-04  1.57923231e-07 
 3.94700000e-04  1.57531573e-07 
 3.94800000e-04  1.57347544e-07 
 3.94900000e-04  1.57219377e-07 
 3.95000000e-04  1.57148715e-07 
 3.95100000e-04  1.68385511e-07 
 3.95200000e-04  1.68135406e-07 
 3.95300000e-04  1.68043626e-07 
 3.95400000e-04  1.67962212e-07 
 3.95500000e-04  1.67944406e-07 
 3.95600000e-04  1.54213206e-07 
 3.95700000e-04  1.53759239e-07 
 3.95800000e-04  1.53509123e-07 
 3.95900000e-04  1.53324285e-07 
 3.96000000e-04  1.53206667e-07 
 3.96100000e-04  1.69154407e-07 
 3.96200000e-04  1.68976263e-07 
 3.96300000e-04  1.68897616e-07 
 3.96400000e-04  1.68825663e-07 
 3.96500000e-04  1.68791159e-07 
 3.96600000e-04  1.56244640e-07 
 3.96700000e-04  1.55854444e-07 
 3.96800000e-04  1.55662027e-07 
 3.96900000e-04  1.55526323e-07 
 3.97000000e-04  1.55449001e-07 
 3.97100000e-04  1.68921933e-07 
 3.97200000e-04  1.68712120e-07 
 3.97300000e-04  1.68627310e-07 
 3.97400000e-04  1.68551067e-07 
 3.97500000e-04  1.68513744e-07 
 3.97600000e-04  1.54743738e-07 
 3.97700000e-04  1.54328632e-07 
 3.97800000e-04  1.54090431e-07 
 3.97900000e-04  1.53905853e-07 
 3.98000000e-04  1.53776467e-07 
 3.98100000e-04  1.70836247e-07 
 3.98200000e-04  1.70435326e-07 
 3.98300000e-04  1.70296367e-07 
 3.98400000e-04  1.70174981e-07 
 3.98500000e-04  1.70121577e-07 
 3.98600000e-04  1.60152447e-07 
 3.98700000e-04  1.59786317e-07 
 3.98800000e-04  1.59597323e-07 
 3.98900000e-04  1.59474692e-07 
 3.99000000e-04  1.59420400e-07 
 3.99100000e-04  1.68498308e-07 
 3.99200000e-04  1.68213152e-07 
 3.99300000e-04  1.68115903e-07 
 3.99400000e-04  1.68030870e-07 
 3.99500000e-04  1.67983288e-07 
 3.99600000e-04  1.54281989e-07 
 3.99700000e-04  1.53767437e-07 
 3.99800000e-04  1.53522039e-07 
 3.99900000e-04  1.53336639e-07 
 4.00000000e-04  1.53213001e-07 
 4.00100000e-04  1.69174645e-07 
 4.00200000e-04  1.68992972e-07 
 4.00300000e-04  1.68910681e-07 
 4.00400000e-04  1.68835382e-07 
 4.00500000e-04  1.68796904e-07 
 4.00600000e-04  1.56246276e-07 
 4.00700000e-04  1.55878763e-07 
 4.00800000e-04  1.55682563e-07 
 4.00900000e-04  1.55538765e-07 
 4.01000000e-04  1.55448900e-07 
 4.01100000e-04  1.68925536e-07 
 4.01200000e-04  1.68701231e-07 
 4.01300000e-04  1.68625594e-07 
 4.01400000e-04  1.68560284e-07 
 4.01500000e-04  1.68517761e-07 
 4.01600000e-04  1.54734794e-07 
 4.01700000e-04  1.54325422e-07 
 4.01800000e-04  1.54089501e-07 
 4.01900000e-04  1.53912655e-07 
 4.02000000e-04  1.53796620e-07 
 4.02100000e-04  1.70294185e-07 
 4.02200000e-04  1.70018238e-07 
 4.02300000e-04  1.69908581e-07 
 4.02400000e-04  1.69809530e-07 
 4.02500000e-04  1.69767140e-07 
 4.02600000e-04  1.58510533e-07 
 4.02700000e-04  1.58123507e-07 
 4.02800000e-04  1.57924442e-07 
 4.02900000e-04  1.57796244e-07 
 4.03000000e-04  1.57741026e-07 
 4.03100000e-04  1.69012822e-07 
 4.03200000e-04  1.68753366e-07 
 4.03300000e-04  1.68660005e-07 
 4.03400000e-04  1.68577750e-07 
 4.03500000e-04  1.68553841e-07 
 4.03600000e-04  1.54793469e-07 
 4.03700000e-04  1.54339917e-07 
 4.03800000e-04  1.54083625e-07 
 4.03900000e-04  1.53902457e-07 
 4.04000000e-04  1.53798657e-07 
 4.04100000e-04  1.69775049e-07 
 4.04200000e-04  1.69594629e-07 
 4.04300000e-04  1.69514871e-07 
 4.04400000e-04  1.69441971e-07 
 4.04500000e-04  1.69399587e-07 
 4.04600000e-04  1.56834684e-07 
 4.04700000e-04  1.56461620e-07 
 4.04800000e-04  1.56261581e-07 
 4.04900000e-04  1.56122216e-07 
 4.05000000e-04  1.56045310e-07 
 4.05100000e-04  1.69543089e-07 
 4.05200000e-04  1.69318296e-07 
 4.05300000e-04  1.69240396e-07 
 4.05400000e-04  1.69172936e-07 
 4.05500000e-04  1.69128339e-07 
 4.05600000e-04  1.55323363e-07 
 4.05700000e-04  1.54906117e-07 
 4.05800000e-04  1.54669470e-07 
 4.05900000e-04  1.54493878e-07 
 4.06000000e-04  1.54381141e-07 
 4.06100000e-04  1.71985239e-07 
 4.06200000e-04  1.71474570e-07 
 4.06300000e-04  1.71307617e-07 
 4.06400000e-04  1.71163433e-07 
 4.06500000e-04  1.71098594e-07 
 4.06600000e-04  1.62413194e-07 
 4.06700000e-04  1.62025370e-07 
 4.06800000e-04  1.61852181e-07 
 4.06900000e-04  1.61736612e-07 
 4.07000000e-04  1.61680347e-07 
 4.07100000e-04  1.68793869e-07 
 4.07200000e-04  1.68398690e-07 
 4.07300000e-04  1.68255029e-07 
 4.07400000e-04  1.68128397e-07 
 4.07500000e-04  1.68068327e-07 
 4.07600000e-04  1.54389596e-07 
 4.07700000e-04  1.53839473e-07 
 4.07800000e-04  1.53563740e-07 
 4.07900000e-04  1.53364606e-07 
 4.08000000e-04  1.53244358e-07 
 4.08100000e-04  1.69210925e-07 
 4.08200000e-04  1.69018570e-07 
 4.08300000e-04  1.68935964e-07 
 4.08400000e-04  1.68861351e-07 
 4.08500000e-04  1.68820599e-07 
 4.08600000e-04  1.56252283e-07 
 4.08700000e-04  1.55872074e-07 
 4.08800000e-04  1.55678399e-07 
 4.08900000e-04  1.55540756e-07 
 4.09000000e-04  1.55460640e-07 
 4.09100000e-04  1.70678751e-07 
 4.09200000e-04  1.70192087e-07 
 4.09300000e-04  1.70030368e-07 
 4.09400000e-04  1.69940624e-07 
 4.09500000e-04  1.69874137e-07 
 4.09600000e-04  1.55606208e-07 
 4.09700000e-04  1.55008510e-07 
 4.09800000e-04  1.54748077e-07 
 4.09900000e-04  1.54562629e-07 
 4.10000000e-04  1.54453630e-07 
 4.10100000e-04  1.03757237e-04 
 4.10200000e-04  1.03756745e-04 
 4.10300000e-04  1.03756598e-04 
 4.10400000e-04  1.03756474e-04 
 4.10500000e-04  1.03756421e-04 
 4.10600000e-04  1.03745169e-04 
 4.10700000e-04  1.03744758e-04 
 4.10800000e-04  1.03744559e-04 
 4.10900000e-04  1.03744424e-04 
 4.11000000e-04  1.03744353e-04 
 4.11100000e-04  1.72352481e-07 
 4.11200000e-04  1.71513582e-07 
 4.11300000e-04  1.71244030e-07 
 4.11400000e-04  1.71121745e-07 
 4.11500000e-04  1.71047046e-07 
 4.11600000e-04  1.56772066e-07 
 4.11700000e-04  1.56122805e-07 
 4.11800000e-04  1.55859637e-07 
 4.11900000e-04  1.55667503e-07 
 4.12000000e-04  1.55547781e-07 
 4.12100000e-04  1.03757867e-04 
 4.12200000e-04  1.03757482e-04 
 4.12300000e-04  1.03757359e-04 
 4.12400000e-04  1.03757252e-04 
 4.12500000e-04  1.03757208e-04 
 4.12600000e-04  1.03744580e-04 
 4.12700000e-04  1.03744193e-04 
 4.12800000e-04  1.03744008e-04 
 4.12900000e-04  1.03743872e-04 
 4.13000000e-04  1.03743787e-04 
 4.13100000e-04  1.71867500e-07 
 4.13200000e-04  1.71593812e-07 
 4.13300000e-04  1.71495556e-07 
 4.13400000e-04  1.71409921e-07 
 4.13500000e-04  1.71376805e-07 
 4.13600000e-04  1.57509491e-07 
 4.13700000e-04  1.57067628e-07 
 4.13800000e-04  1.56857673e-07 
 4.13900000e-04  1.56692817e-07 
 4.14000000e-04  1.56574345e-07 
 4.14100000e-04  1.73757094e-07 
 4.14200000e-04  1.73338942e-07 
 4.14300000e-04  1.73199949e-07 
 4.14400000e-04  1.73079800e-07 
 4.14500000e-04  1.73022932e-07 
 4.14600000e-04  1.62913459e-07 
 4.14700000e-04  1.62544456e-07 
 4.14800000e-04  1.62376097e-07 
 4.14900000e-04  1.62261893e-07 
 4.15000000e-04  1.62203413e-07 
 4.15100000e-04  1.71443918e-07 
 4.15200000e-04  1.71125011e-07 
 4.15300000e-04  1.71017015e-07 
 4.15400000e-04  1.70923641e-07 
 4.15500000e-04  1.70862230e-07 
 4.15600000e-04  1.57005875e-07 
 4.15700000e-04  1.56533316e-07 
 4.15800000e-04  1.56282722e-07 
 4.15900000e-04  1.56100181e-07 
 4.16000000e-04  1.55987703e-07 
 4.16100000e-04  1.72100293e-07 
 4.16200000e-04  1.71891181e-07 
 4.16300000e-04  1.71797229e-07 
 4.16400000e-04  1.71711884e-07 
 4.16500000e-04  1.71685097e-07 
 4.16600000e-04  1.58991309e-07 
 4.16700000e-04  1.58631234e-07 
 4.16800000e-04  1.58443410e-07 
 4.16900000e-04  1.58308922e-07 
 4.17000000e-04  1.58229319e-07 
 4.17100000e-04  1.71842862e-07 
 4.17200000e-04  1.71603866e-07 
 4.17300000e-04  1.71520981e-07 
 4.17400000e-04  1.71449510e-07 
 4.17500000e-04  1.71413230e-07 
 4.17600000e-04  1.57454507e-07 
 4.17700000e-04  1.57053178e-07 
 4.17800000e-04  1.56835149e-07 
 4.17900000e-04  1.56670509e-07 
 4.18000000e-04  1.56560798e-07 
 4.18100000e-04  1.73219090e-07 
 4.18200000e-04  1.72918490e-07 
 4.18300000e-04  1.72799978e-07 
 4.18400000e-04  1.72693635e-07 
 4.18500000e-04  1.72625735e-07 
 4.18600000e-04  1.61218431e-07 
 4.18700000e-04  1.60867346e-07 
 4.18800000e-04  1.60687105e-07 
 4.18900000e-04  1.60565661e-07 
 4.19000000e-04  1.60504726e-07 
 4.19100000e-04  1.71917432e-07 
 4.19200000e-04  1.71655709e-07 
 4.19300000e-04  1.71559684e-07 
 4.19400000e-04  1.71474386e-07 
 4.19500000e-04  1.71432516e-07 
 4.19600000e-04  1.57507252e-07 
 4.19700000e-04  1.57061191e-07 
 4.19800000e-04  1.56837788e-07 
 4.19900000e-04  1.56672268e-07 
 4.20000000e-04  1.56566319e-07 
 4.20100000e-04  1.72703094e-07 
 4.20200000e-04  1.72494745e-07 
 4.20300000e-04  1.72402501e-07 
 4.20400000e-04  1.72319065e-07 
 4.20500000e-04  1.72264850e-07 
 4.20600000e-04  1.59559041e-07 
 4.20700000e-04  1.59208522e-07 
 4.20800000e-04  1.59010765e-07 
 4.20900000e-04  1.58876021e-07 
 4.21000000e-04  1.58806138e-07 
 4.21100000e-04  1.72462112e-07 
 4.21200000e-04  1.72207674e-07 
 4.21300000e-04  1.72119184e-07 
 4.21400000e-04  1.72042943e-07 
 4.21500000e-04  1.72009583e-07 
 4.21600000e-04  1.58051221e-07 
 4.21700000e-04  1.57655932e-07 
 4.21800000e-04  1.57423784e-07 
 4.21900000e-04  1.57254789e-07 
 4.22000000e-04  1.57150794e-07 
 4.22100000e-04  1.75427771e-07 
 4.22200000e-04  1.74793454e-07 
 4.22300000e-04  1.74593543e-07 
 4.22400000e-04  1.74422471e-07 
 4.22500000e-04  1.74333013e-07 
 4.22600000e-04  1.66799668e-07 
 4.22700000e-04  1.66434967e-07 
 4.22800000e-04  1.66263945e-07 
 4.22900000e-04  1.66166209e-07 
 4.23000000e-04  1.66143927e-07 
 4.23100000e-04  1.71732430e-07 
 4.23200000e-04  1.70915435e-07 
 4.23300000e-04  1.70661472e-07 
 4.23400000e-04  1.70445760e-07 
 4.23500000e-04  1.70371127e-07 
 4.23600000e-04  1.56590448e-07 
 4.23700000e-04  1.55990913e-07 
 4.23800000e-04  1.55727822e-07 
 4.23900000e-04  1.55537189e-07 
 4.24000000e-04  1.55421155e-07 
 4.24100000e-04  1.71523031e-07 
 4.24200000e-04  1.71321825e-07 
 4.24300000e-04  1.71216482e-07 
 4.24400000e-04  1.71117756e-07 
 4.24500000e-04  1.71072338e-07 
 4.24600000e-04  1.58390324e-07 
 4.24700000e-04  1.58039068e-07 
 4.24800000e-04  1.57853692e-07 
 4.24900000e-04  1.57717686e-07 
 4.25000000e-04  1.57632456e-07 
 4.25100000e-04  1.71235349e-07 
 4.25200000e-04  1.71001459e-07 
 4.25300000e-04  1.70909239e-07 
 4.25400000e-04  1.70827055e-07 
 4.25500000e-04  1.70802892e-07 
 4.25600000e-04  1.56874866e-07 
 4.25700000e-04  1.56474220e-07 
 4.25800000e-04  1.56248197e-07 
 4.25900000e-04  1.56084574e-07 
 4.26000000e-04  1.55985166e-07 
 4.26100000e-04  1.72596529e-07 
 4.26200000e-04  1.72283748e-07 
 4.26300000e-04  1.72168180e-07 
 4.26400000e-04  1.72066508e-07 
 4.26500000e-04  1.72017247e-07 
 4.26600000e-04  1.60630790e-07 
 4.26700000e-04  1.60268806e-07 
 4.26800000e-04  1.60096658e-07 
 4.26900000e-04  1.59974308e-07 
 4.27000000e-04  1.59903177e-07 
 4.27100000e-04  1.71299430e-07 
 4.27200000e-04  1.71025256e-07 
 4.27300000e-04  1.70927735e-07 
 4.27400000e-04  1.70841988e-07 
 4.27500000e-04  1.70811494e-07 
 4.27600000e-04  1.56931831e-07 
 4.27700000e-04  1.56489181e-07 
 4.27800000e-04  1.56257289e-07 
 4.27900000e-04  1.56082456e-07 
 4.28000000e-04  1.55966333e-07 
 4.28100000e-04  1.72071438e-07 
 4.28200000e-04  1.71860433e-07 
 4.28300000e-04  1.71775806e-07 
 4.28400000e-04  1.71700536e-07 
 4.28500000e-04  1.71652242e-07 
 4.28600000e-04  1.58966171e-07 
 4.28700000e-04  1.58605683e-07 
 4.28800000e-04  1.58412859e-07 
 4.28900000e-04  1.58277445e-07 
 4.29000000e-04  1.58201104e-07 
 4.29100000e-04  1.71824986e-07 
 4.29200000e-04  1.71595299e-07 
 4.29300000e-04  1.71513321e-07 
 4.29400000e-04  1.71441586e-07 
 4.29500000e-04  1.71387006e-07 
 4.29600000e-04  1.57466671e-07 
 4.29700000e-04  1.57061925e-07 
 4.29800000e-04  1.56844532e-07 
 4.29900000e-04  1.56675768e-07 
 4.30000000e-04  1.56557014e-07 
 4.30100000e-04  1.73747405e-07 
 4.30200000e-04  1.73335732e-07 
 4.30300000e-04  1.73182713e-07 
 4.30400000e-04  1.73046881e-07 
 4.30500000e-04  1.72994229e-07 
 4.30600000e-04  1.62874250e-07 
 4.30700000e-04  1.62529699e-07 
 4.30800000e-04  1.62344012e-07 
 4.30900000e-04  1.62220710e-07 
 4.31000000e-04  1.62161612e-07 
 4.31100000e-04  1.71415403e-07 
 4.31200000e-04  1.71103771e-07 
 4.31300000e-04  1.70993992e-07 
 4.31400000e-04  1.70897791e-07 
 4.31500000e-04  1.70856610e-07 
 4.31600000e-04  1.56994185e-07 
 4.31700000e-04  1.56503936e-07 
 4.31800000e-04  1.56266484e-07 
 4.31900000e-04  1.56092134e-07 
 4.32000000e-04  1.55982562e-07 
 4.32100000e-04  1.74036931e-07 
 4.32200000e-04  1.73476393e-07 
 4.32300000e-04  1.73285077e-07 
 4.32400000e-04  1.73202415e-07 
 4.32500000e-04  1.73154862e-07 
 4.32600000e-04  1.60009439e-07 
 4.32700000e-04  1.59462267e-07 
 4.32800000e-04  1.59227059e-07 
 4.32900000e-04  1.59052509e-07 
 4.33000000e-04  1.58939752e-07 
 4.33100000e-04  1.03758780e-04 
 4.33200000e-04  1.03758338e-04 
 4.33300000e-04  1.03758217e-04 
 4.33400000e-04  1.03758118e-04 
 4.33500000e-04  1.03758080e-04 
 4.33600000e-04  1.03744140e-04 
 4.33700000e-04  1.03743718e-04 
 4.33800000e-04  1.03743482e-04 
 4.33900000e-04  1.03743308e-04 
 4.34000000e-04  1.03743198e-04 
 4.34100000e-04  1.74373336e-07 
 4.34200000e-04  1.74026488e-07 
 4.34300000e-04  1.73896230e-07 
 4.34400000e-04  1.73780511e-07 
 4.34500000e-04  1.73743117e-07 
 4.34600000e-04  1.62323888e-07 
 4.34700000e-04  1.61941584e-07 
 4.34800000e-04  1.61763832e-07 
 4.34900000e-04  1.61643143e-07 
 4.35000000e-04  1.61581156e-07 
 4.35100000e-04  1.73064178e-07 
 4.35200000e-04  1.72787344e-07 
 4.35300000e-04  1.72686612e-07 
 4.35400000e-04  1.72597761e-07 
 4.35500000e-04  1.72557747e-07 
 4.35600000e-04  1.58598011e-07 
 4.35700000e-04  1.58162347e-07 
 4.35800000e-04  1.57928857e-07 
 4.35900000e-04  1.57759054e-07 
 4.36000000e-04  1.57654789e-07 
 4.36100000e-04  1.73838876e-07 
 4.36200000e-04  1.73640302e-07 
 4.36300000e-04  1.73544091e-07 
 4.36400000e-04  1.73455033e-07 
 4.36500000e-04  1.73410581e-07 
 4.36600000e-04  1.60629012e-07 
 4.36700000e-04  1.60274428e-07 
 4.36800000e-04  1.60106329e-07 
 4.36900000e-04  1.59978596e-07 
 4.37000000e-04  1.59892341e-07 
 4.37100000e-04  1.73614193e-07 
 4.37200000e-04  1.73369443e-07 
 4.37300000e-04  1.73271791e-07 
 4.37400000e-04  1.73184445e-07 
 4.37500000e-04  1.73148289e-07 
 4.37600000e-04  1.59115490e-07 
 4.37700000e-04  1.58725537e-07 
 4.37800000e-04  1.58501113e-07 
 4.37900000e-04  1.58340824e-07 
 4.38000000e-04  1.58246539e-07 
 4.38100000e-04  1.76042571e-07 
 4.38200000e-04  1.75509468e-07 
 4.38300000e-04  1.75332320e-07 
 4.38400000e-04  1.75179148e-07 
 4.38500000e-04  1.75112248e-07 
 4.38600000e-04  1.66205404e-07 
 4.38700000e-04  1.65855740e-07 
 4.38800000e-04  1.65682182e-07 
 4.38900000e-04  1.65577899e-07 
 4.39000000e-04  1.65544918e-07 
 4.39100000e-04  1.72854762e-07 
 4.39200000e-04  1.72436185e-07 
 4.39300000e-04  1.72280087e-07 
 4.39400000e-04  1.72141975e-07 
 4.39500000e-04  1.72065146e-07 
 4.39600000e-04  1.58190272e-07 
 4.39700000e-04  1.57647382e-07 
 4.39800000e-04  1.57395186e-07 
 4.39900000e-04  1.57206923e-07 
 4.40000000e-04  1.57084450e-07 
 4.40100000e-04  1.73272290e-07 
 4.40200000e-04  1.73060090e-07 
 4.40300000e-04  1.72961519e-07 
 4.40400000e-04  1.72871375e-07 
 4.40500000e-04  1.72817460e-07 
 4.40600000e-04  1.60058510e-07 
 4.40700000e-04  1.59701111e-07 
 4.40800000e-04  1.59522663e-07 
 4.40900000e-04  1.59400030e-07 
 4.41000000e-04  1.59334810e-07 
 4.41100000e-04  1.73013018e-07 
 4.41200000e-04  1.72753234e-07 
 4.41300000e-04  1.72667277e-07 
 4.41400000e-04  1.72594424e-07 
 4.41500000e-04  1.72545047e-07 
 4.41600000e-04  1.58547700e-07 
 4.41700000e-04  1.58137024e-07 
 4.41800000e-04  1.57924825e-07 
 4.41900000e-04  1.57762055e-07 
 4.42000000e-04  1.57650110e-07 
 4.42100000e-04  1.74379383e-07 
 4.42200000e-04  1.74049019e-07 
 4.42300000e-04  1.73926682e-07 
 4.42400000e-04  1.73819179e-07 
 4.42500000e-04  1.73775653e-07 
 4.42600000e-04  1.62293281e-07 
 4.42700000e-04  1.61932857e-07 
 4.42800000e-04  1.61763085e-07 
 4.42900000e-04  1.61646067e-07 
 4.43000000e-04  1.61583305e-07 
 4.43100000e-04  1.73067662e-07 
 4.43200000e-04  1.72785617e-07 
 4.43300000e-04  1.72688562e-07 
 4.43400000e-04  1.72604100e-07 
 4.43500000e-04  1.72552178e-07 
 4.43600000e-04  1.58580890e-07 
 4.43700000e-04  1.58142394e-07 
 4.43800000e-04  1.57920620e-07 
 4.43900000e-04  1.57752519e-07 
 4.44000000e-04  1.57639619e-07 
 4.44100000e-04  1.73851940e-07 
 4.44200000e-04  1.73641657e-07 
 4.44300000e-04  1.73542906e-07 
 4.44400000e-04  1.73452113e-07 
 4.44500000e-04  1.73409580e-07 
 4.44600000e-04  1.60616759e-07 
 4.44700000e-04  1.60280407e-07 
 4.44800000e-04  1.60099309e-07 
 4.44900000e-04  1.59973335e-07 
 4.45000000e-04  1.59904058e-07 
 4.45100000e-04  1.73608628e-07 
 4.45200000e-04  1.73350203e-07 
 4.45300000e-04  1.73265959e-07 
 4.45400000e-04  1.73195083e-07 
 4.45500000e-04  1.73153765e-07 
 4.45600000e-04  1.59116119e-07 
 4.45700000e-04  1.58722587e-07 
 4.45800000e-04  1.58505233e-07 
 4.45900000e-04  1.58339850e-07 
 4.46000000e-04  1.58227913e-07 
 4.46100000e-04  1.75525146e-07 
 4.46200000e-04  1.75092849e-07 
 4.46300000e-04  1.74937848e-07 
 4.46400000e-04  1.74801861e-07 
 4.46500000e-04  1.74733287e-07 
 4.46600000e-04  1.64538415e-07 
 4.46700000e-04  1.64179304e-07 
 4.46800000e-04  1.64011576e-07 
 4.46900000e-04  1.63899497e-07 
 4.47000000e-04  1.63844653e-07 
 4.47100000e-04  1.73202374e-07 
 4.47200000e-04  1.72881826e-07 
 4.47300000e-04  1.72762693e-07 
 4.47400000e-04  1.72656958e-07 
 4.47500000e-04  1.72609085e-07 
 4.47600000e-04  1.58648547e-07 
 4.47700000e-04  1.58189774e-07 
 4.47800000e-04  1.57944057e-07 
 4.47900000e-04  1.57767778e-07 
 4.48000000e-04  1.57662964e-07 
 4.48100000e-04  1.73870845e-07 
 4.48200000e-04  1.73639216e-07 
 4.48300000e-04  1.73551096e-07 
 4.48400000e-04  1.73474053e-07 
 4.48500000e-04  1.73420819e-07 
 4.48600000e-04  1.60618016e-07 
 4.48700000e-04  1.60274095e-07 
 4.48800000e-04  1.60102269e-07 
 4.48900000e-04  1.59981573e-07 
 4.49000000e-04  1.59913448e-07 
 4.49100000e-04  1.73622380e-07 
 4.49200000e-04  1.73360229e-07 
 4.49300000e-04  1.73262286e-07 
 4.49400000e-04  1.73176705e-07 
 4.49500000e-04  1.73161475e-07 
 4.49600000e-04  1.59107726e-07 
 4.49700000e-04  1.58727774e-07 
 4.49800000e-04  1.58501921e-07 
 4.49900000e-04  1.58335386e-07 
 4.50000000e-04  1.58229877e-07 
 4.50100000e-04  1.75002203e-07 
 4.50200000e-04  1.74678755e-07 
 4.50300000e-04  1.74556278e-07 
 4.50400000e-04  1.74448129e-07 
 4.50500000e-04  1.74371791e-07 
 4.50600000e-04  1.62877605e-07 
 4.50700000e-04  1.62532239e-07 
 4.50800000e-04  1.62349828e-07 
 4.50900000e-04  1.62231941e-07 
 4.51000000e-04  1.62180442e-07 
 4.51100000e-04  1.73689420e-07 
 4.51200000e-04  1.73403836e-07 
 4.51300000e-04  1.73309783e-07 
 4.51400000e-04  1.73228490e-07 
 4.51500000e-04  1.73179551e-07 
 4.51600000e-04  1.59163180e-07 
 4.51700000e-04  1.58737119e-07 
 4.51800000e-04  1.58509724e-07 
 4.51900000e-04  1.58344632e-07 
 4.52000000e-04  1.58243637e-07 
 4.52100000e-04  1.74470154e-07 
 4.52200000e-04  1.74247751e-07 
 4.52300000e-04  1.74156807e-07 
 4.52400000e-04  1.74075847e-07 
 4.52500000e-04  1.74019032e-07 
 4.52600000e-04  1.61201373e-07 
 4.52700000e-04  1.60870022e-07 
 4.52800000e-04  1.60692103e-07 
 4.52900000e-04  1.60564762e-07 
 4.53000000e-04  1.60489410e-07 
 4.53100000e-04  1.74226847e-07 
 4.53200000e-04  1.73978628e-07 
 4.53300000e-04  1.73887102e-07 
 4.53400000e-04  1.73806625e-07 
 4.53500000e-04  1.73767583e-07 
 4.53600000e-04  1.59691337e-07 
 4.53700000e-04  1.59309655e-07 
 4.53800000e-04  1.59094528e-07 
 4.53900000e-04  1.58932298e-07 
 4.54000000e-04  1.58824463e-07 
 4.54100000e-04  1.77719873e-07 
 4.54200000e-04  1.76974284e-07 
 4.54300000e-04  1.76744776e-07 
 4.54400000e-04  1.76549279e-07 
 4.54500000e-04  1.76455891e-07 
 4.54600000e-04  1.70112376e-07 
 4.54700000e-04  1.69752868e-07 
 4.54800000e-04  1.69600893e-07 
 4.54900000e-04  1.69516464e-07 
 4.55000000e-04  1.69501536e-07 
 4.55100000e-04  1.73002130e-07 
 4.55200000e-04  1.72041688e-07 
 4.55300000e-04  1.71785930e-07 
 4.55400000e-04  1.71574628e-07 
 4.55500000e-04  1.71475878e-07 
 4.55600000e-04  1.57671725e-07 
 4.55700000e-04  1.57085627e-07 
 4.55800000e-04  1.56808683e-07 
 4.55900000e-04  1.56612878e-07 
 4.56000000e-04  1.56500597e-07 
 4.56100000e-04  1.72658376e-07 
 4.56200000e-04  1.72447231e-07 
 4.56300000e-04  1.72354099e-07 
 4.56400000e-04  1.72269375e-07 
 4.56500000e-04  1.72202370e-07 
 4.56600000e-04  1.59456023e-07 
 4.56700000e-04  1.59115642e-07 
 4.56800000e-04  1.58937180e-07 
 4.56900000e-04  1.58802493e-07 
 4.57000000e-04  1.58712783e-07 
 4.57100000e-04  1.72386935e-07 
 4.57200000e-04  1.72148612e-07 
 4.57300000e-04  1.72059646e-07 
 4.57400000e-04  1.71981493e-07 
 4.57500000e-04  1.71925677e-07 
 4.57600000e-04  1.57944530e-07 
 4.57700000e-04  1.57541814e-07 
 4.57800000e-04  1.57332147e-07 
 4.57900000e-04  1.57171132e-07 
 4.58000000e-04  1.57060125e-07 
 4.58100000e-04  1.73765555e-07 
 4.58200000e-04  1.73441236e-07 
 4.58300000e-04  1.73317616e-07 
 4.58400000e-04  1.73208675e-07 
 4.58500000e-04  1.73154959e-07 
 4.58600000e-04  1.61701370e-07 
 4.58700000e-04  1.61353468e-07 
 4.58800000e-04  1.61174659e-07 
 4.58900000e-04  1.61050287e-07 
 4.59000000e-04  1.60981894e-07 
 4.59100000e-04  1.72444646e-07 
 4.59200000e-04  1.72167543e-07 
 4.59300000e-04  1.72072616e-07 
 4.59400000e-04  1.71990101e-07 
 4.59500000e-04  1.71952297e-07 
 4.59600000e-04  1.57991997e-07 
 4.59700000e-04  1.57548469e-07 
 4.59800000e-04  1.57324415e-07 
 4.59900000e-04  1.57159219e-07 
 4.60000000e-04  1.57054561e-07 
 4.60100000e-04  1.73212801e-07 
 4.60200000e-04  1.73009444e-07 
 4.60300000e-04  1.72917466e-07 
 4.60400000e-04  1.72833551e-07 
 4.60500000e-04  1.72789414e-07 
 4.60600000e-04  1.60034557e-07 
 4.60700000e-04  1.59667896e-07 
 4.60800000e-04  1.59488158e-07 
 4.60900000e-04  1.59364098e-07 
 4.61000000e-04  1.59297290e-07 
 4.61100000e-04  1.72975079e-07 
 4.61200000e-04  1.72737342e-07 
 4.61300000e-04  1.72646503e-07 
 4.61400000e-04  1.72566157e-07 
 4.61500000e-04  1.72538166e-07 
 4.61600000e-04  1.58531570e-07 
 4.61700000e-04  1.58122899e-07 
 4.61800000e-04  1.57914364e-07 
 4.61900000e-04  1.57747364e-07 
 4.62000000e-04  1.57623024e-07 
 4.62100000e-04  1.74889948e-07 
 4.62200000e-04  1.74462204e-07 
 4.62300000e-04  1.74315775e-07 
 4.62400000e-04  1.74188816e-07 
 4.62500000e-04  1.74131351e-07 
 4.62600000e-04  1.63958232e-07 
 4.62700000e-04  1.63603064e-07 
 4.62800000e-04  1.63418813e-07 
 4.62900000e-04  1.63301858e-07 
 4.63000000e-04  1.63254146e-07 
 4.63100000e-04  1.72581153e-07 
 4.63200000e-04  1.72254518e-07 
 4.63300000e-04  1.72135991e-07 
 4.63400000e-04  1.72031581e-07 
 4.63500000e-04  1.71982868e-07 
 4.63600000e-04  1.58059874e-07 
 4.63700000e-04  1.57579984e-07 
 4.63800000e-04  1.57348484e-07 
 4.63900000e-04  1.57172560e-07 
 4.64000000e-04  1.57053780e-07 
 4.64100000e-04  1.73233926e-07 
 4.64200000e-04  1.73027763e-07 
 4.64300000e-04  1.72931832e-07 
 4.64400000e-04  1.72844040e-07 
 4.64500000e-04  1.72793096e-07 
 4.64600000e-04  1.60032822e-07 
 4.64700000e-04  1.59685148e-07 
 4.64800000e-04  1.59503157e-07 
 4.64900000e-04  1.59374509e-07 
 4.65000000e-04  1.59300701e-07 
 4.65100000e-04  1.72980316e-07 
 4.65200000e-04  1.72743962e-07 
 4.65300000e-04  1.72649808e-07 
 4.65400000e-04  1.72565092e-07 
 4.65500000e-04  1.72532873e-07 
 4.65600000e-04  1.58530987e-07 
 4.65700000e-04  1.58133350e-07 
 4.65800000e-04  1.57912568e-07 
 4.65900000e-04  1.57750935e-07 
 4.66000000e-04  1.57650131e-07 
 4.66100000e-04  1.74357227e-07 
 4.66200000e-04  1.74043533e-07 
 4.66300000e-04  1.73929355e-07 
 4.66400000e-04  1.73829095e-07 
 4.66500000e-04  1.73768000e-07 
 4.66600000e-04  1.62275629e-07 
 4.66700000e-04  1.61930451e-07 
 4.66800000e-04  1.61751426e-07 
 4.66900000e-04  1.61634720e-07 
 4.67000000e-04  1.61582118e-07 
 4.67100000e-04  1.73068458e-07 
 4.67200000e-04  1.72792954e-07 
 4.67300000e-04  1.72691089e-07 
 4.67400000e-04  1.72600819e-07 
 4.67500000e-04  1.72548427e-07 
 4.67600000e-04  1.58582726e-07 
 4.67700000e-04  1.58139868e-07 
 4.67800000e-04  1.57918343e-07 
 4.67900000e-04  1.57749353e-07 
 4.68000000e-04  1.57634364e-07 
 4.68100000e-04  1.73831289e-07 
 4.68200000e-04  1.73619099e-07 
 4.68300000e-04  1.73530681e-07 
 4.68400000e-04  1.73451014e-07 
 4.68500000e-04  1.73401713e-07 
 4.68600000e-04  1.60619083e-07 
 4.68700000e-04  1.60267470e-07 
 4.68800000e-04  1.60090410e-07 
 4.68900000e-04  1.59964268e-07 
 4.69000000e-04  1.59890458e-07 
 4.69100000e-04  1.73606355e-07 
 4.69200000e-04  1.73353874e-07 
 4.69300000e-04  1.73255863e-07 
 4.69400000e-04  1.73169290e-07 
 4.69500000e-04  1.73136528e-07 
 4.69600000e-04  1.59107580e-07 
 4.69700000e-04  1.58723874e-07 
 4.69800000e-04  1.58504542e-07 
 4.69900000e-04  1.58341820e-07 
 4.70000000e-04  1.58237306e-07 
 4.70100000e-04  1.76042176e-07 
 4.70200000e-04  1.75505570e-07 
 4.70300000e-04  1.75329927e-07 
 4.70400000e-04  1.75178756e-07 
 4.70500000e-04  1.75094798e-07 
 4.70600000e-04  1.66184815e-07 
 4.70700000e-04  1.65858557e-07 
 4.70800000e-04  1.65677453e-07 
 4.70900000e-04  1.65567137e-07 
 4.71000000e-04  1.65529656e-07 
 4.71100000e-04  1.72860387e-07 
 4.71200000e-04  1.72448617e-07 
 4.71300000e-04  1.72282191e-07 
 4.71400000e-04  1.72132432e-07 
 4.71500000e-04  1.72064412e-07 
 4.71600000e-04  1.58164002e-07 
 4.71700000e-04  1.57642431e-07 
 4.71800000e-04  1.57393798e-07 
 4.71900000e-04  1.57208623e-07 
 4.72000000e-04  1.57088717e-07 
 4.72100000e-04  1.73258387e-07 
 4.72200000e-04  1.73059387e-07 
 4.72300000e-04  1.72963211e-07 
 4.72400000e-04  1.72874040e-07 
 4.72500000e-04  1.72819229e-07 
 4.72600000e-04  1.60051501e-07 
 4.72700000e-04  1.59710907e-07 
 4.72800000e-04  1.59514658e-07 
 4.72900000e-04  1.59384328e-07 
 4.73000000e-04  1.59321807e-07 
 4.73100000e-04  1.72992153e-07 
 4.73200000e-04  1.72755915e-07 
 4.73300000e-04  1.72659552e-07 
 4.73400000e-04  1.72572964e-07 
 4.73500000e-04  1.72539105e-07 
 4.73600000e-04  1.58533669e-07 
 4.73700000e-04  1.58142350e-07 
 4.73800000e-04  1.57920185e-07 
 4.73900000e-04  1.57754520e-07 
 4.74000000e-04  1.57646948e-07 
 4.74100000e-04  1.74372013e-07 
 4.74200000e-04  1.74051387e-07 
 4.74300000e-04  1.73931270e-07 
 4.74400000e-04  1.73825345e-07 
 4.74500000e-04  1.73769013e-07 
 4.74600000e-04  1.62300559e-07 
 4.74700000e-04  1.61927916e-07 
 4.74800000e-04  1.61763203e-07 
 4.74900000e-04  1.61645823e-07 
 4.75000000e-04  1.61577070e-07 
 4.75100000e-04  1.73073417e-07 
 4.75200000e-04  1.72785948e-07 
 4.75300000e-04  1.72684273e-07 
 4.75400000e-04  1.72595044e-07 
 4.75500000e-04  1.72551745e-07 
 4.75600000e-04  1.58584938e-07 
 4.75700000e-04  1.58138633e-07 
 4.75800000e-04  1.57929123e-07 
 4.75900000e-04  1.57764448e-07 
 4.76000000e-04  1.57645822e-07 
 4.76100000e-04  1.73842769e-07 
 4.76200000e-04  1.73639857e-07 
 4.76300000e-04  1.73542021e-07 
 4.76400000e-04  1.73451436e-07 
 4.76500000e-04  1.73403349e-07 
 4.76600000e-04  1.60621974e-07 
 4.76700000e-04  1.60270406e-07 
 4.76800000e-04  1.60092856e-07 
 4.76900000e-04  1.59964780e-07 
 4.77000000e-04  1.59887541e-07 
 4.77100000e-04  1.73595450e-07 
 4.77200000e-04  1.73357233e-07 
 4.77300000e-04  1.73268450e-07 
 4.77400000e-04  1.73190328e-07 
 4.77500000e-04  1.73145135e-07 
 4.77600000e-04  1.59110485e-07 
 4.77700000e-04  1.58719916e-07 
 4.77800000e-04  1.58510599e-07 
 4.77900000e-04  1.58351370e-07 
 4.78000000e-04  1.58243608e-07 
 4.78100000e-04  1.75511144e-07 
 4.78200000e-04  1.75091332e-07 
 4.78300000e-04  1.74942798e-07 
 4.78400000e-04  1.74812323e-07 
 4.78500000e-04  1.74736264e-07 
 4.78600000e-04  1.64531049e-07 
 4.78700000e-04  1.64192500e-07 
 4.78800000e-04  1.64020998e-07 
 4.78900000e-04  1.63909818e-07 
 4.79000000e-04  1.63860669e-07 
 4.79100000e-04  1.73191319e-07 
 4.79200000e-04  1.72886319e-07 
 4.79300000e-04  1.72761864e-07 
 4.79400000e-04  1.72648948e-07 
 4.79500000e-04  1.72599270e-07 
 4.79600000e-04  1.58656799e-07 
 4.79700000e-04  1.58182440e-07 
 4.79800000e-04  1.57942556e-07 
 4.79900000e-04  1.57769327e-07 
 4.80000000e-04  1.57664655e-07 
 4.80100000e-04  1.73866117e-07 
 4.80200000e-04  1.73647667e-07 
 4.80300000e-04  1.73547374e-07 
 4.80400000e-04  1.73456056e-07 
 4.80500000e-04  1.73409218e-07 
 4.80600000e-04  1.60627709e-07 
 4.80700000e-04  1.60269409e-07 
 4.80800000e-04  1.60091783e-07 
 4.80900000e-04  1.59971194e-07 
 4.81000000e-04  1.59909238e-07 
 4.81100000e-04  1.73608116e-07 
 4.81200000e-04  1.73352869e-07 
 4.81300000e-04  1.73259908e-07 
 4.81400000e-04  1.73178462e-07 
 4.81500000e-04  1.73148477e-07 
 4.81600000e-04  1.59119681e-07 
 4.81700000e-04  1.58727241e-07 
 4.81800000e-04  1.58507205e-07 
 4.81900000e-04  1.58348244e-07 
 4.82000000e-04  1.58252082e-07 
 4.82100000e-04  1.74993281e-07 
 4.82200000e-04  1.74664381e-07 
 4.82300000e-04  1.74546602e-07 
 4.82400000e-04  1.74444031e-07 
 4.82500000e-04  1.74377150e-07 
 4.82600000e-04  1.62887607e-07 
 4.82700000e-04  1.62530170e-07 
 4.82800000e-04  1.62352157e-07 
 4.82900000e-04  1.62230941e-07 
 4.83000000e-04  1.62168106e-07 
 4.83100000e-04  1.73683731e-07 
 4.83200000e-04  1.73409927e-07 
 4.83300000e-04  1.73303659e-07 
 4.83400000e-04  1.73208370e-07 
 4.83500000e-04  1.73174172e-07 
 4.83600000e-04  1.59161519e-07 
 4.83700000e-04  1.58741022e-07 
 4.83800000e-04  1.58520024e-07 
 4.83900000e-04  1.58350182e-07 
 4.84000000e-04  1.58232904e-07 
 4.84100000e-04  1.74463917e-07 
 4.84200000e-04  1.74240479e-07 
 4.84300000e-04  1.74153826e-07 
 4.84400000e-04  1.74077386e-07 
 4.84500000e-04  1.74018901e-07 
 4.84600000e-04  1.61217552e-07 
 4.84700000e-04  1.60876560e-07 
 4.84800000e-04  1.60691934e-07 
 4.84900000e-04  1.60564239e-07 
 4.85000000e-04  1.60495066e-07 
 4.85100000e-04  1.74228939e-07 
 4.85200000e-04  1.73986531e-07 
 4.85300000e-04  1.73891605e-07 
 4.85400000e-04  1.73806764e-07 
 4.85500000e-04  1.73762287e-07 
 4.85600000e-04  1.59691215e-07 
 4.85700000e-04  1.59314300e-07 
 4.85800000e-04  1.59093907e-07 
 4.85900000e-04  1.58932858e-07 
 4.86000000e-04  1.58832819e-07 
 4.86100000e-04  1.77208414e-07 
 4.86200000e-04  1.76552807e-07 
 4.86300000e-04  1.76340565e-07 
 4.86400000e-04  1.76158214e-07 
 4.86500000e-04  1.76074427e-07 
 4.86600000e-04  1.68442126e-07 
 4.86700000e-04  1.68105445e-07 
 4.86800000e-04  1.67938815e-07 
 4.86900000e-04  1.67845122e-07 
 4.87000000e-04  1.67826467e-07 
 4.87100000e-04  1.73494818e-07 
 4.87200000e-04  1.72683209e-07 
 4.87300000e-04  1.72428023e-07 
 4.87400000e-04  1.72210571e-07 
 4.87500000e-04  1.72114177e-07 
 4.87600000e-04  1.58230491e-07 
 4.87700000e-04  1.57666505e-07 
 4.87800000e-04  1.57409278e-07 
 4.87900000e-04  1.57224019e-07 
 4.88000000e-04  1.57112794e-07 
 4.88100000e-04  1.73278117e-07 
 4.88200000e-04  1.73060008e-07 
 4.88300000e-04  1.72967630e-07 
 4.88400000e-04  1.72884666e-07 
 4.88500000e-04  1.72827952e-07 
 4.88600000e-04  1.60059814e-07 
 4.88700000e-04  1.59711336e-07 
 4.88800000e-04  1.59523998e-07 
 4.88900000e-04  1.59392314e-07 
 4.89000000e-04  1.59318099e-07 
 4.89100000e-04  1.73162867e-07 
 4.89200000e-04  1.72811324e-07 
 4.89300000e-04  1.72675953e-07 
 4.89400000e-04  1.72605840e-07 
 4.89500000e-04  1.72550629e-07 
 4.89600000e-04  1.58551066e-07 
 4.89700000e-04  1.58163437e-07 
 4.89800000e-04  1.57941464e-07 
 4.89900000e-04  1.57768204e-07 
 4.90000000e-04  1.57645019e-07 
 4.90100000e-04  1.74380855e-07 
 4.90200000e-04  1.74062879e-07 
 4.90300000e-04  1.73932963e-07 
 4.90400000e-04  1.73816062e-07 
 4.90500000e-04  1.73757623e-07 
 4.90600000e-04  1.62302548e-07 
 4.90700000e-04  1.61940706e-07 
 4.90800000e-04  1.61762191e-07 
 4.90900000e-04  1.61641187e-07 
 4.91000000e-04  1.61579354e-07 
 4.91100000e-04  1.73075062e-07 
 4.91200000e-04  1.72798290e-07 
 4.91300000e-04  1.72691295e-07 
 4.91400000e-04  1.72595283e-07 
 4.91500000e-04  1.72556283e-07 
 4.91600000e-04  1.58578892e-07 
 4.91700000e-04  1.58139498e-07 
 4.91800000e-04  1.57924524e-07 
 4.91900000e-04  1.57763575e-07 
 4.92000000e-04  1.57658224e-07 
 4.92100000e-04  1.73836063e-07 
 4.92200000e-04  1.73638979e-07 
 4.92300000e-04  1.73541492e-07 
 4.92400000e-04  1.73450849e-07 
 4.92500000e-04  1.73403305e-07 
 4.92600000e-04  1.60616368e-07 
 4.92700000e-04  1.60279541e-07 
 4.92800000e-04  1.60099064e-07 
 4.92900000e-04  1.59974303e-07 
 4.93000000e-04  1.59906907e-07 
 4.93100000e-04  1.73599924e-07 
 4.93200000e-04  1.73357118e-07 
 4.93300000e-04  1.73261814e-07 
 4.93400000e-04  1.73176707e-07 
 4.93500000e-04  1.73138621e-07 
 4.93600000e-04  1.59114827e-07 
 4.93700000e-04  1.58726487e-07 
 4.93800000e-04  1.58513270e-07 
 4.93900000e-04  1.58345260e-07 
 4.94000000e-04  1.58223917e-07 
 4.94100000e-04  1.75941262e-07 
 4.94200000e-04  1.75292210e-07 
 4.94300000e-04  1.75093911e-07 
 4.94400000e-04  1.75017055e-07 
 4.94500000e-04  1.74967724e-07 
 4.94600000e-04  1.64820181e-07 
 4.94700000e-04  1.64486797e-07 
 4.94800000e-04  1.64302102e-07 
 4.94900000e-04  1.64156034e-07 
 4.95000000e-04  1.64049734e-07 
 4.95100000e-04  1.73194961e-07 
 4.95200000e-04  1.72870769e-07 
 4.95300000e-04  1.72762529e-07 
 4.95400000e-04  1.72668747e-07 
 4.95500000e-04  1.72612221e-07 
 4.95600000e-04  1.58658948e-07 
 4.95700000e-04  1.58174596e-07 
 4.95800000e-04  1.57939301e-07 
 4.95900000e-04  1.57769463e-07 
 4.96000000e-04  1.57667092e-07 
 4.96100000e-04  1.73854975e-07 
 4.96200000e-04  1.73645222e-07 
 4.96300000e-04  1.73556272e-07 
 4.96400000e-04  1.73475966e-07 
 4.96500000e-04  1.73417853e-07 
 4.96600000e-04  1.60624666e-07 
 4.96700000e-04  1.60278288e-07 
 4.96800000e-04  1.60101695e-07 
 4.96900000e-04  1.59973692e-07 
 4.97000000e-04  1.59895780e-07 
 4.97100000e-04  1.73611770e-07 
 4.97200000e-04  1.73358277e-07 
 4.97300000e-04  1.73263609e-07 
 4.97400000e-04  1.73180264e-07 
 4.97500000e-04  1.73142659e-07 
 4.97600000e-04  1.59127076e-07 
 4.97700000e-04  1.58729318e-07 
 4.97800000e-04  1.58512012e-07 
 4.97900000e-04  1.58346260e-07 
 4.98000000e-04  1.58233679e-07 
 4.98100000e-04  1.74980198e-07 
 4.98200000e-04  1.74665225e-07 
 4.98300000e-04  1.74545423e-07 
 4.98400000e-04  1.74439109e-07 
 4.98500000e-04  1.74389446e-07 
 4.98600000e-04  1.62867876e-07 
 4.98700000e-04  1.62539588e-07 
 4.98800000e-04  1.62360319e-07 
 4.98900000e-04  1.62240267e-07 
 4.99000000e-04  1.62181308e-07 
 4.99100000e-04  1.73692171e-07 
 4.99200000e-04  1.73405708e-07 
 4.99300000e-04  1.73299570e-07 
 4.99400000e-04  1.73205847e-07 
 4.99500000e-04  1.73179510e-07 
 4.99600000e-04  1.59171164e-07 
 4.99700000e-04  1.58732538e-07 
 4.99800000e-04  1.58503084e-07 
 4.99900000e-04  1.58335719e-07 
 5.00000000e-04  1.58232414e-07 
 5.00100000e-04  1.74460938e-07 
 5.00200000e-04  1.74267741e-07 
 5.00300000e-04  1.74172362e-07 
 5.00400000e-04  1.74083608e-07 
 5.00500000e-04  1.74029121e-07 
 5.00600000e-04  1.61204224e-07 
 5.00700000e-04  1.60875456e-07 
 5.00800000e-04  1.60691942e-07 
 5.00900000e-04  1.60562859e-07 
 5.01000000e-04  1.60489934e-07 
 5.01100000e-04  1.74238506e-07 
 5.01200000e-04  1.73980707e-07 
 5.01300000e-04  1.73887189e-07 
 5.01400000e-04  1.73805956e-07 
 5.01500000e-04  1.73767655e-07 
 5.01600000e-04  1.59696608e-07 
 5.01700000e-04  1.59301878e-07 
 5.01800000e-04  1.59104492e-07 
 5.01900000e-04  1.58944068e-07 
 5.02000000e-04  1.58821779e-07 
 5.02100000e-04  1.76681550e-07 
 5.02200000e-04  1.76131622e-07 
 5.02300000e-04  1.75956641e-07 
 5.02400000e-04  1.75807768e-07 
 5.02500000e-04  1.75710041e-07 
 5.02600000e-04  1.66779119e-07 
 5.02700000e-04  1.66442359e-07 
 5.02800000e-04  1.66276894e-07 
 5.02900000e-04  1.66171726e-07 
 5.03000000e-04  1.66128767e-07 
 5.03100000e-04  1.73494652e-07 
 5.03200000e-04  1.73064947e-07 
 5.03300000e-04  1.72898650e-07 
 5.03400000e-04  1.72750880e-07 
 5.03500000e-04  1.72682584e-07 
 5.03600000e-04  1.58760867e-07 
 5.03700000e-04  1.58250354e-07 
 5.03800000e-04  1.58000916e-07 
 5.03900000e-04  1.57812225e-07 
 5.04000000e-04  1.57686208e-07 
 5.04100000e-04  1.73906306e-07 
 5.04200000e-04  1.73685447e-07 
 5.04300000e-04  1.73577523e-07 
 5.04400000e-04  1.73477734e-07 
 5.04500000e-04  1.73432591e-07 
 5.04600000e-04  1.60638108e-07 
 5.04700000e-04  1.60295546e-07 
 5.04800000e-04  1.60113422e-07 
 5.04900000e-04  1.59984872e-07 
 5.05000000e-04  1.59911596e-07 
 5.05100000e-04  1.73619386e-07 
 5.05200000e-04  1.73376303e-07 
 5.05300000e-04  1.73279275e-07 
 5.05400000e-04  1.73192651e-07 
 5.05500000e-04  1.73160651e-07 
 5.05600000e-04  1.59119413e-07 
 5.05700000e-04  1.58728473e-07 
 5.05800000e-04  1.58510480e-07 
 5.05900000e-04  1.58346573e-07 
 5.06000000e-04  1.58238468e-07 
 5.06100000e-04  1.75002597e-07 
 5.06200000e-04  1.74673998e-07 
 5.06300000e-04  1.74553050e-07 
 5.06400000e-04  1.74447129e-07 
 5.06500000e-04  1.74393736e-07 
 5.06600000e-04  1.62889386e-07 
 5.06700000e-04  1.62522880e-07 
 5.06800000e-04  1.62347178e-07 
 5.06900000e-04  1.62228809e-07 
 5.07000000e-04  1.62169590e-07 
 5.07100000e-04  1.73698335e-07 
 5.07200000e-04  1.73414759e-07 
 5.07300000e-04  1.73311508e-07 
 5.07400000e-04  1.73220517e-07 
 5.07500000e-04  1.73178869e-07 
 5.07600000e-04  1.59178488e-07 
 5.07700000e-04  1.58740094e-07 
 5.07800000e-04  1.58520155e-07 
 5.07900000e-04  1.58351495e-07 
 5.08000000e-04  1.58235741e-07 
 5.08100000e-04  1.74470782e-07 
 5.08200000e-04  1.74246174e-07 
 5.08300000e-04  1.74155610e-07 
 5.08400000e-04  1.74075085e-07 
 5.08500000e-04  1.74018526e-07 
 5.08600000e-04  1.61218594e-07 
 5.08700000e-04  1.60874076e-07 
 5.08800000e-04  1.60699256e-07 
 5.08900000e-04  1.60570663e-07 
 5.09000000e-04  1.60489763e-07 
 5.09100000e-04  1.74234830e-07 
 5.09200000e-04  1.73987498e-07 
 5.09300000e-04  1.73890831e-07 
 5.09400000e-04  1.73805100e-07 
 5.09500000e-04  1.73760379e-07 
 5.09600000e-04  1.59697204e-07 
 5.09700000e-04  1.59304452e-07 
 5.09800000e-04  1.59091774e-07 
 5.09900000e-04  1.58933994e-07 
 5.10000000e-04  1.58832855e-07 
 5.10100000e-04  1.76141088e-07 
 5.10200000e-04  1.75709771e-07 
 5.10300000e-04  1.75562943e-07 
 5.10400000e-04  1.75435502e-07 
 5.10500000e-04  1.75355083e-07 
 5.10600000e-04  1.65119581e-07 
 5.10700000e-04  1.64782015e-07 
 5.10800000e-04  1.64619497e-07 
 5.10900000e-04  1.64509936e-07 
 5.11000000e-04  1.64455011e-07 
 5.11100000e-04  1.73821715e-07 
 5.11200000e-04  1.73500847e-07 
 5.11300000e-04  1.73378625e-07 
 5.11400000e-04  1.73269432e-07 
 5.11500000e-04  1.73218676e-07 
 5.11600000e-04  1.59241781e-07 
 5.11700000e-04  1.58770199e-07 
 5.11800000e-04  1.58540161e-07 
 5.11900000e-04  1.58370896e-07 
 5.12000000e-04  1.58264331e-07 
 5.12100000e-04  1.74486715e-07 
 5.12200000e-04  1.74269348e-07 
 5.12300000e-04  1.74168589e-07 
 5.12400000e-04  1.74076093e-07 
 5.12500000e-04  1.74047374e-07 
 5.12600000e-04  1.61221500e-07 
 5.12700000e-04  1.60872680e-07 
 5.12800000e-04  1.60702966e-07 
 5.12900000e-04  1.60577370e-07 
 5.13000000e-04  1.60497290e-07 
 5.13100000e-04  1.74243639e-07 
 5.13200000e-04  1.73993099e-07 
 5.13300000e-04  1.73896433e-07 
 5.13400000e-04  1.73811142e-07 
 5.13500000e-04  1.73772139e-07 
 5.13600000e-04  1.59692758e-07 
 5.13700000e-04  1.59318212e-07 
 5.13800000e-04  1.59108225e-07 
 5.13900000e-04  1.58949110e-07 
 5.14000000e-04  1.58842480e-07 
 5.14100000e-04  1.75622121e-07 
 5.14200000e-04  1.75293802e-07 
 5.14300000e-04  1.75169297e-07 
 5.14400000e-04  1.75059125e-07 
 5.14500000e-04  1.75003348e-07 
 5.14600000e-04  1.63457040e-07 
 5.14700000e-04  1.63114042e-07 
 5.14800000e-04  1.62944415e-07 
 5.14900000e-04  1.62825040e-07 
 5.15000000e-04  1.62757510e-07 
 5.15100000e-04  1.74329301e-07 
 5.15200000e-04  1.74040520e-07 
 5.15300000e-04  1.73933346e-07 
 5.15400000e-04  1.73838825e-07 
 5.15500000e-04  1.73788638e-07 
 5.15600000e-04  1.59761656e-07 
 5.15700000e-04  1.59321602e-07 
 5.15800000e-04  1.59103115e-07 
 5.15900000e-04  1.58936922e-07 
 5.16000000e-04  1.58824679e-07 
 5.16100000e-04  1.75091336e-07 
 5.16200000e-04  1.74888669e-07 
 5.16300000e-04  1.74788612e-07 
 5.16400000e-04  1.74695196e-07 
 5.16500000e-04  1.74647308e-07 
 5.16600000e-04  1.61793369e-07 
 5.16700000e-04  1.61457185e-07 
 5.16800000e-04  1.61276877e-07 
 5.16900000e-04  1.61150694e-07 
 5.17000000e-04  1.61080352e-07 
 5.17100000e-04  1.74857067e-07 
 5.17200000e-04  1.74598009e-07 
 5.17300000e-04  1.74499924e-07 
 5.17400000e-04  1.74413330e-07 
 5.17500000e-04  1.74381428e-07 
 5.17600000e-04  1.60292196e-07 
 5.17700000e-04  1.59909906e-07 
 5.17800000e-04  1.59698244e-07 
 5.17900000e-04  1.59536945e-07 
 5.18000000e-04  1.59427606e-07 
 5.18100000e-04  1.88939958e-07 
 5.18200000e-04  1.86323163e-07 
 5.18300000e-04  1.85520205e-07 
 5.18400000e-04  1.85270857e-07 
 5.18500000e-04  1.85021509e-07 
 5.18600000e-04  1.75732728e-07 
 5.18700000e-04  1.74614901e-07 
 5.18800000e-04  1.74276104e-07 
 5.18900000e-04  1.74062596e-07 
 5.19000000e-04  1.73976634e-07 
 5.19100000e-04  1.71284544e-07 
 5.19200000e-04  1.70507708e-07 
 5.19300000e-04  1.70299419e-07 
 5.19400000e-04  1.70127689e-07 
 5.19500000e-04  1.70068585e-07 
 5.19600000e-04  1.57647880e-07 
 5.19700000e-04  1.56967642e-07 
 5.19800000e-04  1.56707003e-07 
 5.19900000e-04 -0.00000000e+00 
 5.20000000e-04  1.56574649e-07 
