 time            -i(vdd)        
 2.60000000e-04 -1.26577369e-04 
 2.60100000e-04  1.83731711e-07 
 2.60200000e-04  1.75017881e-07 
 2.60300000e-04  1.72694012e-07 
 2.60400000e-04  1.70735612e-07 
 2.60500000e-04  1.70077358e-07 
 2.60600000e-04  1.76684439e-07 
 2.60700000e-04  1.75910781e-07 
 2.60800000e-04  1.75485133e-07 
 2.60900000e-04  1.75139086e-07 
 2.61000000e-04  1.74874368e-07 
 2.61100000e-04  1.56439720e-07 
 2.61200000e-04  1.54081421e-07 
 2.61300000e-04  1.53484311e-07 
 2.61400000e-04  1.53002941e-07 
 2.61500000e-04  1.52784632e-07 
 2.61600000e-04  1.38891726e-07 
 2.61700000e-04  1.37636348e-07 
 2.61800000e-04  1.37192393e-07 
 2.61900000e-04  1.36876254e-07 
 2.62000000e-04  1.36691986e-07 
 2.62100000e-04  1.61886479e-07 
 2.62200000e-04  1.60615613e-07 
 2.62300000e-04  1.60332272e-07 
 2.62400000e-04  1.60127498e-07 
 2.62500000e-04  1.60040942e-07 
 2.62600000e-04  1.48500065e-07 
 2.62700000e-04  1.47918590e-07 
 2.62800000e-04  1.47634508e-07 
 2.62900000e-04  1.47420544e-07 
 2.63000000e-04  1.47278197e-07 
 2.63100000e-04  1.99992858e-07 
 2.63200000e-04  1.94211711e-07 
 2.63300000e-04  1.92920893e-07 
 2.63400000e-04  1.91925315e-07 
 2.63500000e-04  1.91648141e-07 
 2.63600000e-04  1.78202519e-07 
 2.63700000e-04  1.77567813e-07 
 2.63800000e-04  1.77242948e-07 
 2.63900000e-04  1.76995217e-07 
 2.64000000e-04  1.76827063e-07 
 2.64100000e-04  1.72662202e-07 
 2.64200000e-04  1.68076368e-07 
 2.64300000e-04  1.67029631e-07 
 2.64400000e-04  1.66213587e-07 
 2.64500000e-04  1.65979382e-07 
 2.64600000e-04  1.53753796e-07 
 2.64700000e-04  1.53128396e-07 
 2.64800000e-04  1.52825671e-07 
 2.64900000e-04  1.52591351e-07 
 2.65000000e-04  1.52427603e-07 
 2.65100000e-04  1.66018917e-07 
 2.65200000e-04  1.65523131e-07 
 2.65300000e-04  1.65365274e-07 
 2.65400000e-04  1.65230011e-07 
 2.65500000e-04  1.65182065e-07 
 2.65600000e-04  1.51595197e-07 
 2.65700000e-04  1.51139795e-07 
 2.65800000e-04  1.50913460e-07 
 2.65900000e-04  1.50742144e-07 
 2.66000000e-04  1.50627590e-07 
 2.66100000e-04  1.66992610e-07 
 2.66200000e-04  1.66737478e-07 
 2.66300000e-04  1.66640026e-07 
 2.66400000e-04  1.66552660e-07 
 2.66500000e-04  1.66499289e-07 
 2.66600000e-04  1.55425895e-07 
 2.66700000e-04  1.55020545e-07 
 2.66800000e-04  1.54813002e-07 
 2.66900000e-04  1.54667323e-07 
 2.67000000e-04  1.54585466e-07 
 2.67100000e-04  1.66083763e-07 
 2.67200000e-04  1.65565041e-07 
 2.67300000e-04  1.65410183e-07 
 2.67400000e-04  1.65278224e-07 
 2.67500000e-04  1.65220599e-07 
 2.67600000e-04  1.51669953e-07 
 2.67700000e-04  1.51177787e-07 
 2.67800000e-04  1.50921369e-07 
 2.67900000e-04  1.50725317e-07 
 2.68000000e-04  1.50591539e-07 
 2.68100000e-04  1.66394994e-07 
 2.68200000e-04  1.66206735e-07 
 2.68300000e-04  1.66130179e-07 
 2.68400000e-04  1.66061892e-07 
 2.68500000e-04  1.66035321e-07 
 2.68600000e-04  1.53638153e-07 
 2.68700000e-04  1.53257425e-07 
 2.68800000e-04  1.53037663e-07 
 2.68900000e-04  1.52886270e-07 
 2.69000000e-04  1.52805407e-07 
 2.69100000e-04  1.66134359e-07 
 2.69200000e-04  1.65903477e-07 
 2.69300000e-04  1.65832336e-07 
 2.69400000e-04  1.65773213e-07 
 2.69500000e-04  1.65755351e-07 
 2.69600000e-04  1.52108632e-07 
 2.69700000e-04  1.51684025e-07 
 2.69800000e-04  1.51430757e-07 
 2.69900000e-04  1.51245231e-07 
 2.70000000e-04  1.51129592e-07 
 2.70100000e-04  1.68003995e-07 
 2.70200000e-04  1.67640355e-07 
 2.70300000e-04  1.67505173e-07 
 2.70400000e-04  1.67384420e-07 
 2.70500000e-04  1.67322298e-07 
 2.70600000e-04  1.57536510e-07 
 2.70700000e-04  1.57121250e-07 
 2.70800000e-04  1.56922408e-07 
 2.70900000e-04  1.56793454e-07 
 2.71000000e-04  1.56736597e-07 
 2.71100000e-04  1.66101900e-07 
 2.71200000e-04  1.65544975e-07 
 2.71300000e-04  1.65378597e-07 
 2.71400000e-04  1.65236521e-07 
 2.71500000e-04  1.65189209e-07 
 2.71600000e-04  1.51641321e-07 
 2.71700000e-04  1.51105160e-07 
 2.71800000e-04  1.50845897e-07 
 2.71900000e-04  1.50645755e-07 
 2.72000000e-04  1.50506603e-07 
 2.72100000e-04  1.66321341e-07 
 2.72200000e-04  1.66150016e-07 
 2.72300000e-04  1.66076171e-07 
 2.72400000e-04  1.66009266e-07 
 2.72500000e-04  1.65964243e-07 
 2.72600000e-04  1.53592693e-07 
 2.72700000e-04  1.53190371e-07 
 2.72800000e-04  1.52985191e-07 
 2.72900000e-04  1.52833958e-07 
 2.73000000e-04  1.52738370e-07 
 2.73100000e-04  1.66063809e-07 
 2.73200000e-04  1.65851381e-07 
 2.73300000e-04  1.65778542e-07 
 2.73400000e-04  1.65715376e-07 
 2.73500000e-04  1.65695513e-07 
 2.73600000e-04  1.52060723e-07 
 2.73700000e-04  1.51616397e-07 
 2.73800000e-04  1.51386301e-07 
 2.73900000e-04  1.51202706e-07 
 2.74000000e-04  1.51067075e-07 
 2.74100000e-04  1.67432946e-07 
 2.74200000e-04  1.67156484e-07 
 2.74300000e-04  1.67059390e-07 
 2.74400000e-04  1.66974362e-07 
 2.74500000e-04  1.66921325e-07 
 2.74600000e-04  1.55826101e-07 
 2.74700000e-04  1.55432104e-07 
 2.74800000e-04  1.55218506e-07 
 2.74900000e-04  1.55071583e-07 
 2.75000000e-04  1.54993437e-07 
 2.75100000e-04  1.66142688e-07 
 2.75200000e-04  1.65905470e-07 
 2.75300000e-04  1.65819854e-07 
 2.75400000e-04  1.65744124e-07 
 2.75500000e-04  1.65709192e-07 
 2.75600000e-04  1.52105910e-07 
 2.75700000e-04  1.51636357e-07 
 2.75800000e-04  1.51383050e-07 
 2.75900000e-04  1.51189401e-07 
 2.76000000e-04  1.51057289e-07 
 2.76100000e-04  1.66897707e-07 
 2.76200000e-04  1.66722588e-07 
 2.76300000e-04  1.66651587e-07 
 2.76400000e-04  1.66587968e-07 
 2.76500000e-04  1.66557941e-07 
 2.76600000e-04  1.54133339e-07 
 2.76700000e-04  1.53745687e-07 
 2.76800000e-04  1.53542586e-07 
 2.76900000e-04  1.53400703e-07 
 2.77000000e-04  1.53321963e-07 
 2.77100000e-04  1.66673255e-07 
 2.77200000e-04  1.66450390e-07 
 2.77300000e-04  1.66378907e-07 
 2.77400000e-04  1.66318855e-07 
 2.77500000e-04  1.66289758e-07 
 2.77600000e-04  1.52619522e-07 
 2.77700000e-04  1.52189084e-07 
 2.77800000e-04  1.51961317e-07 
 2.77900000e-04  1.51781479e-07 
 2.78000000e-04  1.51651072e-07 
 2.78100000e-04  1.69107638e-07 
 2.78200000e-04  1.68605854e-07 
 2.78300000e-04  1.68449936e-07 
 2.78400000e-04  1.68317187e-07 
 2.78500000e-04  1.68254963e-07 
 2.78600000e-04  1.59709654e-07 
 2.78700000e-04  1.59316651e-07 
 2.78800000e-04  1.59124677e-07 
 2.78900000e-04  1.58997383e-07 
 2.79000000e-04  1.58936805e-07 
 2.79100000e-04  1.66277808e-07 
 2.79200000e-04  1.65620398e-07 
 2.79300000e-04  1.65433962e-07 
 2.79400000e-04  1.65278049e-07 
 2.79500000e-04  1.65194536e-07 
 2.79600000e-04  1.51667465e-07 
 2.79700000e-04  1.51113699e-07 
 2.79800000e-04  1.50841495e-07 
 2.79900000e-04  1.50634075e-07 
 2.80000000e-04  1.50493477e-07 
 2.80100000e-04  1.66315636e-07 
 2.80200000e-04  1.66134651e-07 
 2.80300000e-04  1.66059927e-07 
 2.80400000e-04  1.65992665e-07 
 2.80500000e-04  1.65956946e-07 
 2.80600000e-04  1.53554628e-07 
 2.80700000e-04  1.53168889e-07 
 2.80800000e-04  1.52961173e-07 
 2.80900000e-04  1.52813430e-07 
 2.81000000e-04  1.52727543e-07 
 2.81100000e-04  1.66036894e-07 
 2.81200000e-04  1.65839944e-07 
 2.81300000e-04  1.65764625e-07 
 2.81400000e-04  1.65697557e-07 
 2.81500000e-04  1.65680367e-07 
 2.81600000e-04  1.52031378e-07 
 2.81700000e-04  1.51608242e-07 
 2.81800000e-04  1.51363794e-07 
 2.81900000e-04  1.51179336e-07 
 2.82000000e-04  1.51056749e-07 
 2.82100000e-04  1.67415205e-07 
 2.82200000e-04  1.67127377e-07 
 2.82300000e-04  1.67031626e-07 
 2.82400000e-04  1.66949296e-07 
 2.82500000e-04  1.66902874e-07 
 2.82600000e-04  1.55800653e-07 
 2.82700000e-04  1.55398049e-07 
 2.82800000e-04  1.55201004e-07 
 2.82900000e-04  1.55066012e-07 
 2.83000000e-04  1.54995021e-07 
 2.83100000e-04  1.66119097e-07 
 2.83200000e-04  1.65874365e-07 
 2.83300000e-04  1.65786575e-07 
 2.83400000e-04  1.65709329e-07 
 2.83500000e-04  1.65682137e-07 
 2.83600000e-04  1.52076512e-07 
 2.83700000e-04  1.51598852e-07 
 2.83800000e-04  1.51351310e-07 
 2.83900000e-04  1.51166321e-07 
 2.84000000e-04  1.51045848e-07 
 2.84100000e-04  1.66881819e-07 
 2.84200000e-04  1.66709569e-07 
 2.84300000e-04  1.66632908e-07 
 2.84400000e-04  1.66562719e-07 
 2.84500000e-04  1.66535040e-07 
 2.84600000e-04  1.54115114e-07 
 2.84700000e-04  1.53744216e-07 
 2.84800000e-04  1.53534617e-07 
 2.84900000e-04  1.53384012e-07 
 2.85000000e-04  1.53294248e-07 
 2.85100000e-04  1.66655179e-07 
 2.85200000e-04  1.66430945e-07 
 2.85300000e-04  1.66360660e-07 
 2.85400000e-04  1.66301864e-07 
 2.85500000e-04  1.66281229e-07 
 2.85600000e-04  1.52609590e-07 
 2.85700000e-04  1.52172412e-07 
 2.85800000e-04  1.51937893e-07 
 2.85900000e-04  1.51759282e-07 
 2.86000000e-04  1.51638329e-07 
 2.86100000e-04  1.68551264e-07 
 2.86200000e-04  1.68160261e-07 
 2.86300000e-04  1.68031494e-07 
 2.86400000e-04  1.67920197e-07 
 2.86500000e-04  1.67864496e-07 
 2.86600000e-04  1.58038014e-07 
 2.86700000e-04  1.57644650e-07 
 2.86800000e-04  1.57450043e-07 
 2.86900000e-04  1.57321745e-07 
 2.87000000e-04  1.57261836e-07 
 2.87100000e-04  1.66226858e-07 
 2.87200000e-04  1.65942376e-07 
 2.87300000e-04  1.65850171e-07 
 2.87400000e-04  1.65770879e-07 
 2.87500000e-04  1.65731949e-07 
 2.87600000e-04  1.52156912e-07 
 2.87700000e-04  1.51625227e-07 
 2.87800000e-04  1.51381902e-07 
 2.87900000e-04  1.51189143e-07 
 2.88000000e-04  1.51048527e-07 
 2.88100000e-04  1.66896136e-07 
 2.88200000e-04  1.66727427e-07 
 2.88300000e-04  1.66656507e-07 
 2.88400000e-04  1.66592478e-07 
 2.88500000e-04  1.66540922e-07 
 2.88600000e-04  1.54129080e-07 
 2.88700000e-04  1.53726317e-07 
 2.88800000e-04  1.53531276e-07 
 2.88900000e-04  1.53389459e-07 
 2.89000000e-04  1.53302526e-07 
 2.89100000e-04  1.66650603e-07 
 2.89200000e-04  1.66443677e-07 
 2.89300000e-04  1.66374130e-07 
 2.89400000e-04  1.66314285e-07 
 2.89500000e-04  1.66283857e-07 
 2.89600000e-04  1.52624705e-07 
 2.89700000e-04  1.52175791e-07 
 2.89800000e-04  1.51938638e-07 
 2.89900000e-04  1.51759386e-07 
 2.90000000e-04  1.51639844e-07 
 2.90100000e-04  1.68020966e-07 
 2.90200000e-04  1.67740241e-07 
 2.90300000e-04  1.67643721e-07 
 2.90400000e-04  1.67559880e-07 
 2.90500000e-04  1.67503140e-07 
 2.90600000e-04  1.56370203e-07 
 2.90700000e-04  1.55973898e-07 
 2.90800000e-04  1.55784386e-07 
 2.90900000e-04  1.55648340e-07 
 2.91000000e-04  1.55567427e-07 
 2.91100000e-04  1.66729006e-07 
 2.91200000e-04  1.66491449e-07 
 2.91300000e-04  1.66412692e-07 
 2.91400000e-04  1.66344153e-07 
 2.91500000e-04  1.66299273e-07 
 2.91600000e-04  1.52655447e-07 
 2.91700000e-04  1.52184001e-07 
 2.91800000e-04  1.51938447e-07 
 2.91900000e-04  1.51756841e-07 
 2.92000000e-04  1.51641185e-07 
 2.92100000e-04  1.67498362e-07 
 2.92200000e-04  1.67317891e-07 
 2.92300000e-04  1.67253139e-07 
 2.92400000e-04  1.67196899e-07 
 2.92500000e-04  1.67146629e-07 
 2.92600000e-04  1.54698051e-07 
 2.92700000e-04  1.54318819e-07 
 2.92800000e-04  1.54117915e-07 
 2.92900000e-04  1.53974420e-07 
 2.93000000e-04  1.53890126e-07 
 2.93100000e-04  1.67268552e-07 
 2.93200000e-04  1.67064578e-07 
 2.93300000e-04  1.66986650e-07 
 2.93400000e-04  1.66917596e-07 
 2.93500000e-04  1.66889154e-07 
 2.93600000e-04  1.53207351e-07 
 2.93700000e-04  1.52758385e-07 
 2.93800000e-04  1.52524131e-07 
 2.93900000e-04  1.52349509e-07 
 2.94000000e-04  1.52236378e-07 
 2.94100000e-04  1.70226749e-07 
 2.94200000e-04  1.69634703e-07 
 2.94300000e-04  1.69448762e-07 
 2.94400000e-04  1.69289249e-07 
 2.94500000e-04  1.69222336e-07 
 2.94600000e-04  1.61938098e-07 
 2.94700000e-04  1.61544846e-07 
 2.94800000e-04  1.61366785e-07 
 2.94900000e-04  1.61254472e-07 
 2.95000000e-04  1.61209959e-07 
 2.95100000e-04  1.66593139e-07 
 2.95200000e-04  1.65711247e-07 
 2.95300000e-04  1.65483463e-07 
 2.95400000e-04  1.65299051e-07 
 2.95500000e-04  1.65210144e-07 
 2.95600000e-04  1.51712790e-07 
 2.95700000e-04  1.51095787e-07 
 2.95800000e-04  1.50814867e-07 
 2.95900000e-04  1.50613189e-07 
 2.96000000e-04  1.50493236e-07 
 2.96100000e-04  1.66305721e-07 
 2.96200000e-04  1.66129185e-07 
 2.96300000e-04  1.66057932e-07 
 2.96400000e-04  1.65994038e-07 
 2.96500000e-04  1.65958969e-07 
 2.96600000e-04  1.53546438e-07 
 2.96700000e-04  1.53152270e-07 
 2.96800000e-04  1.52956277e-07 
 2.96900000e-04  1.52807107e-07 
 2.97000000e-04  1.52706209e-07 
 2.97100000e-04  1.66038904e-07 
 2.97200000e-04  1.65836789e-07 
 2.97300000e-04  1.65761385e-07 
 2.97400000e-04  1.65694716e-07 
 2.97500000e-04  1.65666244e-07 
 2.97600000e-04  1.52021485e-07 
 2.97700000e-04  1.51579536e-07 
 2.97800000e-04  1.51345405e-07 
 2.97900000e-04  1.51164100e-07 
 2.98000000e-04  1.51037261e-07 
 2.98100000e-04  1.67409419e-07 
 2.98200000e-04  1.67125476e-07 
 2.98300000e-04  1.67029449e-07 
 2.98400000e-04  1.66946379e-07 
 2.98500000e-04  1.66903837e-07 
 2.98600000e-04  1.55798646e-07 
 2.98700000e-04  1.55387791e-07 
 2.98800000e-04  1.55191908e-07 
 2.98900000e-04  1.55050108e-07 
 2.99000000e-04  1.54964031e-07 
 2.99100000e-04  1.68034944e-07 
 2.99200000e-04  1.67390058e-07 
 2.99300000e-04  1.67184598e-07 
 2.99400000e-04  1.67086462e-07 
 2.99500000e-04  1.67023005e-07 
 2.99600000e-04  1.52926304e-07 
 2.99700000e-04  1.52302721e-07 
 2.99800000e-04  1.52012736e-07 
 2.99900000e-04  1.51802540e-07 
 3.00000000e-04  1.51673804e-07 
 3.00100000e-04  1.03753792e-04 
 3.00200000e-04  1.03753422e-04 
 3.00300000e-04  1.03753310e-04 
 3.00400000e-04  1.03753215e-04 
 3.00500000e-04  1.03753162e-04 
 3.00600000e-04  1.03740775e-04 
 3.00700000e-04  1.03740342e-04 
 3.00800000e-04  1.03740136e-04 
 3.00900000e-04  1.03739988e-04 
 3.01000000e-04  1.03739898e-04 
 3.01100000e-04  1.69786716e-07 
 3.01200000e-04  1.69114743e-07 
 3.01300000e-04  1.68902107e-07 
 3.01400000e-04  1.68806188e-07 
 3.01500000e-04  1.68747983e-07 
 3.01600000e-04  1.54590525e-07 
 3.01700000e-04  1.53964861e-07 
 3.01800000e-04  1.53696624e-07 
 3.01900000e-04  1.53499728e-07 
 3.02000000e-04  1.53375659e-07 
 3.02100000e-04  1.03756628e-04 
 3.02200000e-04  1.03756041e-04 
 3.02300000e-04  1.03755862e-04 
 3.02400000e-04  1.03755709e-04 
 3.02500000e-04  1.03755651e-04 
 3.02600000e-04  1.03745777e-04 
 3.02700000e-04  1.03745360e-04 
 3.02800000e-04  1.03745174e-04 
 3.02900000e-04  1.03745046e-04 
 3.03000000e-04  1.03744979e-04 
 3.03100000e-04  1.68542853e-07 
 3.03200000e-04  1.68213653e-07 
 3.03300000e-04  1.68102243e-07 
 3.03400000e-04  1.68005225e-07 
 3.03500000e-04  1.67946077e-07 
 3.03600000e-04  1.54316559e-07 
 3.03700000e-04  1.53779678e-07 
 3.03800000e-04  1.53538489e-07 
 3.03900000e-04  1.53354625e-07 
 3.04000000e-04  1.53229866e-07 
 3.04100000e-04  1.69198008e-07 
 3.04200000e-04  1.69010506e-07 
 3.04300000e-04  1.68926537e-07 
 3.04400000e-04  1.68850452e-07 
 3.04500000e-04  1.68812511e-07 
 3.04600000e-04  1.56270013e-07 
 3.04700000e-04  1.55890702e-07 
 3.04800000e-04  1.55692869e-07 
 3.04900000e-04  1.55551702e-07 
 3.05000000e-04  1.55468959e-07 
 3.05100000e-04  1.68946566e-07 
 3.05200000e-04  1.68718081e-07 
 3.05300000e-04  1.68643297e-07 
 3.05400000e-04  1.68579731e-07 
 3.05500000e-04  1.68545787e-07 
 3.05600000e-04  1.54760365e-07 
 3.05700000e-04  1.54328781e-07 
 3.05800000e-04  1.54107426e-07 
 3.05900000e-04  1.53933902e-07 
 3.06000000e-04  1.53809680e-07 
 3.06100000e-04  1.70329777e-07 
 3.06200000e-04  1.70022533e-07 
 3.06300000e-04  1.69913308e-07 
 3.06400000e-04  1.69818064e-07 
 3.06500000e-04  1.69776282e-07 
 3.06600000e-04  1.58521921e-07 
 3.06700000e-04  1.58135790e-07 
 3.06800000e-04  1.57939878e-07 
 3.06900000e-04  1.57810186e-07 
 3.07000000e-04  1.57748774e-07 
 3.07100000e-04  1.69021774e-07 
 3.07200000e-04  1.68761539e-07 
 3.07300000e-04  1.68674801e-07 
 3.07400000e-04  1.68599698e-07 
 3.07500000e-04  1.68559550e-07 
 3.07600000e-04  1.54799752e-07 
 3.07700000e-04  1.54330117e-07 
 3.07800000e-04  1.54091885e-07 
 3.07900000e-04  1.53918697e-07 
 3.08000000e-04  1.53812570e-07 
 3.08100000e-04  1.69788881e-07 
 3.08200000e-04  1.69592138e-07 
 3.08300000e-04  1.69512216e-07 
 3.08400000e-04  1.69441219e-07 
 3.08500000e-04  1.69412971e-07 
 3.08600000e-04  1.56846358e-07 
 3.08700000e-04  1.56465681e-07 
 3.08800000e-04  1.56280014e-07 
 3.08900000e-04  1.56145470e-07 
 3.09000000e-04  1.56063624e-07 
 3.09100000e-04  1.69567292e-07 
 3.09200000e-04  1.69326850e-07 
 3.09300000e-04  1.69242252e-07 
 3.09400000e-04  1.69169309e-07 
 3.09500000e-04  1.69156291e-07 
 3.09600000e-04  1.55324636e-07 
 3.09700000e-04  1.54905978e-07 
 3.09800000e-04  1.54685924e-07 
 3.09900000e-04  1.54517841e-07 
 3.10000000e-04  1.54403331e-07 
 3.10100000e-04  1.71994556e-07 
 3.10200000e-04  1.71493922e-07 
 3.10300000e-04  1.71323333e-07 
 3.10400000e-04  1.71174474e-07 
 3.10500000e-04  1.71111502e-07 
 3.10600000e-04  1.62412434e-07 
 3.10700000e-04  1.62034065e-07 
 3.10800000e-04  1.61845878e-07 
 3.10900000e-04  1.61735139e-07 
 3.11000000e-04  1.61704255e-07 
 3.11100000e-04  1.68813780e-07 
 3.11200000e-04  1.68412050e-07 
 3.11300000e-04  1.68268959e-07 
 3.11400000e-04  1.68143269e-07 
 3.11500000e-04  1.68076853e-07 
 3.11600000e-04  1.54397219e-07 
 3.11700000e-04  1.53850948e-07 
 3.11800000e-04  1.53578436e-07 
 3.11900000e-04  1.53378366e-07 
 3.12000000e-04  1.53252989e-07 
 3.12100000e-04  1.69216103e-07 
 3.12200000e-04  1.69019968e-07 
 3.12300000e-04  1.68934555e-07 
 3.12400000e-04  1.68857143e-07 
 3.12500000e-04  1.68815052e-07 
 3.12600000e-04  1.56274184e-07 
 3.12700000e-04  1.55886012e-07 
 3.12800000e-04  1.55695410e-07 
 3.12900000e-04  1.55555535e-07 
 3.13000000e-04  1.55467948e-07 
 3.13100000e-04  1.68941607e-07 
 3.13200000e-04  1.68724731e-07 
 3.13300000e-04  1.68643425e-07 
 3.13400000e-04  1.68571482e-07 
 3.13500000e-04  1.68543229e-07 
 3.13600000e-04  1.54750350e-07 
 3.13700000e-04  1.54315816e-07 
 3.13800000e-04  1.54091943e-07 
 3.13900000e-04  1.53919599e-07 
 3.14000000e-04  1.53800368e-07 
 3.14100000e-04  1.70330453e-07 
 3.14200000e-04  1.70017377e-07 
 3.14300000e-04  1.69913159e-07 
 3.14400000e-04  1.69824178e-07 
 3.14500000e-04  1.69778109e-07 
 3.14600000e-04  1.58496717e-07 
 3.14700000e-04  1.58132919e-07 
 3.14800000e-04  1.57933901e-07 
 3.14900000e-04  1.57797921e-07 
 3.15000000e-04  1.57726923e-07 
 3.15100000e-04  1.69019699e-07 
 3.15200000e-04  1.68761561e-07 
 3.15300000e-04  1.68664654e-07 
 3.15400000e-04  1.68578460e-07 
 3.15500000e-04  1.68560869e-07 
 3.15600000e-04  1.54801507e-07 
 3.15700000e-04  1.54346415e-07 
 3.15800000e-04  1.54093998e-07 
 3.15900000e-04  1.53913121e-07 
 3.16000000e-04  1.53805999e-07 
 3.16100000e-04  1.69785636e-07 
 3.16200000e-04  1.69597075e-07 
 3.16300000e-04  1.69520988e-07 
 3.16400000e-04  1.69452991e-07 
 3.16500000e-04  1.69399005e-07 
 3.16600000e-04  1.56843408e-07 
 3.16700000e-04  1.56461147e-07 
 3.16800000e-04  1.56270588e-07 
 3.16900000e-04  1.56135599e-07 
 3.17000000e-04  1.56057888e-07 
 3.17100000e-04  1.69544920e-07 
 3.17200000e-04  1.69322290e-07 
 3.17300000e-04  1.69240827e-07 
 3.17400000e-04  1.69169004e-07 
 3.17500000e-04  1.69144632e-07 
 3.17600000e-04  1.55315381e-07 
 3.17700000e-04  1.54897014e-07 
 3.17800000e-04  1.54674019e-07 
 3.17900000e-04  1.54506889e-07 
 3.18000000e-04  1.54397341e-07 
 3.18100000e-04  1.71458880e-07 
 3.18200000e-04  1.71054060e-07 
 3.18300000e-04  1.70916395e-07 
 3.18400000e-04  1.70796917e-07 
 3.18500000e-04  1.70732058e-07 
 3.18600000e-04  1.60741187e-07 
 3.18700000e-04  1.60387587e-07 
 3.18800000e-04  1.60188481e-07 
 3.18900000e-04  1.60064522e-07 
 3.19000000e-04  1.60018040e-07 
 3.19100000e-04  1.69149164e-07 
 3.19200000e-04  1.68839292e-07 
 3.19300000e-04  1.68737559e-07 
 3.19400000e-04  1.68650193e-07 
 3.19500000e-04  1.68595736e-07 
 3.19600000e-04  1.54874225e-07 
 3.19700000e-04  1.54377412e-07 
 3.19800000e-04  1.54130304e-07 
 3.19900000e-04  1.53941006e-07 
 3.20000000e-04  1.53811296e-07 
 3.20100000e-04  1.69807240e-07 
 3.20200000e-04  1.69623179e-07 
 3.20300000e-04  1.69531813e-07 
 3.20400000e-04  1.69446765e-07 
 3.20500000e-04  1.69423398e-07 
 3.20600000e-04  1.56835469e-07 
 3.20700000e-04  1.56468646e-07 
 3.20800000e-04  1.56276657e-07 
 3.20900000e-04  1.56142738e-07 
 3.21000000e-04  1.56068673e-07 
 3.21100000e-04  1.69553750e-07 
 3.21200000e-04  1.69325681e-07 
 3.21300000e-04  1.69244410e-07 
 3.21400000e-04  1.69173789e-07 
 3.21500000e-04  1.69148336e-07 
 3.21600000e-04  1.55334045e-07 
 3.21700000e-04  1.54918985e-07 
 3.21800000e-04  1.54682679e-07 
 3.21900000e-04  1.54508765e-07 
 3.22000000e-04  1.54399164e-07 
 3.22100000e-04  1.70935016e-07 
 3.22200000e-04  1.70633960e-07 
 3.22300000e-04  1.70527264e-07 
 3.22400000e-04  1.70434327e-07 
 3.22500000e-04  1.70374001e-07 
 3.22600000e-04  1.59090622e-07 
 3.22700000e-04  1.58724625e-07 
 3.22800000e-04  1.58533957e-07 
 3.22900000e-04  1.58406049e-07 
 3.23000000e-04  1.58342830e-07 
 3.23100000e-04  1.69643236e-07 
 3.23200000e-04  1.69391549e-07 
 3.23300000e-04  1.69291051e-07 
 3.23400000e-04  1.69200502e-07 
 3.23500000e-04  1.69162605e-07 
 3.23600000e-04  1.55388202e-07 
 3.23700000e-04  1.54911885e-07 
 3.23800000e-04  1.54682450e-07 
 3.23900000e-04  1.54506913e-07 
 3.24000000e-04  1.54386925e-07 
 3.24100000e-04  1.70406167e-07 
 3.24200000e-04  1.70229637e-07 
 3.24300000e-04  1.70144923e-07 
 3.24400000e-04  1.70066256e-07 
 3.24500000e-04  1.70019698e-07 
 3.24600000e-04  1.57410064e-07 
 3.24700000e-04  1.57049427e-07 
 3.24800000e-04  1.56866054e-07 
 3.24900000e-04  1.56728629e-07 
 3.25000000e-04  1.56638547e-07 
 3.25100000e-04  1.70167832e-07 
 3.25200000e-04  1.69933655e-07 
 3.25300000e-04  1.69854307e-07 
 3.25400000e-04  1.69786259e-07 
 3.25500000e-04  1.69753054e-07 
 3.25600000e-04  1.55905028e-07 
 3.25700000e-04  1.55509677e-07 
 3.25800000e-04  1.55275774e-07 
 3.25900000e-04  1.55097425e-07 
 3.26000000e-04  1.54976330e-07 
 3.26100000e-04  1.73666143e-07 
 3.26200000e-04  1.72939113e-07 
 3.26300000e-04  1.72719652e-07 
 3.26400000e-04  1.72533503e-07 
 3.26500000e-04  1.72448572e-07 
 3.26600000e-04  1.66323920e-07 
 3.26700000e-04  1.65958026e-07 
 3.26800000e-04  1.65787365e-07 
 3.26900000e-04  1.65682961e-07 
 3.27000000e-04  1.65646853e-07 
 3.27100000e-04  1.68957860e-07 
 3.27200000e-04  1.68001401e-07 
 3.27300000e-04  1.67754782e-07 
 3.27400000e-04  1.67554095e-07 
 3.27500000e-04  1.67487019e-07 
 3.27600000e-04  1.53895149e-07 
 3.27700000e-04  1.53254241e-07 
 3.27800000e-04  1.52976662e-07 
 3.27900000e-04  1.52772748e-07 
 3.28000000e-04  1.52644777e-07 
 3.28100000e-04  1.68599458e-07 
 3.28200000e-04  1.68412728e-07 
 3.28300000e-04  1.68328005e-07 
 3.28400000e-04  1.68250347e-07 
 3.28500000e-04  1.68207341e-07 
 3.28600000e-04  1.55671821e-07 
 3.28700000e-04  1.55295517e-07 
 3.28800000e-04  1.55099998e-07 
 3.28900000e-04  1.54958372e-07 
 3.29000000e-04  1.54872225e-07 
 3.29100000e-04  1.70063177e-07 
 3.29200000e-04  1.69576486e-07 
 3.29300000e-04  1.69406396e-07 
 3.29400000e-04  1.69319679e-07 
 3.29500000e-04  1.69259902e-07 
 3.29600000e-04  1.55031672e-07 
 3.29700000e-04  1.54418237e-07 
 3.29800000e-04  1.54158764e-07 
 3.29900000e-04  1.53970893e-07 
 3.30000000e-04  1.53856094e-07 
 3.30100000e-04  1.03756627e-04 
 3.30200000e-04  1.03756137e-04 
 3.30300000e-04  1.03755979e-04 
 3.30400000e-04  1.03755843e-04 
 3.30500000e-04  1.03755797e-04 
 3.30600000e-04  1.03744572e-04 
 3.30700000e-04  1.03744173e-04 
 3.30800000e-04  1.03743982e-04 
 3.30900000e-04  1.03743850e-04 
 3.31000000e-04  1.03743779e-04 
 3.31100000e-04  1.69554976e-07 
 3.31200000e-04  1.69254669e-07 
 3.31300000e-04  1.69157143e-07 
 3.31400000e-04  1.69073332e-07 
 3.31500000e-04  1.69041883e-07 
 3.31600000e-04  1.55294828e-07 
 3.31700000e-04  1.54827234e-07 
 3.31800000e-04  1.54580567e-07 
 3.31900000e-04  1.54401707e-07 
 3.32000000e-04  1.54292739e-07 
 3.32100000e-04  1.70321206e-07 
 3.32200000e-04  1.70124069e-07 
 3.32300000e-04  1.70038024e-07 
 3.32400000e-04  1.69960623e-07 
 3.32500000e-04  1.69918752e-07 
 3.32600000e-04  1.57321667e-07 
 3.32700000e-04  1.56959014e-07 
 3.32800000e-04  1.56759881e-07 
 3.32900000e-04  1.56619892e-07 
 3.33000000e-04  1.56540851e-07 
 3.33100000e-04  1.70074968e-07 
 3.33200000e-04  1.69836000e-07 
 3.33300000e-04  1.69764108e-07 
 3.33400000e-04  1.69704476e-07 
 3.33500000e-04  1.69668710e-07 
 3.33600000e-04  1.55822073e-07 
 3.33700000e-04  1.55390392e-07 
 3.33800000e-04  1.55170431e-07 
 3.33900000e-04  1.54999474e-07 
 3.34000000e-04  1.54879009e-07 
 3.34100000e-04  1.71987997e-07 
 3.34200000e-04  1.71573733e-07 
 3.34300000e-04  1.71431896e-07 
 3.34400000e-04  1.71308758e-07 
 3.34500000e-04  1.71254734e-07 
 3.34600000e-04  1.61229147e-07 
 3.34700000e-04  1.60856276e-07 
 3.34800000e-04  1.60678964e-07 
 3.34900000e-04  1.60556699e-07 
 3.35000000e-04  1.60491156e-07 
 3.35100000e-04  1.69670292e-07 
 3.35200000e-04  1.69357106e-07 
 3.35300000e-04  1.69248985e-07 
 3.35400000e-04  1.69155154e-07 
 3.35500000e-04  1.69115056e-07 
 3.35600000e-04  1.55336361e-07 
 3.35700000e-04  1.54856495e-07 
 3.35800000e-04  1.54610252e-07 
 3.35900000e-04  1.54421725e-07 
 3.36000000e-04  1.54292671e-07 
 3.36100000e-04  1.70329299e-07 
 3.36200000e-04  1.70125148e-07 
 3.36300000e-04  1.70039318e-07 
 3.36400000e-04  1.69962430e-07 
 3.36500000e-04  1.69915983e-07 
 3.36600000e-04  1.57312540e-07 
 3.36700000e-04  1.56956235e-07 
 3.36800000e-04  1.56762091e-07 
 3.36900000e-04  1.56624776e-07 
 3.37000000e-04  1.56546019e-07 
 3.37100000e-04  1.70069229e-07 
 3.37200000e-04  1.69840055e-07 
 3.37300000e-04  1.69759655e-07 
 3.37400000e-04  1.69689907e-07 
 3.37500000e-04  1.69665406e-07 
 3.37600000e-04  1.55819043e-07 
 3.37700000e-04  1.55396076e-07 
 3.37800000e-04  1.55157180e-07 
 3.37900000e-04  1.54987246e-07 
 3.38000000e-04  1.54888387e-07 
 3.38100000e-04  1.71447392e-07 
 3.38200000e-04  1.71143212e-07 
 3.38300000e-04  1.71035780e-07 
 3.38400000e-04  1.70941830e-07 
 3.38500000e-04  1.70891300e-07 
 3.38600000e-04  1.59573961e-07 
 3.38700000e-04  1.59194567e-07 
 3.38800000e-04  1.59008462e-07 
 3.38900000e-04  1.58878096e-07 
 3.39000000e-04  1.58805161e-07 
 3.39100000e-04  1.70149933e-07 
 3.39200000e-04  1.69880168e-07 
 3.39300000e-04  1.69796326e-07 
 3.39400000e-04  1.69725461e-07 
 3.39500000e-04  1.69679165e-07 
 3.39600000e-04  1.55855915e-07 
 3.39700000e-04  1.55412412e-07 
 3.39800000e-04  1.55171330e-07 
 3.39900000e-04  1.54996211e-07 
 3.40000000e-04  1.54889070e-07 
 3.40100000e-04  1.70938633e-07 
 3.40200000e-04  1.70725250e-07 
 3.40300000e-04  1.70643776e-07 
 3.40400000e-04  1.70572459e-07 
 3.40500000e-04  1.70517240e-07 
 3.40600000e-04  1.57906130e-07 
 3.40700000e-04  1.57545457e-07 
 3.40800000e-04  1.57352999e-07 
 3.40900000e-04  1.57219077e-07 
 3.41000000e-04  1.57145474e-07 
 3.41100000e-04  1.70697099e-07 
 3.41200000e-04  1.70449339e-07 
 3.41300000e-04  1.70365482e-07 
 3.41400000e-04  1.70293851e-07 
 3.41500000e-04  1.70261096e-07 
 3.41600000e-04  1.56390541e-07 
 3.41700000e-04  1.55979901e-07 
 3.41800000e-04  1.55756011e-07 
 3.41900000e-04  1.55583100e-07 
 3.42000000e-04  1.55462706e-07 
 3.42100000e-04  1.73121406e-07 
 3.42200000e-04  1.72624585e-07 
 3.42300000e-04  1.72452882e-07 
 3.42400000e-04  1.72302234e-07 
 3.42500000e-04  1.72224383e-07 
 3.42600000e-04  1.63472727e-07 
 3.42700000e-04  1.63105610e-07 
 3.42800000e-04  1.62939833e-07 
 3.42900000e-04  1.62824874e-07 
 3.43000000e-04  1.62762268e-07 
 3.43100000e-04  1.69945388e-07 
 3.43200000e-04  1.69541530e-07 
 3.43300000e-04  1.69390137e-07 
 3.43400000e-04  1.69255608e-07 
 3.43500000e-04  1.69201307e-07 
 3.43600000e-04  1.55451182e-07 
 3.43700000e-04  1.54912150e-07 
 3.43800000e-04  1.54651950e-07 
 3.43900000e-04  1.54453970e-07 
 3.44000000e-04  1.54320102e-07 
 3.44100000e-04  1.70360069e-07 
 3.44200000e-04  1.70168456e-07 
 3.44300000e-04  1.70072952e-07 
 3.44400000e-04  1.69984304e-07 
 3.44500000e-04  1.69937215e-07 
 3.44600000e-04  1.57335134e-07 
 3.44700000e-04  1.56960508e-07 
 3.44800000e-04  1.56774923e-07 
 3.44900000e-04  1.56640670e-07 
 3.45000000e-04  1.56559301e-07 
 3.45100000e-04  1.70084495e-07 
 3.45200000e-04  1.69848492e-07 
 3.45300000e-04  1.69767476e-07 
 3.45400000e-04  1.69697479e-07 
 3.45500000e-04  1.69671738e-07 
 3.45600000e-04  1.55821611e-07 
 3.45700000e-04  1.55404818e-07 
 3.45800000e-04  1.55172706e-07 
 3.45900000e-04  1.55001115e-07 
 3.46000000e-04  1.54891884e-07 
 3.46100000e-04  1.71451804e-07 
 3.46200000e-04  1.71145401e-07 
 3.46300000e-04  1.71037600e-07 
 3.46400000e-04  1.70943479e-07 
 3.46500000e-04  1.70889958e-07 
 3.46600000e-04  1.59559468e-07 
 3.46700000e-04  1.59195330e-07 
 3.46800000e-04  1.59015998e-07 
 3.46900000e-04  1.58888771e-07 
 3.47000000e-04  1.58815221e-07 
 3.47100000e-04  1.70155627e-07 
 3.47200000e-04  1.69886774e-07 
 3.47300000e-04  1.69799966e-07 
 3.47400000e-04  1.69725460e-07 
 3.47500000e-04  1.69685608e-07 
 3.47600000e-04  1.55858508e-07 
 3.47700000e-04  1.55401189e-07 
 3.47800000e-04  1.55176543e-07 
 3.47900000e-04  1.55000968e-07 
 3.48000000e-04  1.54875940e-07 
 3.48100000e-04  1.70929416e-07 
 3.48200000e-04  1.70732448e-07 
 3.48300000e-04  1.70651059e-07 
 3.48400000e-04  1.70578189e-07 
 3.48500000e-04  1.70537426e-07 
 3.48600000e-04  1.57892082e-07 
 3.48700000e-04  1.57542720e-07 
 3.48800000e-04  1.57350413e-07 
 3.48900000e-04  1.57210725e-07 
 3.49000000e-04  1.57125243e-07 
 3.49100000e-04  1.70694787e-07 
 3.49200000e-04  1.70448867e-07 
 3.49300000e-04  1.70368226e-07 
 3.49400000e-04  1.70300119e-07 
 3.49500000e-04  1.70273270e-07 
 3.49600000e-04  1.56399862e-07 
 3.49700000e-04  1.55975315e-07 
 3.49800000e-04  1.55753551e-07 
 3.49900000e-04  1.55587233e-07 
 3.50000000e-04  1.55478036e-07 
 3.50100000e-04  1.72589077e-07 
 3.50200000e-04  1.72186831e-07 
 3.50300000e-04  1.72049843e-07 
 3.50400000e-04  1.71930428e-07 
 3.50500000e-04  1.71876030e-07 
 3.50600000e-04  1.61812909e-07 
 3.50700000e-04  1.61451639e-07 
 3.50800000e-04  1.61269959e-07 
 3.50900000e-04  1.61154658e-07 
 3.51000000e-04  1.61107755e-07 
 3.51100000e-04  1.70278909e-07 
 3.51200000e-04  1.69967317e-07 
 3.51300000e-04  1.69857811e-07 
 3.51400000e-04  1.69761906e-07 
 3.51500000e-04  1.69730141e-07 
 3.51600000e-04  1.55938485e-07 
 3.51700000e-04  1.55437129e-07 
 3.51800000e-04  1.55200548e-07 
 3.51900000e-04  1.55021604e-07 
 3.52000000e-04  1.54902040e-07 
 3.52100000e-04  1.70947257e-07 
 3.52200000e-04  1.70755051e-07 
 3.52300000e-04  1.70665797e-07 
 3.52400000e-04  1.70583536e-07 
 3.52500000e-04  1.70537146e-07 
 3.52600000e-04  1.57914395e-07 
 3.52700000e-04  1.57529628e-07 
 3.52800000e-04  1.57344375e-07 
 3.52900000e-04  1.57208819e-07 
 3.53000000e-04  1.57124449e-07 
 3.53100000e-04  1.70692690e-07 
 3.53200000e-04  1.70473012e-07 
 3.53300000e-04  1.70389253e-07 
 3.53400000e-04  1.70314789e-07 
 3.53500000e-04  1.70279583e-07 
 3.53600000e-04  1.56380800e-07 
 3.53700000e-04  1.55975962e-07 
 3.53800000e-04  1.55748448e-07 
 3.53900000e-04  1.55582446e-07 
 3.54000000e-04  1.55479817e-07 
 3.54100000e-04  1.72080215e-07 
 3.54200000e-04  1.71772278e-07 
 3.54300000e-04  1.71657469e-07 
 3.54400000e-04  1.71556129e-07 
 3.54500000e-04  1.71502060e-07 
 3.54600000e-04  1.60162385e-07 
 3.54700000e-04  1.59786606e-07 
 3.54800000e-04  1.59600507e-07 
 3.54900000e-04  1.59478724e-07 
 3.55000000e-04  1.59423205e-07 
 3.55100000e-04  1.70792020e-07 
 3.55200000e-04  1.70512650e-07 
 3.55300000e-04  1.70412471e-07 
 3.55400000e-04  1.70324614e-07 
 3.55500000e-04  1.70289512e-07 
 3.55600000e-04  1.56446355e-07 
 3.55700000e-04  1.55993163e-07 
 3.55800000e-04  1.55761251e-07 
 3.55900000e-04  1.55585862e-07 
 3.56000000e-04  1.55468701e-07 
 3.56100000e-04  1.71555854e-07 
 3.56200000e-04  1.71339865e-07 
 3.56300000e-04  1.71259334e-07 
 3.56400000e-04  1.71189535e-07 
 3.56500000e-04  1.71139027e-07 
 3.56600000e-04  1.58476576e-07 
 3.56700000e-04  1.58114193e-07 
 3.56800000e-04  1.57935310e-07 
 3.56900000e-04  1.57807440e-07 
 3.57000000e-04  1.57732112e-07 
 3.57100000e-04  1.71304823e-07 
 3.57200000e-04  1.71084553e-07 
 3.57300000e-04  1.70996436e-07 
 3.57400000e-04  1.70917291e-07 
 3.57500000e-04  1.70894934e-07 
 3.57600000e-04  1.56966308e-07 
 3.57700000e-04  1.56568077e-07 
 3.57800000e-04  1.56341651e-07 
 3.57900000e-04  1.56177121e-07 
 3.58000000e-04  1.56076359e-07 
 3.58100000e-04  1.74286807e-07 
 3.58200000e-04  1.73651042e-07 
 3.58300000e-04  1.73452598e-07 
 3.58400000e-04  1.73283554e-07 
 3.58500000e-04  1.73209030e-07 
 3.58600000e-04  1.65719697e-07 
 3.58700000e-04  1.65369389e-07 
 3.58800000e-04  1.65193998e-07 
 3.58900000e-04  1.65084821e-07 
 3.59000000e-04  1.65043867e-07 
 3.59100000e-04  1.70583951e-07 
 3.59200000e-04  1.69785073e-07 
 3.59300000e-04  1.69534153e-07 
 3.59400000e-04  1.69320293e-07 
 3.59500000e-04  1.69231858e-07 
 3.59600000e-04  1.55506629e-07 
 3.59700000e-04  1.54925240e-07 
 3.59800000e-04  1.54666421e-07 
 3.59900000e-04  1.54473241e-07 
 3.60000000e-04  1.54347685e-07 
 3.60100000e-04  1.70363271e-07 
 3.60200000e-04  1.70169284e-07 
 3.60300000e-04  1.70077843e-07 
 3.60400000e-04  1.69993321e-07 
 3.60500000e-04  1.69947988e-07 
 3.60600000e-04  1.57335397e-07 
 3.60700000e-04  1.56958009e-07 
 3.60800000e-04  1.56775997e-07 
 3.60900000e-04  1.56644615e-07 
 3.61000000e-04  1.56565378e-07 
 3.61100000e-04  1.70094050e-07 
 3.61200000e-04  1.69859905e-07 
 3.61300000e-04  1.69781259e-07 
 3.61400000e-04  1.69714145e-07 
 3.61500000e-04  1.69667763e-07 
 3.61600000e-04  1.55815218e-07 
 3.61700000e-04  1.55394658e-07 
 3.61800000e-04  1.55171171e-07 
 3.61900000e-04  1.55002955e-07 
 3.62000000e-04  1.54891666e-07 
 3.62100000e-04  1.71454030e-07 
 3.62200000e-04  1.71157369e-07 
 3.62300000e-04  1.71049615e-07 
 3.62400000e-04  1.70954786e-07 
 3.62500000e-04  1.70895796e-07 
 3.62600000e-04  1.59567613e-07 
 3.62700000e-04  1.59209239e-07 
 3.62800000e-04  1.59019430e-07 
 3.62900000e-04  1.58892912e-07 
 3.63000000e-04  1.58831595e-07 
 3.63100000e-04  1.70162596e-07 
 3.63200000e-04  1.69903694e-07 
 3.63300000e-04  1.69802566e-07 
 3.63400000e-04  1.69711514e-07 
 3.63500000e-04  1.69682467e-07 
 3.63600000e-04  1.55860572e-07 
 3.63700000e-04  1.55416161e-07 
 3.63800000e-04  1.55178784e-07 
 3.63900000e-04  1.54997925e-07 
 3.64000000e-04  1.54875277e-07 
 3.64100000e-04  1.70934160e-07 
 3.64200000e-04  1.70728138e-07 
 3.64300000e-04  1.70643717e-07 
 3.64400000e-04  1.70568400e-07 
 3.64500000e-04  1.70530479e-07 
 3.64600000e-04  1.57906468e-07 
 3.64700000e-04  1.57529557e-07 
 3.64800000e-04  1.57344910e-07 
 3.64900000e-04  1.57214804e-07 
 3.65000000e-04  1.57140869e-07 
 3.65100000e-04  1.70692846e-07 
 3.65200000e-04  1.70458971e-07 
 3.65300000e-04  1.70370250e-07 
 3.65400000e-04  1.70291798e-07 
 3.65500000e-04  1.70264623e-07 
 3.65600000e-04  1.56395173e-07 
 3.65700000e-04  1.55984189e-07 
 3.65800000e-04  1.55759055e-07 
 3.65900000e-04  1.55586484e-07 
 3.66000000e-04  1.55468042e-07 
 3.66100000e-04  1.72596962e-07 
 3.66200000e-04  1.72193117e-07 
 3.66300000e-04  1.72050036e-07 
 3.66400000e-04  1.71924243e-07 
 3.66500000e-04  1.71857814e-07 
 3.66600000e-04  1.61825645e-07 
 3.66700000e-04  1.61452294e-07 
 3.66800000e-04  1.61271654e-07 
 3.66900000e-04  1.61153230e-07 
 3.67000000e-04  1.61098898e-07 
 3.67100000e-04  1.70285971e-07 
 3.67200000e-04  1.69983525e-07 
 3.67300000e-04  1.69871284e-07 
 3.67400000e-04  1.69771796e-07 
 3.67500000e-04  1.69728063e-07 
 3.67600000e-04  1.55940216e-07 
 3.67700000e-04  1.55447577e-07 
 3.67800000e-04  1.55202456e-07 
 3.67900000e-04  1.55020025e-07 
 3.68000000e-04  1.54902176e-07 
 3.68100000e-04  1.70946542e-07 
 3.68200000e-04  1.70751101e-07 
 3.68300000e-04  1.70657606e-07 
 3.68400000e-04  1.70571356e-07 
 3.68500000e-04  1.70532289e-07 
 3.68600000e-04  1.57895234e-07 
 3.68700000e-04  1.57535107e-07 
 3.68800000e-04  1.57343483e-07 
 3.68900000e-04  1.57214423e-07 
 3.69000000e-04  1.57149810e-07 
 3.69100000e-04  1.70690133e-07 
 3.69200000e-04  1.70466324e-07 
 3.69300000e-04  1.70384351e-07 
 3.69400000e-04  1.70312444e-07 
 3.69500000e-04  1.70278042e-07 
 3.69600000e-04  1.56398844e-07 
 3.69700000e-04  1.55987260e-07 
 3.69800000e-04  1.55762697e-07 
 3.69900000e-04  1.55590517e-07 
 3.70000000e-04  1.55472280e-07 
 3.70100000e-04  1.72074392e-07 
 3.70200000e-04  1.71771794e-07 
 3.70300000e-04  1.71656822e-07 
 3.70400000e-04  1.71554448e-07 
 3.70500000e-04  1.71512754e-07 
 3.70600000e-04  1.60159679e-07 
 3.70700000e-04  1.59778409e-07 
 3.70800000e-04  1.59602585e-07 
 3.70900000e-04  1.59482166e-07 
 3.71000000e-04  1.59418805e-07 
 3.71100000e-04  1.70775949e-07 
 3.71200000e-04  1.70519835e-07 
 3.71300000e-04  1.70423880e-07 
 3.71400000e-04  1.70338378e-07 
 3.71500000e-04  1.70304959e-07 
 3.71600000e-04  1.56442006e-07 
 3.71700000e-04  1.55992630e-07 
 3.71800000e-04  1.55762680e-07 
 3.71900000e-04  1.55586861e-07 
 3.72000000e-04  1.55466784e-07 
 3.72100000e-04  1.71545259e-07 
 3.72200000e-04  1.71364665e-07 
 3.72300000e-04  1.71274733e-07 
 3.72400000e-04  1.71190724e-07 
 3.72500000e-04  1.71151856e-07 
 3.72600000e-04  1.58482718e-07 
 3.72700000e-04  1.58118500e-07 
 3.72800000e-04  1.57931364e-07 
 3.72900000e-04  1.57799339e-07 
 3.73000000e-04  1.57724065e-07 
 3.73100000e-04  1.71311302e-07 
 3.73200000e-04  1.71072887e-07 
 3.73300000e-04  1.70989517e-07 
 3.73400000e-04  1.70917362e-07 
 3.73500000e-04  1.70888216e-07 
 3.73600000e-04  1.56970327e-07 
 3.73700000e-04  1.56558304e-07 
 3.73800000e-04  1.56341478e-07 
 3.73900000e-04  1.56180987e-07 
 3.74000000e-04  1.56078508e-07 
 3.74100000e-04  1.73760089e-07 
 3.74200000e-04  1.73246817e-07 
 3.74300000e-04  1.73073370e-07 
 3.74400000e-04  1.72922292e-07 
 3.74500000e-04  1.72851879e-07 
 3.74600000e-04  1.64063713e-07 
 3.74700000e-04  1.63692434e-07 
 3.74800000e-04  1.63520885e-07 
 3.74900000e-04  1.63413346e-07 
 3.75000000e-04  1.63371739e-07 
 3.75100000e-04  1.70564686e-07 
 3.75200000e-04  1.70167045e-07 
 3.75300000e-04  1.70011194e-07 
 3.75400000e-04  1.69871498e-07 
 3.75500000e-04  1.69817233e-07 
 3.75600000e-04  1.56037347e-07 
 3.75700000e-04  1.55489123e-07 
 3.75800000e-04  1.55237278e-07 
 3.75900000e-04  1.55051228e-07 
 3.76000000e-04  1.54932952e-07 
 3.76100000e-04  1.70978800e-07 
 3.76200000e-04  1.70780776e-07 
 3.76300000e-04  1.70689835e-07 
 3.76400000e-04  1.70606539e-07 
 3.76500000e-04  1.70566499e-07 
 3.76600000e-04  1.57909401e-07 
 3.76700000e-04  1.57560521e-07 
 3.76800000e-04  1.57361476e-07 
 3.76900000e-04  1.57226762e-07 
 3.77000000e-04  1.57158311e-07 
 3.77100000e-04  1.70707070e-07 
 3.77200000e-04  1.70477615e-07 
 3.77300000e-04  1.70396872e-07 
 3.77400000e-04  1.70326505e-07 
 3.77500000e-04  1.70290193e-07 
 3.77600000e-04  1.56400133e-07 
 3.77700000e-04  1.55992639e-07 
 3.77800000e-04  1.55771183e-07 
 3.77900000e-04  1.55600068e-07 
 3.78000000e-04  1.55480780e-07 
 3.78100000e-04  1.72084780e-07 
 3.78200000e-04  1.71784688e-07 
 3.78300000e-04  1.71674642e-07 
 3.78400000e-04  1.71577574e-07 
 3.78500000e-04  1.71508417e-07 
 3.78600000e-04  1.60160497e-07 
 3.78700000e-04  1.59785684e-07 
 3.78800000e-04  1.59602161e-07 
 3.78900000e-04  1.59477550e-07 
 3.79000000e-04  1.59413613e-07 
 3.79100000e-04  1.70781349e-07 
 3.79200000e-04  1.70511493e-07 
 3.79300000e-04  1.70414699e-07 
 3.79400000e-04  1.70329254e-07 
 3.79500000e-04  1.70298391e-07 
 3.79600000e-04  1.56451671e-07 
 3.79700000e-04  1.55987115e-07 
 3.79800000e-04  1.55754223e-07 
 3.79900000e-04  1.55582563e-07 
 3.80000000e-04  1.55473966e-07 
 3.80100000e-04  1.71557690e-07 
 3.80200000e-04  1.71359450e-07 
 3.80300000e-04  1.71269309e-07 
 3.80400000e-04  1.71187029e-07 
 3.80500000e-04  1.71139522e-07 
 3.80600000e-04  1.58479596e-07 
 3.80700000e-04  1.58128546e-07 
 3.80800000e-04  1.57940714e-07 
 3.80900000e-04  1.57809835e-07 
 3.81000000e-04  1.57737601e-07 
 3.81100000e-04  1.71318645e-07 
 3.81200000e-04  1.71081893e-07 
 3.81300000e-04  1.70995281e-07 
 3.81400000e-04  1.70919570e-07 
 3.81500000e-04  1.70885722e-07 
 3.81600000e-04  1.56988425e-07 
 3.81700000e-04  1.56561746e-07 
 3.81800000e-04  1.56354838e-07 
 3.81900000e-04  1.56191574e-07 
 3.82000000e-04  1.56073225e-07 
 3.82100000e-04  1.73221142e-07 
 3.82200000e-04  1.72811510e-07 
 3.82300000e-04  1.72672653e-07 
 3.82400000e-04  1.72551742e-07 
 3.82500000e-04  1.72487833e-07 
 3.82600000e-04  1.62393503e-07 
 3.82700000e-04  1.62042628e-07 
 3.82800000e-04  1.61857049e-07 
 3.82900000e-04  1.61736330e-07 
 3.83000000e-04  1.61682411e-07 
 3.83100000e-04  1.70914621e-07 
 3.83200000e-04  1.70598525e-07 
 3.83300000e-04  1.70483295e-07 
 3.83400000e-04  1.70381578e-07 
 3.83500000e-04  1.70336101e-07 
 3.83600000e-04  1.56526051e-07 
 3.83700000e-04  1.56034084e-07 
 3.83800000e-04  1.55795847e-07 
 3.83900000e-04  1.55613376e-07 
 3.84000000e-04  1.55488321e-07 
 3.84100000e-04  1.71578783e-07 
 3.84200000e-04  1.71381564e-07 
 3.84300000e-04  1.71289955e-07 
 3.84400000e-04  1.71206111e-07 
 3.84500000e-04  1.71156218e-07 
 3.84600000e-04  1.58492214e-07 
 3.84700000e-04  1.58125944e-07 
 3.84800000e-04  1.57952606e-07 
 3.84900000e-04  1.57819716e-07 
 3.85000000e-04  1.57728438e-07 
 3.85100000e-04  1.71330305e-07 
 3.85200000e-04  1.71090014e-07 
 3.85300000e-04  1.71003120e-07 
 3.85400000e-04  1.70927508e-07 
 3.85500000e-04  1.70898245e-07 
 3.85600000e-04  1.56997751e-07 
 3.85700000e-04  1.56586766e-07 
 3.85800000e-04  1.56361001e-07 
 3.85900000e-04  1.56191225e-07 
 3.86000000e-04  1.56079096e-07 
 3.86100000e-04  1.72709184e-07 
 3.86200000e-04  1.72395049e-07 
 3.86300000e-04  1.72275778e-07 
 3.86400000e-04  1.72170337e-07 
 3.86500000e-04  1.72126595e-07 
 3.86600000e-04  1.60739895e-07 
 3.86700000e-04  1.60380035e-07 
 3.86800000e-04  1.60206767e-07 
 3.86900000e-04  1.60079119e-07 
 3.87000000e-04  1.59998418e-07 
 3.87100000e-04  1.71410424e-07 
 3.87200000e-04  1.71145298e-07 
 3.87300000e-04  1.71042123e-07 
 3.87400000e-04  1.70949721e-07 
 3.87500000e-04  1.70913282e-07 
 3.87600000e-04  1.57035574e-07 
 3.87700000e-04  1.56597154e-07 
 3.87800000e-04  1.56364975e-07 
 3.87900000e-04  1.56189756e-07 
 3.88000000e-04  1.56073181e-07 
 3.88100000e-04  1.72177847e-07 
 3.88200000e-04  1.71971325e-07 
 3.88300000e-04  1.71881142e-07 
 3.88400000e-04  1.71799378e-07 
 3.88500000e-04  1.71760425e-07 
 3.88600000e-04  1.59070275e-07 
 3.88700000e-04  1.58713920e-07 
 3.88800000e-04  1.58526729e-07 
 3.88900000e-04  1.58398465e-07 
 3.89000000e-04  1.58330874e-07 
 3.89100000e-04  1.71938106e-07 
 3.89200000e-04  1.71712632e-07 
 3.89300000e-04  1.71617940e-07 
 3.89400000e-04  1.71532086e-07 
 3.89500000e-04  1.71518353e-07 
 3.89600000e-04  1.57570903e-07 
 3.89700000e-04  1.57167324e-07 
 3.89800000e-04  1.56947128e-07 
 3.89900000e-04  1.56781610e-07 
 3.90000000e-04  1.56672382e-07 
 3.90100000e-04  1.75963281e-07 
 3.90200000e-04  1.75128409e-07 
 3.90300000e-04  1.74869615e-07 
 3.90400000e-04  1.74648317e-07 
 3.90500000e-04  1.74569859e-07 
 3.90600000e-04  1.69655552e-07 
 3.90700000e-04  1.69283677e-07 
 3.90800000e-04  1.69113701e-07 
 3.90900000e-04  1.69025772e-07 
 3.91000000e-04  1.69022366e-07 
 3.91100000e-04  1.70180664e-07 
 3.91200000e-04  1.69193323e-07 
 3.91300000e-04  1.68931103e-07 
 3.91400000e-04  1.68715132e-07 
 3.91500000e-04  1.68634091e-07 
 3.91600000e-04  1.55012712e-07 
 3.91700000e-04  1.54341248e-07 
 3.91800000e-04  1.54061262e-07 
 3.91900000e-04  1.53855694e-07 
 3.92000000e-04  1.53726777e-07 
 3.92100000e-04  1.69751624e-07 
 3.92200000e-04  1.69552862e-07 
 3.92300000e-04  1.69465626e-07 
 3.92400000e-04  1.69386319e-07 
 3.92500000e-04  1.69336551e-07 
 3.92600000e-04  1.56741662e-07 
 3.92700000e-04  1.56360912e-07 
 3.92800000e-04  1.56177147e-07 
 3.92900000e-04  1.56043006e-07 
 3.93000000e-04  1.55959933e-07 
 3.93100000e-04  1.69483566e-07 
 3.93200000e-04  1.69236871e-07 
 3.93300000e-04  1.69157899e-07 
 3.93400000e-04  1.69091809e-07 
 3.93500000e-04  1.69048446e-07 
 3.93600000e-04  1.55232671e-07 
 3.93700000e-04  1.54804138e-07 
 3.93800000e-04  1.54576322e-07 
 3.93900000e-04  1.54405819e-07 
 3.94000000e-04  1.54294320e-07 
 3.94100000e-04  1.70843768e-07 
 3.94200000e-04  1.70537028e-07 
 3.94300000e-04  1.70427432e-07 
 3.94400000e-04  1.70331548e-07 
 3.94500000e-04  1.70283012e-07 
 3.94600000e-04  1.58972858e-07 
 3.94700000e-04  1.58607887e-07 
 3.94800000e-04  1.58423930e-07 
 3.94900000e-04  1.58299164e-07 
 3.95000000e-04  1.58235338e-07 
 3.95100000e-04  1.69541571e-07 
 3.95200000e-04  1.69270243e-07 
 3.95300000e-04  1.69186881e-07 
 3.95400000e-04  1.69116556e-07 
 3.95500000e-04  1.69069832e-07 
 3.95600000e-04  1.55284596e-07 
 3.95700000e-04  1.54828877e-07 
 3.95800000e-04  1.54580584e-07 
 3.95900000e-04  1.54399082e-07 
 3.96000000e-04  1.54286360e-07 
 3.96100000e-04  1.70298988e-07 
 3.96200000e-04  1.70127008e-07 
 3.96300000e-04  1.70040779e-07 
 3.96400000e-04  1.69959828e-07 
 3.96500000e-04  1.69916519e-07 
 3.96600000e-04  1.57310944e-07 
 3.96700000e-04  1.56949383e-07 
 3.96800000e-04  1.56758101e-07 
 3.96900000e-04  1.56619956e-07 
 3.97000000e-04  1.56536505e-07 
 3.97100000e-04  1.70067482e-07 
 3.97200000e-04  1.69833236e-07 
 3.97300000e-04  1.69752464e-07 
 3.97400000e-04  1.69682759e-07 
 3.97500000e-04  1.69646176e-07 
 3.97600000e-04  1.55801009e-07 
 3.97700000e-04  1.55390334e-07 
 3.97800000e-04  1.55164729e-07 
 3.97900000e-04  1.54995827e-07 
 3.98000000e-04  1.54885299e-07 
 3.98100000e-04  1.71982192e-07 
 3.98200000e-04  1.71560344e-07 
 3.98300000e-04  1.71424372e-07 
 3.98400000e-04  1.71308286e-07 
 3.98500000e-04  1.71248129e-07 
 3.98600000e-04  1.61229277e-07 
 3.98700000e-04  1.60851667e-07 
 3.98800000e-04  1.60674762e-07 
 3.98900000e-04  1.60556955e-07 
 3.99000000e-04  1.60499992e-07 
 3.99100000e-04  1.69663420e-07 
 3.99200000e-04  1.69348781e-07 
 3.99300000e-04  1.69235667e-07 
 3.99400000e-04  1.69136305e-07 
 3.99500000e-04  1.69105199e-07 
 3.99600000e-04  1.55337473e-07 
 3.99700000e-04  1.54838567e-07 
 3.99800000e-04  1.54595768e-07 
 3.99900000e-04  1.54412120e-07 
 4.00000000e-04  1.54289365e-07 
 4.00100000e-04  1.70311073e-07 
 4.00200000e-04  1.70119537e-07 
 4.00300000e-04  1.70040533e-07 
 4.00400000e-04  1.69969652e-07 
 4.00500000e-04  1.69929500e-07 
 4.00600000e-04  1.57313433e-07 
 4.00700000e-04  1.56936807e-07 
 4.00800000e-04  1.56746759e-07 
 4.00900000e-04  1.56614856e-07 
 4.01000000e-04  1.56542809e-07 
 4.01100000e-04  1.70076646e-07 
 4.01200000e-04  1.69838314e-07 
 4.01300000e-04  1.69758831e-07 
 4.01400000e-04  1.69690911e-07 
 4.01500000e-04  1.69666061e-07 
 4.01600000e-04  1.55810308e-07 
 4.01700000e-04  1.55393080e-07 
 4.01800000e-04  1.55159400e-07 
 4.01900000e-04  1.54981751e-07 
 4.02000000e-04  1.54861773e-07 
 4.02100000e-04  1.71451230e-07 
 4.02200000e-04  1.71146898e-07 
 4.02300000e-04  1.71038217e-07 
 4.02400000e-04  1.70943503e-07 
 4.02500000e-04  1.70879689e-07 
 4.02600000e-04  1.59554613e-07 
 4.02700000e-04  1.59202550e-07 
 4.02800000e-04  1.59013711e-07 
 4.02900000e-04  1.58881806e-07 
 4.03000000e-04  1.58808506e-07 
 4.03100000e-04  1.70161822e-07 
 4.03200000e-04  1.69891265e-07 
 4.03300000e-04  1.69790530e-07 
 4.03400000e-04  1.69701220e-07 
 4.03500000e-04  1.69679469e-07 
 4.03600000e-04  1.55861162e-07 
 4.03700000e-04  1.55393715e-07 
 4.03800000e-04  1.55166386e-07 
 4.03900000e-04  1.54995946e-07 
 4.04000000e-04  1.54884061e-07 
 4.04100000e-04  1.70924813e-07 
 4.04200000e-04  1.70737305e-07 
 4.04300000e-04  1.70652855e-07 
 4.04400000e-04  1.70575777e-07 
 4.04500000e-04  1.70526788e-07 
 4.04600000e-04  1.57893505e-07 
 4.04700000e-04  1.57519143e-07 
 4.04800000e-04  1.57341411e-07 
 4.04900000e-04  1.57209458e-07 
 4.05000000e-04  1.57124596e-07 
 4.05100000e-04  1.70677338e-07 
 4.05200000e-04  1.70445325e-07 
 4.05300000e-04  1.70363930e-07 
 4.05400000e-04  1.70293522e-07 
 4.05500000e-04  1.70263576e-07 
 4.05600000e-04  1.56393482e-07 
 4.05700000e-04  1.55976275e-07 
 4.05800000e-04  1.55756240e-07 
 4.05900000e-04  1.55587934e-07 
 4.06000000e-04  1.55472854e-07 
 4.06100000e-04  1.73135832e-07 
 4.06200000e-04  1.72622768e-07 
 4.06300000e-04  1.72444179e-07 
 4.06400000e-04  1.72287451e-07 
 4.06500000e-04  1.72220954e-07 
 4.06600000e-04  1.63484514e-07 
 4.06700000e-04  1.63100814e-07 
 4.06800000e-04  1.62924761e-07 
 4.06900000e-04  1.62816556e-07 
 4.07000000e-04  1.62778214e-07 
 4.07100000e-04  1.69937079e-07 
 4.07200000e-04  1.69550088e-07 
 4.07300000e-04  1.69398017e-07 
 4.07400000e-04  1.69261457e-07 
 4.07500000e-04  1.69202066e-07 
 4.07600000e-04  1.55456896e-07 
 4.07700000e-04  1.54896763e-07 
 4.07800000e-04  1.54649916e-07 
 4.07900000e-04  1.54462138e-07 
 4.08000000e-04  1.54335162e-07 
 4.08100000e-04  1.70346432e-07 
 4.08200000e-04  1.70150792e-07 
 4.08300000e-04  1.70062017e-07 
 4.08400000e-04  1.69980655e-07 
 4.08500000e-04  1.69948144e-07 
 4.08600000e-04  1.57320308e-07 
 4.08700000e-04  1.56970099e-07 
 4.08800000e-04  1.56771614e-07 
 4.08900000e-04  1.56633170e-07 
 4.09000000e-04  1.56556531e-07 
 4.09100000e-04  1.70074315e-07 
 4.09200000e-04  1.69849072e-07 
 4.09300000e-04  1.69769147e-07 
 4.09400000e-04  1.69699444e-07 
 4.09500000e-04  1.69670631e-07 
 4.09600000e-04  1.55809002e-07 
 4.09700000e-04  1.55400508e-07 
 4.09800000e-04  1.55168158e-07 
 4.09900000e-04  1.54993704e-07 
 4.10000000e-04  1.54878840e-07 
 4.10100000e-04  1.71466696e-07 
 4.10200000e-04  1.71159215e-07 
 4.10300000e-04  1.71041720e-07 
 4.10400000e-04  1.70937811e-07 
 4.10500000e-04  1.70888210e-07 
 4.10600000e-04  1.59577234e-07 
 4.10700000e-04  1.59186638e-07 
 4.10800000e-04  1.58998172e-07 
 4.10900000e-04  1.58873645e-07 
 4.11000000e-04  1.58814938e-07 
 4.11100000e-04  1.70159908e-07 
 4.11200000e-04  1.69895125e-07 
 4.11300000e-04  1.69794820e-07 
 4.11400000e-04  1.69705225e-07 
 4.11500000e-04  1.69684939e-07 
 4.11600000e-04  1.55863308e-07 
 4.11700000e-04  1.55394996e-07 
 4.11800000e-04  1.55162070e-07 
 4.11900000e-04  1.54989778e-07 
 4.12000000e-04  1.54879899e-07 
 4.12100000e-04  1.70916441e-07 
 4.12200000e-04  1.70720186e-07 
 4.12300000e-04  1.70640026e-07 
 4.12400000e-04  1.70568388e-07 
 4.12500000e-04  1.70526807e-07 
 4.12600000e-04  1.57903093e-07 
 4.12700000e-04  1.57545737e-07 
 4.12800000e-04  1.57350077e-07 
 4.12900000e-04  1.57208752e-07 
 4.13000000e-04  1.57123342e-07 
 4.13100000e-04  1.70693727e-07 
 4.13200000e-04  1.70467484e-07 
 4.13300000e-04  1.70379866e-07 
 4.13400000e-04  1.70301990e-07 
 4.13500000e-04  1.70257332e-07 
 4.13600000e-04  1.56392743e-07 
 4.13700000e-04  1.55981782e-07 
 4.13800000e-04  1.55756144e-07 
 4.13900000e-04  1.55588491e-07 
 4.14000000e-04  1.55480521e-07 
 4.14100000e-04  1.72591667e-07 
 4.14200000e-04  1.72188552e-07 
 4.14300000e-04  1.72048645e-07 
 4.14400000e-04  1.71926297e-07 
 4.14500000e-04  1.71859010e-07 
 4.14600000e-04  1.61804061e-07 
 4.14700000e-04  1.61441881e-07 
 4.14800000e-04  1.61261534e-07 
 4.14900000e-04  1.61144826e-07 
 4.15000000e-04  1.61093631e-07 
 4.15100000e-04  1.70288096e-07 
 4.15200000e-04  1.69973220e-07 
 4.15300000e-04  1.69865890e-07 
 4.15400000e-04  1.69773019e-07 
 4.15500000e-04  1.69726176e-07 
 4.15600000e-04  1.55934716e-07 
 4.15700000e-04  1.55431425e-07 
 4.15800000e-04  1.55190765e-07 
 4.15900000e-04  1.55014163e-07 
 4.16000000e-04  1.54903500e-07 
 4.16100000e-04  1.70943207e-07 
 4.16200000e-04  1.70752641e-07 
 4.16300000e-04  1.70658162e-07 
 4.16400000e-04  1.70570149e-07 
 4.16500000e-04  1.70525070e-07 
 4.16600000e-04  1.57911736e-07 
 4.16700000e-04  1.57529864e-07 
 4.16800000e-04  1.57350142e-07 
 4.16900000e-04  1.57214810e-07 
 4.17000000e-04  1.57125129e-07 
 4.17100000e-04  1.70699592e-07 
 4.17200000e-04  1.70472012e-07 
 4.17300000e-04  1.70387662e-07 
 4.17400000e-04  1.70313570e-07 
 4.17500000e-04  1.70269559e-07 
 4.17600000e-04  1.56384309e-07 
 4.17700000e-04  1.55978171e-07 
 4.17800000e-04  1.55751948e-07 
 4.17900000e-04  1.55579777e-07 
 4.18000000e-04  1.55463226e-07 
 4.18100000e-04  1.72078602e-07 
 4.18200000e-04  1.71773046e-07 
 4.18300000e-04  1.71654882e-07 
 4.18400000e-04  1.71549510e-07 
 4.18500000e-04  1.71498983e-07 
 4.18600000e-04  1.60155725e-07 
 4.18700000e-04  1.59788224e-07 
 4.18800000e-04  1.59604013e-07 
 4.18900000e-04  1.59477196e-07 
 4.19000000e-04  1.59409446e-07 
 4.19100000e-04  1.70787246e-07 
 4.19200000e-04  1.70510627e-07 
 4.19300000e-04  1.70407904e-07 
 4.19400000e-04  1.70317176e-07 
 4.19500000e-04  1.70297484e-07 
 4.19600000e-04  1.56446066e-07 
 4.19700000e-04  1.55993443e-07 
 4.19800000e-04  1.55763196e-07 
 4.19900000e-04  1.55594095e-07 
 4.20000000e-04  1.55487928e-07 
 4.20100000e-04  1.71549396e-07 
 4.20200000e-04  1.71354883e-07 
 4.20300000e-04  1.71267957e-07 
 4.20400000e-04  1.71188544e-07 
 4.20500000e-04  1.71151309e-07 
 4.20600000e-04  1.58480199e-07 
 4.20700000e-04  1.58132265e-07 
 4.20800000e-04  1.57932883e-07 
 4.20900000e-04  1.57798201e-07 
 4.21000000e-04  1.57730121e-07 
 4.21100000e-04  1.71324094e-07 
 4.21200000e-04  1.71088231e-07 
 4.21300000e-04  1.70998197e-07 
 4.21400000e-04  1.70918784e-07 
 4.21500000e-04  1.70891550e-07 
 4.21600000e-04  1.56982691e-07 
 4.21700000e-04  1.56573867e-07 
 4.21800000e-04  1.56343241e-07 
 4.21900000e-04  1.56176258e-07 
 4.22000000e-04  1.56074783e-07 
 4.22100000e-04  1.74278845e-07 
 4.22200000e-04  1.73669639e-07 
 4.22300000e-04  1.73462005e-07 
 4.22400000e-04  1.73280004e-07 
 4.22500000e-04  1.73223525e-07 
 4.22600000e-04  1.65716035e-07 
 4.22700000e-04  1.65348920e-07 
 4.22800000e-04  1.65186549e-07 
 4.22900000e-04  1.65083637e-07 
 4.23000000e-04  1.65041921e-07 
 4.23100000e-04  1.70567250e-07 
 4.23200000e-04  1.69783679e-07 
 4.23300000e-04  1.69541314e-07 
 4.23400000e-04  1.69335318e-07 
 4.23500000e-04  1.69230207e-07 
 4.23600000e-04  1.55507906e-07 
 4.23700000e-04  1.54922399e-07 
 4.23800000e-04  1.54659192e-07 
 4.23900000e-04  1.54466452e-07 
 4.24000000e-04  1.54346257e-07 
 4.24100000e-04  1.70382359e-07 
 4.24200000e-04  1.70169164e-07 
 4.24300000e-04  1.70076199e-07 
 4.24400000e-04  1.69992370e-07 
 4.24500000e-04  1.69948431e-07 
 4.24600000e-04  1.57329725e-07 
 4.24700000e-04  1.56969524e-07 
 4.24800000e-04  1.56770796e-07 
 4.24900000e-04  1.56629336e-07 
 4.25000000e-04  1.56546808e-07 
 4.25100000e-04  1.70088097e-07 
 4.25200000e-04  1.69869076e-07 
 4.25300000e-04  1.69790218e-07 
 4.25400000e-04  1.69720990e-07 
 4.25500000e-04  1.69667136e-07 
 4.25600000e-04  1.55803662e-07 
 4.25700000e-04  1.55407559e-07 
 4.25800000e-04  1.55175500e-07 
 4.25900000e-04  1.55002319e-07 
 4.26000000e-04  1.54889729e-07 
 4.26100000e-04  1.71467867e-07 
 4.26200000e-04  1.71152123e-07 
 4.26300000e-04  1.71044403e-07 
 4.26400000e-04  1.70951696e-07 
 4.26500000e-04  1.70891053e-07 
 4.26600000e-04  1.59564312e-07 
 4.26700000e-04  1.59206804e-07 
 4.26800000e-04  1.59012157e-07 
 4.26900000e-04  1.58881464e-07 
 4.27000000e-04  1.58816597e-07 
 4.27100000e-04  1.70164399e-07 
 4.27200000e-04  1.69897838e-07 
 4.27300000e-04  1.69801420e-07 
 4.27400000e-04  1.69716289e-07 
 4.27500000e-04  1.69682046e-07 
 4.27600000e-04  1.55849267e-07 
 4.27700000e-04  1.55406594e-07 
 4.27800000e-04  1.55166043e-07 
 4.27900000e-04  1.54991635e-07 
 4.28000000e-04  1.54885310e-07 
 4.28100000e-04  1.70923419e-07 
 4.28200000e-04  1.70739221e-07 
 4.28300000e-04  1.70644092e-07 
 4.28400000e-04  1.70554580e-07 
 4.28500000e-04  1.70519369e-07 
 4.28600000e-04  1.57900293e-07 
 4.28700000e-04  1.57521332e-07 
 4.28800000e-04  1.57337408e-07 
 4.28900000e-04  1.57206531e-07 
 4.29000000e-04  1.57130220e-07 
 4.29100000e-04  1.70682223e-07 
 4.29200000e-04  1.70448958e-07 
 4.29300000e-04  1.70366689e-07 
 4.29400000e-04  1.70295371e-07 
 4.29500000e-04  1.70271658e-07 
 4.29600000e-04  1.56381100e-07 
 4.29700000e-04  1.55979147e-07 
 4.29800000e-04  1.55749278e-07 
 4.29900000e-04  1.55575382e-07 
 4.30000000e-04  1.55459073e-07 
 4.30100000e-04  1.72613131e-07 
 4.30200000e-04  1.72200022e-07 
 4.30300000e-04  1.72048605e-07 
 4.30400000e-04  1.71914783e-07 
 4.30500000e-04  1.71872156e-07 
 4.30600000e-04  1.61810250e-07 
 4.30700000e-04  1.61437378e-07 
 4.30800000e-04  1.61256785e-07 
 4.30900000e-04  1.61136779e-07 
 4.31000000e-04  1.61079118e-07 
 4.31100000e-04  1.70279879e-07 
 4.31200000e-04  1.69977468e-07 
 4.31300000e-04  1.69870435e-07 
 4.31400000e-04  1.69776253e-07 
 4.31500000e-04  1.69729744e-07 
 4.31600000e-04  1.55917313e-07 
 4.31700000e-04  1.55442476e-07 
 4.31800000e-04  1.55190542e-07 
 4.31900000e-04  1.55007649e-07 
 4.32000000e-04  1.54895826e-07 
 4.32100000e-04  1.70945335e-07 
 4.32200000e-04  1.70746479e-07 
 4.32300000e-04  1.70661853e-07 
 4.32400000e-04  1.70585858e-07 
 4.32500000e-04  1.70541746e-07 
 4.32600000e-04  1.57911245e-07 
 4.32700000e-04  1.57527418e-07 
 4.32800000e-04  1.57345786e-07 
 4.32900000e-04  1.57217600e-07 
 4.33000000e-04  1.57144395e-07 
 4.33100000e-04  1.70701427e-07 
 4.33200000e-04  1.70465946e-07 
 4.33300000e-04  1.70385524e-07 
 4.33400000e-04  1.70316506e-07 
 4.33500000e-04  1.70266790e-07 
 4.33600000e-04  1.56399670e-07 
 4.33700000e-04  1.55981791e-07 
 4.33800000e-04  1.55752596e-07 
 4.33900000e-04  1.55583782e-07 
 4.34000000e-04  1.55477100e-07 
 4.34100000e-04  1.72074626e-07 
 4.34200000e-04  1.71769082e-07 
 4.34300000e-04  1.71653721e-07 
 4.34400000e-04  1.71551515e-07 
 4.34500000e-04  1.71495439e-07 
 4.34600000e-04  1.60158649e-07 
 4.34700000e-04  1.59792356e-07 
 4.34800000e-04  1.59600873e-07 
 4.34900000e-04  1.59470070e-07 
 4.35000000e-04  1.59401704e-07 
 4.35100000e-04  1.70773211e-07 
 4.35200000e-04  1.70500267e-07 
 4.35300000e-04  1.70408661e-07 
 4.35400000e-04  1.70329219e-07 
 4.35500000e-04  1.70304809e-07 
 4.35600000e-04  1.56448595e-07 
 4.35700000e-04  1.55991142e-07 
 4.35800000e-04  1.55752598e-07 
 4.35900000e-04  1.55581485e-07 
 4.36000000e-04  1.55479775e-07 
 4.36100000e-04  1.71544801e-07 
 4.36200000e-04  1.71358955e-07 
 4.36300000e-04  1.71269173e-07 
 4.36400000e-04  1.71186016e-07 
 4.36500000e-04  1.71134147e-07 
 4.36600000e-04  1.58496021e-07 
 4.36700000e-04  1.58113362e-07 
 4.36800000e-04  1.57938990e-07 
 4.36900000e-04  1.57808005e-07 
 4.37000000e-04  1.57721615e-07 
 4.37100000e-04  1.71305443e-07 
 4.37200000e-04  1.71077368e-07 
 4.37300000e-04  1.70992815e-07 
 4.37400000e-04  1.70918118e-07 
 4.37500000e-04  1.70891768e-07 
 4.37600000e-04  1.56986426e-07 
 4.37700000e-04  1.56575494e-07 
 4.37800000e-04  1.56351363e-07 
 4.37900000e-04  1.56178970e-07 
 4.38000000e-04  1.56059787e-07 
 4.38100000e-04  1.73753373e-07 
 4.38200000e-04  1.73232972e-07 
 4.38300000e-04  1.73058613e-07 
 4.38400000e-04  1.72907115e-07 
 4.38500000e-04  1.72841901e-07 
 4.38600000e-04  1.64055399e-07 
 4.38700000e-04  1.63693276e-07 
 4.38800000e-04  1.63521708e-07 
 4.38900000e-04  1.63409550e-07 
 4.39000000e-04  1.63358514e-07 
 4.39100000e-04  1.70562255e-07 
 4.39200000e-04  1.70173961e-07 
 4.39300000e-04  1.70013703e-07 
 4.39400000e-04  1.69868246e-07 
 4.39500000e-04  1.69803320e-07 
 4.39600000e-04  1.56044182e-07 
 4.39700000e-04  1.55501569e-07 
 4.39800000e-04  1.55245337e-07 
 4.39900000e-04  1.55053675e-07 
 4.40000000e-04  1.54928461e-07 
 4.40100000e-04  1.70974417e-07 
 4.40200000e-04  1.70773334e-07 
 4.40300000e-04  1.70683474e-07 
 4.40400000e-04  1.70601691e-07 
 4.40500000e-04  1.70547466e-07 
 4.40600000e-04  1.57921969e-07 
 4.40700000e-04  1.57555773e-07 
 4.40800000e-04  1.57357424e-07 
 4.40900000e-04  1.57217782e-07 
 4.41000000e-04  1.57138540e-07 
 4.41100000e-04  1.70709956e-07 
 4.41200000e-04  1.70484860e-07 
 4.41300000e-04  1.70392542e-07 
 4.41400000e-04  1.70309377e-07 
 4.41500000e-04  1.70290431e-07 
 4.41600000e-04  1.56389023e-07 
 4.41700000e-04  1.55986536e-07 
 4.41800000e-04  1.55754520e-07 
 4.41900000e-04  1.55587061e-07 
 4.42000000e-04  1.55486031e-07 
 4.42100000e-04  1.72084526e-07 
 4.42200000e-04  1.71786272e-07 
 4.42300000e-04  1.71669417e-07 
 4.42400000e-04  1.71565019e-07 
 4.42500000e-04  1.71502516e-07 
 4.42600000e-04  1.60166111e-07 
 4.42700000e-04  1.59783964e-07 
 4.42800000e-04  1.59595491e-07 
 4.42900000e-04  1.59472082e-07 
 4.43000000e-04  1.59415627e-07 
 4.43100000e-04  1.70779523e-07 
 4.43200000e-04  1.70507998e-07 
 4.43300000e-04  1.70412994e-07 
 4.43400000e-04  1.70330020e-07 
 4.43500000e-04  1.70292871e-07 
 4.43600000e-04  1.56448089e-07 
 4.43700000e-04  1.55996487e-07 
 4.43800000e-04  1.55767368e-07 
 4.43900000e-04  1.55597249e-07 
 4.44000000e-04  1.55487829e-07 
 4.44100000e-04  1.71547082e-07 
 4.44200000e-04  1.71356279e-07 
 4.44300000e-04  1.71269705e-07 
 4.44400000e-04  1.71190336e-07 
 4.44500000e-04  1.71141099e-07 
 4.44600000e-04  1.58476923e-07 
 4.44700000e-04  1.58117509e-07 
 4.44800000e-04  1.57929847e-07 
 4.44900000e-04  1.57798659e-07 
 4.45000000e-04  1.57725562e-07 
 4.45100000e-04  1.71311151e-07 
 4.45200000e-04  1.71076153e-07 
 4.45300000e-04  1.70992695e-07 
 4.45400000e-04  1.70920177e-07 
 4.45500000e-04  1.70887597e-07 
 4.45600000e-04  1.56967328e-07 
 4.45700000e-04  1.56573016e-07 
 4.45800000e-04  1.56340874e-07 
 4.45900000e-04  1.56167395e-07 
 4.46000000e-04  1.56054266e-07 
 4.46100000e-04  1.73227854e-07 
 4.46200000e-04  1.72817498e-07 
 4.46300000e-04  1.72673022e-07 
 4.46400000e-04  1.72546578e-07 
 4.46500000e-04  1.72488287e-07 
 4.46600000e-04  1.62389959e-07 
 4.46700000e-04  1.62033147e-07 
 4.46800000e-04  1.61850862e-07 
 4.46900000e-04  1.61734797e-07 
 4.47000000e-04  1.61686874e-07 
 4.47100000e-04  1.70918135e-07 
 4.47200000e-04  1.70598755e-07 
 4.47300000e-04  1.70488466e-07 
 4.47400000e-04  1.70392472e-07 
 4.47500000e-04  1.70343048e-07 
 4.47600000e-04  1.56518082e-07 
 4.47700000e-04  1.56029586e-07 
 4.47800000e-04  1.55780773e-07 
 4.47900000e-04  1.55602158e-07 
 4.48000000e-04  1.55495787e-07 
 4.48100000e-04  1.71575121e-07 
 4.48200000e-04  1.71373134e-07 
 4.48300000e-04  1.71282770e-07 
 4.48400000e-04  1.71200458e-07 
 4.48500000e-04  1.71167527e-07 
 4.48600000e-04  1.58485760e-07 
 4.48700000e-04  1.58143272e-07 
 4.48800000e-04  1.57942207e-07 
 4.48900000e-04  1.57805475e-07 
 4.49000000e-04  1.57734938e-07 
 4.49100000e-04  1.71316712e-07 
 4.49200000e-04  1.71082572e-07 
 4.49300000e-04  1.70999091e-07 
 4.49400000e-04  1.70926390e-07 
 4.49500000e-04  1.70901968e-07 
 4.49600000e-04  1.56987773e-07 
 4.49700000e-04  1.56580334e-07 
 4.49800000e-04  1.56344294e-07 
 4.49900000e-04  1.56171320e-07 
 4.50000000e-04  1.56063230e-07 
 4.50100000e-04  1.72699974e-07 
 4.50200000e-04  1.72385259e-07 
 4.50300000e-04  1.72276500e-07 
 4.50400000e-04  1.72182231e-07 
 4.50500000e-04  1.72123315e-07 
 4.50600000e-04  1.60732097e-07 
 4.50700000e-04  1.60372714e-07 
 4.50800000e-04  1.60194586e-07 
 4.50900000e-04  1.60067942e-07 
 4.51000000e-04  1.59994237e-07 
 4.51100000e-04  1.71402833e-07 
 4.51200000e-04  1.71137130e-07 
 4.51300000e-04  1.71038023e-07 
 4.51400000e-04  1.70949979e-07 
 4.51500000e-04  1.70908689e-07 
 4.51600000e-04  1.57037555e-07 
 4.51700000e-04  1.56593213e-07 
 4.51800000e-04  1.56368741e-07 
 4.51900000e-04  1.56192510e-07 
 4.52000000e-04  1.56065866e-07 
 4.52100000e-04  1.72175389e-07 
 4.52200000e-04  1.71987780e-07 
 4.52300000e-04  1.71893461e-07 
 4.52400000e-04  1.71805283e-07 
 4.52500000e-04  1.71765906e-07 
 4.52600000e-04  1.59069662e-07 
 4.52700000e-04  1.58717113e-07 
 4.52800000e-04  1.58529777e-07 
 4.52900000e-04  1.58394615e-07 
 4.53000000e-04  1.58313103e-07 
 4.53100000e-04  1.71935843e-07 
 4.53200000e-04  1.71707914e-07 
 4.53300000e-04  1.71622689e-07 
 4.53400000e-04  1.71547583e-07 
 4.53500000e-04  1.71497358e-07 
 4.53600000e-04  1.57569913e-07 
 4.53700000e-04  1.57174292e-07 
 4.53800000e-04  1.56935865e-07 
 4.53900000e-04  1.56764724e-07 
 4.54000000e-04  1.56662814e-07 
 4.54100000e-04  1.75442737e-07 
 4.54200000e-04  1.74696060e-07 
 4.54300000e-04  1.74467969e-07 
 4.54400000e-04  1.74274695e-07 
 4.54500000e-04  1.74189064e-07 
 4.54600000e-04  1.67969354e-07 
 4.54700000e-04  1.67612742e-07 
 4.54800000e-04  1.67440569e-07 
 4.54900000e-04  1.67345775e-07 
 4.55000000e-04  1.67330633e-07 
 4.55100000e-04  1.70719944e-07 
 4.55200000e-04  1.69766093e-07 
 4.55300000e-04  1.69511502e-07 
 4.55400000e-04  1.69301544e-07 
 4.55500000e-04  1.69216793e-07 
 4.55600000e-04  1.55554301e-07 
 4.55700000e-04  1.54935515e-07 
 4.55800000e-04  1.54659460e-07 
 4.55900000e-04  1.54454961e-07 
 4.56000000e-04  1.54324102e-07 
 4.56100000e-04  1.70363518e-07 
 4.56200000e-04  1.70171198e-07 
 4.56300000e-04  1.70078777e-07 
 4.56400000e-04  1.69993347e-07 
 4.56500000e-04  1.69960984e-07 
 4.56600000e-04  1.57332983e-07 
 4.56700000e-04  1.56962884e-07 
 4.56800000e-04  1.56773268e-07 
 4.56900000e-04  1.56635561e-07 
 4.57000000e-04  1.56551227e-07 
 4.57100000e-04  1.70099819e-07 
 4.57200000e-04  1.69868194e-07 
 4.57300000e-04  1.69781180e-07 
 4.57400000e-04  1.69704376e-07 
 4.57500000e-04  1.69666354e-07 
 4.57600000e-04  1.55813706e-07 
 4.57700000e-04  1.55397109e-07 
 4.57800000e-04  1.55173364e-07 
 4.57900000e-04  1.55007173e-07 
 4.58000000e-04  1.54900178e-07 
 4.58100000e-04  1.71457869e-07 
 4.58200000e-04  1.71171698e-07 
 4.58300000e-04  1.71057897e-07 
 4.58400000e-04  1.70955276e-07 
 4.58500000e-04  1.70887215e-07 
 4.58600000e-04  1.59578074e-07 
 4.58700000e-04  1.59213347e-07 
 4.58800000e-04  1.59013499e-07 
 4.58900000e-04  1.58884382e-07 
 4.59000000e-04  1.58828051e-07 
 4.59100000e-04  1.70166470e-07 
 4.59200000e-04  1.69889730e-07 
 4.59300000e-04  1.69794319e-07 
 4.59400000e-04  1.69711257e-07 
 4.59500000e-04  1.69686654e-07 
 4.59600000e-04  1.55871337e-07 
 4.59700000e-04  1.55403767e-07 
 4.59800000e-04  1.55177010e-07 
 4.59900000e-04  1.55001874e-07 
 4.60000000e-04  1.54879807e-07 
 4.60100000e-04  1.70932582e-07 
 4.60200000e-04  1.70738919e-07 
 4.60300000e-04  1.70651473e-07 
 4.60400000e-04  1.70571953e-07 
 4.60500000e-04  1.70527696e-07 
 4.60600000e-04  1.57898962e-07 
 4.60700000e-04  1.57525109e-07 
 4.60800000e-04  1.57335231e-07 
 4.60900000e-04  1.57200049e-07 
 4.61000000e-04  1.57121104e-07 
 4.61100000e-04  1.70685829e-07 
 4.61200000e-04  1.70457228e-07 
 4.61300000e-04  1.70377876e-07 
 4.61400000e-04  1.70308998e-07 
 4.61500000e-04  1.70279634e-07 
 4.61600000e-04  1.56385413e-07 
 4.61700000e-04  1.55975657e-07 
 4.61800000e-04  1.55748507e-07 
 4.61900000e-04  1.55576859e-07 
 4.62000000e-04  1.55462285e-07 
 4.62100000e-04  1.72605503e-07 
 4.62200000e-04  1.72197974e-07 
 4.62300000e-04  1.72052349e-07 
 4.62400000e-04  1.71924607e-07 
 4.62500000e-04  1.71857265e-07 
 4.62600000e-04  1.61805574e-07 
 4.62700000e-04  1.61444548e-07 
 4.62800000e-04  1.61256937e-07 
 4.62900000e-04  1.61135312e-07 
 4.63000000e-04  1.61081381e-07 
 4.63100000e-04  1.72384226e-07 
 4.63200000e-04  1.71549616e-07 
 4.63300000e-04  1.71275564e-07 
 4.63400000e-04  1.71155182e-07 
 4.63500000e-04  1.71084455e-07 
 4.63600000e-04  1.56786143e-07 
 4.63700000e-04  1.56121164e-07 
 4.63800000e-04  1.55848764e-07 
 4.63900000e-04  1.55658842e-07 
 4.64000000e-04  1.55552964e-07 
 4.64100000e-04  1.03757880e-04 
 4.64200000e-04  1.03757486e-04 
 4.64300000e-04  1.03757363e-04 
 4.64400000e-04  1.03757258e-04 
 4.64500000e-04  1.03757211e-04 
 4.64600000e-04  1.03744573e-04 
 4.64700000e-04  1.03744185e-04 
 4.64800000e-04  1.03744000e-04 
 4.64900000e-04  1.03743866e-04 
 4.65000000e-04  1.03743786e-04 
 4.65100000e-04  1.71863385e-07 
 4.65200000e-04  1.71578338e-07 
 4.65300000e-04  1.71484716e-07 
 4.65400000e-04  1.71405262e-07 
 4.65500000e-04  1.71370816e-07 
 4.65600000e-04  1.57492178e-07 
 4.65700000e-04  1.57062473e-07 
 4.65800000e-04  1.56844148e-07 
 4.65900000e-04  1.56675573e-07 
 4.66000000e-04  1.56558130e-07 
 4.66100000e-04  1.73219295e-07 
 4.66200000e-04  1.72910531e-07 
 4.66300000e-04  1.72798833e-07 
 4.66400000e-04  1.72700950e-07 
 4.66500000e-04  1.72639609e-07 
 4.66600000e-04  1.61231362e-07 
 4.66700000e-04  1.60889356e-07 
 4.66800000e-04  1.60701093e-07 
 4.66900000e-04  1.60575800e-07 
 4.67000000e-04  1.60515278e-07 
 4.67100000e-04  1.71932977e-07 
 4.67200000e-04  1.71661516e-07 
 4.67300000e-04  1.71556841e-07 
 4.67400000e-04  1.71462998e-07 
 4.67500000e-04  1.71428607e-07 
 4.67600000e-04  1.57530980e-07 
 4.67700000e-04  1.57074821e-07 
 4.67800000e-04  1.56857907e-07 
 4.67900000e-04  1.56690994e-07 
 4.68000000e-04  1.56575474e-07 
 4.68100000e-04  1.72699895e-07 
 4.68200000e-04  1.72501394e-07 
 4.68300000e-04  1.72408885e-07 
 4.68400000e-04  1.72323544e-07 
 4.68500000e-04  1.72274276e-07 
 4.68600000e-04  1.59554343e-07 
 4.68700000e-04  1.59206389e-07 
 4.68800000e-04  1.59019867e-07 
 4.68900000e-04  1.58889082e-07 
 4.69000000e-04  1.58815602e-07 
 4.69100000e-04  1.72469560e-07 
 4.69200000e-04  1.72229564e-07 
 4.69300000e-04  1.72132213e-07 
 4.69400000e-04  1.72044973e-07 
 4.69500000e-04  1.72026378e-07 
 4.69600000e-04  1.58057641e-07 
 4.69700000e-04  1.57654894e-07 
 4.69800000e-04  1.57425644e-07 
 4.69900000e-04  1.57258861e-07 
 4.70000000e-04  1.57156325e-07 
 4.70100000e-04  1.74896705e-07 
 4.70200000e-04  1.74386027e-07 
 4.70300000e-04  1.74204781e-07 
 4.70400000e-04  1.74044547e-07 
 4.70500000e-04  1.73971209e-07 
 4.70600000e-04  1.65138279e-07 
 4.70700000e-04  1.64783920e-07 
 4.70800000e-04  1.64603811e-07 
 4.70900000e-04  1.64498107e-07 
 4.71000000e-04  1.64468965e-07 
 4.71100000e-04  1.71726995e-07 
 4.71200000e-04  1.71316647e-07 
 4.71300000e-04  1.71160242e-07 
 4.71400000e-04  1.71020852e-07 
 4.71500000e-04  1.70954414e-07 
 4.71600000e-04  1.57099418e-07 
 4.71700000e-04  1.56578674e-07 
 4.71800000e-04  1.56325302e-07 
 4.71900000e-04  1.56134853e-07 
 4.72000000e-04  1.56009119e-07 
 4.72100000e-04  1.72129810e-07 
 4.72200000e-04  1.71918108e-07 
 4.72300000e-04  1.71826746e-07 
 4.72400000e-04  1.71744331e-07 
 4.72500000e-04  1.71696189e-07 
 4.72600000e-04  1.58987292e-07 
 4.72700000e-04  1.58623419e-07 
 4.72800000e-04  1.58435724e-07 
 4.72900000e-04  1.58305947e-07 
 4.73000000e-04  1.58235718e-07 
 4.73100000e-04  1.71853558e-07 
 4.73200000e-04  1.71621248e-07 
 4.73300000e-04  1.71533558e-07 
 4.73400000e-04  1.71455886e-07 
 4.73500000e-04  1.71413529e-07 
 4.73600000e-04  1.57479219e-07 
 4.73700000e-04  1.57057192e-07 
 4.73800000e-04  1.56838320e-07 
 4.73900000e-04  1.56671333e-07 
 4.74000000e-04  1.56557675e-07 
 4.74100000e-04  1.73221049e-07 
 4.74200000e-04  1.72920370e-07 
 4.74300000e-04  1.72802017e-07 
 4.74400000e-04  1.72696032e-07 
 4.74500000e-04  1.72634488e-07 
 4.74600000e-04  1.61228932e-07 
 4.74700000e-04  1.60859806e-07 
 4.74800000e-04  1.60683130e-07 
 4.74900000e-04  1.60558646e-07 
 4.75000000e-04  1.60487808e-07 
 4.75100000e-04  1.71919289e-07 
 4.75200000e-04  1.71661470e-07 
 4.75300000e-04  1.71556640e-07 
 4.75400000e-04  1.71461561e-07 
 4.75500000e-04  1.71436911e-07 
 4.75600000e-04  1.57515118e-07 
 4.75700000e-04  1.57083991e-07 
 4.75800000e-04  1.56849760e-07 
 4.75900000e-04  1.56676508e-07 
 4.76000000e-04  1.56565964e-07 
 4.76100000e-04  1.72706877e-07 
 4.76200000e-04  1.72493778e-07 
 4.76300000e-04  1.72403928e-07 
 4.76400000e-04  1.72323320e-07 
 4.76500000e-04  1.72283243e-07 
 4.76600000e-04  1.59560036e-07 
 4.76700000e-04  1.59187197e-07 
 4.76800000e-04  1.59012098e-07 
 4.76900000e-04  1.58884208e-07 
 4.77000000e-04  1.58804617e-07 
 4.77100000e-04  1.74200688e-07 
 4.77200000e-04  1.73704955e-07 
 4.77300000e-04  1.73514287e-07 
 4.77400000e-04  1.73427438e-07 
 4.77500000e-04  1.73374135e-07 
 4.77600000e-04  1.58890764e-07 
 4.77700000e-04  1.58332856e-07 
 4.77800000e-04  1.58090597e-07 
 4.77900000e-04  1.57911579e-07 
 4.78000000e-04  1.57796947e-07 
 4.78100000e-04  1.03761313e-04 
 4.78200000e-04  1.03760706e-04 
 4.78300000e-04  1.03760513e-04 
 4.78400000e-04  1.03760348e-04 
 4.78500000e-04  1.03760295e-04 
 4.78600000e-04  1.03750163e-04 
 4.78700000e-04  1.03749778e-04 
 4.78800000e-04  1.03749592e-04 
 4.78900000e-04  1.03749468e-04 
 4.79000000e-04  1.03749408e-04 
 4.79100000e-04  1.73211653e-07 
 4.79200000e-04  1.72850511e-07 
 4.79300000e-04  1.72726301e-07 
 4.79400000e-04  1.72617651e-07 
 4.79500000e-04  1.72575499e-07 
 4.79600000e-04  1.58697653e-07 
 4.79700000e-04  1.58177120e-07 
 4.79800000e-04  1.57956802e-07 
 4.79900000e-04  1.57787381e-07 
 4.80000000e-04  1.57670261e-07 
 4.80100000e-04  1.73868819e-07 
 4.80200000e-04  1.73666899e-07 
 4.80300000e-04  1.73565609e-07 
 4.80400000e-04  1.73471026e-07 
 4.80500000e-04  1.73422962e-07 
 4.80600000e-04  1.60648041e-07 
 4.80700000e-04  1.60306119e-07 
 4.80800000e-04  1.60116359e-07 
 4.80900000e-04  1.59989588e-07 
 4.81000000e-04  1.59927595e-07 
 4.81100000e-04  1.73620340e-07 
 4.81200000e-04  1.73374701e-07 
 4.81300000e-04  1.73287421e-07 
 4.81400000e-04  1.73211366e-07 
 4.81500000e-04  1.73170896e-07 
 4.81600000e-04  1.59132053e-07 
 4.81700000e-04  1.58743974e-07 
 4.81800000e-04  1.58522822e-07 
 4.81900000e-04  1.58357717e-07 
 4.82000000e-04  1.58250224e-07 
 4.82100000e-04  1.74999212e-07 
 4.82200000e-04  1.74686454e-07 
 4.82300000e-04  1.74556383e-07 
 4.82400000e-04  1.74438776e-07 
 4.82500000e-04  1.74386286e-07 
 4.82600000e-04  1.62880076e-07 
 4.82700000e-04  1.62548843e-07 
 4.82800000e-04  1.62361415e-07 
 4.82900000e-04  1.62237756e-07 
 4.83000000e-04  1.62179674e-07 
 4.83100000e-04  1.73711195e-07 
 4.83200000e-04  1.73416158e-07 
 4.83300000e-04  1.73316270e-07 
 4.83400000e-04  1.73230167e-07 
 4.83500000e-04  1.73183738e-07 
 4.83600000e-04  1.59173728e-07 
 4.83700000e-04  1.58741042e-07 
 4.83800000e-04  1.58515522e-07 
 4.83900000e-04  1.58351784e-07 
 4.84000000e-04  1.58251574e-07 
 4.84100000e-04  1.74467143e-07 
 4.84200000e-04  1.74246269e-07 
 4.84300000e-04  1.74158847e-07 
 4.84400000e-04  1.74081610e-07 
 4.84500000e-04  1.74029342e-07 
 4.84600000e-04  1.61220346e-07 
 4.84700000e-04  1.60859187e-07 
 4.84800000e-04  1.60690099e-07 
 4.84900000e-04  1.60566619e-07 
 4.85000000e-04  1.60489986e-07 
 4.85100000e-04  1.74229563e-07 
 4.85200000e-04  1.73992151e-07 
 4.85300000e-04  1.73897292e-07 
 4.85400000e-04  1.73812293e-07 
 4.85500000e-04  1.73774517e-07 
 4.85600000e-04  1.59698062e-07 
 4.85700000e-04  1.59307748e-07 
 4.85800000e-04  1.59099538e-07 
 4.85900000e-04  1.58938997e-07 
 4.86000000e-04  1.58827426e-07 
 4.86100000e-04  1.77205463e-07 
 4.86200000e-04  1.76553438e-07 
 4.86300000e-04  1.76343727e-07 
 4.86400000e-04  1.76163895e-07 
 4.86500000e-04  1.76083780e-07 
 4.86600000e-04  1.68461383e-07 
 4.86700000e-04  1.68100008e-07 
 4.86800000e-04  1.67938736e-07 
 4.86900000e-04  1.67844881e-07 
 4.87000000e-04  1.67820367e-07 
 4.87100000e-04  1.73502216e-07 
 4.87200000e-04  1.72676622e-07 
 4.87300000e-04  1.72420265e-07 
 4.87400000e-04  1.72202639e-07 
 4.87500000e-04  1.72118463e-07 
 4.87600000e-04  1.58237058e-07 
 4.87700000e-04  1.57666537e-07 
 4.87800000e-04  1.57412926e-07 
 4.87900000e-04  1.57220536e-07 
 4.88000000e-04  1.57091094e-07 
 4.88100000e-04  1.73282647e-07 
 4.88200000e-04  1.73075021e-07 
 4.88300000e-04  1.72977774e-07 
 4.88400000e-04  1.72888319e-07 
 4.88500000e-04  1.72826903e-07 
 4.88600000e-04  1.60053631e-07 
 4.88700000e-04  1.59705444e-07 
 4.88800000e-04  1.59519419e-07 
 4.88900000e-04  1.59390546e-07 
 4.89000000e-04  1.59320687e-07 
 4.89100000e-04  1.73163919e-07 
 4.89200000e-04  1.72813060e-07 
 4.89300000e-04  1.72678530e-07 
 4.89400000e-04  1.72612687e-07 
 4.89500000e-04  1.72555970e-07 
 4.89600000e-04  1.58553535e-07 
 4.89700000e-04  1.58145778e-07 
 4.89800000e-04  1.57938513e-07 
 4.89900000e-04  1.57776071e-07 
 4.90000000e-04  1.57659688e-07 
 4.90100000e-04  1.74356282e-07 
 4.90200000e-04  1.74052843e-07 
 4.90300000e-04  1.73932914e-07 
 4.90400000e-04  1.73825332e-07 
 4.90500000e-04  1.73775680e-07 
 4.90600000e-04  1.62283528e-07 
 4.90700000e-04  1.61936516e-07 
 4.90800000e-04  1.61762303e-07 
 4.90900000e-04  1.61642861e-07 
 4.91000000e-04  1.61579763e-07 
 4.91100000e-04  1.73071769e-07 
 4.91200000e-04  1.72795222e-07 
 4.91300000e-04  1.72690978e-07 
 4.91400000e-04  1.72598236e-07 
 4.91500000e-04  1.72567470e-07 
 4.91600000e-04  1.58580698e-07 
 4.91700000e-04  1.58145918e-07 
 4.91800000e-04  1.57929493e-07 
 4.91900000e-04  1.57760706e-07 
 4.92000000e-04  1.57640926e-07 
 4.92100000e-04  1.73852627e-07 
 4.92200000e-04  1.73642529e-07 
 4.92300000e-04  1.73543531e-07 
 4.92400000e-04  1.73452606e-07 
 4.92500000e-04  1.73405445e-07 
 4.92600000e-04  1.60627751e-07 
 4.92700000e-04  1.60278763e-07 
 4.92800000e-04  1.60101333e-07 
 4.92900000e-04  1.59977239e-07 
 4.93000000e-04  1.59908055e-07 
 4.93100000e-04  1.73616252e-07 
 4.93200000e-04  1.73352662e-07 
 4.93300000e-04  1.73257936e-07 
 4.93400000e-04  1.73175874e-07 
 4.93500000e-04  1.73140905e-07 
 4.93600000e-04  1.59113064e-07 
 4.93700000e-04  1.58728606e-07 
 4.93800000e-04  1.58510647e-07 
 4.93900000e-04  1.58348646e-07 
 4.94000000e-04  1.58244403e-07 
 4.94100000e-04  1.75942758e-07 
 4.94200000e-04  1.75291775e-07 
 4.94300000e-04  1.75092611e-07 
 4.94400000e-04  1.75015873e-07 
 4.94500000e-04  1.74956994e-07 
 4.94600000e-04  1.64815591e-07 
 4.94700000e-04  1.64493466e-07 
 4.94800000e-04  1.64300428e-07 
 4.94900000e-04  1.64152702e-07 
 4.95000000e-04  1.64051638e-07 
 4.95100000e-04  1.73196097e-07 
 4.95200000e-04  1.72872633e-07 
 4.95300000e-04  1.72752960e-07 
 4.95400000e-04  1.72646730e-07 
 4.95500000e-04  1.72610500e-07 
 4.95600000e-04  1.58661010e-07 
 4.95700000e-04  1.58172691e-07 
 4.95800000e-04  1.57940935e-07 
 4.95900000e-04  1.57768424e-07 
 4.96000000e-04  1.57656977e-07 
 4.96100000e-04  1.73855363e-07 
 4.96200000e-04  1.73644506e-07 
 4.96300000e-04  1.73556069e-07 
 4.96400000e-04  1.73476215e-07 
 4.96500000e-04  1.73418132e-07 
 4.96600000e-04  1.60616487e-07 
 4.96700000e-04  1.60272918e-07 
 4.96800000e-04  1.60101713e-07 
 4.96900000e-04  1.59975804e-07 
 4.97000000e-04  1.59896590e-07 
 4.97100000e-04  1.73610966e-07 
 4.97200000e-04  1.73358974e-07 
 4.97300000e-04  1.73263198e-07 
 4.97400000e-04  1.73178612e-07 
 4.97500000e-04  1.73153156e-07 
 4.97600000e-04  1.59113603e-07 
 4.97700000e-04  1.58727230e-07 
 4.97800000e-04  1.58511834e-07 
 4.97900000e-04  1.58346122e-07 
 4.98000000e-04  1.58231654e-07 
 4.98100000e-04  1.74985274e-07 
 4.98200000e-04  1.74664854e-07 
 4.98300000e-04  1.74545419e-07 
 4.98400000e-04  1.74439635e-07 
 4.98500000e-04  1.74372713e-07 
 4.98600000e-04  1.62870239e-07 
 4.98700000e-04  1.62537053e-07 
 4.98800000e-04  1.62356328e-07 
 4.98900000e-04  1.62236539e-07 
 4.99000000e-04  1.62179619e-07 
 4.99100000e-04  1.73694625e-07 
 4.99200000e-04  1.73412677e-07 
 4.99300000e-04  1.73303201e-07 
 4.99400000e-04  1.73205085e-07 
 4.99500000e-04  1.73176677e-07 
 4.99600000e-04  1.59170853e-07 
 4.99700000e-04  1.58734798e-07 
 4.99800000e-04  1.58515988e-07 
 4.99900000e-04  1.58348089e-07 
 5.00000000e-04  1.58232717e-07 
 5.00100000e-04  1.74473253e-07 
 5.00200000e-04  1.74269007e-07 
 5.00300000e-04  1.74172352e-07 
 5.00400000e-04  1.74083285e-07 
 5.00500000e-04  1.74013642e-07 
 5.00600000e-04  1.61194817e-07 
 5.00700000e-04  1.60875962e-07 
 5.00800000e-04  1.60692020e-07 
 5.00900000e-04  1.60563888e-07 
 5.01000000e-04  1.60493337e-07 
 5.01100000e-04  1.74235375e-07 
 5.01200000e-04  1.73980181e-07 
 5.01300000e-04  1.73887273e-07 
 5.01400000e-04  1.73806256e-07 
 5.01500000e-04  1.73763739e-07 
 5.01600000e-04  1.59696460e-07 
 5.01700000e-04  1.59315886e-07 
 5.01800000e-04  1.59099117e-07 
 5.01900000e-04  1.58936501e-07 
 5.02000000e-04  1.58829755e-07 
 5.02100000e-04  1.76681187e-07 
 5.02200000e-04  1.76130680e-07 
 5.02300000e-04  1.75956385e-07 
 5.02400000e-04  1.75808378e-07 
 5.02500000e-04  1.75735429e-07 
 5.02600000e-04  1.66778829e-07 
 5.02700000e-04  1.66443113e-07 
 5.02800000e-04  1.66279875e-07 
 5.02900000e-04  1.66173107e-07 
 5.03000000e-04  1.66124598e-07 
 5.03100000e-04  1.73484735e-07 
 5.03200000e-04  1.73069041e-07 
 5.03300000e-04  1.72901813e-07 
 5.03400000e-04  1.72751380e-07 
 5.03500000e-04  1.72690857e-07 
 5.03600000e-04  1.58764938e-07 
 5.03700000e-04  1.58250811e-07 
 5.03800000e-04  1.58001497e-07 
 5.03900000e-04  1.57816340e-07 
 5.04000000e-04  1.57697377e-07 
 5.04100000e-04  1.73905985e-07 
 5.04200000e-04  1.73688682e-07 
 5.04300000e-04  1.73579524e-07 
 5.04400000e-04  1.73478136e-07 
 5.04500000e-04  1.73430285e-07 
 5.04600000e-04  1.60643938e-07 
 5.04700000e-04  1.60288869e-07 
 5.04800000e-04  1.60121336e-07 
 5.04900000e-04  1.59993718e-07 
 5.05000000e-04  1.59907280e-07 
 5.05100000e-04  1.73633290e-07 
 5.05200000e-04  1.73372386e-07 
 5.05300000e-04  1.73276096e-07 
 5.05400000e-04  1.73192096e-07 
 5.05500000e-04  1.73157379e-07 
 5.05600000e-04  1.59119241e-07 
 5.05700000e-04  1.58733866e-07 
 5.05800000e-04  1.58512499e-07 
 5.05900000e-04  1.58346748e-07 
 5.06000000e-04  1.58238375e-07 
 5.06100000e-04  1.75003524e-07 
 5.06200000e-04  1.74674177e-07 
 5.06300000e-04  1.74552898e-07 
 5.06400000e-04  1.74446608e-07 
 5.06500000e-04  1.74384495e-07 
 5.06600000e-04  1.62871032e-07 
 5.06700000e-04  1.62524935e-07 
 5.06800000e-04  1.62347935e-07 
 5.06900000e-04  1.62229327e-07 
 5.07000000e-04  1.62170963e-07 
 5.07100000e-04  1.73697387e-07 
 5.07200000e-04  1.73412394e-07 
 5.07300000e-04  1.73316301e-07 
 5.07400000e-04  1.73233273e-07 
 5.07500000e-04  1.73173205e-07 
 5.07600000e-04  1.59179077e-07 
 5.07700000e-04  1.58740203e-07 
 5.07800000e-04  1.58520116e-07 
 5.07900000e-04  1.58352645e-07 
 5.08000000e-04  1.58239457e-07 
 5.08100000e-04  1.74472128e-07 
 5.08200000e-04  1.74246926e-07 
 5.08300000e-04  1.74156192e-07 
 5.08400000e-04  1.74075414e-07 
 5.08500000e-04  1.74018117e-07 
 5.08600000e-04  1.61218780e-07 
 5.08700000e-04  1.60872909e-07 
 5.08800000e-04  1.60687661e-07 
 5.08900000e-04  1.60561067e-07 
 5.09000000e-04  1.60494986e-07 
 5.09100000e-04  1.74227041e-07 
 5.09200000e-04  1.73986648e-07 
 5.09300000e-04  1.73890973e-07 
 5.09400000e-04  1.73805557e-07 
 5.09500000e-04  1.73760442e-07 
 5.09600000e-04  1.59697888e-07 
 5.09700000e-04  1.59317975e-07 
 5.09800000e-04  1.59107806e-07 
 5.09900000e-04  1.58946449e-07 
 5.10000000e-04  1.58835453e-07 
 5.10100000e-04  1.76138740e-07 
 5.10200000e-04  1.75715031e-07 
 5.10300000e-04  1.75566209e-07 
 5.10400000e-04  1.75436059e-07 
 5.10500000e-04  1.75355580e-07 
 5.10600000e-04  1.65123332e-07 
 5.10700000e-04  1.64790521e-07 
 5.10800000e-04  1.64619330e-07 
 5.10900000e-04  1.64506151e-07 
 5.11000000e-04  1.64452824e-07 
 5.11100000e-04  1.73821684e-07 
 5.11200000e-04  1.73500972e-07 
 5.11300000e-04  1.73378813e-07 
 5.11400000e-04  1.73269675e-07 
 5.11500000e-04  1.73229687e-07 
 5.11600000e-04  1.59241811e-07 
 5.11700000e-04  1.58769959e-07 
 5.11800000e-04  1.58538201e-07 
 5.11900000e-04  1.58364509e-07 
 5.12000000e-04  1.58250726e-07 
 5.12100000e-04  1.74484265e-07 
 5.12200000e-04  1.74264978e-07 
 5.12300000e-04  1.74165831e-07 
 5.12400000e-04  1.74075553e-07 
 5.12500000e-04  1.74051885e-07 
 5.12600000e-04  1.61220661e-07 
 5.12700000e-04  1.60871815e-07 
 5.12800000e-04  1.60696688e-07 
 5.12900000e-04  1.60572762e-07 
 5.13000000e-04  1.60501662e-07 
 5.13100000e-04  1.74247522e-07 
 5.13200000e-04  1.73993156e-07 
 5.13300000e-04  1.73896424e-07 
 5.13400000e-04  1.73811064e-07 
 5.13500000e-04  1.73771828e-07 
 5.13600000e-04  1.59692693e-07 
 5.13700000e-04  1.59320166e-07 
 5.13800000e-04  1.59108861e-07 
 5.13900000e-04  1.58949497e-07 
 5.14000000e-04  1.58843723e-07 
 5.14100000e-04  1.75622640e-07 
 5.14200000e-04  1.75293742e-07 
 5.14300000e-04  1.75169606e-07 
 5.14400000e-04  1.75059845e-07 
 5.14500000e-04  1.75003452e-07 
 5.14600000e-04  1.63461607e-07 
 5.14700000e-04  1.63110257e-07 
 5.14800000e-04  1.62947373e-07 
 5.14900000e-04  1.62836373e-07 
 5.15000000e-04  1.62778900e-07 
 5.15100000e-04  1.74328493e-07 
 5.15200000e-04  1.74040414e-07 
 5.15300000e-04  1.73933376e-07 
 5.15400000e-04  1.73838920e-07 
 5.15500000e-04  1.73788335e-07 
 5.15600000e-04  1.59761712e-07 
 5.15700000e-04  1.59323358e-07 
 5.15800000e-04  1.59103741e-07 
 5.15900000e-04  1.58942989e-07 
 5.16000000e-04  1.58842967e-07 
 5.16100000e-04  1.75089061e-07 
 5.16200000e-04  1.74888487e-07 
 5.16300000e-04  1.74788282e-07 
 5.16400000e-04  1.74694732e-07 
 5.16500000e-04  1.74647357e-07 
 5.16600000e-04  1.61793477e-07 
 5.16700000e-04  1.61457969e-07 
 5.16800000e-04  1.61284045e-07 
 5.16900000e-04  1.61162682e-07 
 5.17000000e-04  1.61095546e-07 
 5.17100000e-04  1.74853760e-07 
 5.17200000e-04  1.74597942e-07 
 5.17300000e-04  1.74499568e-07 
 5.17400000e-04  1.74412669e-07 
 5.17500000e-04  1.74386256e-07 
 5.17600000e-04  1.60292113e-07 
 5.17700000e-04  1.59908297e-07 
 5.17800000e-04  1.59685696e-07 
 5.17900000e-04  1.59524739e-07 
 5.18000000e-04  1.59427379e-07 
 5.18100000e-04  1.88940886e-07 
 5.18200000e-04  1.86324116e-07 
 5.18300000e-04  1.85518290e-07 
 5.18400000e-04  1.85264316e-07 
 5.18500000e-04  1.85010343e-07 
 5.18600000e-04  1.75732677e-07 
 5.18700000e-04  1.74615531e-07 
 5.18800000e-04  1.74280815e-07 
 5.18900000e-04  1.74067103e-07 
 5.19000000e-04  1.73976574e-07 
 5.19100000e-04  1.71284645e-07 
 5.19200000e-04  1.70507688e-07 
 5.19300000e-04  1.70299453e-07 
 5.19400000e-04  1.70127793e-07 
 5.19500000e-04  1.70068242e-07 
 5.19600000e-04  1.57648128e-07 
 5.19700000e-04  1.56967483e-07 
 5.19800000e-04  1.56706731e-07 
 5.19900000e-04 -0.00000000e+00 
 5.20000000e-04  1.56574320e-07 
