 time            -i(vdd)        
 2.60000000e-04 -2.29905607e-05 
 2.60100000e-04  1.03769194e-04 
 2.60200000e-04  1.03760493e-04 
 2.60300000e-04  1.03758173e-04 
 2.60400000e-04  1.03756218e-04 
 2.60500000e-04  1.03755561e-04 
 2.60600000e-04  1.03760907e-04 
 2.60700000e-04  1.03760146e-04 
 2.60800000e-04  1.03759710e-04 
 2.60900000e-04  1.03759363e-04 
 2.61000000e-04  1.03759107e-04 
 2.61100000e-04  1.56391798e-07 
 2.61200000e-04  1.54053713e-07 
 2.61300000e-04  1.53455509e-07 
 2.61400000e-04  1.52972114e-07 
 2.61500000e-04  1.52770545e-07 
 2.61600000e-04  1.38848982e-07 
 2.61700000e-04  1.37635516e-07 
 2.61800000e-04  1.37199546e-07 
 2.61900000e-04  1.36886028e-07 
 2.62000000e-04  1.36698844e-07 
 2.62100000e-04  1.61934237e-07 
 2.62200000e-04  1.60657521e-07 
 2.62300000e-04  1.60334813e-07 
 2.62400000e-04  1.60146972e-07 
 2.62500000e-04  1.60059776e-07 
 2.62600000e-04  1.48522404e-07 
 2.62700000e-04  1.47917097e-07 
 2.62800000e-04  1.47637412e-07 
 2.62900000e-04  1.47424082e-07 
 2.63000000e-04  1.47278524e-07 
 2.63100000e-04  1.10110381e-03 
 2.63200000e-04  1.10109834e-03 
 2.63300000e-04  1.10109797e-03 
 2.63400000e-04  1.10109785e-03 
 2.63500000e-04  1.10109781e-03 
 2.63600000e-04  1.10108449e-03 
 2.63700000e-04  1.10108393e-03 
 2.63800000e-04  1.10108366e-03 
 2.63900000e-04  1.10108347e-03 
 2.64000000e-04  1.10108336e-03 
 2.64100000e-04  1.72717879e-07 
 2.64200000e-04  1.67964165e-07 
 2.64300000e-04  1.66928959e-07 
 2.64400000e-04  1.66133493e-07 
 2.64500000e-04  1.65924289e-07 
 2.64600000e-04  1.53729351e-07 
 2.64700000e-04  1.53159754e-07 
 2.64800000e-04  1.52894583e-07 
 2.64900000e-04  1.52706215e-07 
 2.65000000e-04  1.52597085e-07 
 2.65100000e-04  1.66195719e-07 
 2.65200000e-04  1.65704606e-07 
 2.65300000e-04  1.65570308e-07 
 2.65400000e-04  1.65460329e-07 
 2.65500000e-04  1.65410544e-07 
 2.65600000e-04  1.51808060e-07 
 2.65700000e-04  1.51326707e-07 
 2.65800000e-04  1.51067126e-07 
 2.65900000e-04  1.50869327e-07 
 2.66000000e-04  1.50735268e-07 
 2.66100000e-04  1.67077075e-07 
 2.66200000e-04  1.66777538e-07 
 2.66300000e-04  1.66671923e-07 
 2.66400000e-04  1.66579848e-07 
 2.66500000e-04  1.66515753e-07 
 2.66600000e-04  1.55435916e-07 
 2.66700000e-04  1.55032051e-07 
 2.66800000e-04  1.54822388e-07 
 2.66900000e-04  1.54675181e-07 
 2.67000000e-04  1.54592405e-07 
 2.67100000e-04  1.66088275e-07 
 2.67200000e-04  1.65557304e-07 
 2.67300000e-04  1.65417978e-07 
 2.67400000e-04  1.65304128e-07 
 2.67500000e-04  1.65241672e-07 
 2.67600000e-04  1.51675196e-07 
 2.67700000e-04  1.51183070e-07 
 2.67800000e-04  1.50915130e-07 
 2.67900000e-04  1.50715845e-07 
 2.68000000e-04  1.50587388e-07 
 2.68100000e-04  1.66394184e-07 
 2.68200000e-04  1.66232405e-07 
 2.68300000e-04  1.66154198e-07 
 2.68400000e-04  1.66081162e-07 
 2.68500000e-04  1.66038480e-07 
 2.68600000e-04  1.53650432e-07 
 2.68700000e-04  1.53252168e-07 
 2.68800000e-04  1.53035166e-07 
 2.68900000e-04  1.52886007e-07 
 2.69000000e-04  1.52806834e-07 
 2.69100000e-04  1.67865423e-07 
 2.69200000e-04  1.67404295e-07 
 2.69300000e-04  1.67226085e-07 
 2.69400000e-04  1.67149587e-07 
 2.69500000e-04  1.67105955e-07 
 2.69600000e-04  1.52967690e-07 
 2.69700000e-04  1.52355395e-07 
 2.69800000e-04  1.52081923e-07 
 2.69900000e-04  1.51887545e-07 
 2.70000000e-04  1.51773946e-07 
 2.70100000e-04  1.03754936e-04 
 2.70200000e-04  1.03754347e-04 
 2.70300000e-04  1.03754176e-04 
 2.70400000e-04  1.03754032e-04 
 2.70500000e-04  1.03753971e-04 
 2.70600000e-04  1.03744194e-04 
 2.70700000e-04  1.03743754e-04 
 2.70800000e-04  1.03743556e-04 
 2.70900000e-04  1.03743423e-04 
 2.71000000e-04  1.03743357e-04 
 2.71100000e-04  1.67265160e-07 
 2.71200000e-04  1.66652961e-07 
 2.71300000e-04  1.66481769e-07 
 2.71400000e-04  1.66338880e-07 
 2.71500000e-04  1.66283315e-07 
 2.71600000e-04  1.52733309e-07 
 2.71700000e-04  1.52181959e-07 
 2.71800000e-04  1.51921422e-07 
 2.71900000e-04  1.51730966e-07 
 2.72000000e-04  1.51612808e-07 
 2.72100000e-04  1.67475761e-07 
 2.72200000e-04  1.67291708e-07 
 2.72300000e-04  1.67216526e-07 
 2.72400000e-04  1.67149525e-07 
 2.72500000e-04  1.67103394e-07 
 2.72600000e-04  1.54664941e-07 
 2.72700000e-04  1.54278391e-07 
 2.72800000e-04  1.54066920e-07 
 2.72900000e-04  1.53920250e-07 
 2.73000000e-04  1.53840425e-07 
 2.73100000e-04  1.67211051e-07 
 2.73200000e-04  1.67007597e-07 
 2.73300000e-04  1.66937734e-07 
 2.73400000e-04  1.66877019e-07 
 2.73500000e-04  1.66844038e-07 
 2.73600000e-04  1.53145327e-07 
 2.73700000e-04  1.52707798e-07 
 2.73800000e-04  1.52470365e-07 
 2.73900000e-04  1.52291895e-07 
 2.74000000e-04  1.52174245e-07 
 2.74100000e-04  1.68593468e-07 
 2.74200000e-04  1.68308987e-07 
 2.74300000e-04  1.68200901e-07 
 2.74400000e-04  1.68104626e-07 
 2.74500000e-04  1.68053108e-07 
 2.74600000e-04  1.56899677e-07 
 2.74700000e-04  1.56504552e-07 
 2.74800000e-04  1.56303327e-07 
 2.74900000e-04  1.56164985e-07 
 2.75000000e-04  1.56091508e-07 
 2.75100000e-04  1.67299085e-07 
 2.75200000e-04  1.67045299e-07 
 2.75300000e-04  1.66954665e-07 
 2.75400000e-04  1.66875094e-07 
 2.75500000e-04  1.66830512e-07 
 2.75600000e-04  1.53167226e-07 
 2.75700000e-04  1.52705412e-07 
 2.75800000e-04  1.52464664e-07 
 2.75900000e-04  1.52281183e-07 
 2.76000000e-04  1.52156774e-07 
 2.76100000e-04  1.68050937e-07 
 2.76200000e-04  1.67883417e-07 
 2.76300000e-04  1.67799063e-07 
 2.76400000e-04  1.67720247e-07 
 2.76500000e-04  1.67693100e-07 
 2.76600000e-04  1.55216119e-07 
 2.76700000e-04  1.54821792e-07 
 2.76800000e-04  1.54617502e-07 
 2.76900000e-04  1.54475186e-07 
 2.77000000e-04  1.54396794e-07 
 2.77100000e-04  1.67808958e-07 
 2.77200000e-04  1.67599571e-07 
 2.77300000e-04  1.67519423e-07 
 2.77400000e-04  1.67448304e-07 
 2.77500000e-04  1.67423989e-07 
 2.77600000e-04  1.53688421e-07 
 2.77700000e-04  1.53278287e-07 
 2.77800000e-04  1.53032269e-07 
 2.77900000e-04  1.52853998e-07 
 2.78000000e-04  1.52745608e-07 
 2.78100000e-04  1.70239935e-07 
 2.78200000e-04  1.69733694e-07 
 2.78300000e-04  1.69583068e-07 
 2.78400000e-04  1.69456266e-07 
 2.78500000e-04  1.69395496e-07 
 2.78600000e-04  1.60794805e-07 
 2.78700000e-04  1.60408506e-07 
 2.78800000e-04  1.60215661e-07 
 2.78900000e-04  1.60094041e-07 
 2.79000000e-04  1.60045886e-07 
 2.79100000e-04  1.67451878e-07 
 2.79200000e-04  1.66768557e-07 
 2.79300000e-04  1.66569196e-07 
 2.79400000e-04  1.66401464e-07 
 2.79500000e-04  1.66342207e-07 
 2.79600000e-04  1.52735573e-07 
 2.79700000e-04  1.52189530e-07 
 2.79800000e-04  1.51915606e-07 
 2.79900000e-04  1.51709554e-07 
 2.80000000e-04  1.51573509e-07 
 2.80100000e-04  1.67462315e-07 
 2.80200000e-04  1.67275243e-07 
 2.80300000e-04  1.67193035e-07 
 2.80400000e-04  1.67118603e-07 
 2.80500000e-04  1.67081831e-07 
 2.80600000e-04  1.54621881e-07 
 2.80700000e-04  1.54256312e-07 
 2.80800000e-04  1.54045721e-07 
 2.80900000e-04  1.53895789e-07 
 2.81000000e-04  1.53808426e-07 
 2.81100000e-04  1.67175742e-07 
 2.81200000e-04  1.66968193e-07 
 2.81300000e-04  1.66898829e-07 
 2.81400000e-04  1.66838931e-07 
 2.81500000e-04  1.66793959e-07 
 2.81600000e-04  1.53110681e-07 
 2.81700000e-04  1.52674281e-07 
 2.81800000e-04  1.52439853e-07 
 2.81900000e-04  1.52263035e-07 
 2.82000000e-04  1.52145637e-07 
 2.82100000e-04  1.68549104e-07 
 2.82200000e-04  1.68277736e-07 
 2.82300000e-04  1.68168656e-07 
 2.82400000e-04  1.68070079e-07 
 2.82500000e-04  1.68036267e-07 
 2.82600000e-04  1.56857511e-07 
 2.82700000e-04  1.56482127e-07 
 2.82800000e-04  1.56274372e-07 
 2.82900000e-04  1.56140110e-07 
 2.83000000e-04  1.56081656e-07 
 2.83100000e-04  1.67267426e-07 
 2.83200000e-04  1.67007147e-07 
 2.83300000e-04  1.66923877e-07 
 2.83400000e-04  1.66852733e-07 
 2.83500000e-04  1.66817208e-07 
 2.83600000e-04  1.53160421e-07 
 2.83700000e-04  1.52682560e-07 
 2.83800000e-04  1.52431249e-07 
 2.83900000e-04  1.52245320e-07 
 2.84000000e-04  1.52126827e-07 
 2.84100000e-04  1.68024264e-07 
 2.84200000e-04  1.67844958e-07 
 2.84300000e-04  1.67773027e-07 
 2.84400000e-04  1.67708746e-07 
 2.84500000e-04  1.67678228e-07 
 2.84600000e-04  1.55202572e-07 
 2.84700000e-04  1.54802522e-07 
 2.84800000e-04  1.54609541e-07 
 2.84900000e-04  1.54467209e-07 
 2.85000000e-04  1.54377110e-07 
 2.85100000e-04  1.67796852e-07 
 2.85200000e-04  1.67582983e-07 
 2.85300000e-04  1.67508667e-07 
 2.85400000e-04  1.67444406e-07 
 2.85500000e-04  1.67404350e-07 
 2.85600000e-04  1.53687333e-07 
 2.85700000e-04  1.53250242e-07 
 2.85800000e-04  1.53018909e-07 
 2.85900000e-04  1.52843805e-07 
 2.86000000e-04  1.52726694e-07 
 2.86100000e-04  1.69693376e-07 
 2.86200000e-04  1.69308986e-07 
 2.86300000e-04  1.69171517e-07 
 2.86400000e-04  1.69050169e-07 
 2.86500000e-04  1.69007183e-07 
 2.86600000e-04  1.59102439e-07 
 2.86700000e-04  1.58710380e-07 
 2.86800000e-04  1.58521038e-07 
 2.86900000e-04  1.58398106e-07 
 2.87000000e-04  1.58343667e-07 
 2.87100000e-04  1.67385388e-07 
 2.87200000e-04  1.67093901e-07 
 2.87300000e-04  1.66988378e-07 
 2.87400000e-04  1.66895324e-07 
 2.87500000e-04  1.66875211e-07 
 2.87600000e-04  1.53228229e-07 
 2.87700000e-04  1.52716594e-07 
 2.87800000e-04  1.52462666e-07 
 2.87900000e-04  1.52273192e-07 
 2.88000000e-04  1.52150191e-07 
 2.88100000e-04  1.68048757e-07 
 2.88200000e-04  1.67865174e-07 
 2.88300000e-04  1.67788006e-07 
 2.88400000e-04  1.67718711e-07 
 2.88500000e-04  1.67662038e-07 
 2.88600000e-04  1.55197777e-07 
 2.88700000e-04  1.54818053e-07 
 2.88800000e-04  1.54613538e-07 
 2.88900000e-04  1.54464916e-07 
 2.89000000e-04  1.54373932e-07 
 2.89100000e-04  1.67789835e-07 
 2.89200000e-04  1.67587672e-07 
 2.89300000e-04  1.67504237e-07 
 2.89400000e-04  1.67428306e-07 
 2.89500000e-04  1.67412897e-07 
 2.89600000e-04  1.53678349e-07 
 2.89700000e-04  1.53253769e-07 
 2.89800000e-04  1.53020721e-07 
 2.89900000e-04  1.52840050e-07 
 2.90000000e-04  1.52713390e-07 
 2.90100000e-04  1.69167459e-07 
 2.90200000e-04  1.68878919e-07 
 2.90300000e-04  1.68775404e-07 
 2.90400000e-04  1.68684424e-07 
 2.90500000e-04  1.68637086e-07 
 2.90600000e-04  1.57444803e-07 
 2.90700000e-04  1.57049092e-07 
 2.90800000e-04  1.56862736e-07 
 2.90900000e-04  1.56728567e-07 
 2.91000000e-04  1.56648214e-07 
 2.91100000e-04  1.67873947e-07 
 2.91200000e-04  1.67624579e-07 
 2.91300000e-04  1.67534383e-07 
 2.91400000e-04  1.67454437e-07 
 2.91500000e-04  1.67429221e-07 
 2.91600000e-04  1.53735112e-07 
 2.91700000e-04  1.53271000e-07 
 2.91800000e-04  1.53027940e-07 
 2.91900000e-04  1.52847669e-07 
 2.92000000e-04  1.52732150e-07 
 2.92100000e-04  1.68645177e-07 
 2.92200000e-04  1.68464213e-07 
 2.92300000e-04  1.68389426e-07 
 2.92400000e-04  1.68322377e-07 
 2.92500000e-04  1.68285290e-07 
 2.92600000e-04  1.55769754e-07 
 2.92700000e-04  1.55403835e-07 
 2.92800000e-04  1.55196991e-07 
 2.92900000e-04  1.55053430e-07 
 2.93000000e-04  1.54975128e-07 
 2.93100000e-04  1.68403149e-07 
 2.93200000e-04  1.68201260e-07 
 2.93300000e-04  1.68116438e-07 
 2.93400000e-04  1.68038738e-07 
 2.93500000e-04  1.68024551e-07 
 2.93600000e-04  1.54274567e-07 
 2.93700000e-04  1.53834705e-07 
 2.93800000e-04  1.53605822e-07 
 2.93900000e-04  1.53433216e-07 
 2.94000000e-04  1.53318645e-07 
 2.94100000e-04  1.71374373e-07 
 2.94200000e-04  1.70771182e-07 
 2.94300000e-04  1.70576399e-07 
 2.94400000e-04  1.70408023e-07 
 2.94500000e-04  1.70346270e-07 
 2.94600000e-04  1.63024376e-07 
 2.94700000e-04  1.62627411e-07 
 2.94800000e-04  1.62447541e-07 
 2.94900000e-04  1.62334995e-07 
 2.95000000e-04  1.62291876e-07 
 2.95100000e-04  1.67736211e-07 
 2.95200000e-04  1.66855188e-07 
 2.95300000e-04  1.66617127e-07 
 2.95400000e-04  1.66420991e-07 
 2.95500000e-04  1.66335214e-07 
 2.95600000e-04  1.52783868e-07 
 2.95700000e-04  1.52182703e-07 
 2.95800000e-04  1.51909445e-07 
 2.95900000e-04  1.51701779e-07 
 2.96000000e-04  1.51561752e-07 
 2.96100000e-04  1.67457653e-07 
 2.96200000e-04  1.67287288e-07 
 2.96300000e-04  1.67202456e-07 
 2.96400000e-04  1.67123285e-07 
 2.96500000e-04  1.67063930e-07 
 2.96600000e-04  1.54610859e-07 
 2.96700000e-04  1.54236801e-07 
 2.96800000e-04  1.54023499e-07 
 2.96900000e-04  1.53878663e-07 
 2.97000000e-04  1.53804431e-07 
 2.97100000e-04  1.67178711e-07 
 2.97200000e-04  1.66962966e-07 
 2.97300000e-04  1.66893166e-07 
 2.97400000e-04  1.66833541e-07 
 2.97500000e-04  1.66795013e-07 
 2.97600000e-04  1.53096620e-07 
 2.97700000e-04  1.52669838e-07 
 2.97800000e-04  1.52432117e-07 
 2.97900000e-04  1.52253984e-07 
 2.98000000e-04  1.52137291e-07 
 2.98100000e-04  1.68541738e-07 
 2.98200000e-04  1.68276511e-07 
 2.98300000e-04  1.68167085e-07 
 2.98400000e-04  1.68067484e-07 
 2.98500000e-04  1.68028610e-07 
 2.98600000e-04  1.56861225e-07 
 2.98700000e-04  1.56463311e-07 
 2.98800000e-04  1.56269255e-07 
 2.98900000e-04  1.56134824e-07 
 2.99000000e-04  1.56061876e-07 
 2.99100000e-04  1.67262802e-07 
 2.99200000e-04  1.67005439e-07 
 2.99300000e-04  1.66915542e-07 
 2.99400000e-04  1.66836999e-07 
 2.99500000e-04  1.66800833e-07 
 2.99600000e-04  1.53143404e-07 
 2.99700000e-04  1.52671785e-07 
 2.99800000e-04  1.52428587e-07 
 2.99900000e-04  1.52245628e-07 
 3.00000000e-04  1.52124784e-07 
 3.00100000e-04  1.68018448e-07 
 3.00200000e-04  1.67838148e-07 
 3.00300000e-04  1.67763769e-07 
 3.00400000e-04  1.67696968e-07 
 3.00500000e-04  1.67650084e-07 
 3.00600000e-04  1.55179517e-07 
 3.00700000e-04  1.54807928e-07 
 3.00800000e-04  1.54609608e-07 
 3.00900000e-04  1.54464298e-07 
 3.01000000e-04  1.54373643e-07 
 3.01100000e-04  1.67787472e-07 
 3.01200000e-04  1.67576832e-07 
 3.01300000e-04  1.67499327e-07 
 3.01400000e-04  1.67430965e-07 
 3.01500000e-04  1.67397715e-07 
 3.01600000e-04  1.53684273e-07 
 3.01700000e-04  1.53234585e-07 
 3.01800000e-04  1.53002919e-07 
 3.01900000e-04  1.52831271e-07 
 3.02000000e-04  1.52721507e-07 
 3.02100000e-04  1.69689368e-07 
 3.02200000e-04  1.69287473e-07 
 3.02300000e-04  1.69151592e-07 
 3.02400000e-04  1.69033656e-07 
 3.02500000e-04  1.68997841e-07 
 3.02600000e-04  1.59085095e-07 
 3.02700000e-04  1.58720021e-07 
 3.02800000e-04  1.58518985e-07 
 3.02900000e-04  1.58387496e-07 
 3.03000000e-04  1.58327721e-07 
 3.03100000e-04  1.67364282e-07 
 3.03200000e-04  1.67071692e-07 
 3.03300000e-04  1.66980322e-07 
 3.03400000e-04  1.66902322e-07 
 3.03500000e-04  1.66854046e-07 
 3.03600000e-04  1.53220019e-07 
 3.03700000e-04  1.52705419e-07 
 3.03800000e-04  1.52444861e-07 
 3.03900000e-04  1.52252266e-07 
 3.04000000e-04  1.52129749e-07 
 3.04100000e-04  1.68039616e-07 
 3.04200000e-04  1.67858401e-07 
 3.04300000e-04  1.67778104e-07 
 3.04400000e-04  1.67705124e-07 
 3.04500000e-04  1.67660930e-07 
 3.04600000e-04  1.55194117e-07 
 3.04700000e-04  1.54809014e-07 
 3.04800000e-04  1.54610982e-07 
 3.04900000e-04  1.54462432e-07 
 3.05000000e-04  1.54364892e-07 
 3.05100000e-04  1.67783014e-07 
 3.05200000e-04  1.67572321e-07 
 3.05300000e-04  1.67491537e-07 
 3.05400000e-04  1.67419594e-07 
 3.05500000e-04  1.67404451e-07 
 3.05600000e-04  1.53666699e-07 
 3.05700000e-04  1.53248308e-07 
 3.05800000e-04  1.53019214e-07 
 3.05900000e-04  1.52841908e-07 
 3.06000000e-04  1.52717986e-07 
 3.06100000e-04  1.69158171e-07 
 3.06200000e-04  1.68867334e-07 
 3.06300000e-04  1.68762148e-07 
 3.06400000e-04  1.68669543e-07 
 3.06500000e-04  1.68633404e-07 
 3.06600000e-04  1.57432259e-07 
 3.06700000e-04  1.57046135e-07 
 3.06800000e-04  1.56862707e-07 
 3.06900000e-04  1.56728149e-07 
 3.07000000e-04  1.56643967e-07 
 3.07100000e-04  1.67864269e-07 
 3.07200000e-04  1.67611186e-07 
 3.07300000e-04  1.67528510e-07 
 3.07400000e-04  1.67457082e-07 
 3.07500000e-04  1.67431038e-07 
 3.07600000e-04  1.53731766e-07 
 3.07700000e-04  1.53269358e-07 
 3.07800000e-04  1.53020316e-07 
 3.07900000e-04  1.52833473e-07 
 3.08000000e-04  1.52710756e-07 
 3.08100000e-04  1.68636088e-07 
 3.08200000e-04  1.68460365e-07 
 3.08300000e-04  1.68381389e-07 
 3.08400000e-04  1.68308827e-07 
 3.08500000e-04  1.68281360e-07 
 3.08600000e-04  1.55764183e-07 
 3.08700000e-04  1.55394056e-07 
 3.08800000e-04  1.55191191e-07 
 3.08900000e-04  1.55046656e-07 
 3.09000000e-04  1.54962212e-07 
 3.09100000e-04  1.70146553e-07 
 3.09200000e-04  1.69658460e-07 
 3.09300000e-04  1.69482134e-07 
 3.09400000e-04  1.69399773e-07 
 3.09500000e-04  1.69347774e-07 
 3.09600000e-04  1.55119499e-07 
 3.09700000e-04  1.54514350e-07 
 3.09800000e-04  1.54252114e-07 
 3.09900000e-04  1.54066405e-07 
 3.10000000e-04  1.53958817e-07 
 3.10100000e-04  1.03757780e-04 
 3.10200000e-04  1.03757071e-04 
 3.10300000e-04  1.03756864e-04 
 3.10400000e-04  1.03756691e-04 
 3.10500000e-04  1.03756626e-04 
 3.10600000e-04  1.03748015e-04 
 3.10700000e-04  1.03747602e-04 
 3.10800000e-04  1.03747414e-04 
 3.10900000e-04  1.03747290e-04 
 3.11000000e-04  1.03747231e-04 
 3.11100000e-04  1.68821190e-07 
 3.11200000e-04  1.68372525e-07 
 3.11300000e-04  1.68226718e-07 
 3.11400000e-04  1.68101804e-07 
 3.11500000e-04  1.68043432e-07 
 3.11600000e-04  1.54429544e-07 
 3.11700000e-04  1.53846717e-07 
 3.11800000e-04  1.53578215e-07 
 3.11900000e-04  1.53380395e-07 
 3.12000000e-04  1.53255453e-07 
 3.12100000e-04  1.69208112e-07 
 3.12200000e-04  1.69039691e-07 
 3.12300000e-04  1.68950524e-07 
 3.12400000e-04  1.68866214e-07 
 3.12500000e-04  1.68817679e-07 
 3.12600000e-04  1.56286998e-07 
 3.12700000e-04  1.55907972e-07 
 3.12800000e-04  1.55712909e-07 
 3.12900000e-04  1.55570978e-07 
 3.13000000e-04  1.55483814e-07 
 3.13100000e-04  1.68957509e-07 
 3.13200000e-04  1.68735597e-07 
 3.13300000e-04  1.68651792e-07 
 3.13400000e-04  1.68577692e-07 
 3.13500000e-04  1.68543602e-07 
 3.13600000e-04  1.54761222e-07 
 3.13700000e-04  1.54324159e-07 
 3.13800000e-04  1.54096652e-07 
 3.13900000e-04  1.53922530e-07 
 3.14000000e-04  1.53803438e-07 
 3.14100000e-04  1.70331690e-07 
 3.14200000e-04  1.70039385e-07 
 3.14300000e-04  1.69930399e-07 
 3.14400000e-04  1.69834257e-07 
 3.14500000e-04  1.69765031e-07 
 3.14600000e-04  1.58525906e-07 
 3.14700000e-04  1.58131303e-07 
 3.14800000e-04  1.57943802e-07 
 3.14900000e-04  1.57810035e-07 
 3.15000000e-04  1.57731654e-07 
 3.15100000e-04  1.69028141e-07 
 3.15200000e-04  1.68760717e-07 
 3.15300000e-04  1.68674136e-07 
 3.15400000e-04  1.68599959e-07 
 3.15500000e-04  1.68567271e-07 
 3.15600000e-04  1.54801314e-07 
 3.15700000e-04  1.54354121e-07 
 3.15800000e-04  1.54114675e-07 
 3.15900000e-04  1.53933166e-07 
 3.16000000e-04  1.53811380e-07 
 3.16100000e-04  1.69794707e-07 
 3.16200000e-04  1.69595737e-07 
 3.16300000e-04  1.69520199e-07 
 3.16400000e-04  1.69454119e-07 
 3.16500000e-04  1.69416747e-07 
 3.16600000e-04  1.56843759e-07 
 3.16700000e-04  1.56458201e-07 
 3.16800000e-04  1.56265483e-07 
 3.16900000e-04  1.56129139e-07 
 3.17000000e-04  1.56050904e-07 
 3.17100000e-04  1.69566526e-07 
 3.17200000e-04  1.69328562e-07 
 3.17300000e-04  1.69245432e-07 
 3.17400000e-04  1.69173661e-07 
 3.17500000e-04  1.69155419e-07 
 3.17600000e-04  1.55332242e-07 
 3.17700000e-04  1.54919450e-07 
 3.17800000e-04  1.54685707e-07 
 3.17900000e-04  1.54509569e-07 
 3.18000000e-04  1.54392806e-07 
 3.18100000e-04  1.71476351e-07 
 3.18200000e-04  1.71054376e-07 
 3.18300000e-04  1.70917716e-07 
 3.18400000e-04  1.70800939e-07 
 3.18500000e-04  1.70747938e-07 
 3.18600000e-04  1.60743542e-07 
 3.18700000e-04  1.60383613e-07 
 3.18800000e-04  1.60201045e-07 
 3.18900000e-04  1.60076513e-07 
 3.19000000e-04  1.60011805e-07 
 3.19100000e-04  1.69154345e-07 
 3.19200000e-04  1.68845918e-07 
 3.19300000e-04  1.68739007e-07 
 3.19400000e-04  1.68645706e-07 
 3.19500000e-04  1.68615561e-07 
 3.19600000e-04  1.54876119e-07 
 3.19700000e-04  1.54383195e-07 
 3.19800000e-04  1.54120653e-07 
 3.19900000e-04  1.53932817e-07 
 3.20000000e-04  1.53822000e-07 
 3.20100000e-04  1.69812078e-07 
 3.20200000e-04  1.69628827e-07 
 3.20300000e-04  1.69536498e-07 
 3.20400000e-04  1.69450450e-07 
 3.20500000e-04  1.69427221e-07 
 3.20600000e-04  1.56850674e-07 
 3.20700000e-04  1.56468130e-07 
 3.20800000e-04  1.56274946e-07 
 3.20900000e-04  1.56139071e-07 
 3.21000000e-04  1.56062265e-07 
 3.21100000e-04  1.69571405e-07 
 3.21200000e-04  1.69340355e-07 
 3.21300000e-04  1.69255632e-07 
 3.21400000e-04  1.69181950e-07 
 3.21500000e-04  1.69150900e-07 
 3.21600000e-04  1.55341025e-07 
 3.21700000e-04  1.54904339e-07 
 3.21800000e-04  1.54672127e-07 
 3.21900000e-04  1.54500400e-07 
 3.22000000e-04  1.54391021e-07 
 3.22100000e-04  1.70941922e-07 
 3.22200000e-04  1.70649655e-07 
 3.22300000e-04  1.70537533e-07 
 3.22400000e-04  1.70437655e-07 
 3.22500000e-04  1.70373543e-07 
 3.22600000e-04  1.59084286e-07 
 3.22700000e-04  1.58726923e-07 
 3.22800000e-04  1.58541699e-07 
 3.22900000e-04  1.58410450e-07 
 3.23000000e-04  1.58334833e-07 
 3.23100000e-04  1.69633080e-07 
 3.23200000e-04  1.69373747e-07 
 3.23300000e-04  1.69289306e-07 
 3.23400000e-04  1.69216383e-07 
 3.23500000e-04  1.69167721e-07 
 3.23600000e-04  1.55376987e-07 
 3.23700000e-04  1.54936169e-07 
 3.23800000e-04  1.54689509e-07 
 3.23900000e-04  1.54508602e-07 
 3.24000000e-04  1.54395471e-07 
 3.24100000e-04  1.70401969e-07 
 3.24200000e-04  1.70213618e-07 
 3.24300000e-04  1.70135432e-07 
 3.24400000e-04  1.70064981e-07 
 3.24500000e-04  1.70014419e-07 
 3.24600000e-04  1.57418769e-07 
 3.24700000e-04  1.57062659e-07 
 3.24800000e-04  1.56861775e-07 
 3.24900000e-04  1.56724243e-07 
 3.25000000e-04  1.56652009e-07 
 3.25100000e-04  1.70172608e-07 
 3.25200000e-04  1.69937932e-07 
 3.25300000e-04  1.69862216e-07 
 3.25400000e-04  1.69798365e-07 
 3.25500000e-04  1.69754873e-07 
 3.25600000e-04  1.55903718e-07 
 3.25700000e-04  1.55501636e-07 
 3.25800000e-04  1.55271232e-07 
 3.25900000e-04  1.55100163e-07 
 3.26000000e-04  1.54990252e-07 
 3.26100000e-04  1.73666143e-07 
 3.26200000e-04  1.72944963e-07 
 3.26300000e-04  1.72723579e-07 
 3.26400000e-04  1.72535106e-07 
 3.26500000e-04  1.72450338e-07 
 3.26600000e-04  1.66331194e-07 
 3.26700000e-04  1.65941104e-07 
 3.26800000e-04  1.65776314e-07 
 3.26900000e-04  1.65685195e-07 
 3.27000000e-04  1.65670018e-07 
 3.27100000e-04  1.68950531e-07 
 3.27200000e-04  1.68003087e-07 
 3.27300000e-04  1.67754709e-07 
 3.27400000e-04  1.67550762e-07 
 3.27500000e-04  1.67475454e-07 
 3.27600000e-04  1.53884861e-07 
 3.27700000e-04  1.53258209e-07 
 3.27800000e-04  1.52990712e-07 
 3.27900000e-04  1.52785582e-07 
 3.28000000e-04  1.52644736e-07 
 3.28100000e-04  1.68598320e-07 
 3.28200000e-04  1.68414161e-07 
 3.28300000e-04  1.68324915e-07 
 3.28400000e-04  1.68242039e-07 
 3.28500000e-04  1.68203236e-07 
 3.28600000e-04  1.55666054e-07 
 3.28700000e-04  1.55294109e-07 
 3.28800000e-04  1.55104127e-07 
 3.28900000e-04  1.54961526e-07 
 3.29000000e-04  1.54867745e-07 
 3.29100000e-04  1.68321511e-07 
 3.29200000e-04  1.68099667e-07 
 3.29300000e-04  1.68026387e-07 
 3.29400000e-04  1.67963691e-07 
 3.29500000e-04  1.67916269e-07 
 3.29600000e-04  1.54157259e-07 
 3.29700000e-04  1.53733807e-07 
 3.29800000e-04  1.53505909e-07 
 3.29900000e-04  1.53331732e-07 
 3.30000000e-04  1.53212916e-07 
 3.30100000e-04  1.69700308e-07 
 3.30200000e-04  1.69411018e-07 
 3.30300000e-04  1.69301019e-07 
 3.30400000e-04  1.69203389e-07 
 3.30500000e-04  1.69142657e-07 
 3.30600000e-04  1.57909644e-07 
 3.30700000e-04  1.57524953e-07 
 3.30800000e-04  1.57341021e-07 
 3.30900000e-04  1.57210282e-07 
 3.31000000e-04  1.57134354e-07 
 3.31100000e-04  1.68390652e-07 
 3.31200000e-04  1.68126062e-07 
 3.31300000e-04  1.68046476e-07 
 3.31400000e-04  1.67979462e-07 
 3.31500000e-04  1.67946549e-07 
 3.31600000e-04  1.54205492e-07 
 3.31700000e-04  1.53740842e-07 
 3.31800000e-04  1.53504531e-07 
 3.31900000e-04  1.53325716e-07 
 3.32000000e-04  1.53206154e-07 
 3.32100000e-04  1.69158176e-07 
 3.32200000e-04  1.68968772e-07 
 3.32300000e-04  1.68894399e-07 
 3.32400000e-04  1.68828488e-07 
 3.32500000e-04  1.68782188e-07 
 3.32600000e-04  1.56241982e-07 
 3.32700000e-04  1.55870548e-07 
 3.32800000e-04  1.55680861e-07 
 3.32900000e-04  1.55541217e-07 
 3.33000000e-04  1.55453137e-07 
 3.33100000e-04  1.68915039e-07 
 3.33200000e-04  1.68693443e-07 
 3.33300000e-04  1.68617886e-07 
 3.33400000e-04  1.68552870e-07 
 3.33500000e-04  1.68527940e-07 
 3.33600000e-04  1.54728473e-07 
 3.33700000e-04  1.54306055e-07 
 3.33800000e-04  1.54083551e-07 
 3.33900000e-04  1.53912276e-07 
 3.34000000e-04  1.53793788e-07 
 3.34100000e-04  1.70828630e-07 
 3.34200000e-04  1.70437882e-07 
 3.34300000e-04  1.70301690e-07 
 3.34400000e-04  1.70182281e-07 
 3.34500000e-04  1.70117186e-07 
 3.34600000e-04  1.60153628e-07 
 3.34700000e-04  1.59777903e-07 
 3.34800000e-04  1.59595809e-07 
 3.34900000e-04  1.59472964e-07 
 3.35000000e-04  1.59411176e-07 
 3.35100000e-04  1.68510652e-07 
 3.35200000e-04  1.68207163e-07 
 3.35300000e-04  1.68103984e-07 
 3.35400000e-04  1.68014165e-07 
 3.35500000e-04  1.67982193e-07 
 3.35600000e-04  1.54276415e-07 
 3.35700000e-04  1.53780013e-07 
 3.35800000e-04  1.53529518e-07 
 3.35900000e-04  1.53340088e-07 
 3.36000000e-04  1.53213586e-07 
 3.36100000e-04  1.69185106e-07 
 3.36200000e-04  1.68996677e-07 
 3.36300000e-04  1.68912998e-07 
 3.36400000e-04  1.68836892e-07 
 3.36500000e-04  1.68784047e-07 
 3.36600000e-04  1.56252097e-07 
 3.36700000e-04  1.55884661e-07 
 3.36800000e-04  1.55680024e-07 
 3.36900000e-04  1.55536601e-07 
 3.37000000e-04  1.55456263e-07 
 3.37100000e-04  1.68929159e-07 
 3.37200000e-04  1.68700257e-07 
 3.37300000e-04  1.68624346e-07 
 3.37400000e-04  1.68559696e-07 
 3.37500000e-04  1.68526294e-07 
 3.37600000e-04  1.54737488e-07 
 3.37700000e-04  1.54304822e-07 
 3.37800000e-04  1.54080247e-07 
 3.37900000e-04  1.53911764e-07 
 3.38000000e-04  1.53801082e-07 
 3.38100000e-04  1.70311456e-07 
 3.38200000e-04  1.70008562e-07 
 3.38300000e-04  1.69893741e-07 
 3.38400000e-04  1.69792009e-07 
 3.38500000e-04  1.69759818e-07 
 3.38600000e-04  1.58503847e-07 
 3.38700000e-04  1.58116060e-07 
 3.38800000e-04  1.57927122e-07 
 3.38900000e-04  1.57799780e-07 
 3.39000000e-04  1.57735915e-07 
 3.39100000e-04  1.69011097e-07 
 3.39200000e-04  1.68752035e-07 
 3.39300000e-04  1.68664188e-07 
 3.39400000e-04  1.68587815e-07 
 3.39500000e-04  1.68558017e-07 
 3.39600000e-04  1.54789012e-07 
 3.39700000e-04  1.54324604e-07 
 3.39800000e-04  1.54086576e-07 
 3.39900000e-04  1.53910528e-07 
 3.40000000e-04  1.53798348e-07 
 3.40100000e-04  1.69781916e-07 
 3.40200000e-04  1.69610388e-07 
 3.40300000e-04  1.69523174e-07 
 3.40400000e-04  1.69441426e-07 
 3.40500000e-04  1.69403139e-07 
 3.40600000e-04  1.56819755e-07 
 3.40700000e-04  1.56445136e-07 
 3.40800000e-04  1.56258420e-07 
 3.40900000e-04  1.56129316e-07 
 3.41000000e-04  1.56059574e-07 
 3.41100000e-04  1.69550797e-07 
 3.41200000e-04  1.69323157e-07 
 3.41300000e-04  1.69243163e-07 
 3.41400000e-04  1.69174124e-07 
 3.41500000e-04  1.69140501e-07 
 3.41600000e-04  1.55319885e-07 
 3.41700000e-04  1.54893372e-07 
 3.41800000e-04  1.54677726e-07 
 3.41900000e-04  1.54508095e-07 
 3.42000000e-04  1.54385859e-07 
 3.42100000e-04  1.71980871e-07 
 3.42200000e-04  1.71483098e-07 
 3.42300000e-04  1.71312628e-07 
 3.42400000e-04  1.71163515e-07 
 3.42500000e-04  1.71100988e-07 
 3.42600000e-04  1.62403190e-07 
 3.42700000e-04  1.62037087e-07 
 3.42800000e-04  1.61854136e-07 
 3.42900000e-04  1.61738421e-07 
 3.43000000e-04  1.61691997e-07 
 3.43100000e-04  1.68812209e-07 
 3.43200000e-04  1.68406762e-07 
 3.43300000e-04  1.68253686e-07 
 3.43400000e-04  1.68118153e-07 
 3.43500000e-04  1.68063995e-07 
 3.43600000e-04  1.54382732e-07 
 3.43700000e-04  1.53839252e-07 
 3.43800000e-04  1.53566584e-07 
 3.43900000e-04  1.53364354e-07 
 3.44000000e-04  1.53234716e-07 
 3.44100000e-04  1.69212562e-07 
 3.44200000e-04  1.69011518e-07 
 3.44300000e-04  1.68926790e-07 
 3.44400000e-04  1.68850932e-07 
 3.44500000e-04  1.68818807e-07 
 3.44600000e-04  1.56258823e-07 
 3.44700000e-04  1.55882758e-07 
 3.44800000e-04  1.55688300e-07 
 3.44900000e-04  1.55549749e-07 
 3.45000000e-04  1.55468799e-07 
 3.45100000e-04  1.68936364e-07 
 3.45200000e-04  1.68712535e-07 
 3.45300000e-04  1.68631142e-07 
 3.45400000e-04  1.68559679e-07 
 3.45500000e-04  1.68542783e-07 
 3.45600000e-04  1.54747456e-07 
 3.45700000e-04  1.54314209e-07 
 3.45800000e-04  1.54093611e-07 
 3.45900000e-04  1.53920992e-07 
 3.46000000e-04  1.53797794e-07 
 3.46100000e-04  1.70319965e-07 
 3.46200000e-04  1.70011739e-07 
 3.46300000e-04  1.69909216e-07 
 3.46400000e-04  1.69821647e-07 
 3.46500000e-04  1.69765984e-07 
 3.46600000e-04  1.58509006e-07 
 3.46700000e-04  1.58121018e-07 
 3.46800000e-04  1.57928204e-07 
 3.46900000e-04  1.57794328e-07 
 3.47000000e-04  1.57721177e-07 
 3.47100000e-04  1.69021201e-07 
 3.47200000e-04  1.68747581e-07 
 3.47300000e-04  1.68655734e-07 
 3.47400000e-04  1.68576351e-07 
 3.47500000e-04  1.68561696e-07 
 3.47600000e-04  1.54791945e-07 
 3.47700000e-04  1.54330831e-07 
 3.47800000e-04  1.54099375e-07 
 3.47900000e-04  1.53919038e-07 
 3.48000000e-04  1.53791364e-07 
 3.48100000e-04  1.69776729e-07 
 3.48200000e-04  1.69611934e-07 
 3.48300000e-04  1.69525753e-07 
 3.48400000e-04  1.69444625e-07 
 3.48500000e-04  1.69392819e-07 
 3.48600000e-04  1.56833616e-07 
 3.48700000e-04  1.56464731e-07 
 3.48800000e-04  1.56270144e-07 
 3.48900000e-04  1.56132142e-07 
 3.49000000e-04  1.56052435e-07 
 3.49100000e-04  1.69548974e-07 
 3.49200000e-04  1.69312073e-07 
 3.49300000e-04  1.69241984e-07 
 3.49400000e-04  1.69184236e-07 
 3.49500000e-04  1.69134185e-07 
 3.49600000e-04  1.55332399e-07 
 3.49700000e-04  1.54890635e-07 
 3.49800000e-04  1.54666783e-07 
 3.49900000e-04  1.54500087e-07 
 3.50000000e-04  1.54392279e-07 
 3.50100000e-04  1.71448225e-07 
 3.50200000e-04  1.71048758e-07 
 3.50300000e-04  1.70912890e-07 
 3.50400000e-04  1.70794583e-07 
 3.50500000e-04  1.70745304e-07 
 3.50600000e-04  1.60743552e-07 
 3.50700000e-04  1.60379966e-07 
 3.50800000e-04  1.60190108e-07 
 3.50900000e-04  1.60063315e-07 
 3.51000000e-04  1.60001500e-07 
 3.51100000e-04  1.69136701e-07 
 3.51200000e-04  1.68833873e-07 
 3.51300000e-04  1.68724651e-07 
 3.51400000e-04  1.68628128e-07 
 3.51500000e-04  1.68608911e-07 
 3.51600000e-04  1.54871817e-07 
 3.51700000e-04  1.54374646e-07 
 3.51800000e-04  1.54118102e-07 
 3.51900000e-04  1.53928046e-07 
 3.52000000e-04  1.53806502e-07 
 3.52100000e-04  1.69804875e-07 
 3.52200000e-04  1.69607764e-07 
 3.52300000e-04  1.69522919e-07 
 3.52400000e-04  1.69446658e-07 
 3.52500000e-04  1.69401411e-07 
 3.52600000e-04  1.56832289e-07 
 3.52700000e-04  1.56464472e-07 
 3.52800000e-04  1.56264950e-07 
 3.52900000e-04  1.56125777e-07 
 3.53000000e-04  1.56048779e-07 
 3.53100000e-04  1.69556536e-07 
 3.53200000e-04  1.69328498e-07 
 3.53300000e-04  1.69252022e-07 
 3.53400000e-04  1.69186752e-07 
 3.53500000e-04  1.69157432e-07 
 3.53600000e-04  1.55316626e-07 
 3.53700000e-04  1.54914045e-07 
 3.53800000e-04  1.54677983e-07 
 3.53900000e-04  1.54502278e-07 
 3.54000000e-04  1.54388760e-07 
 3.54100000e-04  1.70929252e-07 
 3.54200000e-04  1.70628456e-07 
 3.54300000e-04  1.70519929e-07 
 3.54400000e-04  1.70424777e-07 
 3.54500000e-04  1.70373884e-07 
 3.54600000e-04  1.59100737e-07 
 3.54700000e-04  1.58705365e-07 
 3.54800000e-04  1.58526649e-07 
 3.54900000e-04  1.58400049e-07 
 3.55000000e-04  1.58327126e-07 
 3.55100000e-04  1.69630292e-07 
 3.55200000e-04  1.69361174e-07 
 3.55300000e-04  1.69278976e-07 
 3.55400000e-04  1.69209466e-07 
 3.55500000e-04  1.69166861e-07 
 3.55600000e-04  1.55375436e-07 
 3.55700000e-04  1.54929150e-07 
 3.55800000e-04  1.54689176e-07 
 3.55900000e-04  1.54512533e-07 
 3.56000000e-04  1.54401137e-07 
 3.56100000e-04  1.70399500e-07 
 3.56200000e-04  1.70207704e-07 
 3.56300000e-04  1.70131008e-07 
 3.56400000e-04  1.70062362e-07 
 3.56500000e-04  1.70026503e-07 
 3.56600000e-04  1.57413631e-07 
 3.56700000e-04  1.57055189e-07 
 3.56800000e-04  1.56864956e-07 
 3.56900000e-04  1.56722942e-07 
 3.57000000e-04  1.56630586e-07 
 3.57100000e-04  1.70165476e-07 
 3.57200000e-04  1.69933062e-07 
 3.57300000e-04  1.69858280e-07 
 3.57400000e-04  1.69795074e-07 
 3.57500000e-04  1.69755446e-07 
 3.57600000e-04  1.55895410e-07 
 3.57700000e-04  1.55503882e-07 
 3.57800000e-04  1.55269330e-07 
 3.57900000e-04  1.55093958e-07 
 3.58000000e-04  1.54979553e-07 
 3.58100000e-04  1.73139461e-07 
 3.58200000e-04  1.72524343e-07 
 3.58300000e-04  1.72328825e-07 
 3.58400000e-04  1.72160651e-07 
 3.58500000e-04  1.72083039e-07 
 3.58600000e-04  1.64667070e-07 
 3.58700000e-04  1.64279283e-07 
 3.58800000e-04  1.64113635e-07 
 3.58900000e-04  1.64010412e-07 
 3.59000000e-04  1.63971501e-07 
 3.59100000e-04  1.69435451e-07 
 3.59200000e-04  1.68653213e-07 
 3.59300000e-04  1.68404270e-07 
 3.59400000e-04  1.68191103e-07 
 3.59500000e-04  1.68107000e-07 
 3.59600000e-04  1.54450798e-07 
 3.59700000e-04  1.53865449e-07 
 3.59800000e-04  1.53585679e-07 
 3.59900000e-04  1.53385464e-07 
 3.60000000e-04  1.53267234e-07 
 3.60100000e-04  1.69234303e-07 
 3.60200000e-04  1.69040741e-07 
 3.60300000e-04  1.68948756e-07 
 3.60400000e-04  1.68864087e-07 
 3.60500000e-04  1.68811586e-07 
 3.60600000e-04  1.56255553e-07 
 3.60700000e-04  1.55901030e-07 
 3.60800000e-04  1.55702384e-07 
 3.60900000e-04  1.55556124e-07 
 3.61000000e-04  1.55463820e-07 
 3.61100000e-04  1.68945976e-07 
 3.61200000e-04  1.68727223e-07 
 3.61300000e-04  1.68646669e-07 
 3.61400000e-04  1.68575476e-07 
 3.61500000e-04  1.68536400e-07 
 3.61600000e-04  1.54742011e-07 
 3.61700000e-04  1.54316063e-07 
 3.61800000e-04  1.54091079e-07 
 3.61900000e-04  1.53918639e-07 
 3.62000000e-04  1.53800313e-07 
 3.62100000e-04  1.70322242e-07 
 3.62200000e-04  1.70027225e-07 
 3.62300000e-04  1.69919209e-07 
 3.62400000e-04  1.69824363e-07 
 3.62500000e-04  1.69766629e-07 
 3.62600000e-04  1.58496934e-07 
 3.62700000e-04  1.58146213e-07 
 3.62800000e-04  1.57948061e-07 
 3.62900000e-04  1.57808219e-07 
 3.63000000e-04  1.57728440e-07 
 3.63100000e-04  1.69019259e-07 
 3.63200000e-04  1.68750283e-07 
 3.63300000e-04  1.68664828e-07 
 3.63400000e-04  1.68591883e-07 
 3.63500000e-04  1.68566396e-07 
 3.63600000e-04  1.54796282e-07 
 3.63700000e-04  1.54324051e-07 
 3.63800000e-04  1.54084086e-07 
 3.63900000e-04  1.53912380e-07 
 3.64000000e-04  1.53810998e-07 
 3.64100000e-04  1.69785627e-07 
 3.64200000e-04  1.69591522e-07 
 3.64300000e-04  1.69508238e-07 
 3.64400000e-04  1.69432933e-07 
 3.64500000e-04  1.69394646e-07 
 3.64600000e-04  1.56828730e-07 
 3.64700000e-04  1.56464607e-07 
 3.64800000e-04  1.56268004e-07 
 3.64900000e-04  1.56130570e-07 
 3.65000000e-04  1.56054083e-07 
 3.65100000e-04  1.69553118e-07 
 3.65200000e-04  1.69324355e-07 
 3.65300000e-04  1.69247247e-07 
 3.65400000e-04  1.69181337e-07 
 3.65500000e-04  1.69146097e-07 
 3.65600000e-04  1.55330769e-07 
 3.65700000e-04  1.54896422e-07 
 3.65800000e-04  1.54668937e-07 
 3.65900000e-04  1.54501419e-07 
 3.66000000e-04  1.54395666e-07 
 3.66100000e-04  1.71452788e-07 
 3.66200000e-04  1.71055644e-07 
 3.66300000e-04  1.70917965e-07 
 3.66400000e-04  1.70797206e-07 
 3.66500000e-04  1.70732873e-07 
 3.66600000e-04  1.60749976e-07 
 3.66700000e-04  1.60370593e-07 
 3.66800000e-04  1.60189171e-07 
 3.66900000e-04  1.60064738e-07 
 3.67000000e-04  1.59999001e-07 
 3.67100000e-04  1.69147719e-07 
 3.67200000e-04  1.68845149e-07 
 3.67300000e-04  1.68737075e-07 
 3.67400000e-04  1.68642145e-07 
 3.67500000e-04  1.68603052e-07 
 3.67600000e-04  1.54869587e-07 
 3.67700000e-04  1.54355947e-07 
 3.67800000e-04  1.54105969e-07 
 3.67900000e-04  1.53921631e-07 
 3.68000000e-04  1.53804915e-07 
 3.68100000e-04  1.69809601e-07 
 3.68200000e-04  1.69619683e-07 
 3.68300000e-04  1.69538416e-07 
 3.68400000e-04  1.69465064e-07 
 3.68500000e-04  1.69414740e-07 
 3.68600000e-04  1.56831849e-07 
 3.68700000e-04  1.56459279e-07 
 3.68800000e-04  1.56266123e-07 
 3.68900000e-04  1.56128039e-07 
 3.69000000e-04  1.56046672e-07 
 3.69100000e-04  1.69552375e-07 
 3.69200000e-04  1.69334691e-07 
 3.69300000e-04  1.69257137e-07 
 3.69400000e-04  1.69189341e-07 
 3.69500000e-04  1.69144325e-07 
 3.69600000e-04  1.55334879e-07 
 3.69700000e-04  1.54902725e-07 
 3.69800000e-04  1.54676737e-07 
 3.69900000e-04  1.54507835e-07 
 3.70000000e-04  1.54397727e-07 
 3.70100000e-04  1.70943121e-07 
 3.70200000e-04  1.70645465e-07 
 3.70300000e-04  1.70531667e-07 
 3.70400000e-04  1.70430475e-07 
 3.70500000e-04  1.70372890e-07 
 3.70600000e-04  1.59081966e-07 
 3.70700000e-04  1.58713174e-07 
 3.70800000e-04  1.58524336e-07 
 3.70900000e-04  1.58395692e-07 
 3.71000000e-04  1.58329044e-07 
 3.71100000e-04  1.69631945e-07 
 3.71200000e-04  1.69366212e-07 
 3.71300000e-04  1.69277974e-07 
 3.71400000e-04  1.69201525e-07 
 3.71500000e-04  1.69171602e-07 
 3.71600000e-04  1.55383660e-07 
 3.71700000e-04  1.54929314e-07 
 3.71800000e-04  1.54679689e-07 
 3.71900000e-04  1.54498910e-07 
 3.72000000e-04  1.54389058e-07 
 3.72100000e-04  1.70412654e-07 
 3.72200000e-04  1.70209625e-07 
 3.72300000e-04  1.70132089e-07 
 3.72400000e-04  1.70064483e-07 
 3.72500000e-04  1.70015934e-07 
 3.72600000e-04  1.57412340e-07 
 3.72700000e-04  1.57049261e-07 
 3.72800000e-04  1.56859444e-07 
 3.72900000e-04  1.56726643e-07 
 3.73000000e-04  1.56652558e-07 
 3.73100000e-04  1.70185329e-07 
 3.73200000e-04  1.69941922e-07 
 3.73300000e-04  1.69854034e-07 
 3.73400000e-04  1.69777573e-07 
 3.73500000e-04  1.69747732e-07 
 3.73600000e-04  1.55902558e-07 
 3.73700000e-04  1.55492407e-07 
 3.73800000e-04  1.55275525e-07 
 3.73900000e-04  1.55108100e-07 
 3.74000000e-04  1.54991595e-07 
 3.74100000e-04  1.72607112e-07 
 3.74200000e-04  1.72092676e-07 
 3.74300000e-04  1.71929039e-07 
 3.74400000e-04  1.71788843e-07 
 3.74500000e-04  1.71718399e-07 
 3.74600000e-04  1.62988269e-07 
 3.74700000e-04  1.62627271e-07 
 3.74800000e-04  1.62447204e-07 
 3.74900000e-04  1.62332893e-07 
 3.75000000e-04  1.62286316e-07 
 3.75100000e-04  1.69420443e-07 
 3.75200000e-04  1.69030619e-07 
 3.75300000e-04  1.68879772e-07 
 3.75400000e-04  1.68744664e-07 
 3.75500000e-04  1.68695128e-07 
 3.75600000e-04  1.54976480e-07 
 3.75700000e-04  1.54412295e-07 
 3.75800000e-04  1.54163450e-07 
 3.75900000e-04  1.53976857e-07 
 3.76000000e-04  1.53854382e-07 
 3.76100000e-04  1.69840304e-07 
 3.76200000e-04  1.69652777e-07 
 3.76300000e-04  1.69556348e-07 
 3.76400000e-04  1.69466180e-07 
 3.76500000e-04  1.69418451e-07 
 3.76600000e-04  1.56845431e-07 
 3.76700000e-04  1.56466882e-07 
 3.76800000e-04  1.56275590e-07 
 3.76900000e-04  1.56144457e-07 
 3.77000000e-04  1.56075282e-07 
 3.77100000e-04  1.69579497e-07 
 3.77200000e-04  1.69342406e-07 
 3.77300000e-04  1.69257337e-07 
 3.77400000e-04  1.69183670e-07 
 3.77500000e-04  1.69145445e-07 
 3.77600000e-04  1.55331441e-07 
 3.77700000e-04  1.54903627e-07 
 3.77800000e-04  1.54687122e-07 
 3.77900000e-04  1.54517268e-07 
 3.78000000e-04  1.54395433e-07 
 3.78100000e-04  1.70937076e-07 
 3.78200000e-04  1.70648701e-07 
 3.78300000e-04  1.70534909e-07 
 3.78400000e-04  1.70432601e-07 
 3.78500000e-04  1.70381557e-07 
 3.78600000e-04  1.59087985e-07 
 3.78700000e-04  1.58720375e-07 
 3.78800000e-04  1.58526245e-07 
 3.78900000e-04  1.58396006e-07 
 3.79000000e-04  1.58331575e-07 
 3.79100000e-04  1.69633329e-07 
 3.79200000e-04  1.69385665e-07 
 3.79300000e-04  1.69294614e-07 
 3.79400000e-04  1.69213622e-07 
 3.79500000e-04  1.69176650e-07 
 3.79600000e-04  1.55391410e-07 
 3.79700000e-04  1.54917924e-07 
 3.79800000e-04  1.54683550e-07 
 3.79900000e-04  1.54507709e-07 
 3.80000000e-04  1.54392145e-07 
 3.80100000e-04  1.70418932e-07 
 3.80200000e-04  1.70225599e-07 
 3.80300000e-04  1.70137790e-07 
 3.80400000e-04  1.70057738e-07 
 3.80500000e-04  1.70022853e-07 
 3.80600000e-04  1.57411304e-07 
 3.80700000e-04  1.57042887e-07 
 3.80800000e-04  1.56848421e-07 
 3.80900000e-04  1.56718681e-07 
 3.81000000e-04  1.56655606e-07 
 3.81100000e-04  1.70175851e-07 
 3.81200000e-04  1.69937027e-07 
 3.81300000e-04  1.69852565e-07 
 3.81400000e-04  1.69779327e-07 
 3.81500000e-04  1.69749747e-07 
 3.81600000e-04  1.55919915e-07 
 3.81700000e-04  1.55490305e-07 
 3.81800000e-04  1.55274526e-07 
 3.81900000e-04  1.55103126e-07 
 3.82000000e-04  1.54977391e-07 
 3.82100000e-04  1.72083630e-07 
 3.82200000e-04  1.71675044e-07 
 3.82300000e-04  1.71536033e-07 
 3.82400000e-04  1.71415111e-07 
 3.82500000e-04  1.71344693e-07 
 3.82600000e-04  1.61349862e-07 
 3.82700000e-04  1.60971063e-07 
 3.82800000e-04  1.60785958e-07 
 3.82900000e-04  1.60658616e-07 
 3.83000000e-04  1.60590751e-07 
 3.83100000e-04  1.69757783e-07 
 3.83200000e-04  1.69458484e-07 
 3.83300000e-04  1.69351692e-07 
 3.83400000e-04  1.69257437e-07 
 3.83500000e-04  1.69217066e-07 
 3.83600000e-04  1.55451469e-07 
 3.83700000e-04  1.54946574e-07 
 3.83800000e-04  1.54701050e-07 
 3.83900000e-04  1.54523646e-07 
 3.84000000e-04  1.54416405e-07 
 3.84100000e-04  1.70423874e-07 
 3.84200000e-04  1.70247693e-07 
 3.84300000e-04  1.70161289e-07 
 3.84400000e-04  1.70080645e-07 
 3.84500000e-04  1.70034407e-07 
 3.84600000e-04  1.57416244e-07 
 3.84700000e-04  1.57049506e-07 
 3.84800000e-04  1.56861933e-07 
 3.84900000e-04  1.56725391e-07 
 3.85000000e-04  1.56641383e-07 
 3.85100000e-04  1.70181768e-07 
 3.85200000e-04  1.69945265e-07 
 3.85300000e-04  1.69869672e-07 
 3.85400000e-04  1.69806150e-07 
 3.85500000e-04  1.69760923e-07 
 3.85600000e-04  1.55926303e-07 
 3.85700000e-04  1.55499629e-07 
 3.85800000e-04  1.55277658e-07 
 3.85900000e-04  1.55110798e-07 
 3.86000000e-04  1.55000677e-07 
 3.86100000e-04  1.71554442e-07 
 3.86200000e-04  1.71265397e-07 
 3.86300000e-04  1.71147025e-07 
 3.86400000e-04  1.71039755e-07 
 3.86500000e-04  1.70992218e-07 
 3.86600000e-04  1.59679622e-07 
 3.86700000e-04  1.59310176e-07 
 3.86800000e-04  1.59108431e-07 
 3.86900000e-04  1.58982791e-07 
 3.87000000e-04  1.58935549e-07 
 3.87100000e-04  1.70259863e-07 
 3.87200000e-04  1.69989089e-07 
 3.87300000e-04  1.69900510e-07 
 3.87400000e-04  1.69824455e-07 
 3.87500000e-04  1.69794579e-07 
 3.87600000e-04  1.55975262e-07 
 3.87700000e-04  1.55512848e-07 
 3.87800000e-04  1.55275128e-07 
 3.87900000e-04  1.55102966e-07 
 3.88000000e-04  1.54998322e-07 
 3.88100000e-04  1.71032342e-07 
 3.88200000e-04  1.70843136e-07 
 3.88300000e-04  1.70756316e-07 
 3.88400000e-04  1.70676477e-07 
 3.88500000e-04  1.70626486e-07 
 3.88600000e-04  1.58001549e-07 
 3.88700000e-04  1.57630964e-07 
 3.88800000e-04  1.57447927e-07 
 3.88900000e-04  1.57316089e-07 
 3.89000000e-04  1.57236952e-07 
 3.89100000e-04  1.70807324e-07 
 3.89200000e-04  1.70581412e-07 
 3.89300000e-04  1.70488473e-07 
 3.89400000e-04  1.70404687e-07 
 3.89500000e-04  1.70390725e-07 
 3.89600000e-04  1.56504143e-07 
 3.89700000e-04  1.56084146e-07 
 3.89800000e-04  1.55870580e-07 
 3.89900000e-04  1.55702144e-07 
 3.90000000e-04  1.55580146e-07 
 3.90100000e-04  1.74834076e-07 
 3.90200000e-04  1.73988170e-07 
 3.90300000e-04  1.73735218e-07 
 3.90400000e-04  1.73521748e-07 
 3.90500000e-04  1.73423300e-07 
 3.90600000e-04  1.68567085e-07 
 3.90700000e-04  1.68198341e-07 
 3.90800000e-04  1.68021861e-07 
 3.90900000e-04  1.67931431e-07 
 3.91000000e-04  1.67929658e-07 
 3.91100000e-04  1.69024472e-07 
 3.91200000e-04  1.68048553e-07 
 3.91300000e-04  1.67797177e-07 
 3.91400000e-04  1.67591889e-07 
 3.91500000e-04  1.67491166e-07 
 3.91600000e-04  1.53956254e-07 
 3.91700000e-04  1.53258842e-07 
 3.91800000e-04  1.52982609e-07 
 3.91900000e-04  1.52780958e-07 
 3.92000000e-04  1.52656130e-07 
 3.92100000e-04  1.68609905e-07 
 3.92200000e-04  1.68425248e-07 
 3.92300000e-04  1.68335228e-07 
 3.92400000e-04  1.68251561e-07 
 3.92500000e-04  1.68224590e-07 
 3.92600000e-04  1.55666108e-07 
 3.92700000e-04  1.55293140e-07 
 3.92800000e-04  1.55106812e-07 
 3.92900000e-04  1.54971846e-07 
 3.93000000e-04  1.54889744e-07 
 3.93100000e-04  1.68336496e-07 
 3.93200000e-04  1.68119049e-07 
 3.93300000e-04  1.68041399e-07 
 3.93400000e-04  1.67973842e-07 
 3.93500000e-04  1.67941350e-07 
 3.93600000e-04  1.54152645e-07 
 3.93700000e-04  1.53752659e-07 
 3.93800000e-04  1.53504847e-07 
 3.93900000e-04  1.53325283e-07 
 3.94000000e-04  1.53216003e-07 
 3.94100000e-04  1.69697179e-07 
 3.94200000e-04  1.69403355e-07 
 3.94300000e-04  1.69295845e-07 
 3.94400000e-04  1.69200914e-07 
 3.94500000e-04  1.69153510e-07 
 3.94600000e-04  1.57922207e-07 
 3.94700000e-04  1.57529452e-07 
 3.94800000e-04  1.57347156e-07 
 3.94900000e-04  1.57220714e-07 
 3.95000000e-04  1.57151767e-07 
 3.95100000e-04  1.68386980e-07 
 3.95200000e-04  1.68144661e-07 
 3.95300000e-04  1.68052944e-07 
 3.95400000e-04  1.67970529e-07 
 3.95500000e-04  1.67934506e-07 
 3.95600000e-04  1.54196665e-07 
 3.95700000e-04  1.53729504e-07 
 3.95800000e-04  1.53498883e-07 
 3.95900000e-04  1.53320082e-07 
 3.96000000e-04  1.53194614e-07 
 3.96100000e-04  1.69154216e-07 
 3.96200000e-04  1.68965905e-07 
 3.96300000e-04  1.68892680e-07 
 3.96400000e-04  1.68827807e-07 
 3.96500000e-04  1.68784189e-07 
 3.96600000e-04  1.56248737e-07 
 3.96700000e-04  1.55872948e-07 
 3.96800000e-04  1.55669619e-07 
 3.96900000e-04  1.55526439e-07 
 3.97000000e-04  1.55445189e-07 
 3.97100000e-04  1.68918054e-07 
 3.97200000e-04  1.68700714e-07 
 3.97300000e-04  1.68620036e-07 
 3.97400000e-04  1.68548794e-07 
 3.97500000e-04  1.68523644e-07 
 3.97600000e-04  1.54739130e-07 
 3.97700000e-04  1.54322300e-07 
 3.97800000e-04  1.54080093e-07 
 3.97900000e-04  1.53900092e-07 
 3.98000000e-04  1.53784134e-07 
 3.98100000e-04  1.70835994e-07 
 3.98200000e-04  1.70430009e-07 
 3.98300000e-04  1.70293202e-07 
 3.98400000e-04  1.70174587e-07 
 3.98500000e-04  1.70120218e-07 
 3.98600000e-04  1.60151620e-07 
 3.98700000e-04  1.59772341e-07 
 3.98800000e-04  1.59592436e-07 
 3.98900000e-04  1.59468968e-07 
 3.99000000e-04  1.59403594e-07 
 3.99100000e-04  1.68498521e-07 
 3.99200000e-04  1.68213555e-07 
 3.99300000e-04  1.68116074e-07 
 3.99400000e-04  1.68030803e-07 
 3.99500000e-04  1.67986567e-07 
 3.99600000e-04  1.54269693e-07 
 3.99700000e-04  1.53769393e-07 
 3.99800000e-04  1.53521386e-07 
 3.99900000e-04  1.53336705e-07 
 4.00000000e-04  1.53217226e-07 
 4.00100000e-04  1.69173488e-07 
 4.00200000e-04  1.68977066e-07 
 4.00300000e-04  1.68901998e-07 
 4.00400000e-04  1.68835972e-07 
 4.00500000e-04  1.68799508e-07 
 4.00600000e-04  1.56245392e-07 
 4.00700000e-04  1.55874746e-07 
 4.00800000e-04  1.55667895e-07 
 4.00900000e-04  1.55526220e-07 
 4.01000000e-04  1.55451655e-07 
 4.01100000e-04  1.68929355e-07 
 4.01200000e-04  1.68706235e-07 
 4.01300000e-04  1.68629738e-07 
 4.01400000e-04  1.68563642e-07 
 4.01500000e-04  1.68522920e-07 
 4.01600000e-04  1.54741444e-07 
 4.01700000e-04  1.54302364e-07 
 4.01800000e-04  1.54081674e-07 
 4.01900000e-04  1.53909415e-07 
 4.02000000e-04  1.53786987e-07 
 4.02100000e-04  1.70296099e-07 
 4.02200000e-04  1.70017537e-07 
 4.02300000e-04  1.69907909e-07 
 4.02400000e-04  1.69808952e-07 
 4.02500000e-04  1.69769167e-07 
 4.02600000e-04  1.58492206e-07 
 4.02700000e-04  1.58113727e-07 
 4.02800000e-04  1.57921222e-07 
 4.02900000e-04  1.57787274e-07 
 4.03000000e-04  1.57713604e-07 
 4.03100000e-04  1.69012511e-07 
 4.03200000e-04  1.68753444e-07 
 4.03300000e-04  1.68660019e-07 
 4.03400000e-04  1.68577580e-07 
 4.03500000e-04  1.68557521e-07 
 4.03600000e-04  1.54794965e-07 
 4.03700000e-04  1.54324153e-07 
 4.03800000e-04  1.54078872e-07 
 4.03900000e-04  1.53896443e-07 
 4.04000000e-04  1.53778723e-07 
 4.04100000e-04  1.69772630e-07 
 4.04200000e-04  1.69600032e-07 
 4.04300000e-04  1.69518453e-07 
 4.04400000e-04  1.69442631e-07 
 4.04500000e-04  1.69405577e-07 
 4.04600000e-04  1.56820557e-07 
 4.04700000e-04  1.56460476e-07 
 4.04800000e-04  1.56260450e-07 
 4.04900000e-04  1.56118253e-07 
 4.05000000e-04  1.56035586e-07 
 4.05100000e-04  1.69547369e-07 
 4.05200000e-04  1.69315633e-07 
 4.05300000e-04  1.69232059e-07 
 4.05400000e-04  1.69159185e-07 
 4.05500000e-04  1.69137971e-07 
 4.05600000e-04  1.55312341e-07 
 4.05700000e-04  1.54907694e-07 
 4.05800000e-04  1.54670319e-07 
 4.05900000e-04  1.54497338e-07 
 4.06000000e-04  1.54390655e-07 
 4.06100000e-04  1.71983987e-07 
 4.06200000e-04  1.71480823e-07 
 4.06300000e-04  1.71310084e-07 
 4.06400000e-04  1.71161064e-07 
 4.06500000e-04  1.71101904e-07 
 4.06600000e-04  1.62407929e-07 
 4.06700000e-04  1.62029277e-07 
 4.06800000e-04  1.61849280e-07 
 4.06900000e-04  1.61730905e-07 
 4.07000000e-04  1.61675960e-07 
 4.07100000e-04  1.68795416e-07 
 4.07200000e-04  1.68398457e-07 
 4.07300000e-04  1.68250717e-07 
 4.07400000e-04  1.68119741e-07 
 4.07500000e-04  1.68065126e-07 
 4.07600000e-04  1.54372359e-07 
 4.07700000e-04  1.53836456e-07 
 4.07800000e-04  1.53563267e-07 
 4.07900000e-04  1.53366060e-07 
 4.08000000e-04  1.53247104e-07 
 4.08100000e-04  1.69211183e-07 
 4.08200000e-04  1.69025309e-07 
 4.08300000e-04  1.68939476e-07 
 4.08400000e-04  1.68860752e-07 
 4.08500000e-04  1.68798407e-07 
 4.08600000e-04  1.56253437e-07 
 4.08700000e-04  1.55880582e-07 
 4.08800000e-04  1.55682286e-07 
 4.08900000e-04  1.55545727e-07 
 4.09000000e-04  1.55472723e-07 
 4.09100000e-04  1.68934601e-07 
 4.09200000e-04  1.68715225e-07 
 4.09300000e-04  1.68634658e-07 
 4.09400000e-04  1.68563826e-07 
 4.09500000e-04  1.68526808e-07 
 4.09600000e-04  1.54732524e-07 
 4.09700000e-04  1.54308681e-07 
 4.09800000e-04  1.54086546e-07 
 4.09900000e-04  1.53919123e-07 
 4.10000000e-04  1.53808010e-07 
 4.10100000e-04  1.70317957e-07 
 4.10200000e-04  1.70027635e-07 
 4.10300000e-04  1.69915597e-07 
 4.10400000e-04  1.69815630e-07 
 4.10500000e-04  1.69767074e-07 
 4.10600000e-04  1.58486323e-07 
 4.10700000e-04  1.58118831e-07 
 4.10800000e-04  1.57928085e-07 
 4.10900000e-04  1.57796109e-07 
 4.11000000e-04  1.57724624e-07 
 4.11100000e-04  1.69011559e-07 
 4.11200000e-04  1.68763040e-07 
 4.11300000e-04  1.68673071e-07 
 4.11400000e-04  1.68593470e-07 
 4.11500000e-04  1.68553545e-07 
 4.11600000e-04  1.54795218e-07 
 4.11700000e-04  1.54320192e-07 
 4.11800000e-04  1.54089821e-07 
 4.11900000e-04  1.53914577e-07 
 4.12000000e-04  1.53796062e-07 
 4.12100000e-04  1.69781470e-07 
 4.12200000e-04  1.69600714e-07 
 4.12300000e-04  1.69511970e-07 
 4.12400000e-04  1.69429305e-07 
 4.12500000e-04  1.69392353e-07 
 4.12600000e-04  1.56828841e-07 
 4.12700000e-04  1.56447316e-07 
 4.12800000e-04  1.56258385e-07 
 4.12900000e-04  1.56123608e-07 
 4.13000000e-04  1.56044560e-07 
 4.13100000e-04  1.69534923e-07 
 4.13200000e-04  1.69316355e-07 
 4.13300000e-04  1.69235595e-07 
 4.13400000e-04  1.69164466e-07 
 4.13500000e-04  1.69141830e-07 
 4.13600000e-04  1.55319454e-07 
 4.13700000e-04  1.54907146e-07 
 4.13800000e-04  1.54669536e-07 
 4.13900000e-04  1.54493443e-07 
 4.14000000e-04  1.54380668e-07 
 4.14100000e-04  1.71451374e-07 
 4.14200000e-04  1.71046345e-07 
 4.14300000e-04  1.70909125e-07 
 4.14400000e-04  1.70790044e-07 
 4.14500000e-04  1.70724635e-07 
 4.14600000e-04  1.60747156e-07 
 4.14700000e-04  1.60367873e-07 
 4.14800000e-04  1.60188333e-07 
 4.14900000e-04  1.60064922e-07 
 4.15000000e-04  1.59999271e-07 
 4.15100000e-04  1.69139230e-07 
 4.15200000e-04  1.68835197e-07 
 4.15300000e-04  1.68731495e-07 
 4.15400000e-04  1.68641278e-07 
 4.15500000e-04  1.68598552e-07 
 4.15600000e-04  1.54866135e-07 
 4.15700000e-04  1.54363272e-07 
 4.15800000e-04  1.54107691e-07 
 4.15900000e-04  1.53925293e-07 
 4.16000000e-04  1.53818256e-07 
 4.16100000e-04  1.69795869e-07 
 4.16200000e-04  1.69603685e-07 
 4.16300000e-04  1.69528598e-07 
 4.16400000e-04  1.69462366e-07 
 4.16500000e-04  1.69404041e-07 
 4.16600000e-04  1.56849513e-07 
 4.16700000e-04  1.56469702e-07 
 4.16800000e-04  1.56275204e-07 
 4.16900000e-04  1.56138502e-07 
 4.17000000e-04  1.56061283e-07 
 4.17100000e-04  1.69560355e-07 
 4.17200000e-04  1.69319934e-07 
 4.17300000e-04  1.69235507e-07 
 4.17400000e-04  1.69162788e-07 
 4.17500000e-04  1.69136718e-07 
 4.17600000e-04  1.55314102e-07 
 4.17700000e-04  1.54912812e-07 
 4.17800000e-04  1.54685810e-07 
 4.17900000e-04  1.54508109e-07 
 4.18000000e-04  1.54381123e-07 
 4.18100000e-04  1.70929607e-07 
 4.18200000e-04  1.70639448e-07 
 4.18300000e-04  1.70528892e-07 
 4.18400000e-04  1.70430352e-07 
 4.18500000e-04  1.70369778e-07 
 4.18600000e-04  1.59089245e-07 
 4.18700000e-04  1.58717343e-07 
 4.18800000e-04  1.58522992e-07 
 4.18900000e-04  1.58391264e-07 
 4.19000000e-04  1.58324003e-07 
 4.19100000e-04  1.69630690e-07 
 4.19200000e-04  1.69365021e-07 
 4.19300000e-04  1.69272439e-07 
 4.19400000e-04  1.69191536e-07 
 4.19500000e-04  1.69176187e-07 
 4.19600000e-04  1.55364473e-07 
 4.19700000e-04  1.54926599e-07 
 4.19800000e-04  1.54678565e-07 
 4.19900000e-04  1.54498058e-07 
 4.20000000e-04  1.54387070e-07 
 4.20100000e-04  1.70416897e-07 
 4.20200000e-04  1.70226278e-07 
 4.20300000e-04  1.70137751e-07 
 4.20400000e-04  1.70056664e-07 
 4.20500000e-04  1.70012719e-07 
 4.20600000e-04  1.57413570e-07 
 4.20700000e-04  1.57044953e-07 
 4.20800000e-04  1.56855193e-07 
 4.20900000e-04  1.56720470e-07 
 4.21000000e-04  1.56642376e-07 
 4.21100000e-04  1.70174231e-07 
 4.21200000e-04  1.69949909e-07 
 4.21300000e-04  1.69857259e-07 
 4.21400000e-04  1.69773807e-07 
 4.21500000e-04  1.69759291e-07 
 4.21600000e-04  1.55896319e-07 
 4.21700000e-04  1.55487321e-07 
 4.21800000e-04  1.55267756e-07 
 4.21900000e-04  1.55098857e-07 
 4.22000000e-04  1.54982075e-07 
 4.22100000e-04  1.73135210e-07 
 4.22200000e-04  1.72513884e-07 
 4.22300000e-04  1.72321719e-07 
 4.22400000e-04  1.72157813e-07 
 4.22500000e-04  1.72084900e-07 
 4.22600000e-04  1.64642963e-07 
 4.22700000e-04  1.64275507e-07 
 4.22800000e-04  1.64098204e-07 
 4.22900000e-04  1.63991303e-07 
 4.23000000e-04  1.63956884e-07 
 4.23100000e-04  1.69425942e-07 
 4.23200000e-04  1.68647343e-07 
 4.23300000e-04  1.68395525e-07 
 4.23400000e-04  1.68178738e-07 
 4.23500000e-04  1.68104625e-07 
 4.23600000e-04  1.54442565e-07 
 4.23700000e-04  1.53845107e-07 
 4.23800000e-04  1.53583239e-07 
 4.23900000e-04  1.53383095e-07 
 4.24000000e-04  1.53246479e-07 
 4.24100000e-04  1.69218416e-07 
 4.24200000e-04  1.69037376e-07 
 4.24300000e-04  1.68953141e-07 
 4.24400000e-04  1.68875400e-07 
 4.24500000e-04  1.68826966e-07 
 4.24600000e-04  1.56264893e-07 
 4.24700000e-04  1.55882361e-07 
 4.24800000e-04  1.55695660e-07 
 4.24900000e-04  1.55558950e-07 
 4.25000000e-04  1.55473657e-07 
 4.25100000e-04  1.68949755e-07 
 4.25200000e-04  1.68723775e-07 
 4.25300000e-04  1.68644274e-07 
 4.25400000e-04  1.68574982e-07 
 4.25500000e-04  1.68536646e-07 
 4.25600000e-04  1.54751638e-07 
 4.25700000e-04  1.54315134e-07 
 4.25800000e-04  1.54091993e-07 
 4.25900000e-04  1.53920338e-07 
 4.26000000e-04  1.53801647e-07 
 4.26100000e-04  1.70311000e-07 
 4.26200000e-04  1.70023823e-07 
 4.26300000e-04  1.69916440e-07 
 4.26400000e-04  1.69821222e-07 
 4.26500000e-04  1.69770392e-07 
 4.26600000e-04  1.58503289e-07 
 4.26700000e-04  1.58137852e-07 
 4.26800000e-04  1.57943094e-07 
 4.26900000e-04  1.57805267e-07 
 4.27000000e-04  1.57726014e-07 
 4.27100000e-04  1.69009871e-07 
 4.27200000e-04  1.68746206e-07 
 4.27300000e-04  1.68658013e-07 
 4.27400000e-04  1.68581684e-07 
 4.27500000e-04  1.68558200e-07 
 4.27600000e-04  1.54798043e-07 
 4.27700000e-04  1.54345269e-07 
 4.27800000e-04  1.54094087e-07 
 4.27900000e-04  1.53910019e-07 
 4.28000000e-04  1.53795035e-07 
 4.28100000e-04  1.69783251e-07 
 4.28200000e-04  1.69596688e-07 
 4.28300000e-04  1.69519457e-07 
 4.28400000e-04  1.69449988e-07 
 4.28500000e-04  1.69403619e-07 
 4.28600000e-04  1.56842702e-07 
 4.28700000e-04  1.56458453e-07 
 4.28800000e-04  1.56259988e-07 
 4.28900000e-04  1.56123837e-07 
 4.29000000e-04  1.56051815e-07 
 4.29100000e-04  1.69536509e-07 
 4.29200000e-04  1.69320817e-07 
 4.29300000e-04  1.69237399e-07 
 4.29400000e-04  1.69162862e-07 
 4.29500000e-04  1.69149521e-07 
 4.29600000e-04  1.55314227e-07 
 4.29700000e-04  1.54907604e-07 
 4.29800000e-04  1.54674693e-07 
 4.29900000e-04  1.54497155e-07 
 4.30000000e-04  1.54376579e-07 
 4.30100000e-04  1.71466451e-07 
 4.30200000e-04  1.71060429e-07 
 4.30300000e-04  1.70911960e-07 
 4.30400000e-04  1.70780910e-07 
 4.30500000e-04  1.70741716e-07 
 4.30600000e-04  1.60736728e-07 
 4.30700000e-04  1.60364988e-07 
 4.30800000e-04  1.60179719e-07 
 4.30900000e-04  1.60060855e-07 
 4.31000000e-04  1.60010337e-07 
 4.31100000e-04  1.69142671e-07 
 4.31200000e-04  1.68840893e-07 
 4.31300000e-04  1.68736196e-07 
 4.31400000e-04  1.68644785e-07 
 4.31500000e-04  1.68605518e-07 
 4.31600000e-04  1.54863799e-07 
 4.31700000e-04  1.54376619e-07 
 4.31800000e-04  1.54114788e-07 
 4.31900000e-04  1.53921934e-07 
 4.32000000e-04  1.53800080e-07 
 4.32100000e-04  1.69799763e-07 
 4.32200000e-04  1.69603648e-07 
 4.32300000e-04  1.69526202e-07 
 4.32400000e-04  1.69457435e-07 
 4.32500000e-04  1.69415304e-07 
 4.32600000e-04  1.56830767e-07 
 4.32700000e-04  1.56463075e-07 
 4.32800000e-04  1.56266428e-07 
 4.32900000e-04  1.56127563e-07 
 4.33000000e-04  1.56048149e-07 
 4.33100000e-04  1.69563861e-07 
 4.33200000e-04  1.69326673e-07 
 4.33300000e-04  1.69249445e-07 
 4.33400000e-04  1.69184000e-07 
 4.33500000e-04  1.69151921e-07 
 4.33600000e-04  1.55328002e-07 
 4.33700000e-04  1.54898377e-07 
 4.33800000e-04  1.54675228e-07 
 4.33900000e-04  1.54509278e-07 
 4.34000000e-04  1.54402180e-07 
 4.34100000e-04  1.70933889e-07 
 4.34200000e-04  1.70635982e-07 
 4.34300000e-04  1.70525037e-07 
 4.34400000e-04  1.70427039e-07 
 4.34500000e-04  1.70371368e-07 
 4.34600000e-04  1.59090107e-07 
 4.34700000e-04  1.58709145e-07 
 4.34800000e-04  1.58516297e-07 
 4.34900000e-04  1.58388311e-07 
 4.35000000e-04  1.58327079e-07 
 4.35100000e-04  1.69645194e-07 
 4.35200000e-04  1.69366283e-07 
 4.35300000e-04  1.69271484e-07 
 4.35400000e-04  1.69189522e-07 
 4.35500000e-04  1.69170183e-07 
 4.35600000e-04  1.55380110e-07 
 4.35700000e-04  1.54917011e-07 
 4.35800000e-04  1.54679835e-07 
 4.35900000e-04  1.54505097e-07 
 4.36000000e-04  1.54394613e-07 
 4.36100000e-04  1.70410086e-07 
 4.36200000e-04  1.70216102e-07 
 4.36300000e-04  1.70131348e-07 
 4.36400000e-04  1.70054466e-07 
 4.36500000e-04  1.70020042e-07 
 4.36600000e-04  1.57424220e-07 
 4.36700000e-04  1.57058522e-07 
 4.36800000e-04  1.56863308e-07 
 4.36900000e-04  1.56724440e-07 
 4.37000000e-04  1.56643541e-07 
 4.37100000e-04  1.70170394e-07 
 4.37200000e-04  1.69945673e-07 
 4.37300000e-04  1.69866227e-07 
 4.37400000e-04  1.69797033e-07 
 4.37500000e-04  1.69747495e-07 
 4.37600000e-04  1.55915983e-07 
 4.37700000e-04  1.55482445e-07 
 4.37800000e-04  1.55258994e-07 
 4.37900000e-04  1.55090739e-07 
 4.38000000e-04  1.54979265e-07 
 4.38100000e-04  1.72616804e-07 
 4.38200000e-04  1.72090532e-07 
 4.38300000e-04  1.71921410e-07 
 4.38400000e-04  1.71776866e-07 
 4.38500000e-04  1.71719017e-07 
 4.38600000e-04  1.62984023e-07 
 4.38700000e-04  1.62628377e-07 
 4.38800000e-04  1.62452909e-07 
 4.38900000e-04  1.62339760e-07 
 4.39000000e-04  1.62290736e-07 
 4.39100000e-04  1.69419818e-07 
 4.39200000e-04  1.69030458e-07 
 4.39300000e-04  1.68882209e-07 
 4.39400000e-04  1.68749820e-07 
 4.39500000e-04  1.68678620e-07 
 4.39600000e-04  1.54970652e-07 
 4.39700000e-04  1.54430534e-07 
 4.39800000e-04  1.54153986e-07 
 4.39900000e-04  1.53955042e-07 
 4.40000000e-04  1.53835991e-07 
 4.40100000e-04  1.69836237e-07 
 4.40200000e-04  1.69656321e-07 
 4.40300000e-04  1.69560666e-07 
 4.40400000e-04  1.69470573e-07 
 4.40500000e-04  1.69426936e-07 
 4.40600000e-04  1.56856795e-07 
 4.40700000e-04  1.56477893e-07 
 4.40800000e-04  1.56288366e-07 
 4.40900000e-04  1.56152983e-07 
 4.41000000e-04  1.56073291e-07 
 4.41100000e-04  1.69557128e-07 
 4.41200000e-04  1.69333206e-07 
 4.41300000e-04  1.69257189e-07 
 4.41400000e-04  1.69191661e-07 
 4.41500000e-04  1.69148118e-07 
 4.41600000e-04  1.55322072e-07 
 4.41700000e-04  1.54920002e-07 
 4.41800000e-04  1.54685310e-07 
 4.41900000e-04  1.54512350e-07 
 4.42000000e-04  1.54402905e-07 
 4.42100000e-04  1.70945736e-07 
 4.42200000e-04  1.70642105e-07 
 4.42300000e-04  1.70529106e-07 
 4.42400000e-04  1.70429440e-07 
 4.42500000e-04  1.70374040e-07 
 4.42600000e-04  1.59084360e-07 
 4.42700000e-04  1.58711860e-07 
 4.42800000e-04  1.58514805e-07 
 4.42900000e-04  1.58388115e-07 
 4.43000000e-04  1.58333847e-07 
 4.43100000e-04  1.69654684e-07 
 4.43200000e-04  1.69381840e-07 
 4.43300000e-04  1.69284713e-07 
 4.43400000e-04  1.69200062e-07 
 4.43500000e-04  1.69164004e-07 
 4.43600000e-04  1.55379552e-07 
 4.43700000e-04  1.54929878e-07 
 4.43800000e-04  1.54686694e-07 
 4.43900000e-04  1.54504867e-07 
 4.44000000e-04  1.54386168e-07 
 4.44100000e-04  1.70414085e-07 
 4.44200000e-04  1.70213445e-07 
 4.44300000e-04  1.70129200e-07 
 4.44400000e-04  1.70053675e-07 
 4.44500000e-04  1.70004503e-07 
 4.44600000e-04  1.57423734e-07 
 4.44700000e-04  1.57059010e-07 
 4.44800000e-04  1.56857319e-07 
 4.44900000e-04  1.56718773e-07 
 4.45000000e-04  1.56645196e-07 
 4.45100000e-04  1.70172625e-07 
 4.45200000e-04  1.69932025e-07 
 4.45300000e-04  1.69854103e-07 
 4.45400000e-04  1.69788101e-07 
 4.45500000e-04  1.69764933e-07 
 4.45600000e-04  1.55904487e-07 
 4.45700000e-04  1.55483470e-07 
 4.45800000e-04  1.55265639e-07 
 4.45900000e-04  1.55098789e-07 
 4.46000000e-04  1.54984360e-07 
 4.46100000e-04  1.72073041e-07 
 4.46200000e-04  1.71669532e-07 
 4.46300000e-04  1.71528969e-07 
 4.46400000e-04  1.71405616e-07 
 4.46500000e-04  1.71358636e-07 
 4.46600000e-04  1.61346397e-07 
 4.46700000e-04  1.60960616e-07 
 4.46800000e-04  1.60774747e-07 
 4.46900000e-04  1.60652109e-07 
 4.47000000e-04  1.60594531e-07 
 4.47100000e-04  1.69767672e-07 
 4.47200000e-04  1.69453920e-07 
 4.47300000e-04  1.69343280e-07 
 4.47400000e-04  1.69246662e-07 
 4.47500000e-04  1.69217840e-07 
 4.47600000e-04  1.55448494e-07 
 4.47700000e-04  1.54942495e-07 
 4.47800000e-04  1.54703749e-07 
 4.47900000e-04  1.54528176e-07 
 4.48000000e-04  1.54417602e-07 
 4.48100000e-04  1.70435944e-07 
 4.48200000e-04  1.70238120e-07 
 4.48300000e-04  1.70151726e-07 
 4.48400000e-04  1.70073864e-07 
 4.48500000e-04  1.70019629e-07 
 4.48600000e-04  1.57438465e-07 
 4.48700000e-04  1.57059352e-07 
 4.48800000e-04  1.56873223e-07 
 4.48900000e-04  1.56734510e-07 
 4.49000000e-04  1.56644536e-07 
 4.49100000e-04  1.70181665e-07 
 4.49200000e-04  1.69941253e-07 
 4.49300000e-04  1.69856256e-07 
 4.49400000e-04  1.69782861e-07 
 4.49500000e-04  1.69754430e-07 
 4.49600000e-04  1.55925446e-07 
 4.49700000e-04  1.55494024e-07 
 4.49800000e-04  1.55270916e-07 
 4.49900000e-04  1.55103848e-07 
 4.50000000e-04  1.54994421e-07 
 4.50100000e-04  1.71549846e-07 
 4.50200000e-04  1.71249563e-07 
 4.50300000e-04  1.71138215e-07 
 4.50400000e-04  1.71039632e-07 
 4.50500000e-04  1.70985746e-07 
 4.50600000e-04  1.59671620e-07 
 4.50700000e-04  1.59296139e-07 
 4.50800000e-04  1.59112839e-07 
 4.50900000e-04  1.58989812e-07 
 4.51000000e-04  1.58928788e-07 
 4.51100000e-04  1.70253703e-07 
 4.51200000e-04  1.69989143e-07 
 4.51300000e-04  1.69902565e-07 
 4.51400000e-04  1.69828146e-07 
 4.51500000e-04  1.69783547e-07 
 4.51600000e-04  1.55973551e-07 
 4.51700000e-04  1.55522961e-07 
 4.51800000e-04  1.55276157e-07 
 4.51900000e-04  1.55094476e-07 
 4.52000000e-04  1.54979798e-07 
 4.52100000e-04  1.71041085e-07 
 4.52200000e-04  1.70840593e-07 
 4.52300000e-04  1.70752759e-07 
 4.52400000e-04  1.70673385e-07 
 4.52500000e-04  1.70632212e-07 
 4.52600000e-04  1.58007905e-07 
 4.52700000e-04  1.57648223e-07 
 4.52800000e-04  1.57457042e-07 
 4.52900000e-04  1.57324561e-07 
 4.53000000e-04  1.57252455e-07 
 4.53100000e-04  1.70804449e-07 
 4.53200000e-04  1.70573628e-07 
 4.53300000e-04  1.70483000e-07 
 4.53400000e-04  1.70402176e-07 
 4.53500000e-04  1.70379628e-07 
 4.53600000e-04  1.56502523e-07 
 4.53700000e-04  1.56074679e-07 
 4.53800000e-04  1.55850750e-07 
 4.53900000e-04  1.55684937e-07 
 4.54000000e-04  1.55578899e-07 
 4.54100000e-04  1.74306882e-07 
 4.54200000e-04  1.73567640e-07 
 4.54300000e-04  1.73332841e-07 
 4.54400000e-04  1.73131670e-07 
 4.54500000e-04  1.73071125e-07 
 4.54600000e-04  1.66905537e-07 
 4.54700000e-04  1.66541382e-07 
 4.54800000e-04  1.66372714e-07 
 4.54900000e-04  1.66271997e-07 
 4.55000000e-04  1.66241200e-07 
 4.55100000e-04  1.69589355e-07 
 4.55200000e-04  1.68632099e-07 
 4.55300000e-04  1.68382611e-07 
 4.55400000e-04  1.68178896e-07 
 4.55500000e-04  1.68085379e-07 
 4.55600000e-04  1.54469036e-07 
 4.55700000e-04  1.53846974e-07 
 4.55800000e-04  1.53578212e-07 
 4.55900000e-04  1.53373570e-07 
 4.56000000e-04  1.53234897e-07 
 4.56100000e-04  1.69226052e-07 
 4.56200000e-04  1.69027252e-07 
 4.56300000e-04  1.68943857e-07 
 4.56400000e-04  1.68869074e-07 
 4.56500000e-04  1.68833534e-07 
 4.56600000e-04  1.56253818e-07 
 4.56700000e-04  1.55882599e-07 
 4.56800000e-04  1.55686112e-07 
 4.56900000e-04  1.55549541e-07 
 4.57000000e-04  1.55474599e-07 
 4.57100000e-04  1.68952961e-07 
 4.57200000e-04  1.68725483e-07 
 4.57300000e-04  1.68644867e-07 
 4.57400000e-04  1.68574914e-07 
 4.57500000e-04  1.68550192e-07 
 4.57600000e-04  1.54739560e-07 
 4.57700000e-04  1.54323168e-07 
 4.57800000e-04  1.54101057e-07 
 4.57900000e-04  1.53929862e-07 
 4.58000000e-04  1.53811005e-07 
 4.58100000e-04  1.70311929e-07 
 4.58200000e-04  1.70012442e-07 
 4.58300000e-04  1.69903920e-07 
 4.58400000e-04  1.69808373e-07 
 4.58500000e-04  1.69774800e-07 
 4.58600000e-04  1.58510583e-07 
 4.58700000e-04  1.58126459e-07 
 4.58800000e-04  1.57938359e-07 
 4.58900000e-04  1.57804422e-07 
 4.59000000e-04  1.57726173e-07 
 4.59100000e-04  1.69014417e-07 
 4.59200000e-04  1.68766927e-07 
 4.59300000e-04  1.68677350e-07 
 4.59400000e-04  1.68597912e-07 
 4.59500000e-04  1.68564901e-07 
 4.59600000e-04  1.54782610e-07 
 4.59700000e-04  1.54342296e-07 
 4.59800000e-04  1.54101229e-07 
 4.59900000e-04  1.53923158e-07 
 4.60000000e-04  1.53809889e-07 
 4.60100000e-04  1.69784364e-07 
 4.60200000e-04  1.69594354e-07 
 4.60300000e-04  1.69510344e-07 
 4.60400000e-04  1.69433749e-07 
 4.60500000e-04  1.69408192e-07 
 4.60600000e-04  1.56827300e-07 
 4.60700000e-04  1.56461718e-07 
 4.60800000e-04  1.56275062e-07 
 4.60900000e-04  1.56139357e-07 
 4.61000000e-04  1.56056032e-07 
 4.61100000e-04  1.69537957e-07 
 4.61200000e-04  1.69308519e-07 
 4.61300000e-04  1.69234296e-07 
 4.61400000e-04  1.69171102e-07 
 4.61500000e-04  1.69134570e-07 
 4.61600000e-04  1.55319607e-07 
 4.61700000e-04  1.54891449e-07 
 4.61800000e-04  1.54670777e-07 
 4.61900000e-04  1.54501602e-07 
 4.62000000e-04  1.54385361e-07 
 4.62100000e-04  1.71461289e-07 
 4.62200000e-04  1.71051967e-07 
 4.62300000e-04  1.70915133e-07 
 4.62400000e-04  1.70797030e-07 
 4.62500000e-04  1.70749390e-07 
 4.62600000e-04  1.60748925e-07 
 4.62700000e-04  1.60374868e-07 
 4.62800000e-04  1.60191127e-07 
 4.62900000e-04  1.60067943e-07 
 4.63000000e-04  1.60007044e-07 
 4.63100000e-04  1.69132622e-07 
 4.63200000e-04  1.68839725e-07 
 4.63300000e-04  1.68736613e-07 
 4.63400000e-04  1.68645733e-07 
 4.63500000e-04  1.68590786e-07 
 4.63600000e-04  1.54871349e-07 
 4.63700000e-04  1.54369404e-07 
 4.63800000e-04  1.54116266e-07 
 4.63900000e-04  1.53925277e-07 
 4.64000000e-04  1.53798215e-07 
 4.64100000e-04  1.69800652e-07 
 4.64200000e-04  1.69609206e-07 
 4.64300000e-04  1.69525019e-07 
 4.64400000e-04  1.69448672e-07 
 4.64500000e-04  1.69417340e-07 
 4.64600000e-04  1.56841683e-07 
 4.64700000e-04  1.56455638e-07 
 4.64800000e-04  1.56268041e-07 
 4.64900000e-04  1.56137199e-07 
 4.65000000e-04  1.56064715e-07 
 4.65100000e-04  1.69547795e-07 
 4.65200000e-04  1.69325321e-07 
 4.65300000e-04  1.69248121e-07 
 4.65400000e-04  1.69181046e-07 
 4.65500000e-04  1.69139448e-07 
 4.65600000e-04  1.55329141e-07 
 4.65700000e-04  1.54917609e-07 
 4.65800000e-04  1.54686119e-07 
 4.65900000e-04  1.54509862e-07 
 4.66000000e-04  1.54390200e-07 
 4.66100000e-04  1.73143559e-07 
 4.66200000e-04  1.72349609e-07 
 4.66300000e-04  1.72103551e-07 
 4.66400000e-04  1.71996570e-07 
 4.66500000e-04  1.71934530e-07 
 4.66600000e-04  1.60185166e-07 
 4.66700000e-04  1.59657791e-07 
 4.66800000e-04  1.59411923e-07 
 4.66900000e-04  1.59233718e-07 
 4.67000000e-04  1.59124422e-07 
 4.67100000e-04  1.03756564e-04 
 4.67200000e-04  1.03756117e-04 
 4.67300000e-04  1.03755981e-04 
 4.67400000e-04  1.03755864e-04 
 4.67500000e-04  1.03755826e-04 
 4.67600000e-04  1.03742043e-04 
 4.67700000e-04  1.03741584e-04 
 4.67800000e-04  1.03741337e-04 
 4.67900000e-04  1.03741150e-04 
 4.68000000e-04  1.03741025e-04 
 4.68100000e-04  1.71573292e-07 
 4.68200000e-04  1.71336168e-07 
 4.68300000e-04  1.71243098e-07 
 4.68400000e-04  1.71160300e-07 
 4.68500000e-04  1.71114342e-07 
 4.68600000e-04  1.58519913e-07 
 4.68700000e-04  1.58140747e-07 
 4.68800000e-04  1.57939104e-07 
 4.68900000e-04  1.57806128e-07 
 4.69000000e-04  1.57743798e-07 
 4.69100000e-04  1.71318723e-07 
 4.69200000e-04  1.71097993e-07 
 4.69300000e-04  1.71006524e-07 
 4.69400000e-04  1.70923947e-07 
 4.69500000e-04  1.70897420e-07 
 4.69600000e-04  1.57001139e-07 
 4.69700000e-04  1.56592740e-07 
 4.69800000e-04  1.56371616e-07 
 4.69900000e-04  1.56196741e-07 
 4.70000000e-04  1.56069380e-07 
 4.70100000e-04  1.73761343e-07 
 4.70200000e-04  1.73243709e-07 
 4.70300000e-04  1.73066663e-07 
 4.70400000e-04  1.72911954e-07 
 4.70500000e-04  1.72860968e-07 
 4.70600000e-04  1.64060607e-07 
 4.70700000e-04  1.63708725e-07 
 4.70800000e-04  1.63538451e-07 
 4.70900000e-04  1.63431098e-07 
 4.71000000e-04  1.63388457e-07 
 4.71100000e-04  1.70575282e-07 
 4.71200000e-04  1.70177766e-07 
 4.71300000e-04  1.70021467e-07 
 4.71400000e-04  1.69881076e-07 
 4.71500000e-04  1.69823727e-07 
 4.71600000e-04  1.56030634e-07 
 4.71700000e-04  1.55505832e-07 
 4.71800000e-04  1.55245420e-07 
 4.71900000e-04  1.55051187e-07 
 4.72000000e-04  1.54925029e-07 
 4.72100000e-04  1.70979380e-07 
 4.72200000e-04  1.70789691e-07 
 4.72300000e-04  1.70697593e-07 
 4.72400000e-04  1.70612024e-07 
 4.72500000e-04  1.70560683e-07 
 4.72600000e-04  1.57916153e-07 
 4.72700000e-04  1.57565761e-07 
 4.72800000e-04  1.57367373e-07 
 4.72900000e-04  1.57225209e-07 
 4.73000000e-04  1.57140846e-07 
 4.73100000e-04  1.70722177e-07 
 4.73200000e-04  1.70478363e-07 
 4.73300000e-04  1.70392912e-07 
 4.73400000e-04  1.70319137e-07 
 4.73500000e-04  1.70283796e-07 
 4.73600000e-04  1.56398371e-07 
 4.73700000e-04  1.55989637e-07 
 4.73800000e-04  1.55763708e-07 
 4.73900000e-04  1.55591610e-07 
 4.74000000e-04  1.55474847e-07 
 4.74100000e-04  1.72085517e-07 
 4.74200000e-04  1.71776743e-07 
 4.74300000e-04  1.71662861e-07 
 4.74400000e-04  1.71562507e-07 
 4.74500000e-04  1.71511039e-07 
 4.74600000e-04  1.60160842e-07 
 4.74700000e-04  1.59787935e-07 
 4.74800000e-04  1.59609578e-07 
 4.74900000e-04  1.59488112e-07 
 4.75000000e-04  1.59425134e-07 
 4.75100000e-04  1.70774978e-07 
 4.75200000e-04  1.70511129e-07 
 4.75300000e-04  1.70418117e-07 
 4.75400000e-04  1.70336385e-07 
 4.75500000e-04  1.70306335e-07 
 4.75600000e-04  1.56455822e-07 
 4.75700000e-04  1.55996516e-07 
 4.75800000e-04  1.55764440e-07 
 4.75900000e-04  1.55588200e-07 
 4.76000000e-04  1.55469362e-07 
 4.76100000e-04  1.71549402e-07 
 4.76200000e-04  1.71355403e-07 
 4.76300000e-04  1.71270139e-07 
 4.76400000e-04  1.71192333e-07 
 4.76500000e-04  1.71159542e-07 
 4.76600000e-04  1.58493945e-07 
 4.76700000e-04  1.58121537e-07 
 4.76800000e-04  1.57934044e-07 
 4.76900000e-04  1.57802444e-07 
 4.77000000e-04  1.57728298e-07 
 4.77100000e-04  1.71329311e-07 
 4.77200000e-04  1.71078396e-07 
 4.77300000e-04  1.70993776e-07 
 4.77400000e-04  1.70921666e-07 
 4.77500000e-04  1.70883605e-07 
 4.77600000e-04  1.56989133e-07 
 4.77700000e-04  1.56573942e-07 
 4.77800000e-04  1.56348830e-07 
 4.77900000e-04  1.56182308e-07 
 4.78000000e-04  1.56076030e-07 
 4.78100000e-04  1.73225645e-07 
 4.78200000e-04  1.72811185e-07 
 4.78300000e-04  1.72664076e-07 
 4.78400000e-04  1.72535126e-07 
 4.78500000e-04  1.72488460e-07 
 4.78600000e-04  1.62393256e-07 
 4.78700000e-04  1.62044292e-07 
 4.78800000e-04  1.61860858e-07 
 4.78900000e-04  1.61741945e-07 
 4.79000000e-04  1.61689396e-07 
 4.79100000e-04  1.70900983e-07 
 4.79200000e-04  1.70600842e-07 
 4.79300000e-04  1.70487546e-07 
 4.79400000e-04  1.70386469e-07 
 4.79500000e-04  1.70343982e-07 
 4.79600000e-04  1.56518503e-07 
 4.79700000e-04  1.56033953e-07 
 4.79800000e-04  1.55788382e-07 
 4.79900000e-04  1.55605550e-07 
 4.80000000e-04  1.55487236e-07 
 4.80100000e-04  1.71573794e-07 
 4.80200000e-04  1.71376669e-07 
 4.80300000e-04  1.71288025e-07 
 4.80400000e-04  1.71207200e-07 
 4.80500000e-04  1.71160249e-07 
 4.80600000e-04  1.58503498e-07 
 4.80700000e-04  1.58134680e-07 
 4.80800000e-04  1.57950096e-07 
 4.80900000e-04  1.57817751e-07 
 4.81000000e-04  1.57739091e-07 
 4.81100000e-04  1.71324265e-07 
 4.81200000e-04  1.71091955e-07 
 4.81300000e-04  1.71003409e-07 
 4.81400000e-04  1.70925262e-07 
 4.81500000e-04  1.70890230e-07 
 4.81600000e-04  1.56988337e-07 
 4.81700000e-04  1.56561863e-07 
 4.81800000e-04  1.56349848e-07 
 4.81900000e-04  1.56181717e-07 
 4.82000000e-04  1.56058650e-07 
 4.82100000e-04  1.72697325e-07 
 4.82200000e-04  1.72394210e-07 
 4.82300000e-04  1.72282875e-07 
 4.82400000e-04  1.72184465e-07 
 4.82500000e-04  1.72120245e-07 
 4.82600000e-04  1.60739659e-07 
 4.82700000e-04  1.60374155e-07 
 4.82800000e-04  1.60197572e-07 
 4.82900000e-04  1.60072973e-07 
 4.83000000e-04  1.60001793e-07 
 4.83100000e-04  1.71406261e-07 
 4.83200000e-04  1.71144115e-07 
 4.83300000e-04  1.71039786e-07 
 4.83400000e-04  1.70945634e-07 
 4.83500000e-04  1.70916004e-07 
 4.83600000e-04  1.57041420e-07 
 4.83700000e-04  1.56584070e-07 
 4.83800000e-04  1.56351642e-07 
 4.83900000e-04  1.56179699e-07 
 4.84000000e-04  1.56069945e-07 
 4.84100000e-04  1.72171647e-07 
 4.84200000e-04  1.71965990e-07 
 4.84300000e-04  1.71880309e-07 
 4.84400000e-04  1.71803705e-07 
 4.84500000e-04  1.71758656e-07 
 4.84600000e-04  1.59060138e-07 
 4.84700000e-04  1.58716137e-07 
 4.84800000e-04  1.58533692e-07 
 4.84900000e-04  1.58407165e-07 
 4.85000000e-04  1.58338121e-07 
 4.85100000e-04  1.71942408e-07 
 4.85200000e-04  1.71707250e-07 
 4.85300000e-04  1.71615288e-07 
 4.85400000e-04  1.71533277e-07 
 4.85500000e-04  1.71498131e-07 
 4.85600000e-04  1.57569301e-07 
 4.85700000e-04  1.57163445e-07 
 4.85800000e-04  1.56936295e-07 
 4.85900000e-04  1.56772815e-07 
 4.86000000e-04  1.56674812e-07 
 4.86100000e-04  1.74904818e-07 
 4.86200000e-04  1.74271726e-07 
 4.86300000e-04  1.74078660e-07 
 4.86400000e-04  1.73915013e-07 
 4.86500000e-04  1.73827658e-07 
 4.86600000e-04  1.66321510e-07 
 4.86700000e-04  1.65956517e-07 
 4.86800000e-04  1.65788576e-07 
 4.86900000e-04  1.65685705e-07 
 4.87000000e-04  1.65649745e-07 
 4.87100000e-04  1.71208042e-07 
 4.87200000e-04  1.70398375e-07 
 4.87300000e-04  1.70149392e-07 
 4.87400000e-04  1.69938438e-07 
 4.87500000e-04  1.69848900e-07 
 4.87600000e-04  1.56110150e-07 
 4.87700000e-04  1.55526044e-07 
 4.87800000e-04  1.55254526e-07 
 4.87900000e-04  1.55058336e-07 
 4.88000000e-04  1.54939649e-07 
 4.88100000e-04  1.71001547e-07 
 4.88200000e-04  1.70794011e-07 
 4.88300000e-04  1.70707418e-07 
 4.88400000e-04  1.70629750e-07 
 4.88500000e-04  1.70570523e-07 
 4.88600000e-04  1.57918873e-07 
 4.88700000e-04  1.57550274e-07 
 4.88800000e-04  1.57362716e-07 
 4.88900000e-04  1.57229422e-07 
 4.89000000e-04  1.57152162e-07 
 4.89100000e-04  1.70876785e-07 
 4.89200000e-04  1.70547130e-07 
 4.89300000e-04  1.70419029e-07 
 4.89400000e-04  1.70358505e-07 
 4.89500000e-04  1.70299369e-07 
 4.89600000e-04  1.56413654e-07 
 4.89700000e-04  1.56005945e-07 
 4.89800000e-04  1.55778534e-07 
 4.89900000e-04  1.55609183e-07 
 4.90000000e-04  1.55499549e-07 
 4.90100000e-04  1.72082802e-07 
 4.90200000e-04  1.71781255e-07 
 4.90300000e-04  1.71668029e-07 
 4.90400000e-04  1.71567999e-07 
 4.90500000e-04  1.71507820e-07 
 4.90600000e-04  1.60163691e-07 
 4.90700000e-04  1.59788853e-07 
 4.90800000e-04  1.59607984e-07 
 4.90900000e-04  1.59480817e-07 
 4.91000000e-04  1.59408891e-07 
 4.91100000e-04  1.70780022e-07 
 4.91200000e-04  1.70518020e-07 
 4.91300000e-04  1.70423520e-07 
 4.91400000e-04  1.70339758e-07 
 4.91500000e-04  1.70310691e-07 
 4.91600000e-04  1.56443138e-07 
 4.91700000e-04  1.55993182e-07 
 4.91800000e-04  1.55765853e-07 
 4.91900000e-04  1.55596837e-07 
 4.92000000e-04  1.55487843e-07 
 4.92100000e-04  1.71554237e-07 
 4.92200000e-04  1.71354748e-07 
 4.92300000e-04  1.71268059e-07 
 4.92400000e-04  1.71189710e-07 
 4.92500000e-04  1.71139950e-07 
 4.92600000e-04  1.58490134e-07 
 4.92700000e-04  1.58132795e-07 
 4.92800000e-04  1.57946128e-07 
 4.92900000e-04  1.57814445e-07 
 4.93000000e-04  1.57739368e-07 
 4.93100000e-04  1.71317159e-07 
 4.93200000e-04  1.71080158e-07 
 4.93300000e-04  1.70995582e-07 
 4.93400000e-04  1.70922067e-07 
 4.93500000e-04  1.70880432e-07 
 4.93600000e-04  1.56966730e-07 
 4.93700000e-04  1.56566705e-07 
 4.93800000e-04  1.56340691e-07 
 4.93900000e-04  1.56176488e-07 
 4.94000000e-04  1.56076083e-07 
 4.94100000e-04  1.73658285e-07 
 4.94200000e-04  1.73012473e-07 
 4.94300000e-04  1.72816882e-07 
 4.94400000e-04  1.72749510e-07 
 4.94500000e-04  1.72708382e-07 
 4.94600000e-04  1.62685036e-07 
 4.94700000e-04  1.62339545e-07 
 4.94800000e-04  1.62150814e-07 
 4.94900000e-04  1.62003098e-07 
 4.95000000e-04  1.61897614e-07 
 4.95100000e-04  1.70914415e-07 
 4.95200000e-04  1.70603327e-07 
 4.95300000e-04  1.70493290e-07 
 4.95400000e-04  1.70397049e-07 
 4.95500000e-04  1.70335969e-07 
 4.95600000e-04  1.56527660e-07 
 4.95700000e-04  1.56036503e-07 
 4.95800000e-04  1.55795150e-07 
 4.95900000e-04  1.55615257e-07 
 4.96000000e-04  1.55498711e-07 
 4.96100000e-04  1.71571342e-07 
 4.96200000e-04  1.71369027e-07 
 4.96300000e-04  1.71285752e-07 
 4.96400000e-04  1.71211269e-07 
 4.96500000e-04  1.71155637e-07 
 4.96600000e-04  1.58495207e-07 
 4.96700000e-04  1.58128456e-07 
 4.96800000e-04  1.57945489e-07 
 4.96900000e-04  1.57812349e-07 
 4.97000000e-04  1.57730579e-07 
 4.97100000e-04  1.71332807e-07 
 4.97200000e-04  1.71086914e-07 
 4.97300000e-04  1.71003377e-07 
 4.97400000e-04  1.70931828e-07 
 4.97500000e-04  1.70901541e-07 
 4.97600000e-04  1.56974285e-07 
 4.97700000e-04  1.56574428e-07 
 4.97800000e-04  1.56357550e-07 
 4.97900000e-04  1.56186452e-07 
 4.98000000e-04  1.56062566e-07 
 4.98100000e-04  1.72694752e-07 
 4.98200000e-04  1.72392101e-07 
 4.98300000e-04  1.72280258e-07 
 4.98400000e-04  1.72181657e-07 
 4.98500000e-04  1.72131783e-07 
 4.98600000e-04  1.60731859e-07 
 4.98700000e-04  1.60374933e-07 
 4.98800000e-04  1.60196115e-07 
 4.98900000e-04  1.60071159e-07 
 4.99000000e-04  1.60001772e-07 
 4.99100000e-04  1.71411089e-07 
 4.99200000e-04  1.71128925e-07 
 4.99300000e-04  1.71032798e-07 
 4.99400000e-04  1.70949556e-07 
 4.99500000e-04  1.70914765e-07 
 4.99600000e-04  1.57022325e-07 
 4.99700000e-04  1.56583275e-07 
 4.99800000e-04  1.56351461e-07 
 4.99900000e-04  1.56181117e-07 
 5.00000000e-04  1.56074194e-07 
 5.00100000e-04  1.72171268e-07 
 5.00200000e-04  1.71970025e-07 
 5.00300000e-04  1.71891467e-07 
 5.00400000e-04  1.71822191e-07 
 5.00500000e-04  1.71754218e-07 
 5.00600000e-04  1.59071158e-07 
 5.00700000e-04  1.58720331e-07 
 5.00800000e-04  1.58531040e-07 
 5.00900000e-04  1.58395016e-07 
 5.01000000e-04  1.58313946e-07 
 5.01100000e-04  1.71944808e-07 
 5.01200000e-04  1.71714484e-07 
 5.01300000e-04  1.71618154e-07 
 5.01400000e-04  1.71531037e-07 
 5.01500000e-04  1.71492815e-07 
 5.01600000e-04  1.57575770e-07 
 5.01700000e-04  1.57165685e-07 
 5.01800000e-04  1.56935492e-07 
 5.01900000e-04  1.56770016e-07 
 5.02000000e-04  1.56671311e-07 
 5.02100000e-04  1.74391758e-07 
 5.02200000e-04  1.73856075e-07 
 5.02300000e-04  1.73681628e-07 
 5.02400000e-04  1.73531778e-07 
 5.02500000e-04  1.73465125e-07 
 5.02600000e-04  1.64642691e-07 
 5.02700000e-04  1.64282013e-07 
 5.02800000e-04  1.64110191e-07 
 5.02900000e-04  1.64003132e-07 
 5.03000000e-04  1.63962890e-07 
 5.03100000e-04  1.71190878e-07 
 5.03200000e-04  1.70788906e-07 
 5.03300000e-04  1.70634344e-07 
 5.03400000e-04  1.70496128e-07 
 5.03500000e-04  1.70426022e-07 
 5.03600000e-04  1.56628187e-07 
 5.03700000e-04  1.56088158e-07 
 5.03800000e-04  1.55832863e-07 
 5.03900000e-04  1.55642126e-07 
 5.04000000e-04  1.55517991e-07 
 5.04100000e-04  1.71610609e-07 
 5.04200000e-04  1.71411179e-07 
 5.04300000e-04  1.71314462e-07 
 5.04400000e-04  1.71224725e-07 
 5.04500000e-04  1.71183152e-07 
 5.04600000e-04  1.58515227e-07 
 5.04700000e-04  1.58147564e-07 
 5.04800000e-04  1.57953512e-07 
 5.04900000e-04  1.57818791e-07 
 5.05000000e-04  1.57745282e-07 
 5.05100000e-04  1.71336755e-07 
 5.05200000e-04  1.71099898e-07 
 5.05300000e-04  1.71012789e-07 
 5.05400000e-04  1.70936628e-07 
 5.05500000e-04  1.70897155e-07 
 5.05600000e-04  1.56995127e-07 
 5.05700000e-04  1.56583199e-07 
 5.05800000e-04  1.56353396e-07 
 5.05900000e-04  1.56182993e-07 
 5.06000000e-04  1.56073871e-07 
 5.06100000e-04  1.72702279e-07 
 5.06200000e-04  1.72409224e-07 
 5.06300000e-04  1.72287019e-07 
 5.06400000e-04  1.72175598e-07 
 5.06500000e-04  1.72115500e-07 
 5.06600000e-04  1.60734343e-07 
 5.06700000e-04  1.60378356e-07 
 5.06800000e-04  1.60194345e-07 
 5.06900000e-04  1.60069350e-07 
 5.07000000e-04  1.60005241e-07 
 5.07100000e-04  1.71413160e-07 
 5.07200000e-04  1.71148146e-07 
 5.07300000e-04  1.71051593e-07 
 5.07400000e-04  1.70966327e-07 
 5.07500000e-04  1.70927793e-07 
 5.07600000e-04  1.57028028e-07 
 5.07700000e-04  1.56579778e-07 
 5.07800000e-04  1.56364731e-07 
 5.07900000e-04  1.56194656e-07 
 5.08000000e-04  1.56070979e-07 
 5.08100000e-04  1.72179514e-07 
 5.08200000e-04  1.71992380e-07 
 5.08300000e-04  1.71903633e-07 
 5.08400000e-04  1.71821403e-07 
 5.08500000e-04  1.71761785e-07 
 5.08600000e-04  1.59067285e-07 
 5.08700000e-04  1.58724055e-07 
 5.08800000e-04  1.58538872e-07 
 5.08900000e-04  1.58406767e-07 
 5.09000000e-04  1.58329426e-07 
 5.09100000e-04  1.71943330e-07 
 5.09200000e-04  1.71710614e-07 
 5.09300000e-04  1.71616934e-07 
 5.09400000e-04  1.71533159e-07 
 5.09500000e-04  1.71517874e-07 
 5.09600000e-04  1.57578228e-07 
 5.09700000e-04  1.57167781e-07 
 5.09800000e-04  1.56938153e-07 
 5.09900000e-04  1.56768733e-07 
 5.10000000e-04  1.56661432e-07 
 5.10100000e-04  1.73850764e-07 
 5.10200000e-04  1.73432343e-07 
 5.10300000e-04  1.73293451e-07 
 5.10400000e-04  1.73173454e-07 
 5.10500000e-04  1.73111912e-07 
 5.10600000e-04  1.62982377e-07 
 5.10700000e-04  1.62628864e-07 
 5.10800000e-04  1.62455906e-07 
 5.10900000e-04  1.62345127e-07 
 5.11000000e-04  1.62298498e-07 
 5.11100000e-04  1.71534183e-07 
 5.11200000e-04  1.71229720e-07 
 5.11300000e-04  1.71119935e-07 
 5.11400000e-04  1.71022660e-07 
 5.11500000e-04  1.70970431e-07 
 5.11600000e-04  1.57117880e-07 
 5.11700000e-04  1.56613324e-07 
 5.11800000e-04  1.56374284e-07 
 5.11900000e-04  1.56200844e-07 
 5.12000000e-04  1.56095085e-07 
 5.12100000e-04  1.72200644e-07 
 5.12200000e-04  1.71992135e-07 
 5.12300000e-04  1.71900106e-07 
 5.12400000e-04  1.71816425e-07 
 5.12500000e-04  1.71777122e-07 
 5.12600000e-04  1.59088397e-07 
 5.12700000e-04  1.58737003e-07 
 5.12800000e-04  1.58545131e-07 
 5.12900000e-04  1.58406256e-07 
 5.13000000e-04  1.58322059e-07 
 5.13100000e-04  1.71957607e-07 
 5.13200000e-04  1.71720928e-07 
 5.13300000e-04  1.71625713e-07 
 5.13400000e-04  1.71540514e-07 
 5.13500000e-04  1.71511630e-07 
 5.13600000e-04  1.57574036e-07 
 5.13700000e-04  1.57170057e-07 
 5.13800000e-04  1.56949159e-07 
 5.13900000e-04  1.56778514e-07 
 5.14000000e-04  1.56659718e-07 
 5.14100000e-04  1.75543535e-07 
 5.14200000e-04  1.74746260e-07 
 5.14300000e-04  1.74484714e-07 
 5.14400000e-04  1.74373416e-07 
 5.14500000e-04  1.74310668e-07 
 5.14600000e-04  1.62426397e-07 
 5.14700000e-04  1.61926321e-07 
 5.14800000e-04  1.61685812e-07 
 5.14900000e-04  1.61508114e-07 
 5.15000000e-04  1.61394570e-07 
 5.15100000e-04  1.03758971e-04 
 5.15200000e-04  1.03758514e-04 
 5.15300000e-04  1.03758373e-04 
 5.15400000e-04  1.03758251e-04 
 5.15500000e-04  1.03758216e-04 
 5.15600000e-04  1.03744317e-04 
 5.15700000e-04  1.03743841e-04 
 5.15800000e-04  1.03743609e-04 
 5.15900000e-04  1.03743437e-04 
 5.16000000e-04  1.03743325e-04 
 5.16100000e-04  1.73988890e-07 
 5.16200000e-04  1.73724202e-07 
 5.16300000e-04  1.73625727e-07 
 5.16400000e-04  1.73539752e-07 
 5.16500000e-04  1.73490033e-07 
 5.16600000e-04  1.60765182e-07 
 5.16700000e-04  1.60391414e-07 
 5.16800000e-04  1.60222183e-07 
 5.16900000e-04  1.60099852e-07 
 5.17000000e-04  1.60025909e-07 
 5.17100000e-04  1.73715225e-07 
 5.17200000e-04  1.73466113e-07 
 5.17300000e-04  1.73380795e-07 
 5.17400000e-04  1.73307480e-07 
 5.17500000e-04  1.73282129e-07 
 5.17600000e-04  1.59239796e-07 
 5.17700000e-04  1.58843210e-07 
 5.17800000e-04  1.58627094e-07 
 5.17900000e-04  1.58466663e-07 
 5.18000000e-04  1.58363683e-07 
 5.18100000e-04  1.87814569e-07 
 5.18200000e-04  1.85200157e-07 
 5.18300000e-04  1.84390639e-07 
 5.18400000e-04  1.84145577e-07 
 5.18500000e-04  1.83900515e-07 
 5.18600000e-04  1.75324892e-07 
 5.18700000e-04  1.74183423e-07 
 5.18800000e-04  1.73851135e-07 
 5.18900000e-04  1.73639063e-07 
 5.19000000e-04  1.73549371e-07 
 5.19100000e-04  1.03757005e-04 
 5.19200000e-04  1.03756114e-04 
 5.19300000e-04  1.03755875e-04 
 5.19400000e-04  1.03755677e-04 
 5.19500000e-04  1.03755588e-04 
 5.19600000e-04  1.03743258e-04 
 5.19700000e-04  1.03742544e-04 
 5.19800000e-04  1.03742263e-04 
 5.19900000e-04 -0.00000000e+00 
 5.20000000e-04  1.03742120e-04 
