 time            -i(vdd)        
 2.60000000e-04 -1.26577369e-04 
 2.60100000e-04  1.83719649e-07 
 2.60200000e-04  1.75016619e-07 
 2.60300000e-04  1.72694068e-07 
 2.60400000e-04  1.70735770e-07 
 2.60500000e-04  1.70077497e-07 
 2.60600000e-04  1.76681202e-07 
 2.60700000e-04  1.75910740e-07 
 2.60800000e-04  1.75485288e-07 
 2.60900000e-04  1.75141509e-07 
 2.61000000e-04  1.74881176e-07 
 2.61100000e-04  1.56450407e-07 
 2.61200000e-04  1.54083322e-07 
 2.61300000e-04  1.53486467e-07 
 2.61400000e-04  1.53006503e-07 
 2.61500000e-04  1.52785416e-07 
 2.61600000e-04  1.38886986e-07 
 2.61700000e-04  1.37640647e-07 
 2.61800000e-04  1.37195555e-07 
 2.61900000e-04  1.36877553e-07 
 2.62000000e-04  1.36690671e-07 
 2.62100000e-04  1.61879846e-07 
 2.62200000e-04  1.60615837e-07 
 2.62300000e-04  1.60333058e-07 
 2.62400000e-04  1.60128666e-07 
 2.62500000e-04  1.60038722e-07 
 2.62600000e-04  1.48509809e-07 
 2.62700000e-04  1.47917215e-07 
 2.62800000e-04  1.47634432e-07 
 2.62900000e-04  1.47421062e-07 
 2.63000000e-04  1.47278589e-07 
 2.63100000e-04  1.99992977e-07 
 2.63200000e-04  1.94212487e-07 
 2.63300000e-04  1.92920599e-07 
 2.63400000e-04  1.91923746e-07 
 2.63500000e-04  1.91649226e-07 
 2.63600000e-04  1.78200430e-07 
 2.63700000e-04  1.77564807e-07 
 2.63800000e-04  1.77245357e-07 
 2.63900000e-04  1.76999011e-07 
 2.64000000e-04  1.76828088e-07 
 2.64100000e-04  1.72671411e-07 
 2.64200000e-04  1.68072350e-07 
 2.64300000e-04  1.67027558e-07 
 2.64400000e-04  1.66214957e-07 
 2.64500000e-04  1.65971801e-07 
 2.64600000e-04  1.53752596e-07 
 2.64700000e-04  1.53120119e-07 
 2.64800000e-04  1.52823654e-07 
 2.64900000e-04  1.52599757e-07 
 2.65000000e-04  1.52450728e-07 
 2.65100000e-04  1.66020903e-07 
 2.65200000e-04  1.65524443e-07 
 2.65300000e-04  1.65366080e-07 
 2.65400000e-04  1.65230339e-07 
 2.65500000e-04  1.65180013e-07 
 2.65600000e-04  1.51583991e-07 
 2.65700000e-04  1.51131998e-07 
 2.65800000e-04  1.50896724e-07 
 2.65900000e-04  1.50727939e-07 
 2.66000000e-04  1.50627748e-07 
 2.66100000e-04  1.66993670e-07 
 2.66200000e-04  1.66724166e-07 
 2.66300000e-04  1.66631999e-07 
 2.66400000e-04  1.66552165e-07 
 2.66500000e-04  1.66501361e-07 
 2.66600000e-04  1.55431930e-07 
 2.66700000e-04  1.55028725e-07 
 2.66800000e-04  1.54810455e-07 
 2.66900000e-04  1.54660375e-07 
 2.67000000e-04  1.54580642e-07 
 2.67100000e-04  1.66084761e-07 
 2.67200000e-04  1.65567968e-07 
 2.67300000e-04  1.65411633e-07 
 2.67400000e-04  1.65277897e-07 
 2.67500000e-04  1.65240340e-07 
 2.67600000e-04  1.51669328e-07 
 2.67700000e-04  1.51174793e-07 
 2.67800000e-04  1.50910178e-07 
 2.67900000e-04  1.50714658e-07 
 2.68000000e-04  1.50590418e-07 
 2.68100000e-04  1.66391555e-07 
 2.68200000e-04  1.66215814e-07 
 2.68300000e-04  1.66138220e-07 
 2.68400000e-04  1.66067472e-07 
 2.68500000e-04  1.66024971e-07 
 2.68600000e-04  1.53651769e-07 
 2.68700000e-04  1.53243357e-07 
 2.68800000e-04  1.53035053e-07 
 2.68900000e-04  1.52883429e-07 
 2.69000000e-04  1.52790276e-07 
 2.69100000e-04  1.66124165e-07 
 2.69200000e-04  1.65918567e-07 
 2.69300000e-04  1.65841896e-07 
 2.69400000e-04  1.65773901e-07 
 2.69500000e-04  1.65751783e-07 
 2.69600000e-04  1.52109966e-07 
 2.69700000e-04  1.51664037e-07 
 2.69800000e-04  1.51435184e-07 
 2.69900000e-04  1.51248934e-07 
 2.70000000e-04  1.51106629e-07 
 2.70100000e-04  1.68005316e-07 
 2.70200000e-04  1.67640420e-07 
 2.70300000e-04  1.67506563e-07 
 2.70400000e-04  1.67387448e-07 
 2.70500000e-04  1.67340676e-07 
 2.70600000e-04  1.57533527e-07 
 2.70700000e-04  1.57129054e-07 
 2.70800000e-04  1.56923146e-07 
 2.70900000e-04  1.56792422e-07 
 2.71000000e-04  1.56739256e-07 
 2.71100000e-04  1.66102659e-07 
 2.71200000e-04  1.65540937e-07 
 2.71300000e-04  1.65385451e-07 
 2.71400000e-04  1.65255852e-07 
 2.71500000e-04  1.65205434e-07 
 2.71600000e-04  1.51637217e-07 
 2.71700000e-04  1.51103732e-07 
 2.71800000e-04  1.50844211e-07 
 2.71900000e-04  1.50646048e-07 
 2.72000000e-04  1.50511179e-07 
 2.72100000e-04  1.66337011e-07 
 2.72200000e-04  1.66152678e-07 
 2.72300000e-04  1.66076324e-07 
 2.72400000e-04  1.66008222e-07 
 2.72500000e-04  1.65962924e-07 
 2.72600000e-04  1.53587319e-07 
 2.72700000e-04  1.53195255e-07 
 2.72800000e-04  1.52985389e-07 
 2.72900000e-04  1.52830344e-07 
 2.73000000e-04  1.52731840e-07 
 2.73100000e-04  1.67800084e-07 
 2.73200000e-04  1.67330831e-07 
 2.73300000e-04  1.67172047e-07 
 2.73400000e-04  1.67099723e-07 
 2.73500000e-04  1.67055336e-07 
 2.73600000e-04  1.52928246e-07 
 2.73700000e-04  1.52321571e-07 
 2.73800000e-04  1.52033204e-07 
 2.73900000e-04  1.51834819e-07 
 2.74000000e-04  1.51728331e-07 
 2.74100000e-04  1.03754346e-04 
 2.74200000e-04  1.03753873e-04 
 2.74300000e-04  1.03753731e-04 
 2.74400000e-04  1.03753610e-04 
 2.74500000e-04  1.03753553e-04 
 2.74600000e-04  1.03742461e-04 
 2.74700000e-04  1.03742048e-04 
 2.74800000e-04  1.03741837e-04 
 2.74900000e-04  1.03741698e-04 
 2.75000000e-04  1.03741633e-04 
 2.75100000e-04  1.67273037e-07 
 2.75200000e-04  1.66997598e-07 
 2.75300000e-04  1.66908316e-07 
 2.75400000e-04  1.66830978e-07 
 2.75500000e-04  1.66793528e-07 
 2.75600000e-04  1.53196790e-07 
 2.75700000e-04  1.52708442e-07 
 2.75800000e-04  1.52463274e-07 
 2.75900000e-04  1.52281091e-07 
 2.76000000e-04  1.52163881e-07 
 2.76100000e-04  1.68042517e-07 
 2.76200000e-04  1.67884460e-07 
 2.76300000e-04  1.67802883e-07 
 2.76400000e-04  1.67726017e-07 
 2.76500000e-04  1.67701162e-07 
 2.76600000e-04  1.55215836e-07 
 2.76700000e-04  1.54840280e-07 
 2.76800000e-04  1.54644061e-07 
 2.76900000e-04  1.54496976e-07 
 2.77000000e-04  1.54400569e-07 
 2.77100000e-04  1.67811427e-07 
 2.77200000e-04  1.67588551e-07 
 2.77300000e-04  1.67520673e-07 
 2.77400000e-04  1.67464242e-07 
 2.77500000e-04  1.67416764e-07 
 2.77600000e-04  1.53700038e-07 
 2.77700000e-04  1.53277478e-07 
 2.77800000e-04  1.53044866e-07 
 2.77900000e-04  1.52870220e-07 
 2.78000000e-04  1.52755366e-07 
 2.78100000e-04  1.70249486e-07 
 2.78200000e-04  1.69745646e-07 
 2.78300000e-04  1.69587049e-07 
 2.78400000e-04  1.69451469e-07 
 2.78500000e-04  1.69390136e-07 
 2.78600000e-04  1.60786325e-07 
 2.78700000e-04  1.60412721e-07 
 2.78800000e-04  1.60219684e-07 
 2.78900000e-04  1.60093155e-07 
 2.79000000e-04  1.60035230e-07 
 2.79100000e-04  1.67430586e-07 
 2.79200000e-04  1.66776575e-07 
 2.79300000e-04  1.66580051e-07 
 2.79400000e-04  1.66412836e-07 
 2.79500000e-04  1.66343477e-07 
 2.79600000e-04  1.52738572e-07 
 2.79700000e-04  1.52176841e-07 
 2.79800000e-04  1.51915178e-07 
 2.79900000e-04  1.51713758e-07 
 2.80000000e-04  1.51574472e-07 
 2.80100000e-04  1.67455964e-07 
 2.80200000e-04  1.67264811e-07 
 2.80300000e-04  1.67188503e-07 
 2.80400000e-04  1.67120493e-07 
 2.80500000e-04  1.67078218e-07 
 2.80600000e-04  1.54640976e-07 
 2.80700000e-04  1.54234980e-07 
 2.80800000e-04  1.54041018e-07 
 2.80900000e-04  1.53900084e-07 
 2.81000000e-04  1.53813842e-07 
 2.81100000e-04  1.67197798e-07 
 2.81200000e-04  1.66975631e-07 
 2.81300000e-04  1.66896648e-07 
 2.81400000e-04  1.66828368e-07 
 2.81500000e-04  1.66797924e-07 
 2.81600000e-04  1.53114076e-07 
 2.81700000e-04  1.52677460e-07 
 2.81800000e-04  1.52444403e-07 
 2.81900000e-04  1.52264302e-07 
 2.82000000e-04  1.52138817e-07 
 2.82100000e-04  1.68558125e-07 
 2.82200000e-04  1.68269494e-07 
 2.82300000e-04  1.68165701e-07 
 2.82400000e-04  1.68074553e-07 
 2.82500000e-04  1.68038643e-07 
 2.82600000e-04  1.56860079e-07 
 2.82700000e-04  1.56471853e-07 
 2.82800000e-04  1.56283497e-07 
 2.82900000e-04  1.56149080e-07 
 2.83000000e-04  1.56070294e-07 
 2.83100000e-04  1.67269325e-07 
 2.83200000e-04  1.67006301e-07 
 2.83300000e-04  1.66919275e-07 
 2.83400000e-04  1.66844674e-07 
 2.83500000e-04  1.66819145e-07 
 2.83600000e-04  1.53149401e-07 
 2.83700000e-04  1.52680684e-07 
 2.83800000e-04  1.52441235e-07 
 2.83900000e-04  1.52256841e-07 
 2.84000000e-04  1.52129228e-07 
 2.84100000e-04  1.68030894e-07 
 2.84200000e-04  1.67847841e-07 
 2.84300000e-04  1.67763935e-07 
 2.84400000e-04  1.67687323e-07 
 2.84500000e-04  1.67669692e-07 
 2.84600000e-04  1.55197855e-07 
 2.84700000e-04  1.54820543e-07 
 2.84800000e-04  1.54615787e-07 
 2.84900000e-04  1.54471268e-07 
 2.85000000e-04  1.54388873e-07 
 2.85100000e-04  1.67782696e-07 
 2.85200000e-04  1.67582404e-07 
 2.85300000e-04  1.67506336e-07 
 2.85400000e-04  1.67438474e-07 
 2.85500000e-04  1.67411684e-07 
 2.85600000e-04  1.53678913e-07 
 2.85700000e-04  1.53263088e-07 
 2.85800000e-04  1.53015919e-07 
 2.85900000e-04  1.52835785e-07 
 2.86000000e-04  1.52724791e-07 
 2.86100000e-04  1.69695738e-07 
 2.86200000e-04  1.69294208e-07 
 2.86300000e-04  1.69163292e-07 
 2.86400000e-04  1.69050670e-07 
 2.86500000e-04  1.68996892e-07 
 2.86600000e-04  1.59092698e-07 
 2.86700000e-04  1.58722436e-07 
 2.86800000e-04  1.58525995e-07 
 2.86900000e-04  1.58400686e-07 
 2.87000000e-04  1.58348746e-07 
 2.87100000e-04  1.67388960e-07 
 2.87200000e-04  1.67094585e-07 
 2.87300000e-04  1.66989134e-07 
 2.87400000e-04  1.66896446e-07 
 2.87500000e-04  1.66876608e-07 
 2.87600000e-04  1.53233708e-07 
 2.87700000e-04  1.52713251e-07 
 2.87800000e-04  1.52454160e-07 
 2.87900000e-04  1.52267158e-07 
 2.88000000e-04  1.52154509e-07 
 2.88100000e-04  1.68053358e-07 
 2.88200000e-04  1.67859981e-07 
 2.88300000e-04  1.67785405e-07 
 2.88400000e-04  1.67719722e-07 
 2.88500000e-04  1.67666422e-07 
 2.88600000e-04  1.55205263e-07 
 2.88700000e-04  1.54801839e-07 
 2.88800000e-04  1.54607796e-07 
 2.88900000e-04  1.54470473e-07 
 2.89000000e-04  1.54391646e-07 
 2.89100000e-04  1.67791343e-07 
 2.89200000e-04  1.67582995e-07 
 2.89300000e-04  1.67504527e-07 
 2.89400000e-04  1.67434782e-07 
 2.89500000e-04  1.67405490e-07 
 2.89600000e-04  1.53680685e-07 
 2.89700000e-04  1.53251823e-07 
 2.89800000e-04  1.53011825e-07 
 2.89900000e-04  1.52836736e-07 
 2.90000000e-04  1.52728589e-07 
 2.90100000e-04  1.69158961e-07 
 2.90200000e-04  1.68885494e-07 
 2.90300000e-04  1.68776494e-07 
 2.90400000e-04  1.68678047e-07 
 2.90500000e-04  1.68649021e-07 
 2.90600000e-04  1.57434801e-07 
 2.90700000e-04  1.57046929e-07 
 2.90800000e-04  1.56852676e-07 
 2.90900000e-04  1.56719213e-07 
 2.91000000e-04  1.56648438e-07 
 2.91100000e-04  1.67873844e-07 
 2.91200000e-04  1.67627311e-07 
 2.91300000e-04  1.67541238e-07 
 2.91400000e-04  1.67465546e-07 
 2.91500000e-04  1.67420671e-07 
 2.91600000e-04  1.53736071e-07 
 2.91700000e-04  1.53276472e-07 
 2.91800000e-04  1.53025657e-07 
 2.91900000e-04  1.52838773e-07 
 2.92000000e-04  1.52717817e-07 
 2.92100000e-04  1.68646336e-07 
 2.92200000e-04  1.68456316e-07 
 2.92300000e-04  1.68383458e-07 
 2.92400000e-04  1.68319236e-07 
 2.92500000e-04  1.68281332e-07 
 2.92600000e-04  1.55770030e-07 
 2.92700000e-04  1.55383292e-07 
 2.92800000e-04  1.55187841e-07 
 2.92900000e-04  1.55046835e-07 
 2.93000000e-04  1.54961969e-07 
 2.93100000e-04  1.68419595e-07 
 2.93200000e-04  1.68200787e-07 
 2.93300000e-04  1.68121797e-07 
 2.93400000e-04  1.68052761e-07 
 2.93500000e-04  1.68025181e-07 
 2.93600000e-04  1.54256552e-07 
 2.93700000e-04  1.53836372e-07 
 2.93800000e-04  1.53607998e-07 
 2.93900000e-04  1.53435473e-07 
 2.94000000e-04  1.53320542e-07 
 2.94100000e-04  1.71375195e-07 
 2.94200000e-04  1.70768075e-07 
 2.94300000e-04  1.70576145e-07 
 2.94400000e-04  1.70411173e-07 
 2.94500000e-04  1.70350125e-07 
 2.94600000e-04  1.63001318e-07 
 2.94700000e-04  1.62615139e-07 
 2.94800000e-04  1.62446615e-07 
 2.94900000e-04  1.62342235e-07 
 2.95000000e-04  1.62304000e-07 
 2.95100000e-04  1.67738690e-07 
 2.95200000e-04  1.66869587e-07 
 2.95300000e-04  1.66626320e-07 
 2.95400000e-04  1.66423652e-07 
 2.95500000e-04  1.66335897e-07 
 2.95600000e-04  1.52783345e-07 
 2.95700000e-04  1.52189301e-07 
 2.95800000e-04  1.51910943e-07 
 2.95900000e-04  1.51700953e-07 
 2.96000000e-04  1.51561469e-07 
 2.96100000e-04  1.67459771e-07 
 2.96200000e-04  1.67276367e-07 
 2.96300000e-04  1.67195547e-07 
 2.96400000e-04  1.67122050e-07 
 2.96500000e-04  1.67074649e-07 
 2.96600000e-04  1.54603166e-07 
 2.96700000e-04  1.54238338e-07 
 2.96800000e-04  1.54034514e-07 
 2.96900000e-04  1.53888192e-07 
 2.97000000e-04  1.53801162e-07 
 2.97100000e-04  1.67175215e-07 
 2.97200000e-04  1.66974598e-07 
 2.97300000e-04  1.66901572e-07 
 2.97400000e-04  1.66837232e-07 
 2.97500000e-04  1.66795511e-07 
 2.97600000e-04  1.53094996e-07 
 2.97700000e-04  1.52665971e-07 
 2.97800000e-04  1.52420889e-07 
 2.97900000e-04  1.52240381e-07 
 2.98000000e-04  1.52126463e-07 
 2.98100000e-04  1.68544273e-07 
 2.98200000e-04  1.68255797e-07 
 2.98300000e-04  1.68154993e-07 
 2.98400000e-04  1.68066901e-07 
 2.98500000e-04  1.68030709e-07 
 2.98600000e-04  1.56859542e-07 
 2.98700000e-04  1.56462370e-07 
 2.98800000e-04  1.56270078e-07 
 2.98900000e-04  1.56138999e-07 
 2.99000000e-04  1.56071041e-07 
 2.99100000e-04  1.67260273e-07 
 2.99200000e-04  1.66993695e-07 
 2.99300000e-04  1.66916805e-07 
 2.99400000e-04  1.66853480e-07 
 2.99500000e-04  1.66804876e-07 
 2.99600000e-04  1.53148012e-07 
 2.99700000e-04  1.52666100e-07 
 2.99800000e-04  1.52420565e-07 
 2.99900000e-04  1.52235804e-07 
 3.00000000e-04  1.52113710e-07 
 3.00100000e-04  1.68017040e-07 
 3.00200000e-04  1.67846371e-07 
 3.00300000e-04  1.67767705e-07 
 3.00400000e-04  1.67695199e-07 
 3.00500000e-04  1.67647691e-07 
 3.00600000e-04  1.55191044e-07 
 3.00700000e-04  1.54808990e-07 
 3.00800000e-04  1.54607481e-07 
 3.00900000e-04  1.54463825e-07 
 3.01000000e-04  1.54379819e-07 
 3.01100000e-04  1.67781423e-07 
 3.01200000e-04  1.67565634e-07 
 3.01300000e-04  1.67489521e-07 
 3.01400000e-04  1.67423336e-07 
 3.01500000e-04  1.67391537e-07 
 3.01600000e-04  1.53669301e-07 
 3.01700000e-04  1.53236745e-07 
 3.01800000e-04  1.53004688e-07 
 3.01900000e-04  1.52830464e-07 
 3.02000000e-04  1.52715872e-07 
 3.02100000e-04  1.69691048e-07 
 3.02200000e-04  1.69292700e-07 
 3.02300000e-04  1.69166621e-07 
 3.02400000e-04  1.69059015e-07 
 3.02500000e-04  1.69001373e-07 
 3.02600000e-04  1.59092468e-07 
 3.02700000e-04  1.58713924e-07 
 3.02800000e-04  1.58517390e-07 
 3.02900000e-04  1.58387119e-07 
 3.03000000e-04  1.58325172e-07 
 3.03100000e-04  1.69501418e-07 
 3.03200000e-04  1.68692555e-07 
 3.03300000e-04  1.68410137e-07 
 3.03400000e-04  1.68299908e-07 
 3.03500000e-04  1.68189680e-07 
 3.03600000e-04  1.54072658e-07 
 3.03700000e-04  1.53392233e-07 
 3.03800000e-04  1.53103745e-07 
 3.03900000e-04  1.52900317e-07 
 3.04000000e-04  1.52783729e-07 
 3.04100000e-04  1.03754949e-04 
 3.04200000e-04  1.03754576e-04 
 3.04300000e-04  1.03754462e-04 
 3.04400000e-04  1.03754364e-04 
 3.04500000e-04  1.03754308e-04 
 3.04600000e-04  1.03741852e-04 
 3.04700000e-04  1.03741451e-04 
 3.04800000e-04  1.03741241e-04 
 3.04900000e-04  1.03741090e-04 
 3.05000000e-04  1.03741000e-04 
 3.05100000e-04  1.68937713e-07 
 3.05200000e-04  1.68678463e-07 
 3.05300000e-04  1.68596573e-07 
 3.05400000e-04  1.68527045e-07 
 3.05500000e-04  1.68514964e-07 
 3.05600000e-04  1.54771567e-07 
 3.05700000e-04  1.54339293e-07 
 3.05800000e-04  1.54097469e-07 
 3.05900000e-04  1.53921674e-07 
 3.06000000e-04  1.53813961e-07 
 3.06100000e-04  1.70322591e-07 
 3.06200000e-04  1.70019245e-07 
 3.06300000e-04  1.69915291e-07 
 3.06400000e-04  1.69825547e-07 
 3.06500000e-04  1.69771334e-07 
 3.06600000e-04  1.58532201e-07 
 3.06700000e-04  1.58129710e-07 
 3.06800000e-04  1.57947488e-07 
 3.06900000e-04  1.57820700e-07 
 3.07000000e-04  1.57751060e-07 
 3.07100000e-04  1.69020989e-07 
 3.07200000e-04  1.68767982e-07 
 3.07300000e-04  1.68680858e-07 
 3.07400000e-04  1.68604780e-07 
 3.07500000e-04  1.68566345e-07 
 3.07600000e-04  1.54806440e-07 
 3.07700000e-04  1.54339116e-07 
 3.07800000e-04  1.54111591e-07 
 3.07900000e-04  1.53932267e-07 
 3.08000000e-04  1.53802631e-07 
 3.08100000e-04  1.69782787e-07 
 3.08200000e-04  1.69597433e-07 
 3.08300000e-04  1.69514094e-07 
 3.08400000e-04  1.69437785e-07 
 3.08500000e-04  1.69412096e-07 
 3.08600000e-04  1.56849235e-07 
 3.08700000e-04  1.56465540e-07 
 3.08800000e-04  1.56274029e-07 
 3.08900000e-04  1.56139390e-07 
 3.09000000e-04  1.56063381e-07 
 3.09100000e-04  1.69567595e-07 
 3.09200000e-04  1.69334018e-07 
 3.09300000e-04  1.69254747e-07 
 3.09400000e-04  1.69186836e-07 
 3.09500000e-04  1.69145173e-07 
 3.09600000e-04  1.55318629e-07 
 3.09700000e-04  1.54919266e-07 
 3.09800000e-04  1.54678975e-07 
 3.09900000e-04  1.54504342e-07 
 3.10000000e-04  1.54397405e-07 
 3.10100000e-04  1.71990577e-07 
 3.10200000e-04  1.71484536e-07 
 3.10300000e-04  1.71314307e-07 
 3.10400000e-04  1.71165862e-07 
 3.10500000e-04  1.71113308e-07 
 3.10600000e-04  1.62414437e-07 
 3.10700000e-04  1.62040321e-07 
 3.10800000e-04  1.61860297e-07 
 3.10900000e-04  1.61743844e-07 
 3.11000000e-04  1.61692929e-07 
 3.11100000e-04  1.68808190e-07 
 3.11200000e-04  1.68421190e-07 
 3.11300000e-04  1.68264969e-07 
 3.11400000e-04  1.68123716e-07 
 3.11500000e-04  1.68062652e-07 
 3.11600000e-04  1.54389702e-07 
 3.11700000e-04  1.53828225e-07 
 3.11800000e-04  1.53575896e-07 
 3.11900000e-04  1.53378082e-07 
 3.12000000e-04  1.53236464e-07 
 3.12100000e-04  1.69223761e-07 
 3.12200000e-04  1.69020423e-07 
 3.12300000e-04  1.68933037e-07 
 3.12400000e-04  1.68854548e-07 
 3.12500000e-04  1.68827020e-07 
 3.12600000e-04  1.56277234e-07 
 3.12700000e-04  1.55885386e-07 
 3.12800000e-04  1.55698020e-07 
 3.12900000e-04  1.55562526e-07 
 3.13000000e-04  1.55480450e-07 
 3.13100000e-04  1.70684962e-07 
 3.13200000e-04  1.70200473e-07 
 3.13300000e-04  1.70029041e-07 
 3.13400000e-04  1.69947126e-07 
 3.13500000e-04  1.69894137e-07 
 3.13600000e-04  1.55605696e-07 
 3.13700000e-04  1.55027968e-07 
 3.13800000e-04  1.54762271e-07 
 3.13900000e-04  1.54572378e-07 
 3.14000000e-04  1.54459862e-07 
 3.14100000e-04  1.03757242e-04 
 3.14200000e-04  1.03756768e-04 
 3.14300000e-04  1.03756610e-04 
 3.14400000e-04  1.03756473e-04 
 3.14500000e-04  1.03756424e-04 
 3.14600000e-04  1.03745180e-04 
 3.14700000e-04  1.03744770e-04 
 3.14800000e-04  1.03744571e-04 
 3.14900000e-04  1.03744438e-04 
 3.15000000e-04  1.03744373e-04 
 3.15100000e-04  1.70164670e-07 
 3.15200000e-04  1.69884550e-07 
 3.15300000e-04  1.69777233e-07 
 3.15400000e-04  1.69680751e-07 
 3.15500000e-04  1.69644550e-07 
 3.15600000e-04  1.55895630e-07 
 3.15700000e-04  1.55411194e-07 
 3.15800000e-04  1.55173187e-07 
 3.15900000e-04  1.54999458e-07 
 3.16000000e-04  1.54891993e-07 
 3.16100000e-04  1.70938268e-07 
 3.16200000e-04  1.70739401e-07 
 3.16300000e-04  1.70660856e-07 
 3.16400000e-04  1.70591170e-07 
 3.16500000e-04  1.70534913e-07 
 3.16600000e-04  1.57913924e-07 
 3.16700000e-04  1.57562102e-07 
 3.16800000e-04  1.57359906e-07 
 3.16900000e-04  1.57220927e-07 
 3.17000000e-04  1.57147118e-07 
 3.17100000e-04  1.70707451e-07 
 3.17200000e-04  1.70486027e-07 
 3.17300000e-04  1.70400113e-07 
 3.17400000e-04  1.70323649e-07 
 3.17500000e-04  1.70289230e-07 
 3.17600000e-04  1.56411672e-07 
 3.17700000e-04  1.55997802e-07 
 3.17800000e-04  1.55773441e-07 
 3.17900000e-04  1.55603221e-07 
 3.18000000e-04  1.55488809e-07 
 3.18100000e-04  1.72613384e-07 
 3.18200000e-04  1.72212009e-07 
 3.18300000e-04  1.72066379e-07 
 3.18400000e-04  1.71937289e-07 
 3.18500000e-04  1.71889638e-07 
 3.18600000e-04  1.61824764e-07 
 3.18700000e-04  1.61459627e-07 
 3.18800000e-04  1.61278194e-07 
 3.18900000e-04  1.61155702e-07 
 3.19000000e-04  1.61093967e-07 
 3.19100000e-04  1.70297884e-07 
 3.19200000e-04  1.69993161e-07 
 3.19300000e-04  1.69883559e-07 
 3.19400000e-04  1.69786806e-07 
 3.19500000e-04  1.69745378e-07 
 3.19600000e-04  1.55940780e-07 
 3.19700000e-04  1.55454366e-07 
 3.19800000e-04  1.55212698e-07 
 3.19900000e-04  1.55024937e-07 
 3.20000000e-04  1.54892737e-07 
 3.20100000e-04  1.70951274e-07 
 3.20200000e-04  1.70752223e-07 
 3.20300000e-04  1.70670144e-07 
 3.20400000e-04  1.70596685e-07 
 3.20500000e-04  1.70544102e-07 
 3.20600000e-04  1.57910918e-07 
 3.20700000e-04  1.57552180e-07 
 3.20800000e-04  1.57361638e-07 
 3.20900000e-04  1.57222499e-07 
 3.21000000e-04  1.57136338e-07 
 3.21100000e-04  1.70709588e-07 
 3.21200000e-04  1.70464649e-07 
 3.21300000e-04  1.70387285e-07 
 3.21400000e-04  1.70322724e-07 
 3.21500000e-04  1.70279264e-07 
 3.21600000e-04  1.56401987e-07 
 3.21700000e-04  1.55989265e-07 
 3.21800000e-04  1.55765107e-07 
 3.21900000e-04  1.55598296e-07 
 3.22000000e-04  1.55490595e-07 
 3.22100000e-04  1.72080758e-07 
 3.22200000e-04  1.71780541e-07 
 3.22300000e-04  1.71668179e-07 
 3.22400000e-04  1.71568604e-07 
 3.22500000e-04  1.71507359e-07 
 3.22600000e-04  1.60151013e-07 
 3.22700000e-04  1.59782019e-07 
 3.22800000e-04  1.59597792e-07 
 3.22900000e-04  1.59473165e-07 
 3.23000000e-04  1.59409968e-07 
 3.23100000e-04  1.70778756e-07 
 3.23200000e-04  1.70520079e-07 
 3.23300000e-04  1.70428430e-07 
 3.23400000e-04  1.70347831e-07 
 3.23500000e-04  1.70308493e-07 
 3.23600000e-04  1.56439875e-07 
 3.23700000e-04  1.55999529e-07 
 3.23800000e-04  1.55767587e-07 
 3.23900000e-04  1.55596606e-07 
 3.24000000e-04  1.55488461e-07 
 3.24100000e-04  1.71560170e-07 
 3.24200000e-04  1.71356396e-07 
 3.24300000e-04  1.71268882e-07 
 3.24400000e-04  1.71190234e-07 
 3.24500000e-04  1.71154935e-07 
 3.24600000e-04  1.58492780e-07 
 3.24700000e-04  1.58124201e-07 
 3.24800000e-04  1.57945383e-07 
 3.24900000e-04  1.57815344e-07 
 3.25000000e-04  1.57735569e-07 
 3.25100000e-04  1.71314022e-07 
 3.25200000e-04  1.71085732e-07 
 3.25300000e-04  1.71002870e-07 
 3.25400000e-04  1.70930337e-07 
 3.25500000e-04  1.70888225e-07 
 3.25600000e-04  1.56969039e-07 
 3.25700000e-04  1.56580921e-07 
 3.25800000e-04  1.56349902e-07 
 3.25900000e-04  1.56176867e-07 
 3.26000000e-04  1.56063592e-07 
 3.26100000e-04  1.74816309e-07 
 3.26200000e-04  1.74095141e-07 
 3.26300000e-04  1.73865835e-07 
 3.26400000e-04  1.73668440e-07 
 3.26500000e-04  1.73581551e-07 
 3.26600000e-04  1.67392366e-07 
 3.26700000e-04  1.67016358e-07 
 3.26800000e-04  1.66848669e-07 
 3.26900000e-04  1.66757749e-07 
 3.27000000e-04  1.66745970e-07 
 3.27100000e-04  1.70102418e-07 
 3.27200000e-04  1.69160512e-07 
 3.27300000e-04  1.68904558e-07 
 3.27400000e-04  1.68691936e-07 
 3.27500000e-04  1.68601137e-07 
 3.27600000e-04  1.54951999e-07 
 3.27700000e-04  1.54327254e-07 
 3.27800000e-04  1.54059750e-07 
 3.27900000e-04  1.53859919e-07 
 3.28000000e-04  1.53729847e-07 
 3.28100000e-04  1.69737601e-07 
 3.28200000e-04  1.69559539e-07 
 3.28300000e-04  1.69470745e-07 
 3.28400000e-04  1.69387824e-07 
 3.28500000e-04  1.69342095e-07 
 3.28600000e-04  1.56736215e-07 
 3.28700000e-04  1.56380508e-07 
 3.28800000e-04  1.56184479e-07 
 3.28900000e-04  1.56043578e-07 
 3.29000000e-04  1.55959487e-07 
 3.29100000e-04  1.69465708e-07 
 3.29200000e-04  1.69247845e-07 
 3.29300000e-04  1.69161871e-07 
 3.29400000e-04  1.69084797e-07 
 3.29500000e-04  1.69057057e-07 
 3.29600000e-04  1.55216511e-07 
 3.29700000e-04  1.54818095e-07 
 3.29800000e-04  1.54579705e-07 
 3.29900000e-04  1.54401971e-07 
 3.30000000e-04  1.54286752e-07 
 3.30100000e-04  1.70840516e-07 
 3.30200000e-04  1.70533135e-07 
 3.30300000e-04  1.70427999e-07 
 3.30400000e-04  1.70337001e-07 
 3.30500000e-04  1.70285112e-07 
 3.30600000e-04  1.58988553e-07 
 3.30700000e-04  1.58614576e-07 
 3.30800000e-04  1.58423840e-07 
 3.30900000e-04  1.58297306e-07 
 3.31000000e-04  1.58236944e-07 
 3.31100000e-04  1.69548204e-07 
 3.31200000e-04  1.69277560e-07 
 3.31300000e-04  1.69179716e-07 
 3.31400000e-04  1.69093933e-07 
 3.31500000e-04  1.69063768e-07 
 3.31600000e-04  1.55286557e-07 
 3.31700000e-04  1.54820255e-07 
 3.31800000e-04  1.54586350e-07 
 3.31900000e-04  1.54409598e-07 
 3.32000000e-04  1.54291744e-07 
 3.32100000e-04  1.70313592e-07 
 3.32200000e-04  1.70111557e-07 
 3.32300000e-04  1.70025847e-07 
 3.32400000e-04  1.69948754e-07 
 3.32500000e-04  1.69903502e-07 
 3.32600000e-04  1.57299002e-07 
 3.32700000e-04  1.56945522e-07 
 3.32800000e-04  1.56748257e-07 
 3.32900000e-04  1.56612820e-07 
 3.33000000e-04  1.56541104e-07 
 3.33100000e-04  1.70065847e-07 
 3.33200000e-04  1.69830128e-07 
 3.33300000e-04  1.69752551e-07 
 3.33400000e-04  1.69686773e-07 
 3.33500000e-04  1.69650174e-07 
 3.33600000e-04  1.55806349e-07 
 3.33700000e-04  1.55392312e-07 
 3.33800000e-04  1.55156029e-07 
 3.33900000e-04  1.54984376e-07 
 3.34000000e-04  1.54879331e-07 
 3.34100000e-04  1.71980577e-07 
 3.34200000e-04  1.71576261e-07 
 3.34300000e-04  1.71429638e-07 
 3.34400000e-04  1.71300457e-07 
 3.34500000e-04  1.71245112e-07 
 3.34600000e-04  1.61220451e-07 
 3.34700000e-04  1.60866096e-07 
 3.34800000e-04  1.60683052e-07 
 3.34900000e-04  1.60560756e-07 
 3.35000000e-04  1.60501063e-07 
 3.35100000e-04  1.69648954e-07 
 3.35200000e-04  1.69346212e-07 
 3.35300000e-04  1.69240486e-07 
 3.35400000e-04  1.69147865e-07 
 3.35500000e-04  1.69115487e-07 
 3.35600000e-04  1.55338639e-07 
 3.35700000e-04  1.54851832e-07 
 3.35800000e-04  1.54607945e-07 
 3.35900000e-04  1.54427264e-07 
 3.36000000e-04  1.54311723e-07 
 3.36100000e-04  1.70321487e-07 
 3.36200000e-04  1.70119886e-07 
 3.36300000e-04  1.70042907e-07 
 3.36400000e-04  1.69975055e-07 
 3.36500000e-04  1.69921010e-07 
 3.36600000e-04  1.57314490e-07 
 3.36700000e-04  1.56943440e-07 
 3.36800000e-04  1.56757614e-07 
 3.36900000e-04  1.56622234e-07 
 3.37000000e-04  1.56538828e-07 
 3.37100000e-04  1.70067825e-07 
 3.37200000e-04  1.69839888e-07 
 3.37300000e-04  1.69758517e-07 
 3.37400000e-04  1.69687670e-07 
 3.37500000e-04  1.69648311e-07 
 3.37600000e-04  1.55813607e-07 
 3.37700000e-04  1.55388690e-07 
 3.37800000e-04  1.55157865e-07 
 3.37900000e-04  1.54987805e-07 
 3.38000000e-04  1.54880365e-07 
 3.38100000e-04  1.71445603e-07 
 3.38200000e-04  1.71140803e-07 
 3.38300000e-04  1.71030767e-07 
 3.38400000e-04  1.70934221e-07 
 3.38500000e-04  1.70888757e-07 
 3.38600000e-04  1.59572373e-07 
 3.38700000e-04  1.59208328e-07 
 3.38800000e-04  1.59011890e-07 
 3.38900000e-04  1.58879875e-07 
 3.39000000e-04  1.58814254e-07 
 3.39100000e-04  1.70151359e-07 
 3.39200000e-04  1.69897774e-07 
 3.39300000e-04  1.69799703e-07 
 3.39400000e-04  1.69711708e-07 
 3.39500000e-04  1.69676561e-07 
 3.39600000e-04  1.55861166e-07 
 3.39700000e-04  1.55402898e-07 
 3.39800000e-04  1.55164622e-07 
 3.39900000e-04  1.54985278e-07 
 3.40000000e-04  1.54866662e-07 
 3.40100000e-04  1.70931793e-07 
 3.40200000e-04  1.70738140e-07 
 3.40300000e-04  1.70651728e-07 
 3.40400000e-04  1.70573425e-07 
 3.40500000e-04  1.70522697e-07 
 3.40600000e-04  1.57905588e-07 
 3.40700000e-04  1.57545266e-07 
 3.40800000e-04  1.57343280e-07 
 3.40900000e-04  1.57203598e-07 
 3.41000000e-04  1.57128119e-07 
 3.41100000e-04  1.70689504e-07 
 3.41200000e-04  1.70463485e-07 
 3.41300000e-04  1.70374926e-07 
 3.41400000e-04  1.70296123e-07 
 3.41500000e-04  1.70264702e-07 
 3.41600000e-04  1.56389054e-07 
 3.41700000e-04  1.55978322e-07 
 3.41800000e-04  1.55755552e-07 
 3.41900000e-04  1.55587793e-07 
 3.42000000e-04  1.55476712e-07 
 3.42100000e-04  1.73119638e-07 
 3.42200000e-04  1.72624032e-07 
 3.42300000e-04  1.72452413e-07 
 3.42400000e-04  1.72301608e-07 
 3.42500000e-04  1.72224127e-07 
 3.42600000e-04  1.63473205e-07 
 3.42700000e-04  1.63100908e-07 
 3.42800000e-04  1.62925192e-07 
 3.42900000e-04  1.62812270e-07 
 3.43000000e-04  1.62764055e-07 
 3.43100000e-04  1.69939039e-07 
 3.43200000e-04  1.69540917e-07 
 3.43300000e-04  1.69391944e-07 
 3.43400000e-04  1.69259670e-07 
 3.43500000e-04  1.69203486e-07 
 3.43600000e-04  1.55458919e-07 
 3.43700000e-04  1.54904526e-07 
 3.43800000e-04  1.54641796e-07 
 3.43900000e-04  1.54445403e-07 
 3.44000000e-04  1.54317371e-07 
 3.44100000e-04  1.70357635e-07 
 3.44200000e-04  1.70150837e-07 
 3.44300000e-04  1.70062228e-07 
 3.44400000e-04  1.69982654e-07 
 3.44500000e-04  1.69947488e-07 
 3.44600000e-04  1.57316808e-07 
 3.44700000e-04  1.56974670e-07 
 3.44800000e-04  1.56768703e-07 
 3.44900000e-04  1.56624969e-07 
 3.45000000e-04  1.56545362e-07 
 3.45100000e-04  1.70086703e-07 
 3.45200000e-04  1.69849570e-07 
 3.45300000e-04  1.69768115e-07 
 3.45400000e-04  1.69697918e-07 
 3.45500000e-04  1.69670639e-07 
 3.45600000e-04  1.55822758e-07 
 3.45700000e-04  1.55408140e-07 
 3.45800000e-04  1.55171220e-07 
 3.45900000e-04  1.54998330e-07 
 3.46000000e-04  1.54891419e-07 
 3.46100000e-04  1.71449934e-07 
 3.46200000e-04  1.71149142e-07 
 3.46300000e-04  1.71040906e-07 
 3.46400000e-04  1.70945877e-07 
 3.46500000e-04  1.70891787e-07 
 3.46600000e-04  1.59553025e-07 
 3.46700000e-04  1.59208504e-07 
 3.46800000e-04  1.59017914e-07 
 3.46900000e-04  1.58886132e-07 
 3.47000000e-04  1.58814936e-07 
 3.47100000e-04  1.70152793e-07 
 3.47200000e-04  1.69892262e-07 
 3.47300000e-04  1.69801132e-07 
 3.47400000e-04  1.69721284e-07 
 3.47500000e-04  1.69679594e-07 
 3.47600000e-04  1.55858579e-07 
 3.47700000e-04  1.55397578e-07 
 3.47800000e-04  1.55168770e-07 
 3.47900000e-04  1.54994162e-07 
 3.48000000e-04  1.54875387e-07 
 3.48100000e-04  1.70929181e-07 
 3.48200000e-04  1.70727689e-07 
 3.48300000e-04  1.70648959e-07 
 3.48400000e-04  1.70579398e-07 
 3.48500000e-04  1.70529909e-07 
 3.48600000e-04  1.57888690e-07 
 3.48700000e-04  1.57544536e-07 
 3.48800000e-04  1.57343372e-07 
 3.48900000e-04  1.57207679e-07 
 3.49000000e-04  1.57139450e-07 
 3.49100000e-04  1.70697958e-07 
 3.49200000e-04  1.70449249e-07 
 3.49300000e-04  1.70367262e-07 
 3.49400000e-04  1.70297864e-07 
 3.49500000e-04  1.70271203e-07 
 3.49600000e-04  1.56400317e-07 
 3.49700000e-04  1.55981649e-07 
 3.49800000e-04  1.55752821e-07 
 3.49900000e-04  1.55579983e-07 
 3.50000000e-04  1.55464827e-07 
 3.50100000e-04  1.72592844e-07 
 3.50200000e-04  1.72186673e-07 
 3.50300000e-04  1.72051035e-07 
 3.50400000e-04  1.71933211e-07 
 3.50500000e-04  1.71874243e-07 
 3.50600000e-04  1.61807483e-07 
 3.50700000e-04  1.61451456e-07 
 3.50800000e-04  1.61267239e-07 
 3.50900000e-04  1.61143568e-07 
 3.51000000e-04  1.61082278e-07 
 3.51100000e-04  1.70280225e-07 
 3.51200000e-04  1.69968225e-07 
 3.51300000e-04  1.69869622e-07 
 3.51400000e-04  1.69785636e-07 
 3.51500000e-04  1.69732647e-07 
 3.51600000e-04  1.55937918e-07 
 3.51700000e-04  1.55437051e-07 
 3.51800000e-04  1.55186688e-07 
 3.51900000e-04  1.55007689e-07 
 3.52000000e-04  1.54902231e-07 
 3.52100000e-04  1.70947255e-07 
 3.52200000e-04  1.70756085e-07 
 3.52300000e-04  1.70665654e-07 
 3.52400000e-04  1.70582119e-07 
 3.52500000e-04  1.70536855e-07 
 3.52600000e-04  1.57891844e-07 
 3.52700000e-04  1.57549880e-07 
 3.52800000e-04  1.57351726e-07 
 3.52900000e-04  1.57216972e-07 
 3.53000000e-04  1.57147545e-07 
 3.53100000e-04  1.70695225e-07 
 3.53200000e-04  1.70473713e-07 
 3.53300000e-04  1.70389694e-07 
 3.53400000e-04  1.70314900e-07 
 3.53500000e-04  1.70279655e-07 
 3.53600000e-04  1.56381327e-07 
 3.53700000e-04  1.55981647e-07 
 3.53800000e-04  1.55755082e-07 
 3.53900000e-04  1.55583379e-07 
 3.54000000e-04  1.55468191e-07 
 3.54100000e-04  1.72080211e-07 
 3.54200000e-04  1.71770546e-07 
 3.54300000e-04  1.71656414e-07 
 3.54400000e-04  1.71556048e-07 
 3.54500000e-04  1.71501990e-07 
 3.54600000e-04  1.60161790e-07 
 3.54700000e-04  1.59789803e-07 
 3.54800000e-04  1.59605398e-07 
 3.54900000e-04  1.59479794e-07 
 3.55000000e-04  1.59414762e-07 
 3.55100000e-04  1.70791026e-07 
 3.55200000e-04  1.70515030e-07 
 3.55300000e-04  1.70414764e-07 
 3.55400000e-04  1.70326454e-07 
 3.55500000e-04  1.70303172e-07 
 3.55600000e-04  1.56444708e-07 
 3.55700000e-04  1.55993512e-07 
 3.55800000e-04  1.55761668e-07 
 3.55900000e-04  1.55587974e-07 
 3.56000000e-04  1.55474185e-07 
 3.56100000e-04  1.71558941e-07 
 3.56200000e-04  1.71341240e-07 
 3.56300000e-04  1.71260055e-07 
 3.56400000e-04  1.71189289e-07 
 3.56500000e-04  1.71137915e-07 
 3.56600000e-04  1.58491635e-07 
 3.56700000e-04  1.58136310e-07 
 3.56800000e-04  1.57946364e-07 
 3.56900000e-04  1.57809864e-07 
 3.57000000e-04  1.57728417e-07 
 3.57100000e-04  1.71321390e-07 
 3.57200000e-04  1.71086122e-07 
 3.57300000e-04  1.70998606e-07 
 3.57400000e-04  1.70921583e-07 
 3.57500000e-04  1.70894238e-07 
 3.57600000e-04  1.56964314e-07 
 3.57700000e-04  1.56568113e-07 
 3.57800000e-04  1.56340602e-07 
 3.57900000e-04  1.56173666e-07 
 3.58000000e-04  1.56069135e-07 
 3.58100000e-04  1.74282789e-07 
 3.58200000e-04  1.73644275e-07 
 3.58300000e-04  1.73447589e-07 
 3.58400000e-04  1.73280883e-07 
 3.58500000e-04  1.73209737e-07 
 3.58600000e-04  1.65725813e-07 
 3.58700000e-04  1.65356979e-07 
 3.58800000e-04  1.65190923e-07 
 3.58900000e-04  1.65091743e-07 
 3.59000000e-04  1.65061467e-07 
 3.59100000e-04  1.70578713e-07 
 3.59200000e-04  1.69774778e-07 
 3.59300000e-04  1.69526879e-07 
 3.59400000e-04  1.69316975e-07 
 3.59500000e-04  1.69231841e-07 
 3.59600000e-04  1.55510834e-07 
 3.59700000e-04  1.54940388e-07 
 3.59800000e-04  1.54662090e-07 
 3.59900000e-04  1.54456531e-07 
 3.60000000e-04  1.54325923e-07 
 3.60100000e-04  1.70365496e-07 
 3.60200000e-04  1.70172917e-07 
 3.60300000e-04  1.70079987e-07 
 3.60400000e-04  1.69993645e-07 
 3.60500000e-04  1.69947147e-07 
 3.60600000e-04  1.57320077e-07 
 3.60700000e-04  1.56973560e-07 
 3.60800000e-04  1.56775057e-07 
 3.60900000e-04  1.56637352e-07 
 3.61000000e-04  1.56562274e-07 
 3.61100000e-04  1.70091574e-07 
 3.61200000e-04  1.69859966e-07 
 3.61300000e-04  1.69780998e-07 
 3.61400000e-04  1.69712889e-07 
 3.61500000e-04  1.69672551e-07 
 3.61600000e-04  1.55816607e-07 
 3.61700000e-04  1.55395399e-07 
 3.61800000e-04  1.55168127e-07 
 3.61900000e-04  1.54999777e-07 
 3.62000000e-04  1.54892119e-07 
 3.62100000e-04  1.71458053e-07 
 3.62200000e-04  1.71158827e-07 
 3.62300000e-04  1.71050352e-07 
 3.62400000e-04  1.70955324e-07 
 3.62500000e-04  1.70904055e-07 
 3.62600000e-04  1.59568303e-07 
 3.62700000e-04  1.59207553e-07 
 3.62800000e-04  1.59010181e-07 
 3.62900000e-04  1.58882313e-07 
 3.63000000e-04  1.58826056e-07 
 3.63100000e-04  1.70162716e-07 
 3.63200000e-04  1.69906455e-07 
 3.63300000e-04  1.69803841e-07 
 3.63400000e-04  1.69710882e-07 
 3.63500000e-04  1.69680418e-07 
 3.63600000e-04  1.55859958e-07 
 3.63700000e-04  1.55414488e-07 
 3.63800000e-04  1.55184019e-07 
 3.63900000e-04  1.55003958e-07 
 3.64000000e-04  1.54875805e-07 
 3.64100000e-04  1.70931475e-07 
 3.64200000e-04  1.70729853e-07 
 3.64300000e-04  1.70644353e-07 
 3.64400000e-04  1.70567617e-07 
 3.64500000e-04  1.70528710e-07 
 3.64600000e-04  1.57893057e-07 
 3.64700000e-04  1.57548554e-07 
 3.64800000e-04  1.57344638e-07 
 3.64900000e-04  1.57201545e-07 
 3.65000000e-04  1.57121109e-07 
 3.65100000e-04  1.70700580e-07 
 3.65200000e-04  1.70458695e-07 
 3.65300000e-04  1.70372251e-07 
 3.65400000e-04  1.70297269e-07 
 3.65500000e-04  1.70265234e-07 
 3.65600000e-04  1.56396073e-07 
 3.65700000e-04  1.55984286e-07 
 3.65800000e-04  1.55758468e-07 
 3.65900000e-04  1.55584729e-07 
 3.66000000e-04  1.55464619e-07 
 3.66100000e-04  1.72599785e-07 
 3.66200000e-04  1.72200428e-07 
 3.66300000e-04  1.72054785e-07 
 3.66400000e-04  1.71925494e-07 
 3.66500000e-04  1.71859029e-07 
 3.66600000e-04  1.61819370e-07 
 3.66700000e-04  1.61446197e-07 
 3.66800000e-04  1.61266116e-07 
 3.66900000e-04  1.61143884e-07 
 3.67000000e-04  1.61081232e-07 
 3.67100000e-04  1.70286680e-07 
 3.67200000e-04  1.69981006e-07 
 3.67300000e-04  1.69875587e-07 
 3.67400000e-04  1.69783828e-07 
 3.67500000e-04  1.69733078e-07 
 3.67600000e-04  1.55941237e-07 
 3.67700000e-04  1.55446030e-07 
 3.67800000e-04  1.55203406e-07 
 3.67900000e-04  1.55021919e-07 
 3.68000000e-04  1.54903407e-07 
 3.68100000e-04  1.70946166e-07 
 3.68200000e-04  1.70748297e-07 
 3.68300000e-04  1.70655943e-07 
 3.68400000e-04  1.70571240e-07 
 3.68500000e-04  1.70531525e-07 
 3.68600000e-04  1.57914349e-07 
 3.68700000e-04  1.57551346e-07 
 3.68800000e-04  1.57349167e-07 
 3.68900000e-04  1.57209776e-07 
 3.69000000e-04  1.57135059e-07 
 3.69100000e-04  1.70704817e-07 
 3.69200000e-04  1.70467401e-07 
 3.69300000e-04  1.70384163e-07 
 3.69400000e-04  1.70312202e-07 
 3.69500000e-04  1.70270461e-07 
 3.69600000e-04  1.56399419e-07 
 3.69700000e-04  1.55988496e-07 
 3.69800000e-04  1.55767300e-07 
 3.69900000e-04  1.55598090e-07 
 3.70000000e-04  1.55482411e-07 
 3.70100000e-04  1.72071828e-07 
 3.70200000e-04  1.71769973e-07 
 3.70300000e-04  1.71657396e-07 
 3.70400000e-04  1.71557794e-07 
 3.70500000e-04  1.71512349e-07 
 3.70600000e-04  1.60148965e-07 
 3.70700000e-04  1.59790010e-07 
 3.70800000e-04  1.59607381e-07 
 3.70900000e-04  1.59479390e-07 
 3.71000000e-04  1.59407664e-07 
 3.71100000e-04  1.70770002e-07 
 3.71200000e-04  1.70509401e-07 
 3.71300000e-04  1.70418217e-07 
 3.71400000e-04  1.70338213e-07 
 3.71500000e-04  1.70299265e-07 
 3.71600000e-04  1.56453711e-07 
 3.71700000e-04  1.55994147e-07 
 3.71800000e-04  1.55764009e-07 
 3.71900000e-04  1.55587767e-07 
 3.72000000e-04  1.55467022e-07 
 3.72100000e-04  1.71544542e-07 
 3.72200000e-04  1.71357136e-07 
 3.72300000e-04  1.71270226e-07 
 3.72400000e-04  1.71190193e-07 
 3.72500000e-04  1.71154972e-07 
 3.72600000e-04  1.58478267e-07 
 3.72700000e-04  1.58116732e-07 
 3.72800000e-04  1.57927711e-07 
 3.72900000e-04  1.57795818e-07 
 3.73000000e-04  1.57722758e-07 
 3.73100000e-04  1.71311392e-07 
 3.73200000e-04  1.71072475e-07 
 3.73300000e-04  1.70989990e-07 
 3.73400000e-04  1.70919029e-07 
 3.73500000e-04  1.70892127e-07 
 3.73600000e-04  1.56969826e-07 
 3.73700000e-04  1.56560540e-07 
 3.73800000e-04  1.56347112e-07 
 3.73900000e-04  1.56181453e-07 
 3.74000000e-04  1.56064973e-07 
 3.74100000e-04  1.73759458e-07 
 3.74200000e-04  1.73245785e-07 
 3.74300000e-04  1.73070997e-07 
 3.74400000e-04  1.72918495e-07 
 3.74500000e-04  1.72850450e-07 
 3.74600000e-04  1.64072324e-07 
 3.74700000e-04  1.63694989e-07 
 3.74800000e-04  1.63518578e-07 
 3.74900000e-04  1.63409191e-07 
 3.75000000e-04  1.63368846e-07 
 3.75100000e-04  1.70573260e-07 
 3.75200000e-04  1.70170475e-07 
 3.75300000e-04  1.70013345e-07 
 3.75400000e-04  1.69872914e-07 
 3.75500000e-04  1.69822134e-07 
 3.75600000e-04  1.56030944e-07 
 3.75700000e-04  1.55489114e-07 
 3.75800000e-04  1.55239228e-07 
 3.75900000e-04  1.55051927e-07 
 3.76000000e-04  1.54929086e-07 
 3.76100000e-04  1.70980722e-07 
 3.76200000e-04  1.70790760e-07 
 3.76300000e-04  1.70695747e-07 
 3.76400000e-04  1.70607162e-07 
 3.76500000e-04  1.70567323e-07 
 3.76600000e-04  1.57911659e-07 
 3.76700000e-04  1.57561357e-07 
 3.76800000e-04  1.57366151e-07 
 3.76900000e-04  1.57225037e-07 
 3.77000000e-04  1.57139620e-07 
 3.77100000e-04  1.70726692e-07 
 3.77200000e-04  1.70479910e-07 
 3.77300000e-04  1.70399421e-07 
 3.77400000e-04  1.70331502e-07 
 3.77500000e-04  1.70290485e-07 
 3.77600000e-04  1.56399849e-07 
 3.77700000e-04  1.55992050e-07 
 3.77800000e-04  1.55768151e-07 
 3.77900000e-04  1.55598036e-07 
 3.78000000e-04  1.55483299e-07 
 3.78100000e-04  1.72079754e-07 
 3.78200000e-04  1.71779006e-07 
 3.78300000e-04  1.71671677e-07 
 3.78400000e-04  1.71577535e-07 
 3.78500000e-04  1.71521486e-07 
 3.78600000e-04  1.60154570e-07 
 3.78700000e-04  1.59782765e-07 
 3.78800000e-04  1.59600952e-07 
 3.78900000e-04  1.59480750e-07 
 3.79000000e-04  1.59423996e-07 
 3.79100000e-04  1.70781546e-07 
 3.79200000e-04  1.70513044e-07 
 3.79300000e-04  1.70415303e-07 
 3.79400000e-04  1.70328705e-07 
 3.79500000e-04  1.70288894e-07 
 3.79600000e-04  1.56452066e-07 
 3.79700000e-04  1.55989727e-07 
 3.79800000e-04  1.55765644e-07 
 3.79900000e-04  1.55595726e-07 
 3.80000000e-04  1.55481581e-07 
 3.80100000e-04  1.71559353e-07 
 3.80200000e-04  1.71359036e-07 
 3.80300000e-04  1.71269642e-07 
 3.80400000e-04  1.71188215e-07 
 3.80500000e-04  1.71140553e-07 
 3.80600000e-04  1.58483513e-07 
 3.80700000e-04  1.58118362e-07 
 3.80800000e-04  1.57932149e-07 
 3.80900000e-04  1.57800548e-07 
 3.81000000e-04  1.57725177e-07 
 3.81100000e-04  1.71310632e-07 
 3.81200000e-04  1.71081088e-07 
 3.81300000e-04  1.70995992e-07 
 3.81400000e-04  1.70920873e-07 
 3.81500000e-04  1.70883843e-07 
 3.81600000e-04  1.56989836e-07 
 3.81700000e-04  1.56560426e-07 
 3.81800000e-04  1.56342664e-07 
 3.81900000e-04  1.56175425e-07 
 3.82000000e-04  1.56060196e-07 
 3.82100000e-04  1.73222609e-07 
 3.82200000e-04  1.72821163e-07 
 3.82300000e-04  1.72679523e-07 
 3.82400000e-04  1.72554771e-07 
 3.82500000e-04  1.72482055e-07 
 3.82600000e-04  1.62414639e-07 
 3.82700000e-04  1.62042976e-07 
 3.82800000e-04  1.61869198e-07 
 3.82900000e-04  1.61751983e-07 
 3.83000000e-04  1.61693013e-07 
 3.83100000e-04  1.70912914e-07 
 3.83200000e-04  1.70596495e-07 
 3.83300000e-04  1.70491238e-07 
 3.83400000e-04  1.70400358e-07 
 3.83500000e-04  1.70342720e-07 
 3.83600000e-04  1.56513718e-07 
 3.83700000e-04  1.56032703e-07 
 3.83800000e-04  1.55794162e-07 
 3.83900000e-04  1.55614799e-07 
 3.84000000e-04  1.55496375e-07 
 3.84100000e-04  1.71578780e-07 
 3.84200000e-04  1.71384701e-07 
 3.84300000e-04  1.71292991e-07 
 3.84400000e-04  1.71208764e-07 
 3.84500000e-04  1.71155518e-07 
 3.84600000e-04  1.58485161e-07 
 3.84700000e-04  1.58138905e-07 
 3.84800000e-04  1.57953937e-07 
 3.84900000e-04  1.57821204e-07 
 3.85000000e-04  1.57742244e-07 
 3.85100000e-04  1.71325489e-07 
 3.85200000e-04  1.71088804e-07 
 3.85300000e-04  1.71002149e-07 
 3.85400000e-04  1.70926446e-07 
 3.85500000e-04  1.70897033e-07 
 3.85600000e-04  1.56997120e-07 
 3.85700000e-04  1.56585830e-07 
 3.85800000e-04  1.56354444e-07 
 3.85900000e-04  1.56181691e-07 
 3.86000000e-04  1.56069314e-07 
 3.86100000e-04  1.72708865e-07 
 3.86200000e-04  1.72395982e-07 
 3.86300000e-04  1.72288239e-07 
 3.86400000e-04  1.72195146e-07 
 3.86500000e-04  1.72129299e-07 
 3.86600000e-04  1.60749781e-07 
 3.86700000e-04  1.60374541e-07 
 3.86800000e-04  1.60193741e-07 
 3.86900000e-04  1.60069233e-07 
 3.87000000e-04  1.60002681e-07 
 3.87100000e-04  1.71410896e-07 
 3.87200000e-04  1.71145967e-07 
 3.87300000e-04  1.71042930e-07 
 3.87400000e-04  1.70950685e-07 
 3.87500000e-04  1.70927265e-07 
 3.87600000e-04  1.57035707e-07 
 3.87700000e-04  1.56596412e-07 
 3.87800000e-04  1.56370785e-07 
 3.87900000e-04  1.56192544e-07 
 3.88000000e-04  1.56063070e-07 
 3.88100000e-04  1.72174142e-07 
 3.88200000e-04  1.71970596e-07 
 3.88300000e-04  1.71881414e-07 
 3.88400000e-04  1.71800753e-07 
 3.88500000e-04  1.71760026e-07 
 3.88600000e-04  1.59069641e-07 
 3.88700000e-04  1.58724451e-07 
 3.88800000e-04  1.58533575e-07 
 3.88900000e-04  1.58401502e-07 
 3.89000000e-04  1.58329973e-07 
 3.89100000e-04  1.71937864e-07 
 3.89200000e-04  1.71714076e-07 
 3.89300000e-04  1.71619488e-07 
 3.89400000e-04  1.71533203e-07 
 3.89500000e-04  1.71511833e-07 
 3.89600000e-04  1.57570092e-07 
 3.89700000e-04  1.57165420e-07 
 3.89800000e-04  1.56944139e-07 
 3.89900000e-04  1.56776495e-07 
 3.90000000e-04  1.56664070e-07 
 3.90100000e-04  1.75963556e-07 
 3.90200000e-04  1.75128979e-07 
 3.90300000e-04  1.74870216e-07 
 3.90400000e-04  1.74648911e-07 
 3.90500000e-04  1.74570666e-07 
 3.90600000e-04  1.69627932e-07 
 3.90700000e-04  1.69264721e-07 
 3.90800000e-04  1.69108696e-07 
 3.90900000e-04  1.69027187e-07 
 3.91000000e-04  1.69022432e-07 
 3.91100000e-04  1.70176058e-07 
 3.91200000e-04  1.69193803e-07 
 3.91300000e-04  1.68931458e-07 
 3.91400000e-04  1.68714946e-07 
 3.91500000e-04  1.68637268e-07 
 3.91600000e-04  1.55005337e-07 
 3.91700000e-04  1.54344544e-07 
 3.91800000e-04  1.54067246e-07 
 3.91900000e-04  1.53864413e-07 
 3.92000000e-04  1.53738284e-07 
 3.92100000e-04  1.69750965e-07 
 3.92200000e-04  1.69553052e-07 
 3.92300000e-04  1.69466259e-07 
 3.92400000e-04  1.69387378e-07 
 3.92500000e-04  1.69334623e-07 
 3.92600000e-04  1.56740716e-07 
 3.92700000e-04  1.56379558e-07 
 3.92800000e-04  1.56189402e-07 
 3.92900000e-04  1.56048460e-07 
 3.93000000e-04  1.55958167e-07 
 3.93100000e-04  1.69484620e-07 
 3.93200000e-04  1.69239159e-07 
 3.93300000e-04  1.69160488e-07 
 3.93400000e-04  1.69094659e-07 
 3.93500000e-04  1.69065301e-07 
 3.93600000e-04  1.55231350e-07 
 3.93700000e-04  1.54805233e-07 
 3.93800000e-04  1.54581945e-07 
 3.93900000e-04  1.54407422e-07 
 3.94000000e-04  1.54283081e-07 
 3.94100000e-04  1.70831713e-07 
 3.94200000e-04  1.70549917e-07 
 3.94300000e-04  1.70434486e-07 
 3.94400000e-04  1.70329475e-07 
 3.94500000e-04  1.70281443e-07 
 3.94600000e-04  1.58982586e-07 
 3.94700000e-04  1.58604792e-07 
 3.94800000e-04  1.58426419e-07 
 3.94900000e-04  1.58302404e-07 
 3.95000000e-04  1.58234339e-07 
 3.95100000e-04  1.69542429e-07 
 3.95200000e-04  1.69268813e-07 
 3.95300000e-04  1.69184573e-07 
 3.95400000e-04  1.69113511e-07 
 3.95500000e-04  1.69059747e-07 
 3.95600000e-04  1.55279083e-07 
 3.95700000e-04  1.54814920e-07 
 3.95800000e-04  1.54575971e-07 
 3.95900000e-04  1.54402030e-07 
 3.96000000e-04  1.54295028e-07 
 3.96100000e-04  1.70304138e-07 
 3.96200000e-04  1.70106260e-07 
 3.96300000e-04  1.70029962e-07 
 3.96400000e-04  1.69962588e-07 
 3.96500000e-04  1.69915307e-07 
 3.96600000e-04  1.57312340e-07 
 3.96700000e-04  1.56938231e-07 
 3.96800000e-04  1.56752067e-07 
 3.96900000e-04  1.56613997e-07 
 3.97000000e-04  1.56525417e-07 
 3.97100000e-04  1.70066341e-07 
 3.97200000e-04  1.69833293e-07 
 3.97300000e-04  1.69756920e-07 
 3.97400000e-04  1.69692137e-07 
 3.97500000e-04  1.69646873e-07 
 3.97600000e-04  1.55802653e-07 
 3.97700000e-04  1.55393063e-07 
 3.97800000e-04  1.55165107e-07 
 3.97900000e-04  1.54996220e-07 
 3.98000000e-04  1.54888145e-07 
 3.98100000e-04  1.71981031e-07 
 3.98200000e-04  1.71581531e-07 
 3.98300000e-04  1.71435915e-07 
 3.98400000e-04  1.71306991e-07 
 3.98500000e-04  1.71244923e-07 
 3.98600000e-04  1.61232359e-07 
 3.98700000e-04  1.60848327e-07 
 3.98800000e-04  1.60659859e-07 
 3.98900000e-04  1.60539897e-07 
 3.99000000e-04  1.60490481e-07 
 3.99100000e-04  1.69660409e-07 
 3.99200000e-04  1.69350157e-07 
 3.99300000e-04  1.69249621e-07 
 3.99400000e-04  1.69163548e-07 
 3.99500000e-04  1.69108424e-07 
 3.99600000e-04  1.55332952e-07 
 3.99700000e-04  1.54841218e-07 
 3.99800000e-04  1.54598230e-07 
 3.99900000e-04  1.54414870e-07 
 4.00000000e-04  1.54292902e-07 
 4.00100000e-04  1.70312563e-07 
 4.00200000e-04  1.70122283e-07 
 4.00300000e-04  1.70042881e-07 
 4.00400000e-04  1.69971279e-07 
 4.00500000e-04  1.69934206e-07 
 4.00600000e-04  1.57311599e-07 
 4.00700000e-04  1.56954739e-07 
 4.00800000e-04  1.56759840e-07 
 4.00900000e-04  1.56618521e-07 
 4.01000000e-04  1.56532350e-07 
 4.01100000e-04  1.70076750e-07 
 4.01200000e-04  1.69839850e-07 
 4.01300000e-04  1.69759330e-07 
 4.01400000e-04  1.69690307e-07 
 4.01500000e-04  1.69659635e-07 
 4.01600000e-04  1.55811566e-07 
 4.01700000e-04  1.55381105e-07 
 4.01800000e-04  1.55158749e-07 
 4.01900000e-04  1.54992252e-07 
 4.02000000e-04  1.54883246e-07 
 4.02100000e-04  1.71450020e-07 
 4.02200000e-04  1.71151880e-07 
 4.02300000e-04  1.71040585e-07 
 4.02400000e-04  1.70942446e-07 
 4.02500000e-04  1.70878084e-07 
 4.02600000e-04  1.59548992e-07 
 4.02700000e-04  1.59198907e-07 
 4.02800000e-04  1.59014574e-07 
 4.02900000e-04  1.58888214e-07 
 4.03000000e-04  1.58821532e-07 
 4.03100000e-04  1.70160440e-07 
 4.03200000e-04  1.69891815e-07 
 4.03300000e-04  1.69791723e-07 
 4.03400000e-04  1.69703029e-07 
 4.03500000e-04  1.69670550e-07 
 4.03600000e-04  1.55859911e-07 
 4.03700000e-04  1.55404779e-07 
 4.03800000e-04  1.55173407e-07 
 4.03900000e-04  1.54998600e-07 
 4.04000000e-04  1.54882015e-07 
 4.04100000e-04  1.70923237e-07 
 4.04200000e-04  1.70719230e-07 
 4.04300000e-04  1.70642465e-07 
 4.04400000e-04  1.70575417e-07 
 4.04500000e-04  1.70523574e-07 
 4.04600000e-04  1.57904740e-07 
 4.04700000e-04  1.57544087e-07 
 4.04800000e-04  1.57349662e-07 
 4.04900000e-04  1.57212245e-07 
 4.05000000e-04  1.57133506e-07 
 4.05100000e-04  1.70679967e-07 
 4.05200000e-04  1.70444157e-07 
 4.05300000e-04  1.70363476e-07 
 4.05400000e-04  1.70294000e-07 
 4.05500000e-04  1.70263001e-07 
 4.05600000e-04  1.56393413e-07 
 4.05700000e-04  1.55970392e-07 
 4.05800000e-04  1.55743127e-07 
 4.05900000e-04  1.55572760e-07 
 4.06000000e-04  1.55460963e-07 
 4.06100000e-04  1.73132101e-07 
 4.06200000e-04  1.72623969e-07 
 4.06300000e-04  1.72445638e-07 
 4.06400000e-04  1.72289078e-07 
 4.06500000e-04  1.72219786e-07 
 4.06600000e-04  1.63464713e-07 
 4.06700000e-04  1.63100602e-07 
 4.06800000e-04  1.62921668e-07 
 4.06900000e-04  1.62813341e-07 
 4.07000000e-04  1.62777720e-07 
 4.07100000e-04  1.69935308e-07 
 4.07200000e-04  1.69543248e-07 
 4.07300000e-04  1.69393856e-07 
 4.07400000e-04  1.69260675e-07 
 4.07500000e-04  1.69201949e-07 
 4.07600000e-04  1.55446169e-07 
 4.07700000e-04  1.54904268e-07 
 4.07800000e-04  1.54639808e-07 
 4.07900000e-04  1.54449738e-07 
 4.08000000e-04  1.54336281e-07 
 4.08100000e-04  1.70345659e-07 
 4.08200000e-04  1.70151970e-07 
 4.08300000e-04  1.70062933e-07 
 4.08400000e-04  1.69981068e-07 
 4.08500000e-04  1.69948067e-07 
 4.08600000e-04  1.57318526e-07 
 4.08700000e-04  1.56964610e-07 
 4.08800000e-04  1.56773623e-07 
 4.08900000e-04  1.56636777e-07 
 4.09000000e-04  1.56555647e-07 
 4.09100000e-04  1.70081789e-07 
 4.09200000e-04  1.69850888e-07 
 4.09300000e-04  1.69770640e-07 
 4.09400000e-04  1.69701088e-07 
 4.09500000e-04  1.69668882e-07 
 4.09600000e-04  1.55809235e-07 
 4.09700000e-04  1.55400140e-07 
 4.09800000e-04  1.55169359e-07 
 4.09900000e-04  1.54994695e-07 
 4.10000000e-04  1.54877782e-07 
 4.10100000e-04  1.71466770e-07 
 4.10200000e-04  1.71160288e-07 
 4.10300000e-04  1.71041390e-07 
 4.10400000e-04  1.70935718e-07 
 4.10500000e-04  1.70889658e-07 
 4.10600000e-04  1.59563571e-07 
 4.10700000e-04  1.59202642e-07 
 4.10800000e-04  1.59009002e-07 
 4.10900000e-04  1.58879413e-07 
 4.11000000e-04  1.58815762e-07 
 4.11100000e-04  1.70161647e-07 
 4.11200000e-04  1.69897839e-07 
 4.11300000e-04  1.69796373e-07 
 4.11400000e-04  1.69705474e-07 
 4.11500000e-04  1.69680141e-07 
 4.11600000e-04  1.55862967e-07 
 4.11700000e-04  1.55395714e-07 
 4.11800000e-04  1.55165601e-07 
 4.11900000e-04  1.54993176e-07 
 4.12000000e-04  1.54880123e-07 
 4.12100000e-04  1.70916279e-07 
 4.12200000e-04  1.70737144e-07 
 4.12300000e-04  1.70650217e-07 
 4.12400000e-04  1.70569381e-07 
 4.12500000e-04  1.70529260e-07 
 4.12600000e-04  1.57889225e-07 
 4.12700000e-04  1.57521481e-07 
 4.12800000e-04  1.57346497e-07 
 4.12900000e-04  1.57217597e-07 
 4.13000000e-04  1.57136096e-07 
 4.13100000e-04  1.70690767e-07 
 4.13200000e-04  1.70469317e-07 
 4.13300000e-04  1.70385108e-07 
 4.13400000e-04  1.70310582e-07 
 4.13500000e-04  1.70267870e-07 
 4.13600000e-04  1.56384782e-07 
 4.13700000e-04  1.55974320e-07 
 4.13800000e-04  1.55746887e-07 
 4.13900000e-04  1.55580044e-07 
 4.14000000e-04  1.55475561e-07 
 4.14100000e-04  1.72594629e-07 
 4.14200000e-04  1.72190264e-07 
 4.14300000e-04  1.72049758e-07 
 4.14400000e-04  1.71926541e-07 
 4.14500000e-04  1.71855762e-07 
 4.14600000e-04  1.61822498e-07 
 4.14700000e-04  1.61448872e-07 
 4.14800000e-04  1.61268652e-07 
 4.14900000e-04  1.61147053e-07 
 4.15000000e-04  1.61085786e-07 
 4.15100000e-04  1.70286163e-07 
 4.15200000e-04  1.69969040e-07 
 4.15300000e-04  1.69862304e-07 
 4.15400000e-04  1.69770240e-07 
 4.15500000e-04  1.69729975e-07 
 4.15600000e-04  1.55936491e-07 
 4.15700000e-04  1.55430575e-07 
 4.15800000e-04  1.55194618e-07 
 4.15900000e-04  1.55011264e-07 
 4.16000000e-04  1.54882034e-07 
 4.16100000e-04  1.70942248e-07 
 4.16200000e-04  1.70752081e-07 
 4.16300000e-04  1.70657917e-07 
 4.16400000e-04  1.70570563e-07 
 4.16500000e-04  1.70525760e-07 
 4.16600000e-04  1.57900068e-07 
 4.16700000e-04  1.57549228e-07 
 4.16800000e-04  1.57361498e-07 
 4.16900000e-04  1.57223239e-07 
 4.17000000e-04  1.57135872e-07 
 4.17100000e-04  1.70699605e-07 
 4.17200000e-04  1.70472038e-07 
 4.17300000e-04  1.70389147e-07 
 4.17400000e-04  1.70316745e-07 
 4.17500000e-04  1.70267514e-07 
 4.17600000e-04  1.56383981e-07 
 4.17700000e-04  1.55980819e-07 
 4.17800000e-04  1.55755560e-07 
 4.17900000e-04  1.55582607e-07 
 4.18000000e-04  1.55463471e-07 
 4.18100000e-04  1.72077969e-07 
 4.18200000e-04  1.71770037e-07 
 4.18300000e-04  1.71652533e-07 
 4.18400000e-04  1.71548173e-07 
 4.18500000e-04  1.71495784e-07 
 4.18600000e-04  1.60156485e-07 
 4.18700000e-04  1.59779000e-07 
 4.18800000e-04  1.59601401e-07 
 4.18900000e-04  1.59476190e-07 
 4.19000000e-04  1.59404880e-07 
 4.19100000e-04  1.70787276e-07 
 4.19200000e-04  1.70511892e-07 
 4.19300000e-04  1.70414481e-07 
 4.19400000e-04  1.70329415e-07 
 4.19500000e-04  1.70294821e-07 
 4.19600000e-04  1.56431999e-07 
 4.19700000e-04  1.55993351e-07 
 4.19800000e-04  1.55764582e-07 
 4.19900000e-04  1.55595643e-07 
 4.20000000e-04  1.55488280e-07 
 4.20100000e-04  1.71546332e-07 
 4.20200000e-04  1.71354197e-07 
 4.20300000e-04  1.71267902e-07 
 4.20400000e-04  1.71189192e-07 
 4.20500000e-04  1.71150763e-07 
 4.20600000e-04  1.58478831e-07 
 4.20700000e-04  1.58112437e-07 
 4.20800000e-04  1.57929389e-07 
 4.20900000e-04  1.57801598e-07 
 4.21000000e-04  1.57730664e-07 
 4.21100000e-04  1.71311891e-07 
 4.21200000e-04  1.71086022e-07 
 4.21300000e-04  1.70997737e-07 
 4.21400000e-04  1.70919173e-07 
 4.21500000e-04  1.70873954e-07 
 4.21600000e-04  1.56981071e-07 
 4.21700000e-04  1.56557198e-07 
 4.21800000e-04  1.56340933e-07 
 4.21900000e-04  1.56178249e-07 
 4.22000000e-04  1.56070691e-07 
 4.22100000e-04  1.74280532e-07 
 4.22200000e-04  1.73667231e-07 
 4.22300000e-04  1.73460148e-07 
 4.22400000e-04  1.73279181e-07 
 4.22500000e-04  1.73224425e-07 
 4.22600000e-04  1.65724378e-07 
 4.22700000e-04  1.65353355e-07 
 4.22800000e-04  1.65187699e-07 
 4.22900000e-04  1.65082103e-07 
 4.23000000e-04  1.65038312e-07 
 4.23100000e-04  1.70566642e-07 
 4.23200000e-04  1.69783733e-07 
 4.23300000e-04  1.69541429e-07 
 4.23400000e-04  1.69335044e-07 
 4.23500000e-04  1.69233343e-07 
 4.23600000e-04  1.55504691e-07 
 4.23700000e-04  1.54922381e-07 
 4.23800000e-04  1.54662566e-07 
 4.23900000e-04  1.54462680e-07 
 4.24000000e-04  1.54324471e-07 
 4.24100000e-04  1.70382326e-07 
 4.24200000e-04  1.70170832e-07 
 4.24300000e-04  1.70078911e-07 
 4.24400000e-04  1.69996043e-07 
 4.24500000e-04  1.69948898e-07 
 4.24600000e-04  1.57320395e-07 
 4.24700000e-04  1.56959383e-07 
 4.24800000e-04  1.56766572e-07 
 4.24900000e-04  1.56634420e-07 
 4.25000000e-04  1.56564699e-07 
 4.25100000e-04  1.70088234e-07 
 4.25200000e-04  1.69868220e-07 
 4.25300000e-04  1.69789840e-07 
 4.25400000e-04  1.69721049e-07 
 4.25500000e-04  1.69678169e-07 
 4.25600000e-04  1.55804833e-07 
 4.25700000e-04  1.55409061e-07 
 4.25800000e-04  1.55180373e-07 
 4.25900000e-04  1.55007848e-07 
 4.26000000e-04  1.54893112e-07 
 4.26100000e-04  1.71467419e-07 
 4.26200000e-04  1.71154449e-07 
 4.26300000e-04  1.71046301e-07 
 4.26400000e-04  1.70953135e-07 
 4.26500000e-04  1.70887617e-07 
 4.26600000e-04  1.59582833e-07 
 4.26700000e-04  1.59204662e-07 
 4.26800000e-04  1.59015768e-07 
 4.26900000e-04  1.58886224e-07 
 4.27000000e-04  1.58817752e-07 
 4.27100000e-04  1.70164414e-07 
 4.27200000e-04  1.69895905e-07 
 4.27300000e-04  1.69800113e-07 
 4.27400000e-04  1.69715843e-07 
 4.27500000e-04  1.69679179e-07 
 4.27600000e-04  1.55849278e-07 
 4.27700000e-04  1.55406813e-07 
 4.27800000e-04  1.55166290e-07 
 4.27900000e-04  1.54991740e-07 
 4.28000000e-04  1.54885097e-07 
 4.28100000e-04  1.70923318e-07 
 4.28200000e-04  1.70740330e-07 
 4.28300000e-04  1.70645454e-07 
 4.28400000e-04  1.70556053e-07 
 4.28500000e-04  1.70520567e-07 
 4.28600000e-04  1.57907750e-07 
 4.28700000e-04  1.57545048e-07 
 4.28800000e-04  1.57347559e-07 
 4.28900000e-04  1.57210719e-07 
 4.29000000e-04  1.57136292e-07 
 4.29100000e-04  1.70685835e-07 
 4.29200000e-04  1.70446698e-07 
 4.29300000e-04  1.70363405e-07 
 4.29400000e-04  1.70291382e-07 
 4.29500000e-04  1.70269081e-07 
 4.29600000e-04  1.56392378e-07 
 4.29700000e-04  1.55976919e-07 
 4.29800000e-04  1.55752851e-07 
 4.29900000e-04  1.55585656e-07 
 4.30000000e-04  1.55476979e-07 
 4.30100000e-04  1.72613364e-07 
 4.30200000e-04  1.72203046e-07 
 4.30300000e-04  1.72051096e-07 
 4.30400000e-04  1.71916491e-07 
 4.30500000e-04  1.71872020e-07 
 4.30600000e-04  1.61800269e-07 
 4.30700000e-04  1.61447793e-07 
 4.30800000e-04  1.61268092e-07 
 4.30900000e-04  1.61151217e-07 
 4.31000000e-04  1.61098995e-07 
 4.31100000e-04  1.70282894e-07 
 4.31200000e-04  1.69977221e-07 
 4.31300000e-04  1.69867086e-07 
 4.31400000e-04  1.69769829e-07 
 4.31500000e-04  1.69723575e-07 
 4.31600000e-04  1.55928708e-07 
 4.31700000e-04  1.55432362e-07 
 4.31800000e-04  1.55186894e-07 
 4.31900000e-04  1.55006394e-07 
 4.32000000e-04  1.54892760e-07 
 4.32100000e-04  1.70947559e-07 
 4.32200000e-04  1.70747498e-07 
 4.32300000e-04  1.70663130e-07 
 4.32400000e-04  1.70587216e-07 
 4.32500000e-04  1.70542913e-07 
 4.32600000e-04  1.57890528e-07 
 4.32700000e-04  1.57530809e-07 
 4.32800000e-04  1.57343193e-07 
 4.32900000e-04  1.57213428e-07 
 4.33000000e-04  1.57143184e-07 
 4.33100000e-04  1.70697424e-07 
 4.33200000e-04  1.70463849e-07 
 4.33300000e-04  1.70386222e-07 
 4.33400000e-04  1.70320088e-07 
 4.33500000e-04  1.70268799e-07 
 4.33600000e-04  1.56397750e-07 
 4.33700000e-04  1.55975690e-07 
 4.33800000e-04  1.55750824e-07 
 4.33900000e-04  1.55585656e-07 
 4.34000000e-04  1.55481917e-07 
 4.34100000e-04  1.72074820e-07 
 4.34200000e-04  1.71769396e-07 
 4.34300000e-04  1.71654426e-07 
 4.34400000e-04  1.71552541e-07 
 4.34500000e-04  1.71494241e-07 
 4.34600000e-04  1.60162669e-07 
 4.34700000e-04  1.59774535e-07 
 4.34800000e-04  1.59598916e-07 
 4.34900000e-04  1.59481990e-07 
 4.35000000e-04  1.59425447e-07 
 4.35100000e-04  1.70774335e-07 
 4.35200000e-04  1.70501789e-07 
 4.35300000e-04  1.70408998e-07 
 4.35400000e-04  1.70328223e-07 
 4.35500000e-04  1.70288941e-07 
 4.35600000e-04  1.56447059e-07 
 4.35700000e-04  1.55988971e-07 
 4.35800000e-04  1.55757395e-07 
 4.35900000e-04  1.55587842e-07 
 4.36000000e-04  1.55482113e-07 
 4.36100000e-04  1.71546211e-07 
 4.36200000e-04  1.71360069e-07 
 4.36300000e-04  1.71270116e-07 
 4.36400000e-04  1.71186749e-07 
 4.36500000e-04  1.71134952e-07 
 4.36600000e-04  1.58482202e-07 
 4.36700000e-04  1.58129381e-07 
 4.36800000e-04  1.57932383e-07 
 4.36900000e-04  1.57796044e-07 
 4.37000000e-04  1.57722127e-07 
 4.37100000e-04  1.71308415e-07 
 4.37200000e-04  1.71076420e-07 
 4.37300000e-04  1.70990440e-07 
 4.37400000e-04  1.70914955e-07 
 4.37500000e-04  1.70880470e-07 
 4.37600000e-04  1.56986261e-07 
 4.37700000e-04  1.56577110e-07 
 4.37800000e-04  1.56353693e-07 
 4.37900000e-04  1.56184542e-07 
 4.38000000e-04  1.56071209e-07 
 4.38100000e-04  1.73749205e-07 
 4.38200000e-04  1.73232027e-07 
 4.38300000e-04  1.73058453e-07 
 4.38400000e-04  1.72907747e-07 
 4.38500000e-04  1.72848962e-07 
 4.38600000e-04  1.64064420e-07 
 4.38700000e-04  1.63693375e-07 
 4.38800000e-04  1.63525968e-07 
 4.38900000e-04  1.63415547e-07 
 4.39000000e-04  1.63363751e-07 
 4.39100000e-04  1.70572702e-07 
 4.39200000e-04  1.70156938e-07 
 4.39300000e-04  1.70003823e-07 
 4.39400000e-04  1.69869119e-07 
 4.39500000e-04  1.69805431e-07 
 4.39600000e-04  1.56042754e-07 
 4.39700000e-04  1.55497243e-07 
 4.39800000e-04  1.55243297e-07 
 4.39900000e-04  1.55052869e-07 
 4.40000000e-04  1.54927807e-07 
 4.40100000e-04  1.70976075e-07 
 4.40200000e-04  1.70770202e-07 
 4.40300000e-04  1.70683301e-07 
 4.40400000e-04  1.70605047e-07 
 4.40500000e-04  1.70546470e-07 
 4.40600000e-04  1.57926131e-07 
 4.40700000e-04  1.57542730e-07 
 4.40800000e-04  1.57352550e-07 
 4.40900000e-04  1.57220756e-07 
 4.41000000e-04  1.57149028e-07 
 4.41100000e-04  1.70708185e-07 
 4.41200000e-04  1.70485585e-07 
 4.41300000e-04  1.70395004e-07 
 4.41400000e-04  1.70313318e-07 
 4.41500000e-04  1.70291370e-07 
 4.41600000e-04  1.56388936e-07 
 4.41700000e-04  1.55988011e-07 
 4.41800000e-04  1.55760422e-07 
 4.41900000e-04  1.55591951e-07 
 4.42000000e-04  1.55484290e-07 
 4.42100000e-04  1.72073588e-07 
 4.42200000e-04  1.71786065e-07 
 4.42300000e-04  1.71670095e-07 
 4.42400000e-04  1.71565347e-07 
 4.42500000e-04  1.71501804e-07 
 4.42600000e-04  1.60152710e-07 
 4.42700000e-04  1.59779383e-07 
 4.42800000e-04  1.59598591e-07 
 4.42900000e-04  1.59473982e-07 
 4.43000000e-04  1.59407161e-07 
 4.43100000e-04  1.70776793e-07 
 4.43200000e-04  1.70516797e-07 
 4.43300000e-04  1.70417891e-07 
 4.43400000e-04  1.70329537e-07 
 4.43500000e-04  1.70302439e-07 
 4.43600000e-04  1.56449751e-07 
 4.43700000e-04  1.55996972e-07 
 4.43800000e-04  1.55758256e-07 
 4.43900000e-04  1.55581375e-07 
 4.44000000e-04  1.55468115e-07 
 4.44100000e-04  1.71546110e-07 
 4.44200000e-04  1.71355716e-07 
 4.44300000e-04  1.71267605e-07 
 4.44400000e-04  1.71186613e-07 
 4.44500000e-04  1.71139709e-07 
 4.44600000e-04  1.58483022e-07 
 4.44700000e-04  1.58129471e-07 
 4.44800000e-04  1.57938021e-07 
 4.44900000e-04  1.57802681e-07 
 4.45000000e-04  1.57725051e-07 
 4.45100000e-04  1.71322978e-07 
 4.45200000e-04  1.71075510e-07 
 4.45300000e-04  1.70993351e-07 
 4.45400000e-04  1.70923638e-07 
 4.45500000e-04  1.70884700e-07 
 4.45600000e-04  1.56968688e-07 
 4.45700000e-04  1.56573851e-07 
 4.45800000e-04  1.56345585e-07 
 4.45900000e-04  1.56175299e-07 
 4.46000000e-04  1.56064655e-07 
 4.46100000e-04  1.73232309e-07 
 4.46200000e-04  1.72809145e-07 
 4.46300000e-04  1.72669982e-07 
 4.46400000e-04  1.72550344e-07 
 4.46500000e-04  1.72487713e-07 
 4.46600000e-04  1.62406485e-07 
 4.46700000e-04  1.62030432e-07 
 4.46800000e-04  1.61850190e-07 
 4.46900000e-04  1.61734846e-07 
 4.47000000e-04  1.61686284e-07 
 4.47100000e-04  1.70918578e-07 
 4.47200000e-04  1.70599688e-07 
 4.47300000e-04  1.70488030e-07 
 4.47400000e-04  1.70390670e-07 
 4.47500000e-04  1.70340037e-07 
 4.47600000e-04  1.56520099e-07 
 4.47700000e-04  1.56031356e-07 
 4.47800000e-04  1.55787394e-07 
 4.47900000e-04  1.55607903e-07 
 4.48000000e-04  1.55494753e-07 
 4.48100000e-04  1.71577016e-07 
 4.48200000e-04  1.71367879e-07 
 4.48300000e-04  1.71281494e-07 
 4.48400000e-04  1.71204240e-07 
 4.48500000e-04  1.71170495e-07 
 4.48600000e-04  1.58491033e-07 
 4.48700000e-04  1.58139574e-07 
 4.48800000e-04  1.57949563e-07 
 4.48900000e-04  1.57814455e-07 
 4.49000000e-04  1.57735812e-07 
 4.49100000e-04  1.71323626e-07 
 4.49200000e-04  1.71084354e-07 
 4.49300000e-04  1.71004318e-07 
 4.49400000e-04  1.70936047e-07 
 4.49500000e-04  1.70896904e-07 
 4.49600000e-04  1.56986564e-07 
 4.49700000e-04  1.56578646e-07 
 4.49800000e-04  1.56356109e-07 
 4.49900000e-04  1.56185428e-07 
 4.50000000e-04  1.56068065e-07 
 4.50100000e-04  1.72698279e-07 
 4.50200000e-04  1.72383723e-07 
 4.50300000e-04  1.72276957e-07 
 4.50400000e-04  1.72185023e-07 
 4.50500000e-04  1.72122098e-07 
 4.50600000e-04  1.60745493e-07 
 4.50700000e-04  1.60367901e-07 
 4.50800000e-04  1.60199531e-07 
 4.50900000e-04  1.60078767e-07 
 4.51000000e-04  1.60006937e-07 
 4.51100000e-04  1.71404195e-07 
 4.51200000e-04  1.71130809e-07 
 4.51300000e-04  1.71033601e-07 
 4.51400000e-04  1.70948292e-07 
 4.51500000e-04  1.70916452e-07 
 4.51600000e-04  1.57043448e-07 
 4.51700000e-04  1.56577339e-07 
 4.51800000e-04  1.56349001e-07 
 4.51900000e-04  1.56182938e-07 
 4.52000000e-04  1.56080944e-07 
 4.52100000e-04  1.72176268e-07 
 4.52200000e-04  1.71987979e-07 
 4.52300000e-04  1.71893036e-07 
 4.52400000e-04  1.71804142e-07 
 4.52500000e-04  1.71763776e-07 
 4.52600000e-04  1.59082202e-07 
 4.52700000e-04  1.58713823e-07 
 4.52800000e-04  1.58533318e-07 
 4.52900000e-04  1.58398464e-07 
 4.53000000e-04  1.58310524e-07 
 4.53100000e-04  1.71936183e-07 
 4.53200000e-04  1.71701017e-07 
 4.53300000e-04  1.71619216e-07 
 4.53400000e-04  1.71548146e-07 
 4.53500000e-04  1.71496958e-07 
 4.53600000e-04  1.57570414e-07 
 4.53700000e-04  1.57162090e-07 
 4.53800000e-04  1.56942273e-07 
 4.53900000e-04  1.56777585e-07 
 4.54000000e-04  1.56669589e-07 
 4.54100000e-04  1.75443910e-07 
 4.54200000e-04  1.74693870e-07 
 4.54300000e-04  1.74469851e-07 
 4.54400000e-04  1.74281368e-07 
 4.54500000e-04  1.74190483e-07 
 4.54600000e-04  1.67982288e-07 
 4.54700000e-04  1.67617741e-07 
 4.54800000e-04  1.67445350e-07 
 4.54900000e-04  1.67345124e-07 
 4.55000000e-04  1.67319165e-07 
 4.55100000e-04  1.70707510e-07 
 4.55200000e-04  1.69763895e-07 
 4.55300000e-04  1.69510629e-07 
 4.55400000e-04  1.69300934e-07 
 4.55500000e-04  1.69214833e-07 
 4.55600000e-04  1.55547458e-07 
 4.55700000e-04  1.54932926e-07 
 4.55800000e-04  1.54660403e-07 
 4.55900000e-04  1.54456232e-07 
 4.56000000e-04  1.54322400e-07 
 4.56100000e-04  1.70365403e-07 
 4.56200000e-04  1.70169889e-07 
 4.56300000e-04  1.70078141e-07 
 4.56400000e-04  1.69993380e-07 
 4.56500000e-04  1.69960636e-07 
 4.56600000e-04  1.57333059e-07 
 4.56700000e-04  1.56968055e-07 
 4.56800000e-04  1.56778759e-07 
 4.56900000e-04  1.56639311e-07 
 4.57000000e-04  1.56551110e-07 
 4.57100000e-04  1.70094945e-07 
 4.57200000e-04  1.69866677e-07 
 4.57300000e-04  1.69780341e-07 
 4.57400000e-04  1.69703993e-07 
 4.57500000e-04  1.69665275e-07 
 4.57600000e-04  1.55814487e-07 
 4.57700000e-04  1.55398226e-07 
 4.57800000e-04  1.55178968e-07 
 4.57900000e-04  1.55011084e-07 
 4.58000000e-04  1.54896018e-07 
 4.58100000e-04  1.71457693e-07 
 4.58200000e-04  1.71168356e-07 
 4.58300000e-04  1.71055880e-07 
 4.58400000e-04  1.70954996e-07 
 4.58500000e-04  1.70907753e-07 
 4.58600000e-04  1.59566116e-07 
 4.58700000e-04  1.59190378e-07 
 4.58800000e-04  1.59005692e-07 
 4.58900000e-04  1.58879218e-07 
 4.59000000e-04  1.58812611e-07 
 4.59100000e-04  1.70159208e-07 
 4.59200000e-04  1.69891818e-07 
 4.59300000e-04  1.69795904e-07 
 4.59400000e-04  1.69711293e-07 
 4.59500000e-04  1.69677063e-07 
 4.59600000e-04  1.55855058e-07 
 4.59700000e-04  1.55403486e-07 
 4.59800000e-04  1.55172719e-07 
 4.59900000e-04  1.54997693e-07 
 4.60000000e-04  1.54879981e-07 
 4.60100000e-04  1.70937035e-07 
 4.60200000e-04  1.70738631e-07 
 4.60300000e-04  1.70651287e-07 
 4.60400000e-04  1.70572014e-07 
 4.60500000e-04  1.70528312e-07 
 4.60600000e-04  1.57891339e-07 
 4.60700000e-04  1.57545615e-07 
 4.60800000e-04  1.57343748e-07 
 4.60900000e-04  1.57208473e-07 
 4.61000000e-04  1.57141713e-07 
 4.61100000e-04  1.70685308e-07 
 4.61200000e-04  1.70458663e-07 
 4.61300000e-04  1.70379722e-07 
 4.61400000e-04  1.70311215e-07 
 4.61500000e-04  1.70280233e-07 
 4.61600000e-04  1.56384474e-07 
 4.61700000e-04  1.55977146e-07 
 4.61800000e-04  1.55755017e-07 
 4.61900000e-04  1.55588810e-07 
 4.62000000e-04  1.55480105e-07 
 4.62100000e-04  1.72603834e-07 
 4.62200000e-04  1.72196835e-07 
 4.62300000e-04  1.72053686e-07 
 4.62400000e-04  1.71928531e-07 
 4.62500000e-04  1.71857695e-07 
 4.62600000e-04  1.61815414e-07 
 4.62700000e-04  1.61449290e-07 
 4.62800000e-04  1.61266102e-07 
 4.62900000e-04  1.61148324e-07 
 4.63000000e-04  1.61097837e-07 
 4.63100000e-04  1.70279598e-07 
 4.63200000e-04  1.69980322e-07 
 4.63300000e-04  1.69869661e-07 
 4.63400000e-04  1.69771451e-07 
 4.63500000e-04  1.69716930e-07 
 4.63600000e-04  1.55935763e-07 
 4.63700000e-04  1.55442418e-07 
 4.63800000e-04  1.55190383e-07 
 4.63900000e-04  1.55008691e-07 
 4.64000000e-04  1.54899379e-07 
 4.64100000e-04  1.70940694e-07 
 4.64200000e-04  1.70738662e-07 
 4.64300000e-04  1.70653513e-07 
 4.64400000e-04  1.70576691e-07 
 4.64500000e-04  1.70546005e-07 
 4.64600000e-04  1.57895639e-07 
 4.64700000e-04  1.57527441e-07 
 4.64800000e-04  1.57347581e-07 
 4.64900000e-04  1.57217111e-07 
 4.65000000e-04  1.57137208e-07 
 4.65100000e-04  1.72442682e-07 
 4.65200000e-04  1.71949760e-07 
 4.65300000e-04  1.71771349e-07 
 4.65400000e-04  1.71680297e-07 
 4.65500000e-04  1.71617471e-07 
 4.65600000e-04  1.57253687e-07 
 4.65700000e-04  1.56684891e-07 
 4.65800000e-04  1.56424867e-07 
 4.65900000e-04  1.56233544e-07 
 4.66000000e-04  1.56112201e-07 
 4.66100000e-04  1.03759014e-04 
 4.66200000e-04  1.03758514e-04 
 4.66300000e-04  1.03758354e-04 
 4.66400000e-04  1.03758218e-04 
 4.66500000e-04  1.03758155e-04 
 4.66600000e-04  1.03746833e-04 
 4.66700000e-04  1.03746449e-04 
 4.66800000e-04  1.03746247e-04 
 4.66900000e-04  1.03746119e-04 
 4.67000000e-04  1.03746065e-04 
 4.67100000e-04  1.71946219e-07 
 4.67200000e-04  1.71638825e-07 
 4.67300000e-04  1.71534053e-07 
 4.67400000e-04  1.71442592e-07 
 4.67500000e-04  1.71397703e-07 
 4.67600000e-04  1.57554663e-07 
 4.67700000e-04  1.57068730e-07 
 4.67800000e-04  1.56843565e-07 
 4.67900000e-04  1.56672361e-07 
 4.68000000e-04  1.56556634e-07 
 4.68100000e-04  1.72694685e-07 
 4.68200000e-04  1.72502908e-07 
 4.68300000e-04  1.72413112e-07 
 4.68400000e-04  1.72330498e-07 
 4.68500000e-04  1.72280760e-07 
 4.68600000e-04  1.59575007e-07 
 4.68700000e-04  1.59216181e-07 
 4.68800000e-04  1.59031356e-07 
 4.68900000e-04  1.58897458e-07 
 4.69000000e-04  1.58815901e-07 
 4.69100000e-04  1.72475037e-07 
 4.69200000e-04  1.72224673e-07 
 4.69300000e-04  1.72137760e-07 
 4.69400000e-04  1.72063103e-07 
 4.69500000e-04  1.72027898e-07 
 4.69600000e-04  1.58043014e-07 
 4.69700000e-04  1.57643972e-07 
 4.69800000e-04  1.57433785e-07 
 4.69900000e-04  1.57268521e-07 
 4.70000000e-04  1.57149405e-07 
 4.70100000e-04  1.74917369e-07 
 4.70200000e-04  1.74395950e-07 
 4.70300000e-04  1.74218792e-07 
 4.70400000e-04  1.74064358e-07 
 4.70500000e-04  1.73992246e-07 
 4.70600000e-04  1.65137670e-07 
 4.70700000e-04  1.64777266e-07 
 4.70800000e-04  1.64602623e-07 
 4.70900000e-04  1.64492105e-07 
 4.71000000e-04  1.64447545e-07 
 4.71100000e-04  1.71729270e-07 
 4.71200000e-04  1.71301799e-07 
 4.71300000e-04  1.71145077e-07 
 4.71400000e-04  1.71007072e-07 
 4.71500000e-04  1.70955140e-07 
 4.71600000e-04  1.57106961e-07 
 4.71700000e-04  1.56577074e-07 
 4.71800000e-04  1.56322598e-07 
 4.71900000e-04  1.56134429e-07 
 4.72000000e-04  1.56014469e-07 
 4.72100000e-04  1.72129723e-07 
 4.72200000e-04  1.71919447e-07 
 4.72300000e-04  1.71827904e-07 
 4.72400000e-04  1.71745162e-07 
 4.72500000e-04  1.71697382e-07 
 4.72600000e-04  1.58999707e-07 
 4.72700000e-04  1.58620637e-07 
 4.72800000e-04  1.58435966e-07 
 4.72900000e-04  1.58304083e-07 
 4.73000000e-04  1.58226456e-07 
 4.73100000e-04  1.71857604e-07 
 4.73200000e-04  1.71627009e-07 
 4.73300000e-04  1.71535799e-07 
 4.73400000e-04  1.71454021e-07 
 4.73500000e-04  1.71413123e-07 
 4.73600000e-04  1.57458986e-07 
 4.73700000e-04  1.57080066e-07 
 4.73800000e-04  1.56853724e-07 
 4.73900000e-04  1.56678775e-07 
 4.74000000e-04  1.56556649e-07 
 4.74100000e-04  1.73232698e-07 
 4.74200000e-04  1.72922276e-07 
 4.74300000e-04  1.72803768e-07 
 4.74400000e-04  1.72698354e-07 
 4.74500000e-04  1.72634136e-07 
 4.74600000e-04  1.61218543e-07 
 4.74700000e-04  1.60870578e-07 
 4.74800000e-04  1.60693995e-07 
 4.74900000e-04  1.60567298e-07 
 4.75000000e-04  1.60491865e-07 
 4.75100000e-04  1.71940718e-07 
 4.75200000e-04  1.71655041e-07 
 4.75300000e-04  1.71554601e-07 
 4.75400000e-04  1.71466880e-07 
 4.75500000e-04  1.71429769e-07 
 4.75600000e-04  1.57518259e-07 
 4.75700000e-04  1.57067565e-07 
 4.75800000e-04  1.56848617e-07 
 4.75900000e-04  1.56681560e-07 
 4.76000000e-04  1.56567836e-07 
 4.76100000e-04  1.72688937e-07 
 4.76200000e-04  1.72495923e-07 
 4.76300000e-04  1.72406677e-07 
 4.76400000e-04  1.72324661e-07 
 4.76500000e-04  1.72267430e-07 
 4.76600000e-04  1.59549827e-07 
 4.76700000e-04  1.59206975e-07 
 4.76800000e-04  1.59012732e-07 
 4.76900000e-04  1.58879365e-07 
 4.77000000e-04  1.58808600e-07 
 4.77100000e-04  1.72465062e-07 
 4.77200000e-04  1.72216898e-07 
 4.77300000e-04  1.72134557e-07 
 4.77400000e-04  1.72064389e-07 
 4.77500000e-04  1.72013725e-07 
 4.77600000e-04  1.58049487e-07 
 4.77700000e-04  1.57657415e-07 
 4.77800000e-04  1.57424948e-07 
 4.77900000e-04  1.57257894e-07 
 4.78000000e-04  1.57158119e-07 
 4.78100000e-04  1.74370388e-07 
 4.78200000e-04  1.73964497e-07 
 4.78300000e-04  1.73806011e-07 
 4.78400000e-04  1.73663676e-07 
 4.78500000e-04  1.73613540e-07 
 4.78600000e-04  1.63477730e-07 
 4.78700000e-04  1.63106747e-07 
 4.78800000e-04  1.62940727e-07 
 4.78900000e-04  1.62831192e-07 
 4.79000000e-04  1.62779727e-07 
 4.79100000e-04  1.72062731e-07 
 4.79200000e-04  1.71745898e-07 
 4.79300000e-04  1.71633530e-07 
 4.79400000e-04  1.71534986e-07 
 4.79500000e-04  1.71472773e-07 
 4.79600000e-04  1.57589835e-07 
 4.79700000e-04  1.57094606e-07 
 4.79800000e-04  1.56873823e-07 
 4.79900000e-04  1.56696390e-07 
 4.80000000e-04  1.56563473e-07 
 4.80100000e-04  1.72726494e-07 
 4.80200000e-04  1.72515412e-07 
 4.80300000e-04  1.72424247e-07 
 4.80400000e-04  1.72341919e-07 
 4.80500000e-04  1.72298246e-07 
 4.80600000e-04  1.59558197e-07 
 4.80700000e-04  1.59212023e-07 
 4.80800000e-04  1.59025983e-07 
 4.80900000e-04  1.58895460e-07 
 4.81000000e-04  1.58822004e-07 
 4.81100000e-04  1.72466022e-07 
 4.81200000e-04  1.72222442e-07 
 4.81300000e-04  1.72139517e-07 
 4.81400000e-04  1.72068469e-07 
 4.81500000e-04  1.72028688e-07 
 4.81600000e-04  1.58044799e-07 
 4.81700000e-04  1.57655564e-07 
 4.81800000e-04  1.57439744e-07 
 4.81900000e-04  1.57273191e-07 
 4.82000000e-04  1.57157256e-07 
 4.82100000e-04  1.73838923e-07 
 4.82200000e-04  1.73531905e-07 
 4.82300000e-04  1.73404839e-07 
 4.82400000e-04  1.73290077e-07 
 4.82500000e-04  1.73252069e-07 
 4.82600000e-04  1.61804755e-07 
 4.82700000e-04  1.61445473e-07 
 4.82800000e-04  1.61265305e-07 
 4.82900000e-04  1.61145246e-07 
 4.83000000e-04  1.61086991e-07 
 4.83100000e-04  1.72542917e-07 
 4.83200000e-04  1.72267506e-07 
 4.83300000e-04  1.72163998e-07 
 4.83400000e-04  1.72072056e-07 
 4.83500000e-04  1.72051043e-07 
 4.83600000e-04  1.58100553e-07 
 4.83700000e-04  1.57648743e-07 
 4.83800000e-04  1.57433642e-07 
 4.83900000e-04  1.57266808e-07 
 4.84000000e-04  1.57149561e-07 
 4.84100000e-04  1.73321780e-07 
 4.84200000e-04  1.73117955e-07 
 4.84300000e-04  1.73026944e-07 
 4.84400000e-04  1.72943900e-07 
 4.84500000e-04  1.72894775e-07 
 4.84600000e-04  1.60130428e-07 
 4.84700000e-04  1.59783680e-07 
 4.84800000e-04  1.59606946e-07 
 4.84900000e-04  1.59480716e-07 
 4.85000000e-04  1.59406376e-07 
 4.85100000e-04  1.73089296e-07 
 4.85200000e-04  1.72834455e-07 
 4.85300000e-04  1.72748820e-07 
 4.85400000e-04  1.72675787e-07 
 4.85500000e-04  1.72625027e-07 
 4.85600000e-04  1.58618000e-07 
 4.85700000e-04  1.58243237e-07 
 4.85800000e-04  1.58028006e-07 
 4.85900000e-04  1.57859106e-07 
 4.86000000e-04  1.57737791e-07 
 4.86100000e-04  1.76058845e-07 
 4.86200000e-04  1.75431161e-07 
 4.86300000e-04  1.75222186e-07 
 4.86400000e-04  1.75040607e-07 
 4.86500000e-04  1.74970733e-07 
 4.86600000e-04  1.67370861e-07 
 4.86700000e-04  1.67040851e-07 
 4.86800000e-04  1.66865809e-07 
 4.86900000e-04  1.66759754e-07 
 4.87000000e-04  1.66724661e-07 
 4.87100000e-04  1.72357127e-07 
 4.87200000e-04  1.71549200e-07 
 4.87300000e-04  1.71293108e-07 
 4.87400000e-04  1.71074216e-07 
 4.87500000e-04  1.70974368e-07 
 4.87600000e-04  1.57174657e-07 
 4.87700000e-04  1.56595333e-07 
 4.87800000e-04  1.56338171e-07 
 4.87900000e-04  1.56146290e-07 
 4.88000000e-04  1.56021542e-07 
 4.88100000e-04  1.72150262e-07 
 4.88200000e-04  1.71948183e-07 
 4.88300000e-04  1.71845726e-07 
 4.88400000e-04  1.71750547e-07 
 4.88500000e-04  1.71701425e-07 
 4.88600000e-04  1.58988366e-07 
 4.88700000e-04  1.58627792e-07 
 4.88800000e-04  1.58447509e-07 
 4.88900000e-04  1.58318855e-07 
 4.89000000e-04  1.58243515e-07 
 4.89100000e-04  1.72019747e-07 
 4.89200000e-04  1.71675351e-07 
 4.89300000e-04  1.71545027e-07 
 4.89400000e-04  1.71480005e-07 
 4.89500000e-04  1.71426693e-07 
 4.89600000e-04  1.57488408e-07 
 4.89700000e-04  1.57088020e-07 
 4.89800000e-04  1.56863057e-07 
 4.89900000e-04  1.56691442e-07 
 4.90000000e-04  1.56574682e-07 
 4.90100000e-04  1.73223636e-07 
 4.90200000e-04  1.72910245e-07 
 4.90300000e-04  1.72791010e-07 
 4.90400000e-04  1.72685616e-07 
 4.90500000e-04  1.72633408e-07 
 4.90600000e-04  1.61232227e-07 
 4.90700000e-04  1.60863830e-07 
 4.90800000e-04  1.60679856e-07 
 4.90900000e-04  1.60558353e-07 
 4.91000000e-04  1.60501145e-07 
 4.91100000e-04  1.71923060e-07 
 4.91200000e-04  1.71656873e-07 
 4.91300000e-04  1.71560375e-07 
 4.91400000e-04  1.71475106e-07 
 4.91500000e-04  1.71435153e-07 
 4.91600000e-04  1.57518846e-07 
 4.91700000e-04  1.57067005e-07 
 4.91800000e-04  1.56844418e-07 
 4.91900000e-04  1.56677754e-07 
 4.92000000e-04  1.56568639e-07 
 4.92100000e-04  1.72692364e-07 
 4.92200000e-04  1.72503949e-07 
 4.92300000e-04  1.72409180e-07 
 4.92400000e-04  1.72320644e-07 
 4.92500000e-04  1.72269052e-07 
 4.92600000e-04  1.59549647e-07 
 4.92700000e-04  1.59204889e-07 
 4.92800000e-04  1.59013235e-07 
 4.92900000e-04  1.58886736e-07 
 4.93000000e-04  1.58827337e-07 
 4.93100000e-04  1.72462805e-07 
 4.93200000e-04  1.72239130e-07 
 4.93300000e-04  1.72139605e-07 
 4.93400000e-04  1.72048517e-07 
 4.93500000e-04  1.72021590e-07 
 4.93600000e-04  1.58057350e-07 
 4.93700000e-04  1.57651996e-07 
 4.93800000e-04  1.57425408e-07 
 4.93900000e-04  1.57257475e-07 
 4.94000000e-04  1.57150082e-07 
 4.94100000e-04  1.74801282e-07 
 4.94200000e-04  1.74167253e-07 
 4.94300000e-04  1.73970726e-07 
 4.94400000e-04  1.73889531e-07 
 4.94500000e-04  1.73828607e-07 
 4.94600000e-04  1.63750427e-07 
 4.94700000e-04  1.63427402e-07 
 4.94800000e-04  1.63233385e-07 
 4.94900000e-04  1.63085021e-07 
 4.95000000e-04  1.62983678e-07 
 4.95100000e-04  1.72057876e-07 
 4.95200000e-04  1.71729448e-07 
 4.95300000e-04  1.71616423e-07 
 4.95400000e-04  1.71518124e-07 
 4.95500000e-04  1.71469852e-07 
 4.95600000e-04  1.57585586e-07 
 4.95700000e-04  1.57113573e-07 
 4.95800000e-04  1.56865952e-07 
 4.95900000e-04  1.56682102e-07 
 4.96000000e-04  1.56563981e-07 
 4.96100000e-04  1.72710113e-07 
 4.96200000e-04  1.72507598e-07 
 4.96300000e-04  1.72418060e-07 
 4.96400000e-04  1.72336695e-07 
 4.96500000e-04  1.72290649e-07 
 4.96600000e-04  1.59556907e-07 
 4.96700000e-04  1.59207562e-07 
 4.96800000e-04  1.59031427e-07 
 4.96900000e-04  1.58900009e-07 
 4.97000000e-04  1.58814689e-07 
 4.97100000e-04  1.72476639e-07 
 4.97200000e-04  1.72229077e-07 
 4.97300000e-04  1.72135316e-07 
 4.97400000e-04  1.72052951e-07 
 4.97500000e-04  1.72030498e-07 
 4.97600000e-04  1.58047886e-07 
 4.97700000e-04  1.57641697e-07 
 4.97800000e-04  1.57436574e-07 
 4.97900000e-04  1.57273486e-07 
 4.98000000e-04  1.57153746e-07 
 4.98100000e-04  1.73847290e-07 
 4.98200000e-04  1.73532052e-07 
 4.98300000e-04  1.73416583e-07 
 4.98400000e-04  1.73315181e-07 
 4.98500000e-04  1.73249267e-07 
 4.98600000e-04  1.61802850e-07 
 4.98700000e-04  1.61462506e-07 
 4.98800000e-04  1.61273855e-07 
 4.98900000e-04  1.61147150e-07 
 4.99000000e-04  1.61084358e-07 
 4.99100000e-04  1.72559611e-07 
 4.99200000e-04  1.72262062e-07 
 4.99300000e-04  1.72164936e-07 
 4.99400000e-04  1.72082152e-07 
 4.99500000e-04  1.72037015e-07 
 4.99600000e-04  1.58109808e-07 
 4.99700000e-04  1.57666814e-07 
 4.99800000e-04  1.57434595e-07 
 4.99900000e-04  1.57262344e-07 
 5.00000000e-04  1.57151962e-07 
 5.00100000e-04  1.73324435e-07 
 5.00200000e-04  1.73119988e-07 
 5.00300000e-04  1.73025905e-07 
 5.00400000e-04  1.72939675e-07 
 5.00500000e-04  1.72889527e-07 
 5.00600000e-04  1.60136941e-07 
 5.00700000e-04  1.59780050e-07 
 5.00800000e-04  1.59610061e-07 
 5.00900000e-04  1.59484533e-07 
 5.01000000e-04  1.59404878e-07 
 5.01100000e-04  1.73082431e-07 
 5.01200000e-04  1.72833111e-07 
 5.01300000e-04  1.72737893e-07 
 5.01400000e-04  1.72654028e-07 
 5.01500000e-04  1.72623532e-07 
 5.01600000e-04  1.58621622e-07 
 5.01700000e-04  1.58242982e-07 
 5.01800000e-04  1.58017489e-07 
 5.01900000e-04  1.57851756e-07 
 5.02000000e-04  1.57747676e-07 
 5.02100000e-04  1.75513725e-07 
 5.02200000e-04  1.75008064e-07 
 5.02300000e-04  1.74827471e-07 
 5.02400000e-04  1.74667719e-07 
 5.02500000e-04  1.74593406e-07 
 5.02600000e-04  1.65726655e-07 
 5.02700000e-04  1.65367548e-07 
 5.02800000e-04  1.65190654e-07 
 5.02900000e-04  1.65080398e-07 
 5.03000000e-04  1.65038895e-07 
 5.03100000e-04  1.72348814e-07 
 5.03200000e-04  1.71921093e-07 
 5.03300000e-04  1.71765767e-07 
 5.03400000e-04  1.71629300e-07 
 5.03500000e-04  1.71553231e-07 
 5.03600000e-04  1.57691990e-07 
 5.03700000e-04  1.57163480e-07 
 5.03800000e-04  1.56908826e-07 
 5.03900000e-04  1.56725465e-07 
 5.04000000e-04  1.56615660e-07 
 5.04100000e-04  1.72759718e-07 
 5.04200000e-04  1.72537207e-07 
 5.04300000e-04  1.72449890e-07 
 5.04400000e-04  1.72373101e-07 
 5.04500000e-04  1.72322019e-07 
 5.04600000e-04  1.59571336e-07 
 5.04700000e-04  1.59227168e-07 
 5.04800000e-04  1.59034760e-07 
 5.04900000e-04  1.58900212e-07 
 5.05000000e-04  1.58825360e-07 
 5.05100000e-04  1.74229281e-07 
 5.05200000e-04  1.73721132e-07 
 5.05300000e-04  1.73528129e-07 
 5.05400000e-04  1.73439334e-07 
 5.05500000e-04  1.73384210e-07 
 5.05600000e-04  1.58909529e-07 
 5.05700000e-04  1.58348387e-07 
 5.05800000e-04  1.58096097e-07 
 5.05900000e-04  1.57911858e-07 
 5.06000000e-04  1.57797127e-07 
 5.06100000e-04  1.03760797e-04 
 5.06200000e-04  1.03760296e-04 
 5.06300000e-04  1.03760129e-04 
 5.06400000e-04  1.03759984e-04 
 5.06500000e-04  1.03759938e-04 
 5.06600000e-04  1.03748500e-04 
 5.06700000e-04  1.03748126e-04 
 5.06800000e-04  1.03747936e-04 
 5.06900000e-04  1.03747807e-04 
 5.07000000e-04  1.03747741e-04 
 5.07100000e-04  1.73727962e-07 
 5.07200000e-04  1.73398418e-07 
 5.07300000e-04  1.73283790e-07 
 5.07400000e-04  1.73183669e-07 
 5.07500000e-04  1.73159545e-07 
 5.07600000e-04  1.59198761e-07 
 5.07700000e-04  1.58754880e-07 
 5.07800000e-04  1.58527982e-07 
 5.07900000e-04  1.58358268e-07 
 5.08000000e-04  1.58247553e-07 
 5.08100000e-04  1.74474833e-07 
 5.08200000e-04  1.74265240e-07 
 5.08300000e-04  1.74178951e-07 
 5.08400000e-04  1.74101899e-07 
 5.08500000e-04  1.74030327e-07 
 5.08600000e-04  1.61229061e-07 
 5.08700000e-04  1.60888177e-07 
 5.08800000e-04  1.60700659e-07 
 5.08900000e-04  1.60569480e-07 
 5.09000000e-04  1.60496427e-07 
 5.09100000e-04  1.74247487e-07 
 5.09200000e-04  1.73998705e-07 
 5.09300000e-04  1.73903515e-07 
 5.09400000e-04  1.73819121e-07 
 5.09500000e-04  1.73785258e-07 
 5.09600000e-04  1.59723984e-07 
 5.09700000e-04  1.59321374e-07 
 5.09800000e-04  1.59105267e-07 
 5.09900000e-04  1.58946001e-07 
 5.10000000e-04  1.58845381e-07 
 5.10100000e-04  1.76159518e-07 
 5.10200000e-04  1.75728533e-07 
 5.10300000e-04  1.75573020e-07 
 5.10400000e-04  1.75436342e-07 
 5.10500000e-04  1.75383482e-07 
 5.10600000e-04  1.65146786e-07 
 5.10700000e-04  1.64790857e-07 
 5.10800000e-04  1.64624727e-07 
 5.10900000e-04  1.64515375e-07 
 5.11000000e-04  1.64464601e-07 
 5.11100000e-04  1.73836054e-07 
 5.11200000e-04  1.73512756e-07 
 5.11300000e-04  1.73383866e-07 
 5.11400000e-04  1.73267572e-07 
 5.11500000e-04  1.73222721e-07 
 5.11600000e-04  1.59255134e-07 
 5.11700000e-04  1.58776421e-07 
 5.11800000e-04  1.58544318e-07 
 5.11900000e-04  1.58370668e-07 
 5.12000000e-04  1.58257325e-07 
 5.12100000e-04  1.74488467e-07 
 5.12200000e-04  1.74278786e-07 
 5.12300000e-04  1.74178741e-07 
 5.12400000e-04  1.74086477e-07 
 5.12500000e-04  1.74055485e-07 
 5.12600000e-04  1.61230172e-07 
 5.12700000e-04  1.60882637e-07 
 5.12800000e-04  1.60707729e-07 
 5.12900000e-04  1.60583277e-07 
 5.13000000e-04  1.60510882e-07 
 5.13100000e-04  1.74248510e-07 
 5.13200000e-04  1.73988469e-07 
 5.13300000e-04  1.73894462e-07 
 5.13400000e-04  1.73812787e-07 
 5.13500000e-04  1.73776824e-07 
 5.13600000e-04  1.59697783e-07 
 5.13700000e-04  1.59308760e-07 
 5.13800000e-04  1.59099227e-07 
 5.13900000e-04  1.58942494e-07 
 5.14000000e-04  1.58840236e-07 
 5.14100000e-04  1.75613506e-07 
 5.14200000e-04  1.75298015e-07 
 5.14300000e-04  1.75175794e-07 
 5.14400000e-04  1.75066844e-07 
 5.14500000e-04  1.75002300e-07 
 5.14600000e-04  1.63460615e-07 
 5.14700000e-04  1.63127684e-07 
 5.14800000e-04  1.62950699e-07 
 5.14900000e-04  1.62835638e-07 
 5.15000000e-04  1.62784463e-07 
 5.15100000e-04  1.74316463e-07 
 5.15200000e-04  1.74032544e-07 
 5.15300000e-04  1.73931466e-07 
 5.15400000e-04  1.73842262e-07 
 5.15500000e-04  1.73808517e-07 
 5.15600000e-04  1.59766708e-07 
 5.15700000e-04  1.59336723e-07 
 5.15800000e-04  1.59124250e-07 
 5.15900000e-04  1.58958204e-07 
 5.16000000e-04  1.58840059e-07 
 5.16100000e-04  1.75089847e-07 
 5.16200000e-04  1.74873835e-07 
 5.16300000e-04  1.74779090e-07 
 5.16400000e-04  1.74693425e-07 
 5.16500000e-04  1.74637435e-07 
 5.16600000e-04  1.61808774e-07 
 5.16700000e-04  1.61458594e-07 
 5.16800000e-04  1.61286906e-07 
 5.16900000e-04  1.61160276e-07 
 5.17000000e-04  1.61080133e-07 
 5.17100000e-04  1.74852646e-07 
 5.17200000e-04  1.74602580e-07 
 5.17300000e-04  1.74510504e-07 
 5.17400000e-04  1.74429836e-07 
 5.17500000e-04  1.74391142e-07 
 5.17600000e-04  1.60297329e-07 
 5.17700000e-04  1.59897476e-07 
 5.17800000e-04  1.59694717e-07 
 5.17900000e-04  1.59537219e-07 
 5.18000000e-04  1.59426419e-07 
 5.18100000e-04  1.88938324e-07 
 5.18200000e-04  1.86327422e-07 
 5.18300000e-04  1.85523114e-07 
 5.18400000e-04  1.85266417e-07 
 5.18500000e-04  1.85009719e-07 
 5.18600000e-04  1.75735116e-07 
 5.18700000e-04  1.74593809e-07 
 5.18800000e-04  1.74272600e-07 
 5.18900000e-04  1.74066501e-07 
 5.19000000e-04  1.73977586e-07 
 5.19100000e-04  1.71278308e-07 
 5.19200000e-04  1.70526983e-07 
 5.19300000e-04  1.70311033e-07 
 5.19400000e-04  1.70128625e-07 
 5.19500000e-04  1.70058026e-07 
 5.19600000e-04  1.57648356e-07 
 5.19700000e-04  1.56967615e-07 
 5.19800000e-04  1.56707083e-07 
 5.19900000e-04 -0.00000000e+00 
 5.20000000e-04  1.56574783e-07 
