 time            -i(vdd)        
 2.60000000e-04 -1.26577369e-04 
 2.60100000e-04  1.83721550e-07 
 2.60200000e-04  1.75016410e-07 
 2.60300000e-04  1.72689743e-07 
 2.60400000e-04  1.70727184e-07 
 2.60500000e-04  1.70076417e-07 
 2.60600000e-04  1.76680918e-07 
 2.60700000e-04  1.75910674e-07 
 2.60800000e-04  1.75485101e-07 
 2.60900000e-04  1.75138954e-07 
 2.61000000e-04  1.74873955e-07 
 2.61100000e-04  1.56450233e-07 
 2.61200000e-04  1.54082223e-07 
 2.61300000e-04  1.53485116e-07 
 2.61400000e-04  1.53005206e-07 
 2.61500000e-04  1.52784218e-07 
 2.61600000e-04  1.38889484e-07 
 2.61700000e-04  1.37641129e-07 
 2.61800000e-04  1.37195692e-07 
 2.61900000e-04  1.36878244e-07 
 2.62000000e-04  1.36692845e-07 
 2.62100000e-04  1.61892421e-07 
 2.62200000e-04  1.60617926e-07 
 2.62300000e-04  1.60334178e-07 
 2.62400000e-04  1.60130679e-07 
 2.62500000e-04  1.60040564e-07 
 2.62600000e-04  1.48504023e-07 
 2.62700000e-04  1.47914221e-07 
 2.62800000e-04  1.47632395e-07 
 2.62900000e-04  1.47419797e-07 
 2.63000000e-04  1.47277910e-07 
 2.63100000e-04  1.99995283e-07 
 2.63200000e-04  1.94211962e-07 
 2.63300000e-04  1.92920580e-07 
 2.63400000e-04  1.91924650e-07 
 2.63500000e-04  1.91648380e-07 
 2.63600000e-04  1.78204429e-07 
 2.63700000e-04  1.77569542e-07 
 2.63800000e-04  1.77243088e-07 
 2.63900000e-04  1.76996674e-07 
 2.64000000e-04  1.76832836e-07 
 2.64100000e-04  1.72670002e-07 
 2.64200000e-04  1.68079037e-07 
 2.64300000e-04  1.67030321e-07 
 2.64400000e-04  1.66212660e-07 
 2.64500000e-04  1.65970955e-07 
 2.64600000e-04  1.53753195e-07 
 2.64700000e-04  1.53128943e-07 
 2.64800000e-04  1.52826587e-07 
 2.64900000e-04  1.52598137e-07 
 2.65000000e-04  1.52445937e-07 
 2.65100000e-04  1.66019698e-07 
 2.65200000e-04  1.65522732e-07 
 2.65300000e-04  1.65365406e-07 
 2.65400000e-04  1.65230822e-07 
 2.65500000e-04  1.65179735e-07 
 2.65600000e-04  1.51597126e-07 
 2.65700000e-04  1.51150911e-07 
 2.65800000e-04  1.50903127e-07 
 2.65900000e-04  1.50728561e-07 
 2.66000000e-04  1.50629530e-07 
 2.66100000e-04  1.66990586e-07 
 2.66200000e-04  1.66737448e-07 
 2.66300000e-04  1.66638920e-07 
 2.66400000e-04  1.66550129e-07 
 2.66500000e-04  1.66504588e-07 
 2.66600000e-04  1.55425073e-07 
 2.66700000e-04  1.55022608e-07 
 2.66800000e-04  1.54810097e-07 
 2.66900000e-04  1.54663285e-07 
 2.67000000e-04  1.54584249e-07 
 2.67100000e-04  1.66084974e-07 
 2.67200000e-04  1.65566505e-07 
 2.67300000e-04  1.65410304e-07 
 2.67400000e-04  1.65276848e-07 
 2.67500000e-04  1.65221181e-07 
 2.67600000e-04  1.51670119e-07 
 2.67700000e-04  1.51177065e-07 
 2.67800000e-04  1.50920018e-07 
 2.67900000e-04  1.50723053e-07 
 2.68000000e-04  1.50588072e-07 
 2.68100000e-04  1.66396401e-07 
 2.68200000e-04  1.66215660e-07 
 2.68300000e-04  1.66135003e-07 
 2.68400000e-04  1.66061347e-07 
 2.68500000e-04  1.66035800e-07 
 2.68600000e-04  1.53649350e-07 
 2.68700000e-04  1.53257303e-07 
 2.68800000e-04  1.53038358e-07 
 2.68900000e-04  1.52886768e-07 
 2.69000000e-04  1.52804661e-07 
 2.69100000e-04  1.66132900e-07 
 2.69200000e-04  1.65903356e-07 
 2.69300000e-04  1.65831544e-07 
 2.69400000e-04  1.65771559e-07 
 2.69500000e-04  1.65755058e-07 
 2.69600000e-04  1.52110161e-07 
 2.69700000e-04  1.51661506e-07 
 2.69800000e-04  1.51423454e-07 
 2.69900000e-04  1.51246566e-07 
 2.70000000e-04  1.51132776e-07 
 2.70100000e-04  1.68004803e-07 
 2.70200000e-04  1.67641012e-07 
 2.70300000e-04  1.67507221e-07 
 2.70400000e-04  1.67387943e-07 
 2.70500000e-04  1.67320212e-07 
 2.70600000e-04  1.57534500e-07 
 2.70700000e-04  1.57129667e-07 
 2.70800000e-04  1.56925486e-07 
 2.70900000e-04  1.56794492e-07 
 2.71000000e-04  1.56738999e-07 
 2.71100000e-04  1.66101487e-07 
 2.71200000e-04  1.65545260e-07 
 2.71300000e-04  1.65378123e-07 
 2.71400000e-04  1.65235152e-07 
 2.71500000e-04  1.65195782e-07 
 2.71600000e-04  1.51646533e-07 
 2.71700000e-04  1.51104598e-07 
 2.71800000e-04  1.50845415e-07 
 2.71900000e-04  1.50646326e-07 
 2.72000000e-04  1.50509228e-07 
 2.72100000e-04  1.66319260e-07 
 2.72200000e-04  1.66151735e-07 
 2.72300000e-04  1.66075964e-07 
 2.72400000e-04  1.66006519e-07 
 2.72500000e-04  1.65970138e-07 
 2.72600000e-04  1.53577007e-07 
 2.72700000e-04  1.53186522e-07 
 2.72800000e-04  1.52982080e-07 
 2.72900000e-04  1.52833040e-07 
 2.73000000e-04  1.52741148e-07 
 2.73100000e-04  1.66062889e-07 
 2.73200000e-04  1.65854326e-07 
 2.73300000e-04  1.65781124e-07 
 2.73400000e-04  1.65717286e-07 
 2.73500000e-04  1.65688225e-07 
 2.73600000e-04  1.52059864e-07 
 2.73700000e-04  1.51614348e-07 
 2.73800000e-04  1.51386879e-07 
 2.73900000e-04  1.51209557e-07 
 2.74000000e-04  1.51083963e-07 
 2.74100000e-04  1.67429544e-07 
 2.74200000e-04  1.67153977e-07 
 2.74300000e-04  1.67056602e-07 
 2.74400000e-04  1.66971335e-07 
 2.74500000e-04  1.66917828e-07 
 2.74600000e-04  1.55822519e-07 
 2.74700000e-04  1.55420711e-07 
 2.74800000e-04  1.55211770e-07 
 2.74900000e-04  1.55069994e-07 
 2.75000000e-04  1.54997503e-07 
 2.75100000e-04  1.66138702e-07 
 2.75200000e-04  1.65903946e-07 
 2.75300000e-04  1.65816198e-07 
 2.75400000e-04  1.65737847e-07 
 2.75500000e-04  1.65705621e-07 
 2.75600000e-04  1.52107313e-07 
 2.75700000e-04  1.51634446e-07 
 2.75800000e-04  1.51382212e-07 
 2.75900000e-04  1.51189755e-07 
 2.76000000e-04  1.51058959e-07 
 2.76100000e-04  1.66898413e-07 
 2.76200000e-04  1.66722482e-07 
 2.76300000e-04  1.66650602e-07 
 2.76400000e-04  1.66586037e-07 
 2.76500000e-04  1.66553707e-07 
 2.76600000e-04  1.54137516e-07 
 2.76700000e-04  1.53738470e-07 
 2.76800000e-04  1.53540353e-07 
 2.76900000e-04  1.53401069e-07 
 2.77000000e-04  1.53322450e-07 
 2.77100000e-04  1.68415001e-07 
 2.77200000e-04  1.67937319e-07 
 2.77300000e-04  1.67763023e-07 
 2.77400000e-04  1.67682757e-07 
 2.77500000e-04  1.67632874e-07 
 2.77600000e-04  1.53487002e-07 
 2.77700000e-04  1.52875703e-07 
 2.77800000e-04  1.52616030e-07 
 2.77900000e-04  1.52424967e-07 
 2.78000000e-04  1.52303965e-07 
 2.78100000e-04  1.03756011e-04 
 2.78200000e-04  1.03755320e-04 
 2.78300000e-04  1.03755125e-04 
 2.78400000e-04  1.03754963e-04 
 2.78500000e-04  1.03754886e-04 
 2.78600000e-04  1.03746368e-04 
 2.78700000e-04  1.03745947e-04 
 2.78800000e-04  1.03745748e-04 
 2.78900000e-04  1.03745620e-04 
 2.79000000e-04  1.03745567e-04 
 2.79100000e-04  1.67438642e-07 
 2.79200000e-04  1.66734131e-07 
 2.79300000e-04  1.66532839e-07 
 2.79400000e-04  1.66364457e-07 
 2.79500000e-04  1.66300512e-07 
 2.79600000e-04  1.52771248e-07 
 2.79700000e-04  1.52174977e-07 
 2.79800000e-04  1.51901091e-07 
 2.79900000e-04  1.51699222e-07 
 2.80000000e-04  1.51571639e-07 
 2.80100000e-04  1.67457306e-07 
 2.80200000e-04  1.67277606e-07 
 2.80300000e-04  1.67197434e-07 
 2.80400000e-04  1.67124558e-07 
 2.80500000e-04  1.67092475e-07 
 2.80600000e-04  1.54629536e-07 
 2.80700000e-04  1.54245823e-07 
 2.80800000e-04  1.54048446e-07 
 2.80900000e-04  1.53902444e-07 
 2.81000000e-04  1.53809427e-07 
 2.81100000e-04  1.67192446e-07 
 2.81200000e-04  1.66983708e-07 
 2.81300000e-04  1.66905205e-07 
 2.81400000e-04  1.66835788e-07 
 2.81500000e-04  1.66812714e-07 
 2.81600000e-04  1.53110761e-07 
 2.81700000e-04  1.52693593e-07 
 2.81800000e-04  1.52440089e-07 
 2.81900000e-04  1.52252608e-07 
 2.82000000e-04  1.52133223e-07 
 2.82100000e-04  1.68559006e-07 
 2.82200000e-04  1.68270755e-07 
 2.82300000e-04  1.68168025e-07 
 2.82400000e-04  1.68078087e-07 
 2.82500000e-04  1.68041236e-07 
 2.82600000e-04  1.56883430e-07 
 2.82700000e-04  1.56485499e-07 
 2.82800000e-04  1.56274094e-07 
 2.82900000e-04  1.56133980e-07 
 2.83000000e-04  1.56067397e-07 
 2.83100000e-04  1.67257130e-07 
 2.83200000e-04  1.67009723e-07 
 2.83300000e-04  1.66929867e-07 
 2.83400000e-04  1.66861065e-07 
 2.83500000e-04  1.66817335e-07 
 2.83600000e-04  1.53158212e-07 
 2.83700000e-04  1.52687891e-07 
 2.83800000e-04  1.52449870e-07 
 2.83900000e-04  1.52262525e-07 
 2.84000000e-04  1.52127440e-07 
 2.84100000e-04  1.68028472e-07 
 2.84200000e-04  1.67854875e-07 
 2.84300000e-04  1.67772849e-07 
 2.84400000e-04  1.67696950e-07 
 2.84500000e-04  1.67660227e-07 
 2.84600000e-04  1.55202803e-07 
 2.84700000e-04  1.54821105e-07 
 2.84800000e-04  1.54617599e-07 
 2.84900000e-04  1.54472180e-07 
 2.85000000e-04  1.54386669e-07 
 2.85100000e-04  1.67798315e-07 
 2.85200000e-04  1.67583532e-07 
 2.85300000e-04  1.67509619e-07 
 2.85400000e-04  1.67445940e-07 
 2.85500000e-04  1.67412319e-07 
 2.85600000e-04  1.53687350e-07 
 2.85700000e-04  1.53261218e-07 
 2.85800000e-04  1.53022170e-07 
 2.85900000e-04  1.52840309e-07 
 2.86000000e-04  1.52717423e-07 
 2.86100000e-04  1.69702426e-07 
 2.86200000e-04  1.69316511e-07 
 2.86300000e-04  1.69173765e-07 
 2.86400000e-04  1.69046767e-07 
 2.86500000e-04  1.69009497e-07 
 2.86600000e-04  1.59121283e-07 
 2.86700000e-04  1.58724484e-07 
 2.86800000e-04  1.58540266e-07 
 2.86900000e-04  1.58409486e-07 
 2.87000000e-04  1.58333817e-07 
 2.87100000e-04  1.67380584e-07 
 2.87200000e-04  1.67104441e-07 
 2.87300000e-04  1.66997273e-07 
 2.87400000e-04  1.66900667e-07 
 2.87500000e-04  1.66875264e-07 
 2.87600000e-04  1.53222409e-07 
 2.87700000e-04  1.52717029e-07 
 2.87800000e-04  1.52456548e-07 
 2.87900000e-04  1.52261915e-07 
 2.88000000e-04  1.52135197e-07 
 2.88100000e-04  1.68057465e-07 
 2.88200000e-04  1.67870087e-07 
 2.88300000e-04  1.67792077e-07 
 2.88400000e-04  1.67722133e-07 
 2.88500000e-04  1.67687590e-07 
 2.88600000e-04  1.55191697e-07 
 2.88700000e-04  1.54822069e-07 
 2.88800000e-04  1.54607873e-07 
 2.88900000e-04  1.54465781e-07 
 2.89000000e-04  1.54398055e-07 
 2.89100000e-04  1.67791988e-07 
 2.89200000e-04  1.67589474e-07 
 2.89300000e-04  1.67512416e-07 
 2.89400000e-04  1.67443666e-07 
 2.89500000e-04  1.67401201e-07 
 2.89600000e-04  1.53687386e-07 
 2.89700000e-04  1.53265316e-07 
 2.89800000e-04  1.53019803e-07 
 2.89900000e-04  1.52835106e-07 
 2.90000000e-04  1.52713129e-07 
 2.90100000e-04  1.69165879e-07 
 2.90200000e-04  1.68875546e-07 
 2.90300000e-04  1.68770086e-07 
 2.90400000e-04  1.68676974e-07 
 2.90500000e-04  1.68646620e-07 
 2.90600000e-04  1.57446949e-07 
 2.90700000e-04  1.57060620e-07 
 2.90800000e-04  1.56857820e-07 
 2.90900000e-04  1.56720434e-07 
 2.91000000e-04  1.56650509e-07 
 2.91100000e-04  1.67887324e-07 
 2.91200000e-04  1.67635181e-07 
 2.91300000e-04  1.67540098e-07 
 2.91400000e-04  1.67455434e-07 
 2.91500000e-04  1.67427446e-07 
 2.91600000e-04  1.53738055e-07 
 2.91700000e-04  1.53256977e-07 
 2.91800000e-04  1.53014622e-07 
 2.91900000e-04  1.52832232e-07 
 2.92000000e-04  1.52711682e-07 
 2.92100000e-04  1.68642924e-07 
 2.92200000e-04  1.68477213e-07 
 2.92300000e-04  1.68397929e-07 
 2.92400000e-04  1.68324300e-07 
 2.92500000e-04  1.68281913e-07 
 2.92600000e-04  1.55781766e-07 
 2.92700000e-04  1.55384078e-07 
 2.92800000e-04  1.55189704e-07 
 2.92900000e-04  1.55051767e-07 
 2.93000000e-04  1.54972030e-07 
 2.93100000e-04  1.68404733e-07 
 2.93200000e-04  1.68200851e-07 
 2.93300000e-04  1.68120266e-07 
 2.93400000e-04  1.68047875e-07 
 2.93500000e-04  1.68015124e-07 
 2.93600000e-04  1.54264867e-07 
 2.93700000e-04  1.53836828e-07 
 2.93800000e-04  1.53597243e-07 
 2.93900000e-04  1.53421746e-07 
 2.94000000e-04  1.53312310e-07 
 2.94100000e-04  1.74349134e-07 
 2.94200000e-04  1.72863317e-07 
 2.94300000e-04  1.72410160e-07 
 2.94400000e-04  1.72228313e-07 
 2.94500000e-04  1.72134133e-07 
 2.94600000e-04  1.64368735e-07 
 2.94700000e-04  1.63831968e-07 
 2.94800000e-04  1.63593350e-07 
 2.94900000e-04  1.63414073e-07 
 2.95000000e-04  1.63295377e-07 
 2.95100000e-04  1.03754654e-04 
 2.95200000e-04  1.03753601e-04 
 2.95300000e-04  1.03753311e-04 
 2.95400000e-04  1.03753071e-04 
 2.95500000e-04  1.03752984e-04 
 2.95600000e-04  1.03739451e-04 
 2.95700000e-04  1.03738818e-04 
 2.95800000e-04  1.03738543e-04 
 2.95900000e-04  1.03738333e-04 
 2.96000000e-04  1.03738189e-04 
 2.96100000e-04  1.68617395e-07 
 2.96200000e-04  1.68388843e-07 
 2.96300000e-04  1.68302899e-07 
 2.96400000e-04  1.68227078e-07 
 2.96500000e-04  1.68180893e-07 
 2.96600000e-04  1.55704615e-07 
 2.96700000e-04  1.55298264e-07 
 2.96800000e-04  1.55100213e-07 
 2.96900000e-04  1.54961168e-07 
 2.97000000e-04  1.54882965e-07 
 2.97100000e-04  1.68322276e-07 
 2.97200000e-04  1.68123088e-07 
 2.97300000e-04  1.68042374e-07 
 2.97400000e-04  1.67969116e-07 
 2.97500000e-04  1.67927997e-07 
 2.97600000e-04  1.54182178e-07 
 2.97700000e-04  1.53765262e-07 
 2.97800000e-04  1.53527034e-07 
 2.97900000e-04  1.53345172e-07 
 2.98000000e-04  1.53221430e-07 
 2.98100000e-04  1.69709870e-07 
 2.98200000e-04  1.69398218e-07 
 2.98300000e-04  1.69296989e-07 
 2.98400000e-04  1.69211353e-07 
 2.98500000e-04  1.69157131e-07 
 2.98600000e-04  1.57937506e-07 
 2.98700000e-04  1.57543023e-07 
 2.98800000e-04  1.57349504e-07 
 2.98900000e-04  1.57214917e-07 
 2.99000000e-04  1.57141098e-07 
 2.99100000e-04  1.68408371e-07 
 2.99200000e-04  1.68142826e-07 
 2.99300000e-04  1.68048190e-07 
 2.99400000e-04  1.67965206e-07 
 2.99500000e-04  1.67945911e-07 
 2.99600000e-04  1.54217417e-07 
 2.99700000e-04  1.53738702e-07 
 2.99800000e-04  1.53503073e-07 
 2.99900000e-04  1.53327071e-07 
 3.00000000e-04  1.53212547e-07 
 3.00100000e-04  1.69169084e-07 
 3.00200000e-04  1.68979524e-07 
 3.00300000e-04  1.68896900e-07 
 3.00400000e-04  1.68821863e-07 
 3.00500000e-04  1.68782385e-07 
 3.00600000e-04  1.56250176e-07 
 3.00700000e-04  1.55869371e-07 
 3.00800000e-04  1.55681018e-07 
 3.00900000e-04  1.55541741e-07 
 3.01000000e-04  1.55453060e-07 
 3.01100000e-04  1.68927988e-07 
 3.01200000e-04  1.68705699e-07 
 3.01300000e-04  1.68623324e-07 
 3.01400000e-04  1.68551053e-07 
 3.01500000e-04  1.68527803e-07 
 3.01600000e-04  1.54729714e-07 
 3.01700000e-04  1.54321136e-07 
 3.01800000e-04  1.54082929e-07 
 3.01900000e-04  1.53910187e-07 
 3.02000000e-04  1.53804947e-07 
 3.02100000e-04  1.70848657e-07 
 3.02200000e-04  1.70439618e-07 
 3.02300000e-04  1.70303463e-07 
 3.02400000e-04  1.70186135e-07 
 3.02500000e-04  1.70136451e-07 
 3.02600000e-04  1.60154503e-07 
 3.02700000e-04  1.59783531e-07 
 3.02800000e-04  1.59590389e-07 
 3.02900000e-04  1.59469603e-07 
 3.03000000e-04  1.59423431e-07 
 3.03100000e-04  1.68519193e-07 
 3.03200000e-04  1.68219997e-07 
 3.03300000e-04  1.68114087e-07 
 3.03400000e-04  1.68020890e-07 
 3.03500000e-04  1.67986568e-07 
 3.03600000e-04  1.54286863e-07 
 3.03700000e-04  1.53778075e-07 
 3.03800000e-04  1.53530740e-07 
 3.03900000e-04  1.53345255e-07 
 3.04000000e-04  1.53223539e-07 
 3.04100000e-04  1.69191702e-07 
 3.04200000e-04  1.68996374e-07 
 3.04300000e-04  1.68916944e-07 
 3.04400000e-04  1.68846217e-07 
 3.04500000e-04  1.68788934e-07 
 3.04600000e-04  1.56249680e-07 
 3.04700000e-04  1.55890260e-07 
 3.04800000e-04  1.55690551e-07 
 3.04900000e-04  1.55548241e-07 
 3.05000000e-04  1.55465113e-07 
 3.05100000e-04  1.68927851e-07 
 3.05200000e-04  1.68705615e-07 
 3.05300000e-04  1.68629793e-07 
 3.05400000e-04  1.68564437e-07 
 3.05500000e-04  1.68524395e-07 
 3.05600000e-04  1.54745520e-07 
 3.05700000e-04  1.54334761e-07 
 3.05800000e-04  1.54086664e-07 
 3.05900000e-04  1.53908908e-07 
 3.06000000e-04  1.53803679e-07 
 3.06100000e-04  1.70313647e-07 
 3.06200000e-04  1.70016169e-07 
 3.06300000e-04  1.69903911e-07 
 3.06400000e-04  1.69804376e-07 
 3.06500000e-04  1.69762235e-07 
 3.06600000e-04  1.58502584e-07 
 3.06700000e-04  1.58137232e-07 
 3.06800000e-04  1.57933458e-07 
 3.06900000e-04  1.57800661e-07 
 3.07000000e-04  1.57741047e-07 
 3.07100000e-04  1.69003701e-07 
 3.07200000e-04  1.68765845e-07 
 3.07300000e-04  1.68676127e-07 
 3.07400000e-04  1.68595544e-07 
 3.07500000e-04  1.68550499e-07 
 3.07600000e-04  1.54795338e-07 
 3.07700000e-04  1.54324868e-07 
 3.07800000e-04  1.54099445e-07 
 3.07900000e-04  1.53924671e-07 
 3.08000000e-04  1.53802107e-07 
 3.08100000e-04  1.69784813e-07 
 3.08200000e-04  1.69611902e-07 
 3.08300000e-04  1.69528872e-07 
 3.08400000e-04  1.69451819e-07 
 3.08500000e-04  1.69406172e-07 
 3.08600000e-04  1.56828113e-07 
 3.08700000e-04  1.56459912e-07 
 3.08800000e-04  1.56263329e-07 
 3.08900000e-04  1.56128831e-07 
 3.09000000e-04  1.56058343e-07 
 3.09100000e-04  1.69553110e-07 
 3.09200000e-04  1.69325766e-07 
 3.09300000e-04  1.69240959e-07 
 3.09400000e-04  1.69166557e-07 
 3.09500000e-04  1.69152761e-07 
 3.09600000e-04  1.55322667e-07 
 3.09700000e-04  1.54899774e-07 
 3.09800000e-04  1.54677564e-07 
 3.09900000e-04  1.54510010e-07 
 3.10000000e-04  1.54398801e-07 
 3.10100000e-04  1.71985776e-07 
 3.10200000e-04  1.71481325e-07 
 3.10300000e-04  1.71310611e-07 
 3.10400000e-04  1.71162074e-07 
 3.10500000e-04  1.71095808e-07 
 3.10600000e-04  1.62406420e-07 
 3.10700000e-04  1.62042381e-07 
 3.10800000e-04  1.61861988e-07 
 3.10900000e-04  1.61741753e-07 
 3.11000000e-04  1.61683536e-07 
 3.11100000e-04  1.68798575e-07 
 3.11200000e-04  1.68406236e-07 
 3.11300000e-04  1.68256954e-07 
 3.11400000e-04  1.68123992e-07 
 3.11500000e-04  1.68060940e-07 
 3.11600000e-04  1.54393399e-07 
 3.11700000e-04  1.53826325e-07 
 3.11800000e-04  1.53573784e-07 
 3.11900000e-04  1.53380842e-07 
 3.12000000e-04  1.53249340e-07 
 3.12100000e-04  1.71152039e-07 
 3.12200000e-04  1.70630555e-07 
 3.12300000e-04  1.70442226e-07 
 3.12400000e-04  1.70360981e-07 
 3.12500000e-04  1.70280230e-07 
 3.12600000e-04  1.57273830e-07 
 3.12700000e-04  1.56745555e-07 
 3.12800000e-04  1.56496719e-07 
 3.12900000e-04  1.56317157e-07 
 3.13000000e-04  1.56208300e-07 
 3.13100000e-04  1.03755877e-04 
 3.13200000e-04  1.03755447e-04 
 3.13300000e-04  1.03755323e-04 
 3.13400000e-04  1.03755221e-04 
 3.13500000e-04  1.03755187e-04 
 3.13600000e-04  1.03741418e-04 
 3.13700000e-04  1.03740955e-04 
 3.13800000e-04  1.03740727e-04 
 3.13900000e-04  1.03740552e-04 
 3.14000000e-04  1.03740431e-04 
 3.14100000e-04  1.71465947e-07 
 3.14200000e-04  1.71129935e-07 
 3.14300000e-04  1.71013171e-07 
 3.14400000e-04  1.70911471e-07 
 3.14500000e-04  1.70872504e-07 
 3.14600000e-04  1.59590963e-07 
 3.14700000e-04  1.59212945e-07 
 3.14800000e-04  1.59031961e-07 
 3.14900000e-04  1.58903213e-07 
 3.15000000e-04  1.58828307e-07 
 3.15100000e-04  1.70162049e-07 
 3.15200000e-04  1.69891926e-07 
 3.15300000e-04  1.69799170e-07 
 3.15400000e-04  1.69718692e-07 
 3.15500000e-04  1.69690586e-07 
 3.15600000e-04  1.55888823e-07 
 3.15700000e-04  1.55420710e-07 
 3.15800000e-04  1.55185200e-07 
 3.15900000e-04  1.55010208e-07 
 3.16000000e-04  1.54897602e-07 
 3.16100000e-04  1.70941390e-07 
 3.16200000e-04  1.70743716e-07 
 3.16300000e-04  1.70660843e-07 
 3.16400000e-04  1.70586347e-07 
 3.16500000e-04  1.70537141e-07 
 3.16600000e-04  1.57920409e-07 
 3.16700000e-04  1.57558522e-07 
 3.16800000e-04  1.57357176e-07 
 3.16900000e-04  1.57221470e-07 
 3.17000000e-04  1.57153432e-07 
 3.17100000e-04  1.70704380e-07 
 3.17200000e-04  1.70478555e-07 
 3.17300000e-04  1.70392365e-07 
 3.17400000e-04  1.70316119e-07 
 3.17500000e-04  1.70282229e-07 
 3.17600000e-04  1.56406649e-07 
 3.17700000e-04  1.55987794e-07 
 3.17800000e-04  1.55759128e-07 
 3.17900000e-04  1.55589591e-07 
 3.18000000e-04  1.55481004e-07 
 3.18100000e-04  1.72615262e-07 
 3.18200000e-04  1.72195919e-07 
 3.18300000e-04  1.72052986e-07 
 3.18400000e-04  1.71928851e-07 
 3.18500000e-04  1.71877617e-07 
 3.18600000e-04  1.61834478e-07 
 3.18700000e-04  1.61450003e-07 
 3.18800000e-04  1.61272074e-07 
 3.18900000e-04  1.61155390e-07 
 3.19000000e-04  1.61101839e-07 
 3.19100000e-04  1.70282793e-07 
 3.19200000e-04  1.69989969e-07 
 3.19300000e-04  1.69881386e-07 
 3.19400000e-04  1.69784578e-07 
 3.19500000e-04  1.69731452e-07 
 3.19600000e-04  1.55951904e-07 
 3.19700000e-04  1.55445884e-07 
 3.19800000e-04  1.55201082e-07 
 3.19900000e-04  1.55022242e-07 
 3.20000000e-04  1.54911401e-07 
 3.20100000e-04  1.70952628e-07 
 3.20200000e-04  1.70748741e-07 
 3.20300000e-04  1.70664624e-07 
 3.20400000e-04  1.70589459e-07 
 3.20500000e-04  1.70536972e-07 
 3.20600000e-04  1.57900719e-07 
 3.20700000e-04  1.57538498e-07 
 3.20800000e-04  1.57364739e-07 
 3.20900000e-04  1.57229702e-07 
 3.21000000e-04  1.57134558e-07 
 3.21100000e-04  1.70707001e-07 
 3.21200000e-04  1.70479570e-07 
 3.21300000e-04  1.70392101e-07 
 3.21400000e-04  1.70314378e-07 
 3.21500000e-04  1.70279360e-07 
 3.21600000e-04  1.56402679e-07 
 3.21700000e-04  1.55987872e-07 
 3.21800000e-04  1.55762331e-07 
 3.21900000e-04  1.55589966e-07 
 3.22000000e-04  1.55472408e-07 
 3.22100000e-04  1.72082114e-07 
 3.22200000e-04  1.71787241e-07 
 3.22300000e-04  1.71668531e-07 
 3.22400000e-04  1.71561694e-07 
 3.22500000e-04  1.71506758e-07 
 3.22600000e-04  1.60172179e-07 
 3.22700000e-04  1.59801235e-07 
 3.22800000e-04  1.59616672e-07 
 3.22900000e-04  1.59485700e-07 
 3.23000000e-04  1.59409964e-07 
 3.23100000e-04  1.70778162e-07 
 3.23200000e-04  1.70520088e-07 
 3.23300000e-04  1.70427703e-07 
 3.23400000e-04  1.70346281e-07 
 3.23500000e-04  1.70311857e-07 
 3.23600000e-04  1.56450369e-07 
 3.23700000e-04  1.55995662e-07 
 3.23800000e-04  1.55772934e-07 
 3.23900000e-04  1.55598617e-07 
 3.24000000e-04  1.55474186e-07 
 3.24100000e-04  1.71566416e-07 
 3.24200000e-04  1.71369859e-07 
 3.24300000e-04  1.71276133e-07 
 3.24400000e-04  1.71189615e-07 
 3.24500000e-04  1.71147171e-07 
 3.24600000e-04  1.58488282e-07 
 3.24700000e-04  1.58128221e-07 
 3.24800000e-04  1.57946797e-07 
 3.24900000e-04  1.57813389e-07 
 3.25000000e-04  1.57729460e-07 
 3.25100000e-04  1.71319087e-07 
 3.25200000e-04  1.71080912e-07 
 3.25300000e-04  1.70998866e-07 
 3.25400000e-04  1.70928038e-07 
 3.25500000e-04  1.70889553e-07 
 3.25600000e-04  1.56994818e-07 
 3.25700000e-04  1.56569283e-07 
 3.25800000e-04  1.56344661e-07 
 3.25900000e-04  1.56181134e-07 
 3.26000000e-04  1.56080576e-07 
 3.26100000e-04  1.74814960e-07 
 3.26200000e-04  1.74083117e-07 
 3.26300000e-04  1.73858245e-07 
 3.26400000e-04  1.73666579e-07 
 3.26500000e-04  1.73581602e-07 
 3.26600000e-04  1.67379026e-07 
 3.26700000e-04  1.67019756e-07 
 3.26800000e-04  1.66862643e-07 
 3.26900000e-04  1.66769008e-07 
 3.27000000e-04  1.66740801e-07 
 3.27100000e-04  1.70090331e-07 
 3.27200000e-04  1.69142076e-07 
 3.27300000e-04  1.68894598e-07 
 3.27400000e-04  1.68691619e-07 
 3.27500000e-04  1.68601203e-07 
 3.27600000e-04  1.54965092e-07 
 3.27700000e-04  1.54325954e-07 
 3.27800000e-04  1.54055170e-07 
 3.27900000e-04  1.53855580e-07 
 3.28000000e-04  1.53729378e-07 
 3.28100000e-04  1.69739375e-07 
 3.28200000e-04  1.69559195e-07 
 3.28300000e-04  1.69470502e-07 
 3.28400000e-04  1.69387784e-07 
 3.28500000e-04  1.69345576e-07 
 3.28600000e-04  1.56753763e-07 
 3.28700000e-04  1.56365100e-07 
 3.28800000e-04  1.56185662e-07 
 3.28900000e-04  1.56053873e-07 
 3.29000000e-04  1.55971181e-07 
 3.29100000e-04  1.69469900e-07 
 3.29200000e-04  1.69247993e-07 
 3.29300000e-04  1.69161599e-07 
 3.29400000e-04  1.69084741e-07 
 3.29500000e-04  1.69056319e-07 
 3.29600000e-04  1.55224745e-07 
 3.29700000e-04  1.54812073e-07 
 3.29800000e-04  1.54577592e-07 
 3.29900000e-04  1.54401753e-07 
 3.30000000e-04  1.54286351e-07 
 3.30100000e-04  1.70839723e-07 
 3.30200000e-04  1.70534731e-07 
 3.30300000e-04  1.70430608e-07 
 3.30400000e-04  1.70340487e-07 
 3.30500000e-04  1.70284842e-07 
 3.30600000e-04  1.58983180e-07 
 3.30700000e-04  1.58601854e-07 
 3.30800000e-04  1.58416601e-07 
 3.30900000e-04  1.58287960e-07 
 3.31000000e-04  1.58217663e-07 
 3.31100000e-04  1.69548520e-07 
 3.31200000e-04  1.69277266e-07 
 3.31300000e-04  1.69179410e-07 
 3.31400000e-04  1.69093646e-07 
 3.31500000e-04  1.69063680e-07 
 3.31600000e-04  1.55286368e-07 
 3.31700000e-04  1.54813132e-07 
 3.31800000e-04  1.54581191e-07 
 3.31900000e-04  1.54406797e-07 
 3.32000000e-04  1.54291707e-07 
 3.32100000e-04  1.70312425e-07 
 3.32200000e-04  1.70111642e-07 
 3.32300000e-04  1.70025610e-07 
 3.32400000e-04  1.69948152e-07 
 3.32500000e-04  1.69912830e-07 
 3.32600000e-04  1.57312871e-07 
 3.32700000e-04  1.56948684e-07 
 3.32800000e-04  1.56759820e-07 
 3.32900000e-04  1.56625405e-07 
 3.33000000e-04  1.56547097e-07 
 3.33100000e-04  1.70072965e-07 
 3.33200000e-04  1.69830773e-07 
 3.33300000e-04  1.69752293e-07 
 3.33400000e-04  1.69685904e-07 
 3.33500000e-04  1.69649768e-07 
 3.33600000e-04  1.55806426e-07 
 3.33700000e-04  1.55401084e-07 
 3.33800000e-04  1.55172896e-07 
 3.33900000e-04  1.54998438e-07 
 3.34000000e-04  1.54879343e-07 
 3.34100000e-04  1.71983314e-07 
 3.34200000e-04  1.71575971e-07 
 3.34300000e-04  1.71429723e-07 
 3.34400000e-04  1.71300920e-07 
 3.34500000e-04  1.71246323e-07 
 3.34600000e-04  1.61234359e-07 
 3.34700000e-04  1.60869844e-07 
 3.34800000e-04  1.60670102e-07 
 3.34900000e-04  1.60547610e-07 
 3.35000000e-04  1.60504747e-07 
 3.35100000e-04  1.69648948e-07 
 3.35200000e-04  1.69349722e-07 
 3.35300000e-04  1.69242761e-07 
 3.35400000e-04  1.69148467e-07 
 3.35500000e-04  1.69115495e-07 
 3.35600000e-04  1.55338233e-07 
 3.35700000e-04  1.54851126e-07 
 3.35800000e-04  1.54603657e-07 
 3.35900000e-04  1.54423173e-07 
 3.36000000e-04  1.54311726e-07 
 3.36100000e-04  1.70317770e-07 
 3.36200000e-04  1.70123885e-07 
 3.36300000e-04  1.70046782e-07 
 3.36400000e-04  1.69978376e-07 
 3.36500000e-04  1.69921261e-07 
 3.36600000e-04  1.57302398e-07 
 3.36700000e-04  1.56945944e-07 
 3.36800000e-04  1.56751002e-07 
 3.36900000e-04  1.56616966e-07 
 3.37000000e-04  1.56545697e-07 
 3.37100000e-04  1.70077235e-07 
 3.37200000e-04  1.69840465e-07 
 3.37300000e-04  1.69757815e-07 
 3.37400000e-04  1.69686347e-07 
 3.37500000e-04  1.69648508e-07 
 3.37600000e-04  1.55812684e-07 
 3.37700000e-04  1.55381966e-07 
 3.37800000e-04  1.55167494e-07 
 3.37900000e-04  1.54999889e-07 
 3.38000000e-04  1.54880567e-07 
 3.38100000e-04  1.71444831e-07 
 3.38200000e-04  1.71140976e-07 
 3.38300000e-04  1.71030954e-07 
 3.38400000e-04  1.70934377e-07 
 3.38500000e-04  1.70888752e-07 
 3.38600000e-04  1.59570768e-07 
 3.38700000e-04  1.59185880e-07 
 3.38800000e-04  1.59002443e-07 
 3.38900000e-04  1.58876758e-07 
 3.39000000e-04  1.58810584e-07 
 3.39100000e-04  1.70151241e-07 
 3.39200000e-04  1.69897911e-07 
 3.39300000e-04  1.69799777e-07 
 3.39400000e-04  1.69711685e-07 
 3.39500000e-04  1.69682591e-07 
 3.39600000e-04  1.55861443e-07 
 3.39700000e-04  1.55404517e-07 
 3.39800000e-04  1.55177038e-07 
 3.39900000e-04  1.54997285e-07 
 3.40000000e-04  1.54866692e-07 
 3.40100000e-04  1.70932432e-07 
 3.40200000e-04  1.70737733e-07 
 3.40300000e-04  1.70651416e-07 
 3.40400000e-04  1.70573232e-07 
 3.40500000e-04  1.70522717e-07 
 3.40600000e-04  1.57907231e-07 
 3.40700000e-04  1.57530448e-07 
 3.40800000e-04  1.57352055e-07 
 3.40900000e-04  1.57219877e-07 
 3.41000000e-04  1.57135229e-07 
 3.41100000e-04  1.72441086e-07 
 3.41200000e-04  1.71939391e-07 
 3.41300000e-04  1.71761494e-07 
 3.41400000e-04  1.71672774e-07 
 3.41500000e-04  1.71612870e-07 
 3.41600000e-04  1.57241070e-07 
 3.41700000e-04  1.56682073e-07 
 3.41800000e-04  1.56411084e-07 
 3.41900000e-04  1.56222662e-07 
 3.42000000e-04  1.56118496e-07 
 3.42100000e-04  1.03760072e-04 
 3.42200000e-04  1.03759348e-04 
 3.42300000e-04  1.03759132e-04 
 3.42400000e-04  1.03758950e-04 
 3.42500000e-04  1.03758897e-04 
 3.42600000e-04  1.03750154e-04 
 3.42700000e-04  1.03749749e-04 
 3.42800000e-04  1.03749568e-04 
 3.42900000e-04  1.03749454e-04 
 3.43000000e-04  1.03749409e-04 
 3.43100000e-04  1.71089496e-07 
 3.43200000e-04  1.70665325e-07 
 3.43300000e-04  1.70498931e-07 
 3.43400000e-04  1.70348884e-07 
 3.43500000e-04  1.70275941e-07 
 3.43600000e-04  1.56548892e-07 
 3.43700000e-04  1.55975789e-07 
 3.43800000e-04  1.55717070e-07 
 3.43900000e-04  1.55531439e-07 
 3.44000000e-04  1.55421132e-07 
 3.44100000e-04  1.71501310e-07 
 3.44200000e-04  1.71295068e-07 
 3.44300000e-04  1.71201231e-07 
 3.44400000e-04  1.71115423e-07 
 3.44500000e-04  1.71075905e-07 
 3.44600000e-04  1.58426360e-07 
 3.44700000e-04  1.58045625e-07 
 3.44800000e-04  1.57857240e-07 
 3.44900000e-04  1.57725352e-07 
 3.45000000e-04  1.57651673e-07 
 3.45100000e-04  1.71227601e-07 
 3.45200000e-04  1.71001418e-07 
 3.45300000e-04  1.70911112e-07 
 3.45400000e-04  1.70830065e-07 
 3.45500000e-04  1.70798742e-07 
 3.45600000e-04  1.56901400e-07 
 3.45700000e-04  1.56486345e-07 
 3.45800000e-04  1.56255821e-07 
 3.45900000e-04  1.56089835e-07 
 3.46000000e-04  1.55990353e-07 
 3.46100000e-04  1.72607465e-07 
 3.46200000e-04  1.72301799e-07 
 3.46300000e-04  1.72181675e-07 
 3.46400000e-04  1.72074167e-07 
 3.46500000e-04  1.72020307e-07 
 3.46600000e-04  1.60638468e-07 
 3.46700000e-04  1.60292346e-07 
 3.46800000e-04  1.60104778e-07 
 3.46900000e-04  1.59976808e-07 
 3.47000000e-04  1.59910243e-07 
 3.47100000e-04  1.71305232e-07 
 3.47200000e-04  1.71030820e-07 
 3.47300000e-04  1.70942368e-07 
 3.47400000e-04  1.70866502e-07 
 3.47500000e-04  1.70824809e-07 
 3.47600000e-04  1.56931125e-07 
 3.47700000e-04  1.56471993e-07 
 3.47800000e-04  1.56250376e-07 
 3.47900000e-04  1.56081185e-07 
 3.48000000e-04  1.55966003e-07 
 3.48100000e-04  1.72078336e-07 
 3.48200000e-04  1.71870032e-07 
 3.48300000e-04  1.71785069e-07 
 3.48400000e-04  1.71709467e-07 
 3.48500000e-04  1.71665864e-07 
 3.48600000e-04  1.58972750e-07 
 3.48700000e-04  1.58620825e-07 
 3.48800000e-04  1.58423124e-07 
 3.48900000e-04  1.58290025e-07 
 3.49000000e-04  1.58223493e-07 
 3.49100000e-04  1.71830452e-07 
 3.49200000e-04  1.71595582e-07 
 3.49300000e-04  1.71509551e-07 
 3.49400000e-04  1.71434233e-07 
 3.49500000e-04  1.71397938e-07 
 3.49600000e-04  1.57451377e-07 
 3.49700000e-04  1.57047324e-07 
 3.49800000e-04  1.56839033e-07 
 3.49900000e-04  1.56676533e-07 
 3.50000000e-04  1.56561194e-07 
 3.50100000e-04  1.73742758e-07 
 3.50200000e-04  1.73334998e-07 
 3.50300000e-04  1.73195681e-07 
 3.50400000e-04  1.73074437e-07 
 3.50500000e-04  1.72992223e-07 
 3.50600000e-04  1.62891528e-07 
 3.50700000e-04  1.62518214e-07 
 3.50800000e-04  1.62344200e-07 
 3.50900000e-04  1.62230370e-07 
 3.51000000e-04  1.62178544e-07 
 3.51100000e-04  1.71432940e-07 
 3.51200000e-04  1.71125879e-07 
 3.51300000e-04  1.71013016e-07 
 3.51400000e-04  1.70912618e-07 
 3.51500000e-04  1.70863309e-07 
 3.51600000e-04  1.56999123e-07 
 3.51700000e-04  1.56525879e-07 
 3.51800000e-04  1.56277706e-07 
 3.51900000e-04  1.56093285e-07 
 3.52000000e-04  1.55974552e-07 
 3.52100000e-04  1.72098930e-07 
 3.52200000e-04  1.71898266e-07 
 3.52300000e-04  1.71799153e-07 
 3.52400000e-04  1.71707259e-07 
 3.52500000e-04  1.71657828e-07 
 3.52600000e-04  1.58977615e-07 
 3.52700000e-04  1.58620333e-07 
 3.52800000e-04  1.58425130e-07 
 3.52900000e-04  1.58295537e-07 
 3.53000000e-04  1.58233545e-07 
 3.53100000e-04  1.71837043e-07 
 3.53200000e-04  1.71598412e-07 
 3.53300000e-04  1.71517160e-07 
 3.53400000e-04  1.71447115e-07 
 3.53500000e-04  1.71403131e-07 
 3.53600000e-04  1.57451947e-07 
 3.53700000e-04  1.57045698e-07 
 3.53800000e-04  1.56825139e-07 
 3.53900000e-04  1.56658653e-07 
 3.54000000e-04  1.56547866e-07 
 3.54100000e-04  1.73221542e-07 
 3.54200000e-04  1.72924616e-07 
 3.54300000e-04  1.72804272e-07 
 3.54400000e-04  1.72695653e-07 
 3.54500000e-04  1.72634286e-07 
 3.54600000e-04  1.61223959e-07 
 3.54700000e-04  1.60869540e-07 
 3.54800000e-04  1.60682640e-07 
 3.54900000e-04  1.60559945e-07 
 3.55000000e-04  1.60503401e-07 
 3.55100000e-04  1.71920412e-07 
 3.55200000e-04  1.71658615e-07 
 3.55300000e-04  1.71559259e-07 
 3.55400000e-04  1.71470547e-07 
 3.55500000e-04  1.71429708e-07 
 3.55600000e-04  1.57518776e-07 
 3.55700000e-04  1.57078312e-07 
 3.55800000e-04  1.56846191e-07 
 3.55900000e-04  1.56674240e-07 
 3.56000000e-04  1.56564278e-07 
 3.56100000e-04  1.72704908e-07 
 3.56200000e-04  1.72510765e-07 
 3.56300000e-04  1.72410673e-07 
 3.56400000e-04  1.72316882e-07 
 3.56500000e-04  1.72277277e-07 
 3.56600000e-04  1.59564232e-07 
 3.56700000e-04  1.59207878e-07 
 3.56800000e-04  1.59020498e-07 
 3.56900000e-04  1.58886511e-07 
 3.57000000e-04  1.58807522e-07 
 3.57100000e-04  1.72461353e-07 
 3.57200000e-04  1.72211096e-07 
 3.57300000e-04  1.72129015e-07 
 3.57400000e-04  1.72059330e-07 
 3.57500000e-04  1.72013768e-07 
 3.57600000e-04  1.58051430e-07 
 3.57700000e-04  1.57629275e-07 
 3.57800000e-04  1.57418017e-07 
 3.57900000e-04  1.57257789e-07 
 3.58000000e-04  1.57150117e-07 
 3.58100000e-04  1.75430107e-07 
 3.58200000e-04  1.74789172e-07 
 3.58300000e-04  1.74592614e-07 
 3.58400000e-04  1.74426242e-07 
 3.58500000e-04  1.74337863e-07 
 3.58600000e-04  1.66800504e-07 
 3.58700000e-04  1.66450136e-07 
 3.58800000e-04  1.66275089e-07 
 3.58900000e-04  1.66167677e-07 
 3.59000000e-04  1.66129952e-07 
 3.59100000e-04  1.71727992e-07 
 3.59200000e-04  1.70915712e-07 
 3.59300000e-04  1.70664804e-07 
 3.59400000e-04  1.70452079e-07 
 3.59500000e-04  1.70370369e-07 
 3.59600000e-04  1.56579216e-07 
 3.59700000e-04  1.55997216e-07 
 3.59800000e-04  1.55741103e-07 
 3.59900000e-04  1.55551960e-07 
 3.60000000e-04  1.55431817e-07 
 3.60100000e-04  1.71513796e-07 
 3.60200000e-04  1.71305102e-07 
 3.60300000e-04  1.71209005e-07 
 3.60400000e-04  1.71121167e-07 
 3.60500000e-04  1.71081206e-07 
 3.60600000e-04  1.58407913e-07 
 3.60700000e-04  1.58037367e-07 
 3.60800000e-04  1.57847528e-07 
 3.60900000e-04  1.57718984e-07 
 3.61000000e-04  1.57653583e-07 
 3.61100000e-04  1.71241491e-07 
 3.61200000e-04  1.70998229e-07 
 3.61300000e-04  1.70918592e-07 
 3.61400000e-04  1.70851328e-07 
 3.61500000e-04  1.70816048e-07 
 3.61600000e-04  1.56874582e-07 
 3.61700000e-04  1.56475962e-07 
 3.61800000e-04  1.56257638e-07 
 3.61900000e-04  1.56090424e-07 
 3.62000000e-04  1.55975846e-07 
 3.62100000e-04  1.72599827e-07 
 3.62200000e-04  1.72296962e-07 
 3.62300000e-04  1.72183617e-07 
 3.62400000e-04  1.72083273e-07 
 3.62500000e-04  1.72026946e-07 
 3.62600000e-04  1.60627347e-07 
 3.62700000e-04  1.60275968e-07 
 3.62800000e-04  1.60097685e-07 
 3.62900000e-04  1.59975372e-07 
 3.63000000e-04  1.59910707e-07 
 3.63100000e-04  1.71309710e-07 
 3.63200000e-04  1.71033160e-07 
 3.63300000e-04  1.70934450e-07 
 3.63400000e-04  1.70848003e-07 
 3.63500000e-04  1.70824257e-07 
 3.63600000e-04  1.56935801e-07 
 3.63700000e-04  1.56477125e-07 
 3.63800000e-04  1.56251850e-07 
 3.63900000e-04  1.56083544e-07 
 3.64000000e-04  1.55973915e-07 
 3.64100000e-04  1.72072480e-07 
 3.64200000e-04  1.71866747e-07 
 3.64300000e-04  1.71784260e-07 
 3.64400000e-04  1.71710690e-07 
 3.64500000e-04  1.71645433e-07 
 3.64600000e-04  1.58969660e-07 
 3.64700000e-04  1.58616721e-07 
 3.64800000e-04  1.58421814e-07 
 3.64900000e-04  1.58289197e-07 
 3.65000000e-04  1.58220749e-07 
 3.65100000e-04  1.71847663e-07 
 3.65200000e-04  1.71590328e-07 
 3.65300000e-04  1.71501295e-07 
 3.65400000e-04  1.71424910e-07 
 3.65500000e-04  1.71391527e-07 
 3.65600000e-04  1.57461727e-07 
 3.65700000e-04  1.57046352e-07 
 3.65800000e-04  1.56830209e-07 
 3.65900000e-04  1.56667907e-07 
 3.66000000e-04  1.56561054e-07 
 3.66100000e-04  1.73756097e-07 
 3.66200000e-04  1.73335726e-07 
 3.66300000e-04  1.73189273e-07 
 3.66400000e-04  1.73061608e-07 
 3.66500000e-04  1.72998348e-07 
 3.66600000e-04  1.62882385e-07 
 3.66700000e-04  1.62517285e-07 
 3.66800000e-04  1.62346665e-07 
 3.66900000e-04  1.62232434e-07 
 3.67000000e-04  1.62176276e-07 
 3.67100000e-04  1.71426393e-07 
 3.67200000e-04  1.71112982e-07 
 3.67300000e-04  1.70999197e-07 
 3.67400000e-04  1.70898959e-07 
 3.67500000e-04  1.70867925e-07 
 3.67600000e-04  1.56993997e-07 
 3.67700000e-04  1.56509896e-07 
 3.67800000e-04  1.56268530e-07 
 3.67900000e-04  1.56090028e-07 
 3.68000000e-04  1.55976281e-07 
 3.68100000e-04  1.72093706e-07 
 3.68200000e-04  1.71898387e-07 
 3.68300000e-04  1.71803940e-07 
 3.68400000e-04  1.71716771e-07 
 3.68500000e-04  1.71669144e-07 
 3.68600000e-04  1.58965239e-07 
 3.68700000e-04  1.58609820e-07 
 3.68800000e-04  1.58437144e-07 
 3.68900000e-04  1.58306448e-07 
 3.69000000e-04  1.58218961e-07 
 3.69100000e-04  1.71839071e-07 
 3.69200000e-04  1.71608974e-07 
 3.69300000e-04  1.71522152e-07 
 3.69400000e-04  1.71445427e-07 
 3.69500000e-04  1.71413052e-07 
 3.69600000e-04  1.57457672e-07 
 3.69700000e-04  1.57063576e-07 
 3.69800000e-04  1.56836348e-07 
 3.69900000e-04  1.56669515e-07 
 3.70000000e-04  1.56564887e-07 
 3.70100000e-04  1.73214116e-07 
 3.70200000e-04  1.72899671e-07 
 3.70300000e-04  1.72788118e-07 
 3.70400000e-04  1.72690896e-07 
 3.70500000e-04  1.72640952e-07 
 3.70600000e-04  1.61227523e-07 
 3.70700000e-04  1.60860116e-07 
 3.70800000e-04  1.60678740e-07 
 3.70900000e-04  1.60559507e-07 
 3.71000000e-04  1.60504285e-07 
 3.71100000e-04  1.71920015e-07 
 3.71200000e-04  1.71643448e-07 
 3.71300000e-04  1.71543361e-07 
 3.71400000e-04  1.71454923e-07 
 3.71500000e-04  1.71432237e-07 
 3.71600000e-04  1.57513042e-07 
 3.71700000e-04  1.57080579e-07 
 3.71800000e-04  1.56855847e-07 
 3.71900000e-04  1.56685102e-07 
 3.72000000e-04  1.56569952e-07 
 3.72100000e-04  1.72702169e-07 
 3.72200000e-04  1.72491258e-07 
 3.72300000e-04  1.72399259e-07 
 3.72400000e-04  1.72316423e-07 
 3.72500000e-04  1.72281373e-07 
 3.72600000e-04  1.59559657e-07 
 3.72700000e-04  1.59205033e-07 
 3.72800000e-04  1.59016058e-07 
 3.72900000e-04  1.58885546e-07 
 3.73000000e-04  1.58815249e-07 
 3.73100000e-04  1.72461447e-07 
 3.73200000e-04  1.72208814e-07 
 3.73300000e-04  1.72124645e-07 
 3.73400000e-04  1.72053260e-07 
 3.73500000e-04  1.72028410e-07 
 3.73600000e-04  1.58047731e-07 
 3.73700000e-04  1.57635260e-07 
 3.73800000e-04  1.57427952e-07 
 3.73900000e-04  1.57266685e-07 
 3.74000000e-04  1.57152808e-07 
 3.74100000e-04  1.74908113e-07 
 3.74200000e-04  1.74385070e-07 
 3.74300000e-04  1.74200197e-07 
 3.74400000e-04  1.74037933e-07 
 3.74500000e-04  1.73987035e-07 
 3.74600000e-04  1.65132083e-07 
 3.74700000e-04  1.64776604e-07 
 3.74800000e-04  1.64597875e-07 
 3.74900000e-04  1.64490184e-07 
 3.75000000e-04  1.64455674e-07 
 3.75100000e-04  1.71722049e-07 
 3.75200000e-04  1.71295398e-07 
 3.75300000e-04  1.71145538e-07 
 3.75400000e-04  1.71015193e-07 
 3.75500000e-04  1.70954400e-07 
 3.75600000e-04  1.57112205e-07 
 3.75700000e-04  1.56574172e-07 
 3.75800000e-04  1.56320150e-07 
 3.75900000e-04  1.56130994e-07 
 3.76000000e-04  1.56008650e-07 
 3.76100000e-04  1.72131590e-07 
 3.76200000e-04  1.71933808e-07 
 3.76300000e-04  1.71830186e-07 
 3.76400000e-04  1.71732833e-07 
 3.76500000e-04  1.71691715e-07 
 3.76600000e-04  1.58979498e-07 
 3.76700000e-04  1.58631519e-07 
 3.76800000e-04  1.58441071e-07 
 3.76900000e-04  1.58308458e-07 
 3.77000000e-04  1.58235403e-07 
 3.77100000e-04  1.71851707e-07 
 3.77200000e-04  1.71618747e-07 
 3.77300000e-04  1.71532413e-07 
 3.77400000e-04  1.71456178e-07 
 3.77500000e-04  1.71411370e-07 
 3.77600000e-04  1.57469982e-07 
 3.77700000e-04  1.57056193e-07 
 3.77800000e-04  1.56851210e-07 
 3.77900000e-04  1.56691547e-07 
 3.78000000e-04  1.56578530e-07 
 3.78100000e-04  1.73226711e-07 
 3.78200000e-04  1.72927395e-07 
 3.78300000e-04  1.72800463e-07 
 3.78400000e-04  1.72684541e-07 
 3.78500000e-04  1.72635545e-07 
 3.78600000e-04  1.61234105e-07 
 3.78700000e-04  1.60874258e-07 
 3.78800000e-04  1.60686440e-07 
 3.78900000e-04  1.60565103e-07 
 3.79000000e-04  1.60512243e-07 
 3.79100000e-04  1.71920633e-07 
 3.79200000e-04  1.71645829e-07 
 3.79300000e-04  1.71549826e-07 
 3.79400000e-04  1.71465906e-07 
 3.79500000e-04  1.71428719e-07 
 3.79600000e-04  1.57513182e-07 
 3.79700000e-04  1.57064065e-07 
 3.79800000e-04  1.56835773e-07 
 3.79900000e-04  1.56667978e-07 
 3.80000000e-04  1.56562482e-07 
 3.80100000e-04  1.72710731e-07 
 3.80200000e-04  1.72507969e-07 
 3.80300000e-04  1.72418154e-07 
 3.80400000e-04  1.72336467e-07 
 3.80500000e-04  1.72271202e-07 
 3.80600000e-04  1.59550754e-07 
 3.80700000e-04  1.59196767e-07 
 3.80800000e-04  1.59016872e-07 
 3.80900000e-04  1.58888682e-07 
 3.81000000e-04  1.58813725e-07 
 3.81100000e-04  1.72460332e-07 
 3.81200000e-04  1.72213952e-07 
 3.81300000e-04  1.72126536e-07 
 3.81400000e-04  1.72050464e-07 
 3.81500000e-04  1.72007883e-07 
 3.81600000e-04  1.58043691e-07 
 3.81700000e-04  1.57632551e-07 
 3.81800000e-04  1.57426006e-07 
 3.81900000e-04  1.57265985e-07 
 3.82000000e-04  1.57153845e-07 
 3.82100000e-04  1.74376954e-07 
 3.82200000e-04  1.73964635e-07 
 3.82300000e-04  1.73818224e-07 
 3.82400000e-04  1.73689423e-07 
 3.82500000e-04  1.73613064e-07 
 3.82600000e-04  1.63470017e-07 
 3.82700000e-04  1.63129316e-07 
 3.82800000e-04  1.62947283e-07 
 3.82900000e-04  1.62825039e-07 
 3.83000000e-04  1.62764362e-07 
 3.83100000e-04  1.72046387e-07 
 3.83200000e-04  1.71742048e-07 
 3.83300000e-04  1.71627206e-07 
 3.83400000e-04  1.71524616e-07 
 3.83500000e-04  1.71471968e-07 
 3.83600000e-04  1.57593911e-07 
 3.83700000e-04  1.57095113e-07 
 3.83800000e-04  1.56858101e-07 
 3.83900000e-04  1.56683356e-07 
 3.84000000e-04  1.56572737e-07 
 3.84100000e-04  1.72715523e-07 
 3.84200000e-04  1.72505890e-07 
 3.84300000e-04  1.72414578e-07 
 3.84400000e-04  1.72331618e-07 
 3.84500000e-04  1.72286382e-07 
 3.84600000e-04  1.59556626e-07 
 3.84700000e-04  1.59212077e-07 
 3.84800000e-04  1.59027344e-07 
 3.84900000e-04  1.58894328e-07 
 3.85000000e-04  1.58814553e-07 
 3.85100000e-04  1.72475553e-07 
 3.85200000e-04  1.72226779e-07 
 3.85300000e-04  1.72132689e-07 
 3.85400000e-04  1.72049763e-07 
 3.85500000e-04  1.72009053e-07 
 3.85600000e-04  1.58044574e-07 
 3.85700000e-04  1.57638323e-07 
 3.85800000e-04  1.57429174e-07 
 3.85900000e-04  1.57266529e-07 
 3.86000000e-04  1.57151746e-07 
 3.86100000e-04  1.73844379e-07 
 3.86200000e-04  1.73548687e-07 
 3.86300000e-04  1.73421233e-07 
 3.86400000e-04  1.73304931e-07 
 3.86500000e-04  1.73255434e-07 
 3.86600000e-04  1.61800410e-07 
 3.86700000e-04  1.61459973e-07 
 3.86800000e-04  1.61283459e-07 
 3.86900000e-04  1.61160990e-07 
 3.87000000e-04  1.61094158e-07 
 3.87100000e-04  1.72547100e-07 
 3.87200000e-04  1.72279734e-07 
 3.87300000e-04  1.72172720e-07 
 3.87400000e-04  1.72076236e-07 
 3.87500000e-04  1.72035807e-07 
 3.87600000e-04  1.58092083e-07 
 3.87700000e-04  1.57674903e-07 
 3.87800000e-04  1.57442890e-07 
 3.87900000e-04  1.57269018e-07 
 3.88000000e-04  1.57155011e-07 
 3.88100000e-04  1.73329742e-07 
 3.88200000e-04  1.73115127e-07 
 3.88300000e-04  1.73027648e-07 
 3.88400000e-04  1.72950002e-07 
 3.88500000e-04  1.72891706e-07 
 3.88600000e-04  1.60146452e-07 
 3.88700000e-04  1.59784555e-07 
 3.88800000e-04  1.59612367e-07 
 3.88900000e-04  1.59490095e-07 
 3.89000000e-04  1.59419203e-07 
 3.89100000e-04  1.73080710e-07 
 3.89200000e-04  1.72834605e-07 
 3.89300000e-04  1.72751834e-07 
 3.89400000e-04  1.72681028e-07 
 3.89500000e-04  1.72634098e-07 
 3.89600000e-04  1.58637823e-07 
 3.89700000e-04  1.58248342e-07 
 3.89800000e-04  1.58021124e-07 
 3.89900000e-04  1.57851638e-07 
 3.90000000e-04  1.57741594e-07 
 3.90100000e-04  1.77115605e-07 
 3.90200000e-04  1.76269845e-07 
 3.90300000e-04  1.76009480e-07 
 3.90400000e-04  1.75787740e-07 
 3.90500000e-04  1.75696164e-07 
 3.90600000e-04  1.70708324e-07 
 3.90700000e-04  1.70343105e-07 
 3.90800000e-04  1.70186243e-07 
 3.90900000e-04  1.70101626e-07 
 3.91000000e-04  1.70091422e-07 
 3.91100000e-04  1.71310668e-07 
 3.91200000e-04  1.70326330e-07 
 3.91300000e-04  1.70062208e-07 
 3.91400000e-04  1.69843587e-07 
 3.91500000e-04  1.69762944e-07 
 3.91600000e-04  1.56073339e-07 
 3.91700000e-04  1.55428607e-07 
 3.91800000e-04  1.55152445e-07 
 3.91900000e-04  1.54948394e-07 
 3.92000000e-04  1.54818617e-07 
 3.92100000e-04  1.70905723e-07 
 3.92200000e-04  1.70701726e-07 
 3.92300000e-04  1.70604857e-07 
 3.92400000e-04  1.70515909e-07 
 3.92500000e-04  1.70470282e-07 
 3.92600000e-04  1.57799167e-07 
 3.92700000e-04  1.57452051e-07 
 3.92800000e-04  1.57261363e-07 
 3.92900000e-04  1.57125206e-07 
 3.93000000e-04  1.57045182e-07 
 3.93100000e-04  1.70615269e-07 
 3.93200000e-04  1.70391564e-07 
 3.93300000e-04  1.70305386e-07 
 3.93400000e-04  1.70228516e-07 
 3.93500000e-04  1.70182732e-07 
 3.93600000e-04  1.56290029e-07 
 3.93700000e-04  1.55892655e-07 
 3.93800000e-04  1.55660478e-07 
 3.93900000e-04  1.55487439e-07 
 3.94000000e-04  1.55375288e-07 
 3.94100000e-04  1.71977154e-07 
 3.94200000e-04  1.71686540e-07 
 3.94300000e-04  1.71564014e-07 
 3.94400000e-04  1.71452442e-07 
 3.94500000e-04  1.71417343e-07 
 3.94600000e-04  1.60043724e-07 
 3.94700000e-04  1.59701555e-07 
 3.94800000e-04  1.59516254e-07 
 3.94900000e-04  1.59385814e-07 
 3.95000000e-04  1.59311842e-07 
 3.95100000e-04  1.70692551e-07 
 3.95200000e-04  1.70406462e-07 
 3.95300000e-04  1.70309585e-07 
 3.95400000e-04  1.70225885e-07 
 3.95500000e-04  1.70207689e-07 
 3.95600000e-04  1.56341489e-07 
 3.95700000e-04  1.55892750e-07 
 3.95800000e-04  1.55659770e-07 
 3.95900000e-04  1.55482435e-07 
 3.96000000e-04  1.55362381e-07 
 3.96100000e-04  1.71450134e-07 
 3.96200000e-04  1.71264412e-07 
 3.96300000e-04  1.71175848e-07 
 3.96400000e-04  1.71093980e-07 
 3.96500000e-04  1.71048005e-07 
 3.96600000e-04  1.58381862e-07 
 3.96700000e-04  1.58020491e-07 
 3.96800000e-04  1.57834754e-07 
 3.96900000e-04  1.57703155e-07 
 3.97000000e-04  1.57627284e-07 
 3.97100000e-04  1.71198214e-07 
 3.97200000e-04  1.70986315e-07 
 3.97300000e-04  1.70895055e-07 
 3.97400000e-04  1.70811480e-07 
 3.97500000e-04  1.70773587e-07 
 3.97600000e-04  1.56880762e-07 
 3.97700000e-04  1.56467465e-07 
 3.97800000e-04  1.56235308e-07 
 3.97900000e-04  1.56064429e-07 
 3.98000000e-04  1.55956640e-07 
 3.98100000e-04  1.73116828e-07 
 3.98200000e-04  1.72699843e-07 
 3.98300000e-04  1.72555204e-07 
 3.98400000e-04  1.72429096e-07 
 3.98500000e-04  1.72369366e-07 
 3.98600000e-04  1.62297343e-07 
 3.98700000e-04  1.61929848e-07 
 3.98800000e-04  1.61751250e-07 
 3.98900000e-04  1.61631349e-07 
 3.99000000e-04  1.61571876e-07 
 3.99100000e-04  1.70802546e-07 
 3.99200000e-04  1.70495832e-07 
 3.99300000e-04  1.70384647e-07 
 3.99400000e-04  1.70286350e-07 
 3.99500000e-04  1.70247701e-07 
 3.99600000e-04  1.56407171e-07 
 3.99700000e-04  1.55905099e-07 
 3.99800000e-04  1.55677486e-07 
 3.99900000e-04  1.55501661e-07 
 4.00000000e-04  1.55379130e-07 
 4.00100000e-04  1.71472189e-07 
 4.00200000e-04  1.71263107e-07 
 4.00300000e-04  1.71177705e-07 
 4.00400000e-04  1.71101540e-07 
 4.00500000e-04  1.71043939e-07 
 4.00600000e-04  1.58381394e-07 
 4.00700000e-04  1.58019027e-07 
 4.00800000e-04  1.57833969e-07 
 4.00900000e-04  1.57704914e-07 
 4.01000000e-04  1.57633506e-07 
 4.01100000e-04  1.71220430e-07 
 4.01200000e-04  1.70968856e-07 
 4.01300000e-04  1.70890920e-07 
 4.01400000e-04  1.70825938e-07 
 4.01500000e-04  1.70776654e-07 
 4.01600000e-04  1.56864861e-07 
 4.01700000e-04  1.56465528e-07 
 4.01800000e-04  1.56245590e-07 
 4.01900000e-04  1.56076137e-07 
 4.02000000e-04  1.55958640e-07 
 4.02100000e-04  1.72605912e-07 
 4.02200000e-04  1.72288167e-07 
 4.02300000e-04  1.72164760e-07 
 4.02400000e-04  1.72055012e-07 
 4.02500000e-04  1.72014302e-07 
 4.02600000e-04  1.60636473e-07 
 4.02700000e-04  1.60275021e-07 
 4.02800000e-04  1.60083668e-07 
 4.02900000e-04  1.59955548e-07 
 4.03000000e-04  1.59892531e-07 
 4.03100000e-04  1.71307881e-07 
 4.03200000e-04  1.71016786e-07 
 4.03300000e-04  1.70922753e-07 
 4.03400000e-04  1.70842625e-07 
 4.03500000e-04  1.70806791e-07 
 4.03600000e-04  1.56919177e-07 
 4.03700000e-04  1.56484171e-07 
 4.03800000e-04  1.56249689e-07 
 4.03900000e-04  1.56076077e-07 
 4.04000000e-04  1.55965127e-07 
 4.04100000e-04  1.72064300e-07 
 4.04200000e-04  1.71859172e-07 
 4.04300000e-04  1.71772762e-07 
 4.04400000e-04  1.71695225e-07 
 4.04500000e-04  1.71650740e-07 
 4.04600000e-04  1.58963653e-07 
 4.04700000e-04  1.58596375e-07 
 4.04800000e-04  1.58423844e-07 
 4.04900000e-04  1.58293633e-07 
 4.05000000e-04  1.58206948e-07 
 4.05100000e-04  1.71832677e-07 
 4.05200000e-04  1.71591782e-07 
 4.05300000e-04  1.71508639e-07 
 4.05400000e-04  1.71437146e-07 
 4.05500000e-04  1.71398062e-07 
 4.05600000e-04  1.57462674e-07 
 4.05700000e-04  1.57058267e-07 
 4.05800000e-04  1.56833427e-07 
 4.05900000e-04  1.56664398e-07 
 4.06000000e-04  1.56552812e-07 
 4.06100000e-04  1.74266266e-07 
 4.06200000e-04  1.73744632e-07 
 4.06300000e-04  1.73569769e-07 
 4.06400000e-04  1.73418085e-07 
 4.06500000e-04  1.73354571e-07 
 4.06600000e-04  1.64544036e-07 
 4.06700000e-04  1.64189189e-07 
 4.06800000e-04  1.64004645e-07 
 4.06900000e-04  1.63893601e-07 
 4.07000000e-04  1.63858250e-07 
 4.07100000e-04  1.71094902e-07 
 4.07200000e-04  1.70674885e-07 
 4.07300000e-04  1.70522696e-07 
 4.07400000e-04  1.70388936e-07 
 4.07500000e-04  1.70310631e-07 
 4.07600000e-04  1.56509516e-07 
 4.07700000e-04  1.55968977e-07 
 4.07800000e-04  1.55719377e-07 
 4.07900000e-04  1.55531089e-07 
 4.08000000e-04  1.55405917e-07 
 4.08100000e-04  1.71505974e-07 
 4.08200000e-04  1.71287547e-07 
 4.08300000e-04  1.71201286e-07 
 4.08400000e-04  1.71125463e-07 
 4.08500000e-04  1.71062948e-07 
 4.08600000e-04  1.58395856e-07 
 4.08700000e-04  1.58036182e-07 
 4.08800000e-04  1.57850399e-07 
 4.08900000e-04  1.57713594e-07 
 4.09000000e-04  1.57627177e-07 
 4.09100000e-04  1.71228213e-07 
 4.09200000e-04  1.70989716e-07 
 4.09300000e-04  1.70899230e-07 
 4.09400000e-04  1.70819098e-07 
 4.09500000e-04  1.70798973e-07 
 4.09600000e-04  1.56890067e-07 
 4.09700000e-04  1.56460661e-07 
 4.09800000e-04  1.56243271e-07 
 4.09900000e-04  1.56076994e-07 
 4.10000000e-04  1.55963306e-07 
 4.10100000e-04  1.72590849e-07 
 4.10200000e-04  1.72298183e-07 
 4.10300000e-04  1.72177518e-07 
 4.10400000e-04  1.72068300e-07 
 4.10500000e-04  1.72018839e-07 
 4.10600000e-04  1.60623292e-07 
 4.10700000e-04  1.60283633e-07 
 4.10800000e-04  1.60096341e-07 
 4.10900000e-04  1.59970825e-07 
 4.11000000e-04  1.59908900e-07 
 4.11100000e-04  1.71310785e-07 
 4.11200000e-04  1.71023452e-07 
 4.11300000e-04  1.70931455e-07 
 4.11400000e-04  1.70853108e-07 
 4.11500000e-04  1.70805959e-07 
 4.11600000e-04  1.56915134e-07 
 4.11700000e-04  1.56483684e-07 
 4.11800000e-04  1.56253659e-07 
 4.11900000e-04  1.56084037e-07 
 4.12000000e-04  1.55976590e-07 
 4.12100000e-04  1.72067866e-07 
 4.12200000e-04  1.71880923e-07 
 4.12300000e-04  1.71787767e-07 
 4.12400000e-04  1.71700970e-07 
 4.12500000e-04  1.71645349e-07 
 4.12600000e-04  1.58966109e-07 
 4.12700000e-04  1.58596574e-07 
 4.12800000e-04  1.58420246e-07 
 4.12900000e-04  1.58294418e-07 
 4.13000000e-04  1.58220548e-07 
 4.13100000e-04  1.71822505e-07 
 4.13200000e-04  1.71596100e-07 
 4.13300000e-04  1.71512043e-07 
 4.13400000e-04  1.71437965e-07 
 4.13500000e-04  1.71404876e-07 
 4.13600000e-04  1.57455831e-07 
 4.13700000e-04  1.57060269e-07 
 4.13800000e-04  1.56833506e-07 
 4.13900000e-04  1.56667299e-07 
 4.14000000e-04  1.56563420e-07 
 4.14100000e-04  1.73747472e-07 
 4.14200000e-04  1.73328016e-07 
 4.14300000e-04  1.73185299e-07 
 4.14400000e-04  1.73061826e-07 
 4.14500000e-04  1.73002874e-07 
 4.14600000e-04  1.62875045e-07 
 4.14700000e-04  1.62526249e-07 
 4.14800000e-04  1.62336733e-07 
 4.14900000e-04  1.62221600e-07 
 4.15000000e-04  1.62183063e-07 
 4.15100000e-04  1.71417500e-07 
 4.15200000e-04  1.71111740e-07 
 4.15300000e-04  1.70997312e-07 
 4.15400000e-04  1.70895237e-07 
 4.15500000e-04  1.70847842e-07 
 4.15600000e-04  1.56992081e-07 
 4.15700000e-04  1.56513515e-07 
 4.15800000e-04  1.56270036e-07 
 4.15900000e-04  1.56091824e-07 
 4.16000000e-04  1.55980803e-07 
 4.16100000e-04  1.72090957e-07 
 4.16200000e-04  1.71878542e-07 
 4.16300000e-04  1.71792112e-07 
 4.16400000e-04  1.71715196e-07 
 4.16500000e-04  1.71662330e-07 
 4.16600000e-04  1.58959716e-07 
 4.16700000e-04  1.58609374e-07 
 4.16800000e-04  1.58418263e-07 
 4.16900000e-04  1.58283375e-07 
 4.17000000e-04  1.58206348e-07 
 4.17100000e-04  1.71841144e-07 
 4.17200000e-04  1.71600561e-07 
 4.17300000e-04  1.71518033e-07 
 4.17400000e-04  1.71447167e-07 
 4.17500000e-04  1.71395251e-07 
 4.17600000e-04  1.57462967e-07 
 4.17700000e-04  1.57064071e-07 
 4.17800000e-04  1.56839963e-07 
 4.17900000e-04  1.56665850e-07 
 4.18000000e-04  1.56543166e-07 
 4.18100000e-04  1.73220209e-07 
 4.18200000e-04  1.72902056e-07 
 4.18300000e-04  1.72788312e-07 
 4.18400000e-04  1.72688933e-07 
 4.18500000e-04  1.72622882e-07 
 4.18600000e-04  1.61224272e-07 
 4.18700000e-04  1.60871281e-07 
 4.18800000e-04  1.60678573e-07 
 4.18900000e-04  1.60555362e-07 
 4.19000000e-04  1.60503706e-07 
 4.19100000e-04  1.71928592e-07 
 4.19200000e-04  1.71642088e-07 
 4.19300000e-04  1.71548014e-07 
 4.19400000e-04  1.71467565e-07 
 4.19500000e-04  1.71429782e-07 
 4.19600000e-04  1.57518768e-07 
 4.19700000e-04  1.57077337e-07 
 4.19800000e-04  1.56834964e-07 
 4.19900000e-04  1.56659617e-07 
 4.20000000e-04  1.56553273e-07 
 4.20100000e-04  1.72703951e-07 
 4.20200000e-04  1.72480574e-07 
 4.20300000e-04  1.72390667e-07 
 4.20400000e-04  1.72311175e-07 
 4.20500000e-04  1.72254782e-07 
 4.20600000e-04  1.59555659e-07 
 4.20700000e-04  1.59193424e-07 
 4.20800000e-04  1.59015119e-07 
 4.20900000e-04  1.58888804e-07 
 4.21000000e-04  1.58815975e-07 
 4.21100000e-04  1.72444064e-07 
 4.21200000e-04  1.72210576e-07 
 4.21300000e-04  1.72123904e-07 
 4.21400000e-04  1.72047475e-07 
 4.21500000e-04  1.72004905e-07 
 4.21600000e-04  1.58048937e-07 
 4.21700000e-04  1.57630382e-07 
 4.21800000e-04  1.57422745e-07 
 4.21900000e-04  1.57262982e-07 
 4.22000000e-04  1.57152453e-07 
 4.22100000e-04  1.75421067e-07 
 4.22200000e-04  1.74794731e-07 
 4.22300000e-04  1.74594101e-07 
 4.22400000e-04  1.74421402e-07 
 4.22500000e-04  1.74347455e-07 
 4.22600000e-04  1.66788798e-07 
 4.22700000e-04  1.66422189e-07 
 4.22800000e-04  1.66256937e-07 
 4.22900000e-04  1.66163758e-07 
 4.23000000e-04  1.66144787e-07 
 4.23100000e-04  1.71723544e-07 
 4.23200000e-04  1.70926446e-07 
 4.23300000e-04  1.70668122e-07 
 4.23400000e-04  1.70446349e-07 
 4.23500000e-04  1.70355868e-07 
 4.23600000e-04  1.56578807e-07 
 4.23700000e-04  1.56016973e-07 
 4.23800000e-04  1.55735630e-07 
 4.23900000e-04  1.55536233e-07 
 4.24000000e-04  1.55421219e-07 
 4.24100000e-04  1.71507821e-07 
 4.24200000e-04  1.71299860e-07 
 4.24300000e-04  1.71215157e-07 
 4.24400000e-04  1.71139311e-07 
 4.24500000e-04  1.71089365e-07 
 4.24600000e-04  1.58409657e-07 
 4.24700000e-04  1.58032320e-07 
 4.24800000e-04  1.57844545e-07 
 4.24900000e-04  1.57711478e-07 
 4.25000000e-04  1.57634698e-07 
 4.25100000e-04  1.71244274e-07 
 4.25200000e-04  1.71000638e-07 
 4.25300000e-04  1.70910086e-07 
 4.25400000e-04  1.70830903e-07 
 4.25500000e-04  1.70805730e-07 
 4.25600000e-04  1.56886473e-07 
 4.25700000e-04  1.56474832e-07 
 4.25800000e-04  1.56255336e-07 
 4.25900000e-04  1.56085519e-07 
 4.26000000e-04  1.55966802e-07 
 4.26100000e-04  1.72620033e-07 
 4.26200000e-04  1.72291042e-07 
 4.26300000e-04  1.72170386e-07 
 4.26400000e-04  1.72064854e-07 
 4.26500000e-04  1.72014285e-07 
 4.26600000e-04  1.60642970e-07 
 4.26700000e-04  1.60268816e-07 
 4.26800000e-04  1.60094698e-07 
 4.26900000e-04  1.59971894e-07 
 4.27000000e-04  1.59901873e-07 
 4.27100000e-04  1.71299233e-07 
 4.27200000e-04  1.71027325e-07 
 4.27300000e-04  1.70927899e-07 
 4.27400000e-04  1.70839855e-07 
 4.27500000e-04  1.70809485e-07 
 4.27600000e-04  1.56931694e-07 
 4.27700000e-04  1.56465394e-07 
 4.27800000e-04  1.56247764e-07 
 4.27900000e-04  1.56077886e-07 
 4.28000000e-04  1.55957117e-07 
 4.28100000e-04  1.72074383e-07 
 4.28200000e-04  1.71883459e-07 
 4.28300000e-04  1.71788936e-07 
 4.28400000e-04  1.71700830e-07 
 4.28500000e-04  1.71654963e-07 
 4.28600000e-04  1.58965688e-07 
 4.28700000e-04  1.58598601e-07 
 4.28800000e-04  1.58415694e-07 
 4.28900000e-04  1.58287852e-07 
 4.29000000e-04  1.58216661e-07 
 4.29100000e-04  1.71833845e-07 
 4.29200000e-04  1.71596428e-07 
 4.29300000e-04  1.71510574e-07 
 4.29400000e-04  1.71435481e-07 
 4.29500000e-04  1.71391684e-07 
 4.29600000e-04  1.57465641e-07 
 4.29700000e-04  1.57044539e-07 
 4.29800000e-04  1.56823371e-07 
 4.29900000e-04  1.56661668e-07 
 4.30000000e-04  1.56561153e-07 
 4.30100000e-04  1.73744020e-07 
 4.30200000e-04  1.73333484e-07 
 4.30300000e-04  1.73180612e-07 
 4.30400000e-04  1.73044985e-07 
 4.30500000e-04  1.72992559e-07 
 4.30600000e-04  1.62887112e-07 
 4.30700000e-04  1.62527011e-07 
 4.30800000e-04  1.62355383e-07 
 4.30900000e-04  1.62233069e-07 
 4.31000000e-04  1.62161470e-07 
 4.31100000e-04  1.71420004e-07 
 4.31200000e-04  1.71103694e-07 
 4.31300000e-04  1.70993462e-07 
 4.31400000e-04  1.70897135e-07 
 4.31500000e-04  1.70866308e-07 
 4.31600000e-04  1.56993138e-07 
 4.31700000e-04  1.56515956e-07 
 4.31800000e-04  1.56276632e-07 
 4.31900000e-04  1.56098120e-07 
 4.32000000e-04  1.55982185e-07 
 4.32100000e-04  1.72094418e-07 
 4.32200000e-04  1.71899929e-07 
 4.32300000e-04  1.71805771e-07 
 4.32400000e-04  1.71718860e-07 
 4.32500000e-04  1.71665374e-07 
 4.32600000e-04  1.58981575e-07 
 4.32700000e-04  1.58621126e-07 
 4.32800000e-04  1.58432245e-07 
 4.32900000e-04  1.58295804e-07 
 4.33000000e-04  1.58213300e-07 
 4.33100000e-04  1.71836977e-07 
 4.33200000e-04  1.71595937e-07 
 4.33300000e-04  1.71512391e-07 
 4.33400000e-04  1.71440524e-07 
 4.33500000e-04  1.71414007e-07 
 4.33600000e-04  1.57457704e-07 
 4.33700000e-04  1.57047797e-07 
 4.33800000e-04  1.56828662e-07 
 4.33900000e-04  1.56663406e-07 
 4.34000000e-04  1.56553572e-07 
 4.34100000e-04  1.73212685e-07 
 4.34200000e-04  1.72900026e-07 
 4.34300000e-04  1.72784337e-07 
 4.34400000e-04  1.72682141e-07 
 4.34500000e-04  1.72624562e-07 
 4.34600000e-04  1.61221656e-07 
 4.34700000e-04  1.60860656e-07 
 4.34800000e-04  1.60678174e-07 
 4.34900000e-04  1.60558397e-07 
 4.35000000e-04  1.60503145e-07 
 4.35100000e-04  1.71914552e-07 
 4.35200000e-04  1.71644030e-07 
 4.35300000e-04  1.71551427e-07 
 4.35400000e-04  1.71470582e-07 
 4.35500000e-04  1.71430688e-07 
 4.35600000e-04  1.57504734e-07 
 4.35700000e-04  1.57062675e-07 
 4.35800000e-04  1.56830048e-07 
 4.35900000e-04  1.56663668e-07 
 4.36000000e-04  1.56565470e-07 
 4.36100000e-04  1.72687410e-07 
 4.36200000e-04  1.72484757e-07 
 4.36300000e-04  1.72392886e-07 
 4.36400000e-04  1.72308961e-07 
 4.36500000e-04  1.72268265e-07 
 4.36600000e-04  1.59552706e-07 
 4.36700000e-04  1.59200976e-07 
 4.36800000e-04  1.59003671e-07 
 4.36900000e-04  1.58873845e-07 
 4.37000000e-04  1.58813471e-07 
 4.37100000e-04  1.72458196e-07 
 4.37200000e-04  1.72207401e-07 
 4.37300000e-04  1.72119026e-07 
 4.37400000e-04  1.72042627e-07 
 4.37500000e-04  1.72025660e-07 
 4.37600000e-04  1.58051573e-07 
 4.37700000e-04  1.57632019e-07 
 4.37800000e-04  1.57425117e-07 
 4.37900000e-04  1.57264127e-07 
 4.38000000e-04  1.57150332e-07 
 4.38100000e-04  1.74904365e-07 
 4.38200000e-04  1.74369123e-07 
 4.38300000e-04  1.74199210e-07 
 4.38400000e-04  1.74054394e-07 
 4.38500000e-04  1.73970927e-07 
 4.38600000e-04  1.65121333e-07 
 4.38700000e-04  1.64775025e-07 
 4.38800000e-04  1.64602061e-07 
 4.38900000e-04  1.64498098e-07 
 4.39000000e-04  1.64465156e-07 
 4.39100000e-04  1.71705750e-07 
 4.39200000e-04  1.71299248e-07 
 4.39300000e-04  1.71147234e-07 
 4.39400000e-04  1.71012459e-07 
 4.39500000e-04  1.70938055e-07 
 4.39600000e-04  1.57110861e-07 
 4.39700000e-04  1.56567449e-07 
 4.39800000e-04  1.56312917e-07 
 4.39900000e-04  1.56127956e-07 
 4.40000000e-04  1.56014600e-07 
 4.40100000e-04  1.72126074e-07 
 4.40200000e-04  1.71927792e-07 
 4.40300000e-04  1.71833092e-07 
 4.40400000e-04  1.71745896e-07 
 4.40500000e-04  1.71684222e-07 
 4.40600000e-04  1.58983752e-07 
 4.40700000e-04  1.58622207e-07 
 4.40800000e-04  1.58433263e-07 
 4.40900000e-04  1.58297927e-07 
 4.41000000e-04  1.58217727e-07 
 4.41100000e-04  1.71847368e-07 
 4.41200000e-04  1.71621342e-07 
 4.41300000e-04  1.71524971e-07 
 4.41400000e-04  1.71437220e-07 
 4.41500000e-04  1.71419064e-07 
 4.41600000e-04  1.57472197e-07 
 4.41700000e-04  1.57051047e-07 
 4.41800000e-04  1.56831745e-07 
 4.41900000e-04  1.56664986e-07 
 4.42000000e-04  1.56552264e-07 
 4.42100000e-04  1.73222950e-07 
 4.42200000e-04  1.72920748e-07 
 4.42300000e-04  1.72799825e-07 
 4.42400000e-04  1.72691310e-07 
 4.42500000e-04  1.72650806e-07 
 4.42600000e-04  1.61212189e-07 
 4.42700000e-04  1.60871256e-07 
 4.42800000e-04  1.60676758e-07 
 4.42900000e-04  1.60553301e-07 
 4.43000000e-04  1.60502964e-07 
 4.43100000e-04  1.71924253e-07 
 4.43200000e-04  1.71645170e-07 
 4.43300000e-04  1.71555843e-07 
 4.43400000e-04  1.71479654e-07 
 4.43500000e-04  1.71426777e-07 
 4.43600000e-04  1.57510782e-07 
 4.43700000e-04  1.57084853e-07 
 4.43800000e-04  1.56850580e-07 
 4.43900000e-04  1.56673488e-07 
 4.44000000e-04  1.56555220e-07 
 4.44100000e-04  1.72705313e-07 
 4.44200000e-04  1.72492624e-07 
 4.44300000e-04  1.72401483e-07 
 4.44400000e-04  1.72319824e-07 
 4.44500000e-04  1.72280511e-07 
 4.44600000e-04  1.59550129e-07 
 4.44700000e-04  1.59200634e-07 
 4.44800000e-04  1.59010751e-07 
 4.44900000e-04  1.58877579e-07 
 4.45000000e-04  1.58802742e-07 
 4.45100000e-04  1.72461504e-07 
 4.45200000e-04  1.72219558e-07 
 4.45300000e-04  1.72125705e-07 
 4.45400000e-04  1.72042621e-07 
 4.45500000e-04  1.72004218e-07 
 4.45600000e-04  1.58034052e-07 
 4.45700000e-04  1.57632628e-07 
 4.45800000e-04  1.57425908e-07 
 4.45900000e-04  1.57265581e-07 
 4.46000000e-04  1.57152947e-07 
 4.46100000e-04  1.74365441e-07 
 4.46200000e-04  1.73940512e-07 
 4.46300000e-04  1.73802154e-07 
 4.46400000e-04  1.73683625e-07 
 4.46500000e-04  1.73628166e-07 
 4.46600000e-04  1.63471361e-07 
 4.46700000e-04  1.63105890e-07 
 4.46800000e-04  1.62933736e-07 
 4.46900000e-04  1.62822031e-07 
 4.47000000e-04  1.62772515e-07 
 4.47100000e-04  1.72045002e-07 
 4.47200000e-04  1.71739718e-07 
 4.47300000e-04  1.71622409e-07 
 4.47400000e-04  1.71517002e-07 
 4.47500000e-04  1.71468341e-07 
 4.47600000e-04  1.57580617e-07 
 4.47700000e-04  1.57108745e-07 
 4.47800000e-04  1.56862013e-07 
 4.47900000e-04  1.56684866e-07 
 4.48000000e-04  1.56579336e-07 
 4.48100000e-04  1.72726702e-07 
 4.48200000e-04  1.72507494e-07 
 4.48300000e-04  1.72413731e-07 
 4.48400000e-04  1.72329861e-07 
 4.48500000e-04  1.72275039e-07 
 4.48600000e-04  1.59560891e-07 
 4.48700000e-04  1.59210584e-07 
 4.48800000e-04  1.59027761e-07 
 4.48900000e-04  1.58898167e-07 
 4.49000000e-04  1.58823308e-07 
 4.49100000e-04  1.72466887e-07 
 4.49200000e-04  1.72228037e-07 
 4.49300000e-04  1.72139602e-07 
 4.49400000e-04  1.72062046e-07 
 4.49500000e-04  1.72022709e-07 
 4.49600000e-04  1.58038852e-07 
 4.49700000e-04  1.57636085e-07 
 4.49800000e-04  1.57430227e-07 
 4.49900000e-04  1.57268749e-07 
 4.50000000e-04  1.57152876e-07 
 4.50100000e-04  1.73845126e-07 
 4.50200000e-04  1.73541319e-07 
 4.50300000e-04  1.73412128e-07 
 4.50400000e-04  1.73294281e-07 
 4.50500000e-04  1.73246886e-07 
 4.50600000e-04  1.61795350e-07 
 4.50700000e-04  1.61445655e-07 
 4.50800000e-04  1.61262321e-07 
 4.50900000e-04  1.61142086e-07 
 4.51000000e-04  1.61086771e-07 
 4.51100000e-04  1.72549884e-07 
 4.51200000e-04  1.72275254e-07 
 4.51300000e-04  1.72181412e-07 
 4.51400000e-04  1.72099477e-07 
 4.51500000e-04  1.72053729e-07 
 4.51600000e-04  1.58094933e-07 
 4.51700000e-04  1.57660449e-07 
 4.51800000e-04  1.57428830e-07 
 4.51900000e-04  1.57258162e-07 
 4.52000000e-04  1.57150193e-07 
 4.52100000e-04  1.73329604e-07 
 4.52200000e-04  1.73114170e-07 
 4.52300000e-04  1.73025504e-07 
 4.52400000e-04  1.72946260e-07 
 4.52500000e-04  1.72895727e-07 
 4.52600000e-04  1.60149830e-07 
 4.52700000e-04  1.59786825e-07 
 4.52800000e-04  1.59608422e-07 
 4.52900000e-04  1.59481714e-07 
 4.53000000e-04  1.59408152e-07 
 4.53100000e-04  1.73081553e-07 
 4.53200000e-04  1.72830811e-07 
 4.53300000e-04  1.72737047e-07 
 4.53400000e-04  1.72654620e-07 
 4.53500000e-04  1.72621685e-07 
 4.53600000e-04  1.58614262e-07 
 4.53700000e-04  1.58238704e-07 
 4.53800000e-04  1.58021725e-07 
 4.53900000e-04  1.57860596e-07 
 4.54000000e-04  1.57756904e-07 
 4.54100000e-04  1.76577814e-07 
 4.54200000e-04  1.75833887e-07 
 4.54300000e-04  1.75600570e-07 
 4.54400000e-04  1.75400871e-07 
 4.54500000e-04  1.75329252e-07 
 4.54600000e-04  1.69047267e-07 
 4.54700000e-04  1.68682278e-07 
 4.54800000e-04  1.68521127e-07 
 4.54900000e-04  1.68427954e-07 
 4.55000000e-04  1.68404728e-07 
 4.55100000e-04  1.71861845e-07 
 4.55200000e-04  1.70915028e-07 
 4.55300000e-04  1.70656834e-07 
 4.55400000e-04  1.70441826e-07 
 4.55500000e-04  1.70344967e-07 
 4.55600000e-04  1.56610218e-07 
 4.55700000e-04  1.56005980e-07 
 4.55800000e-04  1.55734285e-07 
 4.55900000e-04  1.55538986e-07 
 4.56000000e-04  1.55422320e-07 
 4.56100000e-04  1.71519862e-07 
 4.56200000e-04  1.71317393e-07 
 4.56300000e-04  1.71215906e-07 
 4.56400000e-04  1.71121720e-07 
 4.56500000e-04  1.71071658e-07 
 4.56600000e-04  1.58392471e-07 
 4.56700000e-04  1.58038291e-07 
 4.56800000e-04  1.57854222e-07 
 4.56900000e-04  1.57722209e-07 
 4.57000000e-04  1.57643719e-07 
 4.57100000e-04  1.71243119e-07 
 4.57200000e-04  1.70996764e-07 
 4.57300000e-04  1.70911021e-07 
 4.57400000e-04  1.70837369e-07 
 4.57500000e-04  1.70798276e-07 
 4.57600000e-04  1.56871976e-07 
 4.57700000e-04  1.56477392e-07 
 4.57800000e-04  1.56254111e-07 
 4.57900000e-04  1.56086069e-07 
 4.58000000e-04  1.55974831e-07 
 4.58100000e-04  1.72603290e-07 
 4.58200000e-04  1.72302864e-07 
 4.58300000e-04  1.72184610e-07 
 4.58400000e-04  1.72078841e-07 
 4.58500000e-04  1.72023165e-07 
 4.58600000e-04  1.60629885e-07 
 4.58700000e-04  1.60280223e-07 
 4.58800000e-04  1.60091526e-07 
 4.58900000e-04  1.59966119e-07 
 4.59000000e-04  1.59905820e-07 
 4.59100000e-04  1.71311773e-07 
 4.59200000e-04  1.71043716e-07 
 4.59300000e-04  1.70945687e-07 
 4.59400000e-04  1.70858885e-07 
 4.59500000e-04  1.70822253e-07 
 4.59600000e-04  1.56922347e-07 
 4.59700000e-04  1.56486972e-07 
 4.59800000e-04  1.56246931e-07 
 4.59900000e-04  1.56074776e-07 
 4.60000000e-04  1.55972465e-07 
 4.60100000e-04  1.72070914e-07 
 4.60200000e-04  1.71878360e-07 
 4.60300000e-04  1.71786602e-07 
 4.60400000e-04  1.71701771e-07 
 4.60500000e-04  1.71657726e-07 
 4.60600000e-04  1.58962651e-07 
 4.60700000e-04  1.58614134e-07 
 4.60800000e-04  1.58421885e-07 
 4.60900000e-04  1.58288929e-07 
 4.61000000e-04  1.58216956e-07 
 4.61100000e-04  1.71832844e-07 
 4.61200000e-04  1.71605075e-07 
 4.61300000e-04  1.71517851e-07 
 4.61400000e-04  1.71440160e-07 
 4.61500000e-04  1.71397302e-07 
 4.61600000e-04  1.57454613e-07 
 4.61700000e-04  1.57042186e-07 
 4.61800000e-04  1.56824211e-07 
 4.61900000e-04  1.56661967e-07 
 4.62000000e-04  1.56557029e-07 
 4.62100000e-04  1.73741062e-07 
 4.62200000e-04  1.73331345e-07 
 4.62300000e-04  1.73189789e-07 
 4.62400000e-04  1.73066235e-07 
 4.62500000e-04  1.72989832e-07 
 4.62600000e-04  1.62885570e-07 
 4.62700000e-04  1.62526474e-07 
 4.62800000e-04  1.62342469e-07 
 4.62900000e-04  1.62225706e-07 
 4.63000000e-04  1.62178129e-07 
 4.63100000e-04  1.71419140e-07 
 4.63200000e-04  1.71109116e-07 
 4.63300000e-04  1.70995751e-07 
 4.63400000e-04  1.70895385e-07 
 4.63500000e-04  1.70852040e-07 
 4.63600000e-04  1.57000311e-07 
 4.63700000e-04  1.56504746e-07 
 4.63800000e-04  1.56268668e-07 
 4.63900000e-04  1.56090068e-07 
 4.64000000e-04  1.55970575e-07 
 4.64100000e-04  1.72093416e-07 
 4.64200000e-04  1.71892375e-07 
 4.64300000e-04  1.71795088e-07 
 4.64400000e-04  1.71704980e-07 
 4.64500000e-04  1.71673050e-07 
 4.64600000e-04  1.58974398e-07 
 4.64700000e-04  1.58618933e-07 
 4.64800000e-04  1.58424649e-07 
 4.64900000e-04  1.58289779e-07 
 4.65000000e-04  1.58216015e-07 
 4.65100000e-04  1.71847041e-07 
 4.65200000e-04  1.71599025e-07 
 4.65300000e-04  1.71511106e-07 
 4.65400000e-04  1.71435273e-07 
 4.65500000e-04  1.71395307e-07 
 4.65600000e-04  1.57459500e-07 
 4.65700000e-04  1.57050240e-07 
 4.65800000e-04  1.56837754e-07 
 4.65900000e-04  1.56668904e-07 
 4.66000000e-04  1.56544882e-07 
 4.66100000e-04  1.73210513e-07 
 4.66200000e-04  1.72901827e-07 
 4.66300000e-04  1.72793056e-07 
 4.66400000e-04  1.72697991e-07 
 4.66500000e-04  1.72628790e-07 
 4.66600000e-04  1.61206914e-07 
 4.66700000e-04  1.60850631e-07 
 4.66800000e-04  1.60677737e-07 
 4.66900000e-04  1.60561328e-07 
 4.67000000e-04  1.60502999e-07 
 4.67100000e-04  1.71918939e-07 
 4.67200000e-04  1.71640768e-07 
 4.67300000e-04  1.71544324e-07 
 4.67400000e-04  1.71460314e-07 
 4.67500000e-04  1.71424115e-07 
 4.67600000e-04  1.57513349e-07 
 4.67700000e-04  1.57060281e-07 
 4.67800000e-04  1.56833610e-07 
 4.67900000e-04  1.56665224e-07 
 4.68000000e-04  1.56556773e-07 
 4.68100000e-04  1.72684397e-07 
 4.68200000e-04  1.72501971e-07 
 4.68300000e-04  1.72403717e-07 
 4.68400000e-04  1.72310810e-07 
 4.68500000e-04  1.72265794e-07 
 4.68600000e-04  1.59545274e-07 
 4.68700000e-04  1.59196547e-07 
 4.68800000e-04  1.59019101e-07 
 4.68900000e-04  1.58887852e-07 
 4.69000000e-04  1.58804063e-07 
 4.69100000e-04  1.72461566e-07 
 4.69200000e-04  1.72222348e-07 
 4.69300000e-04  1.72131920e-07 
 4.69400000e-04  1.72052211e-07 
 4.69500000e-04  1.72011037e-07 
 4.69600000e-04  1.58054386e-07 
 4.69700000e-04  1.57632158e-07 
 4.69800000e-04  1.57412005e-07 
 4.69900000e-04  1.57251831e-07 
 4.70000000e-04  1.57153337e-07 
 4.70100000e-04  1.74902289e-07 
 4.70200000e-04  1.74375275e-07 
 4.70300000e-04  1.74197633e-07 
 4.70400000e-04  1.74043231e-07 
 4.70500000e-04  1.73966448e-07 
 4.70600000e-04  1.65120419e-07 
 4.70700000e-04  1.64779248e-07 
 4.70800000e-04  1.64608706e-07 
 4.70900000e-04  1.64496488e-07 
 4.71000000e-04  1.64444245e-07 
 4.71100000e-04  1.71707807e-07 
 4.71200000e-04  1.71310872e-07 
 4.71300000e-04  1.71151751e-07 
 4.71400000e-04  1.71008117e-07 
 4.71500000e-04  1.70945054e-07 
 4.71600000e-04  1.57095248e-07 
 4.71700000e-04  1.56570036e-07 
 4.71800000e-04  1.56318766e-07 
 4.71900000e-04  1.56132678e-07 
 4.72000000e-04  1.56013641e-07 
 4.72100000e-04  1.72121716e-07 
 4.72200000e-04  1.71930163e-07 
 4.72300000e-04  1.71830476e-07 
 4.72400000e-04  1.71736562e-07 
 4.72500000e-04  1.71689037e-07 
 4.72600000e-04  1.58988203e-07 
 4.72700000e-04  1.58629151e-07 
 4.72800000e-04  1.58437249e-07 
 4.72900000e-04  1.58305214e-07 
 4.73000000e-04  1.58234741e-07 
 4.73100000e-04  1.71848530e-07 
 4.73200000e-04  1.71609182e-07 
 4.73300000e-04  1.71525334e-07 
 4.73400000e-04  1.71452516e-07 
 4.73500000e-04  1.71403294e-07 
 4.73600000e-04  1.57454392e-07 
 4.73700000e-04  1.57070737e-07 
 4.73800000e-04  1.56839700e-07 
 4.73900000e-04  1.56666476e-07 
 4.74000000e-04  1.56552495e-07 
 4.74100000e-04  1.75434198e-07 
 4.74200000e-04  1.74641193e-07 
 4.74300000e-04  1.74371844e-07 
 4.74400000e-04  1.74267486e-07 
 4.74500000e-04  1.74216441e-07 
 4.74600000e-04  1.62330720e-07 
 4.74700000e-04  1.61797691e-07 
 4.74800000e-04  1.61563340e-07 
 4.74900000e-04  1.61395295e-07 
 4.75000000e-04  1.61294768e-07 
 4.75100000e-04  1.03758869e-04 
 4.75200000e-04  1.03758412e-04 
 4.75300000e-04  1.03758266e-04 
 4.75400000e-04  1.03758140e-04 
 4.75500000e-04  1.03758107e-04 
 4.75600000e-04  1.03744196e-04 
 4.75700000e-04  1.03743722e-04 
 4.75800000e-04  1.03743492e-04 
 4.75900000e-04  1.03743319e-04 
 4.76000000e-04  1.03743204e-04 
 4.76100000e-04  1.73860031e-07 
 4.76200000e-04  1.73615959e-07 
 4.76300000e-04  1.73517893e-07 
 4.76400000e-04  1.73429960e-07 
 4.76500000e-04  1.73390906e-07 
 4.76600000e-04  1.60649888e-07 
 4.76700000e-04  1.60282243e-07 
 4.76800000e-04  1.60097944e-07 
 4.76900000e-04  1.59972531e-07 
 4.77000000e-04  1.59907660e-07 
 4.77100000e-04  1.73607988e-07 
 4.77200000e-04  1.73371679e-07 
 4.77300000e-04  1.73282742e-07 
 4.77400000e-04  1.73203952e-07 
 4.77500000e-04  1.73166722e-07 
 4.77600000e-04  1.59131414e-07 
 4.77700000e-04  1.58718579e-07 
 4.77800000e-04  1.58519747e-07 
 4.77900000e-04  1.58360365e-07 
 4.78000000e-04  1.58241473e-07 
 4.78100000e-04  1.75536746e-07 
 4.78200000e-04  1.75105734e-07 
 4.78300000e-04  1.74952560e-07 
 4.78400000e-04  1.74818623e-07 
 4.78500000e-04  1.74752594e-07 
 4.78600000e-04  1.64550857e-07 
 4.78700000e-04  1.64193249e-07 
 4.78800000e-04  1.64017447e-07 
 4.78900000e-04  1.63909285e-07 
 4.79000000e-04  1.63870702e-07 
 4.79100000e-04  1.73209950e-07 
 4.79200000e-04  1.72887015e-07 
 4.79300000e-04  1.72765544e-07 
 4.79400000e-04  1.72657314e-07 
 4.79500000e-04  1.72622663e-07 
 4.79600000e-04  1.58661827e-07 
 4.79700000e-04  1.58184778e-07 
 4.79800000e-04  1.57955185e-07 
 4.79900000e-04  1.57782866e-07 
 4.80000000e-04  1.57669422e-07 
 4.80100000e-04  1.73876454e-07 
 4.80200000e-04  1.73646739e-07 
 4.80300000e-04  1.73550517e-07 
 4.80400000e-04  1.73464454e-07 
 4.80500000e-04  1.73413077e-07 
 4.80600000e-04  1.60633129e-07 
 4.80700000e-04  1.60280126e-07 
 4.80800000e-04  1.60105714e-07 
 4.80900000e-04  1.59985201e-07 
 4.81000000e-04  1.59920084e-07 
 4.81100000e-04  1.73609034e-07 
 4.81200000e-04  1.73368680e-07 
 4.81300000e-04  1.73280670e-07 
 4.81400000e-04  1.73203498e-07 
 4.81500000e-04  1.73144223e-07 
 4.81600000e-04  1.59112541e-07 
 4.81700000e-04  1.58733217e-07 
 4.81800000e-04  1.58505662e-07 
 4.81900000e-04  1.58340208e-07 
 4.82000000e-04  1.58238613e-07 
 4.82100000e-04  1.74996557e-07 
 4.82200000e-04  1.74673278e-07 
 4.82300000e-04  1.74554618e-07 
 4.82400000e-04  1.74450545e-07 
 4.82500000e-04  1.74380598e-07 
 4.82600000e-04  1.62865087e-07 
 4.82700000e-04  1.62539803e-07 
 4.82800000e-04  1.62356759e-07 
 4.82900000e-04  1.62236691e-07 
 4.83000000e-04  1.62181383e-07 
 4.83100000e-04  1.73694514e-07 
 4.83200000e-04  1.73412492e-07 
 4.83300000e-04  1.73308885e-07 
 4.83400000e-04  1.73217230e-07 
 4.83500000e-04  1.73182680e-07 
 4.83600000e-04  1.59173206e-07 
 4.83700000e-04  1.58740234e-07 
 4.83800000e-04  1.58508207e-07 
 4.83900000e-04  1.58342642e-07 
 4.84000000e-04  1.58245435e-07 
 4.84100000e-04  1.74465100e-07 
 4.84200000e-04  1.74243022e-07 
 4.84300000e-04  1.74156199e-07 
 4.84400000e-04  1.74079745e-07 
 4.84500000e-04  1.74021681e-07 
 4.84600000e-04  1.61218754e-07 
 4.84700000e-04  1.60855536e-07 
 4.84800000e-04  1.60683029e-07 
 4.84900000e-04  1.60562710e-07 
 4.85000000e-04  1.60496022e-07 
 4.85100000e-04  1.74232147e-07 
 4.85200000e-04  1.73983274e-07 
 4.85300000e-04  1.73890143e-07 
 4.85400000e-04  1.73808505e-07 
 4.85500000e-04  1.73769363e-07 
 4.85600000e-04  1.59712607e-07 
 4.85700000e-04  1.59312304e-07 
 4.85800000e-04  1.59098713e-07 
 4.85900000e-04  1.58939113e-07 
 4.86000000e-04  1.58835004e-07 
 4.86100000e-04  1.77208806e-07 
 4.86200000e-04  1.76556031e-07 
 4.86300000e-04  1.76342666e-07 
 4.86400000e-04  1.76158854e-07 
 4.86500000e-04  1.76096429e-07 
 4.86600000e-04  1.68442292e-07 
 4.86700000e-04  1.68112307e-07 
 4.86800000e-04  1.67946062e-07 
 4.86900000e-04  1.67842918e-07 
 4.87000000e-04  1.67804657e-07 
 4.87100000e-04  1.73500713e-07 
 4.87200000e-04  1.72673111e-07 
 4.87300000e-04  1.72418631e-07 
 4.87400000e-04  1.72203383e-07 
 4.87500000e-04  1.72120790e-07 
 4.87600000e-04  1.58235940e-07 
 4.87700000e-04  1.57668712e-07 
 4.87800000e-04  1.57411905e-07 
 4.87900000e-04  1.57223768e-07 
 4.88000000e-04  1.57106264e-07 
 4.88100000e-04  1.73279878e-07 
 4.88200000e-04  1.73061706e-07 
 4.88300000e-04  1.72969576e-07 
 4.88400000e-04  1.72886876e-07 
 4.88500000e-04  1.72830048e-07 
 4.88600000e-04  1.60058513e-07 
 4.88700000e-04  1.59715074e-07 
 4.88800000e-04  1.59531756e-07 
 4.88900000e-04  1.59402034e-07 
 4.89000000e-04  1.59327660e-07 
 4.89100000e-04  1.73164840e-07 
 4.89200000e-04  1.72813040e-07 
 4.89300000e-04  1.72676831e-07 
 4.89400000e-04  1.72605905e-07 
 4.89500000e-04  1.72551004e-07 
 4.89600000e-04  1.58550177e-07 
 4.89700000e-04  1.58142747e-07 
 4.89800000e-04  1.57925608e-07 
 4.89900000e-04  1.57765146e-07 
 4.90000000e-04  1.57662974e-07 
 4.90100000e-04  1.74356194e-07 
 4.90200000e-04  1.74057519e-07 
 4.90300000e-04  1.73932643e-07 
 4.90400000e-04  1.73819019e-07 
 4.90500000e-04  1.73769092e-07 
 4.90600000e-04  1.62298145e-07 
 4.90700000e-04  1.61932718e-07 
 4.90800000e-04  1.61768842e-07 
 4.90900000e-04  1.61654077e-07 
 4.91000000e-04  1.61589824e-07 
 4.91100000e-04  1.73072136e-07 
 4.91200000e-04  1.72795978e-07 
 4.91300000e-04  1.72692378e-07 
 4.91400000e-04  1.72600127e-07 
 4.91500000e-04  1.72558056e-07 
 4.91600000e-04  1.58580592e-07 
 4.91700000e-04  1.58141102e-07 
 4.91800000e-04  1.57916662e-07 
 4.91900000e-04  1.57754415e-07 
 4.92000000e-04  1.57656189e-07 
 4.92100000e-04  1.73836349e-07 
 4.92200000e-04  1.73640185e-07 
 4.92300000e-04  1.73542548e-07 
 4.92400000e-04  1.73451709e-07 
 4.92500000e-04  1.73404041e-07 
 4.92600000e-04  1.60621335e-07 
 4.92700000e-04  1.60274280e-07 
 4.92800000e-04  1.60091243e-07 
 4.92900000e-04  1.59959234e-07 
 4.93000000e-04  1.59879750e-07 
 4.93100000e-04  1.73606572e-07 
 4.93200000e-04  1.73358481e-07 
 4.93300000e-04  1.73261517e-07 
 4.93400000e-04  1.73175542e-07 
 4.93500000e-04  1.73143437e-07 
 4.93600000e-04  1.59118484e-07 
 4.93700000e-04  1.58716867e-07 
 4.93800000e-04  1.58506900e-07 
 4.93900000e-04  1.58348467e-07 
 4.94000000e-04  1.58243230e-07 
 4.94100000e-04  1.75945991e-07 
 4.94200000e-04  1.75290573e-07 
 4.94300000e-04  1.75091225e-07 
 4.94400000e-04  1.75014825e-07 
 4.94500000e-04  1.74956164e-07 
 4.94600000e-04  1.64820841e-07 
 4.94700000e-04  1.64488140e-07 
 4.94800000e-04  1.64297882e-07 
 4.94900000e-04  1.64154045e-07 
 4.95000000e-04  1.64058019e-07 
 4.95100000e-04  1.73200749e-07 
 4.95200000e-04  1.72872102e-07 
 4.95300000e-04  1.72762845e-07 
 4.95400000e-04  1.72668908e-07 
 4.95500000e-04  1.72610635e-07 
 4.95600000e-04  1.58660538e-07 
 4.95700000e-04  1.58176807e-07 
 4.95800000e-04  1.57940412e-07 
 4.95900000e-04  1.57766462e-07 
 4.96000000e-04  1.57656878e-07 
 4.96100000e-04  1.73855588e-07 
 4.96200000e-04  1.73644276e-07 
 4.96300000e-04  1.73555560e-07 
 4.96400000e-04  1.73475639e-07 
 4.96500000e-04  1.73417614e-07 
 4.96600000e-04  1.60629855e-07 
 4.96700000e-04  1.60286810e-07 
 4.96800000e-04  1.60104631e-07 
 4.96900000e-04  1.59973847e-07 
 4.97000000e-04  1.59896047e-07 
 4.97100000e-04  1.73607931e-07 
 4.97200000e-04  1.73374048e-07 
 4.97300000e-04  1.73272934e-07 
 4.97400000e-04  1.73180959e-07 
 4.97500000e-04  1.73153633e-07 
 4.97600000e-04  1.59128507e-07 
 4.97700000e-04  1.58729457e-07 
 4.97800000e-04  1.58512188e-07 
 4.97900000e-04  1.58345722e-07 
 4.98000000e-04  1.58231650e-07 
 4.98100000e-04  1.74985504e-07 
 4.98200000e-04  1.74669656e-07 
 4.98300000e-04  1.74548006e-07 
 4.98400000e-04  1.74439269e-07 
 4.98500000e-04  1.74372487e-07 
 4.98600000e-04  1.62868407e-07 
 4.98700000e-04  1.62527858e-07 
 4.98800000e-04  1.62361159e-07 
 4.98900000e-04  1.62241219e-07 
 4.99000000e-04  1.62169522e-07 
 4.99100000e-04  1.73703099e-07 
 4.99200000e-04  1.73398652e-07 
 4.99300000e-04  1.73294721e-07 
 4.99400000e-04  1.73204823e-07 
 4.99500000e-04  1.73176468e-07 
 4.99600000e-04  1.59171506e-07 
 4.99700000e-04  1.58733968e-07 
 4.99800000e-04  1.58513100e-07 
 4.99900000e-04  1.58351156e-07 
 5.00000000e-04  1.58250004e-07 
 5.00100000e-04  1.74464085e-07 
 5.00200000e-04  1.74243276e-07 
 5.00300000e-04  1.74158066e-07 
 5.00400000e-04  1.74082901e-07 
 5.00500000e-04  1.74029492e-07 
 5.00600000e-04  1.61195540e-07 
 5.00700000e-04  1.60874639e-07 
 5.00800000e-04  1.60683610e-07 
 5.00900000e-04  1.60555748e-07 
 5.01000000e-04  1.60493057e-07 
 5.01100000e-04  1.74227540e-07 
 5.01200000e-04  1.73979619e-07 
 5.01300000e-04  1.73887587e-07 
 5.01400000e-04  1.73806609e-07 
 5.01500000e-04  1.73763610e-07 
 5.01600000e-04  1.59696367e-07 
 5.01700000e-04  1.59306977e-07 
 5.01800000e-04  1.59106170e-07 
 5.01900000e-04  1.58946617e-07 
 5.02000000e-04  1.58829626e-07 
 5.02100000e-04  1.76683282e-07 
 5.02200000e-04  1.76131748e-07 
 5.02300000e-04  1.75957054e-07 
 5.02400000e-04  1.75808479e-07 
 5.02500000e-04  1.75735261e-07 
 5.02600000e-04  1.66778968e-07 
 5.02700000e-04  1.66441902e-07 
 5.02800000e-04  1.66271553e-07 
 5.02900000e-04  1.66169291e-07 
 5.03000000e-04  1.66137274e-07 
 5.03100000e-04  1.73496313e-07 
 5.03200000e-04  1.73064889e-07 
 5.03300000e-04  1.72898005e-07 
 5.03400000e-04  1.72749784e-07 
 5.03500000e-04  1.72682747e-07 
 5.03600000e-04  1.58760056e-07 
 5.03700000e-04  1.58250522e-07 
 5.03800000e-04  1.58001303e-07 
 5.03900000e-04  1.57811171e-07 
 5.04000000e-04  1.57681999e-07 
 5.04100000e-04  1.73903833e-07 
 5.04200000e-04  1.73688345e-07 
 5.04300000e-04  1.73579524e-07 
 5.04400000e-04  1.73478524e-07 
 5.04500000e-04  1.73443121e-07 
 5.04600000e-04  1.60640428e-07 
 5.04700000e-04  1.60295885e-07 
 5.04800000e-04  1.60113625e-07 
 5.04900000e-04  1.59984733e-07 
 5.05000000e-04  1.59910905e-07 
 5.05100000e-04  1.73630429e-07 
 5.05200000e-04  1.73377286e-07 
 5.05300000e-04  1.73278489e-07 
 5.05400000e-04  1.73191233e-07 
 5.05500000e-04  1.73156374e-07 
 5.05600000e-04  1.59121706e-07 
 5.05700000e-04  1.58733816e-07 
 5.05800000e-04  1.58512465e-07 
 5.05900000e-04  1.58347929e-07 
 5.06000000e-04  1.58242011e-07 
 5.06100000e-04  1.75001943e-07 
 5.06200000e-04  1.74674112e-07 
 5.06300000e-04  1.74553216e-07 
 5.06400000e-04  1.74447349e-07 
 5.06500000e-04  1.74393868e-07 
 5.06600000e-04  1.62891566e-07 
 5.06700000e-04  1.62524587e-07 
 5.06800000e-04  1.62347747e-07 
 5.06900000e-04  1.62228796e-07 
 5.07000000e-04  1.62169573e-07 
 5.07100000e-04  1.73697479e-07 
 5.07200000e-04  1.73410445e-07 
 5.07300000e-04  1.73315353e-07 
 5.07400000e-04  1.73233607e-07 
 5.07500000e-04  1.73173222e-07 
 5.07600000e-04  1.59178275e-07 
 5.07700000e-04  1.58740012e-07 
 5.07800000e-04  1.58520014e-07 
 5.07900000e-04  1.58352408e-07 
 5.08000000e-04  1.58238856e-07 
 5.08100000e-04  1.74469365e-07 
 5.08200000e-04  1.74246428e-07 
 5.08300000e-04  1.74155899e-07 
 5.08400000e-04  1.74075369e-07 
 5.08500000e-04  1.74018179e-07 
 5.08600000e-04  1.61218651e-07 
 5.08700000e-04  1.60872692e-07 
 5.08800000e-04  1.60687427e-07 
 5.08900000e-04  1.60562012e-07 
 5.09000000e-04  1.60498344e-07 
 5.09100000e-04  1.74237126e-07 
 5.09200000e-04  1.73987382e-07 
 5.09300000e-04  1.73893345e-07 
 5.09400000e-04  1.73810486e-07 
 5.09500000e-04  1.73761151e-07 
 5.09600000e-04  1.59697916e-07 
 5.09700000e-04  1.59317903e-07 
 5.09800000e-04  1.59107806e-07 
 5.09900000e-04  1.58946604e-07 
 5.10000000e-04  1.58835850e-07 
 5.10100000e-04  1.76142450e-07 
 5.10200000e-04  1.75709736e-07 
 5.10300000e-04  1.75563038e-07 
 5.10400000e-04  1.75435745e-07 
 5.10500000e-04  1.75355607e-07 
 5.10600000e-04  1.65119335e-07 
 5.10700000e-04  1.64782048e-07 
 5.10800000e-04  1.64619493e-07 
 5.10900000e-04  1.64509963e-07 
 5.11000000e-04  1.64455140e-07 
 5.11100000e-04  1.73822070e-07 
 5.11200000e-04  1.73500919e-07 
 5.11300000e-04  1.73381357e-07 
 5.11400000e-04  1.73275085e-07 
 5.11500000e-04  1.73229845e-07 
 5.11600000e-04  1.59242003e-07 
 5.11700000e-04  1.58769975e-07 
 5.11800000e-04  1.58538256e-07 
 5.11900000e-04  1.58364585e-07 
 5.12000000e-04  1.58250801e-07 
 5.12100000e-04  1.74486891e-07 
 5.12200000e-04  1.74264969e-07 
 5.12300000e-04  1.74165626e-07 
 5.12400000e-04  1.74075143e-07 
 5.12500000e-04  1.74051534e-07 
 5.12600000e-04  1.61221184e-07 
 5.12700000e-04  1.60872460e-07 
 5.12800000e-04  1.60703077e-07 
 5.12900000e-04  1.60579484e-07 
 5.13000000e-04  1.60503131e-07 
 5.13100000e-04  1.74247504e-07 
 5.13200000e-04  1.73993074e-07 
 5.13300000e-04  1.73896378e-07 
 5.13400000e-04  1.73811061e-07 
 5.13500000e-04  1.73771838e-07 
 5.13600000e-04  1.59692950e-07 
 5.13700000e-04  1.59318208e-07 
 5.13800000e-04  1.59108160e-07 
 5.13900000e-04  1.58949474e-07 
 5.14000000e-04  1.58843778e-07 
 5.14100000e-04  1.75619963e-07 
 5.14200000e-04  1.75292000e-07 
 5.14300000e-04  1.75168235e-07 
 5.14400000e-04  1.75059048e-07 
 5.14500000e-04  1.75003655e-07 
 5.14600000e-04  1.63457151e-07 
 5.14700000e-04  1.63116940e-07 
 5.14800000e-04  1.62951820e-07 
 5.14900000e-04  1.62836253e-07 
 5.15000000e-04  1.62771813e-07 
 5.15100000e-04  1.74329372e-07 
 5.15200000e-04  1.74044461e-07 
 5.15300000e-04  1.73935520e-07 
 5.15400000e-04  1.73838713e-07 
 5.15500000e-04  1.73788514e-07 
 5.15600000e-04  1.59761682e-07 
 5.15700000e-04  1.59323402e-07 
 5.15800000e-04  1.59103701e-07 
 5.15900000e-04  1.58942971e-07 
 5.16000000e-04  1.58843082e-07 
 5.16100000e-04  1.75087153e-07 
 5.16200000e-04  1.74888649e-07 
 5.16300000e-04  1.74788345e-07 
 5.16400000e-04  1.74694665e-07 
 5.16500000e-04  1.74647367e-07 
 5.16600000e-04  1.61793428e-07 
 5.16700000e-04  1.61457715e-07 
 5.16800000e-04  1.61283280e-07 
 5.16900000e-04  1.61155648e-07 
 5.17000000e-04  1.61076304e-07 
 5.17100000e-04  1.74853642e-07 
 5.17200000e-04  1.74597882e-07 
 5.17300000e-04  1.74499546e-07 
 5.17400000e-04  1.74412695e-07 
 5.17500000e-04  1.74381197e-07 
 5.17600000e-04  1.60292147e-07 
 5.17700000e-04  1.59907624e-07 
 5.17800000e-04  1.59685377e-07 
 5.17900000e-04  1.59527655e-07 
 5.18000000e-04  1.59436506e-07 
 5.18100000e-04  1.88940962e-07 
 5.18200000e-04  1.86324246e-07 
 5.18300000e-04  1.85519867e-07 
 5.18400000e-04  1.85269459e-07 
 5.18500000e-04  1.85019051e-07 
 5.18600000e-04  1.75732430e-07 
 5.18700000e-04  1.74615464e-07 
 5.18800000e-04  1.74280285e-07 
 5.18900000e-04  1.74066579e-07 
 5.19000000e-04  1.73976532e-07 
 5.19100000e-04  1.71282149e-07 
 5.19200000e-04  1.70507588e-07 
 5.19300000e-04  1.70299430e-07 
 5.19400000e-04  1.70127853e-07 
 5.19500000e-04  1.70068584e-07 
 5.19600000e-04  1.57648259e-07 
 5.19700000e-04  1.56967654e-07 
 5.19800000e-04  1.56706809e-07 
 5.19900000e-04 -0.00000000e+00 
 5.20000000e-04  1.56574351e-07 
