 time            -i(vdd)        
 2.60000000e-04 -1.26577369e-04 
 2.60100000e-04  1.83721522e-07 
 2.60200000e-04  1.75016302e-07 
 2.60300000e-04  1.72693671e-07 
 2.60400000e-04  1.70735534e-07 
 2.60500000e-04  1.70077359e-07 
 2.60600000e-04  1.76681006e-07 
 2.60700000e-04  1.75910985e-07 
 2.60800000e-04  1.75485224e-07 
 2.60900000e-04  1.75139117e-07 
 2.61000000e-04  1.74874393e-07 
 2.61100000e-04  1.56450446e-07 
 2.61200000e-04  1.54079778e-07 
 2.61300000e-04  1.53483570e-07 
 2.61400000e-04  1.53004992e-07 
 2.61500000e-04  1.52784978e-07 
 2.61600000e-04  1.38889622e-07 
 2.61700000e-04  1.37639331e-07 
 2.61800000e-04  1.37195154e-07 
 2.61900000e-04  1.36878674e-07 
 2.62000000e-04  1.36693942e-07 
 2.62100000e-04  1.61880230e-07 
 2.62200000e-04  1.60616684e-07 
 2.62300000e-04  1.60333611e-07 
 2.62400000e-04  1.60128990e-07 
 2.62500000e-04  1.60040005e-07 
 2.62600000e-04  1.48510173e-07 
 2.62700000e-04  1.47914319e-07 
 2.62800000e-04  1.47633343e-07 
 2.62900000e-04  1.47421205e-07 
 2.63000000e-04  1.47279376e-07 
 2.63100000e-04  1.99995401e-07 
 2.63200000e-04  1.94211518e-07 
 2.63300000e-04  1.92919859e-07 
 2.63400000e-04  1.91923652e-07 
 2.63500000e-04  1.91630504e-07 
 2.63600000e-04  1.78203324e-07 
 2.63700000e-04  1.77571613e-07 
 2.63800000e-04  1.77244244e-07 
 2.63900000e-04  1.76997259e-07 
 2.64000000e-04  1.76833208e-07 
 2.64100000e-04  1.72662577e-07 
 2.64200000e-04  1.68075211e-07 
 2.64300000e-04  1.67028634e-07 
 2.64400000e-04  1.66212790e-07 
 2.64500000e-04  1.65970792e-07 
 2.64600000e-04  1.53760500e-07 
 2.64700000e-04  1.53130135e-07 
 2.64800000e-04  1.52815757e-07 
 2.64900000e-04  1.52587194e-07 
 2.65000000e-04  1.52447166e-07 
 2.65100000e-04  1.66020364e-07 
 2.65200000e-04  1.65524405e-07 
 2.65300000e-04  1.65365148e-07 
 2.65400000e-04  1.65228339e-07 
 2.65500000e-04  1.65182854e-07 
 2.65600000e-04  1.51579398e-07 
 2.65700000e-04  1.51150608e-07 
 2.65800000e-04  1.50903106e-07 
 2.65900000e-04  1.50727684e-07 
 2.66000000e-04  1.50626626e-07 
 2.66100000e-04  1.66978064e-07 
 2.66200000e-04  1.66731837e-07 
 2.66300000e-04  1.66637246e-07 
 2.66400000e-04  1.66551768e-07 
 2.66500000e-04  1.66500598e-07 
 2.66600000e-04  1.55435721e-07 
 2.66700000e-04  1.55026027e-07 
 2.66800000e-04  1.54821010e-07 
 2.66900000e-04  1.54671997e-07 
 2.67000000e-04  1.54580759e-07 
 2.67100000e-04  1.66081109e-07 
 2.67200000e-04  1.65566674e-07 
 2.67300000e-04  1.65412281e-07 
 2.67400000e-04  1.65280340e-07 
 2.67500000e-04  1.65224665e-07 
 2.67600000e-04  1.51670401e-07 
 2.67700000e-04  1.51175154e-07 
 2.67800000e-04  1.50914704e-07 
 2.67900000e-04  1.50719024e-07 
 2.68000000e-04  1.50590164e-07 
 2.68100000e-04  1.66394394e-07 
 2.68200000e-04  1.66213890e-07 
 2.68300000e-04  1.66134516e-07 
 2.68400000e-04  1.66062383e-07 
 2.68500000e-04  1.66036861e-07 
 2.68600000e-04  1.53641998e-07 
 2.68700000e-04  1.53255874e-07 
 2.68800000e-04  1.53046302e-07 
 2.68900000e-04  1.52895383e-07 
 2.69000000e-04  1.52804972e-07 
 2.69100000e-04  1.66133969e-07 
 2.69200000e-04  1.65905868e-07 
 2.69300000e-04  1.65833019e-07 
 2.69400000e-04  1.65771764e-07 
 2.69500000e-04  1.65750450e-07 
 2.69600000e-04  1.52108156e-07 
 2.69700000e-04  1.51680160e-07 
 2.69800000e-04  1.51433434e-07 
 2.69900000e-04  1.51250687e-07 
 2.70000000e-04  1.51133943e-07 
 2.70100000e-04  1.68006819e-07 
 2.70200000e-04  1.67640609e-07 
 2.70300000e-04  1.67507882e-07 
 2.70400000e-04  1.67390078e-07 
 2.70500000e-04  1.67319064e-07 
 2.70600000e-04  1.57521660e-07 
 2.70700000e-04  1.57121802e-07 
 2.70800000e-04  1.56922463e-07 
 2.70900000e-04  1.56793020e-07 
 2.71000000e-04  1.56735680e-07 
 2.71100000e-04  1.66101374e-07 
 2.71200000e-04  1.65544455e-07 
 2.71300000e-04  1.65378571e-07 
 2.71400000e-04  1.65237023e-07 
 2.71500000e-04  1.65185853e-07 
 2.71600000e-04  1.51639603e-07 
 2.71700000e-04  1.51104083e-07 
 2.71800000e-04  1.50845150e-07 
 2.71900000e-04  1.50645540e-07 
 2.72000000e-04  1.50507123e-07 
 2.72100000e-04  1.66320854e-07 
 2.72200000e-04  1.66149861e-07 
 2.72300000e-04  1.66075451e-07 
 2.72400000e-04  1.66007873e-07 
 2.72500000e-04  1.65982186e-07 
 2.72600000e-04  1.53578121e-07 
 2.72700000e-04  1.53194041e-07 
 2.72800000e-04  1.52984619e-07 
 2.72900000e-04  1.52833056e-07 
 2.73000000e-04  1.52741180e-07 
 2.73100000e-04  1.66062192e-07 
 2.73200000e-04  1.65854707e-07 
 2.73300000e-04  1.65780274e-07 
 2.73400000e-04  1.65714940e-07 
 2.73500000e-04  1.65695267e-07 
 2.73600000e-04  1.52057779e-07 
 2.73700000e-04  1.51621752e-07 
 2.73800000e-04  1.51372457e-07 
 2.73900000e-04  1.51192728e-07 
 2.74000000e-04  1.51084759e-07 
 2.74100000e-04  1.67431690e-07 
 2.74200000e-04  1.67157583e-07 
 2.74300000e-04  1.67059647e-07 
 2.74400000e-04  1.66973433e-07 
 2.74500000e-04  1.66919160e-07 
 2.74600000e-04  1.55813705e-07 
 2.74700000e-04  1.55421741e-07 
 2.74800000e-04  1.55212182e-07 
 2.74900000e-04  1.55069104e-07 
 2.75000000e-04  1.54994602e-07 
 2.75100000e-04  1.66138163e-07 
 2.75200000e-04  1.65904241e-07 
 2.75300000e-04  1.65819389e-07 
 2.75400000e-04  1.65744090e-07 
 2.75500000e-04  1.65705961e-07 
 2.75600000e-04  1.52104972e-07 
 2.75700000e-04  1.51638696e-07 
 2.75800000e-04  1.51383116e-07 
 2.75900000e-04  1.51188396e-07 
 2.76000000e-04  1.51056451e-07 
 2.76100000e-04  1.66898612e-07 
 2.76200000e-04  1.66719492e-07 
 2.76300000e-04  1.66648360e-07 
 2.76400000e-04  1.66584935e-07 
 2.76500000e-04  1.66546452e-07 
 2.76600000e-04  1.54142796e-07 
 2.76700000e-04  1.53739607e-07 
 2.76800000e-04  1.53539738e-07 
 2.76900000e-04  1.53399652e-07 
 2.77000000e-04  1.53321229e-07 
 2.77100000e-04  1.66668445e-07 
 2.77200000e-04  1.66448236e-07 
 2.77300000e-04  1.66373894e-07 
 2.77400000e-04  1.66310336e-07 
 2.77500000e-04  1.66288601e-07 
 2.77600000e-04  1.52618623e-07 
 2.77700000e-04  1.52188981e-07 
 2.77800000e-04  1.51960350e-07 
 2.77900000e-04  1.51780602e-07 
 2.78000000e-04  1.51651271e-07 
 2.78100000e-04  1.69108401e-07 
 2.78200000e-04  1.68605827e-07 
 2.78300000e-04  1.68449810e-07 
 2.78400000e-04  1.68317066e-07 
 2.78500000e-04  1.68257359e-07 
 2.78600000e-04  1.59724962e-07 
 2.78700000e-04  1.59314679e-07 
 2.78800000e-04  1.59129907e-07 
 2.78900000e-04  1.59006162e-07 
 2.79000000e-04  1.58945364e-07 
 2.79100000e-04  1.66279459e-07 
 2.79200000e-04  1.65616960e-07 
 2.79300000e-04  1.65432853e-07 
 2.79400000e-04  1.65279894e-07 
 2.79500000e-04  1.65197028e-07 
 2.79600000e-04  1.51667516e-07 
 2.79700000e-04  1.51115264e-07 
 2.79800000e-04  1.50842476e-07 
 2.79900000e-04  1.50633501e-07 
 2.80000000e-04  1.50490344e-07 
 2.80100000e-04  1.66316667e-07 
 2.80200000e-04  1.66132846e-07 
 2.80300000e-04  1.66056371e-07 
 2.80400000e-04  1.65988079e-07 
 2.80500000e-04  1.65958384e-07 
 2.80600000e-04  1.53558890e-07 
 2.80700000e-04  1.53170474e-07 
 2.80800000e-04  1.52962919e-07 
 2.80900000e-04  1.52814671e-07 
 2.81000000e-04  1.52727594e-07 
 2.81100000e-04  1.66039388e-07 
 2.81200000e-04  1.65841238e-07 
 2.81300000e-04  1.65769668e-07 
 2.81400000e-04  1.65706928e-07 
 2.81500000e-04  1.65681703e-07 
 2.81600000e-04  1.52026772e-07 
 2.81700000e-04  1.51581848e-07 
 2.81800000e-04  1.51347340e-07 
 2.81900000e-04  1.51172324e-07 
 2.82000000e-04  1.51058668e-07 
 2.82100000e-04  1.67416916e-07 
 2.82200000e-04  1.67134726e-07 
 2.82300000e-04  1.67035409e-07 
 2.82400000e-04  1.66948602e-07 
 2.82500000e-04  1.66899683e-07 
 2.82600000e-04  1.55807052e-07 
 2.82700000e-04  1.55401283e-07 
 2.82800000e-04  1.55202659e-07 
 2.82900000e-04  1.55062579e-07 
 2.83000000e-04  1.54982878e-07 
 2.83100000e-04  1.66119587e-07 
 2.83200000e-04  1.65877850e-07 
 2.83300000e-04  1.65788588e-07 
 2.83400000e-04  1.65709466e-07 
 2.83500000e-04  1.65683700e-07 
 2.83600000e-04  1.52077704e-07 
 2.83700000e-04  1.51598326e-07 
 2.83800000e-04  1.51349263e-07 
 2.83900000e-04  1.51166966e-07 
 2.84000000e-04  1.51053536e-07 
 2.84100000e-04  1.66878560e-07 
 2.84200000e-04  1.66709892e-07 
 2.84300000e-04  1.66633694e-07 
 2.84400000e-04  1.66563956e-07 
 2.84500000e-04  1.66533864e-07 
 2.84600000e-04  1.54111789e-07 
 2.84700000e-04  1.53731148e-07 
 2.84800000e-04  1.53530211e-07 
 2.84900000e-04  1.53386722e-07 
 2.85000000e-04  1.53302480e-07 
 2.85100000e-04  1.66642753e-07 
 2.85200000e-04  1.66432210e-07 
 2.85300000e-04  1.66360746e-07 
 2.85400000e-04  1.66299199e-07 
 2.85500000e-04  1.66280726e-07 
 2.85600000e-04  1.52612880e-07 
 2.85700000e-04  1.52171553e-07 
 2.85800000e-04  1.51938423e-07 
 2.85900000e-04  1.51758974e-07 
 2.86000000e-04  1.51634888e-07 
 2.86100000e-04  1.68552813e-07 
 2.86200000e-04  1.68170850e-07 
 2.86300000e-04  1.68035538e-07 
 2.86400000e-04  1.67916372e-07 
 2.86500000e-04  1.67864706e-07 
 2.86600000e-04  1.58032380e-07 
 2.86700000e-04  1.57644838e-07 
 2.86800000e-04  1.57451264e-07 
 2.86900000e-04  1.57323140e-07 
 2.87000000e-04  1.57262519e-07 
 2.87100000e-04  1.66227488e-07 
 2.87200000e-04  1.65942016e-07 
 2.87300000e-04  1.65849142e-07 
 2.87400000e-04  1.65769184e-07 
 2.87500000e-04  1.65732051e-07 
 2.87600000e-04  1.52160116e-07 
 2.87700000e-04  1.51625503e-07 
 2.87800000e-04  1.51380979e-07 
 2.87900000e-04  1.51188713e-07 
 2.88000000e-04  1.51050340e-07 
 2.88100000e-04  1.66897858e-07 
 2.88200000e-04  1.66726924e-07 
 2.88300000e-04  1.66656456e-07 
 2.88400000e-04  1.66593115e-07 
 2.88500000e-04  1.66541834e-07 
 2.88600000e-04  1.54129612e-07 
 2.88700000e-04  1.53742490e-07 
 2.88800000e-04  1.53524697e-07 
 2.88900000e-04  1.53374614e-07 
 2.89000000e-04  1.53294362e-07 
 2.89100000e-04  1.66650742e-07 
 2.89200000e-04  1.66441913e-07 
 2.89300000e-04  1.66371031e-07 
 2.89400000e-04  1.66309903e-07 
 2.89500000e-04  1.66281788e-07 
 2.89600000e-04  1.52617250e-07 
 2.89700000e-04  1.52172441e-07 
 2.89800000e-04  1.51939148e-07 
 2.89900000e-04  1.51759523e-07 
 2.90000000e-04  1.51635238e-07 
 2.90100000e-04  1.68020226e-07 
 2.90200000e-04  1.67738507e-07 
 2.90300000e-04  1.67642661e-07 
 2.90400000e-04  1.67559567e-07 
 2.90500000e-04  1.67499314e-07 
 2.90600000e-04  1.56382123e-07 
 2.90700000e-04  1.55977899e-07 
 2.90800000e-04  1.55786760e-07 
 2.90900000e-04  1.55649407e-07 
 2.91000000e-04  1.55567518e-07 
 2.91100000e-04  1.66729089e-07 
 2.91200000e-04  1.66494319e-07 
 2.91300000e-04  1.66413919e-07 
 2.91400000e-04  1.66343417e-07 
 2.91500000e-04  1.66297924e-07 
 2.91600000e-04  1.52656545e-07 
 2.91700000e-04  1.52183700e-07 
 2.91800000e-04  1.51932733e-07 
 2.91900000e-04  1.51748757e-07 
 2.92000000e-04  1.51633870e-07 
 2.92100000e-04  1.67495903e-07 
 2.92200000e-04  1.67320892e-07 
 2.92300000e-04  1.67243504e-07 
 2.92400000e-04  1.67173097e-07 
 2.92500000e-04  1.67144778e-07 
 2.92600000e-04  1.54702566e-07 
 2.92700000e-04  1.54309748e-07 
 2.92800000e-04  1.54110836e-07 
 2.92900000e-04  1.53970273e-07 
 2.93000000e-04  1.53889880e-07 
 2.93100000e-04  1.67260738e-07 
 2.93200000e-04  1.67040786e-07 
 2.93300000e-04  1.66972650e-07 
 2.93400000e-04  1.66915246e-07 
 2.93500000e-04  1.66887649e-07 
 2.93600000e-04  1.53206090e-07 
 2.93700000e-04  1.52755275e-07 
 2.93800000e-04  1.52519081e-07 
 2.93900000e-04  1.52344377e-07 
 2.94000000e-04  1.52233083e-07 
 2.94100000e-04  1.70225588e-07 
 2.94200000e-04  1.69625499e-07 
 2.94300000e-04  1.69443280e-07 
 2.94400000e-04  1.69288626e-07 
 2.94500000e-04  1.69222907e-07 
 2.94600000e-04  1.61942658e-07 
 2.94700000e-04  1.61557435e-07 
 2.94800000e-04  1.61368207e-07 
 2.94900000e-04  1.61254207e-07 
 2.95000000e-04  1.61217788e-07 
 2.95100000e-04  1.66594777e-07 
 2.95200000e-04  1.65709917e-07 
 2.95300000e-04  1.65482135e-07 
 2.95400000e-04  1.65298026e-07 
 2.95500000e-04  1.65211173e-07 
 2.95600000e-04  1.51709831e-07 
 2.95700000e-04  1.51114588e-07 
 2.95800000e-04  1.50821739e-07 
 2.95900000e-04  1.50608792e-07 
 2.96000000e-04  1.50478250e-07 
 2.96100000e-04  1.66301684e-07 
 2.96200000e-04  1.66126885e-07 
 2.96300000e-04  1.66054818e-07 
 2.96400000e-04  1.65990178e-07 
 2.96500000e-04  1.65958030e-07 
 2.96600000e-04  1.53547537e-07 
 2.96700000e-04  1.53152614e-07 
 2.96800000e-04  1.52949006e-07 
 2.96900000e-04  1.52801628e-07 
 2.97000000e-04  1.52712229e-07 
 2.97100000e-04  1.66039278e-07 
 2.97200000e-04  1.65834879e-07 
 2.97300000e-04  1.65759783e-07 
 2.97400000e-04  1.65693670e-07 
 2.97500000e-04  1.65666265e-07 
 2.97600000e-04  1.52022916e-07 
 2.97700000e-04  1.51581247e-07 
 2.97800000e-04  1.51342450e-07 
 2.97900000e-04  1.51164749e-07 
 2.98000000e-04  1.51050045e-07 
 2.98100000e-04  1.67410752e-07 
 2.98200000e-04  1.67119732e-07 
 2.98300000e-04  1.67025103e-07 
 2.98400000e-04  1.66944265e-07 
 2.98500000e-04  1.66905384e-07 
 2.98600000e-04  1.55797667e-07 
 2.98700000e-04  1.55387378e-07 
 2.98800000e-04  1.55182759e-07 
 2.98900000e-04  1.55047539e-07 
 2.99000000e-04  1.54983884e-07 
 2.99100000e-04  1.66108651e-07 
 2.99200000e-04  1.65860578e-07 
 2.99300000e-04  1.65781183e-07 
 2.99400000e-04  1.65713397e-07 
 2.99500000e-04  1.65675232e-07 
 2.99600000e-04  1.52073441e-07 
 2.99700000e-04  1.51605754e-07 
 2.99800000e-04  1.51358761e-07 
 2.99900000e-04  1.51166536e-07 
 3.00000000e-04  1.51030777e-07 
 3.00100000e-04  1.66874779e-07 
 3.00200000e-04  1.66708650e-07 
 3.00300000e-04  1.66636773e-07 
 3.00400000e-04  1.66571213e-07 
 3.00500000e-04  1.66520316e-07 
 3.00600000e-04  1.54128697e-07 
 3.00700000e-04  1.53717367e-07 
 3.00800000e-04  1.53520221e-07 
 3.00900000e-04  1.53374987e-07 
 3.01000000e-04  1.53283276e-07 
 3.01100000e-04  1.66638712e-07 
 3.01200000e-04  1.66426362e-07 
 3.01300000e-04  1.66353867e-07 
 3.01400000e-04  1.66291176e-07 
 3.01500000e-04  1.66274787e-07 
 3.01600000e-04  1.52610258e-07 
 3.01700000e-04  1.52177862e-07 
 3.01800000e-04  1.51934657e-07 
 3.01900000e-04  1.51753322e-07 
 3.02000000e-04  1.51635779e-07 
 3.02100000e-04  1.68538659e-07 
 3.02200000e-04  1.68148385e-07 
 3.02300000e-04  1.68026279e-07 
 3.02400000e-04  1.67922240e-07 
 3.02500000e-04  1.67860494e-07 
 3.02600000e-04  1.58023216e-07 
 3.02700000e-04  1.57640762e-07 
 3.02800000e-04  1.57449122e-07 
 3.02900000e-04  1.57317665e-07 
 3.03000000e-04  1.57248262e-07 
 3.03100000e-04  1.66216762e-07 
 3.03200000e-04  1.65929450e-07 
 3.03300000e-04  1.65838446e-07 
 3.03400000e-04  1.65760503e-07 
 3.03500000e-04  1.65714128e-07 
 3.03600000e-04  1.52137594e-07 
 3.03700000e-04  1.51620971e-07 
 3.03800000e-04  1.51367163e-07 
 3.03900000e-04  1.51178741e-07 
 3.04000000e-04  1.51057742e-07 
 3.04100000e-04  1.66889610e-07 
 3.04200000e-04  1.66710382e-07 
 3.04300000e-04  1.66639181e-07 
 3.04400000e-04  1.66575914e-07 
 3.04500000e-04  1.66531503e-07 
 3.04600000e-04  1.54111798e-07 
 3.04700000e-04  1.53742479e-07 
 3.04800000e-04  1.53527560e-07 
 3.04900000e-04  1.53373933e-07 
 3.05000000e-04  1.53283501e-07 
 3.05100000e-04  1.66650470e-07 
 3.05200000e-04  1.66438068e-07 
 3.05300000e-04  1.66364585e-07 
 3.05400000e-04  1.66301205e-07 
 3.05500000e-04  1.66271145e-07 
 3.05600000e-04  1.52618775e-07 
 3.05700000e-04  1.52165453e-07 
 3.05800000e-04  1.51932889e-07 
 3.05900000e-04  1.51750631e-07 
 3.06000000e-04  1.51620229e-07 
 3.06100000e-04  1.68031581e-07 
 3.06200000e-04  1.67750274e-07 
 3.06300000e-04  1.67644947e-07 
 3.06400000e-04  1.67551734e-07 
 3.06500000e-04  1.67502930e-07 
 3.06600000e-04  1.56364607e-07 
 3.06700000e-04  1.55972533e-07 
 3.06800000e-04  1.55771231e-07 
 3.06900000e-04  1.55631684e-07 
 3.07000000e-04  1.55555808e-07 
 3.07100000e-04  1.66724360e-07 
 3.07200000e-04  1.66474273e-07 
 3.07300000e-04  1.66398453e-07 
 3.07400000e-04  1.66334292e-07 
 3.07500000e-04  1.66303408e-07 
 3.07600000e-04  1.52669863e-07 
 3.07700000e-04  1.52173304e-07 
 3.07800000e-04  1.51934236e-07 
 3.07900000e-04  1.51751680e-07 
 3.08000000e-04  1.51627386e-07 
 3.08100000e-04  1.67509677e-07 
 3.08200000e-04  1.67316825e-07 
 3.08300000e-04  1.67242668e-07 
 3.08400000e-04  1.67177619e-07 
 3.08500000e-04  1.67148655e-07 
 3.08600000e-04  1.54695498e-07 
 3.08700000e-04  1.54295754e-07 
 3.08800000e-04  1.54098182e-07 
 3.08900000e-04  1.53962407e-07 
 3.09000000e-04  1.53890346e-07 
 3.09100000e-04  1.67250209e-07 
 3.09200000e-04  1.67043613e-07 
 3.09300000e-04  1.66975752e-07 
 3.09400000e-04  1.66917573e-07 
 3.09500000e-04  1.66884977e-07 
 3.09600000e-04  1.53180168e-07 
 3.09700000e-04  1.52768371e-07 
 3.09800000e-04  1.52524619e-07 
 3.09900000e-04  1.52343695e-07 
 3.10000000e-04  1.52227546e-07 
 3.10100000e-04  1.69697120e-07 
 3.10200000e-04  1.69206176e-07 
 3.10300000e-04  1.69047589e-07 
 3.10400000e-04  1.68910768e-07 
 3.10500000e-04  1.68850882e-07 
 3.10600000e-04  1.60276432e-07 
 3.10700000e-04  1.59887486e-07 
 3.10800000e-04  1.59691114e-07 
 3.10900000e-04  1.59565673e-07 
 3.11000000e-04  1.59513370e-07 
 3.11100000e-04  1.66525630e-07 
 3.11200000e-04  1.66125796e-07 
 3.11300000e-04  1.65988663e-07 
 3.11400000e-04  1.65870124e-07 
 3.11500000e-04  1.65821706e-07 
 3.11600000e-04  1.52254698e-07 
 3.11700000e-04  1.51669729e-07 
 3.11800000e-04  1.51414326e-07 
 3.11900000e-04  1.51218010e-07 
 3.12000000e-04  1.51082606e-07 
 3.12100000e-04  1.66916920e-07 
 3.12200000e-04  1.66738363e-07 
 3.12300000e-04  1.66668262e-07 
 3.12400000e-04  1.66606054e-07 
 3.12500000e-04  1.66560788e-07 
 3.12600000e-04  1.54138279e-07 
 3.12700000e-04  1.53733236e-07 
 3.12800000e-04  1.53537163e-07 
 3.12900000e-04  1.53391923e-07 
 3.13000000e-04  1.53299080e-07 
 3.13100000e-04  1.66659118e-07 
 3.13200000e-04  1.66450233e-07 
 3.13300000e-04  1.66379825e-07 
 3.13400000e-04  1.66319121e-07 
 3.13500000e-04  1.66277992e-07 
 3.13600000e-04  1.52610900e-07 
 3.13700000e-04  1.52182035e-07 
 3.13800000e-04  1.51944701e-07 
 3.13900000e-04  1.51760855e-07 
 3.14000000e-04  1.51632143e-07 
 3.14100000e-04  1.68020443e-07 
 3.14200000e-04  1.67739662e-07 
 3.14300000e-04  1.67637310e-07 
 3.14400000e-04  1.67547183e-07 
 3.14500000e-04  1.67508784e-07 
 3.14600000e-04  1.56364714e-07 
 3.14700000e-04  1.55970897e-07 
 3.14800000e-04  1.55771737e-07 
 3.14900000e-04  1.55635244e-07 
 3.15000000e-04  1.55563352e-07 
 3.15100000e-04  1.66728671e-07 
 3.15200000e-04  1.66484320e-07 
 3.15300000e-04  1.66396805e-07 
 3.15400000e-04  1.66319693e-07 
 3.15500000e-04  1.66290445e-07 
 3.15600000e-04  1.52656126e-07 
 3.15700000e-04  1.52189982e-07 
 3.15800000e-04  1.51936424e-07 
 3.15900000e-04  1.51752808e-07 
 3.16000000e-04  1.51641300e-07 
 3.16100000e-04  1.67496183e-07 
 3.16200000e-04  1.67333877e-07 
 3.16300000e-04  1.67255244e-07 
 3.16400000e-04  1.67182182e-07 
 3.16500000e-04  1.67149760e-07 
 3.16600000e-04  1.54714722e-07 
 3.16700000e-04  1.54311381e-07 
 3.16800000e-04  1.54109921e-07 
 3.16900000e-04  1.53968490e-07 
 3.17000000e-04  1.53888942e-07 
 3.17100000e-04  1.67269223e-07 
 3.17200000e-04  1.67043160e-07 
 3.17300000e-04  1.66973671e-07 
 3.17400000e-04  1.66915826e-07 
 3.17500000e-04  1.66883289e-07 
 3.17600000e-04  1.53194115e-07 
 3.17700000e-04  1.52765693e-07 
 3.17800000e-04  1.52525032e-07 
 3.17900000e-04  1.52345546e-07 
 3.18000000e-04  1.52229120e-07 
 3.18100000e-04  1.69171271e-07 
 3.18200000e-04  1.68777889e-07 
 3.18300000e-04  1.68650262e-07 
 3.18400000e-04  1.68540715e-07 
 3.18500000e-04  1.68494424e-07 
 3.18600000e-04  1.58606434e-07 
 3.18700000e-04  1.58235153e-07 
 3.18800000e-04  1.58029548e-07 
 3.18900000e-04  1.57893571e-07 
 3.19000000e-04  1.57829374e-07 
 3.19100000e-04  1.66856082e-07 
 3.19200000e-04  1.66567648e-07 
 3.19300000e-04  1.66472715e-07 
 3.19400000e-04  1.66390497e-07 
 3.19500000e-04  1.66347058e-07 
 3.19600000e-04  1.52731870e-07 
 3.19700000e-04  1.52209372e-07 
 3.19800000e-04  1.51965972e-07 
 3.19900000e-04  1.51774774e-07 
 3.20000000e-04  1.51637382e-07 
 3.20100000e-04  1.67509728e-07 
 3.20200000e-04  1.67343356e-07 
 3.20300000e-04  1.67263753e-07 
 3.20400000e-04  1.67189886e-07 
 3.20500000e-04  1.67156176e-07 
 3.20600000e-04  1.54703259e-07 
 3.20700000e-04  1.54317476e-07 
 3.20800000e-04  1.54121606e-07 
 3.20900000e-04  1.53979791e-07 
 3.21000000e-04  1.53893691e-07 
 3.21100000e-04  1.67261690e-07 
 3.21200000e-04  1.67062847e-07 
 3.21300000e-04  1.66987977e-07 
 3.21400000e-04  1.66921401e-07 
 3.21500000e-04  1.66890673e-07 
 3.21600000e-04  1.53203332e-07 
 3.21700000e-04  1.52777097e-07 
 3.21800000e-04  1.52535727e-07 
 3.21900000e-04  1.52355527e-07 
 3.22000000e-04  1.52238380e-07 
 3.22100000e-04  1.68641303e-07 
 3.22200000e-04  1.68378394e-07 
 3.22300000e-04  1.68272655e-07 
 3.22400000e-04  1.68176736e-07 
 3.22500000e-04  1.68117505e-07 
 3.22600000e-04  1.56947906e-07 
 3.22700000e-04  1.56567192e-07 
 3.22800000e-04  1.56368986e-07 
 3.22900000e-04  1.56231492e-07 
 3.23000000e-04  1.56156579e-07 
 3.23100000e-04  1.67345386e-07 
 3.23200000e-04  1.67105821e-07 
 3.23300000e-04  1.67015750e-07 
 3.23400000e-04  1.66935207e-07 
 3.23500000e-04  1.66922242e-07 
 3.23600000e-04  1.53255851e-07 
 3.23700000e-04  1.52787551e-07 
 3.23800000e-04  1.52532594e-07 
 3.23900000e-04  1.52347595e-07 
 3.24000000e-04  1.52234712e-07 
 3.24100000e-04  1.68110640e-07 
 3.24200000e-04  1.67933150e-07 
 3.24300000e-04  1.67867316e-07 
 3.24400000e-04  1.67809184e-07 
 3.24500000e-04  1.67769802e-07 
 3.24600000e-04  1.55283335e-07 
 3.24700000e-04  1.54911068e-07 
 3.24800000e-04  1.54706611e-07 
 3.24900000e-04  1.54561152e-07 
 3.25000000e-04  1.54476501e-07 
 3.25100000e-04  1.67879344e-07 
 3.25200000e-04  1.67670569e-07 
 3.25300000e-04  1.67595102e-07 
 3.25400000e-04  1.67528686e-07 
 3.25500000e-04  1.67497037e-07 
 3.25600000e-04  1.53785780e-07 
 3.25700000e-04  1.53361869e-07 
 3.25800000e-04  1.53115170e-07 
 3.25900000e-04  1.52935452e-07 
 3.26000000e-04  1.52824777e-07 
 3.26100000e-04  1.71375326e-07 
 3.26200000e-04  1.70672160e-07 
 3.26300000e-04  1.70460272e-07 
 3.26400000e-04  1.70280402e-07 
 3.26500000e-04  1.70183501e-07 
 3.26600000e-04  1.64187296e-07 
 3.26700000e-04  1.63800075e-07 
 3.26800000e-04  1.63616291e-07 
 3.26900000e-04  1.63506960e-07 
 3.27000000e-04  1.63474379e-07 
 3.27100000e-04  1.66672367e-07 
 3.27200000e-04  1.65731290e-07 
 3.27300000e-04  1.65487972e-07 
 3.27400000e-04  1.65289331e-07 
 3.27500000e-04  1.65211900e-07 
 3.27600000e-04  1.51767980e-07 
 3.27700000e-04  1.51097898e-07 
 3.27800000e-04  1.50813029e-07 
 3.27900000e-04  1.50609263e-07 
 3.28000000e-04  1.50489109e-07 
 3.28100000e-04  1.66311471e-07 
 3.28200000e-04  1.66133524e-07 
 3.28300000e-04  1.66059123e-07 
 3.28400000e-04  1.65992320e-07 
 3.28500000e-04  1.65953730e-07 
 3.28600000e-04  1.53536819e-07 
 3.28700000e-04  1.53142434e-07 
 3.28800000e-04  1.52935555e-07 
 3.28900000e-04  1.52789749e-07 
 3.29000000e-04  1.52706884e-07 
 3.29100000e-04  1.66042141e-07 
 3.29200000e-04  1.65821921e-07 
 3.29300000e-04  1.65753543e-07 
 3.29400000e-04  1.65696640e-07 
 3.29500000e-04  1.65667092e-07 
 3.29600000e-04  1.52019622e-07 
 3.29700000e-04  1.51596182e-07 
 3.29800000e-04  1.51356245e-07 
 3.29900000e-04  1.51169328e-07 
 3.30000000e-04  1.51037046e-07 
 3.30100000e-04  1.67409459e-07 
 3.30200000e-04  1.67128161e-07 
 3.30300000e-04  1.67019090e-07 
 3.30400000e-04  1.66921447e-07 
 3.30500000e-04  1.66882771e-07 
 3.30600000e-04  1.55791595e-07 
 3.30700000e-04  1.55397445e-07 
 3.30800000e-04  1.55193358e-07 
 3.30900000e-04  1.55049556e-07 
 3.31000000e-04  1.54967884e-07 
 3.31100000e-04  1.66108743e-07 
 3.31200000e-04  1.65873460e-07 
 3.31300000e-04  1.65788654e-07 
 3.31400000e-04  1.65713542e-07 
 3.31500000e-04  1.65676114e-07 
 3.31600000e-04  1.52066960e-07 
 3.31700000e-04  1.51605635e-07 
 3.31800000e-04  1.51350132e-07 
 3.31900000e-04  1.51157373e-07 
 3.32000000e-04  1.51029283e-07 
 3.32100000e-04  1.66875317e-07 
 3.32200000e-04  1.66694009e-07 
 3.32300000e-04  1.66622712e-07 
 3.32400000e-04  1.66559921e-07 
 3.32500000e-04  1.66526970e-07 
 3.32600000e-04  1.54105386e-07 
 3.32700000e-04  1.53711255e-07 
 3.32800000e-04  1.53508963e-07 
 3.32900000e-04  1.53368360e-07 
 3.33000000e-04  1.53291333e-07 
 3.33100000e-04  1.66641846e-07 
 3.33200000e-04  1.66421274e-07 
 3.33300000e-04  1.66351123e-07 
 3.33400000e-04  1.66292199e-07 
 3.33500000e-04  1.66264919e-07 
 3.33600000e-04  1.52608905e-07 
 3.33700000e-04  1.52164359e-07 
 3.33800000e-04  1.51917482e-07 
 3.33900000e-04  1.51734874e-07 
 3.34000000e-04  1.51618506e-07 
 3.34100000e-04  1.68546688e-07 
 3.34200000e-04  1.68154548e-07 
 3.34300000e-04  1.68028361e-07 
 3.34400000e-04  1.67919904e-07 
 3.34500000e-04  1.67861859e-07 
 3.34600000e-04  1.58030049e-07 
 3.34700000e-04  1.57639689e-07 
 3.34800000e-04  1.57435650e-07 
 3.34900000e-04  1.57302681e-07 
 3.35000000e-04  1.57242967e-07 
 3.35100000e-04  1.66230414e-07 
 3.35200000e-04  1.65931847e-07 
 3.35300000e-04  1.65841418e-07 
 3.35400000e-04  1.65765274e-07 
 3.35500000e-04  1.65721114e-07 
 3.35600000e-04  1.52141489e-07 
 3.35700000e-04  1.51630219e-07 
 3.35800000e-04  1.51368931e-07 
 3.35900000e-04  1.51172422e-07 
 3.36000000e-04  1.51042673e-07 
 3.36100000e-04  1.66900759e-07 
 3.36200000e-04  1.66720464e-07 
 3.36300000e-04  1.66638730e-07 
 3.36400000e-04  1.66564138e-07 
 3.36500000e-04  1.66534931e-07 
 3.36600000e-04  1.54120211e-07 
 3.36700000e-04  1.53731838e-07 
 3.36800000e-04  1.53517168e-07 
 3.36900000e-04  1.53368034e-07 
 3.37000000e-04  1.53286445e-07 
 3.37100000e-04  1.66637828e-07 
 3.37200000e-04  1.66427350e-07 
 3.37300000e-04  1.66360746e-07 
 3.37400000e-04  1.66304124e-07 
 3.37500000e-04  1.66282146e-07 
 3.37600000e-04  1.52604595e-07 
 3.37700000e-04  1.52166124e-07 
 3.37800000e-04  1.51932699e-07 
 3.37900000e-04  1.51753593e-07 
 3.38000000e-04  1.51630458e-07 
 3.38100000e-04  1.68021529e-07 
 3.38200000e-04  1.67726370e-07 
 3.38300000e-04  1.67628570e-07 
 3.38400000e-04  1.67545005e-07 
 3.38500000e-04  1.67491901e-07 
 3.38600000e-04  1.56354494e-07 
 3.38700000e-04  1.55979900e-07 
 3.38800000e-04  1.55774438e-07 
 3.38900000e-04  1.55634680e-07 
 3.39000000e-04  1.55562635e-07 
 3.39100000e-04  1.66718114e-07 
 3.39200000e-04  1.66476262e-07 
 3.39300000e-04  1.66398079e-07 
 3.39400000e-04  1.66330836e-07 
 3.39500000e-04  1.66276548e-07 
 3.39600000e-04  1.52660511e-07 
 3.39700000e-04  1.52177297e-07 
 3.39800000e-04  1.51936086e-07 
 3.39900000e-04  1.51752344e-07 
 3.40000000e-04  1.51627816e-07 
 3.40100000e-04  1.67495063e-07 
 3.40200000e-04  1.67326839e-07 
 3.40300000e-04  1.67251634e-07 
 3.40400000e-04  1.67183077e-07 
 3.40500000e-04  1.67140052e-07 
 3.40600000e-04  1.54689055e-07 
 3.40700000e-04  1.54303525e-07 
 3.40800000e-04  1.54111363e-07 
 3.40900000e-04  1.53969922e-07 
 3.41000000e-04  1.53880737e-07 
 3.41100000e-04  1.67262447e-07 
 3.41200000e-04  1.67044892e-07 
 3.41300000e-04  1.66971190e-07 
 3.41400000e-04  1.66907823e-07 
 3.41500000e-04  1.66889017e-07 
 3.41600000e-04  1.53199306e-07 
 3.41700000e-04  1.52768880e-07 
 3.41800000e-04  1.52526067e-07 
 3.41900000e-04  1.52339302e-07 
 3.42000000e-04  1.52210287e-07 
 3.42100000e-04  1.69704052e-07 
 3.42200000e-04  1.69207009e-07 
 3.42300000e-04  1.69045735e-07 
 3.42400000e-04  1.68907046e-07 
 3.42500000e-04  1.68846253e-07 
 3.42600000e-04  1.60273073e-07 
 3.42700000e-04  1.59898201e-07 
 3.42800000e-04  1.59689762e-07 
 3.42900000e-04  1.59566596e-07 
 3.43000000e-04  1.59531332e-07 
 3.43100000e-04  1.66506160e-07 
 3.43200000e-04  1.66137236e-07 
 3.43300000e-04  1.65992186e-07 
 3.43400000e-04  1.65861517e-07 
 3.43500000e-04  1.65817537e-07 
 3.43600000e-04  1.52247138e-07 
 3.43700000e-04  1.51672548e-07 
 3.43800000e-04  1.51413535e-07 
 3.43900000e-04  1.51211775e-07 
 3.44000000e-04  1.51069006e-07 
 3.44100000e-04  1.66915385e-07 
 3.44200000e-04  1.66741174e-07 
 3.44300000e-04  1.66668184e-07 
 3.44400000e-04  1.66602439e-07 
 3.44500000e-04  1.66557047e-07 
 3.44600000e-04  1.54131628e-07 
 3.44700000e-04  1.53738448e-07 
 3.44800000e-04  1.53538406e-07 
 3.44900000e-04  1.53388629e-07 
 3.45000000e-04  1.53290632e-07 
 3.45100000e-04  1.66648811e-07 
 3.45200000e-04  1.66444050e-07 
 3.45300000e-04  1.66368054e-07 
 3.45400000e-04  1.66300881e-07 
 3.45500000e-04  1.66271617e-07 
 3.45600000e-04  1.52619669e-07 
 3.45700000e-04  1.52174946e-07 
 3.45800000e-04  1.51940562e-07 
 3.45900000e-04  1.51760463e-07 
 3.46000000e-04  1.51636288e-07 
 3.46100000e-04  1.68032021e-07 
 3.46200000e-04  1.67739176e-07 
 3.46300000e-04  1.67636432e-07 
 3.46400000e-04  1.67547185e-07 
 3.46500000e-04  1.67505745e-07 
 3.46600000e-04  1.56363859e-07 
 3.46700000e-04  1.55969193e-07 
 3.46800000e-04  1.55772209e-07 
 3.46900000e-04  1.55636275e-07 
 3.47000000e-04  1.55563244e-07 
 3.47100000e-04  1.66723607e-07 
 3.47200000e-04  1.66489661e-07 
 3.47300000e-04  1.66408496e-07 
 3.47400000e-04  1.66336892e-07 
 3.47500000e-04  1.66282601e-07 
 3.47600000e-04  1.52653214e-07 
 3.47700000e-04  1.52190967e-07 
 3.47800000e-04  1.51933948e-07 
 3.47900000e-04  1.51743702e-07 
 3.48000000e-04  1.51622263e-07 
 3.48100000e-04  1.67484098e-07 
 3.48200000e-04  1.67322394e-07 
 3.48300000e-04  1.67245168e-07 
 3.48400000e-04  1.67173489e-07 
 3.48500000e-04  1.67129205e-07 
 3.48600000e-04  1.54708734e-07 
 3.48700000e-04  1.54307257e-07 
 3.48800000e-04  1.54101711e-07 
 3.48900000e-04  1.53957518e-07 
 3.49000000e-04  1.53876540e-07 
 3.49100000e-04  1.67252162e-07 
 3.49200000e-04  1.67039610e-07 
 3.49300000e-04  1.66968831e-07 
 3.49400000e-04  1.66908226e-07 
 3.49500000e-04  1.66885977e-07 
 3.49600000e-04  1.53178877e-07 
 3.49700000e-04  1.52767476e-07 
 3.49800000e-04  1.52526291e-07 
 3.49900000e-04  1.52343878e-07 
 3.50000000e-04  1.52222015e-07 
 3.50100000e-04  1.69165212e-07 
 3.50200000e-04  1.68783901e-07 
 3.50300000e-04  1.68651324e-07 
 3.50400000e-04  1.68534896e-07 
 3.50500000e-04  1.68473267e-07 
 3.50600000e-04  1.58609800e-07 
 3.50700000e-04  1.58238620e-07 
 3.50800000e-04  1.58044011e-07 
 3.50900000e-04  1.57910640e-07 
 3.51000000e-04  1.57840365e-07 
 3.51100000e-04  1.66848348e-07 
 3.51200000e-04  1.66557056e-07 
 3.51300000e-04  1.66456278e-07 
 3.51400000e-04  1.66367974e-07 
 3.51500000e-04  1.66338517e-07 
 3.51600000e-04  1.52727849e-07 
 3.51700000e-04  1.52212967e-07 
 3.51800000e-04  1.51963641e-07 
 3.51900000e-04  1.51774675e-07 
 3.52000000e-04  1.51647898e-07 
 3.52100000e-04  1.67513351e-07 
 3.52200000e-04  1.67328612e-07 
 3.52300000e-04  1.67250056e-07 
 3.52400000e-04  1.67179328e-07 
 3.52500000e-04  1.67158660e-07 
 3.52600000e-04  1.54711750e-07 
 3.52700000e-04  1.54307828e-07 
 3.52800000e-04  1.54108123e-07 
 3.52900000e-04  1.53969285e-07 
 3.53000000e-04  1.53893069e-07 
 3.53100000e-04  1.69016468e-07 
 3.53200000e-04  1.68520673e-07 
 3.53300000e-04  1.68358760e-07 
 3.53400000e-04  1.68284237e-07 
 3.53500000e-04  1.68237951e-07 
 3.53600000e-04  1.54040932e-07 
 3.53700000e-04  1.53448313e-07 
 3.53800000e-04  1.53185679e-07 
 3.53900000e-04  1.52993067e-07 
 3.54000000e-04  1.52871886e-07 
 3.54100000e-04  1.03755562e-04 
 3.54200000e-04  1.03755084e-04 
 3.54300000e-04  1.03754939e-04 
 3.54400000e-04  1.03754815e-04 
 3.54500000e-04  1.03754761e-04 
 3.54600000e-04  1.03743605e-04 
 3.54700000e-04  1.03743193e-04 
 3.54800000e-04  1.03742994e-04 
 3.54900000e-04  1.03742854e-04 
 3.55000000e-04  1.03742777e-04 
 3.55100000e-04  1.68507061e-07 
 3.55200000e-04  1.68208765e-07 
 3.55300000e-04  1.68114473e-07 
 3.55400000e-04  1.68033793e-07 
 3.55500000e-04  1.68020505e-07 
 3.55600000e-04  1.54334874e-07 
 3.55700000e-04  1.53852836e-07 
 3.55800000e-04  1.53606819e-07 
 3.55900000e-04  1.53426378e-07 
 3.56000000e-04  1.53313501e-07 
 3.56100000e-04  1.69263649e-07 
 3.56200000e-04  1.69090289e-07 
 3.56300000e-04  1.69015372e-07 
 3.56400000e-04  1.68947024e-07 
 3.56500000e-04  1.68904918e-07 
 3.56600000e-04  1.56362859e-07 
 3.56700000e-04  1.55994729e-07 
 3.56800000e-04  1.55800630e-07 
 3.56900000e-04  1.55658588e-07 
 3.57000000e-04  1.55570165e-07 
 3.57100000e-04  1.69033932e-07 
 3.57200000e-04  1.68812677e-07 
 3.57300000e-04  1.68732296e-07 
 3.57400000e-04  1.68661747e-07 
 3.57500000e-04  1.68638685e-07 
 3.57600000e-04  1.54850896e-07 
 3.57700000e-04  1.54433550e-07 
 3.57800000e-04  1.54193506e-07 
 3.57900000e-04  1.54022352e-07 
 3.58000000e-04  1.53922180e-07 
 3.58100000e-04  1.72009098e-07 
 3.58200000e-04  1.71399237e-07 
 3.58300000e-04  1.71199046e-07 
 3.58400000e-04  1.71025520e-07 
 3.58500000e-04  1.70966247e-07 
 3.58600000e-04  1.63593355e-07 
 3.58700000e-04  1.63216895e-07 
 3.58800000e-04  1.63036765e-07 
 3.58900000e-04  1.62925120e-07 
 3.59000000e-04  1.62884042e-07 
 3.59100000e-04  1.68288610e-07 
 3.59200000e-04  1.67513675e-07 
 3.59300000e-04  1.67273451e-07 
 3.59400000e-04  1.67069003e-07 
 3.59500000e-04  1.66988235e-07 
 3.59600000e-04  1.53389346e-07 
 3.59700000e-04  1.52787037e-07 
 3.59800000e-04  1.52504316e-07 
 3.59900000e-04  1.52296622e-07 
 3.60000000e-04  1.52166239e-07 
 3.60100000e-04  1.68085149e-07 
 3.60200000e-04  1.67897257e-07 
 3.60300000e-04  1.67819226e-07 
 3.60400000e-04  1.67749008e-07 
 3.60500000e-04  1.67702910e-07 
 3.60600000e-04  1.55211400e-07 
 3.60700000e-04  1.54833441e-07 
 3.60800000e-04  1.54622972e-07 
 3.60900000e-04  1.54472836e-07 
 3.61000000e-04  1.54384852e-07 
 3.61100000e-04  1.67808195e-07 
 3.61200000e-04  1.67587711e-07 
 3.61300000e-04  1.67510299e-07 
 3.61400000e-04  1.67443218e-07 
 3.61500000e-04  1.67424716e-07 
 3.61600000e-04  1.53679511e-07 
 3.61700000e-04  1.53267641e-07 
 3.61800000e-04  1.53018686e-07 
 3.61900000e-04  1.52835246e-07 
 3.62000000e-04  1.52719299e-07 
 3.62100000e-04  1.69178783e-07 
 3.62200000e-04  1.68890064e-07 
 3.62300000e-04  1.68790567e-07 
 3.62400000e-04  1.68704480e-07 
 3.62500000e-04  1.68637217e-07 
 3.62600000e-04  1.57446708e-07 
 3.62700000e-04  1.57053765e-07 
 3.62800000e-04  1.56858065e-07 
 3.62900000e-04  1.56722495e-07 
 3.63000000e-04  1.56648866e-07 
 3.63100000e-04  1.67868463e-07 
 3.63200000e-04  1.67634121e-07 
 3.63300000e-04  1.67539822e-07 
 3.63400000e-04  1.67454257e-07 
 3.63500000e-04  1.67420109e-07 
 3.63600000e-04  1.53740478e-07 
 3.63700000e-04  1.53257645e-07 
 3.63800000e-04  1.53018254e-07 
 3.63900000e-04  1.52839762e-07 
 3.64000000e-04  1.52724001e-07 
 3.64100000e-04  1.68647171e-07 
 3.64200000e-04  1.68464485e-07 
 3.64300000e-04  1.68387188e-07 
 3.64400000e-04  1.68317569e-07 
 3.64500000e-04  1.68276917e-07 
 3.64600000e-04  1.55775442e-07 
 3.64700000e-04  1.55375837e-07 
 3.64800000e-04  1.55182159e-07 
 3.64900000e-04  1.55045055e-07 
 3.65000000e-04  1.54966219e-07 
 3.65100000e-04  1.68408721e-07 
 3.65200000e-04  1.68175013e-07 
 3.65300000e-04  1.68105648e-07 
 3.65400000e-04  1.68048279e-07 
 3.65500000e-04  1.68019292e-07 
 3.65600000e-04  1.54264483e-07 
 3.65700000e-04  1.53821870e-07 
 3.65800000e-04  1.53598504e-07 
 3.65900000e-04  1.53429069e-07 
 3.66000000e-04  1.53315174e-07 
 3.66100000e-04  1.70302288e-07 
 3.66200000e-04  1.69921652e-07 
 3.66300000e-04  1.69788384e-07 
 3.66400000e-04  1.69671223e-07 
 3.66500000e-04  1.69609356e-07 
 3.66600000e-04  1.59679866e-07 
 3.66700000e-04  1.59299080e-07 
 3.66800000e-04  1.59113369e-07 
 3.66900000e-04  1.58987031e-07 
 3.67000000e-04  1.58921850e-07 
 3.67100000e-04  1.67992751e-07 
 3.67200000e-04  1.67706448e-07 
 3.67300000e-04  1.67602203e-07 
 3.67400000e-04  1.67509603e-07 
 3.67500000e-04  1.67479655e-07 
 3.67600000e-04  1.53804978e-07 
 3.67700000e-04  1.53301598e-07 
 3.67800000e-04  1.53044634e-07 
 3.67900000e-04  1.52855865e-07 
 3.68000000e-04  1.52737261e-07 
 3.68100000e-04  1.70589201e-07 
 3.68200000e-04  1.70068268e-07 
 3.68300000e-04  1.69896377e-07 
 3.68400000e-04  1.69821711e-07 
 3.68500000e-04  1.69778461e-07 
 3.68600000e-04  1.56796889e-07 
 3.68700000e-04  1.56246947e-07 
 3.68800000e-04  1.55996371e-07 
 3.68900000e-04  1.55814129e-07 
 3.69000000e-04  1.55701578e-07 
 3.69100000e-04  1.03755331e-04 
 3.69200000e-04  1.03754932e-04 
 3.69300000e-04  1.03754813e-04 
 3.69400000e-04  1.03754712e-04 
 3.69500000e-04  1.03754659e-04 
 3.69600000e-04  1.03740932e-04 
 3.69700000e-04  1.03740470e-04 
 3.69800000e-04  1.03740231e-04 
 3.69900000e-04  1.03740052e-04 
 3.70000000e-04  1.03739935e-04 
 3.70100000e-04  1.70948033e-07 
 3.70200000e-04  1.70612913e-07 
 3.70300000e-04  1.70499406e-07 
 3.70400000e-04  1.70401211e-07 
 3.70500000e-04  1.70362784e-07 
 3.70600000e-04  1.59123065e-07 
 3.70700000e-04  1.58723786e-07 
 3.70800000e-04  1.58535179e-07 
 3.70900000e-04  1.58407090e-07 
 3.71000000e-04  1.58341336e-07 
 3.71100000e-04  1.69648609e-07 
 3.71200000e-04  1.69371939e-07 
 3.71300000e-04  1.69279850e-07 
 3.71400000e-04  1.69200744e-07 
 3.71500000e-04  1.69176937e-07 
 3.71600000e-04  1.55392560e-07 
 3.71700000e-04  1.54929244e-07 
 3.71800000e-04  1.54699141e-07 
 3.71900000e-04  1.54525831e-07 
 3.72000000e-04  1.54411010e-07 
 3.72100000e-04  1.70409716e-07 
 3.72200000e-04  1.70235937e-07 
 3.72300000e-04  1.70148904e-07 
 3.72400000e-04  1.70067212e-07 
 3.72500000e-04  1.70029946e-07 
 3.72600000e-04  1.57438087e-07 
 3.72700000e-04  1.57067035e-07 
 3.72800000e-04  1.56868636e-07 
 3.72900000e-04  1.56730071e-07 
 3.73000000e-04  1.56653130e-07 
 3.73100000e-04  1.70184953e-07 
 3.73200000e-04  1.69965840e-07 
 3.73300000e-04  1.69876776e-07 
 3.73400000e-04  1.69796567e-07 
 3.73500000e-04  1.69761972e-07 
 3.73600000e-04  1.55910092e-07 
 3.73700000e-04  1.55518515e-07 
 3.73800000e-04  1.55278667e-07 
 3.73900000e-04  1.55104482e-07 
 3.74000000e-04  1.54997938e-07 
 3.74100000e-04  1.72613756e-07 
 3.74200000e-04  1.72095204e-07 
 3.74300000e-04  1.71932672e-07 
 3.74400000e-04  1.71794288e-07 
 3.74500000e-04  1.71727653e-07 
 3.74600000e-04  1.62993178e-07 
 3.74700000e-04  1.62629501e-07 
 3.74800000e-04  1.62454661e-07 
 3.74900000e-04  1.62340681e-07 
 3.75000000e-04  1.62289382e-07 
 3.75100000e-04  1.69435926e-07 
 3.75200000e-04  1.69041067e-07 
 3.75300000e-04  1.68886626e-07 
 3.75400000e-04  1.68748119e-07 
 3.75500000e-04  1.68692536e-07 
 3.75600000e-04  1.54974700e-07 
 3.75700000e-04  1.54442672e-07 
 3.75800000e-04  1.54170954e-07 
 3.75900000e-04  1.53969637e-07 
 3.76000000e-04  1.53840841e-07 
 3.76100000e-04  1.69839198e-07 
 3.76200000e-04  1.69662805e-07 
 3.76300000e-04  1.69566038e-07 
 3.76400000e-04  1.69474314e-07 
 3.76500000e-04  1.69429352e-07 
 3.76600000e-04  1.56852822e-07 
 3.76700000e-04  1.56486214e-07 
 3.76800000e-04  1.56289161e-07 
 3.76900000e-04  1.56145850e-07 
 3.77000000e-04  1.56057876e-07 
 3.77100000e-04  1.69564551e-07 
 3.77200000e-04  1.69350882e-07 
 3.77300000e-04  1.69260357e-07 
 3.77400000e-04  1.69177812e-07 
 3.77500000e-04  1.69164534e-07 
 3.77600000e-04  1.55333047e-07 
 3.77700000e-04  1.54922370e-07 
 3.77800000e-04  1.54697107e-07 
 3.77900000e-04  1.54524120e-07 
 3.78000000e-04  1.54404955e-07 
 3.78100000e-04  1.70938523e-07 
 3.78200000e-04  1.70647477e-07 
 3.78300000e-04  1.70534394e-07 
 3.78400000e-04  1.70433349e-07 
 3.78500000e-04  1.70382930e-07 
 3.78600000e-04  1.59097121e-07 
 3.78700000e-04  1.58720732e-07 
 3.78800000e-04  1.58526629e-07 
 3.78900000e-04  1.58397548e-07 
 3.79000000e-04  1.58335443e-07 
 3.79100000e-04  1.69636383e-07 
 3.79200000e-04  1.69371983e-07 
 3.79300000e-04  1.69282936e-07 
 3.79400000e-04  1.69205716e-07 
 3.79500000e-04  1.69166135e-07 
 3.79600000e-04  1.55387587e-07 
 3.79700000e-04  1.54914172e-07 
 3.79800000e-04  1.54688512e-07 
 3.79900000e-04  1.54511347e-07 
 3.80000000e-04  1.54384102e-07 
 3.80100000e-04  1.70418547e-07 
 3.80200000e-04  1.70219399e-07 
 3.80300000e-04  1.70135611e-07 
 3.80400000e-04  1.70060667e-07 
 3.80500000e-04  1.70019724e-07 
 3.80600000e-04  1.57414406e-07 
 3.80700000e-04  1.57045670e-07 
 3.80800000e-04  1.56863373e-07 
 3.80900000e-04  1.56732763e-07 
 3.81000000e-04  1.56655366e-07 
 3.81100000e-04  1.70181172e-07 
 3.81200000e-04  1.69949395e-07 
 3.81300000e-04  1.69869450e-07 
 3.81400000e-04  1.69800717e-07 
 3.81500000e-04  1.69754068e-07 
 3.81600000e-04  1.55902805e-07 
 3.81700000e-04  1.55483899e-07 
 3.81800000e-04  1.55263062e-07 
 3.81900000e-04  1.55095681e-07 
 3.82000000e-04  1.54983336e-07 
 3.82100000e-04  1.72079730e-07 
 3.82200000e-04  1.71681616e-07 
 3.82300000e-04  1.71540806e-07 
 3.82400000e-04  1.71417124e-07 
 3.82500000e-04  1.71354953e-07 
 3.82600000e-04  1.61344461e-07 
 3.82700000e-04  1.60962138e-07 
 3.82800000e-04  1.60775732e-07 
 3.82900000e-04  1.60659626e-07 
 3.83000000e-04  1.60615933e-07 
 3.83100000e-04  1.69778863e-07 
 3.83200000e-04  1.69461454e-07 
 3.83300000e-04  1.69350910e-07 
 3.83400000e-04  1.69254756e-07 
 3.83500000e-04  1.69214936e-07 
 3.83600000e-04  1.55451745e-07 
 3.83700000e-04  1.54945953e-07 
 3.83800000e-04  1.54702889e-07 
 3.83900000e-04  1.54525218e-07 
 3.84000000e-04  1.54414899e-07 
 3.84100000e-04  1.70427158e-07 
 3.84200000e-04  1.70243947e-07 
 3.84300000e-04  1.70159378e-07 
 3.84400000e-04  1.70081257e-07 
 3.84500000e-04  1.70022584e-07 
 3.84600000e-04  1.57440028e-07 
 3.84700000e-04  1.57054257e-07 
 3.84800000e-04  1.56861388e-07 
 3.84900000e-04  1.56727828e-07 
 3.85000000e-04  1.56655341e-07 
 3.85100000e-04  1.70183326e-07 
 3.85200000e-04  1.69944217e-07 
 3.85300000e-04  1.69861286e-07 
 3.85400000e-04  1.69789637e-07 
 3.85500000e-04  1.69772456e-07 
 3.85600000e-04  1.55922069e-07 
 3.85700000e-04  1.55489665e-07 
 3.85800000e-04  1.55271957e-07 
 3.85900000e-04  1.55105124e-07 
 3.86000000e-04  1.54990662e-07 
 3.86100000e-04  1.71554904e-07 
 3.86200000e-04  1.71265680e-07 
 3.86300000e-04  1.71147114e-07 
 3.86400000e-04  1.71039818e-07 
 3.86500000e-04  1.70992215e-07 
 3.86600000e-04  1.59671413e-07 
 3.86700000e-04  1.59303001e-07 
 3.86800000e-04  1.59118781e-07 
 3.86900000e-04  1.58988417e-07 
 3.87000000e-04  1.58913494e-07 
 3.87100000e-04  1.70267772e-07 
 3.87200000e-04  1.70000643e-07 
 3.87300000e-04  1.69904888e-07 
 3.87400000e-04  1.69820915e-07 
 3.87500000e-04  1.69785143e-07 
 3.87600000e-04  1.55976011e-07 
 3.87700000e-04  1.55511395e-07 
 3.87800000e-04  1.55276362e-07 
 3.87900000e-04  1.55104990e-07 
 3.88000000e-04  1.54999178e-07 
 3.88100000e-04  1.71030212e-07 
 3.88200000e-04  1.70837318e-07 
 3.88300000e-04  1.70753819e-07 
 3.88400000e-04  1.70678003e-07 
 3.88500000e-04  1.70626312e-07 
 3.88600000e-04  1.58002039e-07 
 3.88700000e-04  1.57653760e-07 
 3.88800000e-04  1.57446390e-07 
 3.88900000e-04  1.57307023e-07 
 3.89000000e-04  1.57237695e-07 
 3.89100000e-04  1.70803776e-07 
 3.89200000e-04  1.70574474e-07 
 3.89300000e-04  1.70489390e-07 
 3.89400000e-04  1.70414536e-07 
 3.89500000e-04  1.70377984e-07 
 3.89600000e-04  1.56505938e-07 
 3.89700000e-04  1.56083861e-07 
 3.89800000e-04  1.55866569e-07 
 3.89900000e-04  1.55697707e-07 
 3.90000000e-04  1.55578693e-07 
 3.90100000e-04  1.74834103e-07 
 3.90200000e-04  1.73988980e-07 
 3.90300000e-04  1.73736084e-07 
 3.90400000e-04  1.73522727e-07 
 3.90500000e-04  1.73427563e-07 
 3.90600000e-04  1.68565156e-07 
 3.90700000e-04  1.68201040e-07 
 3.90800000e-04  1.68025080e-07 
 3.90900000e-04  1.67935640e-07 
 3.91000000e-04  1.67935340e-07 
 3.91100000e-04  1.69028218e-07 
 3.91200000e-04  1.68062137e-07 
 3.91300000e-04  1.67801822e-07 
 3.91400000e-04  1.67585698e-07 
 3.91500000e-04  1.67490553e-07 
 3.91600000e-04  1.53956431e-07 
 3.91700000e-04  1.53259678e-07 
 3.91800000e-04  1.52983264e-07 
 3.91900000e-04  1.52782795e-07 
 3.92000000e-04  1.52660549e-07 
 3.92100000e-04  1.68608811e-07 
 3.92200000e-04  1.68426889e-07 
 3.92300000e-04  1.68334271e-07 
 3.92400000e-04  1.68247561e-07 
 3.92500000e-04  1.68209917e-07 
 3.92600000e-04  1.55685610e-07 
 3.92700000e-04  1.55290207e-07 
 3.92800000e-04  1.55106369e-07 
 3.92900000e-04  1.54973135e-07 
 3.93000000e-04  1.54891980e-07 
 3.93100000e-04  1.68323483e-07 
 3.93200000e-04  1.68106667e-07 
 3.93300000e-04  1.68029256e-07 
 3.93400000e-04  1.67961404e-07 
 3.93500000e-04  1.67923432e-07 
 3.93600000e-04  1.54155129e-07 
 3.93700000e-04  1.53728645e-07 
 3.93800000e-04  1.53495497e-07 
 3.93900000e-04  1.53319044e-07 
 3.94000000e-04  1.53200956e-07 
 3.94100000e-04  1.69692582e-07 
 3.94200000e-04  1.69396308e-07 
 3.94300000e-04  1.69291710e-07 
 3.94400000e-04  1.69200582e-07 
 3.94500000e-04  1.69151206e-07 
 3.94600000e-04  1.57911790e-07 
 3.94700000e-04  1.57526557e-07 
 3.94800000e-04  1.57347352e-07 
 3.94900000e-04  1.57216721e-07 
 3.95000000e-04  1.57136080e-07 
 3.95100000e-04  1.68385564e-07 
 3.95200000e-04  1.68131625e-07 
 3.95300000e-04  1.68041741e-07 
 3.95400000e-04  1.67962460e-07 
 3.95500000e-04  1.67944104e-07 
 3.95600000e-04  1.54199699e-07 
 3.95700000e-04  1.53735998e-07 
 3.95800000e-04  1.53500917e-07 
 3.95900000e-04  1.53321945e-07 
 3.96000000e-04  1.53200734e-07 
 3.96100000e-04  1.69155555e-07 
 3.96200000e-04  1.68972084e-07 
 3.96300000e-04  1.68895208e-07 
 3.96400000e-04  1.68825769e-07 
 3.96500000e-04  1.68789032e-07 
 3.96600000e-04  1.56247784e-07 
 3.96700000e-04  1.55868962e-07 
 3.96800000e-04  1.55668492e-07 
 3.96900000e-04  1.55533229e-07 
 3.97000000e-04  1.55465113e-07 
 3.97100000e-04  1.68923425e-07 
 3.97200000e-04  1.68694135e-07 
 3.97300000e-04  1.68616009e-07 
 3.97400000e-04  1.68549101e-07 
 3.97500000e-04  1.68513749e-07 
 3.97600000e-04  1.54743489e-07 
 3.97700000e-04  1.54327839e-07 
 3.97800000e-04  1.54088957e-07 
 3.97900000e-04  1.53906164e-07 
 3.98000000e-04  1.53781109e-07 
 3.98100000e-04  1.70834735e-07 
 3.98200000e-04  1.70432760e-07 
 3.98300000e-04  1.70295532e-07 
 3.98400000e-04  1.70176201e-07 
 3.98500000e-04  1.70124043e-07 
 3.98600000e-04  1.60155221e-07 
 3.98700000e-04  1.59781196e-07 
 3.98800000e-04  1.59593702e-07 
 3.98900000e-04  1.59471233e-07 
 3.99000000e-04  1.59415725e-07 
 3.99100000e-04  1.68500037e-07 
 3.99200000e-04  1.68213803e-07 
 3.99300000e-04  1.68116279e-07 
 3.99400000e-04  1.68031078e-07 
 3.99500000e-04  1.67987398e-07 
 3.99600000e-04  1.54276757e-07 
 3.99700000e-04  1.53761798e-07 
 3.99800000e-04  1.53517008e-07 
 3.99900000e-04  1.53332717e-07 
 4.00000000e-04  1.53210710e-07 
 4.00100000e-04  1.69176132e-07 
 4.00200000e-04  1.68996403e-07 
 4.00300000e-04  1.68912075e-07 
 4.00400000e-04  1.68834238e-07 
 4.00500000e-04  1.68796411e-07 
 4.00600000e-04  1.56256072e-07 
 4.00700000e-04  1.55880970e-07 
 4.00800000e-04  1.55682479e-07 
 4.00900000e-04  1.55540269e-07 
 4.01000000e-04  1.55455988e-07 
 4.01100000e-04  1.68936887e-07 
 4.01200000e-04  1.68699992e-07 
 4.01300000e-04  1.68625209e-07 
 4.01400000e-04  1.68562703e-07 
 4.01500000e-04  1.68520120e-07 
 4.01600000e-04  1.54736183e-07 
 4.01700000e-04  1.54301304e-07 
 4.01800000e-04  1.54081490e-07 
 4.01900000e-04  1.53912121e-07 
 4.02000000e-04  1.53794662e-07 
 4.02100000e-04  1.70294239e-07 
 4.02200000e-04  1.70017860e-07 
 4.02300000e-04  1.69907934e-07 
 4.02400000e-04  1.69808847e-07 
 4.02500000e-04  1.69764969e-07 
 4.02600000e-04  1.58504638e-07 
 4.02700000e-04  1.58111828e-07 
 4.02800000e-04  1.57920204e-07 
 4.02900000e-04  1.57791103e-07 
 4.03000000e-04  1.57726376e-07 
 4.03100000e-04  1.69008600e-07 
 4.03200000e-04  1.68752881e-07 
 4.03300000e-04  1.68664214e-07 
 4.03400000e-04  1.68586648e-07 
 4.03500000e-04  1.68556575e-07 
 4.03600000e-04  1.54791009e-07 
 4.03700000e-04  1.54340194e-07 
 4.03800000e-04  1.54085933e-07 
 4.03900000e-04  1.53903493e-07 
 4.04000000e-04  1.53795014e-07 
 4.04100000e-04  1.69772450e-07 
 4.04200000e-04  1.69593179e-07 
 4.04300000e-04  1.69513622e-07 
 4.04400000e-04  1.69440959e-07 
 4.04500000e-04  1.69399583e-07 
 4.04600000e-04  1.56827586e-07 
 4.04700000e-04  1.56457058e-07 
 4.04800000e-04  1.56257831e-07 
 4.04900000e-04  1.56122729e-07 
 4.05000000e-04  1.56053645e-07 
 4.05100000e-04  1.69546272e-07 
 4.05200000e-04  1.69318351e-07 
 4.05300000e-04  1.69241560e-07 
 4.05400000e-04  1.69175653e-07 
 4.05500000e-04  1.69140926e-07 
 4.05600000e-04  1.55325583e-07 
 4.05700000e-04  1.54907574e-07 
 4.05800000e-04  1.54670864e-07 
 4.05900000e-04  1.54498599e-07 
 4.06000000e-04  1.54392687e-07 
 4.06100000e-04  1.71983595e-07 
 4.06200000e-04  1.71474093e-07 
 4.06300000e-04  1.71305832e-07 
 4.06400000e-04  1.71160296e-07 
 4.06500000e-04  1.71101236e-07 
 4.06600000e-04  1.62411534e-07 
 4.06700000e-04  1.62030351e-07 
 4.06800000e-04  1.61854014e-07 
 4.06900000e-04  1.61736792e-07 
 4.07000000e-04  1.61680422e-07 
 4.07100000e-04  1.68796761e-07 
 4.07200000e-04  1.68415855e-07 
 4.07300000e-04  1.68265638e-07 
 4.07400000e-04  1.68130430e-07 
 4.07500000e-04  1.68069525e-07 
 4.07600000e-04  1.54373294e-07 
 4.07700000e-04  1.53820450e-07 
 4.07800000e-04  1.53556371e-07 
 4.07900000e-04  1.53363896e-07 
 4.08000000e-04  1.53245153e-07 
 4.08100000e-04  1.69212512e-07 
 4.08200000e-04  1.69019716e-07 
 4.08300000e-04  1.68936722e-07 
 4.08400000e-04  1.68861557e-07 
 4.08500000e-04  1.68817190e-07 
 4.08600000e-04  1.56249458e-07 
 4.08700000e-04  1.55879615e-07 
 4.08800000e-04  1.55681319e-07 
 4.08900000e-04  1.55541302e-07 
 4.09000000e-04  1.55461269e-07 
 4.09100000e-04  1.68935931e-07 
 4.09200000e-04  1.68714125e-07 
 4.09300000e-04  1.68630655e-07 
 4.09400000e-04  1.68556797e-07 
 4.09500000e-04  1.68526515e-07 
 4.09600000e-04  1.54732829e-07 
 4.09700000e-04  1.54308974e-07 
 4.09800000e-04  1.54086922e-07 
 4.09900000e-04  1.53916299e-07 
 4.10000000e-04  1.53798595e-07 
 4.10100000e-04  1.70311120e-07 
 4.10200000e-04  1.70024120e-07 
 4.10300000e-04  1.69914537e-07 
 4.10400000e-04  1.69816735e-07 
 4.10500000e-04  1.69766996e-07 
 4.10600000e-04  1.58512369e-07 
 4.10700000e-04  1.58129575e-07 
 4.10800000e-04  1.57932878e-07 
 4.10900000e-04  1.57802297e-07 
 4.11000000e-04  1.57739642e-07 
 4.11100000e-04  1.70923848e-07 
 4.11200000e-04  1.70278088e-07 
 4.11300000e-04  1.70064278e-07 
 4.11400000e-04  1.69967879e-07 
 4.11500000e-04  1.69909420e-07 
 4.11600000e-04  1.55641504e-07 
 4.11700000e-04  1.55013751e-07 
 4.11800000e-04  1.54751242e-07 
 4.11900000e-04  1.54563872e-07 
 4.12000000e-04  1.54453108e-07 
 4.12100000e-04  1.03756715e-04 
 4.12200000e-04  1.03756331e-04 
 4.12300000e-04  1.03756210e-04 
 4.12400000e-04  1.03756106e-04 
 4.12500000e-04  1.03756049e-04 
 4.12600000e-04  1.03743505e-04 
 4.12700000e-04  1.03743110e-04 
 4.12800000e-04  1.03742904e-04 
 4.12900000e-04  1.03742757e-04 
 4.13000000e-04  1.03742670e-04 
 4.13100000e-04  1.70693234e-07 
 4.13200000e-04  1.70434793e-07 
 4.13300000e-04  1.70344427e-07 
 4.13400000e-04  1.70265466e-07 
 4.13500000e-04  1.70243442e-07 
 4.13600000e-04  1.56418115e-07 
 4.13700000e-04  1.55982368e-07 
 4.13800000e-04  1.55766456e-07 
 4.13900000e-04  1.55599112e-07 
 4.14000000e-04  1.55481732e-07 
 4.14100000e-04  1.72618498e-07 
 4.14200000e-04  1.72215227e-07 
 4.14300000e-04  1.72061512e-07 
 4.14400000e-04  1.71924296e-07 
 4.14500000e-04  1.71875750e-07 
 4.14600000e-04  1.61822677e-07 
 4.14700000e-04  1.61465944e-07 
 4.14800000e-04  1.61279689e-07 
 4.14900000e-04  1.61157003e-07 
 4.15000000e-04  1.61099759e-07 
 4.15100000e-04  1.70286679e-07 
 4.15200000e-04  1.69976189e-07 
 4.15300000e-04  1.69875749e-07 
 4.15400000e-04  1.69789716e-07 
 4.15500000e-04  1.69728896e-07 
 4.15600000e-04  1.55943948e-07 
 4.15700000e-04  1.55439901e-07 
 4.15800000e-04  1.55193207e-07 
 4.15900000e-04  1.55013522e-07 
 4.16000000e-04  1.54902825e-07 
 4.16100000e-04  1.70947035e-07 
 4.16200000e-04  1.70752518e-07 
 4.16300000e-04  1.70663077e-07 
 4.16400000e-04  1.70581283e-07 
 4.16500000e-04  1.70546546e-07 
 4.16600000e-04  1.57916110e-07 
 4.16700000e-04  1.57545943e-07 
 4.16800000e-04  1.57350237e-07 
 4.16900000e-04  1.57217430e-07 
 4.17000000e-04  1.57149369e-07 
 4.17100000e-04  1.70700480e-07 
 4.17200000e-04  1.70471693e-07 
 4.17300000e-04  1.70389636e-07 
 4.17400000e-04  1.70317964e-07 
 4.17500000e-04  1.70274219e-07 
 4.17600000e-04  1.56392006e-07 
 4.17700000e-04  1.55985279e-07 
 4.17800000e-04  1.55755484e-07 
 4.17900000e-04  1.55582918e-07 
 4.18000000e-04  1.55469245e-07 
 4.18100000e-04  1.72086004e-07 
 4.18200000e-04  1.71776877e-07 
 4.18300000e-04  1.71660175e-07 
 4.18400000e-04  1.71556915e-07 
 4.18500000e-04  1.71499068e-07 
 4.18600000e-04  1.60148334e-07 
 4.18700000e-04  1.59797182e-07 
 4.18800000e-04  1.59609899e-07 
 4.18900000e-04  1.59480258e-07 
 4.19000000e-04  1.59409939e-07 
 4.19100000e-04  1.70774155e-07 
 4.19200000e-04  1.70510660e-07 
 4.19300000e-04  1.70413822e-07 
 4.19400000e-04  1.70327899e-07 
 4.19500000e-04  1.70305715e-07 
 4.19600000e-04  1.56439266e-07 
 4.19700000e-04  1.56001051e-07 
 4.19800000e-04  1.55765363e-07 
 4.19900000e-04  1.55587516e-07 
 4.20000000e-04  1.55469191e-07 
 4.20100000e-04  1.71547823e-07 
 4.20200000e-04  1.71351547e-07 
 4.20300000e-04  1.71267134e-07 
 4.20400000e-04  1.71190400e-07 
 4.20500000e-04  1.71146867e-07 
 4.20600000e-04  1.58495352e-07 
 4.20700000e-04  1.58117675e-07 
 4.20800000e-04  1.57937355e-07 
 4.20900000e-04  1.57808505e-07 
 4.21000000e-04  1.57732604e-07 
 4.21100000e-04  1.71308518e-07 
 4.21200000e-04  1.71080368e-07 
 4.21300000e-04  1.70995240e-07 
 4.21400000e-04  1.70919936e-07 
 4.21500000e-04  1.70881803e-07 
 4.21600000e-04  1.56965065e-07 
 4.21700000e-04  1.56560501e-07 
 4.21800000e-04  1.56351696e-07 
 4.21900000e-04  1.56189060e-07 
 4.22000000e-04  1.56073906e-07 
 4.22100000e-04  1.74281868e-07 
 4.22200000e-04  1.73649483e-07 
 4.22300000e-04  1.73448372e-07 
 4.22400000e-04  1.73275919e-07 
 4.22500000e-04  1.73202328e-07 
 4.22600000e-04  1.65733513e-07 
 4.22700000e-04  1.65358845e-07 
 4.22800000e-04  1.65182589e-07 
 4.22900000e-04  1.65076728e-07 
 4.23000000e-04  1.65043339e-07 
 4.23100000e-04  1.70585290e-07 
 4.23200000e-04  1.69772952e-07 
 4.23300000e-04  1.69534752e-07 
 4.23400000e-04  1.69336100e-07 
 4.23500000e-04  1.69231183e-07 
 4.23600000e-04  1.55504972e-07 
 4.23700000e-04  1.54924704e-07 
 4.23800000e-04  1.54660609e-07 
 4.23900000e-04  1.54460603e-07 
 4.24000000e-04  1.54326568e-07 
 4.24100000e-04  1.70377566e-07 
 4.24200000e-04  1.70166248e-07 
 4.24300000e-04  1.70073946e-07 
 4.24400000e-04  1.69990508e-07 
 4.24500000e-04  1.69948011e-07 
 4.24600000e-04  1.57342037e-07 
 4.24700000e-04  1.56971873e-07 
 4.24800000e-04  1.56770291e-07 
 4.24900000e-04  1.56634106e-07 
 4.25000000e-04  1.56565232e-07 
 4.25100000e-04  1.70091721e-07 
 4.25200000e-04  1.69871198e-07 
 4.25300000e-04  1.69788984e-07 
 4.25400000e-04  1.69716262e-07 
 4.25500000e-04  1.69662830e-07 
 4.25600000e-04  1.55820219e-07 
 4.25700000e-04  1.55402977e-07 
 4.25800000e-04  1.55178047e-07 
 4.25900000e-04  1.55007967e-07 
 4.26000000e-04  1.54894320e-07 
 4.26100000e-04  1.71472855e-07 
 4.26200000e-04  1.71158115e-07 
 4.26300000e-04  1.71048080e-07 
 4.26400000e-04  1.70952841e-07 
 4.26500000e-04  1.70892044e-07 
 4.26600000e-04  1.59562406e-07 
 4.26700000e-04  1.59205302e-07 
 4.26800000e-04  1.59009658e-07 
 4.26900000e-04  1.58879607e-07 
 4.27000000e-04  1.58817070e-07 
 4.27100000e-04  1.70161030e-07 
 4.27200000e-04  1.69899063e-07 
 4.27300000e-04  1.69803407e-07 
 4.27400000e-04  1.69718631e-07 
 4.27500000e-04  1.69688264e-07 
 4.27600000e-04  1.55852525e-07 
 4.27700000e-04  1.55396320e-07 
 4.27800000e-04  1.55162169e-07 
 4.27900000e-04  1.54991655e-07 
 4.28000000e-04  1.54886639e-07 
 4.28100000e-04  1.70933264e-07 
 4.28200000e-04  1.70729489e-07 
 4.28300000e-04  1.70639765e-07 
 4.28400000e-04  1.70558538e-07 
 4.28500000e-04  1.70518536e-07 
 4.28600000e-04  1.57907927e-07 
 4.28700000e-04  1.57543040e-07 
 4.28800000e-04  1.57341743e-07 
 4.28900000e-04  1.57204219e-07 
 4.29000000e-04  1.57132327e-07 
 4.29100000e-04  1.70681832e-07 
 4.29200000e-04  1.70449316e-07 
 4.29300000e-04  1.70366319e-07 
 4.29400000e-04  1.70294138e-07 
 4.29500000e-04  1.70275264e-07 
 4.29600000e-04  1.56379853e-07 
 4.29700000e-04  1.55980016e-07 
 4.29800000e-04  1.55751094e-07 
 4.29900000e-04  1.55576550e-07 
 4.30000000e-04  1.55457947e-07 
 4.30100000e-04  1.72609434e-07 
 4.30200000e-04  1.72202440e-07 
 4.30300000e-04  1.72049953e-07 
 4.30400000e-04  1.71914584e-07 
 4.30500000e-04  1.71872675e-07 
 4.30600000e-04  1.61823288e-07 
 4.30700000e-04  1.61442501e-07 
 4.30800000e-04  1.61266032e-07 
 4.30900000e-04  1.61148355e-07 
 4.31000000e-04  1.61091172e-07 
 4.31100000e-04  1.70283740e-07 
 4.31200000e-04  1.69976500e-07 
 4.31300000e-04  1.69867499e-07 
 4.31400000e-04  1.69771528e-07 
 4.31500000e-04  1.69724303e-07 
 4.31600000e-04  1.55937021e-07 
 4.31700000e-04  1.55436532e-07 
 4.31800000e-04  1.55184657e-07 
 4.31900000e-04  1.55003560e-07 
 4.32000000e-04  1.54895325e-07 
 4.32100000e-04  1.70947263e-07 
 4.32200000e-04  1.70748335e-07 
 4.32300000e-04  1.70664418e-07 
 4.32400000e-04  1.70588910e-07 
 4.32500000e-04  1.70544167e-07 
 4.32600000e-04  1.57890361e-07 
 4.32700000e-04  1.57538968e-07 
 4.32800000e-04  1.57346484e-07 
 4.32900000e-04  1.57214510e-07 
 4.33000000e-04  1.57144804e-07 
 4.33100000e-04  1.70698341e-07 
 4.33200000e-04  1.70463223e-07 
 4.33300000e-04  1.70384764e-07 
 4.33400000e-04  1.70318113e-07 
 4.33500000e-04  1.70270893e-07 
 4.33600000e-04  1.56395494e-07 
 4.33700000e-04  1.55973589e-07 
 4.33800000e-04  1.55753270e-07 
 4.33900000e-04  1.55589069e-07 
 4.34000000e-04  1.55482603e-07 
 4.34100000e-04  1.72073257e-07 
 4.34200000e-04  1.71770442e-07 
 4.34300000e-04  1.71655246e-07 
 4.34400000e-04  1.71553063e-07 
 4.34500000e-04  1.71493165e-07 
 4.34600000e-04  1.60147780e-07 
 4.34700000e-04  1.59778463e-07 
 4.34800000e-04  1.59595079e-07 
 4.34900000e-04  1.59472833e-07 
 4.35000000e-04  1.59413496e-07 
 4.35100000e-04  1.70770453e-07 
 4.35200000e-04  1.70510116e-07 
 4.35300000e-04  1.70414339e-07 
 4.35400000e-04  1.70329176e-07 
 4.35500000e-04  1.70301261e-07 
 4.35600000e-04  1.56447542e-07 
 4.35700000e-04  1.55988414e-07 
 4.35800000e-04  1.55759357e-07 
 4.35900000e-04  1.55590729e-07 
 4.36000000e-04  1.55484283e-07 
 4.36100000e-04  1.71545234e-07 
 4.36200000e-04  1.71361709e-07 
 4.36300000e-04  1.71271069e-07 
 4.36400000e-04  1.71186779e-07 
 4.36500000e-04  1.71134598e-07 
 4.36600000e-04  1.58475030e-07 
 4.36700000e-04  1.58128073e-07 
 4.36800000e-04  1.57934366e-07 
 4.36900000e-04  1.57798612e-07 
 4.37000000e-04  1.57722486e-07 
 4.37100000e-04  1.71320245e-07 
 4.37200000e-04  1.71076339e-07 
 4.37300000e-04  1.70989862e-07 
 4.37400000e-04  1.70915011e-07 
 4.37500000e-04  1.70885387e-07 
 4.37600000e-04  1.56963593e-07 
 4.37700000e-04  1.56572318e-07 
 4.37800000e-04  1.56338793e-07 
 4.37900000e-04  1.56171677e-07 
 4.38000000e-04  1.56072907e-07 
 4.38100000e-04  1.73748959e-07 
 4.38200000e-04  1.73230900e-07 
 4.38300000e-04  1.73057713e-07 
 4.38400000e-04  1.72907506e-07 
 4.38500000e-04  1.72839626e-07 
 4.38600000e-04  1.64067433e-07 
 4.38700000e-04  1.63695373e-07 
 4.38800000e-04  1.63521017e-07 
 4.38900000e-04  1.63413282e-07 
 4.39000000e-04  1.63374111e-07 
 4.39100000e-04  1.70575814e-07 
 4.39200000e-04  1.70159967e-07 
 4.39300000e-04  1.70009786e-07 
 4.39400000e-04  1.69878193e-07 
 4.39500000e-04  1.69808876e-07 
 4.39600000e-04  1.56031446e-07 
 4.39700000e-04  1.55501876e-07 
 4.39800000e-04  1.55236176e-07 
 4.39900000e-04  1.55044064e-07 
 4.40000000e-04  1.54927704e-07 
 4.40100000e-04  1.70976894e-07 
 4.40200000e-04  1.70774325e-07 
 4.40300000e-04  1.70686468e-07 
 4.40400000e-04  1.70606744e-07 
 4.40500000e-04  1.70548192e-07 
 4.40600000e-04  1.57912402e-07 
 4.40700000e-04  1.57560335e-07 
 4.40800000e-04  1.57358859e-07 
 4.40900000e-04  1.57224402e-07 
 4.41000000e-04  1.57158922e-07 
 4.41100000e-04  1.70703628e-07 
 4.41200000e-04  1.70479129e-07 
 4.41300000e-04  1.70391464e-07 
 4.41400000e-04  1.70313066e-07 
 4.41500000e-04  1.70287330e-07 
 4.41600000e-04  1.56411428e-07 
 4.41700000e-04  1.55987478e-07 
 4.41800000e-04  1.55758663e-07 
 4.41900000e-04  1.55592142e-07 
 4.42000000e-04  1.55489715e-07 
 4.42100000e-04  1.72081959e-07 
 4.42200000e-04  1.71788978e-07 
 4.42300000e-04  1.71671065e-07 
 4.42400000e-04  1.71564916e-07 
 4.42500000e-04  1.71515631e-07 
 4.42600000e-04  1.60151751e-07 
 4.42700000e-04  1.59787089e-07 
 4.42800000e-04  1.59595637e-07 
 4.42900000e-04  1.59470024e-07 
 4.43000000e-04  1.59412171e-07 
 4.43100000e-04  1.70775461e-07 
 4.43200000e-04  1.70516661e-07 
 4.43300000e-04  1.70417520e-07 
 4.43400000e-04  1.70328732e-07 
 4.43500000e-04  1.70292405e-07 
 4.43600000e-04  1.56450411e-07 
 4.43700000e-04  1.56003257e-07 
 4.43800000e-04  1.55769349e-07 
 4.43900000e-04  1.55595026e-07 
 4.44000000e-04  1.55481999e-07 
 4.44100000e-04  1.71546278e-07 
 4.44200000e-04  1.71356030e-07 
 4.44300000e-04  1.71268615e-07 
 4.44400000e-04  1.71188490e-07 
 4.44500000e-04  1.71140062e-07 
 4.44600000e-04  1.58483530e-07 
 4.44700000e-04  1.58117433e-07 
 4.44800000e-04  1.57929730e-07 
 4.44900000e-04  1.57798669e-07 
 4.45000000e-04  1.57725868e-07 
 4.45100000e-04  1.71311895e-07 
 4.45200000e-04  1.71074594e-07 
 4.45300000e-04  1.70992558e-07 
 4.45400000e-04  1.70921727e-07 
 4.45500000e-04  1.70883531e-07 
 4.45600000e-04  1.56967179e-07 
 4.45700000e-04  1.56574523e-07 
 4.45800000e-04  1.56353217e-07 
 4.45900000e-04  1.56182298e-07 
 4.46000000e-04  1.56063191e-07 
 4.46100000e-04  1.73231604e-07 
 4.46200000e-04  1.72815211e-07 
 4.46300000e-04  1.72674112e-07 
 4.46400000e-04  1.72551676e-07 
 4.46500000e-04  1.72485291e-07 
 4.46600000e-04  1.62390474e-07 
 4.46700000e-04  1.62033558e-07 
 4.46800000e-04  1.61850942e-07 
 4.46900000e-04  1.61734658e-07 
 4.47000000e-04  1.61686632e-07 
 4.47100000e-04  1.70917893e-07 
 4.47200000e-04  1.70601861e-07 
 4.47300000e-04  1.70488442e-07 
 4.47400000e-04  1.70388708e-07 
 4.47500000e-04  1.70339286e-07 
 4.47600000e-04  1.56525187e-07 
 4.47700000e-04  1.56026232e-07 
 4.47800000e-04  1.55781173e-07 
 4.47900000e-04  1.55601387e-07 
 4.48000000e-04  1.55488767e-07 
 4.48100000e-04  1.71574675e-07 
 4.48200000e-04  1.71375831e-07 
 4.48300000e-04  1.71286004e-07 
 4.48400000e-04  1.71204299e-07 
 4.48500000e-04  1.71169335e-07 
 4.48600000e-04  1.58503265e-07 
 4.48700000e-04  1.58123832e-07 
 4.48800000e-04  1.57936988e-07 
 4.48900000e-04  1.57806770e-07 
 4.49000000e-04  1.57734792e-07 
 4.49100000e-04  1.71325179e-07 
 4.49200000e-04  1.71082844e-07 
 4.49300000e-04  1.70999103e-07 
 4.49400000e-04  1.70927119e-07 
 4.49500000e-04  1.70893200e-07 
 4.49600000e-04  1.56987851e-07 
 4.49700000e-04  1.56578937e-07 
 4.49800000e-04  1.56358919e-07 
 4.49900000e-04  1.56188812e-07 
 4.50000000e-04  1.56070019e-07 
 4.50100000e-04  1.72699509e-07 
 4.50200000e-04  1.72401737e-07 
 4.50300000e-04  1.72288153e-07 
 4.50400000e-04  1.72186884e-07 
 4.50500000e-04  1.72123449e-07 
 4.50600000e-04  1.60749207e-07 
 4.50700000e-04  1.60386330e-07 
 4.50800000e-04  1.60197272e-07 
 4.50900000e-04  1.60066472e-07 
 4.51000000e-04  1.59995597e-07 
 4.51100000e-04  1.71402097e-07 
 4.51200000e-04  1.71135947e-07 
 4.51300000e-04  1.71037562e-07 
 4.51400000e-04  1.70950305e-07 
 4.51500000e-04  1.70913181e-07 
 4.51600000e-04  1.57038517e-07 
 4.51700000e-04  1.56593437e-07 
 4.51800000e-04  1.56366942e-07 
 4.51900000e-04  1.56190636e-07 
 4.52000000e-04  1.56065738e-07 
 4.52100000e-04  1.74118502e-07 
 4.52200000e-04  1.73571096e-07 
 4.52300000e-04  1.73380532e-07 
 4.52400000e-04  1.73296425e-07 
 4.52500000e-04  1.73246717e-07 
 4.52600000e-04  1.60105525e-07 
 4.52700000e-04  1.59566739e-07 
 4.52800000e-04  1.59321120e-07 
 4.52900000e-04  1.59149869e-07 
 4.53000000e-04  1.59054391e-07 
 4.53100000e-04  1.03758874e-04 
 4.53200000e-04  1.03758437e-04 
 4.53300000e-04  1.03758310e-04 
 4.53400000e-04  1.03758205e-04 
 4.53500000e-04  1.03758164e-04 
 4.53600000e-04  1.03744235e-04 
 4.53700000e-04  1.03743817e-04 
 4.53800000e-04  1.03743588e-04 
 4.53900000e-04  1.03743417e-04 
 4.54000000e-04  1.03743307e-04 
 4.54100000e-04  1.80088026e-07 
 4.54200000e-04  1.78153710e-07 
 4.54300000e-04  1.77557733e-07 
 4.54400000e-04  1.77331394e-07 
 4.54500000e-04  1.77224495e-07 
 4.54600000e-04  1.70545975e-07 
 4.54700000e-04  1.70025415e-07 
 4.54800000e-04  1.69776231e-07 
 4.54900000e-04  1.69599095e-07 
 4.55000000e-04  1.69495365e-07 
 4.55100000e-04  1.03758805e-04 
 4.55200000e-04  1.03757672e-04 
 4.55300000e-04  1.03757368e-04 
 4.55400000e-04  1.03757117e-04 
 4.55500000e-04  1.03757038e-04 
 4.55600000e-04  1.03743305e-04 
 4.55700000e-04  1.03742658e-04 
 4.55800000e-04  1.03742390e-04 
 4.55900000e-04  1.03742190e-04 
 4.56000000e-04  1.03742060e-04 
 4.56100000e-04  1.72686506e-07 
 4.56200000e-04  1.72439903e-07 
 4.56300000e-04  1.72340216e-07 
 4.56400000e-04  1.72250775e-07 
 4.56500000e-04  1.72203674e-07 
 4.56600000e-04  1.59505117e-07 
 4.56700000e-04  1.59135510e-07 
 4.56800000e-04  1.58948768e-07 
 4.56900000e-04  1.58816488e-07 
 4.57000000e-04  1.58740210e-07 
 4.57100000e-04  1.72397378e-07 
 4.57200000e-04  1.72146649e-07 
 4.57300000e-04  1.72056827e-07 
 4.57400000e-04  1.71978732e-07 
 4.57500000e-04  1.71947527e-07 
 4.57600000e-04  1.57979694e-07 
 4.57700000e-04  1.57580074e-07 
 4.57800000e-04  1.57362117e-07 
 4.57900000e-04  1.57188266e-07 
 4.58000000e-04  1.57059731e-07 
 4.58100000e-04  1.73767980e-07 
 4.58200000e-04  1.73450828e-07 
 4.58300000e-04  1.73332110e-07 
 4.58400000e-04  1.73227286e-07 
 4.58500000e-04  1.73174693e-07 
 4.58600000e-04  1.61730043e-07 
 4.58700000e-04  1.61364400e-07 
 4.58800000e-04  1.61186479e-07 
 4.58900000e-04  1.61062321e-07 
 4.59000000e-04  1.60993444e-07 
 4.59100000e-04  1.72469296e-07 
 4.59200000e-04  1.72177652e-07 
 4.59300000e-04  1.72080900e-07 
 4.59400000e-04  1.71997870e-07 
 4.59500000e-04  1.71954304e-07 
 4.59600000e-04  1.58006212e-07 
 4.59700000e-04  1.57564821e-07 
 4.59800000e-04  1.57344201e-07 
 4.59900000e-04  1.57178268e-07 
 4.60000000e-04  1.57068566e-07 
 4.60100000e-04  1.73222142e-07 
 4.60200000e-04  1.73020973e-07 
 4.60300000e-04  1.72926087e-07 
 4.60400000e-04  1.72838690e-07 
 4.60500000e-04  1.72787198e-07 
 4.60600000e-04  1.60029520e-07 
 4.60700000e-04  1.59680878e-07 
 4.60800000e-04  1.59505997e-07 
 4.60900000e-04  1.59383430e-07 
 4.61000000e-04  1.59314649e-07 
 4.61100000e-04  1.72992752e-07 
 4.61200000e-04  1.72745935e-07 
 4.61300000e-04  1.72653943e-07 
 4.61400000e-04  1.72572941e-07 
 4.61500000e-04  1.72531416e-07 
 4.61600000e-04  1.58526666e-07 
 4.61700000e-04  1.58143452e-07 
 4.61800000e-04  1.57924014e-07 
 4.61900000e-04  1.57757473e-07 
 4.62000000e-04  1.57645314e-07 
 4.62100000e-04  1.74898335e-07 
 4.62200000e-04  1.74464713e-07 
 4.62300000e-04  1.74321194e-07 
 4.62400000e-04  1.74198093e-07 
 4.62500000e-04  1.74126246e-07 
 4.62600000e-04  1.63944550e-07 
 4.62700000e-04  1.63599393e-07 
 4.62800000e-04  1.63421230e-07 
 4.62900000e-04  1.63308455e-07 
 4.63000000e-04  1.63262946e-07 
 4.63100000e-04  1.72578131e-07 
 4.63200000e-04  1.72269398e-07 
 4.63300000e-04  1.72149500e-07 
 4.63400000e-04  1.72042000e-07 
 4.63500000e-04  1.71990159e-07 
 4.63600000e-04  1.58075047e-07 
 4.63700000e-04  1.57589803e-07 
 4.63800000e-04  1.57352516e-07 
 4.63900000e-04  1.57178697e-07 
 4.64000000e-04  1.57070161e-07 
 4.64100000e-04  1.73241413e-07 
 4.64200000e-04  1.73030119e-07 
 4.64300000e-04  1.72934068e-07 
 4.64400000e-04  1.72846489e-07 
 4.64500000e-04  1.72796446e-07 
 4.64600000e-04  1.60050746e-07 
 4.64700000e-04  1.59684880e-07 
 4.64800000e-04  1.59511256e-07 
 4.64900000e-04  1.59382980e-07 
 4.65000000e-04  1.59301301e-07 
 4.65100000e-04  1.72983968e-07 
 4.65200000e-04  1.72749306e-07 
 4.65300000e-04  1.72655550e-07 
 4.65400000e-04  1.72571390e-07 
 4.65500000e-04  1.72536147e-07 
 4.65600000e-04  1.58523504e-07 
 4.65700000e-04  1.58138604e-07 
 4.65800000e-04  1.57924782e-07 
 4.65900000e-04  1.57760569e-07 
 4.66000000e-04  1.57647346e-07 
 4.66100000e-04  1.74363021e-07 
 4.66200000e-04  1.74049292e-07 
 4.66300000e-04  1.73934838e-07 
 4.66400000e-04  1.73834541e-07 
 4.66500000e-04  1.73766437e-07 
 4.66600000e-04  1.62286322e-07 
 4.66700000e-04  1.61922358e-07 
 4.66800000e-04  1.61756246e-07 
 4.66900000e-04  1.61640586e-07 
 4.67000000e-04  1.61576782e-07 
 4.67100000e-04  1.73067358e-07 
 4.67200000e-04  1.72785427e-07 
 4.67300000e-04  1.72686907e-07 
 4.67400000e-04  1.72600576e-07 
 4.67500000e-04  1.72565527e-07 
 4.67600000e-04  1.58585606e-07 
 4.67700000e-04  1.58139504e-07 
 4.67800000e-04  1.57916052e-07 
 4.67900000e-04  1.57751372e-07 
 4.68000000e-04  1.57647133e-07 
 4.68100000e-04  1.73838118e-07 
 4.68200000e-04  1.73624513e-07 
 4.68300000e-04  1.73534670e-07 
 4.68400000e-04  1.73453906e-07 
 4.68500000e-04  1.73404348e-07 
 4.68600000e-04  1.60615144e-07 
 4.68700000e-04  1.60269955e-07 
 4.68800000e-04  1.60090446e-07 
 4.68900000e-04  1.59968056e-07 
 4.69000000e-04  1.59904399e-07 
 4.69100000e-04  1.73598235e-07 
 4.69200000e-04  1.73362101e-07 
 4.69300000e-04  1.73262516e-07 
 4.69400000e-04  1.73172466e-07 
 4.69500000e-04  1.73138723e-07 
 4.69600000e-04  1.59114980e-07 
 4.69700000e-04  1.58725934e-07 
 4.69800000e-04  1.58507210e-07 
 4.69900000e-04  1.58340880e-07 
 4.70000000e-04  1.58228410e-07 
 4.70100000e-04  1.76042175e-07 
 4.70200000e-04  1.75504931e-07 
 4.70300000e-04  1.75330625e-07 
 4.70400000e-04  1.75181062e-07 
 4.70500000e-04  1.75112003e-07 
 4.70600000e-04  1.66190246e-07 
 4.70700000e-04  1.65843272e-07 
 4.70800000e-04  1.65685959e-07 
 4.70900000e-04  1.65577763e-07 
 4.71000000e-04  1.65520039e-07 
 4.71100000e-04  1.72885622e-07 
 4.71200000e-04  1.72465199e-07 
 4.71300000e-04  1.72301668e-07 
 4.71400000e-04  1.72155665e-07 
 4.71500000e-04  1.72065487e-07 
 4.71600000e-04  1.58168949e-07 
 4.71700000e-04  1.57641374e-07 
 4.71800000e-04  1.57396013e-07 
 4.71900000e-04  1.57211368e-07 
 4.72000000e-04  1.57089161e-07 
 4.72100000e-04  1.73273105e-07 
 4.72200000e-04  1.73061043e-07 
 4.72300000e-04  1.72964398e-07 
 4.72400000e-04  1.72876243e-07 
 4.72500000e-04  1.72816146e-07 
 4.72600000e-04  1.60048604e-07 
 4.72700000e-04  1.59688028e-07 
 4.72800000e-04  1.59519497e-07 
 4.72900000e-04  1.59394456e-07 
 4.73000000e-04  1.59314084e-07 
 4.73100000e-04  1.72997343e-07 
 4.73200000e-04  1.72749297e-07 
 4.73300000e-04  1.72655439e-07 
 4.73400000e-04  1.72572521e-07 
 4.73500000e-04  1.72544439e-07 
 4.73600000e-04  1.58541972e-07 
 4.73700000e-04  1.58142031e-07 
 4.73800000e-04  1.57926775e-07 
 4.73900000e-04  1.57761647e-07 
 4.74000000e-04  1.57648035e-07 
 4.74100000e-04  1.74371347e-07 
 4.74200000e-04  1.74051922e-07 
 4.74300000e-04  1.73932372e-07 
 4.74400000e-04  1.73827001e-07 
 4.74500000e-04  1.73768641e-07 
 4.74600000e-04  1.62296547e-07 
 4.74700000e-04  1.61949112e-07 
 4.74800000e-04  1.61763544e-07 
 4.74900000e-04  1.61641158e-07 
 4.75000000e-04  1.61583753e-07 
 4.75100000e-04  1.73068467e-07 
 4.75200000e-04  1.72786055e-07 
 4.75300000e-04  1.72687638e-07 
 4.75400000e-04  1.72601803e-07 
 4.75500000e-04  1.72552630e-07 
 4.75600000e-04  1.58582523e-07 
 4.75700000e-04  1.58153437e-07 
 4.75800000e-04  1.57927891e-07 
 4.75900000e-04  1.57755698e-07 
 4.76000000e-04  1.57638343e-07 
 4.76100000e-04  1.73834650e-07 
 4.76200000e-04  1.73634941e-07 
 4.76300000e-04  1.73539779e-07 
 4.76400000e-04  1.73452024e-07 
 4.76500000e-04  1.73404385e-07 
 4.76600000e-04  1.60615528e-07 
 4.76700000e-04  1.60269097e-07 
 4.76800000e-04  1.60090299e-07 
 4.76900000e-04  1.59969180e-07 
 4.77000000e-04  1.59907366e-07 
 4.77100000e-04  1.73607092e-07 
 4.77200000e-04  1.73358447e-07 
 4.77300000e-04  1.73269076e-07 
 4.77400000e-04  1.73191460e-07 
 4.77500000e-04  1.73157832e-07 
 4.77600000e-04  1.59114630e-07 
 4.77700000e-04  1.58724730e-07 
 4.77800000e-04  1.58503407e-07 
 4.77900000e-04  1.58337736e-07 
 4.78000000e-04  1.58229273e-07 
 4.78100000e-04  1.75519649e-07 
 4.78200000e-04  1.75085434e-07 
 4.78300000e-04  1.74938810e-07 
 4.78400000e-04  1.74812244e-07 
 4.78500000e-04  1.74737042e-07 
 4.78600000e-04  1.64528750e-07 
 4.78700000e-04  1.64196535e-07 
 4.78800000e-04  1.64022752e-07 
 4.78900000e-04  1.63911127e-07 
 4.79000000e-04  1.63863422e-07 
 4.79100000e-04  1.73191962e-07 
 4.79200000e-04  1.72880265e-07 
 4.79300000e-04  1.72756848e-07 
 4.79400000e-04  1.72645712e-07 
 4.79500000e-04  1.72597005e-07 
 4.79600000e-04  1.58656403e-07 
 4.79700000e-04  1.58172922e-07 
 4.79800000e-04  1.57945994e-07 
 4.79900000e-04  1.57775009e-07 
 4.80000000e-04  1.57661528e-07 
 4.80100000e-04  1.73865383e-07 
 4.80200000e-04  1.73640901e-07 
 4.80300000e-04  1.73543530e-07 
 4.80400000e-04  1.73456091e-07 
 4.80500000e-04  1.73410101e-07 
 4.80600000e-04  1.60626082e-07 
 4.80700000e-04  1.60290492e-07 
 4.80800000e-04  1.60105747e-07 
 4.80900000e-04  1.59977025e-07 
 4.81000000e-04  1.59905891e-07 
 4.81100000e-04  1.73621628e-07 
 4.81200000e-04  1.73354677e-07 
 4.81300000e-04  1.73260115e-07 
 4.81400000e-04  1.73178613e-07 
 4.81500000e-04  1.73143443e-07 
 4.81600000e-04  1.59120718e-07 
 4.81700000e-04  1.58705730e-07 
 4.81800000e-04  1.58498040e-07 
 4.81900000e-04  1.58345424e-07 
 4.82000000e-04  1.58249414e-07 
 4.82100000e-04  1.74991982e-07 
 4.82200000e-04  1.74662453e-07 
 4.82300000e-04  1.74545503e-07 
 4.82400000e-04  1.74444096e-07 
 4.82500000e-04  1.74384722e-07 
 4.82600000e-04  1.62887795e-07 
 4.82700000e-04  1.62518824e-07 
 4.82800000e-04  1.62352533e-07 
 4.82900000e-04  1.62234284e-07 
 4.83000000e-04  1.62165389e-07 
 4.83100000e-04  1.73683966e-07 
 4.83200000e-04  1.73410378e-07 
 4.83300000e-04  1.73304288e-07 
 4.83400000e-04  1.73209169e-07 
 4.83500000e-04  1.73174701e-07 
 4.83600000e-04  1.59166870e-07 
 4.83700000e-04  1.58735203e-07 
 4.83800000e-04  1.58514211e-07 
 4.83900000e-04  1.58347121e-07 
 4.84000000e-04  1.58235430e-07 
 4.84100000e-04  1.74465206e-07 
 4.84200000e-04  1.74240847e-07 
 4.84300000e-04  1.74154207e-07 
 4.84400000e-04  1.74077761e-07 
 4.84500000e-04  1.74018696e-07 
 4.84600000e-04  1.61210497e-07 
 4.84700000e-04  1.60870902e-07 
 4.84800000e-04  1.60681092e-07 
 4.84900000e-04  1.60555239e-07 
 4.85000000e-04  1.60495158e-07 
 4.85100000e-04  1.74238956e-07 
 4.85200000e-04  1.73987890e-07 
 4.85300000e-04  1.73891582e-07 
 4.85400000e-04  1.73806741e-07 
 4.85500000e-04  1.73771717e-07 
 4.85600000e-04  1.59691793e-07 
 4.85700000e-04  1.59318108e-07 
 4.85800000e-04  1.59096569e-07 
 4.85900000e-04  1.58934257e-07 
 4.86000000e-04  1.58832844e-07 
 4.86100000e-04  1.77208140e-07 
 4.86200000e-04  1.76552853e-07 
 4.86300000e-04  1.76340588e-07 
 4.86400000e-04  1.76158223e-07 
 4.86500000e-04  1.76074618e-07 
 4.86600000e-04  1.68440436e-07 
 4.86700000e-04  1.68095637e-07 
 4.86800000e-04  1.67944503e-07 
 4.86900000e-04  1.67848727e-07 
 4.87000000e-04  1.67809851e-07 
 4.87100000e-04  1.73489684e-07 
 4.87200000e-04  1.72676572e-07 
 4.87300000e-04  1.72420284e-07 
 4.87400000e-04  1.72201508e-07 
 4.87500000e-04  1.72112302e-07 
 4.87600000e-04  1.58231994e-07 
 4.87700000e-04  1.57672599e-07 
 4.87800000e-04  1.57414459e-07 
 4.87900000e-04  1.57222338e-07 
 4.88000000e-04  1.57098111e-07 
 4.88100000e-04  1.73277676e-07 
 4.88200000e-04  1.73074893e-07 
 4.88300000e-04  1.72976362e-07 
 4.88400000e-04  1.72885123e-07 
 4.88500000e-04  1.72827891e-07 
 4.88600000e-04  1.60060197e-07 
 4.88700000e-04  1.59713547e-07 
 4.88800000e-04  1.59525148e-07 
 4.88900000e-04  1.59392705e-07 
 4.89000000e-04  1.59318046e-07 
 4.89100000e-04  1.73162784e-07 
 4.89200000e-04  1.72811116e-07 
 4.89300000e-04  1.72675908e-07 
 4.89400000e-04  1.72606390e-07 
 4.89500000e-04  1.72546181e-07 
 4.89600000e-04  1.58558843e-07 
 4.89700000e-04  1.58162980e-07 
 4.89800000e-04  1.57941840e-07 
 4.89900000e-04  1.57773381e-07 
 4.90000000e-04  1.57659091e-07 
 4.90100000e-04  1.74375188e-07 
 4.90200000e-04  1.74058327e-07 
 4.90300000e-04  1.73933790e-07 
 4.90400000e-04  1.73822514e-07 
 4.90500000e-04  1.73775884e-07 
 4.90600000e-04  1.62293088e-07 
 4.90700000e-04  1.61931649e-07 
 4.90800000e-04  1.61767259e-07 
 4.90900000e-04  1.61649297e-07 
 4.91000000e-04  1.61579077e-07 
 4.91100000e-04  1.73075619e-07 
 4.91200000e-04  1.72797544e-07 
 4.91300000e-04  1.72689354e-07 
 4.91400000e-04  1.72592107e-07 
 4.91500000e-04  1.72551592e-07 
 4.91600000e-04  1.58578462e-07 
 4.91700000e-04  1.58138589e-07 
 4.91800000e-04  1.57924244e-07 
 4.91900000e-04  1.57763534e-07 
 4.92000000e-04  1.57658015e-07 
 4.92100000e-04  1.73839353e-07 
 4.92200000e-04  1.73638891e-07 
 4.92300000e-04  1.73541588e-07 
 4.92400000e-04  1.73451161e-07 
 4.92500000e-04  1.73403169e-07 
 4.92600000e-04  1.60613248e-07 
 4.92700000e-04  1.60276984e-07 
 4.92800000e-04  1.60094021e-07 
 4.92900000e-04  1.59970067e-07 
 4.93000000e-04  1.59906868e-07 
 4.93100000e-04  1.73615880e-07 
 4.93200000e-04  1.73359382e-07 
 4.93300000e-04  1.73260849e-07 
 4.93400000e-04  1.73174266e-07 
 4.93500000e-04  1.73153819e-07 
 4.93600000e-04  1.59115832e-07 
 4.93700000e-04  1.58724543e-07 
 4.93800000e-04  1.58512579e-07 
 4.93900000e-04  1.58345181e-07 
 4.94000000e-04  1.58223788e-07 
 4.94100000e-04  1.75939059e-07 
 4.94200000e-04  1.75290633e-07 
 4.94300000e-04  1.75093831e-07 
 4.94400000e-04  1.75015970e-07 
 4.94500000e-04  1.74966760e-07 
 4.94600000e-04  1.64827285e-07 
 4.94700000e-04  1.64488158e-07 
 4.94800000e-04  1.64312448e-07 
 4.94900000e-04  1.64168671e-07 
 4.95000000e-04  1.64057759e-07 
 4.95100000e-04  1.73195024e-07 
 4.95200000e-04  1.72870800e-07 
 4.95300000e-04  1.72762208e-07 
 4.95400000e-04  1.72668047e-07 
 4.95500000e-04  1.72611942e-07 
 4.95600000e-04  1.58660099e-07 
 4.95700000e-04  1.58172738e-07 
 4.95800000e-04  1.57940337e-07 
 4.95900000e-04  1.57767727e-07 
 4.96000000e-04  1.57656743e-07 
 4.96100000e-04  1.73857469e-07 
 4.96200000e-04  1.73644197e-07 
 4.96300000e-04  1.73555653e-07 
 4.96400000e-04  1.73475910e-07 
 4.96500000e-04  1.73417498e-07 
 4.96600000e-04  1.60633761e-07 
 4.96700000e-04  1.60277814e-07 
 4.96800000e-04  1.60098651e-07 
 4.96900000e-04  1.59970752e-07 
 4.97000000e-04  1.59895706e-07 
 4.97100000e-04  1.73607651e-07 
 4.97200000e-04  1.73358511e-07 
 4.97300000e-04  1.73262633e-07 
 4.97400000e-04  1.73177944e-07 
 4.97500000e-04  1.73152724e-07 
 4.97600000e-04  1.59127786e-07 
 4.97700000e-04  1.58729327e-07 
 4.97800000e-04  1.58511934e-07 
 4.97900000e-04  1.58345853e-07 
 4.98000000e-04  1.58232698e-07 
 4.98100000e-04  1.74983252e-07 
 4.98200000e-04  1.74664895e-07 
 4.98300000e-04  1.74545389e-07 
 4.98400000e-04  1.74439419e-07 
 4.98500000e-04  1.74389729e-07 
 4.98600000e-04  1.62876420e-07 
 4.98700000e-04  1.62539915e-07 
 4.98800000e-04  1.62360480e-07 
 4.98900000e-04  1.62240312e-07 
 4.99000000e-04  1.62181292e-07 
 4.99100000e-04  1.73708351e-07 
 4.99200000e-04  1.73398964e-07 
 4.99300000e-04  1.73294804e-07 
 4.99400000e-04  1.73205313e-07 
 4.99500000e-04  1.73179195e-07 
 4.99600000e-04  1.59171480e-07 
 4.99700000e-04  1.58734293e-07 
 4.99800000e-04  1.58516640e-07 
 4.99900000e-04  1.58348806e-07 
 5.00000000e-04  1.58232370e-07 
 5.00100000e-04  1.74464179e-07 
 5.00200000e-04  1.74267813e-07 
 5.00300000e-04  1.74172470e-07 
 5.00400000e-04  1.74083740e-07 
 5.00500000e-04  1.74029278e-07 
 5.00600000e-04  1.61204263e-07 
 5.00700000e-04  1.60874793e-07 
 5.00800000e-04  1.60685364e-07 
 5.00900000e-04  1.60557553e-07 
 5.01000000e-04  1.60493314e-07 
 5.01100000e-04  1.74221336e-07 
 5.01200000e-04  1.73978998e-07 
 5.01300000e-04  1.73887141e-07 
 5.01400000e-04  1.73805767e-07 
 5.01500000e-04  1.73767615e-07 
 5.01600000e-04  1.59696238e-07 
 5.01700000e-04  1.59301810e-07 
 5.01800000e-04  1.59104494e-07 
 5.01900000e-04  1.58944065e-07 
 5.02000000e-04  1.58821693e-07 
 5.02100000e-04  1.76681544e-07 
 5.02200000e-04  1.76131471e-07 
 5.02300000e-04  1.75956746e-07 
 5.02400000e-04  1.75808167e-07 
 5.02500000e-04  1.75726849e-07 
 5.02600000e-04  1.66779129e-07 
 5.02700000e-04  1.66442493e-07 
 5.02800000e-04  1.66276943e-07 
 5.02900000e-04  1.66171747e-07 
 5.03000000e-04  1.66128817e-07 
 5.03100000e-04  1.73487524e-07 
 5.03200000e-04  1.73063574e-07 
 5.03300000e-04  1.72898020e-07 
 5.03400000e-04  1.72749792e-07 
 5.03500000e-04  1.72689871e-07 
 5.03600000e-04  1.58760361e-07 
 5.03700000e-04  1.58250375e-07 
 5.03800000e-04  1.58000841e-07 
 5.03900000e-04  1.57812124e-07 
 5.04000000e-04  1.57686152e-07 
 5.04100000e-04  1.73903905e-07 
 5.04200000e-04  1.73688141e-07 
 5.04300000e-04  1.73579230e-07 
 5.04400000e-04  1.73478083e-07 
 5.04500000e-04  1.73433025e-07 
 5.04600000e-04  1.60637514e-07 
 5.04700000e-04  1.60295760e-07 
 5.04800000e-04  1.60113497e-07 
 5.04900000e-04  1.59984897e-07 
 5.05000000e-04  1.59911662e-07 
 5.05100000e-04  1.73630456e-07 
 5.05200000e-04  1.73377598e-07 
 5.05300000e-04  1.73278779e-07 
 5.05400000e-04  1.73191451e-07 
 5.05500000e-04  1.73156332e-07 
 5.05600000e-04  1.59121103e-07 
 5.05700000e-04  1.58728363e-07 
 5.05800000e-04  1.58510514e-07 
 5.05900000e-04  1.58346605e-07 
 5.06000000e-04  1.58238346e-07 
 5.06100000e-04  1.75004934e-07 
 5.06200000e-04  1.74674161e-07 
 5.06300000e-04  1.74552842e-07 
 5.06400000e-04  1.74446496e-07 
 5.06500000e-04  1.74393394e-07 
 5.06600000e-04  1.62884896e-07 
 5.06700000e-04  1.62523353e-07 
 5.06800000e-04  1.62347378e-07 
 5.06900000e-04  1.62228809e-07 
 5.07000000e-04  1.62169468e-07 
 5.07100000e-04  1.73691867e-07 
 5.07200000e-04  1.73418878e-07 
 5.07300000e-04  1.73314412e-07 
 5.07400000e-04  1.73221171e-07 
 5.07500000e-04  1.73178870e-07 
 5.07600000e-04  1.59178576e-07 
 5.07700000e-04  1.58740062e-07 
 5.07800000e-04  1.58519938e-07 
 5.07900000e-04  1.58352334e-07 
 5.08000000e-04  1.58238917e-07 
 5.08100000e-04  1.74469242e-07 
 5.08200000e-04  1.74246906e-07 
 5.08300000e-04  1.74156363e-07 
 5.08400000e-04  1.74075786e-07 
 5.08500000e-04  1.74018267e-07 
 5.08600000e-04  1.61218656e-07 
 5.08700000e-04  1.60873919e-07 
 5.08800000e-04  1.60699093e-07 
 5.08900000e-04  1.60570555e-07 
 5.09000000e-04  1.60489773e-07 
 5.09100000e-04  1.74234769e-07 
 5.09200000e-04  1.73987420e-07 
 5.09300000e-04  1.73893448e-07 
 5.09400000e-04  1.73810663e-07 
 5.09500000e-04  1.73761161e-07 
 5.09600000e-04  1.59697136e-07 
 5.09700000e-04  1.59316275e-07 
 5.09800000e-04  1.59095690e-07 
 5.09900000e-04  1.58930418e-07 
 5.10000000e-04  1.58822212e-07 
 5.10100000e-04  1.76140143e-07 
 5.10200000e-04  1.75714986e-07 
 5.10300000e-04  1.75566295e-07 
 5.10400000e-04  1.75436299e-07 
 5.10500000e-04  1.75355856e-07 
 5.10600000e-04  1.65119655e-07 
 5.10700000e-04  1.64782112e-07 
 5.10800000e-04  1.64619464e-07 
 5.10900000e-04  1.64509869e-07 
 5.11000000e-04  1.64455008e-07 
 5.11100000e-04  1.73821761e-07 
 5.11200000e-04  1.73500719e-07 
 5.11300000e-04  1.73380984e-07 
 5.11400000e-04  1.73274507e-07 
 5.11500000e-04  1.73218970e-07 
 5.11600000e-04  1.59241732e-07 
 5.11700000e-04  1.58770163e-07 
 5.11800000e-04  1.58540183e-07 
 5.11900000e-04  1.58366103e-07 
 5.12000000e-04  1.58249696e-07 
 5.12100000e-04  1.74484237e-07 
 5.12200000e-04  1.74264864e-07 
 5.12300000e-04  1.74165760e-07 
 5.12400000e-04  1.74075535e-07 
 5.12500000e-04  1.74051843e-07 
 5.12600000e-04  1.61203522e-07 
 5.12700000e-04  1.60872501e-07 
 5.12800000e-04  1.60703039e-07 
 5.12900000e-04  1.60579436e-07 
 5.13000000e-04  1.60503145e-07 
 5.13100000e-04  1.74243761e-07 
 5.13200000e-04  1.73993087e-07 
 5.13300000e-04  1.73895451e-07 
 5.13400000e-04  1.73809114e-07 
 5.13500000e-04  1.73772048e-07 
 5.13600000e-04  1.59693009e-07 
 5.13700000e-04  1.59320317e-07 
 5.13800000e-04  1.59108938e-07 
 5.13900000e-04  1.58945227e-07 
 5.14000000e-04  1.58830695e-07 
 5.14100000e-04  1.75619388e-07 
 5.14200000e-04  1.75291999e-07 
 5.14300000e-04  1.75168409e-07 
 5.14400000e-04  1.75059410e-07 
 5.14500000e-04  1.75003567e-07 
 5.14600000e-04  1.63457237e-07 
 5.14700000e-04  1.63113646e-07 
 5.14800000e-04  1.62948504e-07 
 5.14900000e-04  1.62836363e-07 
 5.15000000e-04  1.62778904e-07 
 5.15100000e-04  1.74329393e-07 
 5.15200000e-04  1.74040495e-07 
 5.15300000e-04  1.73933411e-07 
 5.15400000e-04  1.73839000e-07 
 5.15500000e-04  1.73788616e-07 
 5.15600000e-04  1.59761755e-07 
 5.15700000e-04  1.59321604e-07 
 5.15800000e-04  1.59103081e-07 
 5.15900000e-04  1.58936919e-07 
 5.16000000e-04  1.58824779e-07 
 5.16100000e-04  1.75086600e-07 
 5.16200000e-04  1.74888613e-07 
 5.16300000e-04  1.74788465e-07 
 5.16400000e-04  1.74694975e-07 
 5.16500000e-04  1.74647583e-07 
 5.16600000e-04  1.61793261e-07 
 5.16700000e-04  1.61456944e-07 
 5.16800000e-04  1.61276869e-07 
 5.16900000e-04  1.61150787e-07 
 5.17000000e-04  1.61080408e-07 
 5.17100000e-04  1.74853601e-07 
 5.17200000e-04  1.74597978e-07 
 5.17300000e-04  1.74509687e-07 
 5.17400000e-04  1.74433802e-07 
 5.17500000e-04  1.74383282e-07 
 5.17600000e-04  1.60292198e-07 
 5.17700000e-04  1.59909968e-07 
 5.17800000e-04  1.59698351e-07 
 5.17900000e-04  1.59537043e-07 
 5.18000000e-04  1.59427639e-07 
 5.18100000e-04  1.88940851e-07 
 5.18200000e-04  1.86318309e-07 
 5.18300000e-04  1.85509330e-07 
 5.18400000e-04  1.85260096e-07 
 5.18500000e-04  1.85010862e-07 
 5.18600000e-04  1.75732432e-07 
 5.18700000e-04  1.74614373e-07 
 5.18800000e-04  1.74275926e-07 
 5.18900000e-04  1.74062587e-07 
 5.19000000e-04  1.73976608e-07 
 5.19100000e-04  1.71282138e-07 
 5.19200000e-04  1.70507611e-07 
 5.19300000e-04  1.70299478e-07 
 5.19400000e-04  1.70127927e-07 
 5.19500000e-04  1.70053367e-07 
 5.19600000e-04  1.57648270e-07 
 5.19700000e-04  1.56967554e-07 
 5.19800000e-04  1.56706620e-07 
 5.19900000e-04 -0.00000000e+00 
 5.20000000e-04  1.56574117e-07 
