 time            -i(vdd)        
 2.60000000e-04 -1.26577369e-04 
 2.60100000e-04  1.83731475e-07 
 2.60200000e-04  1.75017209e-07 
 2.60300000e-04  1.72689564e-07 
 2.60400000e-04  1.70727098e-07 
 2.60500000e-04  1.70076641e-07 
 2.60600000e-04  1.76680997e-07 
 2.60700000e-04  1.75910975e-07 
 2.60800000e-04  1.75485041e-07 
 2.60900000e-04  1.75138845e-07 
 2.61000000e-04  1.74874114e-07 
 2.61100000e-04  1.56447763e-07 
 2.61200000e-04  1.54083060e-07 
 2.61300000e-04  1.53475857e-07 
 2.61400000e-04  1.52984524e-07 
 2.61500000e-04  1.52783190e-07 
 2.61600000e-04  1.38884713e-07 
 2.61700000e-04  1.37640843e-07 
 2.61800000e-04  1.37195579e-07 
 2.61900000e-04  1.36878215e-07 
 2.62000000e-04  1.36692808e-07 
 2.62100000e-04  1.61887488e-07 
 2.62200000e-04  1.60615917e-07 
 2.62300000e-04  1.60332250e-07 
 2.62400000e-04  1.60127261e-07 
 2.62500000e-04  1.60041522e-07 
 2.62600000e-04  1.48502308e-07 
 2.62700000e-04  1.47916010e-07 
 2.62800000e-04  1.47634004e-07 
 2.62900000e-04  1.47421336e-07 
 2.63000000e-04  1.47279491e-07 
 2.63100000e-04  1.99991425e-07 
 2.63200000e-04  1.94213742e-07 
 2.63300000e-04  1.92921636e-07 
 2.63400000e-04  1.91924259e-07 
 2.63500000e-04  1.91648690e-07 
 2.63600000e-04  1.78201845e-07 
 2.63700000e-04  1.77571460e-07 
 2.63800000e-04  1.77243530e-07 
 2.63900000e-04  1.76996856e-07 
 2.64000000e-04  1.76834014e-07 
 2.64100000e-04  1.72662262e-07 
 2.64200000e-04  1.68075294e-07 
 2.64300000e-04  1.67028686e-07 
 2.64400000e-04  1.66212889e-07 
 2.64500000e-04  1.65974156e-07 
 2.64600000e-04  1.53753678e-07 
 2.64700000e-04  1.53128103e-07 
 2.64800000e-04  1.52825607e-07 
 2.64900000e-04  1.52592766e-07 
 2.65000000e-04  1.52431786e-07 
 2.65100000e-04  1.66019993e-07 
 2.65200000e-04  1.65524198e-07 
 2.65300000e-04  1.65366930e-07 
 2.65400000e-04  1.65232293e-07 
 2.65500000e-04  1.65175579e-07 
 2.65600000e-04  1.51596599e-07 
 2.65700000e-04  1.51152437e-07 
 2.65800000e-04  1.50918013e-07 
 2.65900000e-04  1.50742402e-07 
 2.66000000e-04  1.50627466e-07 
 2.66100000e-04  1.66993454e-07 
 2.66200000e-04  1.66722023e-07 
 2.66300000e-04  1.66631945e-07 
 2.66400000e-04  1.66554314e-07 
 2.66500000e-04  1.66491028e-07 
 2.66600000e-04  1.55431242e-07 
 2.66700000e-04  1.55028754e-07 
 2.66800000e-04  1.54822693e-07 
 2.66900000e-04  1.54673547e-07 
 2.67000000e-04  1.54583116e-07 
 2.67100000e-04  1.66084087e-07 
 2.67200000e-04  1.65566880e-07 
 2.67300000e-04  1.65410446e-07 
 2.67400000e-04  1.65276475e-07 
 2.67500000e-04  1.65222284e-07 
 2.67600000e-04  1.51669937e-07 
 2.67700000e-04  1.51177053e-07 
 2.67800000e-04  1.50920894e-07 
 2.67900000e-04  1.50723597e-07 
 2.68000000e-04  1.50587024e-07 
 2.68100000e-04  1.66383763e-07 
 2.68200000e-04  1.66209449e-07 
 2.68300000e-04  1.66132841e-07 
 2.68400000e-04  1.66063164e-07 
 2.68500000e-04  1.66036475e-07 
 2.68600000e-04  1.53646603e-07 
 2.68700000e-04  1.53256797e-07 
 2.68800000e-04  1.53035723e-07 
 2.68900000e-04  1.52884354e-07 
 2.69000000e-04  1.52804896e-07 
 2.69100000e-04  1.66127607e-07 
 2.69200000e-04  1.65918520e-07 
 2.69300000e-04  1.65841253e-07 
 2.69400000e-04  1.65773041e-07 
 2.69500000e-04  1.65752309e-07 
 2.69600000e-04  1.52110212e-07 
 2.69700000e-04  1.51662404e-07 
 2.69800000e-04  1.51425581e-07 
 2.69900000e-04  1.51248235e-07 
 2.70000000e-04  1.51132246e-07 
 2.70100000e-04  1.68003945e-07 
 2.70200000e-04  1.67640788e-07 
 2.70300000e-04  1.67507028e-07 
 2.70400000e-04  1.67387780e-07 
 2.70500000e-04  1.67319802e-07 
 2.70600000e-04  1.57534781e-07 
 2.70700000e-04  1.57129495e-07 
 2.70800000e-04  1.56926507e-07 
 2.70900000e-04  1.56786777e-07 
 2.71000000e-04  1.56712302e-07 
 2.71100000e-04  1.66105220e-07 
 2.71200000e-04  1.65545878e-07 
 2.71300000e-04  1.65377076e-07 
 2.71400000e-04  1.65232648e-07 
 2.71500000e-04  1.65185987e-07 
 2.71600000e-04  1.51639682e-07 
 2.71700000e-04  1.51104705e-07 
 2.71800000e-04  1.50844162e-07 
 2.71900000e-04  1.50644553e-07 
 2.72000000e-04  1.50507804e-07 
 2.72100000e-04  1.66318909e-07 
 2.72200000e-04  1.66150369e-07 
 2.72300000e-04  1.66075984e-07 
 2.72400000e-04  1.66008187e-07 
 2.72500000e-04  1.65978429e-07 
 2.72600000e-04  1.53591827e-07 
 2.72700000e-04  1.53179479e-07 
 2.72800000e-04  1.52979910e-07 
 2.72900000e-04  1.52832922e-07 
 2.73000000e-04  1.52740167e-07 
 2.73100000e-04  1.66059688e-07 
 2.73200000e-04  1.65855190e-07 
 2.73300000e-04  1.65781240e-07 
 2.73400000e-04  1.65716345e-07 
 2.73500000e-04  1.65689638e-07 
 2.73600000e-04  1.52061062e-07 
 2.73700000e-04  1.51615485e-07 
 2.73800000e-04  1.51386738e-07 
 2.73900000e-04  1.51209407e-07 
 2.74000000e-04  1.51085112e-07 
 2.74100000e-04  1.67432400e-07 
 2.74200000e-04  1.67157969e-07 
 2.74300000e-04  1.67060444e-07 
 2.74400000e-04  1.66974891e-07 
 2.74500000e-04  1.66918329e-07 
 2.74600000e-04  1.55813119e-07 
 2.74700000e-04  1.55413801e-07 
 2.74800000e-04  1.55212241e-07 
 2.74900000e-04  1.55071571e-07 
 2.75000000e-04  1.54993712e-07 
 2.75100000e-04  1.66146581e-07 
 2.75200000e-04  1.65905603e-07 
 2.75300000e-04  1.65817374e-07 
 2.75400000e-04  1.65739240e-07 
 2.75500000e-04  1.65711725e-07 
 2.75600000e-04  1.52106220e-07 
 2.75700000e-04  1.51631476e-07 
 2.75800000e-04  1.51379697e-07 
 2.75900000e-04  1.51190213e-07 
 2.76000000e-04  1.51064985e-07 
 2.76100000e-04  1.66899742e-07 
 2.76200000e-04  1.66720301e-07 
 2.76300000e-04  1.66646511e-07 
 2.76400000e-04  1.66580226e-07 
 2.76500000e-04  1.66551695e-07 
 2.76600000e-04  1.54145179e-07 
 2.76700000e-04  1.53741707e-07 
 2.76800000e-04  1.53544500e-07 
 2.76900000e-04  1.53403901e-07 
 2.77000000e-04  1.53321691e-07 
 2.77100000e-04  1.66669453e-07 
 2.77200000e-04  1.66454978e-07 
 2.77300000e-04  1.66379416e-07 
 2.77400000e-04  1.66314005e-07 
 2.77500000e-04  1.66289983e-07 
 2.77600000e-04  1.52623501e-07 
 2.77700000e-04  1.52189077e-07 
 2.77800000e-04  1.51961097e-07 
 2.77900000e-04  1.51781756e-07 
 2.78000000e-04  1.51652580e-07 
 2.78100000e-04  1.69108132e-07 
 2.78200000e-04  1.68609268e-07 
 2.78300000e-04  1.68450909e-07 
 2.78400000e-04  1.68315280e-07 
 2.78500000e-04  1.68248847e-07 
 2.78600000e-04  1.59725838e-07 
 2.78700000e-04  1.59327611e-07 
 2.78800000e-04  1.59129286e-07 
 2.78900000e-04  1.59001393e-07 
 2.79000000e-04  1.58946136e-07 
 2.79100000e-04  1.68557251e-07 
 2.79200000e-04  1.67262419e-07 
 2.79300000e-04  1.66856675e-07 
 2.79400000e-04  1.66670194e-07 
 2.79500000e-04  1.66554561e-07 
 2.79600000e-04  1.52528840e-07 
 2.79700000e-04  1.51808814e-07 
 2.79800000e-04  1.51491488e-07 
 2.79900000e-04  1.51267693e-07 
 2.80000000e-04  1.51139414e-07 
 2.80100000e-04  1.03753233e-04 
 2.80200000e-04  1.03752848e-04 
 2.80300000e-04  1.03752737e-04 
 2.80400000e-04  1.03752647e-04 
 2.80500000e-04  1.03752585e-04 
 2.80600000e-04  1.03740201e-04 
 2.80700000e-04  1.03739795e-04 
 2.80800000e-04  1.03739582e-04 
 2.80900000e-04  1.03739425e-04 
 2.81000000e-04  1.03739326e-04 
 2.81100000e-04  1.67186869e-07 
 2.81200000e-04  1.66945491e-07 
 2.81300000e-04  1.66864329e-07 
 2.81400000e-04  1.66794008e-07 
 2.81500000e-04  1.66773480e-07 
 2.81600000e-04  1.53137112e-07 
 2.81700000e-04  1.52683788e-07 
 2.81800000e-04  1.52446504e-07 
 2.81900000e-04  1.52263216e-07 
 2.82000000e-04  1.52135616e-07 
 2.82100000e-04  1.68569393e-07 
 2.82200000e-04  1.68294532e-07 
 2.82300000e-04  1.68187349e-07 
 2.82400000e-04  1.68091324e-07 
 2.82500000e-04  1.68027322e-07 
 2.82600000e-04  1.56876134e-07 
 2.82700000e-04  1.56483989e-07 
 2.82800000e-04  1.56289960e-07 
 2.82900000e-04  1.56156730e-07 
 2.83000000e-04  1.56086207e-07 
 2.83100000e-04  1.67255272e-07 
 2.83200000e-04  1.67022799e-07 
 2.83300000e-04  1.66931426e-07 
 2.83400000e-04  1.66848841e-07 
 2.83500000e-04  1.66831211e-07 
 2.83600000e-04  1.53166197e-07 
 2.83700000e-04  1.52688826e-07 
 2.83800000e-04  1.52444293e-07 
 2.83900000e-04  1.52260392e-07 
 2.84000000e-04  1.52139025e-07 
 2.84100000e-04  1.68032918e-07 
 2.84200000e-04  1.67856181e-07 
 2.84300000e-04  1.67782877e-07 
 2.84400000e-04  1.67716759e-07 
 2.84500000e-04  1.67659256e-07 
 2.84600000e-04  1.55193167e-07 
 2.84700000e-04  1.54810837e-07 
 2.84800000e-04  1.54615263e-07 
 2.84900000e-04  1.54470214e-07 
 2.85000000e-04  1.54377270e-07 
 2.85100000e-04  1.67791800e-07 
 2.85200000e-04  1.67572032e-07 
 2.85300000e-04  1.67496847e-07 
 2.85400000e-04  1.67431819e-07 
 2.85500000e-04  1.67413217e-07 
 2.85600000e-04  1.53689037e-07 
 2.85700000e-04  1.53247652e-07 
 2.85800000e-04  1.53019883e-07 
 2.85900000e-04  1.52844225e-07 
 2.86000000e-04  1.52722308e-07 
 2.86100000e-04  1.69702685e-07 
 2.86200000e-04  1.69325622e-07 
 2.86300000e-04  1.69189857e-07 
 2.86400000e-04  1.69069810e-07 
 2.86500000e-04  1.69012144e-07 
 2.86600000e-04  1.59121891e-07 
 2.86700000e-04  1.58727431e-07 
 2.86800000e-04  1.58541305e-07 
 2.86900000e-04  1.58413255e-07 
 2.87000000e-04  1.58345099e-07 
 2.87100000e-04  1.67377583e-07 
 2.87200000e-04  1.67093035e-07 
 2.87300000e-04  1.66990710e-07 
 2.87400000e-04  1.66900061e-07 
 2.87500000e-04  1.66859660e-07 
 2.87600000e-04  1.53230448e-07 
 2.87700000e-04  1.52711174e-07 
 2.87800000e-04  1.52450296e-07 
 2.87900000e-04  1.52259235e-07 
 2.88000000e-04  1.52140178e-07 
 2.88100000e-04  1.68048438e-07 
 2.88200000e-04  1.67880561e-07 
 2.88300000e-04  1.67793312e-07 
 2.88400000e-04  1.67711227e-07 
 2.88500000e-04  1.67672588e-07 
 2.88600000e-04  1.55192750e-07 
 2.88700000e-04  1.54802622e-07 
 2.88800000e-04  1.54606179e-07 
 2.88900000e-04  1.54470178e-07 
 2.89000000e-04  1.54396513e-07 
 2.89100000e-04  1.67783335e-07 
 2.89200000e-04  1.67571580e-07 
 2.89300000e-04  1.67498186e-07 
 2.89400000e-04  1.67434481e-07 
 2.89500000e-04  1.67401861e-07 
 2.89600000e-04  1.53671733e-07 
 2.89700000e-04  1.53245110e-07 
 2.89800000e-04  1.53018648e-07 
 2.89900000e-04  1.52842764e-07 
 2.90000000e-04  1.52719036e-07 
 2.90100000e-04  1.69162991e-07 
 2.90200000e-04  1.68898738e-07 
 2.90300000e-04  1.68784369e-07 
 2.90400000e-04  1.68679123e-07 
 2.90500000e-04  1.68633597e-07 
 2.90600000e-04  1.57448255e-07 
 2.90700000e-04  1.57058894e-07 
 2.90800000e-04  1.56862046e-07 
 2.90900000e-04  1.56725051e-07 
 2.91000000e-04  1.56649781e-07 
 2.91100000e-04  1.67879468e-07 
 2.91200000e-04  1.67622904e-07 
 2.91300000e-04  1.67540591e-07 
 2.91400000e-04  1.67470438e-07 
 2.91500000e-04  1.67434015e-07 
 2.91600000e-04  1.53738581e-07 
 2.91700000e-04  1.53272441e-07 
 2.91800000e-04  1.53026637e-07 
 2.91900000e-04  1.52843808e-07 
 2.92000000e-04  1.52725924e-07 
 2.92100000e-04  1.68661506e-07 
 2.92200000e-04  1.68464163e-07 
 2.92300000e-04  1.68386346e-07 
 2.92400000e-04  1.68318026e-07 
 2.92500000e-04  1.68275512e-07 
 2.92600000e-04  1.55768652e-07 
 2.92700000e-04  1.55382280e-07 
 2.92800000e-04  1.55185959e-07 
 2.92900000e-04  1.55048898e-07 
 2.93000000e-04  1.54972943e-07 
 2.93100000e-04  1.68407930e-07 
 2.93200000e-04  1.68199726e-07 
 2.93300000e-04  1.68121896e-07 
 2.93400000e-04  1.68052519e-07 
 2.93500000e-04  1.68014470e-07 
 2.93600000e-04  1.54269552e-07 
 2.93700000e-04  1.53820834e-07 
 2.93800000e-04  1.53604190e-07 
 2.93900000e-04  1.53434084e-07 
 2.94000000e-04  1.53311960e-07 
 2.94100000e-04  1.71383236e-07 
 2.94200000e-04  1.70770133e-07 
 2.94300000e-04  1.70583470e-07 
 2.94400000e-04  1.70425131e-07 
 2.94500000e-04  1.70348421e-07 
 2.94600000e-04  1.63003015e-07 
 2.94700000e-04  1.62635262e-07 
 2.94800000e-04  1.62450241e-07 
 2.94900000e-04  1.62334120e-07 
 2.95000000e-04  1.62289053e-07 
 2.95100000e-04  1.67724079e-07 
 2.95200000e-04  1.66862456e-07 
 2.95300000e-04  1.66623070e-07 
 2.95400000e-04  1.66423506e-07 
 2.95500000e-04  1.66346085e-07 
 2.95600000e-04  1.52786871e-07 
 2.95700000e-04  1.52187219e-07 
 2.95800000e-04  1.51910290e-07 
 2.95900000e-04  1.51700523e-07 
 2.96000000e-04  1.51560014e-07 
 2.96100000e-04  1.67459310e-07 
 2.96200000e-04  1.67285418e-07 
 2.96300000e-04  1.67201948e-07 
 2.96400000e-04  1.67124555e-07 
 2.96500000e-04  1.67074560e-07 
 2.96600000e-04  1.54615357e-07 
 2.96700000e-04  1.54223227e-07 
 2.96800000e-04  1.54025616e-07 
 2.96900000e-04  1.53885243e-07 
 2.97000000e-04  1.53803894e-07 
 2.97100000e-04  1.67186528e-07 
 2.97200000e-04  1.66975245e-07 
 2.97300000e-04  1.66901517e-07 
 2.97400000e-04  1.66837480e-07 
 2.97500000e-04  1.66805279e-07 
 2.97600000e-04  1.53097494e-07 
 2.97700000e-04  1.52666666e-07 
 2.97800000e-04  1.52420393e-07 
 2.97900000e-04  1.52236682e-07 
 2.98000000e-04  1.52117481e-07 
 2.98100000e-04  1.68543245e-07 
 2.98200000e-04  1.68255615e-07 
 2.98300000e-04  1.68154105e-07 
 2.98400000e-04  1.68065490e-07 
 2.98500000e-04  1.68008183e-07 
 2.98600000e-04  1.56847583e-07 
 2.98700000e-04  1.56466412e-07 
 2.98800000e-04  1.56270443e-07 
 2.98900000e-04  1.56134287e-07 
 2.99000000e-04  1.56059805e-07 
 2.99100000e-04  1.67259984e-07 
 2.99200000e-04  1.66992635e-07 
 2.99300000e-04  1.66910391e-07 
 2.99400000e-04  1.66841315e-07 
 2.99500000e-04  1.66805375e-07 
 2.99600000e-04  1.53147696e-07 
 2.99700000e-04  1.52670504e-07 
 2.99800000e-04  1.52422378e-07 
 2.99900000e-04  1.52236547e-07 
 3.00000000e-04  1.52114954e-07 
 3.00100000e-04  1.68020944e-07 
 3.00200000e-04  1.67848551e-07 
 3.00300000e-04  1.67769327e-07 
 3.00400000e-04  1.67696530e-07 
 3.00500000e-04  1.67649693e-07 
 3.00600000e-04  1.55190303e-07 
 3.00700000e-04  1.54788644e-07 
 3.00800000e-04  1.54597395e-07 
 3.00900000e-04  1.54454036e-07 
 3.01000000e-04  1.54360048e-07 
 3.01100000e-04  1.67784164e-07 
 3.01200000e-04  1.67566836e-07 
 3.01300000e-04  1.67489640e-07 
 3.01400000e-04  1.67422371e-07 
 3.01500000e-04  1.67394307e-07 
 3.01600000e-04  1.53668344e-07 
 3.01700000e-04  1.53236094e-07 
 3.01800000e-04  1.53009579e-07 
 3.01900000e-04  1.52832206e-07 
 3.02000000e-04  1.52705498e-07 
 3.02100000e-04  1.69687308e-07 
 3.02200000e-04  1.69291214e-07 
 3.02300000e-04  1.69165544e-07 
 3.02400000e-04  1.69058130e-07 
 3.02500000e-04  1.68999178e-07 
 3.02600000e-04  1.59088975e-07 
 3.02700000e-04  1.58702224e-07 
 3.02800000e-04  1.58512826e-07 
 3.02900000e-04  1.58385031e-07 
 3.03000000e-04  1.58320752e-07 
 3.03100000e-04  1.67360268e-07 
 3.03200000e-04  1.67070240e-07 
 3.03300000e-04  1.66978911e-07 
 3.03400000e-04  1.66900729e-07 
 3.03500000e-04  1.66850036e-07 
 3.03600000e-04  1.53219330e-07 
 3.03700000e-04  1.52706652e-07 
 3.03800000e-04  1.52456151e-07 
 3.03900000e-04  1.52267677e-07 
 3.04000000e-04  1.52143157e-07 
 3.04100000e-04  1.68040943e-07 
 3.04200000e-04  1.67852732e-07 
 3.04300000e-04  1.67774884e-07 
 3.04400000e-04  1.67705165e-07 
 3.04500000e-04  1.67679081e-07 
 3.04600000e-04  1.55185099e-07 
 3.04700000e-04  1.54794583e-07 
 3.04800000e-04  1.54594201e-07 
 3.04900000e-04  1.54456702e-07 
 3.05000000e-04  1.54384042e-07 
 3.05100000e-04  1.67778930e-07 
 3.05200000e-04  1.67577197e-07 
 3.05300000e-04  1.67504161e-07 
 3.05400000e-04  1.67439805e-07 
 3.05500000e-04  1.67405108e-07 
 3.05600000e-04  1.53677226e-07 
 3.05700000e-04  1.53256575e-07 
 3.05800000e-04  1.53022613e-07 
 3.05900000e-04  1.52843733e-07 
 3.06000000e-04  1.52721638e-07 
 3.06100000e-04  1.69155583e-07 
 3.06200000e-04  1.68869619e-07 
 3.06300000e-04  1.68764084e-07 
 3.06400000e-04  1.68670531e-07 
 3.06500000e-04  1.68637383e-07 
 3.06600000e-04  1.57444954e-07 
 3.06700000e-04  1.57056659e-07 
 3.06800000e-04  1.56853988e-07 
 3.06900000e-04  1.56717717e-07 
 3.07000000e-04  1.56649907e-07 
 3.07100000e-04  1.67864582e-07 
 3.07200000e-04  1.67616452e-07 
 3.07300000e-04  1.67533065e-07 
 3.07400000e-04  1.67460387e-07 
 3.07500000e-04  1.67424381e-07 
 3.07600000e-04  1.53719211e-07 
 3.07700000e-04  1.53269793e-07 
 3.07800000e-04  1.53021696e-07 
 3.07900000e-04  1.52838251e-07 
 3.08000000e-04  1.52721420e-07 
 3.08100000e-04  1.70569098e-07 
 3.08200000e-04  1.70062594e-07 
 3.08300000e-04  1.69891131e-07 
 3.08400000e-04  1.69803929e-07 
 3.08500000e-04  1.69743953e-07 
 3.08600000e-04  1.56778984e-07 
 3.08700000e-04  1.56243373e-07 
 3.08800000e-04  1.55980810e-07 
 3.08900000e-04  1.55795103e-07 
 3.09000000e-04  1.55687848e-07 
 3.09100000e-04  1.03755328e-04 
 3.09200000e-04  1.03754913e-04 
 3.09300000e-04  1.03754796e-04 
 3.09400000e-04  1.03754699e-04 
 3.09500000e-04  1.03754654e-04 
 3.09600000e-04  1.03740922e-04 
 3.09700000e-04  1.03740468e-04 
 3.09800000e-04  1.03740222e-04 
 3.09900000e-04  1.03740042e-04 
 3.10000000e-04  1.03739931e-04 
 3.10100000e-04  1.72007194e-07 
 3.10200000e-04  1.71464728e-07 
 3.10300000e-04  1.71290868e-07 
 3.10400000e-04  1.71141192e-07 
 3.10500000e-04  1.71074836e-07 
 3.10600000e-04  1.62448233e-07 
 3.10700000e-04  1.62054346e-07 
 3.10800000e-04  1.61868631e-07 
 3.10900000e-04  1.61748088e-07 
 3.11000000e-04  1.61694736e-07 
 3.11100000e-04  1.68807198e-07 
 3.11200000e-04  1.68408210e-07 
 3.11300000e-04  1.68261906e-07 
 3.11400000e-04  1.68132849e-07 
 3.11500000e-04  1.68070526e-07 
 3.11600000e-04  1.54401175e-07 
 3.11700000e-04  1.53835025e-07 
 3.11800000e-04  1.53578267e-07 
 3.11900000e-04  1.53386179e-07 
 3.12000000e-04  1.53260759e-07 
 3.12100000e-04  1.69215812e-07 
 3.12200000e-04  1.69023666e-07 
 3.12300000e-04  1.68938524e-07 
 3.12400000e-04  1.68860803e-07 
 3.12500000e-04  1.68810369e-07 
 3.12600000e-04  1.56262533e-07 
 3.12700000e-04  1.55885177e-07 
 3.12800000e-04  1.55696016e-07 
 3.12900000e-04  1.55563341e-07 
 3.13000000e-04  1.55488895e-07 
 3.13100000e-04  1.68963629e-07 
 3.13200000e-04  1.68735015e-07 
 3.13300000e-04  1.68650702e-07 
 3.13400000e-04  1.68576893e-07 
 3.13500000e-04  1.68543953e-07 
 3.13600000e-04  1.54748269e-07 
 3.13700000e-04  1.54346763e-07 
 3.13800000e-04  1.54105590e-07 
 3.13900000e-04  1.53927302e-07 
 3.14000000e-04  1.53813843e-07 
 3.14100000e-04  1.70315119e-07 
 3.14200000e-04  1.70020920e-07 
 3.14300000e-04  1.69918114e-07 
 3.14400000e-04  1.69828216e-07 
 3.14500000e-04  1.69762087e-07 
 3.14600000e-04  1.58523239e-07 
 3.14700000e-04  1.58137963e-07 
 3.14800000e-04  1.57953913e-07 
 3.14900000e-04  1.57822501e-07 
 3.15000000e-04  1.57745342e-07 
 3.15100000e-04  1.69021100e-07 
 3.15200000e-04  1.68752362e-07 
 3.15300000e-04  1.68666398e-07 
 3.15400000e-04  1.68593010e-07 
 3.15500000e-04  1.68569036e-07 
 3.15600000e-04  1.54806791e-07 
 3.15700000e-04  1.54348765e-07 
 3.15800000e-04  1.54104977e-07 
 3.15900000e-04  1.53920323e-07 
 3.16000000e-04  1.53796625e-07 
 3.16100000e-04  1.69791684e-07 
 3.16200000e-04  1.69599771e-07 
 3.16300000e-04  1.69521075e-07 
 3.16400000e-04  1.69450894e-07 
 3.16500000e-04  1.69402503e-07 
 3.16600000e-04  1.56838426e-07 
 3.16700000e-04  1.56469974e-07 
 3.16800000e-04  1.56270822e-07 
 3.16900000e-04  1.56128299e-07 
 3.17000000e-04  1.56044150e-07 
 3.17100000e-04  1.69541870e-07 
 3.17200000e-04  1.69324973e-07 
 3.17300000e-04  1.69243543e-07 
 3.17400000e-04  1.69171465e-07 
 3.17500000e-04  1.69149870e-07 
 3.17600000e-04  1.55322699e-07 
 3.17700000e-04  1.54904736e-07 
 3.17800000e-04  1.54679343e-07 
 3.17900000e-04  1.54511653e-07 
 3.18000000e-04  1.54403441e-07 
 3.18100000e-04  1.71459738e-07 
 3.18200000e-04  1.71052992e-07 
 3.18300000e-04  1.70917491e-07 
 3.18400000e-04  1.70800586e-07 
 3.18500000e-04  1.70745225e-07 
 3.18600000e-04  1.60745615e-07 
 3.18700000e-04  1.60386207e-07 
 3.18800000e-04  1.60199315e-07 
 3.18900000e-04  1.60076817e-07 
 3.19000000e-04  1.60020697e-07 
 3.19100000e-04  1.69144449e-07 
 3.19200000e-04  1.68859572e-07 
 3.19300000e-04  1.68751802e-07 
 3.19400000e-04  1.68655189e-07 
 3.19500000e-04  1.68614809e-07 
 3.19600000e-04  1.54871764e-07 
 3.19700000e-04  1.54358669e-07 
 3.19800000e-04  1.54119421e-07 
 3.19900000e-04  1.53935480e-07 
 3.20000000e-04  1.53808545e-07 
 3.20100000e-04  1.69809313e-07 
 3.20200000e-04  1.69628004e-07 
 3.20300000e-04  1.69535439e-07 
 3.20400000e-04  1.69448889e-07 
 3.20500000e-04  1.69422444e-07 
 3.20600000e-04  1.56847679e-07 
 3.20700000e-04  1.56470127e-07 
 3.20800000e-04  1.56282048e-07 
 3.20900000e-04  1.56143328e-07 
 3.21000000e-04  1.56055476e-07 
 3.21100000e-04  1.69571601e-07 
 3.21200000e-04  1.69323534e-07 
 3.21300000e-04  1.69250478e-07 
 3.21400000e-04  1.69191114e-07 
 3.21500000e-04  1.69145268e-07 
 3.21600000e-04  1.55325610e-07 
 3.21700000e-04  1.54915946e-07 
 3.21800000e-04  1.54690637e-07 
 3.21900000e-04  1.54513755e-07 
 3.22000000e-04  1.54386779e-07 
 3.22100000e-04  1.70942357e-07 
 3.22200000e-04  1.70636601e-07 
 3.22300000e-04  1.70529689e-07 
 3.22400000e-04  1.70436643e-07 
 3.22500000e-04  1.70369897e-07 
 3.22600000e-04  1.59088881e-07 
 3.22700000e-04  1.58712205e-07 
 3.22800000e-04  1.58522512e-07 
 3.22900000e-04  1.58390621e-07 
 3.23000000e-04  1.58318308e-07 
 3.23100000e-04  1.69632751e-07 
 3.23200000e-04  1.69392083e-07 
 3.23300000e-04  1.69298368e-07 
 3.23400000e-04  1.69213605e-07 
 3.23500000e-04  1.69177127e-07 
 3.23600000e-04  1.55384857e-07 
 3.23700000e-04  1.54932378e-07 
 3.23800000e-04  1.54694127e-07 
 3.23900000e-04  1.54512869e-07 
 3.24000000e-04  1.54390351e-07 
 3.24100000e-04  1.70401996e-07 
 3.24200000e-04  1.70225505e-07 
 3.24300000e-04  1.70141915e-07 
 3.24400000e-04  1.70064366e-07 
 3.24500000e-04  1.70015828e-07 
 3.24600000e-04  1.57410720e-07 
 3.24700000e-04  1.57058236e-07 
 3.24800000e-04  1.56860156e-07 
 3.24900000e-04  1.56724722e-07 
 3.25000000e-04  1.56653860e-07 
 3.25100000e-04  1.70172178e-07 
 3.25200000e-04  1.69935966e-07 
 3.25300000e-04  1.69857023e-07 
 3.25400000e-04  1.69789555e-07 
 3.25500000e-04  1.69763284e-07 
 3.25600000e-04  1.55926757e-07 
 3.25700000e-04  1.55502840e-07 
 3.25800000e-04  1.55269975e-07 
 3.25900000e-04  1.55097283e-07 
 3.26000000e-04  1.54986610e-07 
 3.26100000e-04  1.73664399e-07 
 3.26200000e-04  1.72934258e-07 
 3.26300000e-04  1.72717767e-07 
 3.26400000e-04  1.72535403e-07 
 3.26500000e-04  1.72448189e-07 
 3.26600000e-04  1.66330023e-07 
 3.26700000e-04  1.65941107e-07 
 3.26800000e-04  1.65782157e-07 
 3.26900000e-04  1.65683977e-07 
 3.27000000e-04  1.65648430e-07 
 3.27100000e-04  1.68948433e-07 
 3.27200000e-04  1.68003661e-07 
 3.27300000e-04  1.67756474e-07 
 3.27400000e-04  1.67553436e-07 
 3.27500000e-04  1.67486226e-07 
 3.27600000e-04  1.53887639e-07 
 3.27700000e-04  1.53253291e-07 
 3.27800000e-04  1.52976510e-07 
 3.27900000e-04  1.52778245e-07 
 3.28000000e-04  1.52660922e-07 
 3.28100000e-04  1.68598192e-07 
 3.28200000e-04  1.68413541e-07 
 3.28300000e-04  1.68325104e-07 
 3.28400000e-04  1.68243190e-07 
 3.28500000e-04  1.68206193e-07 
 3.28600000e-04  1.55671952e-07 
 3.28700000e-04  1.55293593e-07 
 3.28800000e-04  1.55103221e-07 
 3.28900000e-04  1.54961860e-07 
 3.29000000e-04  1.54871001e-07 
 3.29100000e-04  1.68322365e-07 
 3.29200000e-04  1.68102365e-07 
 3.29300000e-04  1.68020783e-07 
 3.29400000e-04  1.67948775e-07 
 3.29500000e-04  1.67915529e-07 
 3.29600000e-04  1.54157631e-07 
 3.29700000e-04  1.53742198e-07 
 3.29800000e-04  1.53498961e-07 
 3.29900000e-04  1.53318547e-07 
 3.30000000e-04  1.53202887e-07 
 3.30100000e-04  1.69699690e-07 
 3.30200000e-04  1.69399973e-07 
 3.30300000e-04  1.69294593e-07 
 3.30400000e-04  1.69203072e-07 
 3.30500000e-04  1.69164439e-07 
 3.30600000e-04  1.57925566e-07 
 3.30700000e-04  1.57546306e-07 
 3.30800000e-04  1.57347057e-07 
 3.30900000e-04  1.57208402e-07 
 3.31000000e-04  1.57132192e-07 
 3.31100000e-04  1.68392837e-07 
 3.31200000e-04  1.68140782e-07 
 3.31300000e-04  1.68049211e-07 
 3.31400000e-04  1.67968032e-07 
 3.31500000e-04  1.67934715e-07 
 3.31600000e-04  1.54204588e-07 
 3.31700000e-04  1.53741392e-07 
 3.31800000e-04  1.53508057e-07 
 3.31900000e-04  1.53324997e-07 
 3.32000000e-04  1.53193740e-07 
 3.32100000e-04  1.69158972e-07 
 3.32200000e-04  1.68972938e-07 
 3.32300000e-04  1.68897111e-07 
 3.32400000e-04  1.68829347e-07 
 3.32500000e-04  1.68777773e-07 
 3.32600000e-04  1.56248482e-07 
 3.32700000e-04  1.55876874e-07 
 3.32800000e-04  1.55678269e-07 
 3.32900000e-04  1.55535756e-07 
 3.33000000e-04  1.55451046e-07 
 3.33100000e-04  1.68915344e-07 
 3.33200000e-04  1.68712189e-07 
 3.33300000e-04  1.68631074e-07 
 3.33400000e-04  1.68557979e-07 
 3.33500000e-04  1.68517168e-07 
 3.33600000e-04  1.54729215e-07 
 3.33700000e-04  1.54304638e-07 
 3.33800000e-04  1.54083144e-07 
 3.33900000e-04  1.53908469e-07 
 3.34000000e-04  1.53782029e-07 
 3.34100000e-04  1.70827843e-07 
 3.34200000e-04  1.70422184e-07 
 3.34300000e-04  1.70293556e-07 
 3.34400000e-04  1.70183901e-07 
 3.34500000e-04  1.70117051e-07 
 3.34600000e-04  1.60174731e-07 
 3.34700000e-04  1.59775135e-07 
 3.34800000e-04  1.59597154e-07 
 3.34900000e-04  1.59473978e-07 
 3.35000000e-04  1.59407273e-07 
 3.35100000e-04  1.68510232e-07 
 3.35200000e-04  1.68207846e-07 
 3.35300000e-04  1.68104674e-07 
 3.35400000e-04  1.68014729e-07 
 3.35500000e-04  1.67986601e-07 
 3.35600000e-04  1.54271244e-07 
 3.35700000e-04  1.53780780e-07 
 3.35800000e-04  1.53527405e-07 
 3.35900000e-04  1.53335361e-07 
 3.36000000e-04  1.53206525e-07 
 3.36100000e-04  1.69182750e-07 
 3.36200000e-04  1.68997895e-07 
 3.36300000e-04  1.68914871e-07 
 3.36400000e-04  1.68839162e-07 
 3.36500000e-04  1.68789533e-07 
 3.36600000e-04  1.56247302e-07 
 3.36700000e-04  1.55863333e-07 
 3.36800000e-04  1.55681879e-07 
 3.36900000e-04  1.55548379e-07 
 3.37000000e-04  1.55464283e-07 
 3.37100000e-04  1.68926855e-07 
 3.37200000e-04  1.68702981e-07 
 3.37300000e-04  1.68625222e-07 
 3.37400000e-04  1.68557843e-07 
 3.37500000e-04  1.68528221e-07 
 3.37600000e-04  1.54738355e-07 
 3.37700000e-04  1.54312840e-07 
 3.37800000e-04  1.54079974e-07 
 3.37900000e-04  1.53907153e-07 
 3.38000000e-04  1.53796206e-07 
 3.38100000e-04  1.70310529e-07 
 3.38200000e-04  1.70008639e-07 
 3.38300000e-04  1.69904438e-07 
 3.38400000e-04  1.69814283e-07 
 3.38500000e-04  1.69761013e-07 
 3.38600000e-04  1.58489443e-07 
 3.38700000e-04  1.58121497e-07 
 3.38800000e-04  1.57928646e-07 
 3.38900000e-04  1.57794158e-07 
 3.39000000e-04  1.57719812e-07 
 3.39100000e-04  1.69008544e-07 
 3.39200000e-04  1.68755388e-07 
 3.39300000e-04  1.68663849e-07 
 3.39400000e-04  1.68582933e-07 
 3.39500000e-04  1.68560486e-07 
 3.39600000e-04  1.54776227e-07 
 3.39700000e-04  1.54334693e-07 
 3.39800000e-04  1.54088255e-07 
 3.39900000e-04  1.53905186e-07 
 3.40000000e-04  1.53787422e-07 
 3.40100000e-04  1.69782481e-07 
 3.40200000e-04  1.69588446e-07 
 3.40300000e-04  1.69510401e-07 
 3.40400000e-04  1.69440867e-07 
 3.40500000e-04  1.69403725e-07 
 3.40600000e-04  1.56836651e-07 
 3.40700000e-04  1.56463618e-07 
 3.40800000e-04  1.56266818e-07 
 3.40900000e-04  1.56127257e-07 
 3.41000000e-04  1.56046674e-07 
 3.41100000e-04  1.69539408e-07 
 3.41200000e-04  1.69312478e-07 
 3.41300000e-04  1.69232151e-07 
 3.41400000e-04  1.69162043e-07 
 3.41500000e-04  1.69138484e-07 
 3.41600000e-04  1.55319490e-07 
 3.41700000e-04  1.54891872e-07 
 3.41800000e-04  1.54665678e-07 
 3.41900000e-04  1.54495601e-07 
 3.42000000e-04  1.54383343e-07 
 3.42100000e-04  1.71980291e-07 
 3.42200000e-04  1.71472534e-07 
 3.42300000e-04  1.71306302e-07 
 3.42400000e-04  1.71162641e-07 
 3.42500000e-04  1.71093780e-07 
 3.42600000e-04  1.62404821e-07 
 3.42700000e-04  1.62030917e-07 
 3.42800000e-04  1.61849133e-07 
 3.42900000e-04  1.61732264e-07 
 3.43000000e-04  1.61682294e-07 
 3.43100000e-04  1.68803933e-07 
 3.43200000e-04  1.68407308e-07 
 3.43300000e-04  1.68261098e-07 
 3.43400000e-04  1.68131752e-07 
 3.43500000e-04  1.68059045e-07 
 3.43600000e-04  1.54381433e-07 
 3.43700000e-04  1.53843384e-07 
 3.43800000e-04  1.53567847e-07 
 3.43900000e-04  1.53362744e-07 
 3.44000000e-04  1.53230229e-07 
 3.44100000e-04  1.69213977e-07 
 3.44200000e-04  1.69026397e-07 
 3.44300000e-04  1.68935489e-07 
 3.44400000e-04  1.68851325e-07 
 3.44500000e-04  1.68800965e-07 
 3.44600000e-04  1.56261570e-07 
 3.44700000e-04  1.55889361e-07 
 3.44800000e-04  1.55694598e-07 
 3.44900000e-04  1.55554570e-07 
 3.45000000e-04  1.55470932e-07 
 3.45100000e-04  1.68934254e-07 
 3.45200000e-04  1.68710366e-07 
 3.45300000e-04  1.68636553e-07 
 3.45400000e-04  1.68573376e-07 
 3.45500000e-04  1.68538628e-07 
 3.45600000e-04  1.54747718e-07 
 3.45700000e-04  1.54328828e-07 
 3.45800000e-04  1.54092483e-07 
 3.45900000e-04  1.53911026e-07 
 3.46000000e-04  1.53786113e-07 
 3.46100000e-04  1.70322243e-07 
 3.46200000e-04  1.70013239e-07 
 3.46300000e-04  1.69910145e-07 
 3.46400000e-04  1.69821654e-07 
 3.46500000e-04  1.69754217e-07 
 3.46600000e-04  1.58500241e-07 
 3.46700000e-04  1.58130561e-07 
 3.46800000e-04  1.57940302e-07 
 3.46900000e-04  1.57807606e-07 
 3.47000000e-04  1.57734213e-07 
 3.47100000e-04  1.69018732e-07 
 3.47200000e-04  1.68752771e-07 
 3.47300000e-04  1.68663068e-07 
 3.47400000e-04  1.68585499e-07 
 3.47500000e-04  1.68556546e-07 
 3.47600000e-04  1.54791342e-07 
 3.47700000e-04  1.54320020e-07 
 3.47800000e-04  1.54088414e-07 
 3.47900000e-04  1.53909290e-07 
 3.48000000e-04  1.53784233e-07 
 3.48100000e-04  1.69779814e-07 
 3.48200000e-04  1.69599509e-07 
 3.48300000e-04  1.69517691e-07 
 3.48400000e-04  1.69442492e-07 
 3.48500000e-04  1.69395422e-07 
 3.48600000e-04  1.56826068e-07 
 3.48700000e-04  1.56459610e-07 
 3.48800000e-04  1.56264898e-07 
 3.48900000e-04  1.56124007e-07 
 3.49000000e-04  1.56038563e-07 
 3.49100000e-04  1.69545621e-07 
 3.49200000e-04  1.69324549e-07 
 3.49300000e-04  1.69248534e-07 
 3.49400000e-04  1.69182817e-07 
 3.49500000e-04  1.69130950e-07 
 3.49600000e-04  1.55319089e-07 
 3.49700000e-04  1.54890039e-07 
 3.49800000e-04  1.54665894e-07 
 3.49900000e-04  1.54499506e-07 
 3.50000000e-04  1.54392625e-07 
 3.50100000e-04  1.71450681e-07 
 3.50200000e-04  1.71048180e-07 
 3.50300000e-04  1.70913476e-07 
 3.50400000e-04  1.70796514e-07 
 3.50500000e-04  1.70748620e-07 
 3.50600000e-04  1.60755834e-07 
 3.50700000e-04  1.60366427e-07 
 3.50800000e-04  1.60190097e-07 
 3.50900000e-04  1.60070606e-07 
 3.51000000e-04  1.60009671e-07 
 3.51100000e-04  1.69135988e-07 
 3.51200000e-04  1.68834822e-07 
 3.51300000e-04  1.68735096e-07 
 3.51400000e-04  1.68648683e-07 
 3.51500000e-04  1.68608963e-07 
 3.51600000e-04  1.54871257e-07 
 3.51700000e-04  1.54375796e-07 
 3.51800000e-04  1.54116997e-07 
 3.51900000e-04  1.53928955e-07 
 3.52000000e-04  1.53813826e-07 
 3.52100000e-04  1.69808309e-07 
 3.52200000e-04  1.69602748e-07 
 3.52300000e-04  1.69519623e-07 
 3.52400000e-04  1.69445682e-07 
 3.52500000e-04  1.69400336e-07 
 3.52600000e-04  1.56829196e-07 
 3.52700000e-04  1.56471616e-07 
 3.52800000e-04  1.56273243e-07 
 3.52900000e-04  1.56130457e-07 
 3.53000000e-04  1.56044933e-07 
 3.53100000e-04  1.69542663e-07 
 3.53200000e-04  1.69313571e-07 
 3.53300000e-04  1.69237235e-07 
 3.53400000e-04  1.69171911e-07 
 3.53500000e-04  1.69153180e-07 
 3.53600000e-04  1.55316659e-07 
 3.53700000e-04  1.54913721e-07 
 3.53800000e-04  1.54682518e-07 
 3.53900000e-04  1.54507419e-07 
 3.54000000e-04  1.54390115e-07 
 3.54100000e-04  1.70928273e-07 
 3.54200000e-04  1.70625924e-07 
 3.54300000e-04  1.70518936e-07 
 3.54400000e-04  1.70425697e-07 
 3.54500000e-04  1.70386009e-07 
 3.54600000e-04  1.59092732e-07 
 3.54700000e-04  1.58707999e-07 
 3.54800000e-04  1.58522632e-07 
 3.54900000e-04  1.58394782e-07 
 3.55000000e-04  1.58326186e-07 
 3.55100000e-04  1.69629777e-07 
 3.55200000e-04  1.69381922e-07 
 3.55300000e-04  1.69285806e-07 
 3.55400000e-04  1.69199229e-07 
 3.55500000e-04  1.69162629e-07 
 3.55600000e-04  1.55376679e-07 
 3.55700000e-04  1.54931634e-07 
 3.55800000e-04  1.54692100e-07 
 3.55900000e-04  1.54509794e-07 
 3.56000000e-04  1.54386443e-07 
 3.56100000e-04  1.70397030e-07 
 3.56200000e-04  1.70211242e-07 
 3.56300000e-04  1.70132664e-07 
 3.56400000e-04  1.70061484e-07 
 3.56500000e-04  1.70024401e-07 
 3.56600000e-04  1.57412178e-07 
 3.56700000e-04  1.57045047e-07 
 3.56800000e-04  1.56853763e-07 
 3.56900000e-04  1.56716039e-07 
 3.57000000e-04  1.56633487e-07 
 3.57100000e-04  1.70175649e-07 
 3.57200000e-04  1.69934329e-07 
 3.57300000e-04  1.69857974e-07 
 3.57400000e-04  1.69794115e-07 
 3.57500000e-04  1.69769768e-07 
 3.57600000e-04  1.55906226e-07 
 3.57700000e-04  1.55506097e-07 
 3.57800000e-04  1.55277677e-07 
 3.57900000e-04  1.55100801e-07 
 3.58000000e-04  1.54977009e-07 
 3.58100000e-04  1.73133340e-07 
 3.58200000e-04  1.72523319e-07 
 3.58300000e-04  1.72331696e-07 
 3.58400000e-04  1.72167599e-07 
 3.58500000e-04  1.72074493e-07 
 3.58600000e-04  1.64655167e-07 
 3.58700000e-04  1.64293826e-07 
 3.58800000e-04  1.64111075e-07 
 3.58900000e-04  1.64000656e-07 
 3.59000000e-04  1.63964772e-07 
 3.59100000e-04  1.69432098e-07 
 3.59200000e-04  1.68653464e-07 
 3.59300000e-04  1.68404253e-07 
 3.59400000e-04  1.68190611e-07 
 3.59500000e-04  1.68098345e-07 
 3.59600000e-04  1.54450155e-07 
 3.59700000e-04  1.53864352e-07 
 3.59800000e-04  1.53585346e-07 
 3.59900000e-04  1.53379266e-07 
 3.60000000e-04  1.53248333e-07 
 3.60100000e-04  1.69221368e-07 
 3.60200000e-04  1.69044028e-07 
 3.60300000e-04  1.68951416e-07 
 3.60400000e-04  1.68864142e-07 
 3.60500000e-04  1.68830857e-07 
 3.60600000e-04  1.56271883e-07 
 3.60700000e-04  1.55883266e-07 
 3.60800000e-04  1.55697463e-07 
 3.60900000e-04  1.55560082e-07 
 3.61000000e-04  1.55472568e-07 
 3.61100000e-04  1.68952637e-07 
 3.61200000e-04  1.68727346e-07 
 3.61300000e-04  1.68649052e-07 
 3.61400000e-04  1.68581105e-07 
 3.61500000e-04  1.68557290e-07 
 3.61600000e-04  1.54739120e-07 
 3.61700000e-04  1.54321568e-07 
 3.61800000e-04  1.54095828e-07 
 3.61900000e-04  1.53923321e-07 
 3.62000000e-04  1.53805638e-07 
 3.62100000e-04  1.70324847e-07 
 3.62200000e-04  1.70039433e-07 
 3.62300000e-04  1.69926846e-07 
 3.62400000e-04  1.69825734e-07 
 3.62500000e-04  1.69761967e-07 
 3.62600000e-04  1.58499215e-07 
 3.62700000e-04  1.58124356e-07 
 3.62800000e-04  1.57931994e-07 
 3.62900000e-04  1.57806160e-07 
 3.63000000e-04  1.57748868e-07 
 3.63100000e-04  1.69016658e-07 
 3.63200000e-04  1.68751448e-07 
 3.63300000e-04  1.68666501e-07 
 3.63400000e-04  1.68593896e-07 
 3.63500000e-04  1.68566161e-07 
 3.63600000e-04  1.54799599e-07 
 3.63700000e-04  1.54347428e-07 
 3.63800000e-04  1.54099338e-07 
 3.63900000e-04  1.53916262e-07 
 3.64000000e-04  1.53800167e-07 
 3.64100000e-04  1.69782887e-07 
 3.64200000e-04  1.69607753e-07 
 3.64300000e-04  1.69516866e-07 
 3.64400000e-04  1.69431620e-07 
 3.64500000e-04  1.69403525e-07 
 3.64600000e-04  1.56833293e-07 
 3.64700000e-04  1.56461414e-07 
 3.64800000e-04  1.56266828e-07 
 3.64900000e-04  1.56132706e-07 
 3.65000000e-04  1.56060869e-07 
 3.65100000e-04  1.69548323e-07 
 3.65200000e-04  1.69323406e-07 
 3.65300000e-04  1.69240843e-07 
 3.65400000e-04  1.69168495e-07 
 3.65500000e-04  1.69144817e-07 
 3.65600000e-04  1.55329917e-07 
 3.65700000e-04  1.54897120e-07 
 3.65800000e-04  1.54675814e-07 
 3.65900000e-04  1.54507643e-07 
 3.66000000e-04  1.54394190e-07 
 3.66100000e-04  1.71452760e-07 
 3.66200000e-04  1.71051695e-07 
 3.66300000e-04  1.70915805e-07 
 3.66400000e-04  1.70797441e-07 
 3.66500000e-04  1.70730860e-07 
 3.66600000e-04  1.60752669e-07 
 3.66700000e-04  1.60383405e-07 
 3.66800000e-04  1.60189209e-07 
 3.66900000e-04  1.60065414e-07 
 3.67000000e-04  1.60014153e-07 
 3.67100000e-04  1.69141110e-07 
 3.67200000e-04  1.68845336e-07 
 3.67300000e-04  1.68740527e-07 
 3.67400000e-04  1.68648367e-07 
 3.67500000e-04  1.68607525e-07 
 3.67600000e-04  1.54871533e-07 
 3.67700000e-04  1.54354911e-07 
 3.67800000e-04  1.54113667e-07 
 3.67900000e-04  1.53928405e-07 
 3.68000000e-04  1.53800800e-07 
 3.68100000e-04  1.69809504e-07 
 3.68200000e-04  1.69633776e-07 
 3.68300000e-04  1.69546715e-07 
 3.68400000e-04  1.69465562e-07 
 3.68500000e-04  1.69419746e-07 
 3.68600000e-04  1.56841921e-07 
 3.68700000e-04  1.56468877e-07 
 3.68800000e-04  1.56264546e-07 
 3.68900000e-04  1.56129446e-07 
 3.69000000e-04  1.56065667e-07 
 3.69100000e-04  1.69547540e-07 
 3.69200000e-04  1.69329846e-07 
 3.69300000e-04  1.69245755e-07 
 3.69400000e-04  1.69170927e-07 
 3.69500000e-04  1.69142854e-07 
 3.69600000e-04  1.55339024e-07 
 3.69700000e-04  1.54912718e-07 
 3.69800000e-04  1.54678717e-07 
 3.69900000e-04  1.54506910e-07 
 3.70000000e-04  1.54399165e-07 
 3.70100000e-04  1.70942752e-07 
 3.70200000e-04  1.70641078e-07 
 3.70300000e-04  1.70530727e-07 
 3.70400000e-04  1.70433798e-07 
 3.70500000e-04  1.70380621e-07 
 3.70600000e-04  1.59087557e-07 
 3.70700000e-04  1.58707272e-07 
 3.70800000e-04  1.58527696e-07 
 3.70900000e-04  1.58397225e-07 
 3.71000000e-04  1.58317311e-07 
 3.71100000e-04  1.69629157e-07 
 3.71200000e-04  1.69370779e-07 
 3.71300000e-04  1.69274366e-07 
 3.71400000e-04  1.69188312e-07 
 3.71500000e-04  1.69162563e-07 
 3.71600000e-04  1.55387612e-07 
 3.71700000e-04  1.54930934e-07 
 3.71800000e-04  1.54684050e-07 
 3.71900000e-04  1.54505006e-07 
 3.72000000e-04  1.54395851e-07 
 3.72100000e-04  1.70411881e-07 
 3.72200000e-04  1.70229059e-07 
 3.72300000e-04  1.70144861e-07 
 3.72400000e-04  1.70067479e-07 
 3.72500000e-04  1.70016997e-07 
 3.72600000e-04  1.57411084e-07 
 3.72700000e-04  1.57057603e-07 
 3.72800000e-04  1.56865998e-07 
 3.72900000e-04  1.56723323e-07 
 3.73000000e-04  1.56631023e-07 
 3.73100000e-04  1.70171058e-07 
 3.73200000e-04  1.69939619e-07 
 3.73300000e-04  1.69860930e-07 
 3.73400000e-04  1.69793133e-07 
 3.73500000e-04  1.69749969e-07 
 3.73600000e-04  1.55901941e-07 
 3.73700000e-04  1.55489449e-07 
 3.73800000e-04  1.55265244e-07 
 3.73900000e-04  1.55095857e-07 
 3.74000000e-04  1.54982919e-07 
 3.74100000e-04  1.72604272e-07 
 3.74200000e-04  1.72106168e-07 
 3.74300000e-04  1.71935813e-07 
 3.74400000e-04  1.71786881e-07 
 3.74500000e-04  1.71716279e-07 
 3.74600000e-04  1.63004255e-07 
 3.74700000e-04  1.62635873e-07 
 3.74800000e-04  1.62452144e-07 
 3.74900000e-04  1.62336779e-07 
 3.75000000e-04  1.62291839e-07 
 3.75100000e-04  1.69426668e-07 
 3.75200000e-04  1.69035484e-07 
 3.75300000e-04  1.68883171e-07 
 3.75400000e-04  1.68746623e-07 
 3.75500000e-04  1.68678644e-07 
 3.75600000e-04  1.54977251e-07 
 3.75700000e-04  1.54412597e-07 
 3.75800000e-04  1.54160264e-07 
 3.75900000e-04  1.53969889e-07 
 3.76000000e-04  1.53843327e-07 
 3.76100000e-04  1.69842257e-07 
 3.76200000e-04  1.69641293e-07 
 3.76300000e-04  1.69550888e-07 
 3.76400000e-04  1.69468591e-07 
 3.76500000e-04  1.69419279e-07 
 3.76600000e-04  1.56851299e-07 
 3.76700000e-04  1.56480581e-07 
 3.76800000e-04  1.56285370e-07 
 3.76900000e-04  1.56146184e-07 
 3.77000000e-04  1.56064687e-07 
 3.77100000e-04  1.69580694e-07 
 3.77200000e-04  1.69341167e-07 
 3.77300000e-04  1.69253237e-07 
 3.77400000e-04  1.69176796e-07 
 3.77500000e-04  1.69146566e-07 
 3.77600000e-04  1.55332548e-07 
 3.77700000e-04  1.54903929e-07 
 3.77800000e-04  1.54681035e-07 
 3.77900000e-04  1.54513674e-07 
 3.78000000e-04  1.54403496e-07 
 3.78100000e-04  1.70934440e-07 
 3.78200000e-04  1.70639211e-07 
 3.78300000e-04  1.70529393e-07 
 3.78400000e-04  1.70432276e-07 
 3.78500000e-04  1.70382084e-07 
 3.78600000e-04  1.59086095e-07 
 3.78700000e-04  1.58709172e-07 
 3.78800000e-04  1.58522196e-07 
 3.78900000e-04  1.58395475e-07 
 3.79000000e-04  1.58330808e-07 
 3.79100000e-04  1.69634156e-07 
 3.79200000e-04  1.69372038e-07 
 3.79300000e-04  1.69280123e-07 
 3.79400000e-04  1.69199515e-07 
 3.79500000e-04  1.69181295e-07 
 3.79600000e-04  1.55390839e-07 
 3.79700000e-04  1.54920775e-07 
 3.79800000e-04  1.54692541e-07 
 3.79900000e-04  1.54521048e-07 
 3.80000000e-04  1.54407983e-07 
 3.80100000e-04  1.70420628e-07 
 3.80200000e-04  1.70220642e-07 
 3.80300000e-04  1.70134659e-07 
 3.80400000e-04  1.70057283e-07 
 3.80500000e-04  1.70020559e-07 
 3.80600000e-04  1.57432702e-07 
 3.80700000e-04  1.57041796e-07 
 3.80800000e-04  1.56852395e-07 
 3.80900000e-04  1.56715780e-07 
 3.81000000e-04  1.56633510e-07 
 3.81100000e-04  1.70181557e-07 
 3.81200000e-04  1.69947182e-07 
 3.81300000e-04  1.69864820e-07 
 3.81400000e-04  1.69793565e-07 
 3.81500000e-04  1.69750434e-07 
 3.81600000e-04  1.55920698e-07 
 3.81700000e-04  1.55488530e-07 
 3.81800000e-04  1.55262194e-07 
 3.81900000e-04  1.55096522e-07 
 3.82000000e-04  1.54993323e-07 
 3.82100000e-04  1.72080419e-07 
 3.82200000e-04  1.71683772e-07 
 3.82300000e-04  1.71541160e-07 
 3.82400000e-04  1.71414848e-07 
 3.82500000e-04  1.71347454e-07 
 3.82600000e-04  1.61341037e-07 
 3.82700000e-04  1.60963435e-07 
 3.82800000e-04  1.60789014e-07 
 3.82900000e-04  1.60668103e-07 
 3.83000000e-04  1.60602285e-07 
 3.83100000e-04  1.69761361e-07 
 3.83200000e-04  1.69458925e-07 
 3.83300000e-04  1.69348152e-07 
 3.83400000e-04  1.69249973e-07 
 3.83500000e-04  1.69218411e-07 
 3.83600000e-04  1.55459961e-07 
 3.83700000e-04  1.54946234e-07 
 3.83800000e-04  1.54708305e-07 
 3.83900000e-04  1.54530991e-07 
 3.84000000e-04  1.54416092e-07 
 3.84100000e-04  1.70424357e-07 
 3.84200000e-04  1.70245972e-07 
 3.84300000e-04  1.70160293e-07 
 3.84400000e-04  1.70080721e-07 
 3.84500000e-04  1.70031122e-07 
 3.84600000e-04  1.57420112e-07 
 3.84700000e-04  1.57070156e-07 
 3.84800000e-04  1.56877712e-07 
 3.84900000e-04  1.56739067e-07 
 3.85000000e-04  1.56655807e-07 
 3.85100000e-04  1.70177489e-07 
 3.85200000e-04  1.69956354e-07 
 3.85300000e-04  1.69868734e-07 
 3.85400000e-04  1.69790090e-07 
 3.85500000e-04  1.69760931e-07 
 3.85600000e-04  1.55926258e-07 
 3.85700000e-04  1.55494670e-07 
 3.85800000e-04  1.55282595e-07 
 3.85900000e-04  1.55113508e-07 
 3.86000000e-04  1.54988660e-07 
 3.86100000e-04  1.71552065e-07 
 3.86200000e-04  1.71262198e-07 
 3.86300000e-04  1.71144599e-07 
 3.86400000e-04  1.71038165e-07 
 3.86500000e-04  1.71006687e-07 
 3.86600000e-04  1.59667822e-07 
 3.86700000e-04  1.59301237e-07 
 3.86800000e-04  1.59112990e-07 
 3.86900000e-04  1.58989938e-07 
 3.87000000e-04  1.58934030e-07 
 3.87100000e-04  1.70263572e-07 
 3.87200000e-04  1.69994693e-07 
 3.87300000e-04  1.69900879e-07 
 3.87400000e-04  1.69819013e-07 
 3.87500000e-04  1.69783419e-07 
 3.87600000e-04  1.55975928e-07 
 3.87700000e-04  1.55511533e-07 
 3.87800000e-04  1.55281690e-07 
 3.87900000e-04  1.55110428e-07 
 3.88000000e-04  1.54999485e-07 
 3.88100000e-04  1.71031790e-07 
 3.88200000e-04  1.70843101e-07 
 3.88300000e-04  1.70755513e-07 
 3.88400000e-04  1.70674971e-07 
 3.88500000e-04  1.70644623e-07 
 3.88600000e-04  1.58015673e-07 
 3.88700000e-04  1.57653010e-07 
 3.88800000e-04  1.57450122e-07 
 3.88900000e-04  1.57310511e-07 
 3.89000000e-04  1.57236062e-07 
 3.89100000e-04  1.70810821e-07 
 3.89200000e-04  1.70571437e-07 
 3.89300000e-04  1.70486934e-07 
 3.89400000e-04  1.70413796e-07 
 3.89500000e-04  1.70378240e-07 
 3.89600000e-04  1.56504856e-07 
 3.89700000e-04  1.56081237e-07 
 3.89800000e-04  1.55864210e-07 
 3.89900000e-04  1.55695790e-07 
 3.90000000e-04  1.55577398e-07 
 3.90100000e-04  1.74833198e-07 
 3.90200000e-04  1.73990035e-07 
 3.90300000e-04  1.73736286e-07 
 3.90400000e-04  1.73521662e-07 
 3.90500000e-04  1.73429610e-07 
 3.90600000e-04  1.68565347e-07 
 3.90700000e-04  1.68197859e-07 
 3.90800000e-04  1.68028048e-07 
 3.90900000e-04  1.67938408e-07 
 3.91000000e-04  1.67931361e-07 
 3.91100000e-04  1.69024678e-07 
 3.91200000e-04  1.68061880e-07 
 3.91300000e-04  1.67802078e-07 
 3.91400000e-04  1.67586527e-07 
 3.91500000e-04  1.67508125e-07 
 3.91600000e-04  1.53932834e-07 
 3.91700000e-04  1.53260021e-07 
 3.91800000e-04  1.52986692e-07 
 3.91900000e-04  1.52786288e-07 
 3.92000000e-04  1.52660999e-07 
 3.92100000e-04  1.68607565e-07 
 3.92200000e-04  1.68421534e-07 
 3.92300000e-04  1.68331633e-07 
 3.92400000e-04  1.68248325e-07 
 3.92500000e-04  1.68211618e-07 
 3.92600000e-04  1.55665790e-07 
 3.92700000e-04  1.55295787e-07 
 3.92800000e-04  1.55095420e-07 
 3.92900000e-04  1.54954225e-07 
 3.93000000e-04  1.54873950e-07 
 3.93100000e-04  1.68326872e-07 
 3.93200000e-04  1.68108867e-07 
 3.93300000e-04  1.68028458e-07 
 3.93400000e-04  1.67957674e-07 
 3.93500000e-04  1.67923206e-07 
 3.93600000e-04  1.54155731e-07 
 3.93700000e-04  1.53731380e-07 
 3.93800000e-04  1.53495712e-07 
 3.93900000e-04  1.53320518e-07 
 3.94000000e-04  1.53207589e-07 
 3.94100000e-04  1.69694471e-07 
 3.94200000e-04  1.69399150e-07 
 3.94300000e-04  1.69293314e-07 
 3.94400000e-04  1.69200711e-07 
 3.94500000e-04  1.69149049e-07 
 3.94600000e-04  1.57930395e-07 
 3.94700000e-04  1.57542615e-07 
 3.94800000e-04  1.57340315e-07 
 3.94900000e-04  1.57208964e-07 
 3.95000000e-04  1.57150682e-07 
 3.95100000e-04  1.68385777e-07 
 3.95200000e-04  1.68143395e-07 
 3.95300000e-04  1.68047234e-07 
 3.95400000e-04  1.67960056e-07 
 3.95500000e-04  1.67931733e-07 
 3.95600000e-04  1.54201839e-07 
 3.95700000e-04  1.53754601e-07 
 3.95800000e-04  1.53513107e-07 
 3.95900000e-04  1.53329379e-07 
 3.96000000e-04  1.53205118e-07 
 3.96100000e-04  1.69151600e-07 
 3.96200000e-04  1.68976746e-07 
 3.96300000e-04  1.68897747e-07 
 3.96400000e-04  1.68825324e-07 
 3.96500000e-04  1.68783578e-07 
 3.96600000e-04  1.56242462e-07 
 3.96700000e-04  1.55856411e-07 
 3.96800000e-04  1.55666727e-07 
 3.96900000e-04  1.55530444e-07 
 3.97000000e-04  1.55449124e-07 
 3.97100000e-04  1.68925153e-07 
 3.97200000e-04  1.68694388e-07 
 3.97300000e-04  1.68616640e-07 
 3.97400000e-04  1.68550132e-07 
 3.97500000e-04  1.68525491e-07 
 3.97600000e-04  1.54744763e-07 
 3.97700000e-04  1.54324766e-07 
 3.97800000e-04  1.54077203e-07 
 3.97900000e-04  1.53897022e-07 
 3.98000000e-04  1.53786230e-07 
 3.98100000e-04  1.70837599e-07 
 3.98200000e-04  1.70432919e-07 
 3.98300000e-04  1.70294606e-07 
 3.98400000e-04  1.70174321e-07 
 3.98500000e-04  1.70123752e-07 
 3.98600000e-04  1.60168131e-07 
 3.98700000e-04  1.59790187e-07 
 3.98800000e-04  1.59602707e-07 
 3.98900000e-04  1.59476757e-07 
 3.99000000e-04  1.59414157e-07 
 3.99100000e-04  1.68500118e-07 
 3.99200000e-04  1.68213286e-07 
 3.99300000e-04  1.68115400e-07 
 3.99400000e-04  1.68029861e-07 
 3.99500000e-04  1.67982833e-07 
 3.99600000e-04  1.54274433e-07 
 3.99700000e-04  1.53770997e-07 
 3.99800000e-04  1.53525525e-07 
 3.99900000e-04  1.53338360e-07 
 4.00000000e-04  1.53211221e-07 
 4.00100000e-04  1.69176351e-07 
 4.00200000e-04  1.68992166e-07 
 4.00300000e-04  1.68910719e-07 
 4.00400000e-04  1.68836396e-07 
 4.00500000e-04  1.68797448e-07 
 4.00600000e-04  1.56254671e-07 
 4.00700000e-04  1.55878734e-07 
 4.00800000e-04  1.55677891e-07 
 4.00900000e-04  1.55537017e-07 
 4.01000000e-04  1.55457881e-07 
 4.01100000e-04  1.68922803e-07 
 4.01200000e-04  1.68698012e-07 
 4.01300000e-04  1.68625326e-07 
 4.01400000e-04  1.68563731e-07 
 4.01500000e-04  1.68517688e-07 
 4.01600000e-04  1.54735803e-07 
 4.01700000e-04  1.54310139e-07 
 4.01800000e-04  1.54087596e-07 
 4.01900000e-04  1.53914557e-07 
 4.02000000e-04  1.53792458e-07 
 4.02100000e-04  1.70297974e-07 
 4.02200000e-04  1.70018047e-07 
 4.02300000e-04  1.69907939e-07 
 4.02400000e-04  1.69808606e-07 
 4.02500000e-04  1.69743255e-07 
 4.02600000e-04  1.58496966e-07 
 4.02700000e-04  1.58112479e-07 
 4.02800000e-04  1.57926313e-07 
 4.02900000e-04  1.57794014e-07 
 4.03000000e-04  1.57717153e-07 
 4.03100000e-04  1.69012924e-07 
 4.03200000e-04  1.68755825e-07 
 4.03300000e-04  1.68664896e-07 
 4.03400000e-04  1.68584990e-07 
 4.03500000e-04  1.68551123e-07 
 4.03600000e-04  1.54795404e-07 
 4.03700000e-04  1.54339674e-07 
 4.03800000e-04  1.54091588e-07 
 4.03900000e-04  1.53910515e-07 
 4.04000000e-04  1.53798441e-07 
 4.04100000e-04  1.69772027e-07 
 4.04200000e-04  1.69590656e-07 
 4.04300000e-04  1.69511328e-07 
 4.04400000e-04  1.69438960e-07 
 4.04500000e-04  1.69402361e-07 
 4.04600000e-04  1.56819773e-07 
 4.04700000e-04  1.56456365e-07 
 4.04800000e-04  1.56260856e-07 
 4.04900000e-04  1.56122960e-07 
 4.05000000e-04  1.56044372e-07 
 4.05100000e-04  1.69537272e-07 
 4.05200000e-04  1.69317685e-07 
 4.05300000e-04  1.69239474e-07 
 4.05400000e-04  1.69171297e-07 
 4.05500000e-04  1.69132027e-07 
 4.05600000e-04  1.55329107e-07 
 4.05700000e-04  1.54908130e-07 
 4.05800000e-04  1.54671996e-07 
 4.05900000e-04  1.54495063e-07 
 4.06000000e-04  1.54379070e-07 
 4.06100000e-04  1.71985427e-07 
 4.06200000e-04  1.71473869e-07 
 4.06300000e-04  1.71304444e-07 
 4.06400000e-04  1.71157635e-07 
 4.06500000e-04  1.71095872e-07 
 4.06600000e-04  1.62407695e-07 
 4.06700000e-04  1.62019670e-07 
 4.06800000e-04  1.61840342e-07 
 4.06900000e-04  1.61731662e-07 
 4.07000000e-04  1.61695727e-07 
 4.07100000e-04  1.68804954e-07 
 4.07200000e-04  1.68401322e-07 
 4.07300000e-04  1.68256278e-07 
 4.07400000e-04  1.68129348e-07 
 4.07500000e-04  1.68066184e-07 
 4.07600000e-04  1.54373492e-07 
 4.07700000e-04  1.53823690e-07 
 4.07800000e-04  1.53563579e-07 
 4.07900000e-04  1.53370031e-07 
 4.08000000e-04  1.53245018e-07 
 4.08100000e-04  1.69210557e-07 
 4.08200000e-04  1.69019208e-07 
 4.08300000e-04  1.68937243e-07 
 4.08400000e-04  1.68863241e-07 
 4.08500000e-04  1.68801162e-07 
 4.08600000e-04  1.56252665e-07 
 4.08700000e-04  1.55892091e-07 
 4.08800000e-04  1.55689979e-07 
 4.08900000e-04  1.55545621e-07 
 4.09000000e-04  1.55460711e-07 
 4.09100000e-04  1.68939943e-07 
 4.09200000e-04  1.68713255e-07 
 4.09300000e-04  1.68639946e-07 
 4.09400000e-04  1.68577432e-07 
 4.09500000e-04  1.68531903e-07 
 4.09600000e-04  1.54733755e-07 
 4.09700000e-04  1.54332838e-07 
 4.09800000e-04  1.54100116e-07 
 4.09900000e-04  1.53920759e-07 
 4.10000000e-04  1.53796318e-07 
 4.10100000e-04  1.70315591e-07 
 4.10200000e-04  1.70027693e-07 
 4.10300000e-04  1.69916458e-07 
 4.10400000e-04  1.69817223e-07 
 4.10500000e-04  1.69764172e-07 
 4.10600000e-04  1.58504386e-07 
 4.10700000e-04  1.58115870e-07 
 4.10800000e-04  1.57930687e-07 
 4.10900000e-04  1.57798363e-07 
 4.11000000e-04  1.57720432e-07 
 4.11100000e-04  1.69010968e-07 
 4.11200000e-04  1.68763109e-07 
 4.11300000e-04  1.68670243e-07 
 4.11400000e-04  1.68587296e-07 
 4.11500000e-04  1.68553272e-07 
 4.11600000e-04  1.54789640e-07 
 4.11700000e-04  1.54319742e-07 
 4.11800000e-04  1.54094202e-07 
 4.11900000e-04  1.53920523e-07 
 4.12000000e-04  1.53800208e-07 
 4.12100000e-04  1.69779010e-07 
 4.12200000e-04  1.69587812e-07 
 4.12300000e-04  1.69503856e-07 
 4.12400000e-04  1.69427832e-07 
 4.12500000e-04  1.69391497e-07 
 4.12600000e-04  1.56836934e-07 
 4.12700000e-04  1.56454851e-07 
 4.12800000e-04  1.56264257e-07 
 4.12900000e-04  1.56130778e-07 
 4.13000000e-04  1.56056075e-07 
 4.13100000e-04  1.69537891e-07 
 4.13200000e-04  1.69315501e-07 
 4.13300000e-04  1.69234083e-07 
 4.13400000e-04  1.69162328e-07 
 4.13500000e-04  1.69140578e-07 
 4.13600000e-04  1.55318754e-07 
 4.13700000e-04  1.54909799e-07 
 4.13800000e-04  1.54673184e-07 
 4.13900000e-04  1.54494880e-07 
 4.14000000e-04  1.54376597e-07 
 4.14100000e-04  1.71452734e-07 
 4.14200000e-04  1.71051261e-07 
 4.14300000e-04  1.70911710e-07 
 4.14400000e-04  1.70789373e-07 
 4.14500000e-04  1.70728588e-07 
 4.14600000e-04  1.60744093e-07 
 4.14700000e-04  1.60357243e-07 
 4.14800000e-04  1.60177845e-07 
 4.14900000e-04  1.60060441e-07 
 4.15000000e-04  1.60006852e-07 
 4.15100000e-04  1.69142603e-07 
 4.15200000e-04  1.68835592e-07 
 4.15300000e-04  1.68729547e-07 
 4.15400000e-04  1.68637204e-07 
 4.15500000e-04  1.68608289e-07 
 4.15600000e-04  1.54868618e-07 
 4.15700000e-04  1.54363016e-07 
 4.15800000e-04  1.54109969e-07 
 4.15900000e-04  1.53921552e-07 
 4.16000000e-04  1.53799668e-07 
 4.16100000e-04  1.69798495e-07 
 4.16200000e-04  1.69604460e-07 
 4.16300000e-04  1.69528999e-07 
 4.16400000e-04  1.69462349e-07 
 4.16500000e-04  1.69416348e-07 
 4.16600000e-04  1.56844687e-07 
 4.16700000e-04  1.56468190e-07 
 4.16800000e-04  1.56272792e-07 
 4.16900000e-04  1.56131897e-07 
 4.17000000e-04  1.56047086e-07 
 4.17100000e-04  1.69558985e-07 
 4.17200000e-04  1.69324550e-07 
 4.17300000e-04  1.69244225e-07 
 4.17400000e-04  1.69175591e-07 
 4.17500000e-04  1.69145742e-07 
 4.17600000e-04  1.55322312e-07 
 4.17700000e-04  1.54912541e-07 
 4.17800000e-04  1.54680487e-07 
 4.17900000e-04  1.54504516e-07 
 4.18000000e-04  1.54386257e-07 
 4.18100000e-04  1.70928781e-07 
 4.18200000e-04  1.70640860e-07 
 4.18300000e-04  1.70529653e-07 
 4.18400000e-04  1.70430269e-07 
 4.18500000e-04  1.70372682e-07 
 4.18600000e-04  1.59084408e-07 
 4.18700000e-04  1.58706420e-07 
 4.18800000e-04  1.58524376e-07 
 4.18900000e-04  1.58396071e-07 
 4.19000000e-04  1.58323058e-07 
 4.19100000e-04  1.69622492e-07 
 4.19200000e-04  1.69362798e-07 
 4.19300000e-04  1.69271009e-07 
 4.19400000e-04  1.69190425e-07 
 4.19500000e-04  1.69156414e-07 
 4.19600000e-04  1.55380143e-07 
 4.19700000e-04  1.54921137e-07 
 4.19800000e-04  1.54684125e-07 
 4.19900000e-04  1.54509163e-07 
 4.20000000e-04  1.54398062e-07 
 4.20100000e-04  1.70414294e-07 
 4.20200000e-04  1.70206607e-07 
 4.20300000e-04  1.70125896e-07 
 4.20400000e-04  1.70055165e-07 
 4.20500000e-04  1.70013268e-07 
 4.20600000e-04  1.57426108e-07 
 4.20700000e-04  1.57043435e-07 
 4.20800000e-04  1.56844455e-07 
 4.20900000e-04  1.56711388e-07 
 4.21000000e-04  1.56646170e-07 
 4.21100000e-04  1.70176297e-07 
 4.21200000e-04  1.69934983e-07 
 4.21300000e-04  1.69858850e-07 
 4.21400000e-04  1.69795115e-07 
 4.21500000e-04  1.69747877e-07 
 4.21600000e-04  1.55897594e-07 
 4.21700000e-04  1.55489087e-07 
 4.21800000e-04  1.55275940e-07 
 4.21900000e-04  1.55108922e-07 
 4.22000000e-04  1.54989340e-07 
 4.22100000e-04  1.73132290e-07 
 4.22200000e-04  1.72528889e-07 
 4.22300000e-04  1.72330300e-07 
 4.22400000e-04  1.72157946e-07 
 4.22500000e-04  1.72085015e-07 
 4.22600000e-04  1.64671872e-07 
 4.22700000e-04  1.64283237e-07 
 4.22800000e-04  1.64101441e-07 
 4.22900000e-04  1.63996045e-07 
 4.23000000e-04  1.63969318e-07 
 4.23100000e-04  1.69420846e-07 
 4.23200000e-04  1.68643240e-07 
 4.23300000e-04  1.68392746e-07 
 4.23400000e-04  1.68177295e-07 
 4.23500000e-04  1.68095814e-07 
 4.23600000e-04  1.54442695e-07 
 4.23700000e-04  1.53842525e-07 
 4.23800000e-04  1.53584466e-07 
 4.23900000e-04  1.53388629e-07 
 4.24000000e-04  1.53256831e-07 
 4.24100000e-04  1.69217728e-07 
 4.24200000e-04  1.69033109e-07 
 4.24300000e-04  1.68951294e-07 
 4.24400000e-04  1.68876681e-07 
 4.24500000e-04  1.68828223e-07 
 4.24600000e-04  1.56256006e-07 
 4.24700000e-04  1.55890460e-07 
 4.24800000e-04  1.55694585e-07 
 4.24900000e-04  1.55556467e-07 
 4.25000000e-04  1.55477785e-07 
 4.25100000e-04  1.68946826e-07 
 4.25200000e-04  1.68723258e-07 
 4.25300000e-04  1.68643642e-07 
 4.25400000e-04  1.68574246e-07 
 4.25500000e-04  1.68535519e-07 
 4.25600000e-04  1.54752440e-07 
 4.25700000e-04  1.54315794e-07 
 4.25800000e-04  1.54095884e-07 
 4.25900000e-04  1.53921033e-07 
 4.26000000e-04  1.53792513e-07 
 4.26100000e-04  1.70312002e-07 
 4.26200000e-04  1.70011937e-07 
 4.26300000e-04  1.69909181e-07 
 4.26400000e-04  1.69820059e-07 
 4.26500000e-04  1.69771514e-07 
 4.26600000e-04  1.58492154e-07 
 4.26700000e-04  1.58136167e-07 
 4.26800000e-04  1.57943834e-07 
 4.26900000e-04  1.57812165e-07 
 4.27000000e-04  1.57742921e-07 
 4.27100000e-04  1.69010709e-07 
 4.27200000e-04  1.68747597e-07 
 4.27300000e-04  1.68659654e-07 
 4.27400000e-04  1.68583444e-07 
 4.27500000e-04  1.68564031e-07 
 4.27600000e-04  1.54786476e-07 
 4.27700000e-04  1.54344548e-07 
 4.27800000e-04  1.54097468e-07 
 4.27900000e-04  1.53913615e-07 
 4.28000000e-04  1.53794836e-07 
 4.28100000e-04  1.69786451e-07 
 4.28200000e-04  1.69592854e-07 
 4.28300000e-04  1.69516132e-07 
 4.28400000e-04  1.69448003e-07 
 4.28500000e-04  1.69407345e-07 
 4.28600000e-04  1.56827391e-07 
 4.28700000e-04  1.56454003e-07 
 4.28800000e-04  1.56261727e-07 
 4.28900000e-04  1.56126519e-07 
 4.29000000e-04  1.56050028e-07 
 4.29100000e-04  1.69539886e-07 
 4.29200000e-04  1.69321002e-07 
 4.29300000e-04  1.69245258e-07 
 4.29400000e-04  1.69179359e-07 
 4.29500000e-04  1.69142940e-07 
 4.29600000e-04  1.55330674e-07 
 4.29700000e-04  1.54893043e-07 
 4.29800000e-04  1.54673509e-07 
 4.29900000e-04  1.54502849e-07 
 4.30000000e-04  1.54382452e-07 
 4.30100000e-04  1.71467587e-07 
 4.30200000e-04  1.71056941e-07 
 4.30300000e-04  1.70909439e-07 
 4.30400000e-04  1.70779673e-07 
 4.30500000e-04  1.70738881e-07 
 4.30600000e-04  1.60752869e-07 
 4.30700000e-04  1.60374977e-07 
 4.30800000e-04  1.60180423e-07 
 4.30900000e-04  1.60057749e-07 
 4.31000000e-04  1.60009073e-07 
 4.31100000e-04  1.69139857e-07 
 4.31200000e-04  1.68838800e-07 
 4.31300000e-04  1.68731569e-07 
 4.31400000e-04  1.68637000e-07 
 4.31500000e-04  1.68600000e-07 
 4.31600000e-04  1.54865705e-07 
 4.31700000e-04  1.54377091e-07 
 4.31800000e-04  1.54119719e-07 
 4.31900000e-04  1.53929323e-07 
 4.32000000e-04  1.53807864e-07 
 4.32100000e-04  1.69801306e-07 
 4.32200000e-04  1.69620405e-07 
 4.32300000e-04  1.69537565e-07 
 4.32400000e-04  1.69461294e-07 
 4.32500000e-04  1.69404142e-07 
 4.32600000e-04  1.56847910e-07 
 4.32700000e-04  1.56461719e-07 
 4.32800000e-04  1.56272873e-07 
 4.32900000e-04  1.56138440e-07 
 4.33000000e-04  1.56059986e-07 
 4.33100000e-04  1.69542840e-07 
 4.33200000e-04  1.69324509e-07 
 4.33300000e-04  1.69241485e-07 
 4.33400000e-04  1.69167692e-07 
 4.33500000e-04  1.69142431e-07 
 4.33600000e-04  1.55321841e-07 
 4.33700000e-04  1.54895625e-07 
 4.33800000e-04  1.54677735e-07 
 4.33900000e-04  1.54508674e-07 
 4.34000000e-04  1.54389824e-07 
 4.34100000e-04  1.70933763e-07 
 4.34200000e-04  1.70640396e-07 
 4.34300000e-04  1.70526999e-07 
 4.34400000e-04  1.70425875e-07 
 4.34500000e-04  1.70372553e-07 
 4.34600000e-04  1.59090282e-07 
 4.34700000e-04  1.58713853e-07 
 4.34800000e-04  1.58512444e-07 
 4.34900000e-04  1.58382878e-07 
 4.35000000e-04  1.58327268e-07 
 4.35100000e-04  1.69643532e-07 
 4.35200000e-04  1.69366449e-07 
 4.35300000e-04  1.69280900e-07 
 4.35400000e-04  1.69209032e-07 
 4.35500000e-04  1.69172571e-07 
 4.35600000e-04  1.55377618e-07 
 4.35700000e-04  1.54916477e-07 
 4.35800000e-04  1.54681319e-07 
 4.35900000e-04  1.54504660e-07 
 4.36000000e-04  1.54388189e-07 
 4.36100000e-04  1.70407472e-07 
 4.36200000e-04  1.70224309e-07 
 4.36300000e-04  1.70137511e-07 
 4.36400000e-04  1.70057362e-07 
 4.36500000e-04  1.70017386e-07 
 4.36600000e-04  1.57412479e-07 
 4.36700000e-04  1.57055496e-07 
 4.36800000e-04  1.56862943e-07 
 4.36900000e-04  1.56723272e-07 
 4.37000000e-04  1.56637995e-07 
 4.37100000e-04  1.70171225e-07 
 4.37200000e-04  1.69933324e-07 
 4.37300000e-04  1.69857483e-07 
 4.37400000e-04  1.69793625e-07 
 4.37500000e-04  1.69746589e-07 
 4.37600000e-04  1.55902841e-07 
 4.37700000e-04  1.55482682e-07 
 4.37800000e-04  1.55258822e-07 
 4.37900000e-04  1.55091500e-07 
 4.38000000e-04  1.54982345e-07 
 4.38100000e-04  1.72618496e-07 
 4.38200000e-04  1.72099218e-07 
 4.38300000e-04  1.71926089e-07 
 4.38400000e-04  1.71776283e-07 
 4.38500000e-04  1.71717330e-07 
 4.38600000e-04  1.62982995e-07 
 4.38700000e-04  1.62624971e-07 
 4.38800000e-04  1.62442000e-07 
 4.38900000e-04  1.62329207e-07 
 4.39000000e-04  1.62288647e-07 
 4.39100000e-04  1.69433308e-07 
 4.39200000e-04  1.69024444e-07 
 4.39300000e-04  1.68874392e-07 
 4.39400000e-04  1.68742173e-07 
 4.39500000e-04  1.68692715e-07 
 4.39600000e-04  1.54978228e-07 
 4.39700000e-04  1.54410350e-07 
 4.39800000e-04  1.54149157e-07 
 4.39900000e-04  1.53954272e-07 
 4.40000000e-04  1.53827624e-07 
 4.40100000e-04  1.69838944e-07 
 4.40200000e-04  1.69637627e-07 
 4.40300000e-04  1.69550555e-07 
 4.40400000e-04  1.69471731e-07 
 4.40500000e-04  1.69429331e-07 
 4.40600000e-04  1.56849900e-07 
 4.40700000e-04  1.56473978e-07 
 4.40800000e-04  1.56276407e-07 
 4.40900000e-04  1.56139875e-07 
 4.41000000e-04  1.56066147e-07 
 4.41100000e-04  1.69556528e-07 
 4.41200000e-04  1.69330227e-07 
 4.41300000e-04  1.69251201e-07 
 4.41400000e-04  1.69182357e-07 
 4.41500000e-04  1.69154278e-07 
 4.41600000e-04  1.55320269e-07 
 4.41700000e-04  1.54923605e-07 
 4.41800000e-04  1.54688117e-07 
 4.41900000e-04  1.54509680e-07 
 4.42000000e-04  1.54389930e-07 
 4.42100000e-04  1.70945344e-07 
 4.42200000e-04  1.70629630e-07 
 4.42300000e-04  1.70521691e-07 
 4.42400000e-04  1.70429031e-07 
 4.42500000e-04  1.70380466e-07 
 4.42600000e-04  1.59093145e-07 
 4.42700000e-04  1.58707028e-07 
 4.42800000e-04  1.58523489e-07 
 4.42900000e-04  1.58400173e-07 
 4.43000000e-04  1.58338818e-07 
 4.43100000e-04  1.69658231e-07 
 4.43200000e-04  1.69382996e-07 
 4.43300000e-04  1.69285801e-07 
 4.43400000e-04  1.69200982e-07 
 4.43500000e-04  1.69173013e-07 
 4.43600000e-04  1.55379455e-07 
 4.43700000e-04  1.54915670e-07 
 4.43800000e-04  1.54687798e-07 
 4.43900000e-04  1.54510868e-07 
 4.44000000e-04  1.54386321e-07 
 4.44100000e-04  1.70414016e-07 
 4.44200000e-04  1.70207297e-07 
 4.44300000e-04  1.70124894e-07 
 4.44400000e-04  1.70051918e-07 
 4.44500000e-04  1.70004137e-07 
 4.44600000e-04  1.57410483e-07 
 4.44700000e-04  1.57054869e-07 
 4.44800000e-04  1.56855513e-07 
 4.44900000e-04  1.56714769e-07 
 4.45000000e-04  1.56634322e-07 
 4.45100000e-04  1.70174484e-07 
 4.45200000e-04  1.69950542e-07 
 4.45300000e-04  1.69869630e-07 
 4.45400000e-04  1.69798779e-07 
 4.45500000e-04  1.69762736e-07 
 4.45600000e-04  1.55921871e-07 
 4.45700000e-04  1.55484503e-07 
 4.45800000e-04  1.55273346e-07 
 4.45900000e-04  1.55108245e-07 
 4.46000000e-04  1.54990481e-07 
 4.46100000e-04  1.72090496e-07 
 4.46200000e-04  1.71690981e-07 
 4.46300000e-04  1.71538448e-07 
 4.46400000e-04  1.71402392e-07 
 4.46500000e-04  1.71356117e-07 
 4.46600000e-04  1.61326119e-07 
 4.46700000e-04  1.60956594e-07 
 4.46800000e-04  1.60778401e-07 
 4.46900000e-04  1.60660892e-07 
 4.47000000e-04  1.60605815e-07 
 4.47100000e-04  1.69775722e-07 
 4.47200000e-04  1.69456849e-07 
 4.47300000e-04  1.69354586e-07 
 4.47400000e-04  1.69267738e-07 
 4.47500000e-04  1.69212492e-07 
 4.47600000e-04  1.55450909e-07 
 4.47700000e-04  1.54945243e-07 
 4.47800000e-04  1.54708068e-07 
 4.47900000e-04  1.54525995e-07 
 4.48000000e-04  1.54400592e-07 
 4.48100000e-04  1.70437428e-07 
 4.48200000e-04  1.70225633e-07 
 4.48300000e-04  1.70144778e-07 
 4.48400000e-04  1.70074231e-07 
 4.48500000e-04  1.70034230e-07 
 4.48600000e-04  1.57418177e-07 
 4.48700000e-04  1.57061403e-07 
 4.48800000e-04  1.56868177e-07 
 4.48900000e-04  1.56732216e-07 
 4.49000000e-04  1.56655155e-07 
 4.49100000e-04  1.70182881e-07 
 4.49200000e-04  1.69955466e-07 
 4.49300000e-04  1.69875019e-07 
 4.49400000e-04  1.69804943e-07 
 4.49500000e-04  1.69759879e-07 
 4.49600000e-04  1.55925587e-07 
 4.49700000e-04  1.55488349e-07 
 4.49800000e-04  1.55263712e-07 
 4.49900000e-04  1.55093627e-07 
 4.50000000e-04  1.54979645e-07 
 4.50100000e-04  1.71551473e-07 
 4.50200000e-04  1.71250408e-07 
 4.50300000e-04  1.71136558e-07 
 4.50400000e-04  1.71035367e-07 
 4.50500000e-04  1.70984883e-07 
 4.50600000e-04  1.59670354e-07 
 4.50700000e-04  1.59304309e-07 
 4.50800000e-04  1.59116285e-07 
 4.50900000e-04  1.58987053e-07 
 4.51000000e-04  1.58918297e-07 
 4.51100000e-04  1.70255722e-07 
 4.51200000e-04  1.69991541e-07 
 4.51300000e-04  1.69897355e-07 
 4.51400000e-04  1.69814670e-07 
 4.51500000e-04  1.69778571e-07 
 4.51600000e-04  1.55954970e-07 
 4.51700000e-04  1.55506727e-07 
 4.51800000e-04  1.55276701e-07 
 4.51900000e-04  1.55101548e-07 
 4.52000000e-04  1.54982651e-07 
 4.52100000e-04  1.72967205e-07 
 4.52200000e-04  1.72443615e-07 
 4.52300000e-04  1.72260659e-07 
 4.52400000e-04  1.72171558e-07 
 4.52500000e-04  1.72112783e-07 
 4.52600000e-04  1.59032417e-07 
 4.52700000e-04  1.58487202e-07 
 4.52800000e-04  1.58244645e-07 
 4.52900000e-04  1.58068675e-07 
 4.53000000e-04  1.57960528e-07 
 4.53100000e-04  1.03757732e-04 
 4.53200000e-04  1.03757308e-04 
 4.53300000e-04  1.03757183e-04 
 4.53400000e-04  1.03757079e-04 
 4.53500000e-04  1.03757042e-04 
 4.53600000e-04  1.03743180e-04 
 4.53700000e-04  1.03742724e-04 
 4.53800000e-04  1.03742491e-04 
 4.53900000e-04  1.03742327e-04 
 4.54000000e-04  1.03742233e-04 
 4.54100000e-04  1.75467413e-07 
 4.54200000e-04  1.74681039e-07 
 4.54300000e-04  1.74454198e-07 
 4.54400000e-04  1.74265238e-07 
 4.54500000e-04  1.74185299e-07 
 4.54600000e-04  1.68006843e-07 
 4.54700000e-04  1.67620835e-07 
 4.54800000e-04  1.67452499e-07 
 4.54900000e-04  1.67360662e-07 
 4.55000000e-04  1.67347565e-07 
 4.55100000e-04  1.70728766e-07 
 4.55200000e-04  1.69767184e-07 
 4.55300000e-04  1.69521358e-07 
 4.55400000e-04  1.69321598e-07 
 4.55500000e-04  1.69232113e-07 
 4.55600000e-04  1.55551659e-07 
 4.55700000e-04  1.54942985e-07 
 4.55800000e-04  1.54671035e-07 
 4.55900000e-04  1.54464362e-07 
 4.56000000e-04  1.54324855e-07 
 4.56100000e-04  1.70375170e-07 
 4.56200000e-04  1.70174240e-07 
 4.56300000e-04  1.70087121e-07 
 4.56400000e-04  1.70008367e-07 
 4.56500000e-04  1.69960787e-07 
 4.56600000e-04  1.57332924e-07 
 4.56700000e-04  1.56975444e-07 
 4.56800000e-04  1.56780246e-07 
 4.56900000e-04  1.56642194e-07 
 4.57000000e-04  1.56562734e-07 
 4.57100000e-04  1.71857765e-07 
 4.57200000e-04  1.71342702e-07 
 4.57300000e-04  1.71162385e-07 
 4.57400000e-04  1.71081855e-07 
 4.57500000e-04  1.71033570e-07 
 4.57600000e-04  1.56673114e-07 
 4.57700000e-04  1.56093080e-07 
 4.57800000e-04  1.55838794e-07 
 4.57900000e-04  1.55649268e-07 
 4.58000000e-04  1.55525697e-07 
 4.58100000e-04  1.03758396e-04 
 4.58200000e-04  1.03757902e-04 
 4.58300000e-04  1.03757749e-04 
 4.58400000e-04  1.03757619e-04 
 4.58500000e-04  1.03757560e-04 
 4.58600000e-04  1.03746255e-04 
 4.58700000e-04  1.03745852e-04 
 4.58800000e-04  1.03745657e-04 
 4.58900000e-04  1.03745530e-04 
 4.59000000e-04  1.03745475e-04 
 4.59100000e-04  1.71331223e-07 
 4.59200000e-04  1.71007694e-07 
 4.59300000e-04  1.70903142e-07 
 4.59400000e-04  1.70813578e-07 
 4.59500000e-04  1.70788761e-07 
 4.59600000e-04  1.56958264e-07 
 4.59700000e-04  1.56498395e-07 
 4.59800000e-04  1.56259180e-07 
 4.59900000e-04  1.56083836e-07 
 4.60000000e-04  1.55974195e-07 
 4.60100000e-04  1.72082856e-07 
 4.60200000e-04  1.71885324e-07 
 4.60300000e-04  1.71796221e-07 
 4.60400000e-04  1.71714718e-07 
 4.60500000e-04  1.71670846e-07 
 4.60600000e-04  1.58975074e-07 
 4.60700000e-04  1.58627632e-07 
 4.60800000e-04  1.58442108e-07 
 4.60900000e-04  1.58310081e-07 
 4.61000000e-04  1.58233053e-07 
 4.61100000e-04  1.71851867e-07 
 4.61200000e-04  1.71606886e-07 
 4.61300000e-04  1.71518469e-07 
 4.61400000e-04  1.71441495e-07 
 4.61500000e-04  1.71420965e-07 
 4.61600000e-04  1.57466254e-07 
 4.61700000e-04  1.57079091e-07 
 4.61800000e-04  1.56847872e-07 
 4.61900000e-04  1.56678429e-07 
 4.62000000e-04  1.56572529e-07 
 4.62100000e-04  1.73766469e-07 
 4.62200000e-04  1.73346477e-07 
 4.62300000e-04  1.73194538e-07 
 4.62400000e-04  1.73060517e-07 
 4.62500000e-04  1.73009996e-07 
 4.62600000e-04  1.62894850e-07 
 4.62700000e-04  1.62536320e-07 
 4.62800000e-04  1.62353664e-07 
 4.62900000e-04  1.62235563e-07 
 4.63000000e-04  1.62183866e-07 
 4.63100000e-04  1.71436681e-07 
 4.63200000e-04  1.71121741e-07 
 4.63300000e-04  1.71013388e-07 
 4.63400000e-04  1.70918984e-07 
 4.63500000e-04  1.70876766e-07 
 4.63600000e-04  1.57003399e-07 
 4.63700000e-04  1.56519335e-07 
 4.63800000e-04  1.56282200e-07 
 4.63900000e-04  1.56103991e-07 
 4.64000000e-04  1.55986385e-07 
 4.64100000e-04  1.72100586e-07 
 4.64200000e-04  1.71910505e-07 
 4.64300000e-04  1.71811602e-07 
 4.64400000e-04  1.71719042e-07 
 4.64500000e-04  1.71662140e-07 
 4.64600000e-04  1.58968993e-07 
 4.64700000e-04  1.58627567e-07 
 4.64800000e-04  1.58434220e-07 
 4.64900000e-04  1.58298328e-07 
 4.65000000e-04  1.58221518e-07 
 4.65100000e-04  1.71846729e-07 
 4.65200000e-04  1.71600448e-07 
 4.65300000e-04  1.71518567e-07 
 4.65400000e-04  1.71448636e-07 
 4.65500000e-04  1.71410963e-07 
 4.65600000e-04  1.57464300e-07 
 4.65700000e-04  1.57052198e-07 
 4.65800000e-04  1.56831643e-07 
 4.65900000e-04  1.56667326e-07 
 4.66000000e-04  1.56560837e-07 
 4.66100000e-04  1.73211016e-07 
 4.66200000e-04  1.72916201e-07 
 4.66300000e-04  1.72792353e-07 
 4.66400000e-04  1.72679750e-07 
 4.66500000e-04  1.72633158e-07 
 4.66600000e-04  1.61222083e-07 
 4.66700000e-04  1.60859696e-07 
 4.66800000e-04  1.60681251e-07 
 4.66900000e-04  1.60563131e-07 
 4.67000000e-04  1.60507053e-07 
 4.67100000e-04  1.71936273e-07 
 4.67200000e-04  1.71645236e-07 
 4.67300000e-04  1.71549163e-07 
 4.67400000e-04  1.71467086e-07 
 4.67500000e-04  1.71435208e-07 
 4.67600000e-04  1.57512126e-07 
 4.67700000e-04  1.57060839e-07 
 4.67800000e-04  1.56841213e-07 
 4.67900000e-04  1.56675968e-07 
 4.68000000e-04  1.56566628e-07 
 4.68100000e-04  1.72691243e-07 
 4.68200000e-04  1.72506929e-07 
 4.68300000e-04  1.72408467e-07 
 4.68400000e-04  1.72315126e-07 
 4.68500000e-04  1.72282777e-07 
 4.68600000e-04  1.59557070e-07 
 4.68700000e-04  1.59185668e-07 
 4.68800000e-04  1.59011122e-07 
 4.68900000e-04  1.58883369e-07 
 4.69000000e-04  1.58803690e-07 
 4.69100000e-04  1.72458529e-07 
 4.69200000e-04  1.72212405e-07 
 4.69300000e-04  1.72126861e-07 
 4.69400000e-04  1.72052984e-07 
 4.69500000e-04  1.72017582e-07 
 4.69600000e-04  1.58053228e-07 
 4.69700000e-04  1.57635001e-07 
 4.69800000e-04  1.57428028e-07 
 4.69900000e-04  1.57268612e-07 
 4.70000000e-04  1.57158059e-07 
 4.70100000e-04  1.74901163e-07 
 4.70200000e-04  1.74382321e-07 
 4.70300000e-04  1.74204363e-07 
 4.70400000e-04  1.74049137e-07 
 4.70500000e-04  1.73969934e-07 
 4.70600000e-04  1.65133100e-07 
 4.70700000e-04  1.64765562e-07 
 4.70800000e-04  1.64602240e-07 
 4.70900000e-04  1.64498930e-07 
 4.71000000e-04  1.64457333e-07 
 4.71100000e-04  1.71740176e-07 
 4.71200000e-04  1.71309804e-07 
 4.71300000e-04  1.71154422e-07 
 4.71400000e-04  1.71018045e-07 
 4.71500000e-04  1.70937162e-07 
 4.71600000e-04  1.57119864e-07 
 4.71700000e-04  1.56577536e-07 
 4.71800000e-04  1.56321370e-07 
 4.71900000e-04  1.56131434e-07 
 4.72000000e-04  1.56009627e-07 
 4.72100000e-04  1.72130401e-07 
 4.72200000e-04  1.71924784e-07 
 4.72300000e-04  1.71828744e-07 
 4.72400000e-04  1.71740380e-07 
 4.72500000e-04  1.71688276e-07 
 4.72600000e-04  1.58978567e-07 
 4.72700000e-04  1.58616232e-07 
 4.72800000e-04  1.58429122e-07 
 4.72900000e-04  1.58300475e-07 
 4.73000000e-04  1.58231941e-07 
 4.73100000e-04  1.71852136e-07 
 4.73200000e-04  1.71619179e-07 
 4.73300000e-04  1.71530889e-07 
 4.73400000e-04  1.71452931e-07 
 4.73500000e-04  1.71418476e-07 
 4.73600000e-04  1.57465171e-07 
 4.73700000e-04  1.57070323e-07 
 4.73800000e-04  1.56839368e-07 
 4.73900000e-04  1.56672401e-07 
 4.74000000e-04  1.56571243e-07 
 4.74100000e-04  1.73221261e-07 
 4.74200000e-04  1.72920518e-07 
 4.74300000e-04  1.72801205e-07 
 4.74400000e-04  1.72693944e-07 
 4.74500000e-04  1.72650986e-07 
 4.74600000e-04  1.61229100e-07 
 4.74700000e-04  1.60867713e-07 
 4.74800000e-04  1.60685591e-07 
 4.74900000e-04  1.60565118e-07 
 4.75000000e-04  1.60508048e-07 
 4.75100000e-04  1.71925973e-07 
 4.75200000e-04  1.71644965e-07 
 4.75300000e-04  1.71550715e-07 
 4.75400000e-04  1.71469078e-07 
 4.75500000e-04  1.71416718e-07 
 4.75600000e-04  1.57511419e-07 
 4.75700000e-04  1.57059469e-07 
 4.75800000e-04  1.56834016e-07 
 4.75900000e-04  1.56668749e-07 
 4.76000000e-04  1.56565374e-07 
 4.76100000e-04  1.72701615e-07 
 4.76200000e-04  1.72491779e-07 
 4.76300000e-04  1.72402074e-07 
 4.76400000e-04  1.72321590e-07 
 4.76500000e-04  1.72286198e-07 
 4.76600000e-04  1.59551353e-07 
 4.76700000e-04  1.59185973e-07 
 4.76800000e-04  1.59002165e-07 
 4.76900000e-04  1.58879860e-07 
 4.77000000e-04  1.58820807e-07 
 4.77100000e-04  1.72461884e-07 
 4.77200000e-04  1.72210550e-07 
 4.77300000e-04  1.72129453e-07 
 4.77400000e-04  1.72061287e-07 
 4.77500000e-04  1.72024275e-07 
 4.77600000e-04  1.58043857e-07 
 4.77700000e-04  1.57634359e-07 
 4.77800000e-04  1.57423664e-07 
 4.77900000e-04  1.57260036e-07 
 4.78000000e-04  1.57144761e-07 
 4.78100000e-04  1.74370615e-07 
 4.78200000e-04  1.73962636e-07 
 4.78300000e-04  1.73804857e-07 
 4.78400000e-04  1.73663262e-07 
 4.78500000e-04  1.73605335e-07 
 4.78600000e-04  1.63466751e-07 
 4.78700000e-04  1.63108238e-07 
 4.78800000e-04  1.62931275e-07 
 4.78900000e-04  1.62814975e-07 
 4.79000000e-04  1.62761051e-07 
 4.79100000e-04  1.72048095e-07 
 4.79200000e-04  1.71744870e-07 
 4.79300000e-04  1.71630902e-07 
 4.79400000e-04  1.71528924e-07 
 4.79500000e-04  1.71485174e-07 
 4.79600000e-04  1.57577005e-07 
 4.79700000e-04  1.57098170e-07 
 4.79800000e-04  1.56866153e-07 
 4.79900000e-04  1.56686719e-07 
 4.80000000e-04  1.56561324e-07 
 4.80100000e-04  1.72719937e-07 
 4.80200000e-04  1.72514432e-07 
 4.80300000e-04  1.72423234e-07 
 4.80400000e-04  1.72340689e-07 
 4.80500000e-04  1.72299934e-07 
 4.80600000e-04  1.59557942e-07 
 4.80700000e-04  1.59197398e-07 
 4.80800000e-04  1.59021230e-07 
 4.80900000e-04  1.58892033e-07 
 4.81000000e-04  1.58811091e-07 
 4.81100000e-04  1.72471468e-07 
 4.81200000e-04  1.72226524e-07 
 4.81300000e-04  1.72144141e-07 
 4.81400000e-04  1.72073709e-07 
 4.81500000e-04  1.72019011e-07 
 4.81600000e-04  1.58049009e-07 
 4.81700000e-04  1.57654722e-07 
 4.81800000e-04  1.57435008e-07 
 4.81900000e-04  1.57268831e-07 
 4.82000000e-04  1.57157679e-07 
 4.82100000e-04  1.73850644e-07 
 4.82200000e-04  1.73524047e-07 
 4.82300000e-04  1.73400541e-07 
 4.82400000e-04  1.73291446e-07 
 4.82500000e-04  1.73250680e-07 
 4.82600000e-04  1.61804806e-07 
 4.82700000e-04  1.61457008e-07 
 4.82800000e-04  1.61271072e-07 
 4.82900000e-04  1.61142644e-07 
 4.83000000e-04  1.61073338e-07 
 4.83100000e-04  1.72557226e-07 
 4.83200000e-04  1.72261969e-07 
 4.83300000e-04  1.72163701e-07 
 4.83400000e-04  1.72079071e-07 
 4.83500000e-04  1.72052412e-07 
 4.83600000e-04  1.58101186e-07 
 4.83700000e-04  1.57668112e-07 
 4.83800000e-04  1.57442442e-07 
 4.83900000e-04  1.57269992e-07 
 4.84000000e-04  1.57152236e-07 
 4.84100000e-04  1.73326526e-07 
 4.84200000e-04  1.73108770e-07 
 4.84300000e-04  1.73021723e-07 
 4.84400000e-04  1.72944729e-07 
 4.84500000e-04  1.72895414e-07 
 4.84600000e-04  1.60142368e-07 
 4.84700000e-04  1.59793915e-07 
 4.84800000e-04  1.59605961e-07 
 4.84900000e-04  1.59479041e-07 
 4.85000000e-04  1.59414881e-07 
 4.85100000e-04  1.73077730e-07 
 4.85200000e-04  1.72832526e-07 
 4.85300000e-04  1.72748365e-07 
 4.85400000e-04  1.72676164e-07 
 4.85500000e-04  1.72625111e-07 
 4.85600000e-04  1.58636688e-07 
 4.85700000e-04  1.58228837e-07 
 4.85800000e-04  1.58017498e-07 
 4.85900000e-04  1.57853638e-07 
 4.86000000e-04  1.57738551e-07 
 4.86100000e-04  1.76057730e-07 
 4.86200000e-04  1.75409181e-07 
 4.86300000e-04  1.75207937e-07 
 4.86400000e-04  1.75037043e-07 
 4.86500000e-04  1.74969249e-07 
 4.86600000e-04  1.67371060e-07 
 4.86700000e-04  1.67034471e-07 
 4.86800000e-04  1.66870754e-07 
 4.86900000e-04  1.66768638e-07 
 4.87000000e-04  1.66729858e-07 
 4.87100000e-04  1.72345442e-07 
 4.87200000e-04  1.71548117e-07 
 4.87300000e-04  1.71290538e-07 
 4.87400000e-04  1.71068948e-07 
 4.87500000e-04  1.70979927e-07 
 4.87600000e-04  1.57169982e-07 
 4.87700000e-04  1.56601388e-07 
 4.87800000e-04  1.56338785e-07 
 4.87900000e-04  1.56144694e-07 
 4.88000000e-04  1.56021070e-07 
 4.88100000e-04  1.72152063e-07 
 4.88200000e-04  1.71925682e-07 
 4.88300000e-04  1.71832097e-07 
 4.88400000e-04  1.71748672e-07 
 4.88500000e-04  1.71703266e-07 
 4.88600000e-04  1.58993592e-07 
 4.88700000e-04  1.58632903e-07 
 4.88800000e-04  1.58450609e-07 
 4.88900000e-04  1.58321230e-07 
 4.89000000e-04  1.58246498e-07 
 4.89100000e-04  1.72015650e-07 
 4.89200000e-04  1.71685997e-07 
 4.89300000e-04  1.71557075e-07 
 4.89400000e-04  1.71487894e-07 
 4.89500000e-04  1.71421002e-07 
 4.89600000e-04  1.57488402e-07 
 4.89700000e-04  1.57086304e-07 
 4.89800000e-04  1.56857243e-07 
 4.89900000e-04  1.56687843e-07 
 4.90000000e-04  1.56579812e-07 
 4.90100000e-04  1.73214816e-07 
 4.90200000e-04  1.72907203e-07 
 4.90300000e-04  1.72789415e-07 
 4.90400000e-04  1.72684614e-07 
 4.90500000e-04  1.72638576e-07 
 4.90600000e-04  1.61222317e-07 
 4.90700000e-04  1.60865719e-07 
 4.90800000e-04  1.60695497e-07 
 4.90900000e-04  1.60573253e-07 
 4.91000000e-04  1.60500345e-07 
 4.91100000e-04  1.71923203e-07 
 4.91200000e-04  1.71646135e-07 
 4.91300000e-04  1.71553651e-07 
 4.91400000e-04  1.71473824e-07 
 4.91500000e-04  1.71436238e-07 
 4.91600000e-04  1.57515099e-07 
 4.91700000e-04  1.57088404e-07 
 4.91800000e-04  1.56851768e-07 
 4.91900000e-04  1.56678370e-07 
 4.92000000e-04  1.56570074e-07 
 4.92100000e-04  1.72696431e-07 
 4.92200000e-04  1.72499714e-07 
 4.92300000e-04  1.72410687e-07 
 4.92400000e-04  1.72329017e-07 
 4.92500000e-04  1.72271996e-07 
 4.92600000e-04  1.59549062e-07 
 4.92700000e-04  1.59198000e-07 
 4.92800000e-04  1.59018320e-07 
 4.92900000e-04  1.58894898e-07 
 4.93000000e-04  1.58829398e-07 
 4.93100000e-04  1.72458849e-07 
 4.93200000e-04  1.72235932e-07 
 4.93300000e-04  1.72137155e-07 
 4.93400000e-04  1.72046693e-07 
 4.93500000e-04  1.72012773e-07 
 4.93600000e-04  1.58054265e-07 
 4.93700000e-04  1.57653104e-07 
 4.93800000e-04  1.57433478e-07 
 4.93900000e-04  1.57265131e-07 
 4.94000000e-04  1.57149717e-07 
 4.94100000e-04  1.74801238e-07 
 4.94200000e-04  1.74151048e-07 
 4.94300000e-04  1.73950282e-07 
 4.94400000e-04  1.73879572e-07 
 4.94500000e-04  1.73832219e-07 
 4.94600000e-04  1.63751134e-07 
 4.94700000e-04  1.63423138e-07 
 4.94800000e-04  1.63218184e-07 
 4.94900000e-04  1.63069282e-07 
 4.95000000e-04  1.62978122e-07 
 4.95100000e-04  1.72057837e-07 
 4.95200000e-04  1.71728975e-07 
 4.95300000e-04  1.71615336e-07 
 4.95400000e-04  1.71516433e-07 
 4.95500000e-04  1.71468313e-07 
 4.95600000e-04  1.57590275e-07 
 4.95700000e-04  1.57112356e-07 
 4.95800000e-04  1.56863795e-07 
 4.95900000e-04  1.56687504e-07 
 4.96000000e-04  1.56585713e-07 
 4.96100000e-04  1.72708903e-07 
 4.96200000e-04  1.72512031e-07 
 4.96300000e-04  1.72421185e-07 
 4.96400000e-04  1.72337794e-07 
 4.96500000e-04  1.72290856e-07 
 4.96600000e-04  1.59566589e-07 
 4.96700000e-04  1.59209729e-07 
 4.96800000e-04  1.59028575e-07 
 4.96900000e-04  1.58896344e-07 
 4.97000000e-04  1.58814508e-07 
 4.97100000e-04  1.74220320e-07 
 4.97200000e-04  1.73701680e-07 
 4.97300000e-04  1.73514498e-07 
 4.97400000e-04  1.73424003e-07 
 4.97500000e-04  1.73364750e-07 
 4.97600000e-04  1.58899449e-07 
 4.97700000e-04  1.58339914e-07 
 4.97800000e-04  1.58091213e-07 
 4.97900000e-04  1.57910780e-07 
 4.98000000e-04  1.57800059e-07 
 4.98100000e-04  1.03760794e-04 
 4.98200000e-04  1.03760288e-04 
 4.98300000e-04  1.03760122e-04 
 4.98400000e-04  1.03759979e-04 
 4.98500000e-04  1.03759919e-04 
 4.98600000e-04  1.03748485e-04 
 4.98700000e-04  1.03748119e-04 
 4.98800000e-04  1.03747935e-04 
 4.98900000e-04  1.03747812e-04 
 4.99000000e-04  1.03747754e-04 
 4.99100000e-04  1.73721161e-07 
 4.99200000e-04  1.73399984e-07 
 4.99300000e-04  1.73292415e-07 
 4.99400000e-04  1.73199219e-07 
 4.99500000e-04  1.73159324e-07 
 4.99600000e-04  1.59201827e-07 
 4.99700000e-04  1.58755284e-07 
 4.99800000e-04  1.58528661e-07 
 4.99900000e-04  1.58358583e-07 
 5.00000000e-04  1.58246841e-07 
 5.00100000e-04  1.74479610e-07 
 5.00200000e-04  1.74255169e-07 
 5.00300000e-04  1.74167432e-07 
 5.00400000e-04  1.74090259e-07 
 5.00500000e-04  1.74028548e-07 
 5.00600000e-04  1.61237395e-07 
 5.00700000e-04  1.60875181e-07 
 5.00800000e-04  1.60703052e-07 
 5.00900000e-04  1.60581689e-07 
 5.01000000e-04  1.60512703e-07 
 5.01100000e-04  1.74238537e-07 
 5.01200000e-04  1.73994814e-07 
 5.01300000e-04  1.73893204e-07 
 5.01400000e-04  1.73801436e-07 
 5.01500000e-04  1.73769561e-07 
 5.01600000e-04  1.59704842e-07 
 5.01700000e-04  1.59316023e-07 
 5.01800000e-04  1.59111886e-07 
 5.01900000e-04  1.58952324e-07 
 5.02000000e-04  1.58838752e-07 
 5.02100000e-04  1.76682413e-07 
 5.02200000e-04  1.76149883e-07 
 5.02300000e-04  1.75965520e-07 
 5.02400000e-04  1.75804144e-07 
 5.02500000e-04  1.75743039e-07 
 5.02600000e-04  1.66789116e-07 
 5.02700000e-04  1.66439383e-07 
 5.02800000e-04  1.66271283e-07 
 5.02900000e-04  1.66172201e-07 
 5.03000000e-04  1.66144328e-07 
 5.03100000e-04  1.73492426e-07 
 5.03200000e-04  1.73075022e-07 
 5.03300000e-04  1.72909856e-07 
 5.03400000e-04  1.72761710e-07 
 5.03500000e-04  1.72689221e-07 
 5.03600000e-04  1.58768857e-07 
 5.03700000e-04  1.58242431e-07 
 5.03800000e-04  1.58001885e-07 
 5.03900000e-04  1.57813480e-07 
 5.04000000e-04  1.57678868e-07 
 5.04100000e-04  1.73906890e-07 
 5.04200000e-04  1.73680226e-07 
 5.04300000e-04  1.73578348e-07 
 5.04400000e-04  1.73486198e-07 
 5.04500000e-04  1.73442317e-07 
 5.04600000e-04  1.60647784e-07 
 5.04700000e-04  1.60292246e-07 
 5.04800000e-04  1.60108884e-07 
 5.04900000e-04  1.59979124e-07 
 5.05000000e-04  1.59904663e-07 
 5.05100000e-04  1.73629992e-07 
 5.05200000e-04  1.73386813e-07 
 5.05300000e-04  1.73287718e-07 
 5.05400000e-04  1.73198815e-07 
 5.05500000e-04  1.73154291e-07 
 5.05600000e-04  1.59124873e-07 
 5.05700000e-04  1.58738743e-07 
 5.05800000e-04  1.58518905e-07 
 5.05900000e-04  1.58352662e-07 
 5.06000000e-04  1.58241713e-07 
 5.06100000e-04  1.75004646e-07 
 5.06200000e-04  1.74684847e-07 
 5.06300000e-04  1.74563012e-07 
 5.06400000e-04  1.74454995e-07 
 5.06500000e-04  1.74398691e-07 
 5.06600000e-04  1.62879358e-07 
 5.06700000e-04  1.62541144e-07 
 5.06800000e-04  1.62355741e-07 
 5.06900000e-04  1.62231536e-07 
 5.07000000e-04  1.62170470e-07 
 5.07100000e-04  1.73706202e-07 
 5.07200000e-04  1.73417737e-07 
 5.07300000e-04  1.73306433e-07 
 5.07400000e-04  1.73207287e-07 
 5.07500000e-04  1.73172306e-07 
 5.07600000e-04  1.59173237e-07 
 5.07700000e-04  1.58738109e-07 
 5.07800000e-04  1.58517303e-07 
 5.07900000e-04  1.58350193e-07 
 5.08000000e-04  1.58238482e-07 
 5.08100000e-04  1.74466888e-07 
 5.08200000e-04  1.74247831e-07 
 5.08300000e-04  1.74158088e-07 
 5.08400000e-04  1.74078104e-07 
 5.08500000e-04  1.74020574e-07 
 5.08600000e-04  1.61207954e-07 
 5.08700000e-04  1.60857167e-07 
 5.08800000e-04  1.60685644e-07 
 5.08900000e-04  1.60562833e-07 
 5.09000000e-04  1.60490278e-07 
 5.09100000e-04  1.74227650e-07 
 5.09200000e-04  1.73974677e-07 
 5.09300000e-04  1.73882867e-07 
 5.09400000e-04  1.73802670e-07 
 5.09500000e-04  1.73765769e-07 
 5.09600000e-04  1.59710159e-07 
 5.09700000e-04  1.59323958e-07 
 5.09800000e-04  1.59108286e-07 
 5.09900000e-04  1.58945001e-07 
 5.10000000e-04  1.58835767e-07 
 5.10100000e-04  1.76155891e-07 
 5.10200000e-04  1.75721874e-07 
 5.10300000e-04  1.75569976e-07 
 5.10400000e-04  1.75437894e-07 
 5.10500000e-04  1.75359562e-07 
 5.10600000e-04  1.65134607e-07 
 5.10700000e-04  1.64782329e-07 
 5.10800000e-04  1.64607671e-07 
 5.10900000e-04  1.64498811e-07 
 5.11000000e-04  1.64457837e-07 
 5.11100000e-04  1.73828411e-07 
 5.11200000e-04  1.73497422e-07 
 5.11300000e-04  1.73378260e-07 
 5.11400000e-04  1.73273730e-07 
 5.11500000e-04  1.73224152e-07 
 5.11600000e-04  1.59255274e-07 
 5.11700000e-04  1.58772091e-07 
 5.11800000e-04  1.58541038e-07 
 5.11900000e-04  1.58365759e-07 
 5.12000000e-04  1.58248023e-07 
 5.12100000e-04  1.74482754e-07 
 5.12200000e-04  1.74264264e-07 
 5.12300000e-04  1.74166586e-07 
 5.12400000e-04  1.74077746e-07 
 5.12500000e-04  1.74047941e-07 
 5.12600000e-04  1.61212655e-07 
 5.12700000e-04  1.60884054e-07 
 5.12800000e-04  1.60697428e-07 
 5.12900000e-04  1.60566525e-07 
 5.13000000e-04  1.60493114e-07 
 5.13100000e-04  1.74247330e-07 
 5.13200000e-04  1.73981957e-07 
 5.13300000e-04  1.73891392e-07 
 5.13400000e-04  1.73814235e-07 
 5.13500000e-04  1.73775176e-07 
 5.13600000e-04  1.59701256e-07 
 5.13700000e-04  1.59312770e-07 
 5.13800000e-04  1.59102571e-07 
 5.13900000e-04  1.58941504e-07 
 5.14000000e-04  1.58831126e-07 
 5.14100000e-04  1.75622386e-07 
 5.14200000e-04  1.75290376e-07 
 5.14300000e-04  1.75167575e-07 
 5.14400000e-04  1.75060099e-07 
 5.14500000e-04  1.74999971e-07 
 5.14600000e-04  1.63457517e-07 
 5.14700000e-04  1.63114000e-07 
 5.14800000e-04  1.62943691e-07 
 5.14900000e-04  1.62829137e-07 
 5.15000000e-04  1.62772106e-07 
 5.15100000e-04  1.74310199e-07 
 5.15200000e-04  1.74043022e-07 
 5.15300000e-04  1.73939226e-07 
 5.15400000e-04  1.73845873e-07 
 5.15500000e-04  1.73808866e-07 
 5.15600000e-04  1.59762358e-07 
 5.15700000e-04  1.59315080e-07 
 5.15800000e-04  1.59105526e-07 
 5.15900000e-04  1.58942942e-07 
 5.16000000e-04  1.58828817e-07 
 5.16100000e-04  1.75099415e-07 
 5.16200000e-04  1.74885668e-07 
 5.16300000e-04  1.74786009e-07 
 5.16400000e-04  1.74694852e-07 
 5.16500000e-04  1.74647979e-07 
 5.16600000e-04  1.61805481e-07 
 5.16700000e-04  1.61445923e-07 
 5.16800000e-04  1.61271164e-07 
 5.16900000e-04  1.61147869e-07 
 5.17000000e-04  1.61077671e-07 
 5.17100000e-04  1.74862730e-07 
 5.17200000e-04  1.74598866e-07 
 5.17300000e-04  1.74509460e-07 
 5.17400000e-04  1.74433310e-07 
 5.17500000e-04  1.74383595e-07 
 5.17600000e-04  1.60285212e-07 
 5.17700000e-04  1.59909060e-07 
 5.17800000e-04  1.59693249e-07 
 5.17900000e-04  1.59535196e-07 
 5.18000000e-04  1.59436735e-07 
 5.18100000e-04  1.88933446e-07 
 5.18200000e-04  1.86323115e-07 
 5.18300000e-04  1.85517048e-07 
 5.18400000e-04  1.85265051e-07 
 5.18500000e-04  1.85013055e-07 
 5.18600000e-04  1.75732638e-07 
 5.18700000e-04  1.74598411e-07 
 5.18800000e-04  1.74280187e-07 
 5.18900000e-04  1.74072332e-07 
 5.19000000e-04  1.73976835e-07 
 5.19100000e-04  1.71284860e-07 
 5.19200000e-04  1.70507709e-07 
 5.19300000e-04  1.70299315e-07 
 5.19400000e-04  1.70127470e-07 
 5.19500000e-04  1.70068549e-07 
 5.19600000e-04  1.57648368e-07 
 5.19700000e-04  1.56967533e-07 
 5.19800000e-04  1.56706864e-07 
 5.19900000e-04 -0.00000000e+00 
 5.20000000e-04  1.56574495e-07 
