 time            -i(vdd)        
 2.60000000e-04 -1.26577369e-04 
 2.60100000e-04  1.83731271e-07 
 2.60200000e-04  1.75017696e-07 
 2.60300000e-04  1.72694046e-07 
 2.60400000e-04  1.70735849e-07 
 2.60500000e-04  1.70077351e-07 
 2.60600000e-04  1.76684913e-07 
 2.60700000e-04  1.75910956e-07 
 2.60800000e-04  1.75485119e-07 
 2.60900000e-04  1.75139295e-07 
 2.61000000e-04  1.74875220e-07 
 2.61100000e-04  1.56448086e-07 
 2.61200000e-04  1.54082840e-07 
 2.61300000e-04  1.53485641e-07 
 2.61400000e-04  1.53005306e-07 
 2.61500000e-04  1.52784109e-07 
 2.61600000e-04  1.38889177e-07 
 2.61700000e-04  1.37641217e-07 
 2.61800000e-04  1.37194281e-07 
 2.61900000e-04  1.36876640e-07 
 2.62000000e-04  1.36692397e-07 
 2.62100000e-04  1.61882097e-07 
 2.62200000e-04  1.60615827e-07 
 2.62300000e-04  1.60333965e-07 
 2.62400000e-04  1.60131093e-07 
 2.62500000e-04  1.60036810e-07 
 2.62600000e-04  1.48509679e-07 
 2.62700000e-04  1.47916983e-07 
 2.62800000e-04  1.47634534e-07 
 2.62900000e-04  1.47421801e-07 
 2.63000000e-04  1.47280273e-07 
 2.63100000e-04  1.99993632e-07 
 2.63200000e-04  1.94213201e-07 
 2.63300000e-04  1.92923131e-07 
 2.63400000e-04  1.91928284e-07 
 2.63500000e-04  1.91648701e-07 
 2.63600000e-04  1.78194991e-07 
 2.63700000e-04  1.77570998e-07 
 2.63800000e-04  1.77243480e-07 
 2.63900000e-04  1.76995026e-07 
 2.64000000e-04  1.76828145e-07 
 2.64100000e-04  1.72661816e-07 
 2.64200000e-04  1.68075014e-07 
 2.64300000e-04  1.67029493e-07 
 2.64400000e-04  1.66214883e-07 
 2.64500000e-04  1.65971415e-07 
 2.64600000e-04  1.53744401e-07 
 2.64700000e-04  1.53123635e-07 
 2.64800000e-04  1.52819595e-07 
 2.64900000e-04  1.52586846e-07 
 2.65000000e-04  1.52427646e-07 
 2.65100000e-04  1.66019524e-07 
 2.65200000e-04  1.65520937e-07 
 2.65300000e-04  1.65363944e-07 
 2.65400000e-04  1.65229875e-07 
 2.65500000e-04  1.65177863e-07 
 2.65600000e-04  1.51600255e-07 
 2.65700000e-04  1.51137972e-07 
 2.65800000e-04  1.50912701e-07 
 2.65900000e-04  1.50742809e-07 
 2.66000000e-04  1.50630049e-07 
 2.66100000e-04  1.66985574e-07 
 2.66200000e-04  1.66721442e-07 
 2.66300000e-04  1.66631315e-07 
 2.66400000e-04  1.66552964e-07 
 2.66500000e-04  1.66504846e-07 
 2.66600000e-04  1.55437858e-07 
 2.66700000e-04  1.55024200e-07 
 2.66800000e-04  1.54814453e-07 
 2.66900000e-04  1.54667483e-07 
 2.67000000e-04  1.54585280e-07 
 2.67100000e-04  1.66082975e-07 
 2.67200000e-04  1.65566017e-07 
 2.67300000e-04  1.65410793e-07 
 2.67400000e-04  1.65278266e-07 
 2.67500000e-04  1.65226775e-07 
 2.67600000e-04  1.51664590e-07 
 2.67700000e-04  1.51176321e-07 
 2.67800000e-04  1.50912326e-07 
 2.67900000e-04  1.50716529e-07 
 2.68000000e-04  1.50591090e-07 
 2.68100000e-04  1.66402812e-07 
 2.68200000e-04  1.66217993e-07 
 2.68300000e-04  1.66142043e-07 
 2.68400000e-04  1.66074090e-07 
 2.68500000e-04  1.66025917e-07 
 2.68600000e-04  1.53649072e-07 
 2.68700000e-04  1.53257915e-07 
 2.68800000e-04  1.53038277e-07 
 2.68900000e-04  1.52886267e-07 
 2.69000000e-04  1.52804024e-07 
 2.69100000e-04  1.66127263e-07 
 2.69200000e-04  1.65903246e-07 
 2.69300000e-04  1.65831522e-07 
 2.69400000e-04  1.65771250e-07 
 2.69500000e-04  1.65749171e-07 
 2.69600000e-04  1.52110052e-07 
 2.69700000e-04  1.51662220e-07 
 2.69800000e-04  1.51423719e-07 
 2.69900000e-04  1.51238777e-07 
 2.70000000e-04  1.51109084e-07 
 2.70100000e-04  1.68004512e-07 
 2.70200000e-04  1.67640492e-07 
 2.70300000e-04  1.67507974e-07 
 2.70400000e-04  1.67390205e-07 
 2.70500000e-04  1.67343973e-07 
 2.70600000e-04  1.57525588e-07 
 2.70700000e-04  1.57135348e-07 
 2.70800000e-04  1.56928018e-07 
 2.70900000e-04  1.56795133e-07 
 2.71000000e-04  1.56739045e-07 
 2.71100000e-04  1.66108681e-07 
 2.71200000e-04  1.65541646e-07 
 2.71300000e-04  1.65384581e-07 
 2.71400000e-04  1.65254162e-07 
 2.71500000e-04  1.65191269e-07 
 2.71600000e-04  1.51640234e-07 
 2.71700000e-04  1.51103577e-07 
 2.71800000e-04  1.50845039e-07 
 2.71900000e-04  1.50646347e-07 
 2.72000000e-04  1.50509390e-07 
 2.72100000e-04  1.66335497e-07 
 2.72200000e-04  1.66166224e-07 
 2.72300000e-04  1.66084410e-07 
 2.72400000e-04  1.66008914e-07 
 2.72500000e-04  1.65965439e-07 
 2.72600000e-04  1.53581805e-07 
 2.72700000e-04  1.53198430e-07 
 2.72800000e-04  1.52986237e-07 
 2.72900000e-04  1.52829006e-07 
 2.73000000e-04  1.52728470e-07 
 2.73100000e-04  1.66060800e-07 
 2.73200000e-04  1.65855232e-07 
 2.73300000e-04  1.65780959e-07 
 2.73400000e-04  1.65715836e-07 
 2.73500000e-04  1.65687758e-07 
 2.73600000e-04  1.52061158e-07 
 2.73700000e-04  1.51614866e-07 
 2.73800000e-04  1.51387475e-07 
 2.73900000e-04  1.51209509e-07 
 2.74000000e-04  1.51082522e-07 
 2.74100000e-04  1.67431637e-07 
 2.74200000e-04  1.67156015e-07 
 2.74300000e-04  1.67058751e-07 
 2.74400000e-04  1.66973400e-07 
 2.74500000e-04  1.66918947e-07 
 2.74600000e-04  1.55819009e-07 
 2.74700000e-04  1.55432463e-07 
 2.74800000e-04  1.55218531e-07 
 2.74900000e-04  1.55071636e-07 
 2.75000000e-04  1.54993893e-07 
 2.75100000e-04  1.66142171e-07 
 2.75200000e-04  1.65903720e-07 
 2.75300000e-04  1.65818380e-07 
 2.75400000e-04  1.65742800e-07 
 2.75500000e-04  1.65708886e-07 
 2.75600000e-04  1.52105677e-07 
 2.75700000e-04  1.51635441e-07 
 2.75800000e-04  1.51383792e-07 
 2.75900000e-04  1.51192970e-07 
 2.76000000e-04  1.51064889e-07 
 2.76100000e-04  1.66899436e-07 
 2.76200000e-04  1.66720395e-07 
 2.76300000e-04  1.66647280e-07 
 2.76400000e-04  1.66581668e-07 
 2.76500000e-04  1.66551461e-07 
 2.76600000e-04  1.54157922e-07 
 2.76700000e-04  1.53738733e-07 
 2.76800000e-04  1.53540074e-07 
 2.76900000e-04  1.53400628e-07 
 2.77000000e-04  1.53322260e-07 
 2.77100000e-04  1.66673035e-07 
 2.77200000e-04  1.66449876e-07 
 2.77300000e-04  1.66377051e-07 
 2.77400000e-04  1.66315618e-07 
 2.77500000e-04  1.66289983e-07 
 2.77600000e-04  1.52625081e-07 
 2.77700000e-04  1.52188942e-07 
 2.77800000e-04  1.51958317e-07 
 2.77900000e-04  1.51778319e-07 
 2.78000000e-04  1.51650539e-07 
 2.78100000e-04  1.69094845e-07 
 2.78200000e-04  1.68604256e-07 
 2.78300000e-04  1.68448344e-07 
 2.78400000e-04  1.68314581e-07 
 2.78500000e-04  1.68256908e-07 
 2.78600000e-04  1.59710026e-07 
 2.78700000e-04  1.59325112e-07 
 2.78800000e-04  1.59136366e-07 
 2.78900000e-04  1.59007035e-07 
 2.79000000e-04  1.58938990e-07 
 2.79100000e-04  1.66277725e-07 
 2.79200000e-04  1.65615954e-07 
 2.79300000e-04  1.65430514e-07 
 2.79400000e-04  1.65276036e-07 
 2.79500000e-04  1.65196924e-07 
 2.79600000e-04  1.51670055e-07 
 2.79700000e-04  1.51110830e-07 
 2.79800000e-04  1.50842500e-07 
 2.79900000e-04  1.50634423e-07 
 2.80000000e-04  1.50488491e-07 
 2.80100000e-04  1.66318688e-07 
 2.80200000e-04  1.66132814e-07 
 2.80300000e-04  1.66054815e-07 
 2.80400000e-04  1.65984946e-07 
 2.80500000e-04  1.65947408e-07 
 2.80600000e-04  1.53546385e-07 
 2.80700000e-04  1.53167615e-07 
 2.80800000e-04  1.52960364e-07 
 2.80900000e-04  1.52812978e-07 
 2.81000000e-04  1.52727337e-07 
 2.81100000e-04  1.66041655e-07 
 2.81200000e-04  1.65838660e-07 
 2.81300000e-04  1.65763811e-07 
 2.81400000e-04  1.65697520e-07 
 2.81500000e-04  1.65681356e-07 
 2.81600000e-04  1.52027923e-07 
 2.81700000e-04  1.51607060e-07 
 2.81800000e-04  1.51359642e-07 
 2.81900000e-04  1.51173873e-07 
 2.82000000e-04  1.51051688e-07 
 2.82100000e-04  1.67415350e-07 
 2.82200000e-04  1.67127732e-07 
 2.82300000e-04  1.67031006e-07 
 2.82400000e-04  1.66947478e-07 
 2.82500000e-04  1.66903431e-07 
 2.82600000e-04  1.55802707e-07 
 2.82700000e-04  1.55399924e-07 
 2.82800000e-04  1.55193353e-07 
 2.82900000e-04  1.55050485e-07 
 2.83000000e-04  1.54973321e-07 
 2.83100000e-04  1.66120751e-07 
 2.83200000e-04  1.65880833e-07 
 2.83300000e-04  1.65790167e-07 
 2.83400000e-04  1.65709335e-07 
 2.83500000e-04  1.65684593e-07 
 2.83600000e-04  1.52076361e-07 
 2.83700000e-04  1.51596792e-07 
 2.83800000e-04  1.51349860e-07 
 2.83900000e-04  1.51163381e-07 
 2.84000000e-04  1.51039252e-07 
 2.84100000e-04  1.66879408e-07 
 2.84200000e-04  1.66717875e-07 
 2.84300000e-04  1.66638213e-07 
 2.84400000e-04  1.66563929e-07 
 2.84500000e-04  1.66533888e-07 
 2.84600000e-04  1.54114521e-07 
 2.84700000e-04  1.53740513e-07 
 2.84800000e-04  1.53523036e-07 
 2.84900000e-04  1.53371526e-07 
 2.85000000e-04  1.53288052e-07 
 2.85100000e-04  1.66648311e-07 
 2.85200000e-04  1.66430075e-07 
 2.85300000e-04  1.66359097e-07 
 2.85400000e-04  1.66298876e-07 
 2.85500000e-04  1.66280742e-07 
 2.85600000e-04  1.52611534e-07 
 2.85700000e-04  1.52171701e-07 
 2.85800000e-04  1.51937009e-07 
 2.85900000e-04  1.51756159e-07 
 2.86000000e-04  1.51630811e-07 
 2.86100000e-04  1.71012196e-07 
 2.86200000e-04  1.70014782e-07 
 2.86300000e-04  1.69715688e-07 
 2.86400000e-04  1.69583733e-07 
 2.86500000e-04  1.69505784e-07 
 2.86600000e-04  1.59232974e-07 
 2.86700000e-04  1.58675952e-07 
 2.86800000e-04  1.58413445e-07 
 2.86900000e-04  1.58221985e-07 
 2.87000000e-04  1.58103070e-07 
 2.87100000e-04  1.03753147e-04 
 2.87200000e-04  1.03752672e-04 
 2.87300000e-04  1.03752531e-04 
 2.87400000e-04  1.03752410e-04 
 2.87500000e-04  1.03752372e-04 
 2.87600000e-04  1.03738811e-04 
 2.87700000e-04  1.03738253e-04 
 2.87800000e-04  1.03737987e-04 
 2.87900000e-04  1.03737791e-04 
 2.88000000e-04  1.03737668e-04 
 2.88100000e-04  1.68049863e-07 
 2.88200000e-04  1.67843158e-07 
 2.88300000e-04  1.67751873e-07 
 2.88400000e-04  1.67668167e-07 
 2.88500000e-04  1.67641613e-07 
 2.88600000e-04  1.55214944e-07 
 2.88700000e-04  1.54821402e-07 
 2.88800000e-04  1.54616126e-07 
 2.88900000e-04  1.54471148e-07 
 2.89000000e-04  1.54388355e-07 
 2.89100000e-04  1.67806317e-07 
 2.89200000e-04  1.67576707e-07 
 2.89300000e-04  1.67504984e-07 
 2.89400000e-04  1.67445358e-07 
 2.89500000e-04  1.67416001e-07 
 2.89600000e-04  1.53702297e-07 
 2.89700000e-04  1.53275147e-07 
 2.89800000e-04  1.53027370e-07 
 2.89900000e-04  1.52844528e-07 
 2.90000000e-04  1.52728651e-07 
 2.90100000e-04  1.69188960e-07 
 2.90200000e-04  1.68892874e-07 
 2.90300000e-04  1.68781608e-07 
 2.90400000e-04  1.68683202e-07 
 2.90500000e-04  1.68644238e-07 
 2.90600000e-04  1.57445454e-07 
 2.90700000e-04  1.57070714e-07 
 2.90800000e-04  1.56878070e-07 
 2.90900000e-04  1.56743136e-07 
 2.91000000e-04  1.56667713e-07 
 2.91100000e-04  1.67879051e-07 
 2.91200000e-04  1.67623166e-07 
 2.91300000e-04  1.67538120e-07 
 2.91400000e-04  1.67464456e-07 
 2.91500000e-04  1.67423110e-07 
 2.91600000e-04  1.53737531e-07 
 2.91700000e-04  1.53277640e-07 
 2.91800000e-04  1.53028754e-07 
 2.91900000e-04  1.52842696e-07 
 2.92000000e-04  1.52721430e-07 
 2.92100000e-04  1.68643122e-07 
 2.92200000e-04  1.68468545e-07 
 2.92300000e-04  1.68393045e-07 
 2.92400000e-04  1.68324418e-07 
 2.92500000e-04  1.68278514e-07 
 2.92600000e-04  1.55769096e-07 
 2.92700000e-04  1.55401374e-07 
 2.92800000e-04  1.55196313e-07 
 2.92900000e-04  1.55051958e-07 
 2.93000000e-04  1.54970204e-07 
 2.93100000e-04  1.68404043e-07 
 2.93200000e-04  1.68179671e-07 
 2.93300000e-04  1.68106362e-07 
 2.93400000e-04  1.68043566e-07 
 2.93500000e-04  1.68015227e-07 
 2.93600000e-04  1.54262033e-07 
 2.93700000e-04  1.53849896e-07 
 2.93800000e-04  1.53609898e-07 
 2.93900000e-04  1.53428125e-07 
 2.94000000e-04  1.53306393e-07 
 2.94100000e-04  1.71379724e-07 
 2.94200000e-04  1.70770427e-07 
 2.94300000e-04  1.70577885e-07 
 2.94400000e-04  1.70412849e-07 
 2.94500000e-04  1.70352553e-07 
 2.94600000e-04  1.63017142e-07 
 2.94700000e-04  1.62614310e-07 
 2.94800000e-04  1.62434678e-07 
 2.94900000e-04  1.62327770e-07 
 2.95000000e-04  1.62295860e-07 
 2.95100000e-04  1.67729572e-07 
 2.95200000e-04  1.66854563e-07 
 2.95300000e-04  1.66614878e-07 
 2.95400000e-04  1.66416545e-07 
 2.95500000e-04  1.66335380e-07 
 2.95600000e-04  1.52780405e-07 
 2.95700000e-04  1.52177513e-07 
 2.95800000e-04  1.51905179e-07 
 2.95900000e-04  1.51701009e-07 
 2.96000000e-04  1.51567132e-07 
 2.96100000e-04  1.67457706e-07 
 2.96200000e-04  1.67282677e-07 
 2.96300000e-04  1.67201235e-07 
 2.96400000e-04  1.67126476e-07 
 2.96500000e-04  1.67072193e-07 
 2.96600000e-04  1.54606840e-07 
 2.96700000e-04  1.54235609e-07 
 2.96800000e-04  1.54029635e-07 
 2.96900000e-04  1.53885888e-07 
 2.97000000e-04  1.53806308e-07 
 2.97100000e-04  1.67187175e-07 
 2.97200000e-04  1.66954053e-07 
 2.97300000e-04  1.66888773e-07 
 2.97400000e-04  1.66836413e-07 
 2.97500000e-04  1.66806388e-07 
 2.97600000e-04  1.53084124e-07 
 2.97700000e-04  1.52669469e-07 
 2.97800000e-04  1.52427053e-07 
 2.97900000e-04  1.52247848e-07 
 2.98000000e-04  1.52133824e-07 
 2.98100000e-04  1.68543761e-07 
 2.98200000e-04  1.68256863e-07 
 2.98300000e-04  1.68154654e-07 
 2.98400000e-04  1.68065012e-07 
 2.98500000e-04  1.68010922e-07 
 2.98600000e-04  1.56841584e-07 
 2.98700000e-04  1.56461883e-07 
 2.98800000e-04  1.56266524e-07 
 2.98900000e-04  1.56134364e-07 
 2.99000000e-04  1.56067372e-07 
 2.99100000e-04  1.67244456e-07 
 2.99200000e-04  1.67001192e-07 
 2.99300000e-04  1.66916597e-07 
 2.99400000e-04  1.66842073e-07 
 2.99500000e-04  1.66804773e-07 
 2.99600000e-04  1.53141521e-07 
 2.99700000e-04  1.52672777e-07 
 2.99800000e-04  1.52424764e-07 
 2.99900000e-04  1.52238242e-07 
 3.00000000e-04  1.52115124e-07 
 3.00100000e-04  1.68012976e-07 
 3.00200000e-04  1.67851013e-07 
 3.00300000e-04  1.67771060e-07 
 3.00400000e-04  1.67696078e-07 
 3.00500000e-04  1.67645670e-07 
 3.00600000e-04  1.55178346e-07 
 3.00700000e-04  1.54790743e-07 
 3.00800000e-04  1.54604219e-07 
 3.00900000e-04  1.54463084e-07 
 3.01000000e-04  1.54368742e-07 
 3.01100000e-04  1.67774030e-07 
 3.01200000e-04  1.67566755e-07 
 3.01300000e-04  1.67491938e-07 
 3.01400000e-04  1.67425974e-07 
 3.01500000e-04  1.67404808e-07 
 3.01600000e-04  1.53681233e-07 
 3.01700000e-04  1.53234858e-07 
 3.01800000e-04  1.53002739e-07 
 3.01900000e-04  1.52825769e-07 
 3.02000000e-04  1.52705660e-07 
 3.02100000e-04  1.69689787e-07 
 3.02200000e-04  1.69291974e-07 
 3.02300000e-04  1.69166038e-07 
 3.02400000e-04  1.69058724e-07 
 3.02500000e-04  1.69002757e-07 
 3.02600000e-04  1.59088869e-07 
 3.02700000e-04  1.58706667e-07 
 3.02800000e-04  1.58512390e-07 
 3.02900000e-04  1.58389514e-07 
 3.03000000e-04  1.58340264e-07 
 3.03100000e-04  1.67380785e-07 
 3.03200000e-04  1.67091771e-07 
 3.03300000e-04  1.66991640e-07 
 3.03400000e-04  1.66904259e-07 
 3.03500000e-04  1.66846765e-07 
 3.03600000e-04  1.53218677e-07 
 3.03700000e-04  1.52705554e-07 
 3.03800000e-04  1.52454566e-07 
 3.03900000e-04  1.52261909e-07 
 3.04000000e-04  1.52129392e-07 
 3.04100000e-04  1.68043957e-07 
 3.04200000e-04  1.67850053e-07 
 3.04300000e-04  1.67772901e-07 
 3.04400000e-04  1.67704581e-07 
 3.04500000e-04  1.67661467e-07 
 3.04600000e-04  1.55170556e-07 
 3.04700000e-04  1.54801910e-07 
 3.04800000e-04  1.54606326e-07 
 3.04900000e-04  1.54467034e-07 
 3.05000000e-04  1.54385779e-07 
 3.05100000e-04  1.67794315e-07 
 3.05200000e-04  1.67581651e-07 
 3.05300000e-04  1.67497513e-07 
 3.05400000e-04  1.67422291e-07 
 3.05500000e-04  1.67402281e-07 
 3.05600000e-04  1.53676990e-07 
 3.05700000e-04  1.53255859e-07 
 3.05800000e-04  1.53013268e-07 
 3.05900000e-04  1.52833658e-07 
 3.06000000e-04  1.52718982e-07 
 3.06100000e-04  1.69154561e-07 
 3.06200000e-04  1.68867892e-07 
 3.06300000e-04  1.68763204e-07 
 3.06400000e-04  1.68670752e-07 
 3.06500000e-04  1.68627233e-07 
 3.06600000e-04  1.57438554e-07 
 3.06700000e-04  1.57057874e-07 
 3.06800000e-04  1.56863273e-07 
 3.06900000e-04  1.56725959e-07 
 3.07000000e-04  1.56647708e-07 
 3.07100000e-04  1.67864318e-07 
 3.07200000e-04  1.67614854e-07 
 3.07300000e-04  1.67530581e-07 
 3.07400000e-04  1.67457105e-07 
 3.07500000e-04  1.67422123e-07 
 3.07600000e-04  1.53731367e-07 
 3.07700000e-04  1.53269445e-07 
 3.07800000e-04  1.53021460e-07 
 3.07900000e-04  1.52835559e-07 
 3.08000000e-04  1.52713666e-07 
 3.08100000e-04  1.68644157e-07 
 3.08200000e-04  1.68463169e-07 
 3.08300000e-04  1.68382421e-07 
 3.08400000e-04  1.68308827e-07 
 3.08500000e-04  1.68284098e-07 
 3.08600000e-04  1.55756735e-07 
 3.08700000e-04  1.55391155e-07 
 3.08800000e-04  1.55186848e-07 
 3.08900000e-04  1.55044856e-07 
 3.09000000e-04  1.54967108e-07 
 3.09100000e-04  1.68395972e-07 
 3.09200000e-04  1.68174210e-07 
 3.09300000e-04  1.68103398e-07 
 3.09400000e-04  1.68043515e-07 
 3.09500000e-04  1.68008683e-07 
 3.09600000e-04  1.54253983e-07 
 3.09700000e-04  1.53823839e-07 
 3.09800000e-04  1.53599167e-07 
 3.09900000e-04  1.53424604e-07 
 3.10000000e-04  1.53301695e-07 
 3.10100000e-04  1.70844004e-07 
 3.10200000e-04  1.70332295e-07 
 3.10300000e-04  1.70172273e-07 
 3.10400000e-04  1.70036043e-07 
 3.10500000e-04  1.69978528e-07 
 3.10600000e-04  1.61350824e-07 
 3.10700000e-04  1.60947134e-07 
 3.10800000e-04  1.60767219e-07 
 3.10900000e-04  1.60655395e-07 
 3.11000000e-04  1.60613777e-07 
 3.11100000e-04  1.67664550e-07 
 3.11200000e-04  1.67276350e-07 
 3.11300000e-04  1.67130377e-07 
 3.11400000e-04  1.67000610e-07 
 3.11500000e-04  1.66951028e-07 
 3.11600000e-04  1.53316894e-07 
 3.11700000e-04  1.52758742e-07 
 3.11800000e-04  1.52487693e-07 
 3.11900000e-04  1.52291041e-07 
 3.12000000e-04  1.52171099e-07 
 3.12100000e-04  1.68068235e-07 
 3.12200000e-04  1.67887437e-07 
 3.12300000e-04  1.67809061e-07 
 3.12400000e-04  1.67738096e-07 
 3.12500000e-04  1.67699226e-07 
 3.12600000e-04  1.55198239e-07 
 3.12700000e-04  1.54821727e-07 
 3.12800000e-04  1.54626170e-07 
 3.12900000e-04  1.54479841e-07 
 3.13000000e-04  1.54384253e-07 
 3.13100000e-04  1.67812048e-07 
 3.13200000e-04  1.67594193e-07 
 3.13300000e-04  1.67516374e-07 
 3.13400000e-04  1.67448829e-07 
 3.13500000e-04  1.67416510e-07 
 3.13600000e-04  1.53694382e-07 
 3.13700000e-04  1.53249904e-07 
 3.13800000e-04  1.53009245e-07 
 3.13900000e-04  1.52834580e-07 
 3.14000000e-04  1.52727955e-07 
 3.14100000e-04  1.69163424e-07 
 3.14200000e-04  1.68891318e-07 
 3.14300000e-04  1.68787576e-07 
 3.14400000e-04  1.68694766e-07 
 3.14500000e-04  1.68631505e-07 
 3.14600000e-04  1.57432340e-07 
 3.14700000e-04  1.57049402e-07 
 3.14800000e-04  1.56861272e-07 
 3.14900000e-04  1.56729929e-07 
 3.15000000e-04  1.56657121e-07 
 3.15100000e-04  1.67870020e-07 
 3.15200000e-04  1.67630019e-07 
 3.15300000e-04  1.67543256e-07 
 3.15400000e-04  1.67466267e-07 
 3.15500000e-04  1.67433088e-07 
 3.15600000e-04  1.53719240e-07 
 3.15700000e-04  1.53271962e-07 
 3.15800000e-04  1.53016818e-07 
 3.15900000e-04  1.52832382e-07 
 3.16000000e-04  1.52720846e-07 
 3.16100000e-04  1.68653520e-07 
 3.16200000e-04  1.68464318e-07 
 3.16300000e-04  1.68380948e-07 
 3.16400000e-04  1.68305416e-07 
 3.16500000e-04  1.68276411e-07 
 3.16600000e-04  1.55773069e-07 
 3.16700000e-04  1.55378435e-07 
 3.16800000e-04  1.55187233e-07 
 3.16900000e-04  1.55047886e-07 
 3.17000000e-04  1.54961985e-07 
 3.17100000e-04  1.68415243e-07 
 3.17200000e-04  1.68175726e-07 
 3.17300000e-04  1.68101161e-07 
 3.17400000e-04  1.68039183e-07 
 3.17500000e-04  1.68007454e-07 
 3.17600000e-04  1.54252577e-07 
 3.17700000e-04  1.53821936e-07 
 3.17800000e-04  1.53599168e-07 
 3.17900000e-04  1.53429812e-07 
 3.18000000e-04  1.53315506e-07 
 3.18100000e-04  1.70310746e-07 
 3.18200000e-04  1.69929895e-07 
 3.18300000e-04  1.69794004e-07 
 3.18400000e-04  1.69673912e-07 
 3.18500000e-04  1.69612067e-07 
 3.18600000e-04  1.59677368e-07 
 3.18700000e-04  1.59293707e-07 
 3.18800000e-04  1.59103461e-07 
 3.18900000e-04  1.58981281e-07 
 3.19000000e-04  1.58929272e-07 
 3.19100000e-04  1.67995775e-07 
 3.19200000e-04  1.67696330e-07 
 3.19300000e-04  1.67595559e-07 
 3.19400000e-04  1.67508018e-07 
 3.19500000e-04  1.67469035e-07 
 3.19600000e-04  1.53803443e-07 
 3.19700000e-04  1.53300993e-07 
 3.19800000e-04  1.53039987e-07 
 3.19900000e-04  1.52846972e-07 
 3.20000000e-04  1.52724047e-07 
 3.20100000e-04  1.68668696e-07 
 3.20200000e-04  1.68477380e-07 
 3.20300000e-04  1.68400933e-07 
 3.20400000e-04  1.68332963e-07 
 3.20500000e-04  1.68291888e-07 
 3.20600000e-04  1.55782228e-07 
 3.20700000e-04  1.55391546e-07 
 3.20800000e-04  1.55191813e-07 
 3.20900000e-04  1.55053824e-07 
 3.21000000e-04  1.54979483e-07 
 3.21100000e-04  1.68410489e-07 
 3.21200000e-04  1.68199311e-07 
 3.21300000e-04  1.68119769e-07 
 3.21400000e-04  1.68049044e-07 
 3.21500000e-04  1.68017618e-07 
 3.21600000e-04  1.54267751e-07 
 3.21700000e-04  1.53830411e-07 
 3.21800000e-04  1.53601915e-07 
 3.21900000e-04  1.53429013e-07 
 3.22000000e-04  1.53313410e-07 
 3.22100000e-04  1.69783437e-07 
 3.22200000e-04  1.69494091e-07 
 3.22300000e-04  1.69392483e-07 
 3.22400000e-04  1.69303612e-07 
 3.22500000e-04  1.69257695e-07 
 3.22600000e-04  1.58013731e-07 
 3.22700000e-04  1.57654668e-07 
 3.22800000e-04  1.57460335e-07 
 3.22900000e-04  1.57325259e-07 
 3.23000000e-04  1.57251259e-07 
 3.23100000e-04  1.68490294e-07 
 3.23200000e-04  1.68242254e-07 
 3.23300000e-04  1.68157124e-07 
 3.23400000e-04  1.68082375e-07 
 3.23500000e-04  1.68049854e-07 
 3.23600000e-04  1.54323937e-07 
 3.23700000e-04  1.53839730e-07 
 3.23800000e-04  1.53609101e-07 
 3.23900000e-04  1.53434565e-07 
 3.24000000e-04  1.53317838e-07 
 3.24100000e-04  1.69258459e-07 
 3.24200000e-04  1.69070840e-07 
 3.24300000e-04  1.68997741e-07 
 3.24400000e-04  1.68932929e-07 
 3.24500000e-04  1.68876631e-07 
 3.24600000e-04  1.56363407e-07 
 3.24700000e-04  1.55974210e-07 
 3.24800000e-04  1.55791638e-07 
 3.24900000e-04  1.55656803e-07 
 3.25000000e-04  1.55571161e-07 
 3.25100000e-04  1.69032378e-07 
 3.25200000e-04  1.68808047e-07 
 3.25300000e-04  1.68732738e-07 
 3.25400000e-04  1.68668348e-07 
 3.25500000e-04  1.68639857e-07 
 3.25600000e-04  1.54852802e-07 
 3.25700000e-04  1.54428427e-07 
 3.25800000e-04  1.54194655e-07 
 3.25900000e-04  1.54018261e-07 
 3.26000000e-04  1.53901000e-07 
 3.26100000e-04  1.72538480e-07 
 3.26200000e-04  1.71799188e-07 
 3.26300000e-04  1.71587408e-07 
 3.26400000e-04  1.71411187e-07 
 3.26500000e-04  1.71323833e-07 
 3.26600000e-04  1.65267997e-07 
 3.26700000e-04  1.64870476e-07 
 3.26800000e-04  1.64699415e-07 
 3.26900000e-04  1.64594694e-07 
 3.27000000e-04  1.64558356e-07 
 3.27100000e-04  1.67808162e-07 
 3.27200000e-04  1.66872332e-07 
 3.27300000e-04  1.66621229e-07 
 3.27400000e-04  1.66413210e-07 
 3.27500000e-04  1.66341675e-07 
 3.27600000e-04  1.52830294e-07 
 3.27700000e-04  1.52198428e-07 
 3.27800000e-04  1.51909708e-07 
 3.27900000e-04  1.51697202e-07 
 3.28000000e-04  1.51563265e-07 
 3.28100000e-04  1.67461465e-07 
 3.28200000e-04  1.67287405e-07 
 3.28300000e-04  1.67204402e-07 
 3.28400000e-04  1.67127553e-07 
 3.28500000e-04  1.67088731e-07 
 3.28600000e-04  1.54611981e-07 
 3.28700000e-04  1.54215934e-07 
 3.28800000e-04  1.54015882e-07 
 3.28900000e-04  1.53876522e-07 
 3.29000000e-04  1.53799714e-07 
 3.29100000e-04  1.67193021e-07 
 3.29200000e-04  1.66967356e-07 
 3.29300000e-04  1.66889295e-07 
 3.29400000e-04  1.66822064e-07 
 3.29500000e-04  1.66807422e-07 
 3.29600000e-04  1.53097054e-07 
 3.29700000e-04  1.52662266e-07 
 3.29800000e-04  1.52418813e-07 
 3.29900000e-04  1.52234522e-07 
 3.30000000e-04  1.52111204e-07 
 3.30100000e-04  1.68558715e-07 
 3.30200000e-04  1.68274824e-07 
 3.30300000e-04  1.68168752e-07 
 3.30400000e-04  1.68074940e-07 
 3.30500000e-04  1.68013820e-07 
 3.30600000e-04  1.56860470e-07 
 3.30700000e-04  1.56449725e-07 
 3.30800000e-04  1.56260123e-07 
 3.30900000e-04  1.56125470e-07 
 3.31000000e-04  1.56047442e-07 
 3.31100000e-04  1.67254436e-07 
 3.31200000e-04  1.67001778e-07 
 3.31300000e-04  1.66912124e-07 
 3.31400000e-04  1.66833432e-07 
 3.31500000e-04  1.66798652e-07 
 3.31600000e-04  1.53147047e-07 
 3.31700000e-04  1.52667081e-07 
 3.31800000e-04  1.52424447e-07 
 3.31900000e-04  1.52238539e-07 
 3.32000000e-04  1.52111086e-07 
 3.32100000e-04  1.68010819e-07 
 3.32200000e-04  1.67839565e-07 
 3.32300000e-04  1.67761227e-07 
 3.32400000e-04  1.67689290e-07 
 3.32500000e-04  1.67648427e-07 
 3.32600000e-04  1.55179819e-07 
 3.32700000e-04  1.54791679e-07 
 3.32800000e-04  1.54599327e-07 
 3.32900000e-04  1.54460813e-07 
 3.33000000e-04  1.54377780e-07 
 3.33100000e-04  1.67773403e-07 
 3.33200000e-04  1.67552851e-07 
 3.33300000e-04  1.67482268e-07 
 3.33400000e-04  1.67422360e-07 
 3.33500000e-04  1.67400770e-07 
 3.33600000e-04  1.53669182e-07 
 3.33700000e-04  1.53225865e-07 
 3.33800000e-04  1.53003719e-07 
 3.33900000e-04  1.52833468e-07 
 3.34000000e-04  1.52716689e-07 
 3.34100000e-04  1.69687009e-07 
 3.34200000e-04  1.69308595e-07 
 3.34300000e-04  1.69172251e-07 
 3.34400000e-04  1.69051669e-07 
 3.34500000e-04  1.68985273e-07 
 3.34600000e-04  1.59093681e-07 
 3.34700000e-04  1.58722644e-07 
 3.34800000e-04  1.58518741e-07 
 3.34900000e-04  1.58382752e-07 
 3.35000000e-04  1.58316762e-07 
 3.35100000e-04  1.67373951e-07 
 3.35200000e-04  1.67080573e-07 
 3.35300000e-04  1.66980467e-07 
 3.35400000e-04  1.66893293e-07 
 3.35500000e-04  1.66857227e-07 
 3.35600000e-04  1.53214829e-07 
 3.35700000e-04  1.52699045e-07 
 3.35800000e-04  1.52438806e-07 
 3.35900000e-04  1.52249265e-07 
 3.36000000e-04  1.52132595e-07 
 3.36100000e-04  1.68030151e-07 
 3.36200000e-04  1.67852228e-07 
 3.36300000e-04  1.67771646e-07 
 3.36400000e-04  1.67697895e-07 
 3.36500000e-04  1.67674531e-07 
 3.36600000e-04  1.55192100e-07 
 3.36700000e-04  1.54793736e-07 
 3.36800000e-04  1.54590505e-07 
 3.36900000e-04  1.54453465e-07 
 3.37000000e-04  1.54384644e-07 
 3.37100000e-04  1.67783630e-07 
 3.37200000e-04  1.67573787e-07 
 3.37300000e-04  1.67500193e-07 
 3.37400000e-04  1.67435971e-07 
 3.37500000e-04  1.67394562e-07 
 3.37600000e-04  1.53667716e-07 
 3.37700000e-04  1.53243763e-07 
 3.37800000e-04  1.53003918e-07 
 3.37900000e-04  1.52827576e-07 
 3.38000000e-04  1.52716678e-07 
 3.38100000e-04  1.69170487e-07 
 3.38200000e-04  1.68866720e-07 
 3.38300000e-04  1.68766937e-07 
 3.38400000e-04  1.68681833e-07 
 3.38500000e-04  1.68620294e-07 
 3.38600000e-04  1.57424668e-07 
 3.38700000e-04  1.57047877e-07 
 3.38800000e-04  1.56850189e-07 
 3.38900000e-04  1.56714462e-07 
 3.39000000e-04  1.56642589e-07 
 3.39100000e-04  1.67861897e-07 
 3.39200000e-04  1.67605348e-07 
 3.39300000e-04  1.67524667e-07 
 3.39400000e-04  1.67455994e-07 
 3.39500000e-04  1.67430895e-07 
 3.39600000e-04  1.53733361e-07 
 3.39700000e-04  1.53261465e-07 
 3.39800000e-04  1.53019139e-07 
 3.39900000e-04  1.52833484e-07 
 3.40000000e-04  1.52706221e-07 
 3.40100000e-04  1.68635543e-07 
 3.40200000e-04  1.68458606e-07 
 3.40300000e-04  1.68376378e-07 
 3.40400000e-04  1.68300464e-07 
 3.40500000e-04  1.68256405e-07 
 3.40600000e-04  1.55755553e-07 
 3.40700000e-04  1.55373840e-07 
 3.40800000e-04  1.55183806e-07 
 3.40900000e-04  1.55049193e-07 
 3.41000000e-04  1.54971683e-07 
 3.41100000e-04  1.68401659e-07 
 3.41200000e-04  1.68185312e-07 
 3.41300000e-04  1.68111663e-07 
 3.41400000e-04  1.68048286e-07 
 3.41500000e-04  1.68014464e-07 
 3.41600000e-04  1.54249964e-07 
 3.41700000e-04  1.53813054e-07 
 3.41800000e-04  1.53585589e-07 
 3.41900000e-04  1.53416303e-07 
 3.42000000e-04  1.53306965e-07 
 3.42100000e-04  1.70837381e-07 
 3.42200000e-04  1.70346723e-07 
 3.42300000e-04  1.70182062e-07 
 3.42400000e-04  1.70038512e-07 
 3.42500000e-04  1.69978181e-07 
 3.42600000e-04  1.61348347e-07 
 3.42700000e-04  1.60951965e-07 
 3.42800000e-04  1.60775193e-07 
 3.42900000e-04  1.60665323e-07 
 3.43000000e-04  1.60624399e-07 
 3.43100000e-04  1.67649611e-07 
 3.43200000e-04  1.67266928e-07 
 3.43300000e-04  1.67121096e-07 
 3.43400000e-04  1.66990954e-07 
 3.43500000e-04  1.66945317e-07 
 3.43600000e-04  1.53316449e-07 
 3.43700000e-04  1.52757418e-07 
 3.43800000e-04  1.52491342e-07 
 3.43900000e-04  1.52293320e-07 
 3.44000000e-04  1.52165432e-07 
 3.44100000e-04  1.68068464e-07 
 3.44200000e-04  1.67878359e-07 
 3.44300000e-04  1.67800564e-07 
 3.44400000e-04  1.67731121e-07 
 3.44500000e-04  1.67688730e-07 
 3.44600000e-04  1.55197043e-07 
 3.44700000e-04  1.54826468e-07 
 3.44800000e-04  1.54622018e-07 
 3.44900000e-04  1.54472049e-07 
 3.45000000e-04  1.54378208e-07 
 3.45100000e-04  1.67802845e-07 
 3.45200000e-04  1.67589977e-07 
 3.45300000e-04  1.67504058e-07 
 3.45400000e-04  1.67426846e-07 
 3.45500000e-04  1.67403496e-07 
 3.45600000e-04  1.53676389e-07 
 3.45700000e-04  1.53253326e-07 
 3.45800000e-04  1.53014547e-07 
 3.45900000e-04  1.52833052e-07 
 3.46000000e-04  1.52710577e-07 
 3.46100000e-04  1.69178559e-07 
 3.46200000e-04  1.68878113e-07 
 3.46300000e-04  1.68774253e-07 
 3.46400000e-04  1.68684617e-07 
 3.46500000e-04  1.68640157e-07 
 3.46600000e-04  1.57444073e-07 
 3.46700000e-04  1.57054079e-07 
 3.46800000e-04  1.56854629e-07 
 3.46900000e-04  1.56721469e-07 
 3.47000000e-04  1.56656618e-07 
 3.47100000e-04  1.67865453e-07 
 3.47200000e-04  1.67622401e-07 
 3.47300000e-04  1.67531441e-07 
 3.47400000e-04  1.67450216e-07 
 3.47500000e-04  1.67429349e-07 
 3.47600000e-04  1.53730580e-07 
 3.47700000e-04  1.53250746e-07 
 3.47800000e-04  1.53012139e-07 
 3.47900000e-04  1.52829006e-07 
 3.48000000e-04  1.52703025e-07 
 3.48100000e-04  1.68646274e-07 
 3.48200000e-04  1.68460485e-07 
 3.48300000e-04  1.68378184e-07 
 3.48400000e-04  1.68303314e-07 
 3.48500000e-04  1.68276275e-07 
 3.48600000e-04  1.55768300e-07 
 3.48700000e-04  1.55398014e-07 
 3.48800000e-04  1.55187562e-07 
 3.48900000e-04  1.55039019e-07 
 3.49000000e-04  1.54954265e-07 
 3.49100000e-04  1.68411746e-07 
 3.49200000e-04  1.68177779e-07 
 3.49300000e-04  1.68103092e-07 
 3.49400000e-04  1.68040415e-07 
 3.49500000e-04  1.68010091e-07 
 3.49600000e-04  1.54242909e-07 
 3.49700000e-04  1.53814612e-07 
 3.49800000e-04  1.53587743e-07 
 3.49900000e-04  1.53414610e-07 
 3.50000000e-04  1.53296838e-07 
 3.50100000e-04  1.70302018e-07 
 3.50200000e-04  1.69907807e-07 
 3.50300000e-04  1.69778186e-07 
 3.50400000e-04  1.69666130e-07 
 3.50500000e-04  1.69604199e-07 
 3.50600000e-04  1.59681743e-07 
 3.50700000e-04  1.59308352e-07 
 3.50800000e-04  1.59113663e-07 
 3.50900000e-04  1.58987459e-07 
 3.51000000e-04  1.58931829e-07 
 3.51100000e-04  1.68002628e-07 
 3.51200000e-04  1.67692246e-07 
 3.51300000e-04  1.67595659e-07 
 3.51400000e-04  1.67514221e-07 
 3.51500000e-04  1.67472255e-07 
 3.51600000e-04  1.53792921e-07 
 3.51700000e-04  1.53293098e-07 
 3.51800000e-04  1.53041502e-07 
 3.51900000e-04  1.52850288e-07 
 3.52000000e-04  1.52721286e-07 
 3.52100000e-04  1.68660964e-07 
 3.52200000e-04  1.68474219e-07 
 3.52300000e-04  1.68395226e-07 
 3.52400000e-04  1.68323914e-07 
 3.52500000e-04  1.68292503e-07 
 3.52600000e-04  1.55762397e-07 
 3.52700000e-04  1.55381746e-07 
 3.52800000e-04  1.55182551e-07 
 3.52900000e-04  1.55044797e-07 
 3.53000000e-04  1.54970262e-07 
 3.53100000e-04  1.70155920e-07 
 3.53200000e-04  1.69666420e-07 
 3.53300000e-04  1.69506852e-07 
 3.53400000e-04  1.69419876e-07 
 3.53500000e-04  1.69356357e-07 
 3.53600000e-04  1.55120461e-07 
 3.53700000e-04  1.54528437e-07 
 3.53800000e-04  1.54262153e-07 
 3.53900000e-04  1.54067880e-07 
 3.54000000e-04  1.53947070e-07 
 3.54100000e-04  1.03756705e-04 
 3.54200000e-04  1.03756231e-04 
 3.54300000e-04  1.03756078e-04 
 3.54400000e-04  1.03755946e-04 
 3.54500000e-04  1.03755902e-04 
 3.54600000e-04  1.03744676e-04 
 3.54700000e-04  1.03744265e-04 
 3.54800000e-04  1.03744076e-04 
 3.54900000e-04  1.03743946e-04 
 3.55000000e-04  1.03743876e-04 
 3.55100000e-04  1.69636624e-07 
 3.55200000e-04  1.69346959e-07 
 3.55300000e-04  1.69257216e-07 
 3.55400000e-04  1.69180571e-07 
 3.55500000e-04  1.69136771e-07 
 3.55600000e-04  1.55405141e-07 
 3.55700000e-04  1.54937268e-07 
 3.55800000e-04  1.54692977e-07 
 3.55900000e-04  1.54513002e-07 
 3.56000000e-04  1.54399292e-07 
 3.56100000e-04  1.70424200e-07 
 3.56200000e-04  1.70223594e-07 
 3.56300000e-04  1.70142368e-07 
 3.56400000e-04  1.70070247e-07 
 3.56500000e-04  1.70033167e-07 
 3.56600000e-04  1.57427446e-07 
 3.56700000e-04  1.57074063e-07 
 3.56800000e-04  1.56874301e-07 
 3.56900000e-04  1.56733312e-07 
 3.57000000e-04  1.56652868e-07 
 3.57100000e-04  1.70188641e-07 
 3.57200000e-04  1.69954666e-07 
 3.57300000e-04  1.69874623e-07 
 3.57400000e-04  1.69806020e-07 
 3.57500000e-04  1.69767129e-07 
 3.57600000e-04  1.55922445e-07 
 3.57700000e-04  1.55495833e-07 
 3.57800000e-04  1.55287139e-07 
 3.57900000e-04  1.55118835e-07 
 3.58000000e-04  1.54992112e-07 
 3.58100000e-04  1.73141893e-07 
 3.58200000e-04  1.72532701e-07 
 3.58300000e-04  1.72344526e-07 
 3.58400000e-04  1.72184060e-07 
 3.58500000e-04  1.72097669e-07 
 3.58600000e-04  1.64671327e-07 
 3.58700000e-04  1.64288988e-07 
 3.58800000e-04  1.64113093e-07 
 3.58900000e-04  1.64010706e-07 
 3.59000000e-04  1.63984065e-07 
 3.59100000e-04  1.69434167e-07 
 3.59200000e-04  1.68641814e-07 
 3.59300000e-04  1.68401710e-07 
 3.59400000e-04  1.68198699e-07 
 3.59500000e-04  1.68108280e-07 
 3.59600000e-04  1.54451618e-07 
 3.59700000e-04  1.53854880e-07 
 3.59800000e-04  1.53585885e-07 
 3.59900000e-04  1.53386155e-07 
 3.60000000e-04  1.53257792e-07 
 3.60100000e-04  1.69230070e-07 
 3.60200000e-04  1.69029115e-07 
 3.60300000e-04  1.68945021e-07 
 3.60400000e-04  1.68869538e-07 
 3.60500000e-04  1.68827798e-07 
 3.60600000e-04  1.56262610e-07 
 3.60700000e-04  1.55899514e-07 
 3.60800000e-04  1.55700753e-07 
 3.60900000e-04  1.55559990e-07 
 3.61000000e-04  1.55478968e-07 
 3.61100000e-04  1.68952530e-07 
 3.61200000e-04  1.68732783e-07 
 3.61300000e-04  1.68656070e-07 
 3.61400000e-04  1.68589582e-07 
 3.61500000e-04  1.68554181e-07 
 3.61600000e-04  1.54747546e-07 
 3.61700000e-04  1.54337934e-07 
 3.61800000e-04  1.54100198e-07 
 3.61900000e-04  1.53925084e-07 
 3.62000000e-04  1.53814481e-07 
 3.62100000e-04  1.70316523e-07 
 3.62200000e-04  1.70037544e-07 
 3.62300000e-04  1.69916687e-07 
 3.62400000e-04  1.69805984e-07 
 3.62500000e-04  1.69760699e-07 
 3.62600000e-04  1.58495070e-07 
 3.62700000e-04  1.58147340e-07 
 3.62800000e-04  1.57946584e-07 
 3.62900000e-04  1.57811066e-07 
 3.63000000e-04  1.57742759e-07 
 3.63100000e-04  1.69015159e-07 
 3.63200000e-04  1.68753377e-07 
 3.63300000e-04  1.68666319e-07 
 3.63400000e-04  1.68590964e-07 
 3.63500000e-04  1.68549596e-07 
 3.63600000e-04  1.54802503e-07 
 3.63700000e-04  1.54334922e-07 
 3.63800000e-04  1.54103147e-07 
 3.63900000e-04  1.53920767e-07 
 3.64000000e-04  1.53789246e-07 
 3.64100000e-04  1.69787689e-07 
 3.64200000e-04  1.69616665e-07 
 3.64300000e-04  1.69523688e-07 
 3.64400000e-04  1.69435468e-07 
 3.64500000e-04  1.69402122e-07 
 3.64600000e-04  1.56847420e-07 
 3.64700000e-04  1.56463513e-07 
 3.64800000e-04  1.56259762e-07 
 3.64900000e-04  1.56125687e-07 
 3.65000000e-04  1.56063397e-07 
 3.65100000e-04  1.69549983e-07 
 3.65200000e-04  1.69326397e-07 
 3.65300000e-04  1.69239602e-07 
 3.65400000e-04  1.69162160e-07 
 3.65500000e-04  1.69144040e-07 
 3.65600000e-04  1.55330649e-07 
 3.65700000e-04  1.54893873e-07 
 3.65800000e-04  1.54673482e-07 
 3.65900000e-04  1.54506807e-07 
 3.66000000e-04  1.54395449e-07 
 3.66100000e-04  1.71453804e-07 
 3.66200000e-04  1.71051636e-07 
 3.66300000e-04  1.70912804e-07 
 3.66400000e-04  1.70791730e-07 
 3.66500000e-04  1.70732771e-07 
 3.66600000e-04  1.60752346e-07 
 3.66700000e-04  1.60390767e-07 
 3.66800000e-04  1.60192198e-07 
 3.66900000e-04  1.60061768e-07 
 3.67000000e-04  1.60001537e-07 
 3.67100000e-04  1.69145628e-07 
 3.67200000e-04  1.68845985e-07 
 3.67300000e-04  1.68737524e-07 
 3.67400000e-04  1.68641733e-07 
 3.67500000e-04  1.68610383e-07 
 3.67600000e-04  1.54875089e-07 
 3.67700000e-04  1.54352239e-07 
 3.67800000e-04  1.54107026e-07 
 3.67900000e-04  1.53929828e-07 
 3.68000000e-04  1.53822699e-07 
 3.68100000e-04  1.69810695e-07 
 3.68200000e-04  1.69631691e-07 
 3.68300000e-04  1.69534346e-07 
 3.68400000e-04  1.69442261e-07 
 3.68500000e-04  1.69410889e-07 
 3.68600000e-04  1.56833558e-07 
 3.68700000e-04  1.56463380e-07 
 3.68800000e-04  1.56265460e-07 
 3.68900000e-04  1.56127043e-07 
 3.69000000e-04  1.56049916e-07 
 3.69100000e-04  1.69549349e-07 
 3.69200000e-04  1.69330608e-07 
 3.69300000e-04  1.69245565e-07 
 3.69400000e-04  1.69169705e-07 
 3.69500000e-04  1.69148436e-07 
 3.69600000e-04  1.55336912e-07 
 3.69700000e-04  1.54920558e-07 
 3.69800000e-04  1.54686534e-07 
 3.69900000e-04  1.54511328e-07 
 3.70000000e-04  1.54396702e-07 
 3.70100000e-04  1.70934861e-07 
 3.70200000e-04  1.70638030e-07 
 3.70300000e-04  1.70527630e-07 
 3.70400000e-04  1.70430249e-07 
 3.70500000e-04  1.70375760e-07 
 3.70600000e-04  1.59088787e-07 
 3.70700000e-04  1.58724937e-07 
 3.70800000e-04  1.58534646e-07 
 3.70900000e-04  1.58399104e-07 
 3.71000000e-04  1.58319944e-07 
 3.71100000e-04  1.69629197e-07 
 3.71200000e-04  1.69380282e-07 
 3.71300000e-04  1.69279695e-07 
 3.71400000e-04  1.69188562e-07 
 3.71500000e-04  1.69180326e-07 
 3.71600000e-04  1.55376095e-07 
 3.71700000e-04  1.54931316e-07 
 3.71800000e-04  1.54693733e-07 
 3.71900000e-04  1.54514606e-07 
 3.72000000e-04  1.54395686e-07 
 3.72100000e-04  1.70420611e-07 
 3.72200000e-04  1.70230247e-07 
 3.72300000e-04  1.70143424e-07 
 3.72400000e-04  1.70064244e-07 
 3.72500000e-04  1.70016255e-07 
 3.72600000e-04  1.57409741e-07 
 3.72700000e-04  1.57044168e-07 
 3.72800000e-04  1.56861734e-07 
 3.72900000e-04  1.56726694e-07 
 3.73000000e-04  1.56640446e-07 
 3.73100000e-04  1.70168641e-07 
 3.73200000e-04  1.69938981e-07 
 3.73300000e-04  1.69861618e-07 
 3.73400000e-04  1.69795345e-07 
 3.73500000e-04  1.69752209e-07 
 3.73600000e-04  1.55925761e-07 
 3.73700000e-04  1.55491688e-07 
 3.73800000e-04  1.55263268e-07 
 3.73900000e-04  1.55089809e-07 
 3.74000000e-04  1.54972946e-07 
 3.74100000e-04  1.72608712e-07 
 3.74200000e-04  1.72094290e-07 
 3.74300000e-04  1.71930070e-07 
 3.74400000e-04  1.71789007e-07 
 3.74500000e-04  1.71720875e-07 
 3.74600000e-04  1.62994455e-07 
 3.74700000e-04  1.62624523e-07 
 3.74800000e-04  1.62440953e-07 
 3.74900000e-04  1.62329778e-07 
 3.75000000e-04  1.62293183e-07 
 3.75100000e-04  1.69437347e-07 
 3.75200000e-04  1.69043003e-07 
 3.75300000e-04  1.68887056e-07 
 3.75400000e-04  1.68747121e-07 
 3.75500000e-04  1.68678574e-07 
 3.75600000e-04  1.54976777e-07 
 3.75700000e-04  1.54414237e-07 
 3.75800000e-04  1.54162110e-07 
 3.75900000e-04  1.53971550e-07 
 3.76000000e-04  1.53844400e-07 
 3.76100000e-04  1.69840931e-07 
 3.76200000e-04  1.69656132e-07 
 3.76300000e-04  1.69559291e-07 
 3.76400000e-04  1.69468321e-07 
 3.76500000e-04  1.69420976e-07 
 3.76600000e-04  1.56854191e-07 
 3.76700000e-04  1.56478936e-07 
 3.76800000e-04  1.56285535e-07 
 3.76900000e-04  1.56149390e-07 
 3.77000000e-04  1.56072206e-07 
 3.77100000e-04  1.69582695e-07 
 3.77200000e-04  1.69341188e-07 
 3.77300000e-04  1.69256062e-07 
 3.77400000e-04  1.69182707e-07 
 3.77500000e-04  1.69167616e-07 
 3.77600000e-04  1.55333099e-07 
 3.77700000e-04  1.54904230e-07 
 3.77800000e-04  1.54679385e-07 
 3.77900000e-04  1.54512093e-07 
 3.78000000e-04  1.54404068e-07 
 3.78100000e-04  1.70935909e-07 
 3.78200000e-04  1.70649630e-07 
 3.78300000e-04  1.70535497e-07 
 3.78400000e-04  1.70432785e-07 
 3.78500000e-04  1.70381708e-07 
 3.78600000e-04  1.59089698e-07 
 3.78700000e-04  1.58721646e-07 
 3.78800000e-04  1.58529688e-07 
 3.78900000e-04  1.58399243e-07 
 3.79000000e-04  1.58332151e-07 
 3.79100000e-04  1.69637464e-07 
 3.79200000e-04  1.69371859e-07 
 3.79300000e-04  1.69279808e-07 
 3.79400000e-04  1.69199464e-07 
 3.79500000e-04  1.69182994e-07 
 3.79600000e-04  1.55392642e-07 
 3.79700000e-04  1.54919502e-07 
 3.79800000e-04  1.54692427e-07 
 3.79900000e-04  1.54518569e-07 
 3.80000000e-04  1.54399499e-07 
 3.80100000e-04  1.70419748e-07 
 3.80200000e-04  1.70215258e-07 
 3.80300000e-04  1.70131547e-07 
 3.80400000e-04  1.70057009e-07 
 3.80500000e-04  1.70015209e-07 
 3.80600000e-04  1.57407904e-07 
 3.80700000e-04  1.57045366e-07 
 3.80800000e-04  1.56854819e-07 
 3.80900000e-04  1.56720465e-07 
 3.81000000e-04  1.56643974e-07 
 3.81100000e-04  1.70168879e-07 
 3.81200000e-04  1.69947154e-07 
 3.81300000e-04  1.69866574e-07 
 3.81400000e-04  1.69795702e-07 
 3.81500000e-04  1.69753286e-07 
 3.81600000e-04  1.55901272e-07 
 3.81700000e-04  1.55489167e-07 
 3.81800000e-04  1.55262825e-07 
 3.81900000e-04  1.55090950e-07 
 3.82000000e-04  1.54975154e-07 
 3.82100000e-04  1.72078930e-07 
 3.82200000e-04  1.71683535e-07 
 3.82300000e-04  1.71541508e-07 
 3.82400000e-04  1.71415851e-07 
 3.82500000e-04  1.71355233e-07 
 3.82600000e-04  1.61338069e-07 
 3.82700000e-04  1.60969357e-07 
 3.82800000e-04  1.60791476e-07 
 3.82900000e-04  1.60673628e-07 
 3.83000000e-04  1.60617596e-07 
 3.83100000e-04  1.69763844e-07 
 3.83200000e-04  1.69459131e-07 
 3.83300000e-04  1.69348911e-07 
 3.83400000e-04  1.69251756e-07 
 3.83500000e-04  1.69214912e-07 
 3.83600000e-04  1.55459220e-07 
 3.83700000e-04  1.54966549e-07 
 3.83800000e-04  1.54712441e-07 
 3.83900000e-04  1.54523506e-07 
 3.84000000e-04  1.54401583e-07 
 3.84100000e-04  1.72377596e-07 
 3.84200000e-04  1.71839098e-07 
 3.84300000e-04  1.71651487e-07 
 3.84400000e-04  1.71565620e-07 
 3.84500000e-04  1.71512629e-07 
 3.84600000e-04  1.58452250e-07 
 3.84700000e-04  1.57913391e-07 
 3.84800000e-04  1.57666392e-07 
 3.84900000e-04  1.57490235e-07 
 3.85000000e-04  1.57386317e-07 
 3.85100000e-04  1.03757110e-04 
 3.85200000e-04  1.03756683e-04 
 3.85300000e-04  1.03756566e-04 
 3.85400000e-04  1.03756470e-04 
 3.85500000e-04  1.03756414e-04 
 3.85600000e-04  1.03742579e-04 
 3.85700000e-04  1.03742151e-04 
 3.85800000e-04  1.03741910e-04 
 3.85900000e-04  1.03741732e-04 
 3.86000000e-04  1.03741620e-04 
 3.86100000e-04  1.72717172e-07 
 3.86200000e-04  1.72388029e-07 
 3.86300000e-04  1.72261037e-07 
 3.86400000e-04  1.72147350e-07 
 3.86500000e-04  1.72091773e-07 
 3.86600000e-04  1.60765465e-07 
 3.86700000e-04  1.60399230e-07 
 3.86800000e-04  1.60207764e-07 
 3.86900000e-04  1.60082023e-07 
 3.87000000e-04  1.60023973e-07 
 3.87100000e-04  1.71413444e-07 
 3.87200000e-04  1.71146794e-07 
 3.87300000e-04  1.71052632e-07 
 3.87400000e-04  1.70970104e-07 
 3.87500000e-04  1.70932311e-07 
 3.87600000e-04  1.57066745e-07 
 3.87700000e-04  1.56617499e-07 
 3.87800000e-04  1.56381674e-07 
 3.87900000e-04  1.56202016e-07 
 3.88000000e-04  1.56080189e-07 
 3.88100000e-04  1.72188383e-07 
 3.88200000e-04  1.71998311e-07 
 3.88300000e-04  1.71903749e-07 
 3.88400000e-04  1.71815665e-07 
 3.88500000e-04  1.71768194e-07 
 3.88600000e-04  1.59094827e-07 
 3.88700000e-04  1.58726266e-07 
 3.88800000e-04  1.58543932e-07 
 3.88900000e-04  1.58416284e-07 
 3.89000000e-04  1.58344939e-07 
 3.89100000e-04  1.71954094e-07 
 3.89200000e-04  1.71709817e-07 
 3.89300000e-04  1.71620193e-07 
 3.89400000e-04  1.71542139e-07 
 3.89500000e-04  1.71506036e-07 
 3.89600000e-04  1.57585991e-07 
 3.89700000e-04  1.57182336e-07 
 3.89800000e-04  1.56947678e-07 
 3.89900000e-04  1.56776411e-07 
 3.90000000e-04  1.56670422e-07 
 3.90100000e-04  1.75975053e-07 
 3.90200000e-04  1.75140377e-07 
 3.90300000e-04  1.74876005e-07 
 3.90400000e-04  1.74648716e-07 
 3.90500000e-04  1.74572996e-07 
 3.90600000e-04  1.69646840e-07 
 3.90700000e-04  1.69285899e-07 
 3.90800000e-04  1.69122049e-07 
 3.90900000e-04  1.69033116e-07 
 3.91000000e-04  1.69021352e-07 
 3.91100000e-04  1.70178757e-07 
 3.91200000e-04  1.69195303e-07 
 3.91300000e-04  1.68928781e-07 
 3.91400000e-04  1.68707944e-07 
 3.91500000e-04  1.68638623e-07 
 3.91600000e-04  1.55008989e-07 
 3.91700000e-04  1.54356246e-07 
 3.91800000e-04  1.54071775e-07 
 3.91900000e-04  1.53863185e-07 
 3.92000000e-04  1.53732755e-07 
 3.92100000e-04  1.69750794e-07 
 3.92200000e-04  1.69563326e-07 
 3.92300000e-04  1.69473395e-07 
 3.92400000e-04  1.69389839e-07 
 3.92500000e-04  1.69335715e-07 
 3.92600000e-04  1.56752893e-07 
 3.92700000e-04  1.56382749e-07 
 3.92800000e-04  1.56187904e-07 
 3.92900000e-04  1.56051533e-07 
 3.93000000e-04  1.55975359e-07 
 3.93100000e-04  1.69474153e-07 
 3.93200000e-04  1.69244932e-07 
 3.93300000e-04  1.69164988e-07 
 3.93400000e-04  1.69095724e-07 
 3.93500000e-04  1.69064136e-07 
 3.93600000e-04  1.55231932e-07 
 3.93700000e-04  1.54822964e-07 
 3.93800000e-04  1.54585938e-07 
 3.93900000e-04  1.54408609e-07 
 3.94000000e-04  1.54292742e-07 
 3.94100000e-04  1.70839227e-07 
 3.94200000e-04  1.70529766e-07 
 3.94300000e-04  1.70425482e-07 
 3.94400000e-04  1.70335542e-07 
 3.94500000e-04  1.70282527e-07 
 3.94600000e-04  1.58990252e-07 
 3.94700000e-04  1.58617578e-07 
 3.94800000e-04  1.58428291e-07 
 3.94900000e-04  1.58294282e-07 
 3.95000000e-04  1.58217173e-07 
 3.95100000e-04  1.69544444e-07 
 3.95200000e-04  1.69268448e-07 
 3.95300000e-04  1.69185681e-07 
 3.95400000e-04  1.69116680e-07 
 3.95500000e-04  1.69072911e-07 
 3.95600000e-04  1.55270925e-07 
 3.95700000e-04  1.54824013e-07 
 3.95800000e-04  1.54578348e-07 
 3.95900000e-04  1.54402401e-07 
 3.96000000e-04  1.54298251e-07 
 3.96100000e-04  1.70298127e-07 
 3.96200000e-04  1.70109175e-07 
 3.96300000e-04  1.70031424e-07 
 3.96400000e-04  1.69961653e-07 
 3.96500000e-04  1.69915171e-07 
 3.96600000e-04  1.57315269e-07 
 3.96700000e-04  1.56940743e-07 
 3.96800000e-04  1.56752685e-07 
 3.96900000e-04  1.56614677e-07 
 3.97000000e-04  1.56528177e-07 
 3.97100000e-04  1.70059802e-07 
 3.97200000e-04  1.69832272e-07 
 3.97300000e-04  1.69752728e-07 
 3.97400000e-04  1.69683791e-07 
 3.97500000e-04  1.69646309e-07 
 3.97600000e-04  1.55797197e-07 
 3.97700000e-04  1.55392111e-07 
 3.97800000e-04  1.55167505e-07 
 3.97900000e-04  1.54992109e-07 
 3.98000000e-04  1.54867358e-07 
 3.98100000e-04  1.71979232e-07 
 3.98200000e-04  1.71582451e-07 
 3.98300000e-04  1.71435746e-07 
 3.98400000e-04  1.71305280e-07 
 3.98500000e-04  1.71246111e-07 
 3.98600000e-04  1.61228529e-07 
 3.98700000e-04  1.60859434e-07 
 3.98800000e-04  1.60678515e-07 
 3.98900000e-04  1.60555699e-07 
 3.99000000e-04  1.60492702e-07 
 3.99100000e-04  1.69649566e-07 
 3.99200000e-04  1.69345305e-07 
 3.99300000e-04  1.69236163e-07 
 3.99400000e-04  1.69139895e-07 
 3.99500000e-04  1.69109441e-07 
 3.99600000e-04  1.55334934e-07 
 3.99700000e-04  1.54842673e-07 
 3.99800000e-04  1.54604091e-07 
 3.99900000e-04  1.54418894e-07 
 4.00000000e-04  1.54288641e-07 
 4.00100000e-04  1.70316188e-07 
 4.00200000e-04  1.70120685e-07 
 4.00300000e-04  1.70040930e-07 
 4.00400000e-04  1.69969454e-07 
 4.00500000e-04  1.69933445e-07 
 4.00600000e-04  1.57326382e-07 
 4.00700000e-04  1.56936720e-07 
 4.00800000e-04  1.56746713e-07 
 4.00900000e-04  1.56616488e-07 
 4.01000000e-04  1.56547811e-07 
 4.01100000e-04  1.70074773e-07 
 4.01200000e-04  1.69849457e-07 
 4.01300000e-04  1.69765379e-07 
 4.01400000e-04  1.69691507e-07 
 4.01500000e-04  1.69651114e-07 
 4.01600000e-04  1.55802392e-07 
 4.01700000e-04  1.55379258e-07 
 4.01800000e-04  1.55154835e-07 
 4.01900000e-04  1.54985655e-07 
 4.02000000e-04  1.54873337e-07 
 4.02100000e-04  1.71454308e-07 
 4.02200000e-04  1.71145900e-07 
 4.02300000e-04  1.71037366e-07 
 4.02400000e-04  1.70943286e-07 
 4.02500000e-04  1.70885996e-07 
 4.02600000e-04  1.59573775e-07 
 4.02700000e-04  1.59200978e-07 
 4.02800000e-04  1.59017157e-07 
 4.02900000e-04  1.58890058e-07 
 4.03000000e-04  1.58821345e-07 
 4.03100000e-04  1.70150504e-07 
 4.03200000e-04  1.69884557e-07 
 4.03300000e-04  1.69787767e-07 
 4.03400000e-04  1.69702330e-07 
 4.03500000e-04  1.69680757e-07 
 4.03600000e-04  1.55861273e-07 
 4.03700000e-04  1.55399696e-07 
 4.03800000e-04  1.55164998e-07 
 4.03900000e-04  1.54994335e-07 
 4.04000000e-04  1.54889602e-07 
 4.04100000e-04  1.70912417e-07 
 4.04200000e-04  1.70718460e-07 
 4.04300000e-04  1.70640884e-07 
 4.04400000e-04  1.70571890e-07 
 4.04500000e-04  1.70525230e-07 
 4.04600000e-04  1.57905876e-07 
 4.04700000e-04  1.57523153e-07 
 4.04800000e-04  1.57342987e-07 
 4.04900000e-04  1.57211159e-07 
 4.05000000e-04  1.57129065e-07 
 4.05100000e-04  1.70682565e-07 
 4.05200000e-04  1.70443877e-07 
 4.05300000e-04  1.70363671e-07 
 4.05400000e-04  1.70294817e-07 
 4.05500000e-04  1.70274556e-07 
 4.05600000e-04  1.56378235e-07 
 4.05700000e-04  1.55971525e-07 
 4.05800000e-04  1.55751264e-07 
 4.05900000e-04  1.55583200e-07 
 4.06000000e-04  1.55468850e-07 
 4.06100000e-04  1.73130630e-07 
 4.06200000e-04  1.72620319e-07 
 4.06300000e-04  1.72443546e-07 
 4.06400000e-04  1.72288867e-07 
 4.06500000e-04  1.72219743e-07 
 4.06600000e-04  1.63480623e-07 
 4.06700000e-04  1.63101800e-07 
 4.06800000e-04  1.62923936e-07 
 4.06900000e-04  1.62814967e-07 
 4.07000000e-04  1.62776942e-07 
 4.07100000e-04  1.69939947e-07 
 4.07200000e-04  1.69544735e-07 
 4.07300000e-04  1.69393635e-07 
 4.07400000e-04  1.69258629e-07 
 4.07500000e-04  1.69197890e-07 
 4.07600000e-04  1.55441026e-07 
 4.07700000e-04  1.54906708e-07 
 4.07800000e-04  1.54653028e-07 
 4.07900000e-04  1.54461620e-07 
 4.08000000e-04  1.54334320e-07 
 4.08100000e-04  1.70344552e-07 
 4.08200000e-04  1.70149994e-07 
 4.08300000e-04  1.70061946e-07 
 4.08400000e-04  1.69981381e-07 
 4.08500000e-04  1.69945730e-07 
 4.08600000e-04  1.57331753e-07 
 4.08700000e-04  1.56970190e-07 
 4.08800000e-04  1.56774157e-07 
 4.08900000e-04  1.56635015e-07 
 4.09000000e-04  1.56554425e-07 
 4.09100000e-04  1.70082922e-07 
 4.09200000e-04  1.69849518e-07 
 4.09300000e-04  1.69771990e-07 
 4.09400000e-04  1.69706137e-07 
 4.09500000e-04  1.69670962e-07 
 4.09600000e-04  1.55811458e-07 
 4.09700000e-04  1.55401809e-07 
 4.09800000e-04  1.55168545e-07 
 4.09900000e-04  1.54991353e-07 
 4.10000000e-04  1.54871870e-07 
 4.10100000e-04  1.71467170e-07 
 4.10200000e-04  1.71159817e-07 
 4.10300000e-04  1.71042625e-07 
 4.10400000e-04  1.70938841e-07 
 4.10500000e-04  1.70886195e-07 
 4.10600000e-04  1.59562790e-07 
 4.10700000e-04  1.59188454e-07 
 4.10800000e-04  1.59015506e-07 
 4.10900000e-04  1.58891336e-07 
 4.11000000e-04  1.58817347e-07 
 4.11100000e-04  1.70161974e-07 
 4.11200000e-04  1.69894661e-07 
 4.11300000e-04  1.69796297e-07 
 4.11400000e-04  1.69709128e-07 
 4.11500000e-04  1.69685154e-07 
 4.11600000e-04  1.55858452e-07 
 4.11700000e-04  1.55410245e-07 
 4.11800000e-04  1.55166839e-07 
 4.11900000e-04  1.54989951e-07 
 4.12000000e-04  1.54881548e-07 
 4.12100000e-04  1.70915556e-07 
 4.12200000e-04  1.70738091e-07 
 4.12300000e-04  1.70651102e-07 
 4.12400000e-04  1.70570122e-07 
 4.12500000e-04  1.70528270e-07 
 4.12600000e-04  1.57907674e-07 
 4.12700000e-04  1.57538973e-07 
 4.12800000e-04  1.57337194e-07 
 4.12900000e-04  1.57202029e-07 
 4.13000000e-04  1.57135442e-07 
 4.13100000e-04  1.70682976e-07 
 4.13200000e-04  1.70462876e-07 
 4.13300000e-04  1.70377537e-07 
 4.13400000e-04  1.70301201e-07 
 4.13500000e-04  1.70267067e-07 
 4.13600000e-04  1.56386682e-07 
 4.13700000e-04  1.55976078e-07 
 4.13800000e-04  1.55757621e-07 
 4.13900000e-04  1.55585067e-07 
 4.14000000e-04  1.55459723e-07 
 4.14100000e-04  1.72591784e-07 
 4.14200000e-04  1.72192002e-07 
 4.14300000e-04  1.72050740e-07 
 4.14400000e-04  1.71926354e-07 
 4.14500000e-04  1.71856666e-07 
 4.14600000e-04  1.61805572e-07 
 4.14700000e-04  1.61451291e-07 
 4.14800000e-04  1.61264697e-07 
 4.14900000e-04  1.61145331e-07 
 4.15000000e-04  1.61095180e-07 
 4.15100000e-04  1.70286867e-07 
 4.15200000e-04  1.69969660e-07 
 4.15300000e-04  1.69864990e-07 
 4.15400000e-04  1.69775209e-07 
 4.15500000e-04  1.69733913e-07 
 4.15600000e-04  1.55934903e-07 
 4.15700000e-04  1.55433253e-07 
 4.15800000e-04  1.55192436e-07 
 4.15900000e-04  1.55008015e-07 
 4.16000000e-04  1.54881629e-07 
 4.16100000e-04  1.70946253e-07 
 4.16200000e-04  1.70749868e-07 
 4.16300000e-04  1.70657761e-07 
 4.16400000e-04  1.70572909e-07 
 4.16500000e-04  1.70524442e-07 
 4.16600000e-04  1.57895842e-07 
 4.16700000e-04  1.57531749e-07 
 4.16800000e-04  1.57352433e-07 
 4.16900000e-04  1.57220782e-07 
 4.17000000e-04  1.57138157e-07 
 4.17100000e-04  1.70700519e-07 
 4.17200000e-04  1.70479279e-07 
 4.17300000e-04  1.70392584e-07 
 4.17400000e-04  1.70315291e-07 
 4.17500000e-04  1.70269660e-07 
 4.17600000e-04  1.56394041e-07 
 4.17700000e-04  1.55979820e-07 
 4.17800000e-04  1.55752492e-07 
 4.17900000e-04  1.55583952e-07 
 4.18000000e-04  1.55475913e-07 
 4.18100000e-04  1.72075926e-07 
 4.18200000e-04  1.71770711e-07 
 4.18300000e-04  1.71653810e-07 
 4.18400000e-04  1.71549686e-07 
 4.18500000e-04  1.71496665e-07 
 4.18600000e-04  1.60161547e-07 
 4.18700000e-04  1.59791968e-07 
 4.18800000e-04  1.59605191e-07 
 4.18900000e-04  1.59474935e-07 
 4.19000000e-04  1.59402681e-07 
 4.19100000e-04  1.72699799e-07 
 4.19200000e-04  1.72031184e-07 
 4.19300000e-04  1.71809185e-07 
 4.19400000e-04  1.71703600e-07 
 4.19500000e-04  1.71635630e-07 
 4.19600000e-04  1.57305520e-07 
 4.19700000e-04  1.56687057e-07 
 4.19800000e-04  1.56416739e-07 
 4.19900000e-04  1.56229437e-07 
 4.20000000e-04  1.56126774e-07 
 4.20100000e-04  1.03758496e-04 
 4.20200000e-04  1.03758091e-04 
 4.20300000e-04  1.03757967e-04 
 4.20400000e-04  1.03757862e-04 
 4.20500000e-04  1.03757792e-04 
 4.20600000e-04  1.03745152e-04 
 4.20700000e-04  1.03744765e-04 
 4.20800000e-04  1.03744580e-04 
 4.20900000e-04  1.03744445e-04 
 4.21000000e-04  1.03744362e-04 
 4.21100000e-04  1.72470455e-07 
 4.21200000e-04  1.72202822e-07 
 4.21300000e-04  1.72109975e-07 
 4.21400000e-04  1.72029037e-07 
 4.21500000e-04  1.71981705e-07 
 4.21600000e-04  1.58084970e-07 
 4.21700000e-04  1.57655509e-07 
 4.21800000e-04  1.57427580e-07 
 4.21900000e-04  1.57264857e-07 
 4.22000000e-04  1.57169254e-07 
 4.22100000e-04  1.75439842e-07 
 4.22200000e-04  1.74809405e-07 
 4.22300000e-04  1.74602358e-07 
 4.22400000e-04  1.74423652e-07 
 4.22500000e-04  1.74346487e-07 
 4.22600000e-04  1.66805492e-07 
 4.22700000e-04  1.66456533e-07 
 4.22800000e-04  1.66278409e-07 
 4.22900000e-04  1.66174030e-07 
 4.23000000e-04  1.66145583e-07 
 4.23100000e-04  1.71736891e-07 
 4.23200000e-04  1.70926515e-07 
 4.23300000e-04  1.70676609e-07 
 4.23400000e-04  1.70464879e-07 
 4.23500000e-04  1.70373749e-07 
 4.23600000e-04  1.56585356e-07 
 4.23700000e-04  1.56008196e-07 
 4.23800000e-04  1.55748801e-07 
 4.23900000e-04  1.55551582e-07 
 4.24000000e-04  1.55418352e-07 
 4.24100000e-04  1.71513893e-07 
 4.24200000e-04  1.71308138e-07 
 4.24300000e-04  1.71214663e-07 
 4.24400000e-04  1.71129260e-07 
 4.24500000e-04  1.71097013e-07 
 4.24600000e-04  1.58403917e-07 
 4.24700000e-04  1.58053564e-07 
 4.24800000e-04  1.57858948e-07 
 4.24900000e-04  1.57724098e-07 
 4.25000000e-04  1.57650756e-07 
 4.25100000e-04  1.71236490e-07 
 4.25200000e-04  1.70999095e-07 
 4.25300000e-04  1.70909673e-07 
 4.25400000e-04  1.70830691e-07 
 4.25500000e-04  1.70796811e-07 
 4.25600000e-04  1.56873928e-07 
 4.25700000e-04  1.56477711e-07 
 4.25800000e-04  1.56246161e-07 
 4.25900000e-04  1.56074421e-07 
 4.26000000e-04  1.55964234e-07 
 4.26100000e-04  1.72607931e-07 
 4.26200000e-04  1.72308146e-07 
 4.26300000e-04  1.72185524e-07 
 4.26400000e-04  1.72075091e-07 
 4.26500000e-04  1.72018329e-07 
 4.26600000e-04  1.60637028e-07 
 4.26700000e-04  1.60289330e-07 
 4.26800000e-04  1.60100215e-07 
 4.26900000e-04  1.59972177e-07 
 4.27000000e-04  1.59906996e-07 
 4.27100000e-04  1.71305225e-07 
 4.27200000e-04  1.71044427e-07 
 4.27300000e-04  1.70945700e-07 
 4.27400000e-04  1.70857627e-07 
 4.27500000e-04  1.70805074e-07 
 4.27600000e-04  1.56925173e-07 
 4.27700000e-04  1.56473041e-07 
 4.27800000e-04  1.56248175e-07 
 4.27900000e-04  1.56079389e-07 
 4.28000000e-04  1.55968305e-07 
 4.28100000e-04  1.72072205e-07 
 4.28200000e-04  1.71867450e-07 
 4.28300000e-04  1.71782634e-07 
 4.28400000e-04  1.71706474e-07 
 4.28500000e-04  1.71658790e-07 
 4.28600000e-04  1.58965842e-07 
 4.28700000e-04  1.58614759e-07 
 4.28800000e-04  1.58433935e-07 
 4.28900000e-04  1.58301438e-07 
 4.29000000e-04  1.58218640e-07 
 4.29100000e-04  1.71827352e-07 
 4.29200000e-04  1.71591937e-07 
 4.29300000e-04  1.71509684e-07 
 4.29400000e-04  1.71438382e-07 
 4.29500000e-04  1.71410286e-07 
 4.29600000e-04  1.57445904e-07 
 4.29700000e-04  1.57062822e-07 
 4.29800000e-04  1.56829457e-07 
 4.29900000e-04  1.56658739e-07 
 4.30000000e-04  1.56552495e-07 
 4.30100000e-04  1.73751451e-07 
 4.30200000e-04  1.73338578e-07 
 4.30300000e-04  1.73186613e-07 
 4.30400000e-04  1.73051940e-07 
 4.30500000e-04  1.73001917e-07 
 4.30600000e-04  1.62887894e-07 
 4.30700000e-04  1.62515400e-07 
 4.30800000e-04  1.62337552e-07 
 4.30900000e-04  1.62219056e-07 
 4.31000000e-04  1.62161630e-07 
 4.31100000e-04  1.71418217e-07 
 4.31200000e-04  1.71111729e-07 
 4.31300000e-04  1.70994084e-07 
 4.31400000e-04  1.70888746e-07 
 4.31500000e-04  1.70850692e-07 
 4.31600000e-04  1.56993220e-07 
 4.31700000e-04  1.56514642e-07 
 4.31800000e-04  1.56273757e-07 
 4.31900000e-04  1.56091426e-07 
 4.32000000e-04  1.55969342e-07 
 4.32100000e-04  1.72093488e-07 
 4.32200000e-04  1.71899737e-07 
 4.32300000e-04  1.71808063e-07 
 4.32400000e-04  1.71723698e-07 
 4.32500000e-04  1.71659533e-07 
 4.32600000e-04  1.58973180e-07 
 4.32700000e-04  1.58623228e-07 
 4.32800000e-04  1.58436932e-07 
 4.32900000e-04  1.58301975e-07 
 4.33000000e-04  1.58219819e-07 
 4.33100000e-04  1.71835883e-07 
 4.33200000e-04  1.71595318e-07 
 4.33300000e-04  1.71511624e-07 
 4.33400000e-04  1.71439443e-07 
 4.33500000e-04  1.71394120e-07 
 4.33600000e-04  1.57460124e-07 
 4.33700000e-04  1.57053273e-07 
 4.33800000e-04  1.56843525e-07 
 4.33900000e-04  1.56680579e-07 
 4.34000000e-04  1.56565754e-07 
 4.34100000e-04  1.73211522e-07 
 4.34200000e-04  1.72896097e-07 
 4.34300000e-04  1.72781172e-07 
 4.34400000e-04  1.72680279e-07 
 4.34500000e-04  1.72645563e-07 
 4.34600000e-04  1.61209078e-07 
 4.34700000e-04  1.60867924e-07 
 4.34800000e-04  1.60678606e-07 
 4.34900000e-04  1.60550441e-07 
 4.35000000e-04  1.60485200e-07 
 4.35100000e-04  1.71917239e-07 
 4.35200000e-04  1.71655866e-07 
 4.35300000e-04  1.71560376e-07 
 4.35400000e-04  1.71475677e-07 
 4.35500000e-04  1.71422806e-07 
 4.35600000e-04  1.57505174e-07 
 4.35700000e-04  1.57060304e-07 
 4.35800000e-04  1.56830097e-07 
 4.35900000e-04  1.56665634e-07 
 4.36000000e-04  1.56568834e-07 
 4.36100000e-04  1.72685867e-07 
 4.36200000e-04  1.72486063e-07 
 4.36300000e-04  1.72395832e-07 
 4.36400000e-04  1.72313320e-07 
 4.36500000e-04  1.72269622e-07 
 4.36600000e-04  1.59548003e-07 
 4.36700000e-04  1.59195784e-07 
 4.36800000e-04  1.59014928e-07 
 4.36900000e-04  1.58885340e-07 
 4.37000000e-04  1.58808476e-07 
 4.37100000e-04  1.72458444e-07 
 4.37200000e-04  1.72208007e-07 
 4.37300000e-04  1.72122562e-07 
 4.37400000e-04  1.72049703e-07 
 4.37500000e-04  1.72010944e-07 
 4.37600000e-04  1.58050240e-07 
 4.37700000e-04  1.57631434e-07 
 4.37800000e-04  1.57426807e-07 
 4.37900000e-04  1.57264189e-07 
 4.38000000e-04  1.57144743e-07 
 4.38100000e-04  1.74897952e-07 
 4.38200000e-04  1.74364423e-07 
 4.38300000e-04  1.74184999e-07 
 4.38400000e-04  1.74029635e-07 
 4.38500000e-04  1.73971083e-07 
 4.38600000e-04  1.65131795e-07 
 4.38700000e-04  1.64782191e-07 
 4.38800000e-04  1.64604319e-07 
 4.38900000e-04  1.64491891e-07 
 4.39000000e-04  1.64446813e-07 
 4.39100000e-04  1.71715897e-07 
 4.39200000e-04  1.71307309e-07 
 4.39300000e-04  1.71155530e-07 
 4.39400000e-04  1.71020807e-07 
 4.39500000e-04  1.70938193e-07 
 4.39600000e-04  1.57113282e-07 
 4.39700000e-04  1.56560056e-07 
 4.39800000e-04  1.56315771e-07 
 4.39900000e-04  1.56127926e-07 
 4.40000000e-04  1.55998141e-07 
 4.40100000e-04  1.72129595e-07 
 4.40200000e-04  1.71909386e-07 
 4.40300000e-04  1.71811553e-07 
 4.40400000e-04  1.71722732e-07 
 4.40500000e-04  1.71693388e-07 
 4.40600000e-04  1.58990616e-07 
 4.40700000e-04  1.58632033e-07 
 4.40800000e-04  1.58437686e-07 
 4.40900000e-04  1.58298969e-07 
 4.41000000e-04  1.58217482e-07 
 4.41100000e-04  1.71848890e-07 
 4.41200000e-04  1.71609719e-07 
 4.41300000e-04  1.71520488e-07 
 4.41400000e-04  1.71442110e-07 
 4.41500000e-04  1.71402747e-07 
 4.41600000e-04  1.57472459e-07 
 4.41700000e-04  1.57078179e-07 
 4.41800000e-04  1.56841782e-07 
 4.41900000e-04  1.56665889e-07 
 4.42000000e-04  1.56552247e-07 
 4.42100000e-04  1.73227271e-07 
 4.42200000e-04  1.72921972e-07 
 4.42300000e-04  1.72801652e-07 
 4.42400000e-04  1.72693770e-07 
 4.42500000e-04  1.72629135e-07 
 4.42600000e-04  1.61226702e-07 
 4.42700000e-04  1.60862621e-07 
 4.42800000e-04  1.60683267e-07 
 4.42900000e-04  1.60557327e-07 
 4.43000000e-04  1.60486323e-07 
 4.43100000e-04  1.71927199e-07 
 4.43200000e-04  1.71647484e-07 
 4.43300000e-04  1.71545175e-07 
 4.43400000e-04  1.71454739e-07 
 4.43500000e-04  1.71427864e-07 
 4.43600000e-04  1.57505898e-07 
 4.43700000e-04  1.57057652e-07 
 4.43800000e-04  1.56835758e-07 
 4.43900000e-04  1.56666076e-07 
 4.44000000e-04  1.56550083e-07 
 4.44100000e-04  1.72707763e-07 
 4.44200000e-04  1.72486462e-07 
 4.44300000e-04  1.72397828e-07 
 4.44400000e-04  1.72319869e-07 
 4.44500000e-04  1.72268829e-07 
 4.44600000e-04  1.59549986e-07 
 4.44700000e-04  1.59185178e-07 
 4.44800000e-04  1.59005243e-07 
 4.44900000e-04  1.58883388e-07 
 4.45000000e-04  1.58821280e-07 
 4.45100000e-04  1.72461097e-07 
 4.45200000e-04  1.72220386e-07 
 4.45300000e-04  1.72126098e-07 
 4.45400000e-04  1.72042159e-07 
 4.45500000e-04  1.72006941e-07 
 4.45600000e-04  1.58033011e-07 
 4.45700000e-04  1.57632907e-07 
 4.45800000e-04  1.57416725e-07 
 4.45900000e-04  1.57257287e-07 
 4.46000000e-04  1.57156215e-07 
 4.46100000e-04  1.74365101e-07 
 4.46200000e-04  1.73941075e-07 
 4.46300000e-04  1.73803672e-07 
 4.46400000e-04  1.73686063e-07 
 4.46500000e-04  1.73631302e-07 
 4.46600000e-04  1.63459572e-07 
 4.46700000e-04  1.63112903e-07 
 4.46800000e-04  1.62935209e-07 
 4.46900000e-04  1.62821495e-07 
 4.47000000e-04  1.62773617e-07 
 4.47100000e-04  1.72050521e-07 
 4.47200000e-04  1.71739896e-07 
 4.47300000e-04  1.71621296e-07 
 4.47400000e-04  1.71515105e-07 
 4.47500000e-04  1.71471177e-07 
 4.47600000e-04  1.57597192e-07 
 4.47700000e-04  1.57094822e-07 
 4.47800000e-04  1.56857930e-07 
 4.47900000e-04  1.56685069e-07 
 4.48000000e-04  1.56578093e-07 
 4.48100000e-04  1.72729460e-07 
 4.48200000e-04  1.72509103e-07 
 4.48300000e-04  1.72411870e-07 
 4.48400000e-04  1.72323965e-07 
 4.48500000e-04  1.72272774e-07 
 4.48600000e-04  1.59552712e-07 
 4.48700000e-04  1.59194648e-07 
 4.48800000e-04  1.59020848e-07 
 4.48900000e-04  1.58899826e-07 
 4.49000000e-04  1.58833075e-07 
 4.49100000e-04  1.72461853e-07 
 4.49200000e-04  1.72231664e-07 
 4.49300000e-04  1.72141142e-07 
 4.49400000e-04  1.72060312e-07 
 4.49500000e-04  1.72015571e-07 
 4.49600000e-04  1.58039492e-07 
 4.49700000e-04  1.57637898e-07 
 4.49800000e-04  1.57420674e-07 
 4.49900000e-04  1.57258387e-07 
 4.50000000e-04  1.57152595e-07 
 4.50100000e-04  1.73845326e-07 
 4.50200000e-04  1.73538900e-07 
 4.50300000e-04  1.73411054e-07 
 4.50400000e-04  1.73294976e-07 
 4.50500000e-04  1.73247001e-07 
 4.50600000e-04  1.61819236e-07 
 4.50700000e-04  1.61445451e-07 
 4.50800000e-04  1.61263453e-07 
 4.50900000e-04  1.61145668e-07 
 4.51000000e-04  1.61093947e-07 
 4.51100000e-04  1.72546632e-07 
 4.51200000e-04  1.72274621e-07 
 4.51300000e-04  1.72168415e-07 
 4.51400000e-04  1.72073244e-07 
 4.51500000e-04  1.72051849e-07 
 4.51600000e-04  1.58094833e-07 
 4.51700000e-04  1.57659014e-07 
 4.51800000e-04  1.57427388e-07 
 4.51900000e-04  1.57259827e-07 
 4.52000000e-04  1.57158180e-07 
 4.52100000e-04  1.73327842e-07 
 4.52200000e-04  1.73111927e-07 
 4.52300000e-04  1.73024717e-07 
 4.52400000e-04  1.72947180e-07 
 4.52500000e-04  1.72897888e-07 
 4.52600000e-04  1.60147672e-07 
 4.52700000e-04  1.59784203e-07 
 4.52800000e-04  1.59611474e-07 
 4.52900000e-04  1.59487111e-07 
 4.53000000e-04  1.59412462e-07 
 4.53100000e-04  1.73079608e-07 
 4.53200000e-04  1.72829346e-07 
 4.53300000e-04  1.72736488e-07 
 4.53400000e-04  1.72655154e-07 
 4.53500000e-04  1.72624652e-07 
 4.53600000e-04  1.58638509e-07 
 4.53700000e-04  1.58237756e-07 
 4.53800000e-04  1.58021347e-07 
 4.53900000e-04  1.57854564e-07 
 4.54000000e-04  1.57738800e-07 
 4.54100000e-04  1.76576482e-07 
 4.54200000e-04  1.75832666e-07 
 4.54300000e-04  1.75599756e-07 
 4.54400000e-04  1.75400467e-07 
 4.54500000e-04  1.75331191e-07 
 4.54600000e-04  1.69051272e-07 
 4.54700000e-04  1.68676662e-07 
 4.54800000e-04  1.68517742e-07 
 4.54900000e-04  1.68427887e-07 
 4.55000000e-04  1.68409098e-07 
 4.55100000e-04  1.71868062e-07 
 4.55200000e-04  1.70916054e-07 
 4.55300000e-04  1.70657713e-07 
 4.55400000e-04  1.70443430e-07 
 4.55500000e-04  1.70346073e-07 
 4.55600000e-04  1.56607434e-07 
 4.55700000e-04  1.56002076e-07 
 4.55800000e-04  1.55724667e-07 
 4.55900000e-04  1.55530550e-07 
 4.56000000e-04  1.55422182e-07 
 4.56100000e-04  1.71519787e-07 
 4.56200000e-04  1.71321109e-07 
 4.56300000e-04  1.71217472e-07 
 4.56400000e-04  1.71120680e-07 
 4.56500000e-04  1.71087957e-07 
 4.56600000e-04  1.58394659e-07 
 4.56700000e-04  1.58038959e-07 
 4.56800000e-04  1.57853331e-07 
 4.56900000e-04  1.57718763e-07 
 4.57000000e-04  1.57636691e-07 
 4.57100000e-04  1.71234311e-07 
 4.57200000e-04  1.70996874e-07 
 4.57300000e-04  1.70911832e-07 
 4.57400000e-04  1.70837810e-07 
 4.57500000e-04  1.70802032e-07 
 4.57600000e-04  1.56872988e-07 
 4.57700000e-04  1.56478371e-07 
 4.57800000e-04  1.56254429e-07 
 4.57900000e-04  1.56084662e-07 
 4.58000000e-04  1.55970600e-07 
 4.58100000e-04  1.72604421e-07 
 4.58200000e-04  1.72301532e-07 
 4.58300000e-04  1.72185588e-07 
 4.58400000e-04  1.72082585e-07 
 4.58500000e-04  1.72021244e-07 
 4.58600000e-04  1.60635614e-07 
 4.58700000e-04  1.60283434e-07 
 4.58800000e-04  1.60091827e-07 
 4.58900000e-04  1.59963325e-07 
 4.59000000e-04  1.59899741e-07 
 4.59100000e-04  1.71313475e-07 
 4.59200000e-04  1.71042526e-07 
 4.59300000e-04  1.70944376e-07 
 4.59400000e-04  1.70857757e-07 
 4.59500000e-04  1.70821656e-07 
 4.59600000e-04  1.56926010e-07 
 4.59700000e-04  1.56491156e-07 
 4.59800000e-04  1.56247792e-07 
 4.59900000e-04  1.56072329e-07 
 4.60000000e-04  1.55966731e-07 
 4.60100000e-04  1.72072903e-07 
 4.60200000e-04  1.71880656e-07 
 4.60300000e-04  1.71786951e-07 
 4.60400000e-04  1.71699847e-07 
 4.60500000e-04  1.71656531e-07 
 4.60600000e-04  1.58958038e-07 
 4.60700000e-04  1.58611196e-07 
 4.60800000e-04  1.58421005e-07 
 4.60900000e-04  1.58290499e-07 
 4.61000000e-04  1.58221376e-07 
 4.61100000e-04  1.71849264e-07 
 4.61200000e-04  1.71605524e-07 
 4.61300000e-04  1.71517467e-07 
 4.61400000e-04  1.71441074e-07 
 4.61500000e-04  1.71399786e-07 
 4.61600000e-04  1.57457594e-07 
 4.61700000e-04  1.57047365e-07 
 4.61800000e-04  1.56824797e-07 
 4.61900000e-04  1.56659398e-07 
 4.62000000e-04  1.56552787e-07 
 4.62100000e-04  1.73739935e-07 
 4.62200000e-04  1.73333044e-07 
 4.62300000e-04  1.73191244e-07 
 4.62400000e-04  1.73067083e-07 
 4.62500000e-04  1.73002272e-07 
 4.62600000e-04  1.62879502e-07 
 4.62700000e-04  1.62525744e-07 
 4.62800000e-04  1.62342665e-07 
 4.62900000e-04  1.62226230e-07 
 4.63000000e-04  1.62178356e-07 
 4.63100000e-04  1.71417118e-07 
 4.63200000e-04  1.71108548e-07 
 4.63300000e-04  1.70995473e-07 
 4.63400000e-04  1.70895260e-07 
 4.63500000e-04  1.70851746e-07 
 4.63600000e-04  1.57000878e-07 
 4.63700000e-04  1.56494820e-07 
 4.63800000e-04  1.56264276e-07 
 4.63900000e-04  1.56088979e-07 
 4.64000000e-04  1.55970486e-07 
 4.64100000e-04  1.72091548e-07 
 4.64200000e-04  1.71880081e-07 
 4.64300000e-04  1.71787537e-07 
 4.64400000e-04  1.71703835e-07 
 4.64500000e-04  1.71668640e-07 
 4.64600000e-04  1.58967749e-07 
 4.64700000e-04  1.58614675e-07 
 4.64800000e-04  1.58423022e-07 
 4.64900000e-04  1.58293426e-07 
 4.65000000e-04  1.58227664e-07 
 4.65100000e-04  1.71839807e-07 
 4.65200000e-04  1.71598791e-07 
 4.65300000e-04  1.71511504e-07 
 4.65400000e-04  1.71435248e-07 
 4.65500000e-04  1.71394932e-07 
 4.65600000e-04  1.57459703e-07 
 4.65700000e-04  1.57061564e-07 
 4.65800000e-04  1.56829620e-07 
 4.65900000e-04  1.56656532e-07 
 4.66000000e-04  1.56543969e-07 
 4.66100000e-04  1.73208980e-07 
 4.66200000e-04  1.72898019e-07 
 4.66300000e-04  1.72791732e-07 
 4.66400000e-04  1.72699655e-07 
 4.66500000e-04  1.72630009e-07 
 4.66600000e-04  1.61220505e-07 
 4.66700000e-04  1.60861926e-07 
 4.66800000e-04  1.60681397e-07 
 4.66900000e-04  1.60555466e-07 
 4.67000000e-04  1.60485666e-07 
 4.67100000e-04  1.71915173e-07 
 4.67200000e-04  1.71640256e-07 
 4.67300000e-04  1.71542576e-07 
 4.67400000e-04  1.71456805e-07 
 4.67500000e-04  1.71423687e-07 
 4.67600000e-04  1.57504203e-07 
 4.67700000e-04  1.57057609e-07 
 4.67800000e-04  1.56831151e-07 
 4.67900000e-04  1.56660690e-07 
 4.68000000e-04  1.56547809e-07 
 4.68100000e-04  1.72687227e-07 
 4.68200000e-04  1.72501568e-07 
 4.68300000e-04  1.72403416e-07 
 4.68400000e-04  1.72310511e-07 
 4.68500000e-04  1.72263471e-07 
 4.68600000e-04  1.59544816e-07 
 4.68700000e-04  1.59203673e-07 
 4.68800000e-04  1.59022800e-07 
 4.68900000e-04  1.58894249e-07 
 4.69000000e-04  1.58819486e-07 
 4.69100000e-04  1.72458833e-07 
 4.69200000e-04  1.72222315e-07 
 4.69300000e-04  1.72132141e-07 
 4.69400000e-04  1.72052157e-07 
 4.69500000e-04  1.72009524e-07 
 4.69600000e-04  1.58052151e-07 
 4.69700000e-04  1.57631162e-07 
 4.69800000e-04  1.57412083e-07 
 4.69900000e-04  1.57250006e-07 
 4.70000000e-04  1.57146541e-07 
 4.70100000e-04  1.74900485e-07 
 4.70200000e-04  1.74375604e-07 
 4.70300000e-04  1.74199494e-07 
 4.70400000e-04  1.74046809e-07 
 4.70500000e-04  1.73966713e-07 
 4.70600000e-04  1.65140011e-07 
 4.70700000e-04  1.64777178e-07 
 4.70800000e-04  1.64608122e-07 
 4.70900000e-04  1.64499855e-07 
 4.71000000e-04  1.64454104e-07 
 4.71100000e-04  1.71719034e-07 
 4.71200000e-04  1.71308057e-07 
 4.71300000e-04  1.71147342e-07 
 4.71400000e-04  1.71003347e-07 
 4.71500000e-04  1.70945420e-07 
 4.71600000e-04  1.57095056e-07 
 4.71700000e-04  1.56563087e-07 
 4.71800000e-04  1.56310536e-07 
 4.71900000e-04  1.56125242e-07 
 4.72000000e-04  1.56009140e-07 
 4.72100000e-04  1.72120417e-07 
 4.72200000e-04  1.71930034e-07 
 4.72300000e-04  1.71829903e-07 
 4.72400000e-04  1.71735783e-07 
 4.72500000e-04  1.71689811e-07 
 4.72600000e-04  1.58984419e-07 
 4.72700000e-04  1.58630005e-07 
 4.72800000e-04  1.58437478e-07 
 4.72900000e-04  1.58304910e-07 
 4.73000000e-04  1.58233991e-07 
 4.73100000e-04  1.71850222e-07 
 4.73200000e-04  1.71607964e-07 
 4.73300000e-04  1.71525928e-07 
 4.73400000e-04  1.71455316e-07 
 4.73500000e-04  1.71425139e-07 
 4.73600000e-04  1.57478278e-07 
 4.73700000e-04  1.57051588e-07 
 4.73800000e-04  1.56833343e-07 
 4.73900000e-04  1.56673032e-07 
 4.74000000e-04  1.56572284e-07 
 4.74100000e-04  1.73219696e-07 
 4.74200000e-04  1.72912251e-07 
 4.74300000e-04  1.72796765e-07 
 4.74400000e-04  1.72694573e-07 
 4.74500000e-04  1.72630819e-07 
 4.74600000e-04  1.61215549e-07 
 4.74700000e-04  1.60863811e-07 
 4.74800000e-04  1.60684331e-07 
 4.74900000e-04  1.60558520e-07 
 4.75000000e-04  1.60487875e-07 
 4.75100000e-04  1.71918884e-07 
 4.75200000e-04  1.71653117e-07 
 4.75300000e-04  1.71554377e-07 
 4.75400000e-04  1.71466618e-07 
 4.75500000e-04  1.71432544e-07 
 4.75600000e-04  1.57507226e-07 
 4.75700000e-04  1.57058694e-07 
 4.75800000e-04  1.56834315e-07 
 4.75900000e-04  1.56669330e-07 
 4.76000000e-04  1.56565413e-07 
 4.76100000e-04  1.72697479e-07 
 4.76200000e-04  1.72491541e-07 
 4.76300000e-04  1.72402561e-07 
 4.76400000e-04  1.72322410e-07 
 4.76500000e-04  1.72283266e-07 
 4.76600000e-04  1.59544620e-07 
 4.76700000e-04  1.59206815e-07 
 4.76800000e-04  1.59021265e-07 
 4.76900000e-04  1.58886048e-07 
 4.77000000e-04  1.58802553e-07 
 4.77100000e-04  1.72461972e-07 
 4.77200000e-04  1.72215645e-07 
 4.77300000e-04  1.72132583e-07 
 4.77400000e-04  1.72061488e-07 
 4.77500000e-04  1.72023223e-07 
 4.77600000e-04  1.58041369e-07 
 4.77700000e-04  1.57653418e-07 
 4.77800000e-04  1.57434656e-07 
 4.77900000e-04  1.57269067e-07 
 4.78000000e-04  1.57158134e-07 
 4.78100000e-04  1.74366408e-07 
 4.78200000e-04  1.73942112e-07 
 4.78300000e-04  1.73792720e-07 
 4.78400000e-04  1.73661791e-07 
 4.78500000e-04  1.73606967e-07 
 4.78600000e-04  1.63473908e-07 
 4.78700000e-04  1.63104700e-07 
 4.78800000e-04  1.62938334e-07 
 4.78900000e-04  1.62829131e-07 
 4.79000000e-04  1.62778694e-07 
 4.79100000e-04  1.72047535e-07 
 4.79200000e-04  1.71747551e-07 
 4.79300000e-04  1.71632489e-07 
 4.79400000e-04  1.71529060e-07 
 4.79500000e-04  1.71473486e-07 
 4.79600000e-04  1.57590819e-07 
 4.79700000e-04  1.57096154e-07 
 4.79800000e-04  1.56863261e-07 
 4.79900000e-04  1.56683491e-07 
 4.80000000e-04  1.56558322e-07 
 4.80100000e-04  1.72723298e-07 
 4.80200000e-04  1.72509724e-07 
 4.80300000e-04  1.72420058e-07 
 4.80400000e-04  1.72339631e-07 
 4.80500000e-04  1.72272972e-07 
 4.80600000e-04  1.59552830e-07 
 4.80700000e-04  1.59190631e-07 
 4.80800000e-04  1.59013880e-07 
 4.80900000e-04  1.58892582e-07 
 4.81000000e-04  1.58828282e-07 
 4.81100000e-04  1.72465203e-07 
 4.81200000e-04  1.72221438e-07 
 4.81300000e-04  1.72130340e-07 
 4.81400000e-04  1.72050406e-07 
 4.81500000e-04  1.72015234e-07 
 4.81600000e-04  1.58047686e-07 
 4.81700000e-04  1.57661130e-07 
 4.81800000e-04  1.57437963e-07 
 4.81900000e-04  1.57268012e-07 
 4.82000000e-04  1.57152755e-07 
 4.82100000e-04  1.73849424e-07 
 4.82200000e-04  1.73532883e-07 
 4.82300000e-04  1.73417550e-07 
 4.82400000e-04  1.73316380e-07 
 4.82500000e-04  1.73257939e-07 
 4.82600000e-04  1.61794402e-07 
 4.82700000e-04  1.61457742e-07 
 4.82800000e-04  1.61276231e-07 
 4.82900000e-04  1.61154871e-07 
 4.83000000e-04  1.61095357e-07 
 4.83100000e-04  1.72554995e-07 
 4.83200000e-04  1.72264850e-07 
 4.83300000e-04  1.72165709e-07 
 4.83400000e-04  1.72079665e-07 
 4.83500000e-04  1.72056690e-07 
 4.83600000e-04  1.58103840e-07 
 4.83700000e-04  1.57672064e-07 
 4.83800000e-04  1.57430816e-07 
 4.83900000e-04  1.57259740e-07 
 4.84000000e-04  1.57160844e-07 
 4.84100000e-04  1.73323936e-07 
 4.84200000e-04  1.73111882e-07 
 4.84300000e-04  1.73023196e-07 
 4.84400000e-04  1.72944068e-07 
 4.84500000e-04  1.72894754e-07 
 4.84600000e-04  1.60146659e-07 
 4.84700000e-04  1.59797488e-07 
 4.84800000e-04  1.59617511e-07 
 4.84900000e-04  1.59482101e-07 
 4.85000000e-04  1.59392453e-07 
 4.85100000e-04  1.73084645e-07 
 4.85200000e-04  1.72831538e-07 
 4.85300000e-04  1.72737180e-07 
 4.85400000e-04  1.72654429e-07 
 4.85500000e-04  1.72637033e-07 
 4.85600000e-04  1.58619069e-07 
 4.85700000e-04  1.58245619e-07 
 4.85800000e-04  1.58023423e-07 
 4.85900000e-04  1.57853269e-07 
 4.86000000e-04  1.57736594e-07 
 4.86100000e-04  1.76056202e-07 
 4.86200000e-04  1.75411572e-07 
 4.86300000e-04  1.75209227e-07 
 4.86400000e-04  1.75036856e-07 
 4.86500000e-04  1.74971097e-07 
 4.86600000e-04  1.67379509e-07 
 4.86700000e-04  1.67041492e-07 
 4.86800000e-04  1.66863136e-07 
 4.86900000e-04  1.66756332e-07 
 4.87000000e-04  1.66723133e-07 
 4.87100000e-04  1.72350188e-07 
 4.87200000e-04  1.71538394e-07 
 4.87300000e-04  1.71292494e-07 
 4.87400000e-04  1.71085050e-07 
 4.87500000e-04  1.70986956e-07 
 4.87600000e-04  1.57175618e-07 
 4.87700000e-04  1.56586369e-07 
 4.87800000e-04  1.56330852e-07 
 4.87900000e-04  1.56141494e-07 
 4.88000000e-04  1.56020175e-07 
 4.88100000e-04  1.72144326e-07 
 4.88200000e-04  1.71928244e-07 
 4.88300000e-04  1.71834338e-07 
 4.88400000e-04  1.71749609e-07 
 4.88500000e-04  1.71702725e-07 
 4.88600000e-04  1.58992748e-07 
 4.88700000e-04  1.58632478e-07 
 4.88800000e-04  1.58452419e-07 
 4.88900000e-04  1.58322033e-07 
 4.89000000e-04  1.58242945e-07 
 4.89100000e-04  1.72018104e-07 
 4.89200000e-04  1.71674489e-07 
 4.89300000e-04  1.71543199e-07 
 4.89400000e-04  1.71476917e-07 
 4.89500000e-04  1.71425784e-07 
 4.89600000e-04  1.57488807e-07 
 4.89700000e-04  1.57088332e-07 
 4.89800000e-04  1.56863518e-07 
 4.89900000e-04  1.56689400e-07 
 4.90000000e-04  1.56567399e-07 
 4.90100000e-04  1.73227506e-07 
 4.90200000e-04  1.72913533e-07 
 4.90300000e-04  1.72804420e-07 
 4.90400000e-04  1.72710254e-07 
 4.90500000e-04  1.72639406e-07 
 4.90600000e-04  1.61234952e-07 
 4.90700000e-04  1.60871289e-07 
 4.90800000e-04  1.60691159e-07 
 4.90900000e-04  1.60567715e-07 
 4.91000000e-04  1.60502591e-07 
 4.91100000e-04  1.71927402e-07 
 4.91200000e-04  1.71658555e-07 
 4.91300000e-04  1.71562992e-07 
 4.91400000e-04  1.71478609e-07 
 4.91500000e-04  1.71438657e-07 
 4.91600000e-04  1.57519469e-07 
 4.91700000e-04  1.57086453e-07 
 4.91800000e-04  1.56849076e-07 
 4.91900000e-04  1.56675908e-07 
 4.92000000e-04  1.56568841e-07 
 4.92100000e-04  1.72691360e-07 
 4.92200000e-04  1.72504715e-07 
 4.92300000e-04  1.72409806e-07 
 4.92400000e-04  1.72321080e-07 
 4.92500000e-04  1.72270247e-07 
 4.92600000e-04  1.59546073e-07 
 4.92700000e-04  1.59189071e-07 
 4.92800000e-04  1.59017605e-07 
 4.92900000e-04  1.58897323e-07 
 4.93000000e-04  1.58829728e-07 
 4.93100000e-04  1.72462718e-07 
 4.93200000e-04  1.72238636e-07 
 4.93300000e-04  1.72139575e-07 
 4.93400000e-04  1.72048645e-07 
 4.93500000e-04  1.72026329e-07 
 4.93600000e-04  1.58054516e-07 
 4.93700000e-04  1.57658105e-07 
 4.93800000e-04  1.57438766e-07 
 4.93900000e-04  1.57269316e-07 
 4.94000000e-04  1.57151360e-07 
 4.94100000e-04  1.74801971e-07 
 4.94200000e-04  1.74151868e-07 
 4.94300000e-04  1.73951797e-07 
 4.94400000e-04  1.73880101e-07 
 4.94500000e-04  1.73834236e-07 
 4.94600000e-04  1.63764348e-07 
 4.94700000e-04  1.63425777e-07 
 4.94800000e-04  1.63221748e-07 
 4.94900000e-04  1.63072809e-07 
 4.95000000e-04  1.62980626e-07 
 4.95100000e-04  1.72056715e-07 
 4.95200000e-04  1.71727585e-07 
 4.95300000e-04  1.71613709e-07 
 4.95400000e-04  1.71514547e-07 
 4.95500000e-04  1.71468481e-07 
 4.95600000e-04  1.57584719e-07 
 4.95700000e-04  1.57111292e-07 
 4.95800000e-04  1.56865421e-07 
 4.95900000e-04  1.56689973e-07 
 4.96000000e-04  1.56587120e-07 
 4.96100000e-04  1.72710699e-07 
 4.96200000e-04  1.72508357e-07 
 4.96300000e-04  1.72418091e-07 
 4.96400000e-04  1.72335863e-07 
 4.96500000e-04  1.72286812e-07 
 4.96600000e-04  1.59550137e-07 
 4.96700000e-04  1.59208027e-07 
 4.96800000e-04  1.59015006e-07 
 4.96900000e-04  1.58882794e-07 
 4.97000000e-04  1.58813283e-07 
 4.97100000e-04  1.72476756e-07 
 4.97200000e-04  1.72229098e-07 
 4.97300000e-04  1.72135766e-07 
 4.97400000e-04  1.72053644e-07 
 4.97500000e-04  1.72013038e-07 
 4.97600000e-04  1.58055952e-07 
 4.97700000e-04  1.57656359e-07 
 4.97800000e-04  1.57440781e-07 
 4.97900000e-04  1.57273080e-07 
 4.98000000e-04  1.57154759e-07 
 4.98100000e-04  1.73847887e-07 
 4.98200000e-04  1.73531145e-07 
 4.98300000e-04  1.73416263e-07 
 4.98400000e-04  1.73315586e-07 
 4.98500000e-04  1.73246886e-07 
 4.98600000e-04  1.61803625e-07 
 4.98700000e-04  1.61456432e-07 
 4.98800000e-04  1.61277984e-07 
 4.98900000e-04  1.61153676e-07 
 4.99000000e-04  1.61085224e-07 
 4.99100000e-04  1.72537712e-07 
 4.99200000e-04  1.72259967e-07 
 4.99300000e-04  1.72166417e-07 
 4.99400000e-04  1.72085388e-07 
 4.99500000e-04  1.72054240e-07 
 4.99600000e-04  1.58109428e-07 
 4.99700000e-04  1.57666993e-07 
 4.99800000e-04  1.57432310e-07 
 4.99900000e-04  1.57261435e-07 
 5.00000000e-04  1.57156391e-07 
 5.00100000e-04  1.73325420e-07 
 5.00200000e-04  1.73118303e-07 
 5.00300000e-04  1.73024718e-07 
 5.00400000e-04  1.72939256e-07 
 5.00500000e-04  1.72886952e-07 
 5.00600000e-04  1.60132905e-07 
 5.00700000e-04  1.59789993e-07 
 5.00800000e-04  1.59612499e-07 
 5.00900000e-04  1.59487573e-07 
 5.01000000e-04  1.59416881e-07 
 5.01100000e-04  1.73081413e-07 
 5.01200000e-04  1.72832013e-07 
 5.01300000e-04  1.72736765e-07 
 5.01400000e-04  1.72652592e-07 
 5.01500000e-04  1.72622894e-07 
 5.01600000e-04  1.58618459e-07 
 5.01700000e-04  1.58243347e-07 
 5.01800000e-04  1.58021464e-07 
 5.01900000e-04  1.57855280e-07 
 5.02000000e-04  1.57746563e-07 
 5.02100000e-04  1.75514402e-07 
 5.02200000e-04  1.75002850e-07 
 5.02300000e-04  1.74826103e-07 
 5.02400000e-04  1.74671172e-07 
 5.02500000e-04  1.74589915e-07 
 5.02600000e-04  1.65722308e-07 
 5.02700000e-04  1.65368364e-07 
 5.02800000e-04  1.65203971e-07 
 5.02900000e-04  1.65098273e-07 
 5.03000000e-04  1.65053132e-07 
 5.03100000e-04  1.72349163e-07 
 5.03200000e-04  1.71922981e-07 
 5.03300000e-04  1.71767086e-07 
 5.03400000e-04  1.71629782e-07 
 5.03500000e-04  1.71554336e-07 
 5.03600000e-04  1.57689371e-07 
 5.03700000e-04  1.57167353e-07 
 5.03800000e-04  1.56923009e-07 
 5.03900000e-04  1.56738240e-07 
 5.04000000e-04  1.56614934e-07 
 5.04100000e-04  1.72761047e-07 
 5.04200000e-04  1.72537338e-07 
 5.04300000e-04  1.72449414e-07 
 5.04400000e-04  1.72371788e-07 
 5.04500000e-04  1.72313422e-07 
 5.04600000e-04  1.59570191e-07 
 5.04700000e-04  1.59219505e-07 
 5.04800000e-04  1.59030729e-07 
 5.04900000e-04  1.58903552e-07 
 5.05000000e-04  1.58839926e-07 
 5.05100000e-04  1.72483516e-07 
 5.05200000e-04  1.72256419e-07 
 5.05300000e-04  1.72155437e-07 
 5.05400000e-04  1.72062727e-07 
 5.05500000e-04  1.72037757e-07 
 5.05600000e-04  1.58048755e-07 
 5.05700000e-04  1.57645564e-07 
 5.05800000e-04  1.57437699e-07 
 5.05900000e-04  1.57272582e-07 
 5.06000000e-04  1.57151568e-07 
 5.06100000e-04  1.75568887e-07 
 5.06200000e-04  1.75023738e-07 
 5.06300000e-04  1.74851713e-07 
 5.06400000e-04  1.74791879e-07 
 5.06500000e-04  1.74738362e-07 
 5.06600000e-04  1.62894408e-07 
 5.06700000e-04  1.62381908e-07 
 5.06800000e-04  1.62155633e-07 
 5.06900000e-04  1.61990007e-07 
 5.07000000e-04  1.61886329e-07 
 5.07100000e-04  1.03759504e-04 
 5.07200000e-04  1.03759028e-04 
 5.07300000e-04  1.03758879e-04 
 5.07400000e-04  1.03758751e-04 
 5.07500000e-04  1.03758726e-04 
 5.07600000e-04  1.03744797e-04 
 5.07700000e-04  1.03744324e-04 
 5.07800000e-04  1.03744089e-04 
 5.07900000e-04  1.03743914e-04 
 5.08000000e-04  1.03743799e-04 
 5.08100000e-04  1.74493665e-07 
 5.08200000e-04  1.74233232e-07 
 5.08300000e-04  1.74139392e-07 
 5.08400000e-04  1.74057912e-07 
 5.08500000e-04  1.74006944e-07 
 5.08600000e-04  1.61252608e-07 
 5.08700000e-04  1.60875378e-07 
 5.08800000e-04  1.60697687e-07 
 5.08900000e-04  1.60575826e-07 
 5.09000000e-04  1.60511566e-07 
 5.09100000e-04  1.74231639e-07 
 5.09200000e-04  1.73995936e-07 
 5.09300000e-04  1.73901095e-07 
 5.09400000e-04  1.73816001e-07 
 5.09500000e-04  1.73776120e-07 
 5.09600000e-04  1.59710003e-07 
 5.09700000e-04  1.59335852e-07 
 5.09800000e-04  1.59119411e-07 
 5.09900000e-04  1.58957866e-07 
 5.10000000e-04  1.58852958e-07 
 5.10100000e-04  1.76168305e-07 
 5.10200000e-04  1.75735444e-07 
 5.10300000e-04  1.75577653e-07 
 5.10400000e-04  1.75438861e-07 
 5.10500000e-04  1.75364818e-07 
 5.10600000e-04  1.65141649e-07 
 5.10700000e-04  1.64791036e-07 
 5.10800000e-04  1.64617051e-07 
 5.10900000e-04  1.64506620e-07 
 5.11000000e-04  1.64461758e-07 
 5.11100000e-04  1.73838991e-07 
 5.11200000e-04  1.73516755e-07 
 5.11300000e-04  1.73385442e-07 
 5.11400000e-04  1.73266848e-07 
 5.11500000e-04  1.73237745e-07 
 5.11600000e-04  1.59247205e-07 
 5.11700000e-04  1.58765889e-07 
 5.11800000e-04  1.58537794e-07 
 5.11900000e-04  1.58366500e-07 
 5.12000000e-04  1.58253808e-07 
 5.12100000e-04  1.74502931e-07 
 5.12200000e-04  1.74292678e-07 
 5.12300000e-04  1.74185835e-07 
 5.12400000e-04  1.74086413e-07 
 5.12500000e-04  1.74034381e-07 
 5.12600000e-04  1.61228622e-07 
 5.12700000e-04  1.60884488e-07 
 5.12800000e-04  1.60704535e-07 
 5.12900000e-04  1.60576134e-07 
 5.13000000e-04  1.60500919e-07 
 5.13100000e-04  1.74248485e-07 
 5.13200000e-04  1.73999845e-07 
 5.13300000e-04  1.73899226e-07 
 5.13400000e-04  1.73809220e-07 
 5.13500000e-04  1.73770389e-07 
 5.13600000e-04  1.59698505e-07 
 5.13700000e-04  1.59319864e-07 
 5.13800000e-04  1.59116918e-07 
 5.13900000e-04  1.58955521e-07 
 5.14000000e-04  1.58836991e-07 
 5.14100000e-04  1.75615435e-07 
 5.14200000e-04  1.75297166e-07 
 5.14300000e-04  1.75175023e-07 
 5.14400000e-04  1.75066159e-07 
 5.14500000e-04  1.75015573e-07 
 5.14600000e-04  1.63460375e-07 
 5.14700000e-04  1.63124183e-07 
 5.14800000e-04  1.62945165e-07 
 5.14900000e-04  1.62831255e-07 
 5.15000000e-04  1.62784517e-07 
 5.15100000e-04  1.74328327e-07 
 5.15200000e-04  1.74029856e-07 
 5.15300000e-04  1.73932204e-07 
 5.15400000e-04  1.73848787e-07 
 5.15500000e-04  1.73814069e-07 
 5.15600000e-04  1.59772131e-07 
 5.15700000e-04  1.59335403e-07 
 5.15800000e-04  1.59109097e-07 
 5.15900000e-04  1.58945047e-07 
 5.16000000e-04  1.58845226e-07 
 5.16100000e-04  1.75087192e-07 
 5.16200000e-04  1.74874801e-07 
 5.16300000e-04  1.74780474e-07 
 5.16400000e-04  1.74694694e-07 
 5.16500000e-04  1.74648919e-07 
 5.16600000e-04  1.61813244e-07 
 5.16700000e-04  1.61474366e-07 
 5.16800000e-04  1.61281057e-07 
 5.16900000e-04  1.61153237e-07 
 5.17000000e-04  1.61092983e-07 
 5.17100000e-04  1.74852018e-07 
 5.17200000e-04  1.74618609e-07 
 5.17300000e-04  1.74520189e-07 
 5.17400000e-04  1.74430900e-07 
 5.17500000e-04  1.74390072e-07 
 5.17600000e-04  1.60292638e-07 
 5.17700000e-04  1.59903389e-07 
 5.17800000e-04  1.59696912e-07 
 5.17900000e-04  1.59540421e-07 
 5.18000000e-04  1.59435501e-07 
 5.18100000e-04  1.88936494e-07 
 5.18200000e-04  1.86330660e-07 
 5.18300000e-04  1.85521950e-07 
 5.18400000e-04  1.85267359e-07 
 5.18500000e-04  1.85012768e-07 
 5.18600000e-04  1.75734522e-07 
 5.18700000e-04  1.74592737e-07 
 5.18800000e-04  1.74264150e-07 
 5.18900000e-04  1.74058563e-07 
 5.19000000e-04  1.73978191e-07 
 5.19100000e-04  1.71279801e-07 
 5.19200000e-04  1.70528972e-07 
 5.19300000e-04  1.70315017e-07 
 5.19400000e-04  1.70134533e-07 
 5.19500000e-04  1.70056261e-07 
 5.19600000e-04  1.57648344e-07 
 5.19700000e-04  1.56967720e-07 
 5.19800000e-04  1.56706805e-07 
 5.19900000e-04 -0.00000000e+00 
 5.20000000e-04  1.56574311e-07 
