 time            -i(vdd)        
 2.60000000e-04 -1.26577369e-04 
 2.60100000e-04  1.83721601e-07 
 2.60200000e-04  1.75016165e-07 
 2.60300000e-04  1.72693686e-07 
 2.60400000e-04  1.70735748e-07 
 2.60500000e-04  1.70077207e-07 
 2.60600000e-04  1.76680822e-07 
 2.60700000e-04  1.75910949e-07 
 2.60800000e-04  1.75485123e-07 
 2.60900000e-04  1.75138925e-07 
 2.61000000e-04  1.74874084e-07 
 2.61100000e-04  1.56451992e-07 
 2.61200000e-04  1.54079864e-07 
 2.61300000e-04  1.53485001e-07 
 2.61400000e-04  1.53007748e-07 
 2.61500000e-04  1.52786228e-07 
 2.61600000e-04  1.38891735e-07 
 2.61700000e-04  1.37640909e-07 
 2.61800000e-04  1.37194005e-07 
 2.61900000e-04  1.36877152e-07 
 2.62000000e-04  1.36694475e-07 
 2.62100000e-04  1.61895726e-07 
 2.62200000e-04  1.60617385e-07 
 2.62300000e-04  1.60332103e-07 
 2.62400000e-04  1.60127043e-07 
 2.62500000e-04  1.60041177e-07 
 2.62600000e-04  1.48509420e-07 
 2.62700000e-04  1.47916377e-07 
 2.62800000e-04  1.47634205e-07 
 2.62900000e-04  1.47421274e-07 
 2.63000000e-04  1.47279067e-07 
 2.63100000e-04  1.99992351e-07 
 2.63200000e-04  1.94211923e-07 
 2.63300000e-04  1.92919554e-07 
 2.63400000e-04  1.91922166e-07 
 2.63500000e-04  1.91649299e-07 
 2.63600000e-04  1.78199276e-07 
 2.63700000e-04  1.77570587e-07 
 2.63800000e-04  1.77243977e-07 
 2.63900000e-04  1.76997062e-07 
 2.64000000e-04  1.76832367e-07 
 2.64100000e-04  1.72668807e-07 
 2.64200000e-04  1.68075179e-07 
 2.64300000e-04  1.67028034e-07 
 2.64400000e-04  1.66212480e-07 
 2.64500000e-04  1.65979573e-07 
 2.64600000e-04  1.53752246e-07 
 2.64700000e-04  1.53133072e-07 
 2.64800000e-04  1.52818953e-07 
 2.64900000e-04  1.52582815e-07 
 2.65000000e-04  1.52427132e-07 
 2.65100000e-04  1.66019331e-07 
 2.65200000e-04  1.65521729e-07 
 2.65300000e-04  1.65366192e-07 
 2.65400000e-04  1.65233670e-07 
 2.65500000e-04  1.65185707e-07 
 2.65600000e-04  1.51588672e-07 
 2.65700000e-04  1.51154490e-07 
 2.65800000e-04  1.50919526e-07 
 2.65900000e-04  1.50742850e-07 
 2.66000000e-04  1.50626306e-07 
 2.66100000e-04  1.67002834e-07 
 2.66200000e-04  1.66734324e-07 
 2.66300000e-04  1.66636716e-07 
 2.66400000e-04  1.66550762e-07 
 2.66500000e-04  1.66501925e-07 
 2.66600000e-04  1.55424091e-07 
 2.66700000e-04  1.55030926e-07 
 2.66800000e-04  1.54818673e-07 
 2.66900000e-04  1.54669267e-07 
 2.67000000e-04  1.54584697e-07 
 2.67100000e-04  1.66081113e-07 
 2.67200000e-04  1.65566119e-07 
 2.67300000e-04  1.65411919e-07 
 2.67400000e-04  1.65280261e-07 
 2.67500000e-04  1.65220911e-07 
 2.67600000e-04  1.51672261e-07 
 2.67700000e-04  1.51177387e-07 
 2.67800000e-04  1.50921880e-07 
 2.67900000e-04  1.50725930e-07 
 2.68000000e-04  1.50591422e-07 
 2.68100000e-04  1.66395366e-07 
 2.68200000e-04  1.66214525e-07 
 2.68300000e-04  1.66137457e-07 
 2.68400000e-04  1.66067698e-07 
 2.68500000e-04  1.66030066e-07 
 2.68600000e-04  1.53642302e-07 
 2.68700000e-04  1.53251509e-07 
 2.68800000e-04  1.53036999e-07 
 2.68900000e-04  1.52887498e-07 
 2.69000000e-04  1.52805059e-07 
 2.69100000e-04  1.66130178e-07 
 2.69200000e-04  1.65904527e-07 
 2.69300000e-04  1.65833190e-07 
 2.69400000e-04  1.65773291e-07 
 2.69500000e-04  1.65756563e-07 
 2.69600000e-04  1.52108241e-07 
 2.69700000e-04  1.51660947e-07 
 2.69800000e-04  1.51423794e-07 
 2.69900000e-04  1.51247175e-07 
 2.70000000e-04  1.51133005e-07 
 2.70100000e-04  1.68005300e-07 
 2.70200000e-04  1.67640915e-07 
 2.70300000e-04  1.67507636e-07 
 2.70400000e-04  1.67389105e-07 
 2.70500000e-04  1.67321299e-07 
 2.70600000e-04  1.57536728e-07 
 2.70700000e-04  1.57128927e-07 
 2.70800000e-04  1.56926172e-07 
 2.70900000e-04  1.56795059e-07 
 2.71000000e-04  1.56737851e-07 
 2.71100000e-04  1.66102886e-07 
 2.71200000e-04  1.65544075e-07 
 2.71300000e-04  1.65377555e-07 
 2.71400000e-04  1.65235519e-07 
 2.71500000e-04  1.65193280e-07 
 2.71600000e-04  1.51642305e-07 
 2.71700000e-04  1.51105134e-07 
 2.71800000e-04  1.50847478e-07 
 2.71900000e-04  1.50646624e-07 
 2.72000000e-04  1.50504365e-07 
 2.72100000e-04  1.66320979e-07 
 2.72200000e-04  1.66150271e-07 
 2.72300000e-04  1.66074007e-07 
 2.72400000e-04  1.66004369e-07 
 2.72500000e-04  1.65981712e-07 
 2.72600000e-04  1.53580622e-07 
 2.72700000e-04  1.53181532e-07 
 2.72800000e-04  1.52981597e-07 
 2.72900000e-04  1.52833900e-07 
 2.73000000e-04  1.52740087e-07 
 2.73100000e-04  1.66060197e-07 
 2.73200000e-04  1.65856463e-07 
 2.73300000e-04  1.65792162e-07 
 2.73400000e-04  1.65737753e-07 
 2.73500000e-04  1.65698342e-07 
 2.73600000e-04  1.52058963e-07 
 2.73700000e-04  1.51613848e-07 
 2.73800000e-04  1.51369286e-07 
 2.73900000e-04  1.51191386e-07 
 2.74000000e-04  1.51082254e-07 
 2.74100000e-04  1.67447754e-07 
 2.74200000e-04  1.67157501e-07 
 2.74300000e-04  1.67058404e-07 
 2.74400000e-04  1.66972846e-07 
 2.74500000e-04  1.66918756e-07 
 2.74600000e-04  1.55821863e-07 
 2.74700000e-04  1.55430424e-07 
 2.74800000e-04  1.55214388e-07 
 2.74900000e-04  1.55068158e-07 
 2.75000000e-04  1.54993932e-07 
 2.75100000e-04  1.66137768e-07 
 2.75200000e-04  1.65903620e-07 
 2.75300000e-04  1.65819013e-07 
 2.75400000e-04  1.65743992e-07 
 2.75500000e-04  1.65708876e-07 
 2.75600000e-04  1.52106851e-07 
 2.75700000e-04  1.51637558e-07 
 2.75800000e-04  1.51384026e-07 
 2.75900000e-04  1.51193016e-07 
 2.76000000e-04  1.51066500e-07 
 2.76100000e-04  1.66910103e-07 
 2.76200000e-04  1.66734342e-07 
 2.76300000e-04  1.66654353e-07 
 2.76400000e-04  1.66581110e-07 
 2.76500000e-04  1.66552256e-07 
 2.76600000e-04  1.54132132e-07 
 2.76700000e-04  1.53742157e-07 
 2.76800000e-04  1.53547038e-07 
 2.76900000e-04  1.53406908e-07 
 2.77000000e-04  1.53323496e-07 
 2.77100000e-04  1.66669118e-07 
 2.77200000e-04  1.66454764e-07 
 2.77300000e-04  1.66380612e-07 
 2.77400000e-04  1.66316704e-07 
 2.77500000e-04  1.66279788e-07 
 2.77600000e-04  1.52637687e-07 
 2.77700000e-04  1.52192236e-07 
 2.77800000e-04  1.51962873e-07 
 2.77900000e-04  1.51781617e-07 
 2.78000000e-04  1.51649980e-07 
 2.78100000e-04  1.69108806e-07 
 2.78200000e-04  1.68606657e-07 
 2.78300000e-04  1.68449105e-07 
 2.78400000e-04  1.68314639e-07 
 2.78500000e-04  1.68253350e-07 
 2.78600000e-04  1.59708719e-07 
 2.78700000e-04  1.59319068e-07 
 2.78800000e-04  1.59135174e-07 
 2.78900000e-04  1.59007825e-07 
 2.79000000e-04  1.58938800e-07 
 2.79100000e-04  1.66277396e-07 
 2.79200000e-04  1.65616824e-07 
 2.79300000e-04  1.65433316e-07 
 2.79400000e-04  1.65280812e-07 
 2.79500000e-04  1.65197040e-07 
 2.79600000e-04  1.51670207e-07 
 2.79700000e-04  1.51113350e-07 
 2.79800000e-04  1.50844023e-07 
 2.79900000e-04  1.50636924e-07 
 2.80000000e-04  1.50494010e-07 
 2.80100000e-04  1.66313525e-07 
 2.80200000e-04  1.66131403e-07 
 2.80300000e-04  1.66055660e-07 
 2.80400000e-04  1.65987709e-07 
 2.80500000e-04  1.65959016e-07 
 2.80600000e-04  1.53566950e-07 
 2.80700000e-04  1.53159163e-07 
 2.80800000e-04  1.52959891e-07 
 2.80900000e-04  1.52811110e-07 
 2.81000000e-04  1.52714405e-07 
 2.81100000e-04  1.66045088e-07 
 2.81200000e-04  1.65840576e-07 
 2.81300000e-04  1.65764431e-07 
 2.81400000e-04  1.65696935e-07 
 2.81500000e-04  1.65681015e-07 
 2.81600000e-04  1.52028967e-07 
 2.81700000e-04  1.51583035e-07 
 2.81800000e-04  1.51347394e-07 
 2.81900000e-04  1.51167824e-07 
 2.82000000e-04  1.51046063e-07 
 2.82100000e-04  1.69610771e-07 
 2.82200000e-04  1.68858386e-07 
 2.82300000e-04  1.68616308e-07 
 2.82400000e-04  1.68518152e-07 
 2.82500000e-04  1.68466501e-07 
 2.82600000e-04  1.56898784e-07 
 2.82700000e-04  1.56339358e-07 
 2.82800000e-04  1.56078664e-07 
 2.82900000e-04  1.55887953e-07 
 2.83000000e-04  1.55768682e-07 
 2.83100000e-04  1.03755029e-04 
 2.83200000e-04  1.03754162e-04 
 2.83300000e-04  1.03753878e-04 
 2.83400000e-04  1.03753758e-04 
 2.83500000e-04  1.03753689e-04 
 2.83600000e-04  1.03739593e-04 
 2.83700000e-04  1.03738928e-04 
 2.83800000e-04  1.03738645e-04 
 2.83900000e-04  1.03738437e-04 
 2.84000000e-04  1.03738308e-04 
 2.84100000e-04  1.03754960e-04 
 2.84200000e-04  1.03754552e-04 
 2.84300000e-04  1.03754425e-04 
 2.84400000e-04  1.03754317e-04 
 2.84500000e-04  1.03754273e-04 
 2.84600000e-04  1.03741870e-04 
 2.84700000e-04  1.03741451e-04 
 2.84800000e-04  1.03741238e-04 
 2.84900000e-04  1.03741089e-04 
 2.85000000e-04  1.03741004e-04 
 2.85100000e-04  1.68944956e-07 
 2.85200000e-04  1.68687054e-07 
 2.85300000e-04  1.68615808e-07 
 2.85400000e-04  1.68557930e-07 
 2.85500000e-04  1.68507750e-07 
 2.85600000e-04  1.54796081e-07 
 2.85700000e-04  1.54334495e-07 
 2.85800000e-04  1.54111762e-07 
 2.85900000e-04  1.53943499e-07 
 2.86000000e-04  1.53831408e-07 
 2.86100000e-04  1.70843012e-07 
 2.86200000e-04  1.70465488e-07 
 2.86300000e-04  1.70327949e-07 
 2.86400000e-04  1.70205805e-07 
 2.86500000e-04  1.70148241e-07 
 2.86600000e-04  1.60201531e-07 
 2.86700000e-04  1.59812997e-07 
 2.86800000e-04  1.59632066e-07 
 2.86900000e-04  1.59503008e-07 
 2.87000000e-04  1.59427445e-07 
 2.87100000e-04  1.68541887e-07 
 2.87200000e-04  1.68241226e-07 
 2.87300000e-04  1.68132806e-07 
 2.87400000e-04  1.68037133e-07 
 2.87500000e-04  1.68009850e-07 
 2.87600000e-04  1.54300330e-07 
 2.87700000e-04  1.53810276e-07 
 2.87800000e-04  1.53546814e-07 
 2.87900000e-04  1.53355283e-07 
 2.88000000e-04  1.53237941e-07 
 2.88100000e-04  1.69195395e-07 
 2.88200000e-04  1.69014043e-07 
 2.88300000e-04  1.68928978e-07 
 2.88400000e-04  1.68850637e-07 
 2.88500000e-04  1.68806943e-07 
 2.88600000e-04  1.56269402e-07 
 2.88700000e-04  1.55896304e-07 
 2.88800000e-04  1.55689685e-07 
 2.88900000e-04  1.55551787e-07 
 2.89000000e-04  1.55484763e-07 
 2.89100000e-04  1.68946780e-07 
 2.89200000e-04  1.68724783e-07 
 2.89300000e-04  1.68645317e-07 
 2.89400000e-04  1.68576056e-07 
 2.89500000e-04  1.68543965e-07 
 2.89600000e-04  1.54750458e-07 
 2.89700000e-04  1.54346170e-07 
 2.89800000e-04  1.54111652e-07 
 2.89900000e-04  1.53934310e-07 
 2.90000000e-04  1.53815932e-07 
 2.90100000e-04  1.70312269e-07 
 2.90200000e-04  1.70023457e-07 
 2.90300000e-04  1.69917023e-07 
 2.90400000e-04  1.69822635e-07 
 2.90500000e-04  1.69778030e-07 
 2.90600000e-04  1.58505943e-07 
 2.90700000e-04  1.58123494e-07 
 2.90800000e-04  1.57935810e-07 
 2.90900000e-04  1.57807237e-07 
 2.91000000e-04  1.57739620e-07 
 2.91100000e-04  1.69029872e-07 
 2.91200000e-04  1.68772019e-07 
 2.91300000e-04  1.68680384e-07 
 2.91400000e-04  1.68600000e-07 
 2.91500000e-04  1.68571354e-07 
 2.91600000e-04  1.54811657e-07 
 2.91700000e-04  1.54339183e-07 
 2.91800000e-04  1.54104018e-07 
 2.91900000e-04  1.53929737e-07 
 2.92000000e-04  1.53818243e-07 
 2.92100000e-04  1.69793901e-07 
 2.92200000e-04  1.69612394e-07 
 2.92300000e-04  1.69522439e-07 
 2.92400000e-04  1.69438590e-07 
 2.92500000e-04  1.69400143e-07 
 2.92600000e-04  1.56842960e-07 
 2.92700000e-04  1.56463338e-07 
 2.92800000e-04  1.56274607e-07 
 2.92900000e-04  1.56143355e-07 
 2.93000000e-04  1.56071374e-07 
 2.93100000e-04  1.69567742e-07 
 2.93200000e-04  1.69332831e-07 
 2.93300000e-04  1.69246991e-07 
 2.93400000e-04  1.69171970e-07 
 2.93500000e-04  1.69156201e-07 
 2.93600000e-04  1.55329332e-07 
 2.93700000e-04  1.54923931e-07 
 2.93800000e-04  1.54686081e-07 
 2.93900000e-04  1.54508882e-07 
 2.94000000e-04  1.54394229e-07 
 2.94100000e-04  1.72538306e-07 
 2.94200000e-04  1.71909380e-07 
 2.94300000e-04  1.71715688e-07 
 2.94400000e-04  1.71551588e-07 
 2.94500000e-04  1.71465939e-07 
 2.94600000e-04  1.64077997e-07 
 2.94700000e-04  1.63706605e-07 
 2.94800000e-04  1.63524647e-07 
 2.94900000e-04  1.63413770e-07 
 2.95000000e-04  1.63376194e-07 
 2.95100000e-04  1.68874601e-07 
 2.95200000e-04  1.68008693e-07 
 2.95300000e-04  1.67760173e-07 
 2.95400000e-04  1.67551347e-07 
 2.95500000e-04  1.67471923e-07 
 2.95600000e-04  1.53851026e-07 
 2.95700000e-04  1.53258766e-07 
 2.95800000e-04  1.52991778e-07 
 2.95900000e-04  1.52787673e-07 
 2.96000000e-04  1.52648411e-07 
 2.96100000e-04  1.68600252e-07 
 2.96200000e-04  1.68401617e-07 
 2.96300000e-04  1.68321199e-07 
 2.96400000e-04  1.68249693e-07 
 2.96500000e-04  1.68204625e-07 
 2.96600000e-04  1.55679802e-07 
 2.96700000e-04  1.55309705e-07 
 2.96800000e-04  1.55109752e-07 
 2.96900000e-04  1.54964100e-07 
 2.97000000e-04  1.54874439e-07 
 2.97100000e-04  1.68333698e-07 
 2.97200000e-04  1.68106698e-07 
 2.97300000e-04  1.68031920e-07 
 2.97400000e-04  1.67968467e-07 
 2.97500000e-04  1.67922439e-07 
 2.97600000e-04  1.54156459e-07 
 2.97700000e-04  1.53745088e-07 
 2.97800000e-04  1.53503290e-07 
 2.97900000e-04  1.53321312e-07 
 2.98000000e-04  1.53201020e-07 
 2.98100000e-04  1.69691802e-07 
 2.98200000e-04  1.69412428e-07 
 2.98300000e-04  1.69304128e-07 
 2.98400000e-04  1.69206969e-07 
 2.98500000e-04  1.69142818e-07 
 2.98600000e-04  1.57907798e-07 
 2.98700000e-04  1.57550314e-07 
 2.98800000e-04  1.57354876e-07 
 2.98900000e-04  1.57221718e-07 
 2.99000000e-04  1.57152785e-07 
 2.99100000e-04  1.68401910e-07 
 2.99200000e-04  1.68132370e-07 
 2.99300000e-04  1.68051620e-07 
 2.99400000e-04  1.67983997e-07 
 2.99500000e-04  1.67941275e-07 
 2.99600000e-04  1.54216912e-07 
 2.99700000e-04  1.53743269e-07 
 2.99800000e-04  1.53507479e-07 
 2.99900000e-04  1.53326628e-07 
 3.00000000e-04  1.53202423e-07 
 3.00100000e-04  1.69171526e-07 
 3.00200000e-04  1.68975346e-07 
 3.00300000e-04  1.68890615e-07 
 3.00400000e-04  1.68814143e-07 
 3.00500000e-04  1.68776977e-07 
 3.00600000e-04  1.56248208e-07 
 3.00700000e-04  1.55879143e-07 
 3.00800000e-04  1.55679362e-07 
 3.00900000e-04  1.55539537e-07 
 3.01000000e-04  1.55461533e-07 
 3.01100000e-04  1.68926840e-07 
 3.01200000e-04  1.68705006e-07 
 3.01300000e-04  1.68628499e-07 
 3.01400000e-04  1.68562299e-07 
 3.01500000e-04  1.68521893e-07 
 3.01600000e-04  1.54736566e-07 
 3.01700000e-04  1.54303602e-07 
 3.01800000e-04  1.54073959e-07 
 3.01900000e-04  1.53904366e-07 
 3.02000000e-04  1.53796689e-07 
 3.02100000e-04  1.70835073e-07 
 3.02200000e-04  1.70440523e-07 
 3.02300000e-04  1.70302128e-07 
 3.02400000e-04  1.70180928e-07 
 3.02500000e-04  1.70106240e-07 
 3.02600000e-04  1.60158110e-07 
 3.02700000e-04  1.59780693e-07 
 3.02800000e-04  1.59597358e-07 
 3.02900000e-04  1.59475463e-07 
 3.03000000e-04  1.59416921e-07 
 3.03100000e-04  1.68530228e-07 
 3.03200000e-04  1.68209720e-07 
 3.03300000e-04  1.68104002e-07 
 3.03400000e-04  1.68013413e-07 
 3.03500000e-04  1.67985538e-07 
 3.03600000e-04  1.54271501e-07 
 3.03700000e-04  1.53791879e-07 
 3.03800000e-04  1.53529522e-07 
 3.03900000e-04  1.53337838e-07 
 3.04000000e-04  1.53219027e-07 
 3.04100000e-04  1.69184060e-07 
 3.04200000e-04  1.68995714e-07 
 3.04300000e-04  1.68915069e-07 
 3.04400000e-04  1.68842495e-07 
 3.04500000e-04  1.68800351e-07 
 3.04600000e-04  1.56254868e-07 
 3.04700000e-04  1.55884975e-07 
 3.04800000e-04  1.55685429e-07 
 3.04900000e-04  1.55540887e-07 
 3.05000000e-04  1.55453050e-07 
 3.05100000e-04  1.68928222e-07 
 3.05200000e-04  1.68702930e-07 
 3.05300000e-04  1.68625689e-07 
 3.05400000e-04  1.68559159e-07 
 3.05500000e-04  1.68535627e-07 
 3.05600000e-04  1.54745695e-07 
 3.05700000e-04  1.54331283e-07 
 3.05800000e-04  1.54092992e-07 
 3.05900000e-04  1.53915260e-07 
 3.06000000e-04  1.53799963e-07 
 3.06100000e-04  1.70307597e-07 
 3.06200000e-04  1.70013031e-07 
 3.06300000e-04  1.69899547e-07 
 3.06400000e-04  1.69798617e-07 
 3.06500000e-04  1.69750303e-07 
 3.06600000e-04  1.58514345e-07 
 3.06700000e-04  1.58119746e-07 
 3.06800000e-04  1.57929554e-07 
 3.06900000e-04  1.57802954e-07 
 3.07000000e-04  1.57741921e-07 
 3.07100000e-04  1.69021627e-07 
 3.07200000e-04  1.68765680e-07 
 3.07300000e-04  1.68673892e-07 
 3.07400000e-04  1.68593186e-07 
 3.07500000e-04  1.68561169e-07 
 3.07600000e-04  1.54802279e-07 
 3.07700000e-04  1.54323680e-07 
 3.07800000e-04  1.54087224e-07 
 3.07900000e-04  1.53908784e-07 
 3.08000000e-04  1.53790154e-07 
 3.08100000e-04  1.69781620e-07 
 3.08200000e-04  1.69604608e-07 
 3.08300000e-04  1.69524456e-07 
 3.08400000e-04  1.69450903e-07 
 3.08500000e-04  1.69405034e-07 
 3.08600000e-04  1.56841345e-07 
 3.08700000e-04  1.56463696e-07 
 3.08800000e-04  1.56267742e-07 
 3.08900000e-04  1.56126112e-07 
 3.09000000e-04  1.56040480e-07 
 3.09100000e-04  1.69536606e-07 
 3.09200000e-04  1.69323928e-07 
 3.09300000e-04  1.69240290e-07 
 3.09400000e-04  1.69165460e-07 
 3.09500000e-04  1.69130990e-07 
 3.09600000e-04  1.55334351e-07 
 3.09700000e-04  1.54896833e-07 
 3.09800000e-04  1.54678740e-07 
 3.09900000e-04  1.54505889e-07 
 3.10000000e-04  1.54379668e-07 
 3.10100000e-04  1.71989641e-07 
 3.10200000e-04  1.71482078e-07 
 3.10300000e-04  1.71311322e-07 
 3.10400000e-04  1.71162884e-07 
 3.10500000e-04  1.71107744e-07 
 3.10600000e-04  1.62409802e-07 
 3.10700000e-04  1.62041508e-07 
 3.10800000e-04  1.61856722e-07 
 3.10900000e-04  1.61736698e-07 
 3.11000000e-04  1.61683444e-07 
 3.11100000e-04  1.68790546e-07 
 3.11200000e-04  1.68405573e-07 
 3.11300000e-04  1.68256573e-07 
 3.11400000e-04  1.68123037e-07 
 3.11500000e-04  1.68062662e-07 
 3.11600000e-04  1.54389230e-07 
 3.11700000e-04  1.53823679e-07 
 3.11800000e-04  1.53566407e-07 
 3.11900000e-04  1.53371795e-07 
 3.12000000e-04  1.53241784e-07 
 3.12100000e-04  1.69222929e-07 
 3.12200000e-04  1.69031369e-07 
 3.12300000e-04  1.68943192e-07 
 3.12400000e-04  1.68862844e-07 
 3.12500000e-04  1.68818794e-07 
 3.12600000e-04  1.56272226e-07 
 3.12700000e-04  1.55887541e-07 
 3.12800000e-04  1.55695678e-07 
 3.12900000e-04  1.55559645e-07 
 3.13000000e-04  1.55481164e-07 
 3.13100000e-04  1.68946651e-07 
 3.13200000e-04  1.68717811e-07 
 3.13300000e-04  1.68637957e-07 
 3.13400000e-04  1.68568914e-07 
 3.13500000e-04  1.68544010e-07 
 3.13600000e-04  1.54749579e-07 
 3.13700000e-04  1.54341833e-07 
 3.13800000e-04  1.54109169e-07 
 3.13900000e-04  1.53930314e-07 
 3.14000000e-04  1.53806923e-07 
 3.14100000e-04  1.70323410e-07 
 3.14200000e-04  1.70013750e-07 
 3.14300000e-04  1.69911298e-07 
 3.14400000e-04  1.69823956e-07 
 3.14500000e-04  1.69777062e-07 
 3.14600000e-04  1.58501183e-07 
 3.14700000e-04  1.58137944e-07 
 3.14800000e-04  1.57945192e-07 
 3.14900000e-04  1.57814041e-07 
 3.15000000e-04  1.57746394e-07 
 3.15100000e-04  1.69020609e-07 
 3.15200000e-04  1.68753017e-07 
 3.15300000e-04  1.68669266e-07 
 3.15400000e-04  1.68598385e-07 
 3.15500000e-04  1.68548770e-07 
 3.15600000e-04  1.54799166e-07 
 3.15700000e-04  1.54328776e-07 
 3.15800000e-04  1.54088309e-07 
 3.15900000e-04  1.53911063e-07 
 3.16000000e-04  1.53798991e-07 
 3.16100000e-04  1.69789833e-07 
 3.16200000e-04  1.69617714e-07 
 3.16300000e-04  1.69534769e-07 
 3.16400000e-04  1.69457904e-07 
 3.16500000e-04  1.69397487e-07 
 3.16600000e-04  1.56843358e-07 
 3.16700000e-04  1.56448625e-07 
 3.16800000e-04  1.56262566e-07 
 3.16900000e-04  1.56131291e-07 
 3.17000000e-04  1.56056483e-07 
 3.17100000e-04  1.69546364e-07 
 3.17200000e-04  1.69326255e-07 
 3.17300000e-04  1.69248158e-07 
 3.17400000e-04  1.69179881e-07 
 3.17500000e-04  1.69141761e-07 
 3.17600000e-04  1.55321080e-07 
 3.17700000e-04  1.54898114e-07 
 3.17800000e-04  1.54680959e-07 
 3.17900000e-04  1.54510402e-07 
 3.18000000e-04  1.54387866e-07 
 3.18100000e-04  1.71456883e-07 
 3.18200000e-04  1.71048747e-07 
 3.18300000e-04  1.70913712e-07 
 3.18400000e-04  1.70797344e-07 
 3.18500000e-04  1.70741484e-07 
 3.18600000e-04  1.60747772e-07 
 3.18700000e-04  1.60364869e-07 
 3.18800000e-04  1.60175472e-07 
 3.18900000e-04  1.60055973e-07 
 3.19000000e-04  1.60008538e-07 
 3.19100000e-04  1.69137554e-07 
 3.19200000e-04  1.68839324e-07 
 3.19300000e-04  1.68739281e-07 
 3.19400000e-04  1.68652427e-07 
 3.19500000e-04  1.68594545e-07 
 3.19600000e-04  1.54869751e-07 
 3.19700000e-04  1.54374756e-07 
 3.19800000e-04  1.54118304e-07 
 3.19900000e-04  1.53930144e-07 
 3.20000000e-04  1.53812389e-07 
 3.20100000e-04  1.69807485e-07 
 3.20200000e-04  1.69623348e-07 
 3.20300000e-04  1.69531417e-07 
 3.20400000e-04  1.69445912e-07 
 3.20500000e-04  1.69422220e-07 
 3.20600000e-04  1.56836409e-07 
 3.20700000e-04  1.56454678e-07 
 3.20800000e-04  1.56270528e-07 
 3.20900000e-04  1.56135412e-07 
 3.21000000e-04  1.56050829e-07 
 3.21100000e-04  1.69557891e-07 
 3.21200000e-04  1.69326568e-07 
 3.21300000e-04  1.69244582e-07 
 3.21400000e-04  1.69173095e-07 
 3.21500000e-04  1.69151362e-07 
 3.21600000e-04  1.55332779e-07 
 3.21700000e-04  1.54897441e-07 
 3.21800000e-04  1.54669422e-07 
 3.21900000e-04  1.54500197e-07 
 3.22000000e-04  1.54391572e-07 
 3.22100000e-04  1.70939123e-07 
 3.22200000e-04  1.70628059e-07 
 3.22300000e-04  1.70522869e-07 
 3.22400000e-04  1.70432240e-07 
 3.22500000e-04  1.70373794e-07 
 3.22600000e-04  1.59096621e-07 
 3.22700000e-04  1.58713091e-07 
 3.22800000e-04  1.58521781e-07 
 3.22900000e-04  1.58389177e-07 
 3.23000000e-04  1.58317082e-07 
 3.23100000e-04  1.69644925e-07 
 3.23200000e-04  1.69390101e-07 
 3.23300000e-04  1.69288575e-07 
 3.23400000e-04  1.69197147e-07 
 3.23500000e-04  1.69172459e-07 
 3.23600000e-04  1.55378199e-07 
 3.23700000e-04  1.54911625e-07 
 3.23800000e-04  1.54682066e-07 
 3.23900000e-04  1.54511220e-07 
 3.24000000e-04  1.54400889e-07 
 3.24100000e-04  1.70408308e-07 
 3.24200000e-04  1.70212406e-07 
 3.24300000e-04  1.70133064e-07 
 3.24400000e-04  1.70062251e-07 
 3.24500000e-04  1.70019174e-07 
 3.24600000e-04  1.57429572e-07 
 3.24700000e-04  1.57043623e-07 
 3.24800000e-04  1.56854293e-07 
 3.24900000e-04  1.56723346e-07 
 3.25000000e-04  1.56652574e-07 
 3.25100000e-04  1.70185254e-07 
 3.25200000e-04  1.69936846e-07 
 3.25300000e-04  1.69856266e-07 
 3.25400000e-04  1.69788517e-07 
 3.25500000e-04  1.69753110e-07 
 3.25600000e-04  1.55929728e-07 
 3.25700000e-04  1.55508459e-07 
 3.25800000e-04  1.55275662e-07 
 3.25900000e-04  1.55105850e-07 
 3.26000000e-04  1.55000958e-07 
 3.26100000e-04  1.73667021e-07 
 3.26200000e-04  1.72943060e-07 
 3.26300000e-04  1.72721865e-07 
 3.26400000e-04  1.72533410e-07 
 3.26500000e-04  1.72454340e-07 
 3.26600000e-04  1.66334983e-07 
 3.26700000e-04  1.65954670e-07 
 3.26800000e-04  1.65784987e-07 
 3.26900000e-04  1.65681569e-07 
 3.27000000e-04  1.65646455e-07 
 3.27100000e-04  1.68940890e-07 
 3.27200000e-04  1.68000051e-07 
 3.27300000e-04  1.67756861e-07 
 3.27400000e-04  1.67558091e-07 
 3.27500000e-04  1.67488848e-07 
 3.27600000e-04  1.53883297e-07 
 3.27700000e-04  1.53255630e-07 
 3.27800000e-04  1.52977706e-07 
 3.27900000e-04  1.52773245e-07 
 3.28000000e-04  1.52644512e-07 
 3.28100000e-04  1.68594487e-07 
 3.28200000e-04  1.68413760e-07 
 3.28300000e-04  1.68329037e-07 
 3.28400000e-04  1.68251144e-07 
 3.28500000e-04  1.68206316e-07 
 3.28600000e-04  1.55660975e-07 
 3.28700000e-04  1.55309450e-07 
 3.28800000e-04  1.55103686e-07 
 3.28900000e-04  1.54957269e-07 
 3.29000000e-04  1.54872016e-07 
 3.29100000e-04  1.68326936e-07 
 3.29200000e-04  1.68105567e-07 
 3.29300000e-04  1.68023912e-07 
 3.29400000e-04  1.67952508e-07 
 3.29500000e-04  1.67916446e-07 
 3.29600000e-04  1.54160229e-07 
 3.29700000e-04  1.53741259e-07 
 3.29800000e-04  1.53502534e-07 
 3.29900000e-04  1.53328269e-07 
 3.30000000e-04  1.53220444e-07 
 3.30100000e-04  1.69698817e-07 
 3.30200000e-04  1.69401035e-07 
 3.30300000e-04  1.69294948e-07 
 3.30400000e-04  1.69202537e-07 
 3.30500000e-04  1.69143093e-07 
 3.30600000e-04  1.57921908e-07 
 3.30700000e-04  1.57546302e-07 
 3.30800000e-04  1.57351457e-07 
 3.30900000e-04  1.57212780e-07 
 3.31000000e-04  1.57131987e-07 
 3.31100000e-04  1.68390713e-07 
 3.31200000e-04  1.68141293e-07 
 3.31300000e-04  1.68048786e-07 
 3.31400000e-04  1.67966244e-07 
 3.31500000e-04  1.67944928e-07 
 3.31600000e-04  1.54206802e-07 
 3.31700000e-04  1.53740655e-07 
 3.31800000e-04  1.53504202e-07 
 3.31900000e-04  1.53321549e-07 
 3.32000000e-04  1.53194337e-07 
 3.32100000e-04  1.69159271e-07 
 3.32200000e-04  1.68969561e-07 
 3.32300000e-04  1.68894694e-07 
 3.32400000e-04  1.68828424e-07 
 3.32500000e-04  1.68783184e-07 
 3.32600000e-04  1.56241003e-07 
 3.32700000e-04  1.55866207e-07 
 3.32800000e-04  1.55671785e-07 
 3.32900000e-04  1.55534121e-07 
 3.33000000e-04  1.55454948e-07 
 3.33100000e-04  1.68927535e-07 
 3.33200000e-04  1.68712607e-07 
 3.33300000e-04  1.68633388e-07 
 3.33400000e-04  1.68563671e-07 
 3.33500000e-04  1.68518998e-07 
 3.33600000e-04  1.54735010e-07 
 3.33700000e-04  1.54305942e-07 
 3.33800000e-04  1.54083444e-07 
 3.33900000e-04  1.53914654e-07 
 3.34000000e-04  1.53801205e-07 
 3.34100000e-04  1.70831142e-07 
 3.34200000e-04  1.70432853e-07 
 3.34300000e-04  1.70300181e-07 
 3.34400000e-04  1.70185196e-07 
 3.34500000e-04  1.70119124e-07 
 3.34600000e-04  1.60167883e-07 
 3.34700000e-04  1.59772131e-07 
 3.34800000e-04  1.59585537e-07 
 3.34900000e-04  1.59463109e-07 
 3.35000000e-04  1.59406811e-07 
 3.35100000e-04  1.68506512e-07 
 3.35200000e-04  1.68206086e-07 
 3.35300000e-04  1.68103127e-07 
 3.35400000e-04  1.68013176e-07 
 3.35500000e-04  1.67981428e-07 
 3.35600000e-04  1.54272325e-07 
 3.35700000e-04  1.53786513e-07 
 3.35800000e-04  1.53532067e-07 
 3.35900000e-04  1.53340412e-07 
 3.36000000e-04  1.53213470e-07 
 3.36100000e-04  1.69185329e-07 
 3.36200000e-04  1.68997970e-07 
 3.36300000e-04  1.68913727e-07 
 3.36400000e-04  1.68836822e-07 
 3.36500000e-04  1.68786192e-07 
 3.36600000e-04  1.56251270e-07 
 3.36700000e-04  1.55884625e-07 
 3.36800000e-04  1.55683871e-07 
 3.36900000e-04  1.55539424e-07 
 3.37000000e-04  1.55453002e-07 
 3.37100000e-04  1.68932485e-07 
 3.37200000e-04  1.68700574e-07 
 3.37300000e-04  1.68624362e-07 
 3.37400000e-04  1.68559629e-07 
 3.37500000e-04  1.68528014e-07 
 3.37600000e-04  1.54737206e-07 
 3.37700000e-04  1.54313587e-07 
 3.37800000e-04  1.54083882e-07 
 3.37900000e-04  1.53912355e-07 
 3.38000000e-04  1.53800782e-07 
 3.38100000e-04  1.70310384e-07 
 3.38200000e-04  1.70008540e-07 
 3.38300000e-04  1.69904653e-07 
 3.38400000e-04  1.69814828e-07 
 3.38500000e-04  1.69762741e-07 
 3.38600000e-04  1.58487175e-07 
 3.38700000e-04  1.58118617e-07 
 3.38800000e-04  1.57928562e-07 
 3.38900000e-04  1.57801489e-07 
 3.39000000e-04  1.57739326e-07 
 3.39100000e-04  1.69011325e-07 
 3.39200000e-04  1.68754513e-07 
 3.39300000e-04  1.68667840e-07 
 3.39400000e-04  1.68592483e-07 
 3.39500000e-04  1.68540696e-07 
 3.39600000e-04  1.54788929e-07 
 3.39700000e-04  1.54342868e-07 
 3.39800000e-04  1.54093157e-07 
 3.39900000e-04  1.53907141e-07 
 3.40000000e-04  1.53786765e-07 
 3.40100000e-04  1.69782953e-07 
 3.40200000e-04  1.69587192e-07 
 3.40300000e-04  1.69509413e-07 
 3.40400000e-04  1.69440403e-07 
 3.40500000e-04  1.69402616e-07 
 3.40600000e-04  1.56829271e-07 
 3.40700000e-04  1.56456577e-07 
 3.40800000e-04  1.56265769e-07 
 3.40900000e-04  1.56128307e-07 
 3.41000000e-04  1.56045809e-07 
 3.41100000e-04  1.69538514e-07 
 3.41200000e-04  1.69312383e-07 
 3.41300000e-04  1.69232110e-07 
 3.41400000e-04  1.69162238e-07 
 3.41500000e-04  1.69132311e-07 
 3.41600000e-04  1.55318232e-07 
 3.41700000e-04  1.54893268e-07 
 3.41800000e-04  1.54677914e-07 
 3.41900000e-04  1.54511393e-07 
 3.42000000e-04  1.54395179e-07 
 3.42100000e-04  1.71981187e-07 
 3.42200000e-04  1.71471582e-07 
 3.42300000e-04  1.71306365e-07 
 3.42400000e-04  1.71164157e-07 
 3.42500000e-04  1.71100501e-07 
 3.42600000e-04  1.62409955e-07 
 3.42700000e-04  1.62036948e-07 
 3.42800000e-04  1.61848922e-07 
 3.42900000e-04  1.61733163e-07 
 3.43000000e-04  1.61691888e-07 
 3.43100000e-04  1.68794342e-07 
 3.43200000e-04  1.68404268e-07 
 3.43300000e-04  1.68257992e-07 
 3.43400000e-04  1.68127762e-07 
 3.43500000e-04  1.68060784e-07 
 3.43600000e-04  1.54383435e-07 
 3.43700000e-04  1.53838950e-07 
 3.43800000e-04  1.53566929e-07 
 3.43900000e-04  1.53366295e-07 
 3.44000000e-04  1.53239233e-07 
 3.44100000e-04  1.69214073e-07 
 3.44200000e-04  1.69025121e-07 
 3.44300000e-04  1.68934596e-07 
 3.44400000e-04  1.68851031e-07 
 3.44500000e-04  1.68818718e-07 
 3.44600000e-04  1.56264283e-07 
 3.44700000e-04  1.55881714e-07 
 3.44800000e-04  1.55687917e-07 
 3.44900000e-04  1.55551127e-07 
 3.45000000e-04  1.55473073e-07 
 3.45100000e-04  1.68951853e-07 
 3.45200000e-04  1.68713882e-07 
 3.45300000e-04  1.68637259e-07 
 3.45400000e-04  1.68572707e-07 
 3.45500000e-04  1.68538312e-07 
 3.45600000e-04  1.54748669e-07 
 3.45700000e-04  1.54334386e-07 
 3.45800000e-04  1.54089919e-07 
 3.45900000e-04  1.53914552e-07 
 3.46000000e-04  1.53810396e-07 
 3.46100000e-04  1.70321741e-07 
 3.46200000e-04  1.70007602e-07 
 3.46300000e-04  1.69906023e-07 
 3.46400000e-04  1.69819907e-07 
 3.46500000e-04  1.69766201e-07 
 3.46600000e-04  1.58491783e-07 
 3.46700000e-04  1.58112004e-07 
 3.46800000e-04  1.57934825e-07 
 3.46900000e-04  1.57807883e-07 
 3.47000000e-04  1.57732691e-07 
 3.47100000e-04  1.69019189e-07 
 3.47200000e-04  1.68751570e-07 
 3.47300000e-04  1.68663718e-07 
 3.47400000e-04  1.68588323e-07 
 3.47500000e-04  1.68546623e-07 
 3.47600000e-04  1.54786759e-07 
 3.47700000e-04  1.54329389e-07 
 3.47800000e-04  1.54087239e-07 
 3.47900000e-04  1.53906934e-07 
 3.48000000e-04  1.53790356e-07 
 3.48100000e-04  1.69777381e-07 
 3.48200000e-04  1.69601293e-07 
 3.48300000e-04  1.69519410e-07 
 3.48400000e-04  1.69444085e-07 
 3.48500000e-04  1.69402614e-07 
 3.48600000e-04  1.56844229e-07 
 3.48700000e-04  1.56451326e-07 
 3.48800000e-04  1.56265615e-07 
 3.48900000e-04  1.56129419e-07 
 3.49000000e-04  1.56044225e-07 
 3.49100000e-04  1.69535937e-07 
 3.49200000e-04  1.69324506e-07 
 3.49300000e-04  1.69249124e-07 
 3.49400000e-04  1.69183054e-07 
 3.49500000e-04  1.69133094e-07 
 3.49600000e-04  1.55332530e-07 
 3.49700000e-04  1.54892198e-07 
 3.49800000e-04  1.54679573e-07 
 3.49900000e-04  1.54514795e-07 
 3.50000000e-04  1.54399297e-07 
 3.50100000e-04  1.71446698e-07 
 3.50200000e-04  1.71050467e-07 
 3.50300000e-04  1.70914616e-07 
 3.50400000e-04  1.70796129e-07 
 3.50500000e-04  1.70745536e-07 
 3.50600000e-04  1.60754122e-07 
 3.50700000e-04  1.60374407e-07 
 3.50800000e-04  1.60189720e-07 
 3.50900000e-04  1.60065616e-07 
 3.51000000e-04  1.60003930e-07 
 3.51100000e-04  1.69135792e-07 
 3.51200000e-04  1.68833738e-07 
 3.51300000e-04  1.68724759e-07 
 3.51400000e-04  1.68628417e-07 
 3.51500000e-04  1.68608770e-07 
 3.51600000e-04  1.54871963e-07 
 3.51700000e-04  1.54374601e-07 
 3.51800000e-04  1.54118204e-07 
 3.51900000e-04  1.53932144e-07 
 3.52000000e-04  1.53818565e-07 
 3.52100000e-04  1.69806598e-07 
 3.52200000e-04  1.69603336e-07 
 3.52300000e-04  1.69520418e-07 
 3.52400000e-04  1.69446698e-07 
 3.52500000e-04  1.69407524e-07 
 3.52600000e-04  1.56845586e-07 
 3.52700000e-04  1.56458216e-07 
 3.52800000e-04  1.56272510e-07 
 3.52900000e-04  1.56141093e-07 
 3.53000000e-04  1.56065600e-07 
 3.53100000e-04  1.69567143e-07 
 3.53200000e-04  1.69317003e-07 
 3.53300000e-04  1.69238148e-07 
 3.53400000e-04  1.69172666e-07 
 3.53500000e-04  1.69152134e-07 
 3.53600000e-04  1.55316957e-07 
 3.53700000e-04  1.54914626e-07 
 3.53800000e-04  1.54678444e-07 
 3.53900000e-04  1.54505771e-07 
 3.54000000e-04  1.54398537e-07 
 3.54100000e-04  1.70930823e-07 
 3.54200000e-04  1.70626509e-07 
 3.54300000e-04  1.70518776e-07 
 3.54400000e-04  1.70424736e-07 
 3.54500000e-04  1.70379138e-07 
 3.54600000e-04  1.59090754e-07 
 3.54700000e-04  1.58713886e-07 
 3.54800000e-04  1.58520683e-07 
 3.54900000e-04  1.58390600e-07 
 3.55000000e-04  1.58325546e-07 
 3.55100000e-04  1.69629725e-07 
 3.55200000e-04  1.69382595e-07 
 3.55300000e-04  1.69285576e-07 
 3.55400000e-04  1.69197896e-07 
 3.55500000e-04  1.69171341e-07 
 3.55600000e-04  1.55376100e-07 
 3.55700000e-04  1.54929326e-07 
 3.55800000e-04  1.54689308e-07 
 3.55900000e-04  1.54507123e-07 
 3.56000000e-04  1.54384514e-07 
 3.56100000e-04  1.70397942e-07 
 3.56200000e-04  1.70207939e-07 
 3.56300000e-04  1.70131101e-07 
 3.56400000e-04  1.70062256e-07 
 3.56500000e-04  1.70026664e-07 
 3.56600000e-04  1.57414853e-07 
 3.56700000e-04  1.57046618e-07 
 3.56800000e-04  1.56847787e-07 
 3.56900000e-04  1.56712906e-07 
 3.57000000e-04  1.56643912e-07 
 3.57100000e-04  1.70178673e-07 
 3.57200000e-04  1.69934954e-07 
 3.57300000e-04  1.69859209e-07 
 3.57400000e-04  1.69796295e-07 
 3.57500000e-04  1.69770835e-07 
 3.57600000e-04  1.55908059e-07 
 3.57700000e-04  1.55503609e-07 
 3.57800000e-04  1.55269177e-07 
 3.57900000e-04  1.55097389e-07 
 3.58000000e-04  1.54990142e-07 
 3.58100000e-04  1.73133054e-07 
 3.58200000e-04  1.72521653e-07 
 3.58300000e-04  1.72328282e-07 
 3.58400000e-04  1.72162325e-07 
 3.58500000e-04  1.72083171e-07 
 3.58600000e-04  1.64651413e-07 
 3.58700000e-04  1.64293924e-07 
 3.58800000e-04  1.64118502e-07 
 3.58900000e-04  1.64011621e-07 
 3.59000000e-04  1.63975367e-07 
 3.59100000e-04  1.69436665e-07 
 3.59200000e-04  1.68652986e-07 
 3.59300000e-04  1.68404140e-07 
 3.59400000e-04  1.68191115e-07 
 3.59500000e-04  1.68099038e-07 
 3.59600000e-04  1.54450363e-07 
 3.59700000e-04  1.53864852e-07 
 3.59800000e-04  1.53585161e-07 
 3.59900000e-04  1.53376289e-07 
 3.60000000e-04  1.53240384e-07 
 3.60100000e-04  1.69220345e-07 
 3.60200000e-04  1.69046810e-07 
 3.60300000e-04  1.68953166e-07 
 3.60400000e-04  1.68864582e-07 
 3.60500000e-04  1.68823487e-07 
 3.60600000e-04  1.56265328e-07 
 3.60700000e-04  1.55885422e-07 
 3.60800000e-04  1.55696782e-07 
 3.60900000e-04  1.55559319e-07 
 3.61000000e-04  1.55474561e-07 
 3.61100000e-04  1.68958030e-07 
 3.61200000e-04  1.68730576e-07 
 3.61300000e-04  1.68650882e-07 
 3.61400000e-04  1.68581607e-07 
 3.61500000e-04  1.68554580e-07 
 3.61600000e-04  1.54741793e-07 
 3.61700000e-04  1.54318615e-07 
 3.61800000e-04  1.54091981e-07 
 3.61900000e-04  1.53921115e-07 
 3.62000000e-04  1.53807687e-07 
 3.62100000e-04  1.70321499e-07 
 3.62200000e-04  1.70036455e-07 
 3.62300000e-04  1.69924763e-07 
 3.62400000e-04  1.69824941e-07 
 3.62500000e-04  1.69758458e-07 
 3.62600000e-04  1.58496798e-07 
 3.62700000e-04  1.58136647e-07 
 3.62800000e-04  1.57935836e-07 
 3.62900000e-04  1.57799105e-07 
 3.63000000e-04  1.57728390e-07 
 3.63100000e-04  1.69017620e-07 
 3.63200000e-04  1.68752557e-07 
 3.63300000e-04  1.68666237e-07 
 3.63400000e-04  1.68592140e-07 
 3.63500000e-04  1.68545224e-07 
 3.63600000e-04  1.54779517e-07 
 3.63700000e-04  1.54345535e-07 
 3.63800000e-04  1.54091192e-07 
 3.63900000e-04  1.53909541e-07 
 3.64000000e-04  1.53802789e-07 
 3.64100000e-04  1.69785932e-07 
 3.64200000e-04  1.69609342e-07 
 3.64300000e-04  1.69518866e-07 
 3.64400000e-04  1.69433900e-07 
 3.64500000e-04  1.69394230e-07 
 3.64600000e-04  1.56833457e-07 
 3.64700000e-04  1.56459931e-07 
 3.64800000e-04  1.56270950e-07 
 3.64900000e-04  1.56135728e-07 
 3.65000000e-04  1.56055870e-07 
 3.65100000e-04  1.69541042e-07 
 3.65200000e-04  1.69319666e-07 
 3.65300000e-04  1.69236120e-07 
 3.65400000e-04  1.69162213e-07 
 3.65500000e-04  1.69141258e-07 
 3.65600000e-04  1.55331696e-07 
 3.65700000e-04  1.54896213e-07 
 3.65800000e-04  1.54668597e-07 
 3.65900000e-04  1.54500939e-07 
 3.66000000e-04  1.54395041e-07 
 3.66100000e-04  1.71449663e-07 
 3.66200000e-04  1.71049995e-07 
 3.66300000e-04  1.70914797e-07 
 3.66400000e-04  1.70797346e-07 
 3.66500000e-04  1.70733397e-07 
 3.66600000e-04  1.60755832e-07 
 3.66700000e-04  1.60379045e-07 
 3.66800000e-04  1.60183948e-07 
 3.66900000e-04  1.60056878e-07 
 3.67000000e-04  1.59999797e-07 
 3.67100000e-04  1.71236798e-07 
 3.67200000e-04  1.70418082e-07 
 3.67300000e-04  1.70154186e-07 
 3.67400000e-04  1.70029722e-07 
 3.67500000e-04  1.69950313e-07 
 3.67600000e-04  1.55716070e-07 
 3.67700000e-04  1.55056704e-07 
 3.67800000e-04  1.54778449e-07 
 3.67900000e-04  1.54583031e-07 
 3.68000000e-04  1.54472120e-07 
 3.68100000e-04  1.03756737e-04 
 3.68200000e-04  1.03756359e-04 
 3.68300000e-04  1.03756229e-04 
 3.68400000e-04  1.03756116e-04 
 3.68500000e-04  1.03756064e-04 
 3.68600000e-04  1.03743495e-04 
 3.68700000e-04  1.03743111e-04 
 3.68800000e-04  1.03742910e-04 
 3.68900000e-04  1.03742771e-04 
 3.69000000e-04  1.03742697e-04 
 3.69100000e-04  1.70706121e-07 
 3.69200000e-04  1.70444298e-07 
 3.69300000e-04  1.70359075e-07 
 3.69400000e-04  1.70286274e-07 
 3.69500000e-04  1.70243693e-07 
 3.69600000e-04  1.56434125e-07 
 3.69700000e-04  1.55992052e-07 
 3.69800000e-04  1.55769076e-07 
 3.69900000e-04  1.55598595e-07 
 3.70000000e-04  1.55482171e-07 
 3.70100000e-04  1.72080773e-07 
 3.70200000e-04  1.71778759e-07 
 3.70300000e-04  1.71674514e-07 
 3.70400000e-04  1.71584084e-07 
 3.70500000e-04  1.71511079e-07 
 3.70600000e-04  1.60184860e-07 
 3.70700000e-04  1.59813919e-07 
 3.70800000e-04  1.59625867e-07 
 3.70900000e-04  1.59497894e-07 
 3.71000000e-04  1.59431799e-07 
 3.71100000e-04  1.70786999e-07 
 3.71200000e-04  1.70520954e-07 
 3.71300000e-04  1.70426393e-07 
 3.71400000e-04  1.70343278e-07 
 3.71500000e-04  1.70310365e-07 
 3.71600000e-04  1.56454235e-07 
 3.71700000e-04  1.56002886e-07 
 3.71800000e-04  1.55776918e-07 
 3.71900000e-04  1.55602085e-07 
 3.72000000e-04  1.55479903e-07 
 3.72100000e-04  1.71568424e-07 
 3.72200000e-04  1.71360834e-07 
 3.72300000e-04  1.71275739e-07 
 3.72400000e-04  1.71200023e-07 
 3.72500000e-04  1.71150394e-07 
 3.72600000e-04  1.58497426e-07 
 3.72700000e-04  1.58122996e-07 
 3.72800000e-04  1.57938259e-07 
 3.72900000e-04  1.57806378e-07 
 3.73000000e-04  1.57728923e-07 
 3.73100000e-04  1.71324894e-07 
 3.73200000e-04  1.71084752e-07 
 3.73300000e-04  1.70998457e-07 
 3.73400000e-04  1.70923307e-07 
 3.73500000e-04  1.70888066e-07 
 3.73600000e-04  1.56967342e-07 
 3.73700000e-04  1.56567989e-07 
 3.73800000e-04  1.56344895e-07 
 3.73900000e-04  1.56179257e-07 
 3.74000000e-04  1.56072788e-07 
 3.74100000e-04  1.73755222e-07 
 3.74200000e-04  1.73238769e-07 
 3.74300000e-04  1.73066770e-07 
 3.74400000e-04  1.72917752e-07 
 3.74500000e-04  1.72865986e-07 
 3.74600000e-04  1.64073630e-07 
 3.74700000e-04  1.63698164e-07 
 3.74800000e-04  1.63527996e-07 
 3.74900000e-04  1.63417792e-07 
 3.75000000e-04  1.63369343e-07 
 3.75100000e-04  1.70582383e-07 
 3.75200000e-04  1.70165483e-07 
 3.75300000e-04  1.70019952e-07 
 3.75400000e-04  1.69893173e-07 
 3.75500000e-04  1.69813764e-07 
 3.75600000e-04  1.56037113e-07 
 3.75700000e-04  1.55505522e-07 
 3.75800000e-04  1.55249504e-07 
 3.75900000e-04  1.55055452e-07 
 3.76000000e-04  1.54925223e-07 
 3.76100000e-04  1.70987743e-07 
 3.76200000e-04  1.70792140e-07 
 3.76300000e-04  1.70699656e-07 
 3.76400000e-04  1.70614363e-07 
 3.76500000e-04  1.70574760e-07 
 3.76600000e-04  1.57915753e-07 
 3.76700000e-04  1.57569579e-07 
 3.76800000e-04  1.57371012e-07 
 3.76900000e-04  1.57228864e-07 
 3.77000000e-04  1.57144816e-07 
 3.77100000e-04  1.70714431e-07 
 3.77200000e-04  1.70483274e-07 
 3.77300000e-04  1.70392009e-07 
 3.77400000e-04  1.70310432e-07 
 3.77500000e-04  1.70289858e-07 
 3.77600000e-04  1.56398307e-07 
 3.77700000e-04  1.55992953e-07 
 3.77800000e-04  1.55774298e-07 
 3.77900000e-04  1.55604498e-07 
 3.78000000e-04  1.55484990e-07 
 3.78100000e-04  1.72090296e-07 
 3.78200000e-04  1.71784728e-07 
 3.78300000e-04  1.71664538e-07 
 3.78400000e-04  1.71556911e-07 
 3.78500000e-04  1.71505804e-07 
 3.78600000e-04  1.60169532e-07 
 3.78700000e-04  1.59800423e-07 
 3.78800000e-04  1.59617491e-07 
 3.78900000e-04  1.59493856e-07 
 3.79000000e-04  1.59431286e-07 
 3.79100000e-04  1.70777910e-07 
 3.79200000e-04  1.70512207e-07 
 3.79300000e-04  1.70418107e-07 
 3.79400000e-04  1.70335161e-07 
 3.79500000e-04  1.70313160e-07 
 3.79600000e-04  1.56452717e-07 
 3.79700000e-04  1.56001034e-07 
 3.79800000e-04  1.55765882e-07 
 3.79900000e-04  1.55593426e-07 
 3.80000000e-04  1.55485541e-07 
 3.80100000e-04  1.71567096e-07 
 3.80200000e-04  1.71368400e-07 
 3.80300000e-04  1.71274926e-07 
 3.80400000e-04  1.71188959e-07 
 3.80500000e-04  1.71159439e-07 
 3.80600000e-04  1.58481147e-07 
 3.80700000e-04  1.58141437e-07 
 3.80800000e-04  1.57950439e-07 
 3.80900000e-04  1.57813310e-07 
 3.81000000e-04  1.57731641e-07 
 3.81100000e-04  1.71310985e-07 
 3.81200000e-04  1.71082991e-07 
 3.81300000e-04  1.70997458e-07 
 3.81400000e-04  1.70921651e-07 
 3.81500000e-04  1.70896821e-07 
 3.81600000e-04  1.56968438e-07 
 3.81700000e-04  1.56579327e-07 
 3.81800000e-04  1.56359901e-07 
 3.81900000e-04  1.56189379e-07 
 3.82000000e-04  1.56069197e-07 
 3.82100000e-04  1.73225147e-07 
 3.82200000e-04  1.72813979e-07 
 3.82300000e-04  1.72675763e-07 
 3.82400000e-04  1.72555893e-07 
 3.82500000e-04  1.72482758e-07 
 3.82600000e-04  1.62399304e-07 
 3.82700000e-04  1.62047579e-07 
 3.82800000e-04  1.61855996e-07 
 3.82900000e-04  1.61733769e-07 
 3.83000000e-04  1.61682983e-07 
 3.83100000e-04  1.70901904e-07 
 3.83200000e-04  1.70593657e-07 
 3.83300000e-04  1.70481701e-07 
 3.83400000e-04  1.70382647e-07 
 3.83500000e-04  1.70355211e-07 
 3.83600000e-04  1.56509195e-07 
 3.83700000e-04  1.56032289e-07 
 3.83800000e-04  1.55791535e-07 
 3.83900000e-04  1.55608456e-07 
 3.84000000e-04  1.55484759e-07 
 3.84100000e-04  1.71580260e-07 
 3.84200000e-04  1.71362795e-07 
 3.84300000e-04  1.71279309e-07 
 3.84400000e-04  1.71206458e-07 
 3.84500000e-04  1.71156515e-07 
 3.84600000e-04  1.58505726e-07 
 3.84700000e-04  1.58144876e-07 
 3.84800000e-04  1.57945273e-07 
 3.84900000e-04  1.57806711e-07 
 3.85000000e-04  1.57731009e-07 
 3.85100000e-04  1.71318035e-07 
 3.85200000e-04  1.71093198e-07 
 3.85300000e-04  1.71005384e-07 
 3.85400000e-04  1.70927014e-07 
 3.85500000e-04  1.70901281e-07 
 3.85600000e-04  1.56997429e-07 
 3.85700000e-04  1.56582553e-07 
 3.85800000e-04  1.56348717e-07 
 3.85900000e-04  1.56178795e-07 
 3.86000000e-04  1.56074698e-07 
 3.86100000e-04  1.72707066e-07 
 3.86200000e-04  1.72396461e-07 
 3.86300000e-04  1.72288311e-07 
 3.86400000e-04  1.72194731e-07 
 3.86500000e-04  1.72126503e-07 
 3.86600000e-04  1.60754515e-07 
 3.86700000e-04  1.60373189e-07 
 3.86800000e-04  1.60205531e-07 
 3.86900000e-04  1.60085106e-07 
 3.87000000e-04  1.60013290e-07 
 3.87100000e-04  1.71412426e-07 
 3.87200000e-04  1.71133130e-07 
 3.87300000e-04  1.71035663e-07 
 3.87400000e-04  1.70950711e-07 
 3.87500000e-04  1.70916084e-07 
 3.87600000e-04  1.57022963e-07 
 3.87700000e-04  1.56595940e-07 
 3.87800000e-04  1.56356478e-07 
 3.87900000e-04  1.56181290e-07 
 3.88000000e-04  1.56072295e-07 
 3.88100000e-04  1.72184594e-07 
 3.88200000e-04  1.71971220e-07 
 3.88300000e-04  1.71880343e-07 
 3.88400000e-04  1.71798519e-07 
 3.88500000e-04  1.71760062e-07 
 3.88600000e-04  1.59070344e-07 
 3.88700000e-04  1.58710811e-07 
 3.88800000e-04  1.58525222e-07 
 3.88900000e-04  1.58400852e-07 
 3.89000000e-04  1.58339516e-07 
 3.89100000e-04  1.71933740e-07 
 3.89200000e-04  1.71697272e-07 
 3.89300000e-04  1.71619208e-07 
 3.89400000e-04  1.71552595e-07 
 3.89500000e-04  1.71503100e-07 
 3.89600000e-04  1.57570173e-07 
 3.89700000e-04  1.57151759e-07 
 3.89800000e-04  1.56942331e-07 
 3.89900000e-04  1.56777565e-07 
 3.90000000e-04  1.56658755e-07 
 3.90100000e-04  1.75964913e-07 
 3.90200000e-04  1.75129491e-07 
 3.90300000e-04  1.74870582e-07 
 3.90400000e-04  1.74649091e-07 
 3.90500000e-04  1.74570823e-07 
 3.90600000e-04  1.69650086e-07 
 3.90700000e-04  1.69271577e-07 
 3.90800000e-04  1.69114591e-07 
 3.90900000e-04  1.69030835e-07 
 3.91000000e-04  1.69022512e-07 
 3.91100000e-04  1.70178966e-07 
 3.91200000e-04  1.69193884e-07 
 3.91300000e-04  1.68929885e-07 
 3.91400000e-04  1.68711906e-07 
 3.91500000e-04  1.68636342e-07 
 3.91600000e-04  1.55005927e-07 
 3.91700000e-04  1.54343710e-07 
 3.91800000e-04  1.54061903e-07 
 3.91900000e-04  1.53858353e-07 
 3.92000000e-04  1.53735419e-07 
 3.92100000e-04  1.69749781e-07 
 3.92200000e-04  1.69553322e-07 
 3.92300000e-04  1.69466115e-07 
 3.92400000e-04  1.69386765e-07 
 3.92500000e-04  1.69334876e-07 
 3.92600000e-04  1.56745517e-07 
 3.92700000e-04  1.56383440e-07 
 3.92800000e-04  1.56185952e-07 
 3.92900000e-04  1.56043700e-07 
 3.93000000e-04  1.55958311e-07 
 3.93100000e-04  1.69483013e-07 
 3.93200000e-04  1.69239337e-07 
 3.93300000e-04  1.69160783e-07 
 3.93400000e-04  1.69094704e-07 
 3.93500000e-04  1.69060436e-07 
 3.93600000e-04  1.55231317e-07 
 3.93700000e-04  1.54803010e-07 
 3.93800000e-04  1.54577504e-07 
 3.93900000e-04  1.54405626e-07 
 3.94000000e-04  1.54288823e-07 
 3.94100000e-04  1.73029994e-07 
 3.94200000e-04  1.72271990e-07 
 3.94300000e-04  1.72003155e-07 
 3.94400000e-04  1.71896846e-07 
 3.94500000e-04  1.71843054e-07 
 3.94600000e-04  1.60090012e-07 
 3.94700000e-04  1.59562168e-07 
 3.94800000e-04  1.59304512e-07 
 3.94900000e-04  1.59126001e-07 
 3.95000000e-04  1.59028199e-07 
 3.95100000e-04  1.03756473e-04 
 3.95200000e-04  1.03756015e-04 
 3.95300000e-04  1.03755879e-04 
 3.95400000e-04  1.03755764e-04 
 3.95500000e-04  1.03755726e-04 
 3.95600000e-04  1.03741932e-04 
 3.95700000e-04  1.03741464e-04 
 3.95800000e-04  1.03741216e-04 
 3.95900000e-04  1.03741030e-04 
 3.96000000e-04  1.03740909e-04 
 3.96100000e-04  1.71451791e-07 
 3.96200000e-04  1.71220673e-07 
 3.96300000e-04  1.71137049e-07 
 3.96400000e-04  1.71063852e-07 
 3.96500000e-04  1.71018087e-07 
 3.96600000e-04  1.58414403e-07 
 3.96700000e-04  1.58034881e-07 
 3.96800000e-04  1.57838257e-07 
 3.96900000e-04  1.57699159e-07 
 3.97000000e-04  1.57619285e-07 
 3.97100000e-04  1.71221187e-07 
 3.97200000e-04  1.70970435e-07 
 3.97300000e-04  1.70893538e-07 
 3.97400000e-04  1.70829908e-07 
 3.97500000e-04  1.70786225e-07 
 3.97600000e-04  1.56881557e-07 
 3.97700000e-04  1.56466717e-07 
 3.97800000e-04  1.56248472e-07 
 3.97900000e-04  1.56078574e-07 
 3.98000000e-04  1.55958423e-07 
 3.98100000e-04  1.73132947e-07 
 3.98200000e-04  1.72708175e-07 
 3.98300000e-04  1.72567061e-07 
 3.98400000e-04  1.72445657e-07 
 3.98500000e-04  1.72391344e-07 
 3.98600000e-04  1.62296294e-07 
 3.98700000e-04  1.61940121e-07 
 3.98800000e-04  1.61757561e-07 
 3.98900000e-04  1.61639225e-07 
 3.99000000e-04  1.61587016e-07 
 3.99100000e-04  1.70799221e-07 
 3.99200000e-04  1.70494096e-07 
 3.99300000e-04  1.70386099e-07 
 3.99400000e-04  1.70291099e-07 
 3.99500000e-04  1.70249181e-07 
 3.99600000e-04  1.56412373e-07 
 3.99700000e-04  1.55930976e-07 
 3.99800000e-04  1.55690594e-07 
 3.99900000e-04  1.55510301e-07 
 4.00000000e-04  1.55391868e-07 
 4.00100000e-04  1.71464920e-07 
 4.00200000e-04  1.71278113e-07 
 4.00300000e-04  1.71190802e-07 
 4.00400000e-04  1.71110411e-07 
 4.00500000e-04  1.71045968e-07 
 4.00600000e-04  1.58392716e-07 
 4.00700000e-04  1.58024669e-07 
 4.00800000e-04  1.57835532e-07 
 4.00900000e-04  1.57704797e-07 
 4.01000000e-04  1.57634185e-07 
 4.01100000e-04  1.71225480e-07 
 4.01200000e-04  1.70982180e-07 
 4.01300000e-04  1.70900701e-07 
 4.01400000e-04  1.70831265e-07 
 4.01500000e-04  1.70792654e-07 
 4.01600000e-04  1.56869029e-07 
 4.01700000e-04  1.56454800e-07 
 4.01800000e-04  1.56237210e-07 
 4.01900000e-04  1.56073074e-07 
 4.02000000e-04  1.55963951e-07 
 4.02100000e-04  1.72594800e-07 
 4.02200000e-04  1.72289071e-07 
 4.02300000e-04  1.72168671e-07 
 4.02400000e-04  1.72060866e-07 
 4.02500000e-04  1.72018325e-07 
 4.02600000e-04  1.60627725e-07 
 4.02700000e-04  1.60281782e-07 
 4.02800000e-04  1.60096355e-07 
 4.02900000e-04  1.59967517e-07 
 4.03000000e-04  1.59896928e-07 
 4.03100000e-04  1.71305570e-07 
 4.03200000e-04  1.71024082e-07 
 4.03300000e-04  1.70926280e-07 
 4.03400000e-04  1.70841316e-07 
 4.03500000e-04  1.70818159e-07 
 4.03600000e-04  1.56926226e-07 
 4.03700000e-04  1.56473255e-07 
 4.03800000e-04  1.56249189e-07 
 4.03900000e-04  1.56080881e-07 
 4.04000000e-04  1.55969966e-07 
 4.04100000e-04  1.72058269e-07 
 4.04200000e-04  1.71860865e-07 
 4.04300000e-04  1.71775723e-07 
 4.04400000e-04  1.71698592e-07 
 4.04500000e-04  1.71651391e-07 
 4.04600000e-04  1.58956950e-07 
 4.04700000e-04  1.58604485e-07 
 4.04800000e-04  1.58414316e-07 
 4.04900000e-04  1.58283361e-07 
 4.05000000e-04  1.58213361e-07 
 4.05100000e-04  1.71838993e-07 
 4.05200000e-04  1.71584450e-07 
 4.05300000e-04  1.71498042e-07 
 4.05400000e-04  1.71424371e-07 
 4.05500000e-04  1.71388500e-07 
 4.05600000e-04  1.57457583e-07 
 4.05700000e-04  1.57042075e-07 
 4.05800000e-04  1.56826662e-07 
 4.05900000e-04  1.56665126e-07 
 4.06000000e-04  1.56559036e-07 
 4.06100000e-04  1.74265430e-07 
 4.06200000e-04  1.73745752e-07 
 4.06300000e-04  1.73571283e-07 
 4.06400000e-04  1.73419871e-07 
 4.06500000e-04  1.73356967e-07 
 4.06600000e-04  1.64547315e-07 
 4.06700000e-04  1.64187123e-07 
 4.06800000e-04  1.64008748e-07 
 4.06900000e-04  1.63898071e-07 
 4.07000000e-04  1.63857099e-07 
 4.07100000e-04  1.71098612e-07 
 4.07200000e-04  1.70678997e-07 
 4.07300000e-04  1.70524371e-07 
 4.07400000e-04  1.70388040e-07 
 4.07500000e-04  1.70333592e-07 
 4.07600000e-04  1.56513676e-07 
 4.07700000e-04  1.55986182e-07 
 4.07800000e-04  1.55717670e-07 
 4.07900000e-04  1.55525334e-07 
 4.08000000e-04  1.55411453e-07 
 4.08100000e-04  1.71510851e-07 
 4.08200000e-04  1.71287492e-07 
 4.08300000e-04  1.71201902e-07 
 4.08400000e-04  1.71127131e-07 
 4.08500000e-04  1.71064537e-07 
 4.08600000e-04  1.58399073e-07 
 4.08700000e-04  1.58029464e-07 
 4.08800000e-04  1.57842285e-07 
 4.08900000e-04  1.57712220e-07 
 4.09000000e-04  1.57640937e-07 
 4.09100000e-04  1.71226687e-07 
 4.09200000e-04  1.70984241e-07 
 4.09300000e-04  1.70896556e-07 
 4.09400000e-04  1.70819996e-07 
 4.09500000e-04  1.70800962e-07 
 4.09600000e-04  1.56885615e-07 
 4.09700000e-04  1.56457957e-07 
 4.09800000e-04  1.56237672e-07 
 4.09900000e-04  1.56072614e-07 
 4.10000000e-04  1.55964390e-07 
 4.10100000e-04  1.72592095e-07 
 4.10200000e-04  1.72296704e-07 
 4.10300000e-04  1.72176779e-07 
 4.10400000e-04  1.72068310e-07 
 4.10500000e-04  1.72020287e-07 
 4.10600000e-04  1.60647376e-07 
 4.10700000e-04  1.60284000e-07 
 4.10800000e-04  1.60091072e-07 
 4.10900000e-04  1.59960805e-07 
 4.11000000e-04  1.59895048e-07 
 4.11100000e-04  1.71310050e-07 
 4.11200000e-04  1.71021887e-07 
 4.11300000e-04  1.70931370e-07 
 4.11400000e-04  1.70854738e-07 
 4.11500000e-04  1.70822273e-07 
 4.11600000e-04  1.56915123e-07 
 4.11700000e-04  1.56468295e-07 
 4.11800000e-04  1.56242244e-07 
 4.11900000e-04  1.56074537e-07 
 4.12000000e-04  1.55966887e-07 
 4.12100000e-04  1.72070676e-07 
 4.12200000e-04  1.71881336e-07 
 4.12300000e-04  1.71788160e-07 
 4.12400000e-04  1.71701341e-07 
 4.12500000e-04  1.71646086e-07 
 4.12600000e-04  1.58972774e-07 
 4.12700000e-04  1.58607979e-07 
 4.12800000e-04  1.58428911e-07 
 4.12900000e-04  1.58298158e-07 
 4.13000000e-04  1.58217109e-07 
 4.13100000e-04  1.71827389e-07 
 4.13200000e-04  1.71596663e-07 
 4.13300000e-04  1.71512016e-07 
 4.13400000e-04  1.71437767e-07 
 4.13500000e-04  1.71392803e-07 
 4.13600000e-04  1.57456566e-07 
 4.13700000e-04  1.57043542e-07 
 4.13800000e-04  1.56832301e-07 
 4.13900000e-04  1.56671906e-07 
 4.14000000e-04  1.56563825e-07 
 4.14100000e-04  1.73748957e-07 
 4.14200000e-04  1.73334489e-07 
 4.14300000e-04  1.73184673e-07 
 4.14400000e-04  1.73052899e-07 
 4.14500000e-04  1.73002588e-07 
 4.14600000e-04  1.62874328e-07 
 4.14700000e-04  1.62523367e-07 
 4.14800000e-04  1.62347833e-07 
 4.14900000e-04  1.62233903e-07 
 4.15000000e-04  1.62183383e-07 
 4.15100000e-04  1.71424948e-07 
 4.15200000e-04  1.71113125e-07 
 4.15300000e-04  1.71000364e-07 
 4.15400000e-04  1.70900828e-07 
 4.15500000e-04  1.70848682e-07 
 4.15600000e-04  1.56992339e-07 
 4.15700000e-04  1.56511899e-07 
 4.15800000e-04  1.56269876e-07 
 4.15900000e-04  1.56090895e-07 
 4.16000000e-04  1.55976807e-07 
 4.16100000e-04  1.72092407e-07 
 4.16200000e-04  1.71877313e-07 
 4.16300000e-04  1.71791420e-07 
 4.16400000e-04  1.71715230e-07 
 4.16500000e-04  1.71664925e-07 
 4.16600000e-04  1.58979905e-07 
 4.16700000e-04  1.58608916e-07 
 4.16800000e-04  1.58418260e-07 
 4.16900000e-04  1.58290712e-07 
 4.17000000e-04  1.58228129e-07 
 4.17100000e-04  1.71843895e-07 
 4.17200000e-04  1.71607250e-07 
 4.17300000e-04  1.71521865e-07 
 4.17400000e-04  1.71447209e-07 
 4.17500000e-04  1.71394956e-07 
 4.17600000e-04  1.57462317e-07 
 4.17700000e-04  1.57062843e-07 
 4.17800000e-04  1.56839508e-07 
 4.17900000e-04  1.56668673e-07 
 4.18000000e-04  1.56551852e-07 
 4.18100000e-04  1.73221596e-07 
 4.18200000e-04  1.72898260e-07 
 4.18300000e-04  1.72786446e-07 
 4.18400000e-04  1.72689603e-07 
 4.18500000e-04  1.72623384e-07 
 4.18600000e-04  1.61223593e-07 
 4.18700000e-04  1.60850047e-07 
 4.18800000e-04  1.60671280e-07 
 4.18900000e-04  1.60555248e-07 
 4.19000000e-04  1.60503788e-07 
 4.19100000e-04  1.71928224e-07 
 4.19200000e-04  1.71638851e-07 
 4.19300000e-04  1.71546416e-07 
 4.19400000e-04  1.71468003e-07 
 4.19500000e-04  1.71429633e-07 
 4.19600000e-04  1.57519831e-07 
 4.19700000e-04  1.57080925e-07 
 4.19800000e-04  1.56836497e-07 
 4.19900000e-04  1.56659948e-07 
 4.20000000e-04  1.56553281e-07 
 4.20100000e-04  1.72682037e-07 
 4.20200000e-04  1.72478834e-07 
 4.20300000e-04  1.72392346e-07 
 4.20400000e-04  1.72314296e-07 
 4.20500000e-04  1.72254998e-07 
 4.20600000e-04  1.59557099e-07 
 4.20700000e-04  1.59184797e-07 
 4.20800000e-04  1.59002914e-07 
 4.20900000e-04  1.58882003e-07 
 4.21000000e-04  1.58823848e-07 
 4.21100000e-04  1.72453704e-07 
 4.21200000e-04  1.72211947e-07 
 4.21300000e-04  1.72124480e-07 
 4.21400000e-04  1.72048267e-07 
 4.21500000e-04  1.72005312e-07 
 4.21600000e-04  1.58049317e-07 
 4.21700000e-04  1.57630267e-07 
 4.21800000e-04  1.57423012e-07 
 4.21900000e-04  1.57263295e-07 
 4.22000000e-04  1.57152471e-07 
 4.22100000e-04  1.75420393e-07 
 4.22200000e-04  1.74794869e-07 
 4.22300000e-04  1.74594464e-07 
 4.22400000e-04  1.74422009e-07 
 4.22500000e-04  1.74347733e-07 
 4.22600000e-04  1.66784050e-07 
 4.22700000e-04  1.66422819e-07 
 4.22800000e-04  1.66257043e-07 
 4.22900000e-04  1.66163450e-07 
 4.23000000e-04  1.66144027e-07 
 4.23100000e-04  1.74166780e-07 
 4.23200000e-04  1.72613751e-07 
 4.23300000e-04  1.72098507e-07 
 4.23400000e-04  1.71859323e-07 
 4.23500000e-04  1.71709340e-07 
 4.23600000e-04  1.57445071e-07 
 4.23700000e-04  1.56702353e-07 
 4.23800000e-04  1.56405436e-07 
 4.23900000e-04  1.56198094e-07 
 4.24000000e-04  1.56082088e-07 
 4.24100000e-04  1.03758451e-04 
 4.24200000e-04  1.03758066e-04 
 4.24300000e-04  1.03757925e-04 
 4.24400000e-04  1.03757800e-04 
 4.24500000e-04  1.03757753e-04 
 4.24600000e-04  1.03745071e-04 
 4.24700000e-04  1.03744704e-04 
 4.24800000e-04  1.03744511e-04 
 4.24900000e-04  1.03744370e-04 
 4.25000000e-04  1.03744284e-04 
 4.25100000e-04  1.72399421e-07 
 4.25200000e-04  1.72125053e-07 
 4.25300000e-04  1.72029587e-07 
 4.25400000e-04  1.71946493e-07 
 4.25500000e-04  1.71903827e-07 
 4.25600000e-04  1.57979236e-07 
 4.25700000e-04  1.57549250e-07 
 4.25800000e-04  1.57327703e-07 
 4.25900000e-04  1.57161975e-07 
 4.26000000e-04  1.57053680e-07 
 4.26100000e-04  1.73768109e-07 
 4.26200000e-04  1.73441395e-07 
 4.26300000e-04  1.73323483e-07 
 4.26400000e-04  1.73220727e-07 
 4.26500000e-04  1.73174313e-07 
 4.26600000e-04  1.61732988e-07 
 4.26700000e-04  1.61378181e-07 
 4.26800000e-04  1.61192356e-07 
 4.26900000e-04  1.61065618e-07 
 4.27000000e-04  1.60999686e-07 
 4.27100000e-04  1.72445725e-07 
 4.27200000e-04  1.72168363e-07 
 4.27300000e-04  1.72071952e-07 
 4.27400000e-04  1.71987700e-07 
 4.27500000e-04  1.71945632e-07 
 4.27600000e-04  1.58011912e-07 
 4.27700000e-04  1.57559101e-07 
 4.27800000e-04  1.57340245e-07 
 4.27900000e-04  1.57173843e-07 
 4.28000000e-04  1.57061407e-07 
 4.28100000e-04  1.73224459e-07 
 4.28200000e-04  1.73014146e-07 
 4.28300000e-04  1.72924879e-07 
 4.28400000e-04  1.72844803e-07 
 4.28500000e-04  1.72799103e-07 
 4.28600000e-04  1.60042134e-07 
 4.28700000e-04  1.59696988e-07 
 4.28800000e-04  1.59513733e-07 
 4.28900000e-04  1.59379937e-07 
 4.29000000e-04  1.59297002e-07 
 4.29100000e-04  1.72992217e-07 
 4.29200000e-04  1.72746397e-07 
 4.29300000e-04  1.72647108e-07 
 4.29400000e-04  1.72558618e-07 
 4.29500000e-04  1.72522193e-07 
 4.29600000e-04  1.58528053e-07 
 4.29700000e-04  1.58129204e-07 
 4.29800000e-04  1.57915813e-07 
 4.29900000e-04  1.57747967e-07 
 4.30000000e-04  1.57626950e-07 
 4.30100000e-04  1.74893681e-07 
 4.30200000e-04  1.74476750e-07 
 4.30300000e-04  1.74327928e-07 
 4.30400000e-04  1.74197121e-07 
 4.30500000e-04  1.74133170e-07 
 4.30600000e-04  1.63960212e-07 
 4.30700000e-04  1.63597564e-07 
 4.30800000e-04  1.63423608e-07 
 4.30900000e-04  1.63308368e-07 
 4.31000000e-04  1.63253546e-07 
 4.31100000e-04  1.72568636e-07 
 4.31200000e-04  1.72251762e-07 
 4.31300000e-04  1.72137690e-07 
 4.31400000e-04  1.72036604e-07 
 4.31500000e-04  1.71982861e-07 
 4.31600000e-04  1.58070482e-07 
 4.31700000e-04  1.57602866e-07 
 4.31800000e-04  1.57353553e-07 
 4.31900000e-04  1.57170295e-07 
 4.32000000e-04  1.57055027e-07 
 4.32100000e-04  1.73235603e-07 
 4.32200000e-04  1.73023877e-07 
 4.32300000e-04  1.72933564e-07 
 4.32400000e-04  1.72852022e-07 
 4.32500000e-04  1.72807487e-07 
 4.32600000e-04  1.60040219e-07 
 4.32700000e-04  1.59676095e-07 
 4.32800000e-04  1.59499784e-07 
 4.32900000e-04  1.59374844e-07 
 4.33000000e-04  1.59302736e-07 
 4.33100000e-04  1.72981646e-07 
 4.33200000e-04  1.72745646e-07 
 4.33300000e-04  1.72650928e-07 
 4.33400000e-04  1.72566100e-07 
 4.33500000e-04  1.72537453e-07 
 4.33600000e-04  1.58528324e-07 
 4.33700000e-04  1.58122845e-07 
 4.33800000e-04  1.57907028e-07 
 4.33900000e-04  1.57747355e-07 
 4.34000000e-04  1.57645445e-07 
 4.34100000e-04  1.74376087e-07 
 4.34200000e-04  1.74044910e-07 
 4.34300000e-04  1.73919016e-07 
 4.34400000e-04  1.73807723e-07 
 4.34500000e-04  1.73761981e-07 
 4.34600000e-04  1.62279503e-07 
 4.34700000e-04  1.61939750e-07 
 4.34800000e-04  1.61764465e-07 
 4.34900000e-04  1.61644337e-07 
 4.35000000e-04  1.61580946e-07 
 4.35100000e-04  1.73064321e-07 
 4.35200000e-04  1.72787079e-07 
 4.35300000e-04  1.72682523e-07 
 4.35400000e-04  1.72589687e-07 
 4.35500000e-04  1.72560693e-07 
 4.35600000e-04  1.58581764e-07 
 4.35700000e-04  1.58155812e-07 
 4.35800000e-04  1.57924125e-07 
 4.35900000e-04  1.57751367e-07 
 4.36000000e-04  1.57639242e-07 
 4.36100000e-04  1.73834291e-07 
 4.36200000e-04  1.73624803e-07 
 4.36300000e-04  1.73530834e-07 
 4.36400000e-04  1.73445436e-07 
 4.36500000e-04  1.73400715e-07 
 4.36600000e-04  1.60618161e-07 
 4.36700000e-04  1.60270802e-07 
 4.36800000e-04  1.60093857e-07 
 4.36900000e-04  1.59965551e-07 
 4.37000000e-04  1.59887261e-07 
 4.37100000e-04  1.73603074e-07 
 4.37200000e-04  1.73345970e-07 
 4.37300000e-04  1.73263096e-07 
 4.37400000e-04  1.73193626e-07 
 4.37500000e-04  1.73150955e-07 
 4.37600000e-04  1.59123573e-07 
 4.37700000e-04  1.58726115e-07 
 4.37800000e-04  1.58505980e-07 
 4.37900000e-04  1.58343659e-07 
 4.38000000e-04  1.58240816e-07 
 4.38100000e-04  1.76040678e-07 
 4.38200000e-04  1.75509773e-07 
 4.38300000e-04  1.75329670e-07 
 4.38400000e-04  1.75172833e-07 
 4.38500000e-04  1.75115037e-07 
 4.38600000e-04  1.66203508e-07 
 4.38700000e-04  1.65838489e-07 
 4.38800000e-04  1.65674023e-07 
 4.38900000e-04  1.65568815e-07 
 4.39000000e-04  1.65524579e-07 
 4.39100000e-04  1.72852215e-07 
 4.39200000e-04  1.72436454e-07 
 4.39300000e-04  1.72278498e-07 
 4.39400000e-04  1.72138005e-07 
 4.39500000e-04  1.72079526e-07 
 4.39600000e-04  1.58180075e-07 
 4.39700000e-04  1.57635184e-07 
 4.39800000e-04  1.57404886e-07 
 4.39900000e-04  1.57225096e-07 
 4.40000000e-04  1.57097244e-07 
 4.40100000e-04  1.73268020e-07 
 4.40200000e-04  1.73057220e-07 
 4.40300000e-04  1.72959966e-07 
 4.40400000e-04  1.72871094e-07 
 4.40500000e-04  1.72818203e-07 
 4.40600000e-04  1.60055935e-07 
 4.40700000e-04  1.59689722e-07 
 4.40800000e-04  1.59510489e-07 
 4.40900000e-04  1.59386053e-07 
 4.41000000e-04  1.59317981e-07 
 4.41100000e-04  1.73003738e-07 
 4.41200000e-04  1.72757979e-07 
 4.41300000e-04  1.72665856e-07 
 4.41400000e-04  1.72585067e-07 
 4.41500000e-04  1.72538758e-07 
 4.41600000e-04  1.58534541e-07 
 4.41700000e-04  1.58142578e-07 
 4.41800000e-04  1.57916998e-07 
 4.41900000e-04  1.57748872e-07 
 4.42000000e-04  1.57639850e-07 
 4.42100000e-04  1.74374352e-07 
 4.42200000e-04  1.74043403e-07 
 4.42300000e-04  1.73919725e-07 
 4.42400000e-04  1.73811170e-07 
 4.42500000e-04  1.73767283e-07 
 4.42600000e-04  1.62294360e-07 
 4.42700000e-04  1.61933207e-07 
 4.42800000e-04  1.61755566e-07 
 4.42900000e-04  1.61639534e-07 
 4.43000000e-04  1.61586890e-07 
 4.43100000e-04  1.73070743e-07 
 4.43200000e-04  1.72782423e-07 
 4.43300000e-04  1.72679707e-07 
 4.43400000e-04  1.72589824e-07 
 4.43500000e-04  1.72557373e-07 
 4.43600000e-04  1.58581650e-07 
 4.43700000e-04  1.58140476e-07 
 4.43800000e-04  1.57911689e-07 
 4.43900000e-04  1.57746945e-07 
 4.44000000e-04  1.57648099e-07 
 4.44100000e-04  1.73846191e-07 
 4.44200000e-04  1.73636083e-07 
 4.44300000e-04  1.73537982e-07 
 4.44400000e-04  1.73448362e-07 
 4.44500000e-04  1.73396347e-07 
 4.44600000e-04  1.60618403e-07 
 4.44700000e-04  1.60263585e-07 
 4.44800000e-04  1.60086847e-07 
 4.44900000e-04  1.59961380e-07 
 4.45000000e-04  1.59888629e-07 
 4.45100000e-04  1.73614693e-07 
 4.45200000e-04  1.73352415e-07 
 4.45300000e-04  1.73255688e-07 
 4.45400000e-04  1.73171654e-07 
 4.45500000e-04  1.73154581e-07 
 4.45600000e-04  1.59111241e-07 
 4.45700000e-04  1.58724216e-07 
 4.45800000e-04  1.58505783e-07 
 4.45900000e-04  1.58340284e-07 
 4.46000000e-04  1.58229227e-07 
 4.46100000e-04  1.75520944e-07 
 4.46200000e-04  1.75097061e-07 
 4.46300000e-04  1.74938127e-07 
 4.46400000e-04  1.74797246e-07 
 4.46500000e-04  1.74730968e-07 
 4.46600000e-04  1.64544417e-07 
 4.46700000e-04  1.64195810e-07 
 4.46800000e-04  1.64021441e-07 
 4.46900000e-04  1.63906084e-07 
 4.47000000e-04  1.63851432e-07 
 4.47100000e-04  1.73195058e-07 
 4.47200000e-04  1.72881671e-07 
 4.47300000e-04  1.72764898e-07 
 4.47400000e-04  1.72661231e-07 
 4.47500000e-04  1.72602912e-07 
 4.47600000e-04  1.58649512e-07 
 4.47700000e-04  1.58165967e-07 
 4.47800000e-04  1.57936822e-07 
 4.47900000e-04  1.57765069e-07 
 4.48000000e-04  1.57652352e-07 
 4.48100000e-04  1.73865512e-07 
 4.48200000e-04  1.73643125e-07 
 4.48300000e-04  1.73552471e-07 
 4.48400000e-04  1.73471656e-07 
 4.48500000e-04  1.73417038e-07 
 4.48600000e-04  1.60621451e-07 
 4.48700000e-04  1.60274607e-07 
 4.48800000e-04  1.60098950e-07 
 4.48900000e-04  1.59977426e-07 
 4.49000000e-04  1.59911572e-07 
 4.49100000e-04  1.73626163e-07 
 4.49200000e-04  1.73358895e-07 
 4.49300000e-04  1.73273553e-07 
 4.49400000e-04  1.73202271e-07 
 4.49500000e-04  1.73152599e-07 
 4.49600000e-04  1.59112019e-07 
 4.49700000e-04  1.58711376e-07 
 4.49800000e-04  1.58503907e-07 
 4.49900000e-04  1.58344492e-07 
 4.50000000e-04  1.58234471e-07 
 4.50100000e-04  1.74999181e-07 
 4.50200000e-04  1.74676324e-07 
 4.50300000e-04  1.74554315e-07 
 4.50400000e-04  1.74446474e-07 
 4.50500000e-04  1.74376767e-07 
 4.50600000e-04  1.62872011e-07 
 4.50700000e-04  1.62534776e-07 
 4.50800000e-04  1.62350508e-07 
 4.50900000e-04  1.62227776e-07 
 4.51000000e-04  1.62168352e-07 
 4.51100000e-04  1.73704500e-07 
 4.51200000e-04  1.73418297e-07 
 4.51300000e-04  1.73312035e-07 
 4.51400000e-04  1.73218063e-07 
 4.51500000e-04  1.73164564e-07 
 4.51600000e-04  1.59166703e-07 
 4.51700000e-04  1.58739846e-07 
 4.51800000e-04  1.58520868e-07 
 4.51900000e-04  1.58354618e-07 
 4.52000000e-04  1.58242585e-07 
 4.52100000e-04  1.74459525e-07 
 4.52200000e-04  1.74245611e-07 
 4.52300000e-04  1.74157527e-07 
 4.52400000e-04  1.74078772e-07 
 4.52500000e-04  1.74022026e-07 
 4.52600000e-04  1.61217075e-07 
 4.52700000e-04  1.60868524e-07 
 4.52800000e-04  1.60684050e-07 
 4.52900000e-04  1.60556795e-07 
 4.53000000e-04  1.60488391e-07 
 4.53100000e-04  1.74225199e-07 
 4.53200000e-04  1.73977552e-07 
 4.53300000e-04  1.73876821e-07 
 4.53400000e-04  1.73786492e-07 
 4.53500000e-04  1.73764638e-07 
 4.53600000e-04  1.59691928e-07 
 4.53700000e-04  1.59315421e-07 
 4.53800000e-04  1.59108119e-07 
 4.53900000e-04  1.58943012e-07 
 4.54000000e-04  1.58821251e-07 
 4.54100000e-04  1.77721759e-07 
 4.54200000e-04  1.76973984e-07 
 4.54300000e-04  1.76744252e-07 
 4.54400000e-04  1.76548894e-07 
 4.54500000e-04  1.76455610e-07 
 4.54600000e-04  1.70110394e-07 
 4.54700000e-04  1.69750168e-07 
 4.54800000e-04  1.69592634e-07 
 4.54900000e-04  1.69506411e-07 
 4.55000000e-04  1.69493575e-07 
 4.55100000e-04  1.73001307e-07 
 4.55200000e-04  1.72042228e-07 
 4.55300000e-04  1.71786162e-07 
 4.55400000e-04  1.71574850e-07 
 4.55500000e-04  1.71477030e-07 
 4.55600000e-04  1.57671923e-07 
 4.55700000e-04  1.57084678e-07 
 4.55800000e-04  1.56808480e-07 
 4.55900000e-04  1.56611159e-07 
 4.56000000e-04  1.56495030e-07 
 4.56100000e-04  1.72657331e-07 
 4.56200000e-04  1.72444911e-07 
 4.56300000e-04  1.72352578e-07 
 4.56400000e-04  1.72268921e-07 
 4.56500000e-04  1.72202154e-07 
 4.56600000e-04  1.59455934e-07 
 4.56700000e-04  1.59116048e-07 
 4.56800000e-04  1.58937231e-07 
 4.56900000e-04  1.58811219e-07 
 4.57000000e-04  1.58739496e-07 
 4.57100000e-04  1.72388678e-07 
 4.57200000e-04  1.72156134e-07 
 4.57300000e-04  1.72063961e-07 
 4.57400000e-04  1.71981840e-07 
 4.57500000e-04  1.71926018e-07 
 4.57600000e-04  1.57943774e-07 
 4.57700000e-04  1.57564465e-07 
 4.57800000e-04  1.57336270e-07 
 4.57900000e-04  1.57164059e-07 
 4.58000000e-04  1.57049417e-07 
 4.58100000e-04  1.73765800e-07 
 4.58200000e-04  1.73446325e-07 
 4.58300000e-04  1.73320497e-07 
 4.58400000e-04  1.73208620e-07 
 4.58500000e-04  1.73147693e-07 
 4.58600000e-04  1.61711853e-07 
 4.58700000e-04  1.61345625e-07 
 4.58800000e-04  1.61172202e-07 
 4.58900000e-04  1.61054559e-07 
 4.59000000e-04  1.60994279e-07 
 4.59100000e-04  1.72444776e-07 
 4.59200000e-04  1.72161902e-07 
 4.59300000e-04  1.72065574e-07 
 4.59400000e-04  1.71982087e-07 
 4.59500000e-04  1.71945431e-07 
 4.59600000e-04  1.57993337e-07 
 4.59700000e-04  1.57552300e-07 
 4.59800000e-04  1.57325804e-07 
 4.59900000e-04  1.57162556e-07 
 4.60000000e-04  1.57064370e-07 
 4.60100000e-04  1.73215292e-07 
 4.60200000e-04  1.73008646e-07 
 4.60300000e-04  1.72916820e-07 
 4.60400000e-04  1.72833133e-07 
 4.60500000e-04  1.72789688e-07 
 4.60600000e-04  1.60034037e-07 
 4.60700000e-04  1.59698054e-07 
 4.60800000e-04  1.59498298e-07 
 4.60900000e-04  1.59363974e-07 
 4.61000000e-04  1.59296967e-07 
 4.61100000e-04  1.72975013e-07 
 4.61200000e-04  1.72738919e-07 
 4.61300000e-04  1.72645251e-07 
 4.61400000e-04  1.72561645e-07 
 4.61500000e-04  1.72523597e-07 
 4.61600000e-04  1.58530760e-07 
 4.61700000e-04  1.58125588e-07 
 4.61800000e-04  1.57907549e-07 
 4.61900000e-04  1.57739594e-07 
 4.62000000e-04  1.57623116e-07 
 4.62100000e-04  1.74889288e-07 
 4.62200000e-04  1.74462101e-07 
 4.62300000e-04  1.74315448e-07 
 4.62400000e-04  1.74188235e-07 
 4.62500000e-04  1.74120536e-07 
 4.62600000e-04  1.63945646e-07 
 4.62700000e-04  1.63589000e-07 
 4.62800000e-04  1.63414437e-07 
 4.62900000e-04  1.63307780e-07 
 4.63000000e-04  1.63270993e-07 
 4.63100000e-04  1.72577122e-07 
 4.63200000e-04  1.72254265e-07 
 4.63300000e-04  1.72135087e-07 
 4.63400000e-04  1.72029978e-07 
 4.63500000e-04  1.71983575e-07 
 4.63600000e-04  1.58059523e-07 
 4.63700000e-04  1.57580970e-07 
 4.63800000e-04  1.57348650e-07 
 4.63900000e-04  1.57172361e-07 
 4.64000000e-04  1.57053684e-07 
 4.64100000e-04  1.73238248e-07 
 4.64200000e-04  1.73027823e-07 
 4.64300000e-04  1.72931616e-07 
 4.64400000e-04  1.72843530e-07 
 4.64500000e-04  1.72792660e-07 
 4.64600000e-04  1.60032966e-07 
 4.64700000e-04  1.59688716e-07 
 4.64800000e-04  1.59504703e-07 
 4.64900000e-04  1.59374644e-07 
 4.65000000e-04  1.59300054e-07 
 4.65100000e-04  1.72980101e-07 
 4.65200000e-04  1.72738229e-07 
 4.65300000e-04  1.72646335e-07 
 4.65400000e-04  1.72564650e-07 
 4.65500000e-04  1.72532846e-07 
 4.65600000e-04  1.58531011e-07 
 4.65700000e-04  1.58122958e-07 
 4.65800000e-04  1.57916803e-07 
 4.65900000e-04  1.57753684e-07 
 4.66000000e-04  1.57634773e-07 
 4.66100000e-04  1.74356236e-07 
 4.66200000e-04  1.74043136e-07 
 4.66300000e-04  1.73929398e-07 
 4.66400000e-04  1.73829436e-07 
 4.66500000e-04  1.73766109e-07 
 4.66600000e-04  1.62283423e-07 
 4.66700000e-04  1.61923130e-07 
 4.66800000e-04  1.61754981e-07 
 4.66900000e-04  1.61634208e-07 
 4.67000000e-04  1.61562117e-07 
 4.67100000e-04  1.73068952e-07 
 4.67200000e-04  1.72791593e-07 
 4.67300000e-04  1.72689589e-07 
 4.67400000e-04  1.72599355e-07 
 4.67500000e-04  1.72548724e-07 
 4.67600000e-04  1.58582690e-07 
 4.67700000e-04  1.58134251e-07 
 4.67800000e-04  1.57916491e-07 
 4.67900000e-04  1.57749381e-07 
 4.68000000e-04  1.57634332e-07 
 4.68100000e-04  1.73827320e-07 
 4.68200000e-04  1.73622970e-07 
 4.68300000e-04  1.73533153e-07 
 4.68400000e-04  1.73451564e-07 
 4.68500000e-04  1.73401704e-07 
 4.68600000e-04  1.60620353e-07 
 4.68700000e-04  1.60276269e-07 
 4.68800000e-04  1.60093857e-07 
 4.68900000e-04  1.59964709e-07 
 4.69000000e-04  1.59890316e-07 
 4.69100000e-04  1.73607733e-07 
 4.69200000e-04  1.73353875e-07 
 4.69300000e-04  1.73256120e-07 
 4.69400000e-04  1.73169941e-07 
 4.69500000e-04  1.73137232e-07 
 4.69600000e-04  1.59107471e-07 
 4.69700000e-04  1.58709296e-07 
 4.69800000e-04  1.58501455e-07 
 4.69900000e-04  1.58340924e-07 
 4.70000000e-04  1.58229003e-07 
 4.70100000e-04  1.76042034e-07 
 4.70200000e-04  1.75505519e-07 
 4.70300000e-04  1.75330351e-07 
 4.70400000e-04  1.75179723e-07 
 4.70500000e-04  1.75095031e-07 
 4.70600000e-04  1.66200268e-07 
 4.70700000e-04  1.65851740e-07 
 4.70800000e-04  1.65687360e-07 
 4.70900000e-04  1.65579656e-07 
 4.71000000e-04  1.65530224e-07 
 4.71100000e-04  1.72868934e-07 
 4.71200000e-04  1.72449242e-07 
 4.71300000e-04  1.72282538e-07 
 4.71400000e-04  1.72133126e-07 
 4.71500000e-04  1.72064817e-07 
 4.71600000e-04  1.58163889e-07 
 4.71700000e-04  1.57639131e-07 
 4.71800000e-04  1.57392694e-07 
 4.71900000e-04  1.57208614e-07 
 4.72000000e-04  1.57088664e-07 
 4.72100000e-04  1.73264069e-07 
 4.72200000e-04  1.73052679e-07 
 4.72300000e-04  1.72958632e-07 
 4.72400000e-04  1.72873174e-07 
 4.72500000e-04  1.72819600e-07 
 4.72600000e-04  1.60050837e-07 
 4.72700000e-04  1.59692888e-07 
 4.72800000e-04  1.59508436e-07 
 4.72900000e-04  1.59384211e-07 
 4.73000000e-04  1.59321921e-07 
 4.73100000e-04  1.72994290e-07 
 4.73200000e-04  1.72756191e-07 
 4.73300000e-04  1.72662267e-07 
 4.73400000e-04  1.72578511e-07 
 4.73500000e-04  1.72539415e-07 
 4.73600000e-04  1.58533675e-07 
 4.73700000e-04  1.58133107e-07 
 4.73800000e-04  1.57916894e-07 
 4.73900000e-04  1.57749272e-07 
 4.74000000e-04  1.57631579e-07 
 4.74100000e-04  1.74372335e-07 
 4.74200000e-04  1.74051378e-07 
 4.74300000e-04  1.73931571e-07 
 4.74400000e-04  1.73825975e-07 
 4.74500000e-04  1.73765242e-07 
 4.74600000e-04  1.62281483e-07 
 4.74700000e-04  1.61941794e-07 
 4.74800000e-04  1.61768066e-07 
 4.74900000e-04  1.61648772e-07 
 4.75000000e-04  1.61585433e-07 
 4.75100000e-04  1.73084761e-07 
 4.75200000e-04  1.72789777e-07 
 4.75300000e-04  1.72685970e-07 
 4.75400000e-04  1.72595371e-07 
 4.75500000e-04  1.72551879e-07 
 4.75600000e-04  1.58580905e-07 
 4.75700000e-04  1.58141522e-07 
 4.75800000e-04  1.57930020e-07 
 4.75900000e-04  1.57764361e-07 
 4.76000000e-04  1.57645793e-07 
 4.76100000e-04  1.73841988e-07 
 4.76200000e-04  1.73640120e-07 
 4.76300000e-04  1.73542435e-07 
 4.76400000e-04  1.73452006e-07 
 4.76500000e-04  1.73403715e-07 
 4.76600000e-04  1.60620862e-07 
 4.76700000e-04  1.60270556e-07 
 4.76800000e-04  1.60092787e-07 
 4.76900000e-04  1.59965189e-07 
 4.77000000e-04  1.59889151e-07 
 4.77100000e-04  1.73595518e-07 
 4.77200000e-04  1.73357085e-07 
 4.77300000e-04  1.73268866e-07 
 4.77400000e-04  1.73191384e-07 
 4.77500000e-04  1.73145566e-07 
 4.77600000e-04  1.59110205e-07 
 4.77700000e-04  1.58719830e-07 
 4.77800000e-04  1.58510581e-07 
 4.77900000e-04  1.58347074e-07 
 4.78000000e-04  1.58230552e-07 
 4.78100000e-04  1.75510043e-07 
 4.78200000e-04  1.75091250e-07 
 4.78300000e-04  1.74943048e-07 
 4.78400000e-04  1.74812802e-07 
 4.78500000e-04  1.74736906e-07 
 4.78600000e-04  1.64531063e-07 
 4.78700000e-04  1.64191225e-07 
 4.78800000e-04  1.64020525e-07 
 4.78900000e-04  1.63909667e-07 
 4.79000000e-04  1.63860342e-07 
 4.79100000e-04  1.73191193e-07 
 4.79200000e-04  1.72865451e-07 
 4.79300000e-04  1.72749807e-07 
 4.79400000e-04  1.72648457e-07 
 4.79500000e-04  1.72599935e-07 
 4.79600000e-04  1.58656933e-07 
 4.79700000e-04  1.58173588e-07 
 4.79800000e-04  1.57939710e-07 
 4.79900000e-04  1.57769458e-07 
 4.80000000e-04  1.57664633e-07 
 4.80100000e-04  1.73867167e-07 
 4.80200000e-04  1.73647626e-07 
 4.80300000e-04  1.73547344e-07 
 4.80400000e-04  1.73456123e-07 
 4.80500000e-04  1.73409726e-07 
 4.80600000e-04  1.60624984e-07 
 4.80700000e-04  1.60290437e-07 
 4.80800000e-04  1.60098853e-07 
 4.80900000e-04  1.59971188e-07 
 4.81000000e-04  1.59909263e-07 
 4.81100000e-04  1.73610342e-07 
 4.81200000e-04  1.73353126e-07 
 4.81300000e-04  1.73259861e-07 
 4.81400000e-04  1.73178530e-07 
 4.81500000e-04  1.73148814e-07 
 4.81600000e-04  1.59119680e-07 
 4.81700000e-04  1.58726376e-07 
 4.81800000e-04  1.58506970e-07 
 4.81900000e-04  1.58345217e-07 
 4.82000000e-04  1.58242731e-07 
 4.82100000e-04  1.74993403e-07 
 4.82200000e-04  1.74662114e-07 
 4.82300000e-04  1.74545094e-07 
 4.82400000e-04  1.74443594e-07 
 4.82500000e-04  1.74377255e-07 
 4.82600000e-04  1.62870851e-07 
 4.82700000e-04  1.62532758e-07 
 4.82800000e-04  1.62352973e-07 
 4.82900000e-04  1.62230944e-07 
 4.83000000e-04  1.62168291e-07 
 4.83100000e-04  1.73684126e-07 
 4.83200000e-04  1.73405199e-07 
 4.83300000e-04  1.73301294e-07 
 4.83400000e-04  1.73209023e-07 
 4.83500000e-04  1.73174454e-07 
 4.83600000e-04  1.59166475e-07 
 4.83700000e-04  1.58742457e-07 
 4.83800000e-04  1.58520512e-07 
 4.83900000e-04  1.58350893e-07 
 4.84000000e-04  1.58235046e-07 
 4.84100000e-04  1.74460719e-07 
 4.84200000e-04  1.74261595e-07 
 4.84300000e-04  1.74166628e-07 
 4.84400000e-04  1.74078935e-07 
 4.84500000e-04  1.74019351e-07 
 4.84600000e-04  1.61210290e-07 
 4.84700000e-04  1.60877131e-07 
 4.84800000e-04  1.60697512e-07 
 4.84900000e-04  1.60568497e-07 
 4.85000000e-04  1.60491478e-07 
 4.85100000e-04  1.74226010e-07 
 4.85200000e-04  1.73986472e-07 
 4.85300000e-04  1.73891498e-07 
 4.85400000e-04  1.73806588e-07 
 4.85500000e-04  1.73751568e-07 
 4.85600000e-04  1.59691632e-07 
 4.85700000e-04  1.59294814e-07 
 4.85800000e-04  1.59087380e-07 
 4.85900000e-04  1.58932780e-07 
 4.86000000e-04  1.58832474e-07 
 4.86100000e-04  1.77206395e-07 
 4.86200000e-04  1.76553881e-07 
 4.86300000e-04  1.76341293e-07 
 4.86400000e-04  1.76158443e-07 
 4.86500000e-04  1.76074874e-07 
 4.86600000e-04  1.68442257e-07 
 4.86700000e-04  1.68105347e-07 
 4.86800000e-04  1.67938845e-07 
 4.86900000e-04  1.67845182e-07 
 4.87000000e-04  1.67826453e-07 
 4.87100000e-04  1.73494850e-07 
 4.87200000e-04  1.72682839e-07 
 4.87300000e-04  1.72428123e-07 
 4.87400000e-04  1.72211225e-07 
 4.87500000e-04  1.72114800e-07 
 4.87600000e-04  1.58234239e-07 
 4.87700000e-04  1.57666726e-07 
 4.87800000e-04  1.57409500e-07 
 4.87900000e-04  1.57219543e-07 
 4.88000000e-04  1.57098771e-07 
 4.88100000e-04  1.73277796e-07 
 4.88200000e-04  1.73075387e-07 
 4.88300000e-04  1.72977010e-07 
 4.88400000e-04  1.72885893e-07 
 4.88500000e-04  1.72828340e-07 
 4.88600000e-04  1.60045672e-07 
 4.88700000e-04  1.59714258e-07 
 4.88800000e-04  1.59525003e-07 
 4.88900000e-04  1.59392377e-07 
 4.89000000e-04  1.59318225e-07 
 4.89100000e-04  1.73164040e-07 
 4.89200000e-04  1.72812144e-07 
 4.89300000e-04  1.72675852e-07 
 4.89400000e-04  1.72605609e-07 
 4.89500000e-04  1.72545071e-07 
 4.89600000e-04  1.58550916e-07 
 4.89700000e-04  1.58158679e-07 
 4.89800000e-04  1.57940330e-07 
 4.89900000e-04  1.57768690e-07 
 4.90000000e-04  1.57645054e-07 
 4.90100000e-04  1.74376387e-07 
 4.90200000e-04  1.74062986e-07 
 4.90300000e-04  1.73933239e-07 
 4.90400000e-04  1.73816516e-07 
 4.90500000e-04  1.73758295e-07 
 4.90600000e-04  1.62288653e-07 
 4.90700000e-04  1.61948030e-07 
 4.90800000e-04  1.61764586e-07 
 4.90900000e-04  1.61641106e-07 
 4.91000000e-04  1.61579329e-07 
 4.91100000e-04  1.73073712e-07 
 4.91200000e-04  1.72797386e-07 
 4.91300000e-04  1.72689870e-07 
 4.91400000e-04  1.72593397e-07 
 4.91500000e-04  1.72551732e-07 
 4.91600000e-04  1.58579438e-07 
 4.91700000e-04  1.58138598e-07 
 4.91800000e-04  1.57924234e-07 
 4.91900000e-04  1.57763537e-07 
 4.92000000e-04  1.57658064e-07 
 4.92100000e-04  1.73839421e-07 
 4.92200000e-04  1.73639020e-07 
 4.92300000e-04  1.73541384e-07 
 4.92400000e-04  1.73450592e-07 
 4.92500000e-04  1.73402895e-07 
 4.92600000e-04  1.60616248e-07 
 4.92700000e-04  1.60283294e-07 
 4.92800000e-04  1.60100248e-07 
 4.92900000e-04  1.59974282e-07 
 4.93000000e-04  1.59907081e-07 
 4.93100000e-04  1.73614840e-07 
 4.93200000e-04  1.73358969e-07 
 4.93300000e-04  1.73262252e-07 
 4.93400000e-04  1.73177210e-07 
 4.93500000e-04  1.73154285e-07 
 4.93600000e-04  1.59115466e-07 
 4.93700000e-04  1.58726710e-07 
 4.93800000e-04  1.58513379e-07 
 4.93900000e-04  1.58345210e-07 
 4.94000000e-04  1.58223658e-07 
 4.94100000e-04  1.75938844e-07 
 4.94200000e-04  1.75290537e-07 
 4.94300000e-04  1.75093885e-07 
 4.94400000e-04  1.75016232e-07 
 4.94500000e-04  1.74967011e-07 
 4.94600000e-04  1.64829540e-07 
 4.94700000e-04  1.64486036e-07 
 4.94800000e-04  1.64299236e-07 
 4.94900000e-04  1.64155947e-07 
 4.95000000e-04  1.64057468e-07 
 4.95100000e-04  1.73194978e-07 
 4.95200000e-04  1.72870758e-07 
 4.95300000e-04  1.72762416e-07 
 4.95400000e-04  1.72668525e-07 
 4.95500000e-04  1.72611967e-07 
 4.95600000e-04  1.58660161e-07 
 4.95700000e-04  1.58172666e-07 
 4.95800000e-04  1.57938796e-07 
 4.95900000e-04  1.57766269e-07 
 4.96000000e-04  1.57656970e-07 
 4.96100000e-04  1.73855069e-07 
 4.96200000e-04  1.73643973e-07 
 4.96300000e-04  1.73555295e-07 
 4.96400000e-04  1.73475427e-07 
 4.96500000e-04  1.73416915e-07 
 4.96600000e-04  1.60633959e-07 
 4.96700000e-04  1.60277913e-07 
 4.96800000e-04  1.60098634e-07 
 4.96900000e-04  1.59970711e-07 
 4.97000000e-04  1.59895734e-07 
 4.97100000e-04  1.73607681e-07 
 4.97200000e-04  1.73373737e-07 
 4.97300000e-04  1.73271915e-07 
 4.97400000e-04  1.73179178e-07 
 4.97500000e-04  1.73142699e-07 
 4.97600000e-04  1.59128901e-07 
 4.97700000e-04  1.58729437e-07 
 4.97800000e-04  1.58512219e-07 
 4.97900000e-04  1.58346118e-07 
 4.98000000e-04  1.58232737e-07 
 4.98100000e-04  1.74980176e-07 
 4.98200000e-04  1.74664960e-07 
 4.98300000e-04  1.74545242e-07 
 4.98400000e-04  1.74439046e-07 
 4.98500000e-04  1.74389152e-07 
 4.98600000e-04  1.62869321e-07 
 4.98700000e-04  1.62539318e-07 
 4.98800000e-04  1.62358469e-07 
 4.98900000e-04  1.62238499e-07 
 4.99000000e-04  1.62181341e-07 
 4.99100000e-04  1.73704334e-07 
 4.99200000e-04  1.73406583e-07 
 4.99300000e-04  1.73299566e-07 
 4.99400000e-04  1.73205610e-07 
 4.99500000e-04  1.73179476e-07 
 4.99600000e-04  1.59171051e-07 
 4.99700000e-04  1.58734243e-07 
 4.99800000e-04  1.58514702e-07 
 4.99900000e-04  1.58346837e-07 
 5.00000000e-04  1.58232288e-07 
 5.00100000e-04  1.74464083e-07 
 5.00200000e-04  1.74267646e-07 
 5.00300000e-04  1.74172120e-07 
 5.00400000e-04  1.74083195e-07 
 5.00500000e-04  1.74029076e-07 
 5.00600000e-04  1.61204367e-07 
 5.00700000e-04  1.60875323e-07 
 5.00800000e-04  1.60688476e-07 
 5.00900000e-04  1.60559451e-07 
 5.01000000e-04  1.60490081e-07 
 5.01100000e-04  1.74236562e-07 
 5.01200000e-04  1.73980680e-07 
 5.01300000e-04  1.73887060e-07 
 5.01400000e-04  1.73805728e-07 
 5.01500000e-04  1.73767520e-07 
 5.01600000e-04  1.59696103e-07 
 5.01700000e-04  1.59301701e-07 
 5.01800000e-04  1.59104376e-07 
 5.01900000e-04  1.58946950e-07 
 5.02000000e-04  1.58830690e-07 
 5.02100000e-04  1.76681534e-07 
 5.02200000e-04  1.76131359e-07 
 5.02300000e-04  1.75956641e-07 
 5.02400000e-04  1.75808079e-07 
 5.02500000e-04  1.75710194e-07 
 5.02600000e-04  1.66778318e-07 
 5.02700000e-04  1.66442347e-07 
 5.02800000e-04  1.66276898e-07 
 5.02900000e-04  1.66171723e-07 
 5.03000000e-04  1.66128732e-07 
 5.03100000e-04  1.73482577e-07 
 5.03200000e-04  1.73063759e-07 
 5.03300000e-04  1.72897906e-07 
 5.03400000e-04  1.72749338e-07 
 5.03500000e-04  1.72682619e-07 
 5.03600000e-04  1.58760392e-07 
 5.03700000e-04  1.58250336e-07 
 5.03800000e-04  1.58000912e-07 
 5.03900000e-04  1.57812201e-07 
 5.04000000e-04  1.57686129e-07 
 5.04100000e-04  1.73903980e-07 
 5.04200000e-04  1.73685558e-07 
 5.04300000e-04  1.73577548e-07 
 5.04400000e-04  1.73477657e-07 
 5.04500000e-04  1.73432683e-07 
 5.04600000e-04  1.60641035e-07 
 5.04700000e-04  1.60295788e-07 
 5.04800000e-04  1.60113601e-07 
 5.04900000e-04  1.59984985e-07 
 5.05000000e-04  1.59911637e-07 
 5.05100000e-04  1.73619379e-07 
 5.05200000e-04  1.73376318e-07 
 5.05300000e-04  1.73278920e-07 
 5.05400000e-04  1.73191886e-07 
 5.05500000e-04  1.73156262e-07 
 5.05600000e-04  1.59119837e-07 
 5.05700000e-04  1.58728376e-07 
 5.05800000e-04  1.58510550e-07 
 5.05900000e-04  1.58346612e-07 
 5.06000000e-04  1.58238268e-07 
 5.06100000e-04  1.75002674e-07 
 5.06200000e-04  1.74674198e-07 
 5.06300000e-04  1.74553304e-07 
 5.06400000e-04  1.74447431e-07 
 5.06500000e-04  1.74383040e-07 
 5.06600000e-04  1.62888002e-07 
 5.06700000e-04  1.62525020e-07 
 5.06800000e-04  1.62347893e-07 
 5.06900000e-04  1.62229340e-07 
 5.07000000e-04  1.62171216e-07 
 5.07100000e-04  1.73693798e-07 
 5.07200000e-04  1.73419026e-07 
 5.07300000e-04  1.73314722e-07 
 5.07400000e-04  1.73221656e-07 
 5.07500000e-04  1.73178832e-07 
 5.07600000e-04  1.59178865e-07 
 5.07700000e-04  1.58739982e-07 
 5.07800000e-04  1.58520067e-07 
 5.07900000e-04  1.58352504e-07 
 5.08000000e-04  1.58238953e-07 
 5.08100000e-04  1.74470748e-07 
 5.08200000e-04  1.74270461e-07 
 5.08300000e-04  1.74169995e-07 
 5.08400000e-04  1.74076182e-07 
 5.08500000e-04  1.74018569e-07 
 5.08600000e-04  1.61218839e-07 
 5.08700000e-04  1.60873967e-07 
 5.08800000e-04  1.60699147e-07 
 5.08900000e-04  1.60570558e-07 
 5.09000000e-04  1.60489664e-07 
 5.09100000e-04  1.74234826e-07 
 5.09200000e-04  1.73987261e-07 
 5.09300000e-04  1.73893321e-07 
 5.09400000e-04  1.73810597e-07 
 5.09500000e-04  1.73761276e-07 
 5.09600000e-04  1.59697588e-07 
 5.09700000e-04  1.59316313e-07 
 5.09800000e-04  1.59095775e-07 
 5.09900000e-04  1.58933986e-07 
 5.10000000e-04  1.58832807e-07 
 5.10100000e-04  1.76138724e-07 
 5.10200000e-04  1.75714782e-07 
 5.10300000e-04  1.75566298e-07 
 5.10400000e-04  1.75436537e-07 
 5.10500000e-04  1.75356100e-07 
 5.10600000e-04  1.65139966e-07 
 5.10700000e-04  1.64782051e-07 
 5.10800000e-04  1.64619414e-07 
 5.10900000e-04  1.64509822e-07 
 5.11000000e-04  1.64454957e-07 
 5.11100000e-04  1.73821574e-07 
 5.11200000e-04  1.73500703e-07 
 5.11300000e-04  1.73377341e-07 
 5.11400000e-04  1.73266906e-07 
 5.11500000e-04  1.73229161e-07 
 5.11600000e-04  1.59241952e-07 
 5.11700000e-04  1.58762086e-07 
 5.11800000e-04  1.58537332e-07 
 5.11900000e-04  1.58370470e-07 
 5.12000000e-04  1.58263338e-07 
 5.12100000e-04  1.74484159e-07 
 5.12200000e-04  1.74269142e-07 
 5.12300000e-04  1.74168482e-07 
 5.12400000e-04  1.74076114e-07 
 5.12500000e-04  1.74052065e-07 
 5.12600000e-04  1.61203817e-07 
 5.12700000e-04  1.60872632e-07 
 5.12800000e-04  1.60703098e-07 
 5.12900000e-04  1.60577530e-07 
 5.13000000e-04  1.60497323e-07 
 5.13100000e-04  1.74243755e-07 
 5.13200000e-04  1.73993060e-07 
 5.13300000e-04  1.73896171e-07 
 5.13400000e-04  1.73810654e-07 
 5.13500000e-04  1.73771614e-07 
 5.13600000e-04  1.59692966e-07 
 5.13700000e-04  1.59320139e-07 
 5.13800000e-04  1.59108882e-07 
 5.13900000e-04  1.58949550e-07 
 5.14000000e-04  1.58843791e-07 
 5.14100000e-04  1.75619446e-07 
 5.14200000e-04  1.75293911e-07 
 5.14300000e-04  1.75169596e-07 
 5.14400000e-04  1.75059619e-07 
 5.14500000e-04  1.75003431e-07 
 5.14600000e-04  1.63457146e-07 
 5.14700000e-04  1.63114142e-07 
 5.14800000e-04  1.62944448e-07 
 5.14900000e-04  1.62829745e-07 
 5.15000000e-04  1.62771777e-07 
 5.15100000e-04  1.74328499e-07 
 5.15200000e-04  1.74036890e-07 
 5.15300000e-04  1.73931514e-07 
 5.15400000e-04  1.73839199e-07 
 5.15500000e-04  1.73788452e-07 
 5.15600000e-04  1.59761668e-07 
 5.15700000e-04  1.59323228e-07 
 5.15800000e-04  1.59103699e-07 
 5.15900000e-04  1.58936979e-07 
 5.16000000e-04  1.58824742e-07 
 5.16100000e-04  1.75089800e-07 
 5.16200000e-04  1.74888661e-07 
 5.16300000e-04  1.74788094e-07 
 5.16400000e-04  1.74694125e-07 
 5.16500000e-04  1.74646819e-07 
 5.16600000e-04  1.61793315e-07 
 5.16700000e-04  1.61456893e-07 
 5.16800000e-04  1.61276798e-07 
 5.16900000e-04  1.61155962e-07 
 5.17000000e-04  1.61096265e-07 
 5.17100000e-04  1.74856568e-07 
 5.17200000e-04  1.74614005e-07 
 5.17300000e-04  1.74518830e-07 
 5.17400000e-04  1.74433718e-07 
 5.17500000e-04  1.74383397e-07 
 5.17600000e-04  1.60292147e-07 
 5.17700000e-04  1.59909998e-07 
 5.17800000e-04  1.59698302e-07 
 5.17900000e-04  1.59536997e-07 
 5.18000000e-04  1.59427684e-07 
 5.18100000e-04  1.88939904e-07 
 5.18200000e-04  1.86318400e-07 
 5.18300000e-04  1.85510863e-07 
 5.18400000e-04  1.85264919e-07 
 5.18500000e-04  1.85018975e-07 
 5.18600000e-04  1.75732752e-07 
 5.18700000e-04  1.74614942e-07 
 5.18800000e-04  1.74276204e-07 
 5.18900000e-04  1.74062666e-07 
 5.19000000e-04  1.73976585e-07 
 5.19100000e-04  1.71282255e-07 
 5.19200000e-04  1.70507729e-07 
 5.19300000e-04  1.70299458e-07 
 5.19400000e-04  1.70127760e-07 
 5.19500000e-04  1.70067839e-07 
 5.19600000e-04  1.57648084e-07 
 5.19700000e-04  1.56967433e-07 
 5.19800000e-04  1.56706532e-07 
 5.19900000e-04 -0.00000000e+00 
 5.20000000e-04  1.56574045e-07 
