 time            -i(vdd)        
 2.60000000e-04 -1.26577369e-04 
 2.60100000e-04  1.83721457e-07 
 2.60200000e-04  1.75016137e-07 
 2.60300000e-04  1.72689534e-07 
 2.60400000e-04  1.70727082e-07 
 2.60500000e-04  1.70076605e-07 
 2.60600000e-04  1.76681052e-07 
 2.60700000e-04  1.75910749e-07 
 2.60800000e-04  1.75485346e-07 
 2.60900000e-04  1.75139249e-07 
 2.61000000e-04  1.74874179e-07 
 2.61100000e-04  1.56450171e-07 
 2.61200000e-04  1.54080964e-07 
 2.61300000e-04  1.53474548e-07 
 2.61400000e-04  1.52984624e-07 
 2.61500000e-04  1.52780109e-07 
 2.61600000e-04  1.38886688e-07 
 2.61700000e-04  1.37638094e-07 
 2.61800000e-04  1.37194473e-07 
 2.61900000e-04  1.36877638e-07 
 2.62000000e-04  1.36691610e-07 
 2.62100000e-04  1.61875171e-07 
 2.62200000e-04  1.60616565e-07 
 2.62300000e-04  1.60335128e-07 
 2.62400000e-04  1.60130950e-07 
 2.62500000e-04  1.60049985e-07 
 2.62600000e-04  1.48508387e-07 
 2.62700000e-04  1.47918191e-07 
 2.62800000e-04  1.47637447e-07 
 2.62900000e-04  1.47423434e-07 
 2.63000000e-04  1.47277578e-07 
 2.63100000e-04  1.99995226e-07 
 2.63200000e-04  1.94212658e-07 
 2.63300000e-04  1.92921277e-07 
 2.63400000e-04  1.91925272e-07 
 2.63500000e-04  1.91647413e-07 
 2.63600000e-04  1.78200127e-07 
 2.63700000e-04  1.77571656e-07 
 2.63800000e-04  1.77242960e-07 
 2.63900000e-04  1.76990703e-07 
 2.64000000e-04  1.76817307e-07 
 2.64100000e-04  1.72668748e-07 
 2.64200000e-04  1.68076066e-07 
 2.64300000e-04  1.67028554e-07 
 2.64400000e-04  1.66212523e-07 
 2.64500000e-04  1.65972612e-07 
 2.64600000e-04  1.53756547e-07 
 2.64700000e-04  1.53130775e-07 
 2.64800000e-04  1.52821147e-07 
 2.64900000e-04  1.52584872e-07 
 2.65000000e-04  1.52424278e-07 
 2.65100000e-04  1.66019237e-07 
 2.65200000e-04  1.65522745e-07 
 2.65300000e-04  1.65366024e-07 
 2.65400000e-04  1.65232046e-07 
 2.65500000e-04  1.65188166e-07 
 2.65600000e-04  1.51595515e-07 
 2.65700000e-04  1.51154212e-07 
 2.65800000e-04  1.50918695e-07 
 2.65900000e-04  1.50742355e-07 
 2.66000000e-04  1.50627065e-07 
 2.66100000e-04  1.66992900e-07 
 2.66200000e-04  1.66741454e-07 
 2.66300000e-04  1.66641581e-07 
 2.66400000e-04  1.66551162e-07 
 2.66500000e-04  1.66505354e-07 
 2.66600000e-04  1.55435315e-07 
 2.66700000e-04  1.55026187e-07 
 2.66800000e-04  1.54814803e-07 
 2.66900000e-04  1.54666000e-07 
 2.67000000e-04  1.54581755e-07 
 2.67100000e-04  1.66083879e-07 
 2.67200000e-04  1.65566113e-07 
 2.67300000e-04  1.65412413e-07 
 2.67400000e-04  1.65281566e-07 
 2.67500000e-04  1.65220375e-07 
 2.67600000e-04  1.51672016e-07 
 2.67700000e-04  1.51175750e-07 
 2.67800000e-04  1.50914689e-07 
 2.67900000e-04  1.50719135e-07 
 2.68000000e-04  1.50591161e-07 
 2.68100000e-04  1.66388980e-07 
 2.68200000e-04  1.66213749e-07 
 2.68300000e-04  1.66134491e-07 
 2.68400000e-04  1.66062151e-07 
 2.68500000e-04  1.66028860e-07 
 2.68600000e-04  1.53647870e-07 
 2.68700000e-04  1.53259883e-07 
 2.68800000e-04  1.53047922e-07 
 2.68900000e-04  1.52891226e-07 
 2.69000000e-04  1.52791541e-07 
 2.69100000e-04  1.66135557e-07 
 2.69200000e-04  1.65905065e-07 
 2.69300000e-04  1.65832399e-07 
 2.69400000e-04  1.65771590e-07 
 2.69500000e-04  1.65753758e-07 
 2.69600000e-04  1.52109963e-07 
 2.69700000e-04  1.51661626e-07 
 2.69800000e-04  1.51427444e-07 
 2.69900000e-04  1.51249561e-07 
 2.70000000e-04  1.51129758e-07 
 2.70100000e-04  1.68004329e-07 
 2.70200000e-04  1.67616605e-07 
 2.70300000e-04  1.67492829e-07 
 2.70400000e-04  1.67386998e-07 
 2.70500000e-04  1.67319786e-07 
 2.70600000e-04  1.57533678e-07 
 2.70700000e-04  1.57125181e-07 
 2.70800000e-04  1.56924749e-07 
 2.70900000e-04  1.56794853e-07 
 2.71000000e-04  1.56737718e-07 
 2.71100000e-04  1.66104860e-07 
 2.71200000e-04  1.65543812e-07 
 2.71300000e-04  1.65377861e-07 
 2.71400000e-04  1.65236712e-07 
 2.71500000e-04  1.65190905e-07 
 2.71600000e-04  1.51640831e-07 
 2.71700000e-04  1.51104672e-07 
 2.71800000e-04  1.50843994e-07 
 2.71900000e-04  1.50644669e-07 
 2.72000000e-04  1.50508635e-07 
 2.72100000e-04  1.66321042e-07 
 2.72200000e-04  1.66151802e-07 
 2.72300000e-04  1.66075837e-07 
 2.72400000e-04  1.66006390e-07 
 2.72500000e-04  1.65969021e-07 
 2.72600000e-04  1.53590497e-07 
 2.72700000e-04  1.53193437e-07 
 2.72800000e-04  1.52985377e-07 
 2.72900000e-04  1.52829865e-07 
 2.73000000e-04  1.52728550e-07 
 2.73100000e-04  1.67809396e-07 
 2.73200000e-04  1.67329605e-07 
 2.73300000e-04  1.67170249e-07 
 2.73400000e-04  1.67098549e-07 
 2.73500000e-04  1.67055173e-07 
 2.73600000e-04  1.52927783e-07 
 2.73700000e-04  1.52321578e-07 
 2.73800000e-04  1.52033165e-07 
 2.73900000e-04  1.51829972e-07 
 2.74000000e-04  1.51713810e-07 
 2.74100000e-04  1.03754347e-04 
 2.74200000e-04  1.03753870e-04 
 2.74300000e-04  1.03753729e-04 
 2.74400000e-04  1.03753611e-04 
 2.74500000e-04  1.03753555e-04 
 2.74600000e-04  1.03742459e-04 
 2.74700000e-04  1.03742047e-04 
 2.74800000e-04  1.03741837e-04 
 2.74900000e-04  1.03741697e-04 
 2.75000000e-04  1.03741630e-04 
 2.75100000e-04  1.67272336e-07 
 2.75200000e-04  1.66996584e-07 
 2.75300000e-04  1.66907344e-07 
 2.75400000e-04  1.66830084e-07 
 2.75500000e-04  1.66794066e-07 
 2.75600000e-04  1.53198009e-07 
 2.75700000e-04  1.52707160e-07 
 2.75800000e-04  1.52452149e-07 
 2.75900000e-04  1.52269888e-07 
 2.76000000e-04  1.52162672e-07 
 2.76100000e-04  1.68042962e-07 
 2.76200000e-04  1.67886052e-07 
 2.76300000e-04  1.67803757e-07 
 2.76400000e-04  1.67725924e-07 
 2.76500000e-04  1.67680468e-07 
 2.76600000e-04  1.55233617e-07 
 2.76700000e-04  1.54849516e-07 
 2.76800000e-04  1.54646288e-07 
 2.76900000e-04  1.54495977e-07 
 2.77000000e-04  1.54400245e-07 
 2.77100000e-04  1.67812586e-07 
 2.77200000e-04  1.67587427e-07 
 2.77300000e-04  1.67518011e-07 
 2.77400000e-04  1.67459843e-07 
 2.77500000e-04  1.67436461e-07 
 2.77600000e-04  1.53701387e-07 
 2.77700000e-04  1.53278233e-07 
 2.77800000e-04  1.53046284e-07 
 2.77900000e-04  1.52872133e-07 
 2.78000000e-04  1.52757597e-07 
 2.78100000e-04  1.70248000e-07 
 2.78200000e-04  1.69743237e-07 
 2.78300000e-04  1.69585553e-07 
 2.78400000e-04  1.69451108e-07 
 2.78500000e-04  1.69396430e-07 
 2.78600000e-04  1.60779230e-07 
 2.78700000e-04  1.60396731e-07 
 2.78800000e-04  1.60206295e-07 
 2.78900000e-04  1.60085469e-07 
 2.79000000e-04  1.60036446e-07 
 2.79100000e-04  1.67435810e-07 
 2.79200000e-04  1.66778028e-07 
 2.79300000e-04  1.66575526e-07 
 2.79400000e-04  1.66402186e-07 
 2.79500000e-04  1.66335230e-07 
 2.79600000e-04  1.52739888e-07 
 2.79700000e-04  1.52182895e-07 
 2.79800000e-04  1.51917630e-07 
 2.79900000e-04  1.51714454e-07 
 2.80000000e-04  1.51575303e-07 
 2.80100000e-04  1.69395435e-07 
 2.80200000e-04  1.68878622e-07 
 2.80300000e-04  1.68701653e-07 
 2.80400000e-04  1.68626050e-07 
 2.80500000e-04  1.68583201e-07 
 2.80600000e-04  1.55646537e-07 
 2.80700000e-04  1.55105177e-07 
 2.80800000e-04  1.54844349e-07 
 2.80900000e-04  1.54653341e-07 
 2.81000000e-04  1.54533630e-07 
 2.81100000e-04  1.03754115e-04 
 2.81200000e-04  1.03753707e-04 
 2.81300000e-04  1.03753589e-04 
 2.81400000e-04  1.03753490e-04 
 2.81500000e-04  1.03753455e-04 
 2.81600000e-04  1.03739763e-04 
 2.81700000e-04  1.03739298e-04 
 2.81800000e-04  1.03739064e-04 
 2.81900000e-04  1.03738882e-04 
 2.82000000e-04  1.03738753e-04 
 2.82100000e-04  1.69705603e-07 
 2.82200000e-04  1.69391036e-07 
 2.82300000e-04  1.69280577e-07 
 2.82400000e-04  1.69183491e-07 
 2.82500000e-04  1.69130219e-07 
 2.82600000e-04  1.57961962e-07 
 2.82700000e-04  1.57566575e-07 
 2.82800000e-04  1.57368843e-07 
 2.82900000e-04  1.57235936e-07 
 2.83000000e-04  1.57169895e-07 
 2.83100000e-04  1.68397106e-07 
 2.83200000e-04  1.68163777e-07 
 2.83300000e-04  1.68065398e-07 
 2.83400000e-04  1.67974912e-07 
 2.83500000e-04  1.67953696e-07 
 2.83600000e-04  1.54237866e-07 
 2.83700000e-04  1.53780570e-07 
 2.83800000e-04  1.53528838e-07 
 2.83900000e-04  1.53338039e-07 
 2.84000000e-04  1.53210083e-07 
 2.84100000e-04  1.69189025e-07 
 2.84200000e-04  1.68995282e-07 
 2.84300000e-04  1.68914863e-07 
 2.84400000e-04  1.68843051e-07 
 2.84500000e-04  1.68793665e-07 
 2.84600000e-04  1.56261429e-07 
 2.84700000e-04  1.55887334e-07 
 2.84800000e-04  1.55688692e-07 
 2.84900000e-04  1.55547566e-07 
 2.85000000e-04  1.55465759e-07 
 2.85100000e-04  1.68934284e-07 
 2.85200000e-04  1.68709815e-07 
 2.85300000e-04  1.68635551e-07 
 2.85400000e-04  1.68572123e-07 
 2.85500000e-04  1.68542159e-07 
 2.85600000e-04  1.54741291e-07 
 2.85700000e-04  1.54349840e-07 
 2.85800000e-04  1.54114280e-07 
 2.85900000e-04  1.53934956e-07 
 2.86000000e-04  1.53813629e-07 
 2.86100000e-04  1.70853729e-07 
 2.86200000e-04  1.70453413e-07 
 2.86300000e-04  1.70308608e-07 
 2.86400000e-04  1.70180862e-07 
 2.86500000e-04  1.70145614e-07 
 2.86600000e-04  1.60165528e-07 
 2.86700000e-04  1.59804063e-07 
 2.86800000e-04  1.59619150e-07 
 2.86900000e-04  1.59492656e-07 
 2.87000000e-04  1.59426408e-07 
 2.87100000e-04  1.68529185e-07 
 2.87200000e-04  1.68223412e-07 
 2.87300000e-04  1.68129126e-07 
 2.87400000e-04  1.68049571e-07 
 2.87500000e-04  1.68004973e-07 
 2.87600000e-04  1.54296623e-07 
 2.87700000e-04  1.53793188e-07 
 2.87800000e-04  1.53532884e-07 
 2.87900000e-04  1.53346930e-07 
 2.88000000e-04  1.53237661e-07 
 2.88100000e-04  1.69187257e-07 
 2.88200000e-04  1.69007747e-07 
 2.88300000e-04  1.68921291e-07 
 2.88400000e-04  1.68841217e-07 
 2.88500000e-04  1.68807788e-07 
 2.88600000e-04  1.56266168e-07 
 2.88700000e-04  1.55885525e-07 
 2.88800000e-04  1.55689262e-07 
 2.88900000e-04  1.55548633e-07 
 2.89000000e-04  1.55465377e-07 
 2.89100000e-04  1.68947540e-07 
 2.89200000e-04  1.68711356e-07 
 2.89300000e-04  1.68631516e-07 
 2.89400000e-04  1.68563161e-07 
 2.89500000e-04  1.68537270e-07 
 2.89600000e-04  1.54754795e-07 
 2.89700000e-04  1.54333474e-07 
 2.89800000e-04  1.54093496e-07 
 2.89900000e-04  1.53920074e-07 
 2.90000000e-04  1.53815295e-07 
 2.90100000e-04  1.70310174e-07 
 2.90200000e-04  1.70019217e-07 
 2.90300000e-04  1.69909766e-07 
 2.90400000e-04  1.69812465e-07 
 2.90500000e-04  1.69762446e-07 
 2.90600000e-04  1.58523308e-07 
 2.90700000e-04  1.58127140e-07 
 2.90800000e-04  1.57934376e-07 
 2.90900000e-04  1.57806818e-07 
 2.91000000e-04  1.57746504e-07 
 2.91100000e-04  1.69026609e-07 
 2.91200000e-04  1.68764872e-07 
 2.91300000e-04  1.68673376e-07 
 2.91400000e-04  1.68593401e-07 
 2.91500000e-04  1.68567640e-07 
 2.91600000e-04  1.54784217e-07 
 2.91700000e-04  1.54350993e-07 
 2.91800000e-04  1.54106799e-07 
 2.91900000e-04  1.53922579e-07 
 2.92000000e-04  1.53800206e-07 
 2.92100000e-04  1.69792946e-07 
 2.92200000e-04  1.69609878e-07 
 2.92300000e-04  1.69521994e-07 
 2.92400000e-04  1.69440804e-07 
 2.92500000e-04  1.69396290e-07 
 2.92600000e-04  1.56835039e-07 
 2.92700000e-04  1.56455165e-07 
 2.92800000e-04  1.56269264e-07 
 2.92900000e-04  1.56135593e-07 
 2.93000000e-04  1.56055776e-07 
 2.93100000e-04  1.69544459e-07 
 2.93200000e-04  1.69333117e-07 
 2.93300000e-04  1.69247539e-07 
 2.93400000e-04  1.69170114e-07 
 2.93500000e-04  1.69144233e-07 
 2.93600000e-04  1.55329869e-07 
 2.93700000e-04  1.54903898e-07 
 2.93800000e-04  1.54687238e-07 
 2.93900000e-04  1.54520073e-07 
 2.94000000e-04  1.54403944e-07 
 2.94100000e-04  1.72532429e-07 
 2.94200000e-04  1.71900220e-07 
 2.94300000e-04  1.71708287e-07 
 2.94400000e-04  1.71546453e-07 
 2.94500000e-04  1.71467352e-07 
 2.94600000e-04  1.64073941e-07 
 2.94700000e-04  1.63710672e-07 
 2.94800000e-04  1.63524929e-07 
 2.94900000e-04  1.63413040e-07 
 2.95000000e-04  1.63377317e-07 
 2.95100000e-04  1.68875358e-07 
 2.95200000e-04  1.68001599e-07 
 2.95300000e-04  1.67757514e-07 
 2.95400000e-04  1.67553917e-07 
 2.95500000e-04  1.67460766e-07 
 2.95600000e-04  1.53849421e-07 
 2.95700000e-04  1.53267000e-07 
 2.95800000e-04  1.52993615e-07 
 2.95900000e-04  1.52785471e-07 
 2.96000000e-04  1.52644605e-07 
 2.96100000e-04  1.68608136e-07 
 2.96200000e-04  1.68413260e-07 
 2.96300000e-04  1.68326248e-07 
 2.96400000e-04  1.68247222e-07 
 2.96500000e-04  1.68204116e-07 
 2.96600000e-04  1.55680478e-07 
 2.96700000e-04  1.55303616e-07 
 2.96800000e-04  1.55108290e-07 
 2.96900000e-04  1.54968527e-07 
 2.97000000e-04  1.54886056e-07 
 2.97100000e-04  1.68323990e-07 
 2.97200000e-04  1.68105838e-07 
 2.97300000e-04  1.68030550e-07 
 2.97400000e-04  1.67965292e-07 
 2.97500000e-04  1.67927274e-07 
 2.97600000e-04  1.54154436e-07 
 2.97700000e-04  1.53727629e-07 
 2.97800000e-04  1.53495700e-07 
 2.97900000e-04  1.53320440e-07 
 2.98000000e-04  1.53203610e-07 
 2.98100000e-04  1.69703371e-07 
 2.98200000e-04  1.69402694e-07 
 2.98300000e-04  1.69296007e-07 
 2.98400000e-04  1.69203088e-07 
 2.98500000e-04  1.69158641e-07 
 2.98600000e-04  1.57927507e-07 
 2.98700000e-04  1.57544622e-07 
 2.98800000e-04  1.57341163e-07 
 2.98900000e-04  1.57210487e-07 
 2.99000000e-04  1.57154869e-07 
 2.99100000e-04  1.68394093e-07 
 2.99200000e-04  1.68135795e-07 
 2.99300000e-04  1.68054250e-07 
 2.99400000e-04  1.67985038e-07 
 2.99500000e-04  1.67940429e-07 
 2.99600000e-04  1.54212981e-07 
 2.99700000e-04  1.53743514e-07 
 2.99800000e-04  1.53501691e-07 
 2.99900000e-04  1.53322749e-07 
 3.00000000e-04  1.53208642e-07 
 3.00100000e-04  1.69173302e-07 
 3.00200000e-04  1.68969412e-07 
 3.00300000e-04  1.68886631e-07 
 3.00400000e-04  1.68813302e-07 
 3.00500000e-04  1.68790620e-07 
 3.00600000e-04  1.56242692e-07 
 3.00700000e-04  1.55878708e-07 
 3.00800000e-04  1.55675788e-07 
 3.00900000e-04  1.55536139e-07 
 3.01000000e-04  1.55461731e-07 
 3.01100000e-04  1.68920381e-07 
 3.01200000e-04  1.68701784e-07 
 3.01300000e-04  1.68627487e-07 
 3.01400000e-04  1.68563363e-07 
 3.01500000e-04  1.68520833e-07 
 3.01600000e-04  1.54742888e-07 
 3.01700000e-04  1.54312346e-07 
 3.01800000e-04  1.54090965e-07 
 3.01900000e-04  1.53922044e-07 
 3.02000000e-04  1.53807209e-07 
 3.02100000e-04  1.70835446e-07 
 3.02200000e-04  1.70440013e-07 
 3.02300000e-04  1.70300876e-07 
 3.02400000e-04  1.70178875e-07 
 3.02500000e-04  1.70130704e-07 
 3.02600000e-04  1.60164412e-07 
 3.02700000e-04  1.59787044e-07 
 3.02800000e-04  1.59594414e-07 
 3.02900000e-04  1.59474108e-07 
 3.03000000e-04  1.59428378e-07 
 3.03100000e-04  1.68530604e-07 
 3.03200000e-04  1.68215910e-07 
 3.03300000e-04  1.68106719e-07 
 3.03400000e-04  1.68011703e-07 
 3.03500000e-04  1.67988042e-07 
 3.03600000e-04  1.54295962e-07 
 3.03700000e-04  1.53781155e-07 
 3.03800000e-04  1.53524728e-07 
 3.03900000e-04  1.53336845e-07 
 3.04000000e-04  1.53219641e-07 
 3.04100000e-04  1.69186876e-07 
 3.04200000e-04  1.68993235e-07 
 3.04300000e-04  1.68914411e-07 
 3.04400000e-04  1.68844318e-07 
 3.04500000e-04  1.68800691e-07 
 3.04600000e-04  1.56242838e-07 
 3.04700000e-04  1.55874047e-07 
 3.04800000e-04  1.55683869e-07 
 3.04900000e-04  1.55542849e-07 
 3.05000000e-04  1.55452504e-07 
 3.05100000e-04  1.68923117e-07 
 3.05200000e-04  1.68701458e-07 
 3.05300000e-04  1.68634183e-07 
 3.05400000e-04  1.68578083e-07 
 3.05500000e-04  1.68531652e-07 
 3.05600000e-04  1.54746400e-07 
 3.05700000e-04  1.54309005e-07 
 3.05800000e-04  1.54089794e-07 
 3.05900000e-04  1.53920771e-07 
 3.06000000e-04  1.53803486e-07 
 3.06100000e-04  1.70308504e-07 
 3.06200000e-04  1.70012314e-07 
 3.06300000e-04  1.69898185e-07 
 3.06400000e-04  1.69796543e-07 
 3.06500000e-04  1.69755601e-07 
 3.06600000e-04  1.58514865e-07 
 3.06700000e-04  1.58121351e-07 
 3.06800000e-04  1.57935038e-07 
 3.06900000e-04  1.57802953e-07 
 3.07000000e-04  1.57726770e-07 
 3.07100000e-04  1.69021894e-07 
 3.07200000e-04  1.68765173e-07 
 3.07300000e-04  1.68672337e-07 
 3.07400000e-04  1.68590532e-07 
 3.07500000e-04  1.68560981e-07 
 3.07600000e-04  1.54801160e-07 
 3.07700000e-04  1.54323225e-07 
 3.07800000e-04  1.54086844e-07 
 3.07900000e-04  1.53913866e-07 
 3.08000000e-04  1.53806262e-07 
 3.08100000e-04  1.69782769e-07 
 3.08200000e-04  1.69603333e-07 
 3.08300000e-04  1.69524319e-07 
 3.08400000e-04  1.69452148e-07 
 3.08500000e-04  1.69405457e-07 
 3.08600000e-04  1.56836356e-07 
 3.08700000e-04  1.56464651e-07 
 3.08800000e-04  1.56266960e-07 
 3.08900000e-04  1.56130058e-07 
 3.09000000e-04  1.56055828e-07 
 3.09100000e-04  1.69541377e-07 
 3.09200000e-04  1.69327249e-07 
 3.09300000e-04  1.69241789e-07 
 3.09400000e-04  1.69165220e-07 
 3.09500000e-04  1.69131495e-07 
 3.09600000e-04  1.55334667e-07 
 3.09700000e-04  1.54896450e-07 
 3.09800000e-04  1.54677788e-07 
 3.09900000e-04  1.54512351e-07 
 3.10000000e-04  1.54401784e-07 
 3.10100000e-04  1.71988176e-07 
 3.10200000e-04  1.71481015e-07 
 3.10300000e-04  1.71310003e-07 
 3.10400000e-04  1.71161298e-07 
 3.10500000e-04  1.71111506e-07 
 3.10600000e-04  1.62411027e-07 
 3.10700000e-04  1.62041207e-07 
 3.10800000e-04  1.61854927e-07 
 3.10900000e-04  1.61736068e-07 
 3.11000000e-04  1.61686723e-07 
 3.11100000e-04  1.68800403e-07 
 3.11200000e-04  1.68407689e-07 
 3.11300000e-04  1.68257095e-07 
 3.11400000e-04  1.68122756e-07 
 3.11500000e-04  1.68068195e-07 
 3.11600000e-04  1.54391544e-07 
 3.11700000e-04  1.53847130e-07 
 3.11800000e-04  1.53575387e-07 
 3.11900000e-04  1.53375920e-07 
 3.12000000e-04  1.53250975e-07 
 3.12100000e-04  1.69222524e-07 
 3.12200000e-04  1.69029712e-07 
 3.12300000e-04  1.68939873e-07 
 3.12400000e-04  1.68857526e-07 
 3.12500000e-04  1.68819662e-07 
 3.12600000e-04  1.56267878e-07 
 3.12700000e-04  1.55897258e-07 
 3.12800000e-04  1.55699704e-07 
 3.12900000e-04  1.55556319e-07 
 3.13000000e-04  1.55468767e-07 
 3.13100000e-04  1.68941033e-07 
 3.13200000e-04  1.68716243e-07 
 3.13300000e-04  1.68639867e-07 
 3.13400000e-04  1.68574041e-07 
 3.13500000e-04  1.68543890e-07 
 3.13600000e-04  1.54736481e-07 
 3.13700000e-04  1.54318467e-07 
 3.13800000e-04  1.54101161e-07 
 3.13900000e-04  1.53931333e-07 
 3.14000000e-04  1.53810438e-07 
 3.14100000e-04  1.70323241e-07 
 3.14200000e-04  1.70013897e-07 
 3.14300000e-04  1.69909654e-07 
 3.14400000e-04  1.69820442e-07 
 3.14500000e-04  1.69757875e-07 
 3.14600000e-04  1.58505067e-07 
 3.14700000e-04  1.58138627e-07 
 3.14800000e-04  1.57944064e-07 
 3.14900000e-04  1.57814250e-07 
 3.15000000e-04  1.57751188e-07 
 3.15100000e-04  1.69023042e-07 
 3.15200000e-04  1.68751564e-07 
 3.15300000e-04  1.68668406e-07 
 3.15400000e-04  1.68598237e-07 
 3.15500000e-04  1.68547861e-07 
 3.15600000e-04  1.54790106e-07 
 3.15700000e-04  1.54329425e-07 
 3.15800000e-04  1.54088761e-07 
 3.15900000e-04  1.53913577e-07 
 3.16000000e-04  1.53805898e-07 
 3.16100000e-04  1.69788522e-07 
 3.16200000e-04  1.69615068e-07 
 3.16300000e-04  1.69531827e-07 
 3.16400000e-04  1.69454835e-07 
 3.16500000e-04  1.69397437e-07 
 3.16600000e-04  1.56838649e-07 
 3.16700000e-04  1.56462961e-07 
 3.16800000e-04  1.56268138e-07 
 3.16900000e-04  1.56131310e-07 
 3.17000000e-04  1.56054259e-07 
 3.17100000e-04  1.69537784e-07 
 3.17200000e-04  1.69327379e-07 
 3.17300000e-04  1.69246647e-07 
 3.17400000e-04  1.69174709e-07 
 3.17500000e-04  1.69142774e-07 
 3.17600000e-04  1.55319771e-07 
 3.17700000e-04  1.54898064e-07 
 3.17800000e-04  1.54679724e-07 
 3.17900000e-04  1.54507615e-07 
 3.18000000e-04  1.54383148e-07 
 3.18100000e-04  1.71459992e-07 
 3.18200000e-04  1.71047284e-07 
 3.18300000e-04  1.70911894e-07 
 3.18400000e-04  1.70795404e-07 
 3.18500000e-04  1.70744574e-07 
 3.18600000e-04  1.60750810e-07 
 3.18700000e-04  1.60362988e-07 
 3.18800000e-04  1.60191984e-07 
 3.18900000e-04  1.60070767e-07 
 3.19000000e-04  1.60000861e-07 
 3.19100000e-04  1.69138889e-07 
 3.19200000e-04  1.68841766e-07 
 3.19300000e-04  1.68740101e-07 
 3.19400000e-04  1.68651408e-07 
 3.19500000e-04  1.68592836e-07 
 3.19600000e-04  1.54868847e-07 
 3.19700000e-04  1.54377963e-07 
 3.19800000e-04  1.54117491e-07 
 3.19900000e-04  1.53932365e-07 
 3.20000000e-04  1.53824923e-07 
 3.20100000e-04  1.69810510e-07 
 3.20200000e-04  1.69620830e-07 
 3.20300000e-04  1.69529909e-07 
 3.20400000e-04  1.69445868e-07 
 3.20500000e-04  1.69421354e-07 
 3.20600000e-04  1.56836360e-07 
 3.20700000e-04  1.56470975e-07 
 3.20800000e-04  1.56275135e-07 
 3.20900000e-04  1.56140795e-07 
 3.21000000e-04  1.56069845e-07 
 3.21100000e-04  1.71308446e-07 
 3.21200000e-04  1.70832209e-07 
 3.21300000e-04  1.70645387e-07 
 3.21400000e-04  1.70572956e-07 
 3.21500000e-04  1.70500163e-07 
 3.21600000e-04  1.56186826e-07 
 3.21700000e-04  1.55605724e-07 
 3.21800000e-04  1.55347478e-07 
 3.21900000e-04  1.55163152e-07 
 3.22000000e-04  1.55054268e-07 
 3.22100000e-04  1.03757875e-04 
 3.22200000e-04  1.03757365e-04 
 3.22300000e-04  1.03757221e-04 
 3.22400000e-04  1.03757103e-04 
 3.22500000e-04  1.03757032e-04 
 3.22600000e-04  1.03745768e-04 
 3.22700000e-04  1.03745360e-04 
 3.22800000e-04  1.03745172e-04 
 3.22900000e-04  1.03745045e-04 
 3.23000000e-04  1.03744982e-04 
 3.23100000e-04  1.70785863e-07 
 3.23200000e-04  1.70489728e-07 
 3.23300000e-04  1.70389027e-07 
 3.23400000e-04  1.70301107e-07 
 3.23500000e-04  1.70273744e-07 
 3.23600000e-04  1.56473664e-07 
 3.23700000e-04  1.56010003e-07 
 3.23800000e-04  1.55771908e-07 
 3.23900000e-04  1.55594141e-07 
 3.24000000e-04  1.55478554e-07 
 3.24100000e-04  1.71564692e-07 
 3.24200000e-04  1.71365425e-07 
 3.24300000e-04  1.71283970e-07 
 3.24400000e-04  1.71211455e-07 
 3.24500000e-04  1.71162645e-07 
 3.24600000e-04  1.58503981e-07 
 3.24700000e-04  1.58138369e-07 
 3.24800000e-04  1.57961403e-07 
 3.24900000e-04  1.57827316e-07 
 3.25000000e-04  1.57737407e-07 
 3.25100000e-04  1.71344387e-07 
 3.25200000e-04  1.71098120e-07 
 3.25300000e-04  1.71007998e-07 
 3.25400000e-04  1.70929441e-07 
 3.25500000e-04  1.70895453e-07 
 3.25600000e-04  1.56982566e-07 
 3.25700000e-04  1.56575418e-07 
 3.25800000e-04  1.56363213e-07 
 3.25900000e-04  1.56193616e-07 
 3.26000000e-04  1.56067918e-07 
 3.26100000e-04  1.74829191e-07 
 3.26200000e-04  1.74091617e-07 
 3.26300000e-04  1.73858715e-07 
 3.26400000e-04  1.73659328e-07 
 3.26500000e-04  1.73583607e-07 
 3.26600000e-04  1.67398075e-07 
 3.26700000e-04  1.67024096e-07 
 3.26800000e-04  1.66855368e-07 
 3.26900000e-04  1.66759357e-07 
 3.27000000e-04  1.66738303e-07 
 3.27100000e-04  1.70095532e-07 
 3.27200000e-04  1.69148787e-07 
 3.27300000e-04  1.68895224e-07 
 3.27400000e-04  1.68685824e-07 
 3.27500000e-04  1.68619646e-07 
 3.27600000e-04  1.54974620e-07 
 3.27700000e-04  1.54342156e-07 
 3.27800000e-04  1.54071852e-07 
 3.27900000e-04  1.53871283e-07 
 3.28000000e-04  1.53742603e-07 
 3.28100000e-04  1.69745514e-07 
 3.28200000e-04  1.69569725e-07 
 3.28300000e-04  1.69479595e-07 
 3.28400000e-04  1.69394982e-07 
 3.28500000e-04  1.69353899e-07 
 3.28600000e-04  1.56739122e-07 
 3.28700000e-04  1.56380887e-07 
 3.28800000e-04  1.56182959e-07 
 3.28900000e-04  1.56047764e-07 
 3.29000000e-04  1.55977231e-07 
 3.29100000e-04  1.69483341e-07 
 3.29200000e-04  1.69238564e-07 
 3.29300000e-04  1.69157190e-07 
 3.29400000e-04  1.69088398e-07 
 3.29500000e-04  1.69055975e-07 
 3.29600000e-04  1.55242600e-07 
 3.29700000e-04  1.54803924e-07 
 3.29800000e-04  1.54577354e-07 
 3.29900000e-04  1.54405038e-07 
 3.30000000e-04  1.54288630e-07 
 3.30100000e-04  1.70836846e-07 
 3.30200000e-04  1.70530407e-07 
 3.30300000e-04  1.70424662e-07 
 3.30400000e-04  1.70332878e-07 
 3.30500000e-04  1.70287624e-07 
 3.30600000e-04  1.58992435e-07 
 3.30700000e-04  1.58612969e-07 
 3.30800000e-04  1.58422364e-07 
 3.30900000e-04  1.58292276e-07 
 3.31000000e-04  1.58224559e-07 
 3.31100000e-04  1.69535337e-07 
 3.31200000e-04  1.69279617e-07 
 3.31300000e-04  1.69180375e-07 
 3.31400000e-04  1.69090991e-07 
 3.31500000e-04  1.69067593e-07 
 3.31600000e-04  1.55284901e-07 
 3.31700000e-04  1.54827352e-07 
 3.31800000e-04  1.54576648e-07 
 3.31900000e-04  1.54398081e-07 
 3.32000000e-04  1.54293875e-07 
 3.32100000e-04  1.70298566e-07 
 3.32200000e-04  1.70113510e-07 
 3.32300000e-04  1.70028307e-07 
 3.32400000e-04  1.69949979e-07 
 3.32500000e-04  1.69906479e-07 
 3.32600000e-04  1.57314115e-07 
 3.32700000e-04  1.56934982e-07 
 3.32800000e-04  1.56748842e-07 
 3.32900000e-04  1.56618206e-07 
 3.33000000e-04  1.56544768e-07 
 3.33100000e-04  1.70077472e-07 
 3.33200000e-04  1.69838697e-07 
 3.33300000e-04  1.69763339e-07 
 3.33400000e-04  1.69700282e-07 
 3.33500000e-04  1.69649123e-07 
 3.33600000e-04  1.55795799e-07 
 3.33700000e-04  1.55385084e-07 
 3.33800000e-04  1.55159625e-07 
 3.33900000e-04  1.54991121e-07 
 3.34000000e-04  1.54881310e-07 
 3.34100000e-04  1.71981333e-07 
 3.34200000e-04  1.71575065e-07 
 3.34300000e-04  1.71429517e-07 
 3.34400000e-04  1.71301679e-07 
 3.34500000e-04  1.71237094e-07 
 3.34600000e-04  1.61215407e-07 
 3.34700000e-04  1.60867568e-07 
 3.34800000e-04  1.60670162e-07 
 3.34900000e-04  1.60546307e-07 
 3.35000000e-04  1.60498269e-07 
 3.35100000e-04  1.69665839e-07 
 3.35200000e-04  1.69349857e-07 
 3.35300000e-04  1.69240551e-07 
 3.35400000e-04  1.69145547e-07 
 3.35500000e-04  1.69108826e-07 
 3.35600000e-04  1.55355524e-07 
 3.35700000e-04  1.54844322e-07 
 3.35800000e-04  1.54596082e-07 
 3.35900000e-04  1.54413859e-07 
 3.36000000e-04  1.54299677e-07 
 3.36100000e-04  1.70322770e-07 
 3.36200000e-04  1.70121915e-07 
 3.36300000e-04  1.70045241e-07 
 3.36400000e-04  1.69977782e-07 
 3.36500000e-04  1.69934417e-07 
 3.36600000e-04  1.57311965e-07 
 3.36700000e-04  1.56959782e-07 
 3.36800000e-04  1.56763836e-07 
 3.36900000e-04  1.56623608e-07 
 3.37000000e-04  1.56540795e-07 
 3.37100000e-04  1.70068370e-07 
 3.37200000e-04  1.69832743e-07 
 3.37300000e-04  1.69751724e-07 
 3.37400000e-04  1.69682012e-07 
 3.37500000e-04  1.69660787e-07 
 3.37600000e-04  1.55811918e-07 
 3.37700000e-04  1.55386289e-07 
 3.37800000e-04  1.55151947e-07 
 3.37900000e-04  1.54978271e-07 
 3.38000000e-04  1.54867113e-07 
 3.38100000e-04  1.71457243e-07 
 3.38200000e-04  1.71148661e-07 
 3.38300000e-04  1.71035514e-07 
 3.38400000e-04  1.70936098e-07 
 3.38500000e-04  1.70887514e-07 
 3.38600000e-04  1.59570684e-07 
 3.38700000e-04  1.59186842e-07 
 3.38800000e-04  1.58998663e-07 
 3.38900000e-04  1.58874480e-07 
 3.39000000e-04  1.58816247e-07 
 3.39100000e-04  1.70154357e-07 
 3.39200000e-04  1.69889336e-07 
 3.39300000e-04  1.69794819e-07 
 3.39400000e-04  1.69711485e-07 
 3.39500000e-04  1.69682872e-07 
 3.39600000e-04  1.55860641e-07 
 3.39700000e-04  1.55404457e-07 
 3.39800000e-04  1.55171768e-07 
 3.39900000e-04  1.54998221e-07 
 3.40000000e-04  1.54885617e-07 
 3.40100000e-04  1.70924975e-07 
 3.40200000e-04  1.70737505e-07 
 3.40300000e-04  1.70652112e-07 
 3.40400000e-04  1.70574159e-07 
 3.40500000e-04  1.70523587e-07 
 3.40600000e-04  1.57890659e-07 
 3.40700000e-04  1.57542471e-07 
 3.40800000e-04  1.57341348e-07 
 3.40900000e-04  1.57199732e-07 
 3.41000000e-04  1.57119432e-07 
 3.41100000e-04  1.70694648e-07 
 3.41200000e-04  1.70464036e-07 
 3.41300000e-04  1.70373476e-07 
 3.41400000e-04  1.70292942e-07 
 3.41500000e-04  1.70266151e-07 
 3.41600000e-04  1.56389494e-07 
 3.41700000e-04  1.55978379e-07 
 3.41800000e-04  1.55752134e-07 
 3.41900000e-04  1.55578527e-07 
 3.42000000e-04  1.55459148e-07 
 3.42100000e-04  1.73123791e-07 
 3.42200000e-04  1.72619536e-07 
 3.42300000e-04  1.72449252e-07 
 3.42400000e-04  1.72300359e-07 
 3.42500000e-04  1.72224607e-07 
 3.42600000e-04  1.63470621e-07 
 3.42700000e-04  1.63101801e-07 
 3.42800000e-04  1.62924649e-07 
 3.42900000e-04  1.62810491e-07 
 3.43000000e-04  1.62761248e-07 
 3.43100000e-04  1.69953449e-07 
 3.43200000e-04  1.69548000e-07 
 3.43300000e-04  1.69395591e-07 
 3.43400000e-04  1.69260285e-07 
 3.43500000e-04  1.69204795e-07 
 3.43600000e-04  1.55459073e-07 
 3.43700000e-04  1.54909882e-07 
 3.43800000e-04  1.54644051e-07 
 3.43900000e-04  1.54446174e-07 
 3.44000000e-04  1.54318329e-07 
 3.44100000e-04  1.70361649e-07 
 3.44200000e-04  1.70161351e-07 
 3.44300000e-04  1.70068408e-07 
 3.44400000e-04  1.69983117e-07 
 3.44500000e-04  1.69947799e-07 
 3.44600000e-04  1.57317578e-07 
 3.44700000e-04  1.56949481e-07 
 3.44800000e-04  1.56764857e-07 
 3.44900000e-04  1.56629734e-07 
 3.45000000e-04  1.56545601e-07 
 3.45100000e-04  1.70081082e-07 
 3.45200000e-04  1.69849388e-07 
 3.45300000e-04  1.69768480e-07 
 3.45400000e-04  1.69698314e-07 
 3.45500000e-04  1.69664924e-07 
 3.45600000e-04  1.55823227e-07 
 3.45700000e-04  1.55407725e-07 
 3.45800000e-04  1.55168228e-07 
 3.45900000e-04  1.54996393e-07 
 3.46000000e-04  1.54894282e-07 
 3.46100000e-04  1.71450563e-07 
 3.46200000e-04  1.71146833e-07 
 3.46300000e-04  1.71038288e-07 
 3.46400000e-04  1.70943232e-07 
 3.46500000e-04  1.70891688e-07 
 3.46600000e-04  1.59558533e-07 
 3.46700000e-04  1.59201610e-07 
 3.46800000e-04  1.59016896e-07 
 3.46900000e-04  1.58887521e-07 
 3.47000000e-04  1.58815160e-07 
 3.47100000e-04  1.70152963e-07 
 3.47200000e-04  1.69889124e-07 
 3.47300000e-04  1.69799417e-07 
 3.47400000e-04  1.69721421e-07 
 3.47500000e-04  1.69688429e-07 
 3.47600000e-04  1.55858119e-07 
 3.47700000e-04  1.55397956e-07 
 3.47800000e-04  1.55171313e-07 
 3.47900000e-04  1.55002907e-07 
 3.48000000e-04  1.54894504e-07 
 3.48100000e-04  1.70927351e-07 
 3.48200000e-04  1.70733581e-07 
 3.48300000e-04  1.70652404e-07 
 3.48400000e-04  1.70579590e-07 
 3.48500000e-04  1.70529944e-07 
 3.48600000e-04  1.57902227e-07 
 3.48700000e-04  1.57546380e-07 
 3.48800000e-04  1.57350260e-07 
 3.48900000e-04  1.57212196e-07 
 3.49000000e-04  1.57133947e-07 
 3.49100000e-04  1.70696073e-07 
 3.49200000e-04  1.70449294e-07 
 3.49300000e-04  1.70367554e-07 
 3.49400000e-04  1.70298195e-07 
 3.49500000e-04  1.70271397e-07 
 3.49600000e-04  1.56399045e-07 
 3.49700000e-04  1.55981104e-07 
 3.49800000e-04  1.55754371e-07 
 3.49900000e-04  1.55586588e-07 
 3.50000000e-04  1.55479542e-07 
 3.50100000e-04  1.72591630e-07 
 3.50200000e-04  1.72186489e-07 
 3.50300000e-04  1.72050982e-07 
 3.50400000e-04  1.71933327e-07 
 3.50500000e-04  1.71874284e-07 
 3.50600000e-04  1.61806400e-07 
 3.50700000e-04  1.61439719e-07 
 3.50800000e-04  1.61265023e-07 
 3.50900000e-04  1.61150968e-07 
 3.51000000e-04  1.61099388e-07 
 3.51100000e-04  1.70280681e-07 
 3.51200000e-04  1.69968348e-07 
 3.51300000e-04  1.69858246e-07 
 3.51400000e-04  1.69761807e-07 
 3.51500000e-04  1.69730254e-07 
 3.51600000e-04  1.55937339e-07 
 3.51700000e-04  1.55437691e-07 
 3.51800000e-04  1.55201208e-07 
 3.51900000e-04  1.55015812e-07 
 3.52000000e-04  1.54883036e-07 
 3.52100000e-04  1.70946561e-07 
 3.52200000e-04  1.70756043e-07 
 3.52300000e-04  1.70665653e-07 
 3.52400000e-04  1.70582155e-07 
 3.52500000e-04  1.70536766e-07 
 3.52600000e-04  1.57891095e-07 
 3.52700000e-04  1.57533611e-07 
 3.52800000e-04  1.57343418e-07 
 3.52900000e-04  1.57214117e-07 
 3.53000000e-04  1.57147552e-07 
 3.53100000e-04  1.70695790e-07 
 3.53200000e-04  1.70474132e-07 
 3.53300000e-04  1.70389630e-07 
 3.53400000e-04  1.70314584e-07 
 3.53500000e-04  1.70279590e-07 
 3.53600000e-04  1.56381098e-07 
 3.53700000e-04  1.55976294e-07 
 3.53800000e-04  1.55747261e-07 
 3.53900000e-04  1.55577306e-07 
 3.54000000e-04  1.55468213e-07 
 3.54100000e-04  1.72080751e-07 
 3.54200000e-04  1.71770531e-07 
 3.54300000e-04  1.71656468e-07 
 3.54400000e-04  1.71556185e-07 
 3.54500000e-04  1.71502009e-07 
 3.54600000e-04  1.60162526e-07 
 3.54700000e-04  1.59794592e-07 
 3.54800000e-04  1.59602932e-07 
 3.54900000e-04  1.59479263e-07 
 3.55000000e-04  1.59425651e-07 
 3.55100000e-04  1.70791047e-07 
 3.55200000e-04  1.70515118e-07 
 3.55300000e-04  1.70414783e-07 
 3.55400000e-04  1.70326397e-07 
 3.55500000e-04  1.70287737e-07 
 3.55600000e-04  1.56444807e-07 
 3.55700000e-04  1.55993177e-07 
 3.55800000e-04  1.55761215e-07 
 3.55900000e-04  1.55585652e-07 
 3.56000000e-04  1.55468097e-07 
 3.56100000e-04  1.73489843e-07 
 3.56200000e-04  1.72946223e-07 
 3.56300000e-04  1.72771076e-07 
 3.56400000e-04  1.72684525e-07 
 3.56500000e-04  1.72626600e-07 
 3.56600000e-04  1.59509107e-07 
 3.56700000e-04  1.58983616e-07 
 3.56800000e-04  1.58737841e-07 
 3.56900000e-04  1.58562857e-07 
 3.57000000e-04  1.58460093e-07 
 3.57100000e-04  1.03758256e-04 
 3.57200000e-04  1.03757827e-04 
 3.57300000e-04  1.03757701e-04 
 3.57400000e-04  1.03757597e-04 
 3.57500000e-04  1.03757561e-04 
 3.57600000e-04  1.03743650e-04 
 3.57700000e-04  1.03743225e-04 
 3.57800000e-04  1.03742999e-04 
 3.57900000e-04  1.03742828e-04 
 3.58000000e-04  1.03742712e-04 
 3.58100000e-04  1.75456110e-07 
 3.58200000e-04  1.74785756e-07 
 3.58300000e-04  1.74575846e-07 
 3.58400000e-04  1.74396549e-07 
 3.58500000e-04  1.74315496e-07 
 3.58600000e-04  1.66828869e-07 
 3.58700000e-04  1.66455541e-07 
 3.58800000e-04  1.66276644e-07 
 3.58900000e-04  1.66177197e-07 
 3.59000000e-04  1.66159627e-07 
 3.59100000e-04  1.71712724e-07 
 3.59200000e-04  1.70932422e-07 
 3.59300000e-04  1.70682098e-07 
 3.59400000e-04  1.70466752e-07 
 3.59500000e-04  1.70364679e-07 
 3.59600000e-04  1.56595686e-07 
 3.59700000e-04  1.56003845e-07 
 3.59800000e-04  1.55756124e-07 
 3.59900000e-04  1.55567284e-07 
 3.60000000e-04  1.55439093e-07 
 3.60100000e-04  1.71537615e-07 
 3.60200000e-04  1.71310615e-07 
 3.60300000e-04  1.71213610e-07 
 3.60400000e-04  1.71126941e-07 
 3.60500000e-04  1.71096186e-07 
 3.60600000e-04  1.58406174e-07 
 3.60700000e-04  1.58062999e-07 
 3.60800000e-04  1.57865544e-07 
 3.60900000e-04  1.57727675e-07 
 3.61000000e-04  1.57651101e-07 
 3.61100000e-04  1.72997144e-07 
 3.61200000e-04  1.72479967e-07 
 3.61300000e-04  1.72299571e-07 
 3.61400000e-04  1.72213529e-07 
 3.61500000e-04  1.72157976e-07 
 3.61600000e-04  1.57749230e-07 
 3.61700000e-04  1.57180443e-07 
 3.61800000e-04  1.56920761e-07 
 3.61900000e-04  1.56731589e-07 
 3.62000000e-04  1.56614343e-07 
 3.62100000e-04  1.03759545e-04 
 3.62200000e-04  1.03759060e-04 
 3.62300000e-04  1.03758902e-04 
 3.62400000e-04  1.03758765e-04 
 3.62500000e-04  1.03758689e-04 
 3.62600000e-04  1.03747318e-04 
 3.62700000e-04  1.03746946e-04 
 3.62800000e-04  1.03746747e-04 
 3.62900000e-04  1.03746615e-04 
 3.63000000e-04  1.03746550e-04 
 3.63100000e-04  1.72470065e-07 
 3.63200000e-04  1.72159208e-07 
 3.63300000e-04  1.72049153e-07 
 3.63400000e-04  1.71952390e-07 
 3.63500000e-04  1.71923526e-07 
 3.63600000e-04  1.58024084e-07 
 3.63700000e-04  1.57578054e-07 
 3.63800000e-04  1.57352713e-07 
 3.63900000e-04  1.57176649e-07 
 3.64000000e-04  1.57051323e-07 
 3.64100000e-04  1.73223451e-07 
 3.64200000e-04  1.73024116e-07 
 3.64300000e-04  1.72933930e-07 
 3.64400000e-04  1.72851395e-07 
 3.64500000e-04  1.72808900e-07 
 3.64600000e-04  1.60060484e-07 
 3.64700000e-04  1.59712114e-07 
 3.64800000e-04  1.59527792e-07 
 3.64900000e-04  1.59395432e-07 
 3.65000000e-04  1.59316583e-07 
 3.65100000e-04  1.72989164e-07 
 3.65200000e-04  1.72740312e-07 
 3.65300000e-04  1.72654000e-07 
 3.65400000e-04  1.72579690e-07 
 3.65500000e-04  1.72533319e-07 
 3.65600000e-04  1.58542880e-07 
 3.65700000e-04  1.58139025e-07 
 3.65800000e-04  1.57920479e-07 
 3.65900000e-04  1.57753132e-07 
 3.66000000e-04  1.57638505e-07 
 3.66100000e-04  1.74905675e-07 
 3.66200000e-04  1.74479262e-07 
 3.66300000e-04  1.74328484e-07 
 3.66400000e-04  1.74196827e-07 
 3.66500000e-04  1.74137822e-07 
 3.66600000e-04  1.63969885e-07 
 3.66700000e-04  1.63612299e-07 
 3.66800000e-04  1.63433488e-07 
 3.66900000e-04  1.63316059e-07 
 3.67000000e-04  1.63261859e-07 
 3.67100000e-04  1.72578468e-07 
 3.67200000e-04  1.72259223e-07 
 3.67300000e-04  1.72145599e-07 
 3.67400000e-04  1.72045739e-07 
 3.67500000e-04  1.71992539e-07 
 3.67600000e-04  1.58074040e-07 
 3.67700000e-04  1.57594340e-07 
 3.67800000e-04  1.57361595e-07 
 3.67900000e-04  1.57189446e-07 
 3.68000000e-04  1.57079715e-07 
 3.68100000e-04  1.73251573e-07 
 3.68200000e-04  1.73038427e-07 
 3.68300000e-04  1.72940387e-07 
 3.68400000e-04  1.72850954e-07 
 3.68500000e-04  1.72812324e-07 
 3.68600000e-04  1.60038948e-07 
 3.68700000e-04  1.59699568e-07 
 3.68800000e-04  1.59509860e-07 
 3.68900000e-04  1.59383407e-07 
 3.69000000e-04  1.59322109e-07 
 3.69100000e-04  1.72981337e-07 
 3.69200000e-04  1.72745012e-07 
 3.69300000e-04  1.72656987e-07 
 3.69400000e-04  1.72579436e-07 
 3.69500000e-04  1.72541147e-07 
 3.69600000e-04  1.58537407e-07 
 3.69700000e-04  1.58146904e-07 
 3.69800000e-04  1.57926641e-07 
 3.69900000e-04  1.57761529e-07 
 3.70000000e-04  1.57653213e-07 
 3.70100000e-04  1.74374388e-07 
 3.70200000e-04  1.74049140e-07 
 3.70300000e-04  1.73930823e-07 
 3.70400000e-04  1.73827178e-07 
 3.70500000e-04  1.73767931e-07 
 3.70600000e-04  1.62294961e-07 
 3.70700000e-04  1.61951282e-07 
 3.70800000e-04  1.61770083e-07 
 3.70900000e-04  1.61646100e-07 
 3.71000000e-04  1.61581040e-07 
 3.71100000e-04  1.73088133e-07 
 3.71200000e-04  1.72796949e-07 
 3.71300000e-04  1.72686943e-07 
 3.71400000e-04  1.72589471e-07 
 3.71500000e-04  1.72561800e-07 
 3.71600000e-04  1.58583235e-07 
 3.71700000e-04  1.58145043e-07 
 3.71800000e-04  1.57926945e-07 
 3.71900000e-04  1.57760531e-07 
 3.72000000e-04  1.57647337e-07 
 3.72100000e-04  1.73833690e-07 
 3.72200000e-04  1.73640139e-07 
 3.72300000e-04  1.73542985e-07 
 3.72400000e-04  1.73452352e-07 
 3.72500000e-04  1.73408003e-07 
 3.72600000e-04  1.60614606e-07 
 3.72700000e-04  1.60286890e-07 
 3.72800000e-04  1.60098268e-07 
 3.72900000e-04  1.59966093e-07 
 3.73000000e-04  1.59892046e-07 
 3.73100000e-04  1.73610703e-07 
 3.73200000e-04  1.73369113e-07 
 3.73300000e-04  1.73264695e-07 
 3.73400000e-04  1.73169905e-07 
 3.73500000e-04  1.73153971e-07 
 3.73600000e-04  1.59120511e-07 
 3.73700000e-04  1.58718968e-07 
 3.73800000e-04  1.58511639e-07 
 3.73900000e-04  1.58348958e-07 
 3.74000000e-04  1.58232236e-07 
 3.74100000e-04  1.76051543e-07 
 3.74200000e-04  1.75518734e-07 
 3.74300000e-04  1.75334807e-07 
 3.74400000e-04  1.75174493e-07 
 3.74500000e-04  1.75101990e-07 
 3.74600000e-04  1.66194232e-07 
 3.74700000e-04  1.65833583e-07 
 3.74800000e-04  1.65676846e-07 
 3.74900000e-04  1.65572820e-07 
 3.75000000e-04  1.65523069e-07 
 3.75100000e-04  1.72867603e-07 
 3.75200000e-04  1.72443022e-07 
 3.75300000e-04  1.72288398e-07 
 3.75400000e-04  1.72152181e-07 
 3.75500000e-04  1.72068154e-07 
 3.75600000e-04  1.58171888e-07 
 3.75700000e-04  1.57640255e-07 
 3.75800000e-04  1.57395804e-07 
 3.75900000e-04  1.57211431e-07 
 3.76000000e-04  1.57088930e-07 
 3.76100000e-04  1.73282299e-07 
 3.76200000e-04  1.73064852e-07 
 3.76300000e-04  1.72965336e-07 
 3.76400000e-04  1.72874383e-07 
 3.76500000e-04  1.72829459e-07 
 3.76600000e-04  1.60058452e-07 
 3.76700000e-04  1.59693249e-07 
 3.76800000e-04  1.59513436e-07 
 3.76900000e-04  1.59393822e-07 
 3.77000000e-04  1.59336205e-07 
 3.77100000e-04  1.72996291e-07 
 3.77200000e-04  1.72753317e-07 
 3.77300000e-04  1.72665128e-07 
 3.77400000e-04  1.72588135e-07 
 3.77500000e-04  1.72539832e-07 
 3.77600000e-04  1.58541207e-07 
 3.77700000e-04  1.58135308e-07 
 3.77800000e-04  1.57925723e-07 
 3.77900000e-04  1.57764468e-07 
 3.78000000e-04  1.57652966e-07 
 3.78100000e-04  1.74364372e-07 
 3.78200000e-04  1.74054431e-07 
 3.78300000e-04  1.73929767e-07 
 3.78400000e-04  1.73817367e-07 
 3.78500000e-04  1.73762686e-07 
 3.78600000e-04  1.62303382e-07 
 3.78700000e-04  1.61929006e-07 
 3.78800000e-04  1.61754649e-07 
 3.78900000e-04  1.61635647e-07 
 3.79000000e-04  1.61573643e-07 
 3.79100000e-04  1.73079275e-07 
 3.79200000e-04  1.72796765e-07 
 3.79300000e-04  1.72690051e-07 
 3.79400000e-04  1.72595408e-07 
 3.79500000e-04  1.72569196e-07 
 3.79600000e-04  1.58588426e-07 
 3.79700000e-04  1.58143714e-07 
 3.79800000e-04  1.57920366e-07 
 3.79900000e-04  1.57754453e-07 
 3.80000000e-04  1.57647685e-07 
 3.80100000e-04  1.73848802e-07 
 3.80200000e-04  1.73637647e-07 
 3.80300000e-04  1.73538894e-07 
 3.80400000e-04  1.73448175e-07 
 3.80500000e-04  1.73405718e-07 
 3.80600000e-04  1.60628787e-07 
 3.80700000e-04  1.60267851e-07 
 3.80800000e-04  1.60090442e-07 
 3.80900000e-04  1.59969927e-07 
 3.81000000e-04  1.59907998e-07 
 3.81100000e-04  1.73601637e-07 
 3.81200000e-04  1.73368584e-07 
 3.81300000e-04  1.73276251e-07 
 3.81400000e-04  1.73193650e-07 
 3.81500000e-04  1.73141444e-07 
 3.81600000e-04  1.59103875e-07 
 3.81700000e-04  1.58726768e-07 
 3.81800000e-04  1.58500427e-07 
 3.81900000e-04  1.58335625e-07 
 3.82000000e-04  1.58234197e-07 
 3.82100000e-04  1.75519715e-07 
 3.82200000e-04  1.75096042e-07 
 3.82300000e-04  1.74940502e-07 
 3.82400000e-04  1.74803183e-07 
 3.82500000e-04  1.74751467e-07 
 3.82600000e-04  1.64540267e-07 
 3.82700000e-04  1.64184004e-07 
 3.82800000e-04  1.64017469e-07 
 3.82900000e-04  1.63907583e-07 
 3.83000000e-04  1.63856027e-07 
 3.83100000e-04  1.73213022e-07 
 3.83200000e-04  1.72889316e-07 
 3.83300000e-04  1.72766034e-07 
 3.83400000e-04  1.72656154e-07 
 3.83500000e-04  1.72604518e-07 
 3.83600000e-04  1.58654084e-07 
 3.83700000e-04  1.58179704e-07 
 3.83800000e-04  1.57955838e-07 
 3.83900000e-04  1.57784500e-07 
 3.84000000e-04  1.57667237e-07 
 3.84100000e-04  1.73873861e-07 
 3.84200000e-04  1.73652146e-07 
 3.84300000e-04  1.73560307e-07 
 3.84400000e-04  1.73478688e-07 
 3.84500000e-04  1.73416546e-07 
 3.84600000e-04  1.60633434e-07 
 3.84700000e-04  1.60283169e-07 
 3.84800000e-04  1.60106197e-07 
 3.84900000e-04  1.59974558e-07 
 3.85000000e-04  1.59889574e-07 
 3.85100000e-04  1.73620174e-07 
 3.85200000e-04  1.73364122e-07 
 3.85300000e-04  1.73269227e-07 
 3.85400000e-04  1.73186532e-07 
 3.85500000e-04  1.73158929e-07 
 3.85600000e-04  1.59119627e-07 
 3.85700000e-04  1.58725477e-07 
 3.85800000e-04  1.58511762e-07 
 3.85900000e-04  1.58352297e-07 
 3.86000000e-04  1.58248685e-07 
 3.86100000e-04  1.74999839e-07 
 3.86200000e-04  1.74684733e-07 
 3.86300000e-04  1.74552641e-07 
 3.86400000e-04  1.74433006e-07 
 3.86500000e-04  1.74396580e-07 
 3.86600000e-04  1.62868342e-07 
 3.86700000e-04  1.62532924e-07 
 3.86800000e-04  1.62358667e-07 
 3.86900000e-04  1.62240920e-07 
 3.87000000e-04  1.62181356e-07 
 3.87100000e-04  1.73706599e-07 
 3.87200000e-04  1.73413835e-07 
 3.87300000e-04  1.73314423e-07 
 3.87400000e-04  1.73228370e-07 
 3.87500000e-04  1.73176342e-07 
 3.87600000e-04  1.59171977e-07 
 3.87700000e-04  1.58741083e-07 
 3.87800000e-04  1.58518482e-07 
 3.87900000e-04  1.58352990e-07 
 3.88000000e-04  1.58246296e-07 
 3.88100000e-04  1.74466490e-07 
 3.88200000e-04  1.74243054e-07 
 3.88300000e-04  1.74144934e-07 
 3.88400000e-04  1.74056092e-07 
 3.88500000e-04  1.74017388e-07 
 3.88600000e-04  1.61220951e-07 
 3.88700000e-04  1.60874293e-07 
 3.88800000e-04  1.60695285e-07 
 3.88900000e-04  1.60566172e-07 
 3.89000000e-04  1.60488410e-07 
 3.89100000e-04  1.74223578e-07 
 3.89200000e-04  1.73987646e-07 
 3.89300000e-04  1.73890491e-07 
 3.89400000e-04  1.73802935e-07 
 3.89500000e-04  1.73768266e-07 
 3.89600000e-04  1.59691195e-07 
 3.89700000e-04  1.59316330e-07 
 3.89800000e-04  1.59101101e-07 
 3.89900000e-04  1.58937912e-07 
 3.90000000e-04  1.58828291e-07 
 3.90100000e-04  1.78261244e-07 
 3.90200000e-04  1.77400509e-07 
 3.90300000e-04  1.77140954e-07 
 3.90400000e-04  1.76921730e-07 
 3.90500000e-04  1.76811388e-07 
 3.90600000e-04  1.71789802e-07 
 3.90700000e-04  1.71412975e-07 
 3.90800000e-04  1.71263852e-07 
 3.90900000e-04  1.71189797e-07 
 3.91000000e-04  1.71193069e-07 
 3.91100000e-04  1.72460317e-07 
 3.91200000e-04  1.71460161e-07 
 3.91300000e-04  1.71198699e-07 
 3.91400000e-04  1.70984705e-07 
 3.91500000e-04  1.70880614e-07 
 3.91600000e-04  1.57129374e-07 
 3.91700000e-04  1.56508127e-07 
 3.91800000e-04  1.56223978e-07 
 3.91900000e-04  1.56025199e-07 
 3.92000000e-04  1.55914371e-07 
 3.92100000e-04  1.72039699e-07 
 3.92200000e-04  1.71827955e-07 
 3.92300000e-04  1.71730392e-07 
 3.92400000e-04  1.71641256e-07 
 3.92500000e-04  1.71610481e-07 
 3.92600000e-04  1.58881722e-07 
 3.92700000e-04  1.58510980e-07 
 3.92800000e-04  1.58339738e-07 
 3.92900000e-04  1.58212032e-07 
 3.93000000e-04  1.58129115e-07 
 3.93100000e-04  1.71763307e-07 
 3.93200000e-04  1.71524435e-07 
 3.93300000e-04  1.71429331e-07 
 3.93400000e-04  1.71344094e-07 
 3.93500000e-04  1.71325009e-07 
 3.93600000e-04  1.57353638e-07 
 3.93700000e-04  1.56958632e-07 
 3.93800000e-04  1.56743994e-07 
 3.93900000e-04  1.56578285e-07 
 3.94000000e-04  1.56462928e-07 
 3.94100000e-04  1.73120431e-07 
 3.94200000e-04  1.72811514e-07 
 3.94300000e-04  1.72693798e-07 
 3.94400000e-04  1.72589107e-07 
 3.94500000e-04  1.72540086e-07 
 3.94600000e-04  1.61120684e-07 
 3.94700000e-04  1.60755923e-07 
 3.94800000e-04  1.60581421e-07 
 3.94900000e-04  1.60458354e-07 
 3.95000000e-04  1.60388227e-07 
 3.95100000e-04  1.71824160e-07 
 3.95200000e-04  1.71549013e-07 
 3.95300000e-04  1.71443679e-07 
 3.95400000e-04  1.71349598e-07 
 3.95500000e-04  1.71323226e-07 
 3.95600000e-04  1.57403977e-07 
 3.95700000e-04  1.56955197e-07 
 3.95800000e-04  1.56726304e-07 
 3.95900000e-04  1.56562098e-07 
 3.96000000e-04  1.56464505e-07 
 3.96100000e-04  1.72597256e-07 
 3.96200000e-04  1.72400191e-07 
 3.96300000e-04  1.72300891e-07 
 3.96400000e-04  1.72208598e-07 
 3.96500000e-04  1.72174502e-07 
 3.96600000e-04  1.59450353e-07 
 3.96700000e-04  1.59088756e-07 
 3.96800000e-04  1.58912686e-07 
 3.96900000e-04  1.58782262e-07 
 3.97000000e-04  1.58698807e-07 
 3.97100000e-04  1.72356802e-07 
 3.97200000e-04  1.72107730e-07 
 3.97300000e-04  1.72024228e-07 
 3.97400000e-04  1.71952815e-07 
 3.97500000e-04  1.71920905e-07 
 3.97600000e-04  1.57929121e-07 
 3.97700000e-04  1.57527089e-07 
 3.97800000e-04  1.57311693e-07 
 3.97900000e-04  1.57149983e-07 
 3.98000000e-04  1.57043532e-07 
 3.98100000e-04  1.74273036e-07 
 3.98200000e-04  1.73837935e-07 
 3.98300000e-04  1.73696242e-07 
 3.98400000e-04  1.73575179e-07 
 3.98500000e-04  1.73519588e-07 
 3.98600000e-04  1.63350237e-07 
 3.98700000e-04  1.62999391e-07 
 3.98800000e-04  1.62826709e-07 
 3.98900000e-04  1.62716616e-07 
 3.99000000e-04  1.62670966e-07 
 3.99100000e-04  1.71940305e-07 
 3.99200000e-04  1.71620449e-07 
 3.99300000e-04  1.71507993e-07 
 3.99400000e-04  1.71409644e-07 
 3.99500000e-04  1.71362681e-07 
 3.99600000e-04  1.57487821e-07 
 3.99700000e-04  1.56983387e-07 
 3.99800000e-04  1.56749436e-07 
 3.99900000e-04  1.56577408e-07 
 4.00000000e-04  1.56469136e-07 
 4.00100000e-04  1.72606329e-07 
 4.00200000e-04  1.72396645e-07 
 4.00300000e-04  1.72301944e-07 
 4.00400000e-04  1.72215434e-07 
 4.00500000e-04  1.72181491e-07 
 4.00600000e-04  1.59452765e-07 
 4.00700000e-04  1.59084845e-07 
 4.00800000e-04  1.58901931e-07 
 4.00900000e-04  1.58772991e-07 
 4.01000000e-04  1.58699603e-07 
 4.01100000e-04  1.72360596e-07 
 4.01200000e-04  1.72107387e-07 
 4.01300000e-04  1.72025055e-07 
 4.01400000e-04  1.71955317e-07 
 4.01500000e-04  1.71923578e-07 
 4.01600000e-04  1.57952124e-07 
 4.01700000e-04  1.57538436e-07 
 4.01800000e-04  1.57319210e-07 
 4.01900000e-04  1.57156790e-07 
 4.02000000e-04  1.57052845e-07 
 4.02100000e-04  1.73744673e-07 
 4.02200000e-04  1.73416061e-07 
 4.02300000e-04  1.73297652e-07 
 4.02400000e-04  1.73194184e-07 
 4.02500000e-04  1.73145807e-07 
 4.02600000e-04  1.61689510e-07 
 4.02700000e-04  1.61349301e-07 
 4.02800000e-04  1.61162779e-07 
 4.02900000e-04  1.61036447e-07 
 4.03000000e-04  1.60972077e-07 
 4.03100000e-04  1.72448505e-07 
 4.03200000e-04  1.72164384e-07 
 4.03300000e-04  1.72065413e-07 
 4.03400000e-04  1.71979544e-07 
 4.03500000e-04  1.71937912e-07 
 4.03600000e-04  1.58005110e-07 
 4.03700000e-04  1.57545064e-07 
 4.03800000e-04  1.57319706e-07 
 4.03900000e-04  1.57153354e-07 
 4.04000000e-04  1.57047744e-07 
 4.04100000e-04  1.73204046e-07 
 4.04200000e-04  1.73002122e-07 
 4.04300000e-04  1.72912696e-07 
 4.04400000e-04  1.72831338e-07 
 4.04500000e-04  1.72783757e-07 
 4.04600000e-04  1.60029074e-07 
 4.04700000e-04  1.59682403e-07 
 4.04800000e-04  1.59494478e-07 
 4.04900000e-04  1.59368562e-07 
 4.05000000e-04  1.59306484e-07 
 4.05100000e-04  1.72976842e-07 
 4.05200000e-04  1.72723619e-07 
 4.05300000e-04  1.72633891e-07 
 4.05400000e-04  1.72556511e-07 
 4.05500000e-04  1.72528053e-07 
 4.05600000e-04  1.58527572e-07 
 4.05700000e-04  1.58131037e-07 
 4.05800000e-04  1.57905040e-07 
 4.05900000e-04  1.57738639e-07 
 4.06000000e-04  1.57633586e-07 
 4.06100000e-04  1.75409178e-07 
 4.06200000e-04  1.74899488e-07 
 4.06300000e-04  1.74721018e-07 
 4.06400000e-04  1.74563844e-07 
 4.06500000e-04  1.74486266e-07 
 4.06600000e-04  1.65600365e-07 
 4.06700000e-04  1.65247468e-07 
 4.06800000e-04  1.65078493e-07 
 4.06900000e-04  1.64971530e-07 
 4.07000000e-04  1.64928405e-07 
 4.07100000e-04  1.72232568e-07 
 4.07200000e-04  1.71823481e-07 
 4.07300000e-04  1.71662243e-07 
 4.07400000e-04  1.71517846e-07 
 4.07500000e-04  1.71447796e-07 
 4.07600000e-04  1.57573609e-07 
 4.07700000e-04  1.57047367e-07 
 4.07800000e-04  1.56804877e-07 
 4.07900000e-04  1.56621906e-07 
 4.08000000e-04  1.56500207e-07 
 4.08100000e-04  1.72639112e-07 
 4.08200000e-04  1.72435668e-07 
 4.08300000e-04  1.72340018e-07 
 4.08400000e-04  1.72252084e-07 
 4.08500000e-04  1.72189571e-07 
 4.08600000e-04  1.59455272e-07 
 4.08700000e-04  1.59104271e-07 
 4.08800000e-04  1.58928775e-07 
 4.08900000e-04  1.58798905e-07 
 4.09000000e-04  1.58715970e-07 
 4.09100000e-04  1.72374106e-07 
 4.09200000e-04  1.72138230e-07 
 4.09300000e-04  1.72046677e-07 
 4.09400000e-04  1.71965033e-07 
 4.09500000e-04  1.71919631e-07 
 4.09600000e-04  1.57937433e-07 
 4.09700000e-04  1.57533514e-07 
 4.09800000e-04  1.57317956e-07 
 4.09900000e-04  1.57157030e-07 
 4.10000000e-04  1.57052323e-07 
 4.10100000e-04  1.73736445e-07 
 4.10200000e-04  1.73424439e-07 
 4.10300000e-04  1.73310085e-07 
 4.10400000e-04  1.73209478e-07 
 4.10500000e-04  1.73155957e-07 
 4.10600000e-04  1.61703123e-07 
 4.10700000e-04  1.61356257e-07 
 4.10800000e-04  1.61171294e-07 
 4.10900000e-04  1.61050162e-07 
 4.11000000e-04  1.60994741e-07 
 4.11100000e-04  1.72448819e-07 
 4.11200000e-04  1.72161217e-07 
 4.11300000e-04  1.72061393e-07 
 4.11400000e-04  1.71974719e-07 
 4.11500000e-04  1.71947562e-07 
 4.11600000e-04  1.58004217e-07 
 4.11700000e-04  1.57554842e-07 
 4.11800000e-04  1.57326744e-07 
 4.11900000e-04  1.57154162e-07 
 4.12000000e-04  1.57038709e-07 
 4.12100000e-04  1.73211743e-07 
 4.12200000e-04  1.73008031e-07 
 4.12300000e-04  1.72915133e-07 
 4.12400000e-04  1.72830250e-07 
 4.12500000e-04  1.72796180e-07 
 4.12600000e-04  1.60033682e-07 
 4.12700000e-04  1.59670988e-07 
 4.12800000e-04  1.59497115e-07 
 4.12900000e-04  1.59375885e-07 
 4.13000000e-04  1.59308826e-07 
 4.13100000e-04  1.72978820e-07 
 4.13200000e-04  1.72744130e-07 
 4.13300000e-04  1.72645020e-07 
 4.13400000e-04  1.72555470e-07 
 4.13500000e-04  1.72521944e-07 
 4.13600000e-04  1.58517646e-07 
 4.13700000e-04  1.58131345e-07 
 4.13800000e-04  1.57906590e-07 
 4.13900000e-04  1.57741892e-07 
 4.14000000e-04  1.57639008e-07 
 4.14100000e-04  1.74886377e-07 
 4.14200000e-04  1.74459792e-07 
 4.14300000e-04  1.74310260e-07 
 4.14400000e-04  1.74179853e-07 
 4.14500000e-04  1.74127048e-07 
 4.14600000e-04  1.63936496e-07 
 4.14700000e-04  1.63590681e-07 
 4.14800000e-04  1.63421510e-07 
 4.14900000e-04  1.63308826e-07 
 4.15000000e-04  1.63254278e-07 
 4.15100000e-04  1.72572814e-07 
 4.15200000e-04  1.72242445e-07 
 4.15300000e-04  1.72131511e-07 
 4.15400000e-04  1.72035910e-07 
 4.15500000e-04  1.71993417e-07 
 4.15600000e-04  1.58078246e-07 
 4.15700000e-04  1.57598037e-07 
 4.15800000e-04  1.57350729e-07 
 4.15900000e-04  1.57172110e-07 
 4.16000000e-04  1.57064214e-07 
 4.16100000e-04  1.73237635e-07 
 4.16200000e-04  1.73025474e-07 
 4.16300000e-04  1.72930879e-07 
 4.16400000e-04  1.72845161e-07 
 4.16500000e-04  1.72797583e-07 
 4.16600000e-04  1.60043147e-07 
 4.16700000e-04  1.59676114e-07 
 4.16800000e-04  1.59505116e-07 
 4.16900000e-04  1.59381447e-07 
 4.17000000e-04  1.59306460e-07 
 4.17100000e-04  1.72994545e-07 
 4.17200000e-04  1.72744688e-07 
 4.17300000e-04  1.72656877e-07 
 4.17400000e-04  1.72581402e-07 
 4.17500000e-04  1.72531953e-07 
 4.17600000e-04  1.58518352e-07 
 4.17700000e-04  1.58128893e-07 
 4.17800000e-04  1.57915672e-07 
 4.17900000e-04  1.57753507e-07 
 4.18000000e-04  1.57643871e-07 
 4.18100000e-04  1.74354453e-07 
 4.18200000e-04  1.74046375e-07 
 4.18300000e-04  1.73927385e-07 
 4.18400000e-04  1.73821021e-07 
 4.18500000e-04  1.73756984e-07 
 4.18600000e-04  1.62278842e-07 
 4.18700000e-04  1.61927434e-07 
 4.18800000e-04  1.61756623e-07 
 4.18900000e-04  1.61640727e-07 
 4.19000000e-04  1.61581333e-07 
 4.19100000e-04  1.73066204e-07 
 4.19200000e-04  1.72792266e-07 
 4.19300000e-04  1.72692048e-07 
 4.19400000e-04  1.72603314e-07 
 4.19500000e-04  1.72567480e-07 
 4.19600000e-04  1.58564631e-07 
 4.19700000e-04  1.58149512e-07 
 4.19800000e-04  1.57930180e-07 
 4.19900000e-04  1.57762082e-07 
 4.20000000e-04  1.57646685e-07 
 4.20100000e-04  1.73841405e-07 
 4.20200000e-04  1.73637802e-07 
 4.20300000e-04  1.73533479e-07 
 4.20400000e-04  1.73436103e-07 
 4.20500000e-04  1.73399406e-07 
 4.20600000e-04  1.60605440e-07 
 4.20700000e-04  1.60267662e-07 
 4.20800000e-04  1.60091960e-07 
 4.20900000e-04  1.59970299e-07 
 4.21000000e-04  1.59904236e-07 
 4.21100000e-04  1.73598968e-07 
 4.21200000e-04  1.73353644e-07 
 4.21300000e-04  1.73265869e-07 
 4.21400000e-04  1.73189540e-07 
 4.21500000e-04  1.73131965e-07 
 4.21600000e-04  1.59103565e-07 
 4.21700000e-04  1.58711992e-07 
 4.21800000e-04  1.58500642e-07 
 4.21900000e-04  1.58337137e-07 
 4.22000000e-04  1.58222839e-07 
 4.22100000e-04  1.76562622e-07 
 4.22200000e-04  1.75940289e-07 
 4.22300000e-04  1.75730525e-07 
 4.22400000e-04  1.75547711e-07 
 4.22500000e-04  1.75464485e-07 
 4.22600000e-04  1.67864882e-07 
 4.22700000e-04  1.67495729e-07 
 4.22800000e-04  1.67341610e-07 
 4.22900000e-04  1.67247201e-07 
 4.23000000e-04  1.67214242e-07 
 4.23100000e-04  1.72855023e-07 
 4.23200000e-04  1.72044214e-07 
 4.23300000e-04  1.71791469e-07 
 4.23400000e-04  1.71576294e-07 
 4.23500000e-04  1.71485943e-07 
 4.23600000e-04  1.57657751e-07 
 4.23700000e-04  1.57069852e-07 
 4.23800000e-04  1.56816296e-07 
 4.23900000e-04  1.56624448e-07 
 4.24000000e-04  1.56496107e-07 
 4.24100000e-04  1.72653228e-07 
 4.24200000e-04  1.72450157e-07 
 4.24300000e-04  1.72354227e-07 
 4.24400000e-04  1.72266007e-07 
 4.24500000e-04  1.72216180e-07 
 4.24600000e-04  1.59454781e-07 
 4.24700000e-04  1.59105710e-07 
 4.24800000e-04  1.58922503e-07 
 4.24900000e-04  1.58797898e-07 
 4.25000000e-04  1.58733599e-07 
 4.25100000e-04  1.72393882e-07 
 4.25200000e-04  1.72145454e-07 
 4.25300000e-04  1.72053509e-07 
 4.25400000e-04  1.71973188e-07 
 4.25500000e-04  1.71928628e-07 
 4.25600000e-04  1.57937565e-07 
 4.25700000e-04  1.57543498e-07 
 4.25800000e-04  1.57321664e-07 
 4.25900000e-04  1.57156314e-07 
 4.26000000e-04  1.57049080e-07 
 4.26100000e-04  1.73766672e-07 
 4.26200000e-04  1.73432058e-07 
 4.26300000e-04  1.73308963e-07 
 4.26400000e-04  1.73201532e-07 
 4.26500000e-04  1.73158485e-07 
 4.26600000e-04  1.61697843e-07 
 4.26700000e-04  1.61346981e-07 
 4.26800000e-04  1.61159527e-07 
 4.26900000e-04  1.61037321e-07 
 4.27000000e-04  1.60982278e-07 
 4.27100000e-04  1.72436401e-07 
 4.27200000e-04  1.72156680e-07 
 4.27300000e-04  1.72059477e-07 
 4.27400000e-04  1.71974711e-07 
 4.27500000e-04  1.71933852e-07 
 4.27600000e-04  1.57982628e-07 
 4.27700000e-04  1.57569740e-07 
 4.27800000e-04  1.57334771e-07 
 4.27900000e-04  1.57161908e-07 
 4.28000000e-04  1.57052963e-07 
 4.28100000e-04  1.73217042e-07 
 4.28200000e-04  1.73007928e-07 
 4.28300000e-04  1.72915409e-07 
 4.28400000e-04  1.72831650e-07 
 4.28500000e-04  1.72777860e-07 
 4.28600000e-04  1.60036402e-07 
 4.28700000e-04  1.59687301e-07 
 4.28800000e-04  1.59497364e-07 
 4.28900000e-04  1.59367611e-07 
 4.29000000e-04  1.59299795e-07 
 4.29100000e-04  1.72985883e-07 
 4.29200000e-04  1.72725470e-07 
 4.29300000e-04  1.72635349e-07 
 4.29400000e-04  1.72558344e-07 
 4.29500000e-04  1.72523909e-07 
 4.29600000e-04  1.58527652e-07 
 4.29700000e-04  1.58117392e-07 
 4.29800000e-04  1.57902144e-07 
 4.29900000e-04  1.57742361e-07 
 4.30000000e-04  1.57639644e-07 
 4.30100000e-04  1.74900102e-07 
 4.30200000e-04  1.74457936e-07 
 4.30300000e-04  1.74307734e-07 
 4.30400000e-04  1.74177804e-07 
 4.30500000e-04  1.74120967e-07 
 4.30600000e-04  1.63951713e-07 
 4.30700000e-04  1.63584107e-07 
 4.30800000e-04  1.63417949e-07 
 4.30900000e-04  1.63308625e-07 
 4.31000000e-04  1.63257774e-07 
 4.31100000e-04  1.72576493e-07 
 4.31200000e-04  1.72252594e-07 
 4.31300000e-04  1.72133944e-07 
 4.31400000e-04  1.72029041e-07 
 4.31500000e-04  1.71974965e-07 
 4.31600000e-04  1.58067495e-07 
 4.31700000e-04  1.57576697e-07 
 4.31800000e-04  1.57346561e-07 
 4.31900000e-04  1.57171700e-07 
 4.32000000e-04  1.57053709e-07 
 4.32100000e-04  1.73239978e-07 
 4.32200000e-04  1.73028873e-07 
 4.32300000e-04  1.72930936e-07 
 4.32400000e-04  1.72841118e-07 
 4.32500000e-04  1.72796597e-07 
 4.32600000e-04  1.60028801e-07 
 4.32700000e-04  1.59682597e-07 
 4.32800000e-04  1.59510523e-07 
 4.32900000e-04  1.59383245e-07 
 4.33000000e-04  1.59302015e-07 
 4.33100000e-04  1.72978082e-07 
 4.33200000e-04  1.72736954e-07 
 4.33300000e-04  1.72648435e-07 
 4.33400000e-04  1.72570639e-07 
 4.33500000e-04  1.72532546e-07 
 4.33600000e-04  1.58527118e-07 
 4.33700000e-04  1.58124767e-07 
 4.33800000e-04  1.57908803e-07 
 4.33900000e-04  1.57747223e-07 
 4.34000000e-04  1.57641590e-07 
 4.34100000e-04  1.74364457e-07 
 4.34200000e-04  1.74047397e-07 
 4.34300000e-04  1.73925223e-07 
 4.34400000e-04  1.73816726e-07 
 4.34500000e-04  1.73768768e-07 
 4.34600000e-04  1.62281854e-07 
 4.34700000e-04  1.61945365e-07 
 4.34800000e-04  1.61763395e-07 
 4.34900000e-04  1.61638775e-07 
 4.35000000e-04  1.61573155e-07 
 4.35100000e-04  1.73072120e-07 
 4.35200000e-04  1.72786672e-07 
 4.35300000e-04  1.72685875e-07 
 4.35400000e-04  1.72597524e-07 
 4.35500000e-04  1.72555039e-07 
 4.35600000e-04  1.58580443e-07 
 4.35700000e-04  1.58136562e-07 
 4.35800000e-04  1.57916555e-07 
 4.35900000e-04  1.57752027e-07 
 4.36000000e-04  1.57644571e-07 
 4.36100000e-04  1.73836413e-07 
 4.36200000e-04  1.73633192e-07 
 4.36300000e-04  1.73533220e-07 
 4.36400000e-04  1.73440083e-07 
 4.36500000e-04  1.73391985e-07 
 4.36600000e-04  1.60619393e-07 
 4.36700000e-04  1.60276080e-07 
 4.36800000e-04  1.60096473e-07 
 4.36900000e-04  1.59970016e-07 
 4.37000000e-04  1.59898232e-07 
 4.37100000e-04  1.73606238e-07 
 4.37200000e-04  1.73353321e-07 
 4.37300000e-04  1.73264948e-07 
 4.37400000e-04  1.73188777e-07 
 4.37500000e-04  1.73152859e-07 
 4.37600000e-04  1.59111411e-07 
 4.37700000e-04  1.58703540e-07 
 4.37800000e-04  1.58496947e-07 
 4.37900000e-04  1.58335882e-07 
 4.38000000e-04  1.58221617e-07 
 4.38100000e-04  1.76043595e-07 
 4.38200000e-04  1.75508384e-07 
 4.38300000e-04  1.75327512e-07 
 4.38400000e-04  1.75170600e-07 
 4.38500000e-04  1.75099915e-07 
 4.38600000e-04  1.66209934e-07 
 4.38700000e-04  1.65856366e-07 
 4.38800000e-04  1.65679647e-07 
 4.38900000e-04  1.65567937e-07 
 4.39000000e-04  1.65523126e-07 
 4.39100000e-04  1.72846395e-07 
 4.39200000e-04  1.72433807e-07 
 4.39300000e-04  1.72279552e-07 
 4.39400000e-04  1.72142752e-07 
 4.39500000e-04  1.72078108e-07 
 4.39600000e-04  1.58167727e-07 
 4.39700000e-04  1.57636286e-07 
 4.39800000e-04  1.57390608e-07 
 4.39900000e-04  1.57206305e-07 
 4.40000000e-04  1.57085147e-07 
 4.40100000e-04  1.73273694e-07 
 4.40200000e-04  1.73052946e-07 
 4.40300000e-04  1.72954513e-07 
 4.40400000e-04  1.72865357e-07 
 4.40500000e-04  1.72810776e-07 
 4.40600000e-04  1.60049988e-07 
 4.40700000e-04  1.59689903e-07 
 4.40800000e-04  1.59522226e-07 
 4.40900000e-04  1.59396550e-07 
 4.41000000e-04  1.59314034e-07 
 4.41100000e-04  1.73012114e-07 
 4.41200000e-04  1.72761129e-07 
 4.41300000e-04  1.72669367e-07 
 4.41400000e-04  1.72589419e-07 
 4.41500000e-04  1.72544566e-07 
 4.41600000e-04  1.58521573e-07 
 4.41700000e-04  1.58127526e-07 
 4.41800000e-04  1.57924377e-07 
 4.41900000e-04  1.57762736e-07 
 4.42000000e-04  1.57643747e-07 
 4.42100000e-04  1.74375171e-07 
 4.42200000e-04  1.74053981e-07 
 4.42300000e-04  1.73928300e-07 
 4.42400000e-04  1.73816220e-07 
 4.42500000e-04  1.73767507e-07 
 4.42600000e-04  1.62303446e-07 
 4.42700000e-04  1.61929166e-07 
 4.42800000e-04  1.61771488e-07 
 4.42900000e-04  1.61657910e-07 
 4.43000000e-04  1.61589657e-07 
 4.43100000e-04  1.73078445e-07 
 4.43200000e-04  1.72787224e-07 
 4.43300000e-04  1.72693219e-07 
 4.43400000e-04  1.72612957e-07 
 4.43500000e-04  1.72554837e-07 
 4.43600000e-04  1.58584072e-07 
 4.43700000e-04  1.58135426e-07 
 4.43800000e-04  1.57913139e-07 
 4.43900000e-04  1.57749567e-07 
 4.44000000e-04  1.57646394e-07 
 4.44100000e-04  1.73847632e-07 
 4.44200000e-04  1.73638351e-07 
 4.44300000e-04  1.73540264e-07 
 4.44400000e-04  1.73450110e-07 
 4.44500000e-04  1.73398194e-07 
 4.44600000e-04  1.60625286e-07 
 4.44700000e-04  1.60266047e-07 
 4.44800000e-04  1.60092222e-07 
 4.44900000e-04  1.59963293e-07 
 4.45000000e-04  1.59880511e-07 
 4.45100000e-04  1.73613207e-07 
 4.45200000e-04  1.73349866e-07 
 4.45300000e-04  1.73254225e-07 
 4.45400000e-04  1.73171506e-07 
 4.45500000e-04  1.73130936e-07 
 4.45600000e-04  1.59104120e-07 
 4.45700000e-04  1.58701208e-07 
 4.45800000e-04  1.58499393e-07 
 4.45900000e-04  1.58346413e-07 
 4.46000000e-04  1.58243640e-07 
 4.46100000e-04  1.75528230e-07 
 4.46200000e-04  1.75095380e-07 
 4.46300000e-04  1.74937541e-07 
 4.46400000e-04  1.74798644e-07 
 4.46500000e-04  1.74733344e-07 
 4.46600000e-04  1.64537844e-07 
 4.46700000e-04  1.64197067e-07 
 4.46800000e-04  1.64022554e-07 
 4.46900000e-04  1.63910259e-07 
 4.47000000e-04  1.63861976e-07 
 4.47100000e-04  1.73201376e-07 
 4.47200000e-04  1.72884986e-07 
 4.47300000e-04  1.72764114e-07 
 4.47400000e-04  1.72656255e-07 
 4.47500000e-04  1.72608588e-07 
 4.47600000e-04  1.58651816e-07 
 4.47700000e-04  1.58167696e-07 
 4.47800000e-04  1.57936612e-07 
 4.47900000e-04  1.57767318e-07 
 4.48000000e-04  1.57661596e-07 
 4.48100000e-04  1.73868892e-07 
 4.48200000e-04  1.73642038e-07 
 4.48300000e-04  1.73551598e-07 
 4.48400000e-04  1.73471700e-07 
 4.48500000e-04  1.73417220e-07 
 4.48600000e-04  1.60619899e-07 
 4.48700000e-04  1.60276178e-07 
 4.48800000e-04  1.60096565e-07 
 4.48900000e-04  1.59967845e-07 
 4.49000000e-04  1.59891453e-07 
 4.49100000e-04  1.73603364e-07 
 4.49200000e-04  1.73355152e-07 
 4.49300000e-04  1.73273036e-07 
 4.49400000e-04  1.73203161e-07 
 4.49500000e-04  1.73144992e-07 
 4.49600000e-04  1.59112453e-07 
 4.49700000e-04  1.58717045e-07 
 4.49800000e-04  1.58510235e-07 
 4.49900000e-04  1.58349255e-07 
 4.50000000e-04  1.58235377e-07 
 4.50100000e-04  1.74999327e-07 
 4.50200000e-04  1.74672523e-07 
 4.50300000e-04  1.74552023e-07 
 4.50400000e-04  1.74446581e-07 
 4.50500000e-04  1.74378102e-07 
 4.50600000e-04  1.62865295e-07 
 4.50700000e-04  1.62518334e-07 
 4.50800000e-04  1.62345764e-07 
 4.50900000e-04  1.62228280e-07 
 4.51000000e-04  1.62167449e-07 
 4.51100000e-04  1.73707332e-07 
 4.51200000e-04  1.73409053e-07 
 4.51300000e-04  1.73307067e-07 
 4.51400000e-04  1.73218899e-07 
 4.51500000e-04  1.73163685e-07 
 4.51600000e-04  1.59170007e-07 
 4.51700000e-04  1.58734819e-07 
 4.51800000e-04  1.58519023e-07 
 4.51900000e-04  1.58358455e-07 
 4.52000000e-04  1.58254682e-07 
 4.52100000e-04  1.74459357e-07 
 4.52200000e-04  1.74246171e-07 
 4.52300000e-04  1.74156585e-07 
 4.52400000e-04  1.74075850e-07 
 4.52500000e-04  1.74019640e-07 
 4.52600000e-04  1.61218149e-07 
 4.52700000e-04  1.60862410e-07 
 4.52800000e-04  1.60688697e-07 
 4.52900000e-04  1.60559483e-07 
 4.53000000e-04  1.60475995e-07 
 4.53100000e-04  1.74221652e-07 
 4.53200000e-04  1.73977781e-07 
 4.53300000e-04  1.73887691e-07 
 4.53400000e-04  1.73808535e-07 
 4.53500000e-04  1.73774829e-07 
 4.53600000e-04  1.59692177e-07 
 4.53700000e-04  1.59308968e-07 
 4.53800000e-04  1.59092947e-07 
 4.53900000e-04  1.58930046e-07 
 4.54000000e-04  1.58821763e-07 
 4.54100000e-04  1.77718104e-07 
 4.54200000e-04  1.76974025e-07 
 4.54300000e-04  1.76744655e-07 
 4.54400000e-04  1.76549273e-07 
 4.54500000e-04  1.76455577e-07 
 4.54600000e-04  1.70103854e-07 
 4.54700000e-04  1.69765812e-07 
 4.54800000e-04  1.69598195e-07 
 4.54900000e-04  1.69509986e-07 
 4.55000000e-04  1.69503522e-07 
 4.55100000e-04  1.73016470e-07 
 4.55200000e-04  1.72038419e-07 
 4.55300000e-04  1.71783297e-07 
 4.55400000e-04  1.71574833e-07 
 4.55500000e-04  1.71478271e-07 
 4.55600000e-04  1.57671436e-07 
 4.55700000e-04  1.57079076e-07 
 4.55800000e-04  1.56818649e-07 
 4.55900000e-04  1.56625567e-07 
 4.56000000e-04  1.56501784e-07 
 4.56100000e-04  1.72655164e-07 
 4.56200000e-04  1.72445290e-07 
 4.56300000e-04  1.72352885e-07 
 4.56400000e-04  1.72269145e-07 
 4.56500000e-04  1.72202221e-07 
 4.56600000e-04  1.59471635e-07 
 4.56700000e-04  1.59115304e-07 
 4.56800000e-04  1.58929275e-07 
 4.56900000e-04  1.58803498e-07 
 4.57000000e-04  1.58739695e-07 
 4.57100000e-04  1.72379565e-07 
 4.57200000e-04  1.72131686e-07 
 4.57300000e-04  1.72042240e-07 
 4.57400000e-04  1.71963944e-07 
 4.57500000e-04  1.71923849e-07 
 4.57600000e-04  1.57944723e-07 
 4.57700000e-04  1.57564360e-07 
 4.57800000e-04  1.57336236e-07 
 4.57900000e-04  1.57165834e-07 
 4.58000000e-04  1.57054796e-07 
 4.58100000e-04  1.73743359e-07 
 4.58200000e-04  1.73438249e-07 
 4.58300000e-04  1.73317252e-07 
 4.58400000e-04  1.73208336e-07 
 4.58500000e-04  1.73147339e-07 
 4.58600000e-04  1.61714518e-07 
 4.58700000e-04  1.61340053e-07 
 4.58800000e-04  1.61170306e-07 
 4.58900000e-04  1.61054517e-07 
 4.59000000e-04  1.60994208e-07 
 4.59100000e-04  1.72440523e-07 
 4.59200000e-04  1.72168494e-07 
 4.59300000e-04  1.72069133e-07 
 4.59400000e-04  1.71981235e-07 
 4.59500000e-04  1.71944943e-07 
 4.59600000e-04  1.57993587e-07 
 4.59700000e-04  1.57552490e-07 
 4.59800000e-04  1.57325852e-07 
 4.59900000e-04  1.57159226e-07 
 4.60000000e-04  1.57054327e-07 
 4.60100000e-04  1.73217183e-07 
 4.60200000e-04  1.73008599e-07 
 4.60300000e-04  1.72917056e-07 
 4.60400000e-04  1.72833770e-07 
 4.60500000e-04  1.72789445e-07 
 4.60600000e-04  1.60024647e-07 
 4.60700000e-04  1.59676795e-07 
 4.60800000e-04  1.59491073e-07 
 4.60900000e-04  1.59363972e-07 
 4.61000000e-04  1.59297162e-07 
 4.61100000e-04  1.72974995e-07 
 4.61200000e-04  1.72738755e-07 
 4.61300000e-04  1.72647204e-07 
 4.61400000e-04  1.72565929e-07 
 4.61500000e-04  1.72523704e-07 
 4.61600000e-04  1.58531417e-07 
 4.61700000e-04  1.58134017e-07 
 4.61800000e-04  1.57917899e-07 
 4.61900000e-04  1.57747167e-07 
 4.62000000e-04  1.57623067e-07 
 4.62100000e-04  1.74889452e-07 
 4.62200000e-04  1.74464123e-07 
 4.62300000e-04  1.74316586e-07 
 4.62400000e-04  1.74188224e-07 
 4.62500000e-04  1.74122780e-07 
 4.62600000e-04  1.63958482e-07 
 4.62700000e-04  1.63597046e-07 
 4.62800000e-04  1.63416762e-07 
 4.62900000e-04  1.63301461e-07 
 4.63000000e-04  1.63253013e-07 
 4.63100000e-04  1.72577179e-07 
 4.63200000e-04  1.72254272e-07 
 4.63300000e-04  1.72136139e-07 
 4.63400000e-04  1.72032170e-07 
 4.63500000e-04  1.71993249e-07 
 4.63600000e-04  1.58059673e-07 
 4.63700000e-04  1.57583578e-07 
 4.63800000e-04  1.57349582e-07 
 4.63900000e-04  1.57177878e-07 
 4.64000000e-04  1.57070247e-07 
 4.64100000e-04  1.73234346e-07 
 4.64200000e-04  1.73027839e-07 
 4.64300000e-04  1.72931923e-07 
 4.64400000e-04  1.72844144e-07 
 4.64500000e-04  1.72792992e-07 
 4.64600000e-04  1.60032427e-07 
 4.64700000e-04  1.59697809e-07 
 4.64800000e-04  1.59507816e-07 
 4.64900000e-04  1.59374860e-07 
 4.65000000e-04  1.59300559e-07 
 4.65100000e-04  1.72996568e-07 
 4.65200000e-04  1.72740189e-07 
 4.65300000e-04  1.72646316e-07 
 4.65400000e-04  1.72564764e-07 
 4.65500000e-04  1.72532992e-07 
 4.65600000e-04  1.58530865e-07 
 4.65700000e-04  1.58122106e-07 
 4.65800000e-04  1.57914913e-07 
 4.65900000e-04  1.57752092e-07 
 4.66000000e-04  1.57634855e-07 
 4.66100000e-04  1.74370746e-07 
 4.66200000e-04  1.74044657e-07 
 4.66300000e-04  1.73929560e-07 
 4.66400000e-04  1.73829855e-07 
 4.66500000e-04  1.73765489e-07 
 4.66600000e-04  1.62283192e-07 
 4.66700000e-04  1.61926419e-07 
 4.66800000e-04  1.61750064e-07 
 4.66900000e-04  1.61628191e-07 
 4.67000000e-04  1.61562337e-07 
 4.67100000e-04  1.73068381e-07 
 4.67200000e-04  1.72786196e-07 
 4.67300000e-04  1.72686484e-07 
 4.67400000e-04  1.72599182e-07 
 4.67500000e-04  1.72547708e-07 
 4.67600000e-04  1.58582518e-07 
 4.67700000e-04  1.58134087e-07 
 4.67800000e-04  1.57916436e-07 
 4.67900000e-04  1.57749415e-07 
 4.68000000e-04  1.57634435e-07 
 4.68100000e-04  1.73831037e-07 
 4.68200000e-04  1.73618942e-07 
 4.68300000e-04  1.73530483e-07 
 4.68400000e-04  1.73450786e-07 
 4.68500000e-04  1.73401774e-07 
 4.68600000e-04  1.60622071e-07 
 4.68700000e-04  1.60265770e-07 
 4.68800000e-04  1.60090281e-07 
 4.68900000e-04  1.59964739e-07 
 4.69000000e-04  1.59890529e-07 
 4.69100000e-04  1.73595533e-07 
 4.69200000e-04  1.73352643e-07 
 4.69300000e-04  1.73257373e-07 
 4.69400000e-04  1.73172505e-07 
 4.69500000e-04  1.73137479e-07 
 4.69600000e-04  1.59107564e-07 
 4.69700000e-04  1.58723894e-07 
 4.69800000e-04  1.58504369e-07 
 4.69900000e-04  1.58341685e-07 
 4.70000000e-04  1.58237441e-07 
 4.70100000e-04  1.76042791e-07 
 4.70200000e-04  1.75502493e-07 
 4.70300000e-04  1.75330788e-07 
 4.70400000e-04  1.75184243e-07 
 4.70500000e-04  1.75095551e-07 
 4.70600000e-04  1.66190971e-07 
 4.70700000e-04  1.65833456e-07 
 4.70800000e-04  1.65681153e-07 
 4.70900000e-04  1.65583006e-07 
 4.71000000e-04  1.65540531e-07 
 4.71100000e-04  1.72866317e-07 
 4.71200000e-04  1.72449147e-07 
 4.71300000e-04  1.72282280e-07 
 4.71400000e-04  1.72132672e-07 
 4.71500000e-04  1.72064636e-07 
 4.71600000e-04  1.58163851e-07 
 4.71700000e-04  1.57635424e-07 
 4.71800000e-04  1.57391538e-07 
 4.71900000e-04  1.57208785e-07 
 4.72000000e-04  1.57088902e-07 
 4.72100000e-04  1.73264327e-07 
 4.72200000e-04  1.73052515e-07 
 4.72300000e-04  1.72958700e-07 
 4.72400000e-04  1.72873552e-07 
 4.72500000e-04  1.72819724e-07 
 4.72600000e-04  1.60051174e-07 
 4.72700000e-04  1.59687710e-07 
 4.72800000e-04  1.59506672e-07 
 4.72900000e-04  1.59384195e-07 
 4.73000000e-04  1.59321928e-07 
 4.73100000e-04  1.73012970e-07 
 4.73200000e-04  1.72757883e-07 
 4.73300000e-04  1.72662009e-07 
 4.73400000e-04  1.72578005e-07 
 4.73500000e-04  1.72539756e-07 
 4.73600000e-04  1.58533540e-07 
 4.73700000e-04  1.58133353e-07 
 4.73800000e-04  1.57917192e-07 
 4.73900000e-04  1.57749475e-07 
 4.74000000e-04  1.57631533e-07 
 4.74100000e-04  1.74371292e-07 
 4.74200000e-04  1.74050762e-07 
 4.74300000e-04  1.73931421e-07 
 4.74400000e-04  1.73826388e-07 
 4.74500000e-04  1.73769731e-07 
 4.74600000e-04  1.62295280e-07 
 4.74700000e-04  1.61943443e-07 
 4.74800000e-04  1.61759315e-07 
 4.74900000e-04  1.61636580e-07 
 4.75000000e-04  1.61576978e-07 
 4.75100000e-04  1.73084849e-07 
 4.75200000e-04  1.72789611e-07 
 4.75300000e-04  1.72685623e-07 
 4.75400000e-04  1.72594854e-07 
 4.75500000e-04  1.72551825e-07 
 4.75600000e-04  1.58584890e-07 
 4.75700000e-04  1.58138694e-07 
 4.75800000e-04  1.57929024e-07 
 4.75900000e-04  1.57764315e-07 
 4.76000000e-04  1.57645786e-07 
 4.76100000e-04  1.73841931e-07 
 4.76200000e-04  1.73634676e-07 
 4.76300000e-04  1.73538978e-07 
 4.76400000e-04  1.73451267e-07 
 4.76500000e-04  1.73403292e-07 
 4.76600000e-04  1.60615393e-07 
 4.76700000e-04  1.60270537e-07 
 4.76800000e-04  1.60094805e-07 
 4.76900000e-04  1.59964929e-07 
 4.77000000e-04  1.59882156e-07 
 4.77100000e-04  1.73595409e-07 
 4.77200000e-04  1.73350577e-07 
 4.77300000e-04  1.73264739e-07 
 4.77400000e-04  1.73190510e-07 
 4.77500000e-04  1.73145421e-07 
 4.77600000e-04  1.59110685e-07 
 4.77700000e-04  1.58716905e-07 
 4.77800000e-04  1.58500175e-07 
 4.77900000e-04  1.58341884e-07 
 4.78000000e-04  1.58243672e-07 
 4.78100000e-04  1.75508200e-07 
 4.78200000e-04  1.75097840e-07 
 4.78300000e-04  1.74947084e-07 
 4.78400000e-04  1.74813209e-07 
 4.78500000e-04  1.74733749e-07 
 4.78600000e-04  1.64537171e-07 
 4.78700000e-04  1.64189188e-07 
 4.78800000e-04  1.64019840e-07 
 4.78900000e-04  1.63911396e-07 
 4.79000000e-04  1.63865579e-07 
 4.79100000e-04  1.73191177e-07 
 4.79200000e-04  1.72886428e-07 
 4.79300000e-04  1.72758377e-07 
 4.79400000e-04  1.72641560e-07 
 4.79500000e-04  1.72599062e-07 
 4.79600000e-04  1.58659129e-07 
 4.79700000e-04  1.58173605e-07 
 4.79800000e-04  1.57939718e-07 
 4.79900000e-04  1.57769884e-07 
 4.80000000e-04  1.57665923e-07 
 4.80100000e-04  1.73869103e-07 
 4.80200000e-04  1.73647521e-07 
 4.80300000e-04  1.73547861e-07 
 4.80400000e-04  1.73457239e-07 
 4.80500000e-04  1.73410180e-07 
 4.80600000e-04  1.60624453e-07 
 4.80700000e-04  1.60289865e-07 
 4.80800000e-04  1.60098704e-07 
 4.80900000e-04  1.59964141e-07 
 4.81000000e-04  1.59887762e-07 
 4.81100000e-04  1.73606436e-07 
 4.81200000e-04  1.73373928e-07 
 4.81300000e-04  1.73272392e-07 
 4.81400000e-04  1.73179404e-07 
 4.81500000e-04  1.73153600e-07 
 4.81600000e-04  1.59120020e-07 
 4.81700000e-04  1.58726431e-07 
 4.81800000e-04  1.58506908e-07 
 4.81900000e-04  1.58340405e-07 
 4.82000000e-04  1.58228396e-07 
 4.82100000e-04  1.74992215e-07 
 4.82200000e-04  1.74662134e-07 
 4.82300000e-04  1.74545286e-07 
 4.82400000e-04  1.74443974e-07 
 4.82500000e-04  1.74377214e-07 
 4.82600000e-04  1.62867850e-07 
 4.82700000e-04  1.62533241e-07 
 4.82800000e-04  1.62353178e-07 
 4.82900000e-04  1.62235839e-07 
 4.83000000e-04  1.62182999e-07 
 4.83100000e-04  1.73683805e-07 
 4.83200000e-04  1.73410074e-07 
 4.83300000e-04  1.73304009e-07 
 4.83400000e-04  1.73208932e-07 
 4.83500000e-04  1.73174138e-07 
 4.83600000e-04  1.59166544e-07 
 4.83700000e-04  1.58723448e-07 
 4.83800000e-04  1.58514112e-07 
 4.83900000e-04  1.58350862e-07 
 4.84000000e-04  1.58234947e-07 
 4.84100000e-04  1.74463676e-07 
 4.84200000e-04  1.74249328e-07 
 4.84300000e-04  1.74159083e-07 
 4.84400000e-04  1.74077809e-07 
 4.84500000e-04  1.74018992e-07 
 4.84600000e-04  1.61210391e-07 
 4.84700000e-04  1.60876979e-07 
 4.84800000e-04  1.60697283e-07 
 4.84900000e-04  1.60568342e-07 
 4.85000000e-04  1.60491552e-07 
 4.85100000e-04  1.74225963e-07 
 4.85200000e-04  1.73986515e-07 
 4.85300000e-04  1.73891417e-07 
 4.85400000e-04  1.73806379e-07 
 4.85500000e-04  1.73762035e-07 
 4.85600000e-04  1.59691430e-07 
 4.85700000e-04  1.59319420e-07 
 4.85800000e-04  1.59107010e-07 
 4.85900000e-04  1.58940384e-07 
 4.86000000e-04  1.58820786e-07 
 4.86100000e-04  1.77206362e-07 
 4.86200000e-04  1.76553860e-07 
 4.86300000e-04  1.76341335e-07 
 4.86400000e-04  1.76158562e-07 
 4.86500000e-04  1.76074566e-07 
 4.86600000e-04  1.68439297e-07 
 4.86700000e-04  1.68106867e-07 
 4.86800000e-04  1.67939353e-07 
 4.86900000e-04  1.67843032e-07 
 4.87000000e-04  1.67819945e-07 
 4.87100000e-04  1.73484613e-07 
 4.87200000e-04  1.72685168e-07 
 4.87300000e-04  1.72429901e-07 
 4.87400000e-04  1.72210873e-07 
 4.87500000e-04  1.72114564e-07 
 4.87600000e-04  1.58234400e-07 
 4.87700000e-04  1.57666791e-07 
 4.87800000e-04  1.57409703e-07 
 4.87900000e-04  1.57219778e-07 
 4.88000000e-04  1.57098928e-07 
 4.88100000e-04  1.73277836e-07 
 4.88200000e-04  1.73059967e-07 
 4.88300000e-04  1.72967971e-07 
 4.88400000e-04  1.72885392e-07 
 4.88500000e-04  1.72828467e-07 
 4.88600000e-04  1.60049885e-07 
 4.88700000e-04  1.59698835e-07 
 4.88800000e-04  1.59520009e-07 
 4.88900000e-04  1.59392554e-07 
 4.89000000e-04  1.59318152e-07 
 4.89100000e-04  1.73164069e-07 
 4.89200000e-04  1.72812210e-07 
 4.89300000e-04  1.72676002e-07 
 4.89400000e-04  1.72605873e-07 
 4.89500000e-04  1.72544757e-07 
 4.89600000e-04  1.58550914e-07 
 4.89700000e-04  1.58157714e-07 
 4.89800000e-04  1.57940068e-07 
 4.89900000e-04  1.57768710e-07 
 4.90000000e-04  1.57644923e-07 
 4.90100000e-04  1.74369530e-07 
 4.90200000e-04  1.74045710e-07 
 4.90300000e-04  1.73923660e-07 
 4.90400000e-04  1.73815674e-07 
 4.90500000e-04  1.73757517e-07 
 4.90600000e-04  1.62302431e-07 
 4.90700000e-04  1.61941891e-07 
 4.90800000e-04  1.61770214e-07 
 4.90900000e-04  1.61648981e-07 
 4.91000000e-04  1.61579631e-07 
 4.91100000e-04  1.73075122e-07 
 4.91200000e-04  1.72795225e-07 
 4.91300000e-04  1.72689583e-07 
 4.91400000e-04  1.72595343e-07 
 4.91500000e-04  1.72556740e-07 
 4.91600000e-04  1.58579040e-07 
 4.91700000e-04  1.58138682e-07 
 4.91800000e-04  1.57924262e-07 
 4.91900000e-04  1.57763588e-07 
 4.92000000e-04  1.57658221e-07 
 4.92100000e-04  1.73836160e-07 
 4.92200000e-04  1.73620690e-07 
 4.92300000e-04  1.73530435e-07 
 4.92400000e-04  1.73449561e-07 
 4.92500000e-04  1.73402712e-07 
 4.92600000e-04  1.60632810e-07 
 4.92700000e-04  1.60280108e-07 
 4.92800000e-04  1.60099324e-07 
 4.92900000e-04  1.59974369e-07 
 4.93000000e-04  1.59906893e-07 
 4.93100000e-04  1.73606355e-07 
 4.93200000e-04  1.73358162e-07 
 4.93300000e-04  1.73260940e-07 
 4.93400000e-04  1.73174771e-07 
 4.93500000e-04  1.73153848e-07 
 4.93600000e-04  1.59116096e-07 
 4.93700000e-04  1.58726601e-07 
 4.93800000e-04  1.58513357e-07 
 4.93900000e-04  1.58345280e-07 
 4.94000000e-04  1.58223829e-07 
 4.94100000e-04  1.75938902e-07 
 4.94200000e-04  1.75290385e-07 
 4.94300000e-04  1.75093296e-07 
 4.94400000e-04  1.75015188e-07 
 4.94500000e-04  1.74966209e-07 
 4.94600000e-04  1.64837101e-07 
 4.94700000e-04  1.64486477e-07 
 4.94800000e-04  1.64299324e-07 
 4.94900000e-04  1.64153364e-07 
 4.95000000e-04  1.64049826e-07 
 4.95100000e-04  1.73194931e-07 
 4.95200000e-04  1.72871323e-07 
 4.95300000e-04  1.72762652e-07 
 4.95400000e-04  1.72668344e-07 
 4.95500000e-04  1.72612219e-07 
 4.95600000e-04  1.58658995e-07 
 4.95700000e-04  1.58172650e-07 
 4.95800000e-04  1.57938634e-07 
 4.95900000e-04  1.57766052e-07 
 4.96000000e-04  1.57656793e-07 
 4.96100000e-04  1.73868197e-07 
 4.96200000e-04  1.73647919e-07 
 4.96300000e-04  1.73556908e-07 
 4.96400000e-04  1.73475726e-07 
 4.96500000e-04  1.73417153e-07 
 4.96600000e-04  1.60625095e-07 
 4.96700000e-04  1.60272549e-07 
 4.96800000e-04  1.60099723e-07 
 4.96900000e-04  1.59973642e-07 
 4.97000000e-04  1.59895752e-07 
 4.97100000e-04  1.73607682e-07 
 4.97200000e-04  1.73358354e-07 
 4.97300000e-04  1.73263370e-07 
 4.97400000e-04  1.73179683e-07 
 4.97500000e-04  1.73142126e-07 
 4.97600000e-04  1.59128792e-07 
 4.97700000e-04  1.58729407e-07 
 4.97800000e-04  1.58512029e-07 
 4.97900000e-04  1.58345907e-07 
 4.98000000e-04  1.58232645e-07 
 4.98100000e-04  1.74984369e-07 
 4.98200000e-04  1.74665049e-07 
 4.98300000e-04  1.74545549e-07 
 4.98400000e-04  1.74439582e-07 
 4.98500000e-04  1.74389731e-07 
 4.98600000e-04  1.62869755e-07 
 4.98700000e-04  1.62527073e-07 
 4.98800000e-04  1.62354348e-07 
 4.98900000e-04  1.62238421e-07 
 4.99000000e-04  1.62181093e-07 
 4.99100000e-04  1.73702753e-07 
 4.99200000e-04  1.73406404e-07 
 4.99300000e-04  1.73299589e-07 
 4.99400000e-04  1.73205864e-07 
 4.99500000e-04  1.73179290e-07 
 4.99600000e-04  1.59171268e-07 
 4.99700000e-04  1.58734076e-07 
 4.99800000e-04  1.58514696e-07 
 4.99900000e-04  1.58346944e-07 
 5.00000000e-04  1.58232457e-07 
 5.00100000e-04  1.74464151e-07 
 5.00200000e-04  1.74261914e-07 
 5.00300000e-04  1.74168677e-07 
 5.00400000e-04  1.74082843e-07 
 5.00500000e-04  1.74028944e-07 
 5.00600000e-04  1.61204438e-07 
 5.00700000e-04  1.60875410e-07 
 5.00800000e-04  1.60691955e-07 
 5.00900000e-04  1.60563447e-07 
 5.01000000e-04  1.60491626e-07 
 5.01100000e-04  1.74236599e-07 
 5.01200000e-04  1.73980581e-07 
 5.01300000e-04  1.73887119e-07 
 5.01400000e-04  1.73805974e-07 
 5.01500000e-04  1.73767821e-07 
 5.01600000e-04  1.59696504e-07 
 5.01700000e-04  1.59301735e-07 
 5.01800000e-04  1.59104465e-07 
 5.01900000e-04  1.58947087e-07 
 5.02000000e-04  1.58830865e-07 
 5.02100000e-04  1.76681556e-07 
 5.02200000e-04  1.76131531e-07 
 5.02300000e-04  1.75956722e-07 
 5.02400000e-04  1.75808046e-07 
 5.02500000e-04  1.75710250e-07 
 5.02600000e-04  1.66779167e-07 
 5.02700000e-04  1.66443244e-07 
 5.02800000e-04  1.66283229e-07 
 5.02900000e-04  1.66177793e-07 
 5.03000000e-04  1.66128669e-07 
 5.03100000e-04  1.73494803e-07 
 5.03200000e-04  1.73064657e-07 
 5.03300000e-04  1.72897973e-07 
 5.03400000e-04  1.72749827e-07 
 5.03500000e-04  1.72682829e-07 
 5.03600000e-04  1.58760614e-07 
 5.03700000e-04  1.58240561e-07 
 5.03800000e-04  1.57997647e-07 
 5.03900000e-04  1.57816623e-07 
 5.04000000e-04  1.57699452e-07 
 5.04100000e-04  1.73906292e-07 
 5.04200000e-04  1.73688242e-07 
 5.04300000e-04  1.73579135e-07 
 5.04400000e-04  1.73477771e-07 
 5.04500000e-04  1.73432940e-07 
 5.04600000e-04  1.60640972e-07 
 5.04700000e-04  1.60295900e-07 
 5.04800000e-04  1.60113598e-07 
 5.04900000e-04  1.59984947e-07 
 5.05000000e-04  1.59911649e-07 
 5.05100000e-04  1.73619399e-07 
 5.05200000e-04  1.73376458e-07 
 5.05300000e-04  1.73279205e-07 
 5.05400000e-04  1.73192319e-07 
 5.05500000e-04  1.73156994e-07 
 5.05600000e-04  1.59119600e-07 
 5.05700000e-04  1.58728400e-07 
 5.05800000e-04  1.58510543e-07 
 5.05900000e-04  1.58346627e-07 
 5.06000000e-04  1.58238363e-07 
 5.06100000e-04  1.75003271e-07 
 5.06200000e-04  1.74669547e-07 
 5.06300000e-04  1.74550135e-07 
 5.06400000e-04  1.74446342e-07 
 5.06500000e-04  1.74393687e-07 
 5.06600000e-04  1.62888256e-07 
 5.06700000e-04  1.62524896e-07 
 5.06800000e-04  1.62347831e-07 
 5.06900000e-04  1.62228789e-07 
 5.07000000e-04  1.62169612e-07 
 5.07100000e-04  1.73698354e-07 
 5.07200000e-04  1.73419526e-07 
 5.07300000e-04  1.73314660e-07 
 5.07400000e-04  1.73221463e-07 
 5.07500000e-04  1.73178842e-07 
 5.07600000e-04  1.59179118e-07 
 5.07700000e-04  1.58740059e-07 
 5.07800000e-04  1.58520056e-07 
 5.07900000e-04  1.58352455e-07 
 5.08000000e-04  1.58238917e-07 
 5.08100000e-04  1.74470768e-07 
 5.08200000e-04  1.74270518e-07 
 5.08300000e-04  1.74169986e-07 
 5.08400000e-04  1.74076100e-07 
 5.08500000e-04  1.74017837e-07 
 5.08600000e-04  1.61218762e-07 
 5.08700000e-04  1.60874267e-07 
 5.08800000e-04  1.60699229e-07 
 5.08900000e-04  1.60570469e-07 
 5.09000000e-04  1.60489455e-07 
 5.09100000e-04  1.74234824e-07 
 5.09200000e-04  1.73987230e-07 
 5.09300000e-04  1.73890885e-07 
 5.09400000e-04  1.73805536e-07 
 5.09500000e-04  1.73760730e-07 
 5.09600000e-04  1.59697170e-07 
 5.09700000e-04  1.59316402e-07 
 5.09800000e-04  1.59095678e-07 
 5.09900000e-04  1.58930396e-07 
 5.10000000e-04  1.58822311e-07 
 5.10100000e-04  1.76141156e-07 
 5.10200000e-04  1.75714876e-07 
 5.10300000e-04  1.75566104e-07 
 5.10400000e-04  1.75436028e-07 
 5.10500000e-04  1.75355495e-07 
 5.10600000e-04  1.65119001e-07 
 5.10700000e-04  1.64782095e-07 
 5.10800000e-04  1.64619464e-07 
 5.10900000e-04  1.64509863e-07 
 5.11000000e-04  1.64454974e-07 
 5.11100000e-04  1.73821680e-07 
 5.11200000e-04  1.73500738e-07 
 5.11300000e-04  1.73378484e-07 
 5.11400000e-04  1.73269259e-07 
 5.11500000e-04  1.73229304e-07 
 5.11600000e-04  1.59241735e-07 
 5.11700000e-04  1.58770283e-07 
 5.11800000e-04  1.58540192e-07 
 5.11900000e-04  1.58370608e-07 
 5.12000000e-04  1.58263451e-07 
 5.12100000e-04  1.74484313e-07 
 5.12200000e-04  1.74269349e-07 
 5.12300000e-04  1.74168429e-07 
 5.12400000e-04  1.74075775e-07 
 5.12500000e-04  1.74051840e-07 
 5.12600000e-04  1.61221220e-07 
 5.12700000e-04  1.60872463e-07 
 5.12800000e-04  1.60703082e-07 
 5.12900000e-04  1.60577552e-07 
 5.13000000e-04  1.60497264e-07 
 5.13100000e-04  1.74243764e-07 
 5.13200000e-04  1.73993195e-07 
 5.13300000e-04  1.73896271e-07 
 5.13400000e-04  1.73810702e-07 
 5.13500000e-04  1.73772112e-07 
 5.13600000e-04  1.59692859e-07 
 5.13700000e-04  1.59320212e-07 
 5.13800000e-04  1.59109005e-07 
 5.13900000e-04  1.58949197e-07 
 5.14000000e-04  1.58842418e-07 
 5.14100000e-04  1.75619408e-07 
 5.14200000e-04  1.75292013e-07 
 5.14300000e-04  1.75168522e-07 
 5.14400000e-04  1.75059635e-07 
 5.14500000e-04  1.75003231e-07 
 5.14600000e-04  1.63461430e-07 
 5.14700000e-04  1.63116668e-07 
 5.14800000e-04  1.62949462e-07 
 5.14900000e-04  1.62836270e-07 
 5.15000000e-04  1.62778806e-07 
 5.15100000e-04  1.74329116e-07 
 5.15200000e-04  1.74040392e-07 
 5.15300000e-04  1.73933445e-07 
 5.15400000e-04  1.73839196e-07 
 5.15500000e-04  1.73788303e-07 
 5.15600000e-04  1.59761667e-07 
 5.15700000e-04  1.59321609e-07 
 5.15800000e-04  1.59103082e-07 
 5.15900000e-04  1.58942938e-07 
 5.16000000e-04  1.58843027e-07 
 5.16100000e-04  1.75091567e-07 
 5.16200000e-04  1.74881492e-07 
 5.16300000e-04  1.74783924e-07 
 5.16400000e-04  1.74693945e-07 
 5.16500000e-04  1.74647186e-07 
 5.16600000e-04  1.61793367e-07 
 5.16700000e-04  1.61457022e-07 
 5.16800000e-04  1.61276808e-07 
 5.16900000e-04  1.61155911e-07 
 5.17000000e-04  1.61096213e-07 
 5.17100000e-04  1.74857090e-07 
 5.17200000e-04  1.74613863e-07 
 5.17300000e-04  1.74518937e-07 
 5.17400000e-04  1.74434176e-07 
 5.17500000e-04  1.74388403e-07 
 5.17600000e-04  1.60292175e-07 
 5.17700000e-04  1.59909288e-07 
 5.17800000e-04  1.59698132e-07 
 5.17900000e-04  1.59535710e-07 
 5.18000000e-04  1.59423568e-07 
 5.18100000e-04  1.88940271e-07 
 5.18200000e-04  1.86322854e-07 
 5.18300000e-04  1.85518894e-07 
 5.18400000e-04  1.85272111e-07 
 5.18500000e-04  1.85025327e-07 
 5.18600000e-04  1.75732730e-07 
 5.18700000e-04  1.74614943e-07 
 5.18800000e-04  1.74276221e-07 
 5.18900000e-04  1.74062635e-07 
 5.19000000e-04  1.73976441e-07 
 5.19100000e-04  1.71284701e-07 
 5.19200000e-04  1.70507689e-07 
 5.19300000e-04  1.70299441e-07 
 5.19400000e-04  1.70127776e-07 
 5.19500000e-04  1.70068564e-07 
 5.19600000e-04  1.57648196e-07 
 5.19700000e-04  1.56967492e-07 
 5.19800000e-04  1.56706723e-07 
 5.19900000e-04 -0.00000000e+00 
 5.20000000e-04  1.56574304e-07 
