 time            -i(vdd)        
 2.60000000e-04 -1.26577369e-04 
 2.60100000e-04  1.83721494e-07 
 2.60200000e-04  1.75016721e-07 
 2.60300000e-04  1.72693878e-07 
 2.60400000e-04  1.70735476e-07 
 2.60500000e-04  1.70077331e-07 
 2.60600000e-04  1.76685626e-07 
 2.60700000e-04  1.75910868e-07 
 2.60800000e-04  1.75485360e-07 
 2.60900000e-04  1.75139167e-07 
 2.61000000e-04  1.74874008e-07 
 2.61100000e-04  1.56452178e-07 
 2.61200000e-04  1.54081158e-07 
 2.61300000e-04  1.53474213e-07 
 2.61400000e-04  1.52983864e-07 
 2.61500000e-04  1.52781266e-07 
 2.61600000e-04  1.38889862e-07 
 2.61700000e-04  1.37637001e-07 
 2.61800000e-04  1.37193681e-07 
 2.61900000e-04  1.36877376e-07 
 2.62000000e-04  1.36692115e-07 
 2.62100000e-04  1.61882508e-07 
 2.62200000e-04  1.60617618e-07 
 2.62300000e-04  1.60335924e-07 
 2.62400000e-04  1.60132449e-07 
 2.62500000e-04  1.60043766e-07 
 2.62600000e-04  1.48502881e-07 
 2.62700000e-04  1.47917138e-07 
 2.62800000e-04  1.47633432e-07 
 2.62900000e-04  1.47419931e-07 
 2.63000000e-04  1.47278136e-07 
 2.63100000e-04  1.99992807e-07 
 2.63200000e-04  1.94212111e-07 
 2.63300000e-04  1.92922849e-07 
 2.63400000e-04  1.91928892e-07 
 2.63500000e-04  1.91649782e-07 
 2.63600000e-04  1.78194143e-07 
 2.63700000e-04  1.77568873e-07 
 2.63800000e-04  1.77243311e-07 
 2.63900000e-04  1.76998239e-07 
 2.64000000e-04  1.76836206e-07 
 2.64100000e-04  1.72666949e-07 
 2.64200000e-04  1.68075764e-07 
 2.64300000e-04  1.67027704e-07 
 2.64400000e-04  1.66210882e-07 
 2.64500000e-04  1.65972106e-07 
 2.64600000e-04  1.53762959e-07 
 2.64700000e-04  1.53128333e-07 
 2.64800000e-04  1.52816637e-07 
 2.64900000e-04  1.52583571e-07 
 2.65000000e-04  1.52431630e-07 
 2.65100000e-04  1.66019120e-07 
 2.65200000e-04  1.65518479e-07 
 2.65300000e-04  1.65360786e-07 
 2.65400000e-04  1.65226203e-07 
 2.65500000e-04  1.65180220e-07 
 2.65600000e-04  1.51587581e-07 
 2.65700000e-04  1.51137726e-07 
 2.65800000e-04  1.50912189e-07 
 2.65900000e-04  1.50741680e-07 
 2.66000000e-04  1.50627940e-07 
 2.66100000e-04  1.66988316e-07 
 2.66200000e-04  1.66720675e-07 
 2.66300000e-04  1.66630824e-07 
 2.66400000e-04  1.66552935e-07 
 2.66500000e-04  1.66504953e-07 
 2.66600000e-04  1.55423868e-07 
 2.66700000e-04  1.55023266e-07 
 2.66800000e-04  1.54819316e-07 
 2.66900000e-04  1.54671943e-07 
 2.67000000e-04  1.54582935e-07 
 2.67100000e-04  1.66082404e-07 
 2.67200000e-04  1.65566497e-07 
 2.67300000e-04  1.65410804e-07 
 2.67400000e-04  1.65277531e-07 
 2.67500000e-04  1.65224191e-07 
 2.67600000e-04  1.51670077e-07 
 2.67700000e-04  1.51176584e-07 
 2.67800000e-04  1.50920958e-07 
 2.67900000e-04  1.50724316e-07 
 2.68000000e-04  1.50588525e-07 
 2.68100000e-04  1.66388438e-07 
 2.68200000e-04  1.66210151e-07 
 2.68300000e-04  1.66133467e-07 
 2.68400000e-04  1.66064252e-07 
 2.68500000e-04  1.66035698e-07 
 2.68600000e-04  1.53641881e-07 
 2.68700000e-04  1.53247838e-07 
 2.68800000e-04  1.53041459e-07 
 2.68900000e-04  1.52892878e-07 
 2.69000000e-04  1.52803922e-07 
 2.69100000e-04  1.66125433e-07 
 2.69200000e-04  1.65917372e-07 
 2.69300000e-04  1.65841128e-07 
 2.69400000e-04  1.65773950e-07 
 2.69500000e-04  1.65752270e-07 
 2.69600000e-04  1.52109017e-07 
 2.69700000e-04  1.51681153e-07 
 2.69800000e-04  1.51429612e-07 
 2.69900000e-04  1.51245362e-07 
 2.70000000e-04  1.51130530e-07 
 2.70100000e-04  1.68003550e-07 
 2.70200000e-04  1.67617897e-07 
 2.70300000e-04  1.67494703e-07 
 2.70400000e-04  1.67389296e-07 
 2.70500000e-04  1.67319818e-07 
 2.70600000e-04  1.57511354e-07 
 2.70700000e-04  1.57129062e-07 
 2.70800000e-04  1.56925257e-07 
 2.70900000e-04  1.56785996e-07 
 2.71000000e-04  1.56713320e-07 
 2.71100000e-04  1.66102561e-07 
 2.71200000e-04  1.65546714e-07 
 2.71300000e-04  1.65379646e-07 
 2.71400000e-04  1.65236720e-07 
 2.71500000e-04  1.65187797e-07 
 2.71600000e-04  1.51639681e-07 
 2.71700000e-04  1.51106055e-07 
 2.71800000e-04  1.50847530e-07 
 2.71900000e-04  1.50647369e-07 
 2.72000000e-04  1.50507413e-07 
 2.72100000e-04  1.66318926e-07 
 2.72200000e-04  1.66149888e-07 
 2.72300000e-04  1.66074901e-07 
 2.72400000e-04  1.66006455e-07 
 2.72500000e-04  1.65959153e-07 
 2.72600000e-04  1.53582846e-07 
 2.72700000e-04  1.53185813e-07 
 2.72800000e-04  1.52984111e-07 
 2.72900000e-04  1.52832937e-07 
 2.73000000e-04  1.52733886e-07 
 2.73100000e-04  1.66060064e-07 
 2.73200000e-04  1.65855065e-07 
 2.73300000e-04  1.65780330e-07 
 2.73400000e-04  1.65714657e-07 
 2.73500000e-04  1.65689452e-07 
 2.73600000e-04  1.52064651e-07 
 2.73700000e-04  1.51613883e-07 
 2.73800000e-04  1.51386404e-07 
 2.73900000e-04  1.51209424e-07 
 2.74000000e-04  1.51084535e-07 
 2.74100000e-04  1.67434173e-07 
 2.74200000e-04  1.67157216e-07 
 2.74300000e-04  1.67057867e-07 
 2.74400000e-04  1.66970449e-07 
 2.74500000e-04  1.66917801e-07 
 2.74600000e-04  1.55807168e-07 
 2.74700000e-04  1.55433667e-07 
 2.74800000e-04  1.55216241e-07 
 2.74900000e-04  1.55070042e-07 
 2.75000000e-04  1.54997316e-07 
 2.75100000e-04  1.66139593e-07 
 2.75200000e-04  1.65903648e-07 
 2.75300000e-04  1.65817931e-07 
 2.75400000e-04  1.65741894e-07 
 2.75500000e-04  1.65708935e-07 
 2.75600000e-04  1.52107133e-07 
 2.75700000e-04  1.51637647e-07 
 2.75800000e-04  1.51385173e-07 
 2.75900000e-04  1.51193846e-07 
 2.76000000e-04  1.51065592e-07 
 2.76100000e-04  1.66896758e-07 
 2.76200000e-04  1.66723517e-07 
 2.76300000e-04  1.66651956e-07 
 2.76400000e-04  1.66587555e-07 
 2.76500000e-04  1.66557624e-07 
 2.76600000e-04  1.54156772e-07 
 2.76700000e-04  1.53761706e-07 
 2.76800000e-04  1.53549096e-07 
 2.76900000e-04  1.53402258e-07 
 2.77000000e-04  1.53323262e-07 
 2.77100000e-04  1.66672190e-07 
 2.77200000e-04  1.66448866e-07 
 2.77300000e-04  1.66378116e-07 
 2.77400000e-04  1.66318930e-07 
 2.77500000e-04  1.66290123e-07 
 2.77600000e-04  1.52624255e-07 
 2.77700000e-04  1.52191374e-07 
 2.77800000e-04  1.51962544e-07 
 2.77900000e-04  1.51783324e-07 
 2.78000000e-04  1.51655273e-07 
 2.78100000e-04  1.69108513e-07 
 2.78200000e-04  1.68605868e-07 
 2.78300000e-04  1.68449603e-07 
 2.78400000e-04  1.68316599e-07 
 2.78500000e-04  1.68252084e-07 
 2.78600000e-04  1.59719082e-07 
 2.78700000e-04  1.59316887e-07 
 2.78800000e-04  1.59124795e-07 
 2.78900000e-04  1.58997937e-07 
 2.79000000e-04  1.58938368e-07 
 2.79100000e-04  1.66277733e-07 
 2.79200000e-04  1.65618164e-07 
 2.79300000e-04  1.65434497e-07 
 2.79400000e-04  1.65281764e-07 
 2.79500000e-04  1.65200634e-07 
 2.79600000e-04  1.51687449e-07 
 2.79700000e-04  1.51111295e-07 
 2.79800000e-04  1.50841925e-07 
 2.79900000e-04  1.50634562e-07 
 2.80000000e-04  1.50491154e-07 
 2.80100000e-04  1.66319101e-07 
 2.80200000e-04  1.66135076e-07 
 2.80300000e-04  1.66056083e-07 
 2.80400000e-04  1.65984879e-07 
 2.80500000e-04  1.65953729e-07 
 2.80600000e-04  1.53558848e-07 
 2.80700000e-04  1.53171787e-07 
 2.80800000e-04  1.52961980e-07 
 2.80900000e-04  1.52813444e-07 
 2.81000000e-04  1.52728106e-07 
 2.81100000e-04  1.66041856e-07 
 2.81200000e-04  1.65838519e-07 
 2.81300000e-04  1.65763641e-07 
 2.81400000e-04  1.65697356e-07 
 2.81500000e-04  1.65680965e-07 
 2.81600000e-04  1.52027776e-07 
 2.81700000e-04  1.51605888e-07 
 2.81800000e-04  1.51363282e-07 
 2.81900000e-04  1.51175671e-07 
 2.82000000e-04  1.51044784e-07 
 2.82100000e-04  1.67416184e-07 
 2.82200000e-04  1.67139472e-07 
 2.82300000e-04  1.67038935e-07 
 2.82400000e-04  1.66950205e-07 
 2.82500000e-04  1.66912526e-07 
 2.82600000e-04  1.55800769e-07 
 2.82700000e-04  1.55396293e-07 
 2.82800000e-04  1.55201188e-07 
 2.82900000e-04  1.55064444e-07 
 2.83000000e-04  1.54987891e-07 
 2.83100000e-04  1.66120258e-07 
 2.83200000e-04  1.65881451e-07 
 2.83300000e-04  1.65790792e-07 
 2.83400000e-04  1.65709909e-07 
 2.83500000e-04  1.65680924e-07 
 2.83600000e-04  1.52077742e-07 
 2.83700000e-04  1.51596574e-07 
 2.83800000e-04  1.51347957e-07 
 2.83900000e-04  1.51161743e-07 
 2.84000000e-04  1.51039890e-07 
 2.84100000e-04  1.66878231e-07 
 2.84200000e-04  1.66710003e-07 
 2.84300000e-04  1.66632610e-07 
 2.84400000e-04  1.66561598e-07 
 2.84500000e-04  1.66537009e-07 
 2.84600000e-04  1.54115192e-07 
 2.84700000e-04  1.53743792e-07 
 2.84800000e-04  1.53534461e-07 
 2.84900000e-04  1.53385545e-07 
 2.85000000e-04  1.53298940e-07 
 2.85100000e-04  1.66638619e-07 
 2.85200000e-04  1.66437945e-07 
 2.85300000e-04  1.66364822e-07 
 2.85400000e-04  1.66300147e-07 
 2.85500000e-04  1.66279540e-07 
 2.85600000e-04  1.52611094e-07 
 2.85700000e-04  1.52172147e-07 
 2.85800000e-04  1.51937224e-07 
 2.85900000e-04  1.51756047e-07 
 2.86000000e-04  1.51630298e-07 
 2.86100000e-04  1.68552797e-07 
 2.86200000e-04  1.68174707e-07 
 2.86300000e-04  1.68040817e-07 
 2.86400000e-04  1.67922699e-07 
 2.86500000e-04  1.67870239e-07 
 2.86600000e-04  1.58032665e-07 
 2.86700000e-04  1.57638800e-07 
 2.86800000e-04  1.57449194e-07 
 2.86900000e-04  1.57322189e-07 
 2.87000000e-04  1.57259748e-07 
 2.87100000e-04  1.66227574e-07 
 2.87200000e-04  1.65965344e-07 
 2.87300000e-04  1.65862672e-07 
 2.87400000e-04  1.65769658e-07 
 2.87500000e-04  1.65730676e-07 
 2.87600000e-04  1.52161845e-07 
 2.87700000e-04  1.51628010e-07 
 2.87800000e-04  1.51381465e-07 
 2.87900000e-04  1.51194319e-07 
 2.88000000e-04  1.51068434e-07 
 2.88100000e-04  1.66898418e-07 
 2.88200000e-04  1.66727335e-07 
 2.88300000e-04  1.66655923e-07 
 2.88400000e-04  1.66591360e-07 
 2.88500000e-04  1.66539543e-07 
 2.88600000e-04  1.54127466e-07 
 2.88700000e-04  1.53744959e-07 
 2.88800000e-04  1.53533039e-07 
 2.88900000e-04  1.53384633e-07 
 2.89000000e-04  1.53301730e-07 
 2.89100000e-04  1.66652949e-07 
 2.89200000e-04  1.66440942e-07 
 2.89300000e-04  1.66370005e-07 
 2.89400000e-04  1.66308970e-07 
 2.89500000e-04  1.66280268e-07 
 2.89600000e-04  1.52624503e-07 
 2.89700000e-04  1.52175325e-07 
 2.89800000e-04  1.51939880e-07 
 2.89900000e-04  1.51759297e-07 
 2.90000000e-04  1.51635289e-07 
 2.90100000e-04  1.68019686e-07 
 2.90200000e-04  1.67737799e-07 
 2.90300000e-04  1.67641487e-07 
 2.90400000e-04  1.67557759e-07 
 2.90500000e-04  1.67503486e-07 
 2.90600000e-04  1.56378917e-07 
 2.90700000e-04  1.55976421e-07 
 2.90800000e-04  1.55776539e-07 
 2.90900000e-04  1.55640448e-07 
 2.91000000e-04  1.55570143e-07 
 2.91100000e-04  1.66728696e-07 
 2.91200000e-04  1.66494162e-07 
 2.91300000e-04  1.66413321e-07 
 2.91400000e-04  1.66342288e-07 
 2.91500000e-04  1.66299192e-07 
 2.91600000e-04  1.52659992e-07 
 2.91700000e-04  1.52179828e-07 
 2.91800000e-04  1.51932566e-07 
 2.91900000e-04  1.51746644e-07 
 2.92000000e-04  1.51623977e-07 
 2.92100000e-04  1.67496410e-07 
 2.92200000e-04  1.67320510e-07 
 2.92300000e-04  1.67254443e-07 
 2.92400000e-04  1.67196497e-07 
 2.92500000e-04  1.67146050e-07 
 2.92600000e-04  1.54713189e-07 
 2.92700000e-04  1.54309856e-07 
 2.92800000e-04  1.54115020e-07 
 2.92900000e-04  1.53972213e-07 
 2.93000000e-04  1.53883057e-07 
 2.93100000e-04  1.67267128e-07 
 2.93200000e-04  1.67041375e-07 
 2.93300000e-04  1.66973516e-07 
 2.93400000e-04  1.66917653e-07 
 2.93500000e-04  1.66886040e-07 
 2.93600000e-04  1.53206284e-07 
 2.93700000e-04  1.52755017e-07 
 2.93800000e-04  1.52522333e-07 
 2.93900000e-04  1.52344190e-07 
 2.94000000e-04  1.52222288e-07 
 2.94100000e-04  1.70227290e-07 
 2.94200000e-04  1.69621061e-07 
 2.94300000e-04  1.69440598e-07 
 2.94400000e-04  1.69288269e-07 
 2.94500000e-04  1.69215528e-07 
 2.94600000e-04  1.61940367e-07 
 2.94700000e-04  1.61568477e-07 
 2.94800000e-04  1.61369132e-07 
 2.94900000e-04  1.61249575e-07 
 2.95000000e-04  1.61212306e-07 
 2.95100000e-04  1.66592091e-07 
 2.95200000e-04  1.65711219e-07 
 2.95300000e-04  1.65483292e-07 
 2.95400000e-04  1.65298613e-07 
 2.95500000e-04  1.65214738e-07 
 2.95600000e-04  1.51710668e-07 
 2.95700000e-04  1.51097710e-07 
 2.95800000e-04  1.50815411e-07 
 2.95900000e-04  1.50614037e-07 
 2.96000000e-04  1.50496122e-07 
 2.96100000e-04  1.66307450e-07 
 2.96200000e-04  1.66127051e-07 
 2.96300000e-04  1.66055365e-07 
 2.96400000e-04  1.65991324e-07 
 2.96500000e-04  1.65954833e-07 
 2.96600000e-04  1.53550054e-07 
 2.96700000e-04  1.53154545e-07 
 2.96800000e-04  1.52957156e-07 
 2.96900000e-04  1.52809463e-07 
 2.97000000e-04  1.52713008e-07 
 2.97100000e-04  1.66041207e-07 
 2.97200000e-04  1.65836718e-07 
 2.97300000e-04  1.65758688e-07 
 2.97400000e-04  1.65689139e-07 
 2.97500000e-04  1.65668573e-07 
 2.97600000e-04  1.52023254e-07 
 2.97700000e-04  1.51579425e-07 
 2.97800000e-04  1.51344938e-07 
 2.97900000e-04  1.51168944e-07 
 2.98000000e-04  1.51053266e-07 
 2.98100000e-04  1.67408975e-07 
 2.98200000e-04  1.67127763e-07 
 2.98300000e-04  1.67028899e-07 
 2.98400000e-04  1.66942519e-07 
 2.98500000e-04  1.66892326e-07 
 2.98600000e-04  1.55798854e-07 
 2.98700000e-04  1.55383139e-07 
 2.98800000e-04  1.55187480e-07 
 2.98900000e-04  1.55053372e-07 
 2.99000000e-04  1.54982732e-07 
 2.99100000e-04  1.66106725e-07 
 2.99200000e-04  1.65858708e-07 
 2.99300000e-04  1.65780763e-07 
 2.99400000e-04  1.65714476e-07 
 2.99500000e-04  1.65676230e-07 
 2.99600000e-04  1.52072580e-07 
 2.99700000e-04  1.51606064e-07 
 2.99800000e-04  1.51358137e-07 
 2.99900000e-04  1.51170984e-07 
 3.00000000e-04  1.51046496e-07 
 3.00100000e-04  1.66872830e-07 
 3.00200000e-04  1.66707427e-07 
 3.00300000e-04  1.66636445e-07 
 3.00400000e-04  1.66571747e-07 
 3.00500000e-04  1.66521227e-07 
 3.00600000e-04  1.54106921e-07 
 3.00700000e-04  1.53720958e-07 
 3.00800000e-04  1.53521208e-07 
 3.00900000e-04  1.53378697e-07 
 3.01000000e-04  1.53295202e-07 
 3.01100000e-04  1.66637396e-07 
 3.01200000e-04  1.66423456e-07 
 3.01300000e-04  1.66353313e-07 
 3.01400000e-04  1.66293335e-07 
 3.01500000e-04  1.66276200e-07 
 3.01600000e-04  1.52611611e-07 
 3.01700000e-04  1.52178120e-07 
 3.01800000e-04  1.51938594e-07 
 3.01900000e-04  1.51756538e-07 
 3.02000000e-04  1.51633737e-07 
 3.02100000e-04  1.68540355e-07 
 3.02200000e-04  1.68159726e-07 
 3.02300000e-04  1.68033361e-07 
 3.02400000e-04  1.67923857e-07 
 3.02500000e-04  1.67861306e-07 
 3.02600000e-04  1.58017589e-07 
 3.02700000e-04  1.57629399e-07 
 3.02800000e-04  1.57444064e-07 
 3.02900000e-04  1.57313613e-07 
 3.03000000e-04  1.57239748e-07 
 3.03100000e-04  1.66217275e-07 
 3.03200000e-04  1.65933920e-07 
 3.03300000e-04  1.65840201e-07 
 3.03400000e-04  1.65758924e-07 
 3.03500000e-04  1.65736018e-07 
 3.03600000e-04  1.52154152e-07 
 3.03700000e-04  1.51619902e-07 
 3.03800000e-04  1.51372047e-07 
 3.03900000e-04  1.51185332e-07 
 3.04000000e-04  1.51061654e-07 
 3.04100000e-04  1.66891451e-07 
 3.04200000e-04  1.66710060e-07 
 3.04300000e-04  1.66640631e-07 
 3.04400000e-04  1.66579194e-07 
 3.04500000e-04  1.66535102e-07 
 3.04600000e-04  1.54114811e-07 
 3.04700000e-04  1.53721512e-07 
 3.04800000e-04  1.53518747e-07 
 3.04900000e-04  1.53378331e-07 
 3.05000000e-04  1.53302201e-07 
 3.05100000e-04  1.66649430e-07 
 3.05200000e-04  1.66433226e-07 
 3.05300000e-04  1.66361553e-07 
 3.05400000e-04  1.66300499e-07 
 3.05500000e-04  1.66271201e-07 
 3.05600000e-04  1.52615614e-07 
 3.05700000e-04  1.52166255e-07 
 3.05800000e-04  1.51931829e-07 
 3.05900000e-04  1.51755039e-07 
 3.06000000e-04  1.51637668e-07 
 3.06100000e-04  1.68028745e-07 
 3.06200000e-04  1.67752419e-07 
 3.06300000e-04  1.67645906e-07 
 3.06400000e-04  1.67551037e-07 
 3.06500000e-04  1.67507119e-07 
 3.06600000e-04  1.56363704e-07 
 3.06700000e-04  1.55970115e-07 
 3.06800000e-04  1.55783247e-07 
 3.06900000e-04  1.55644133e-07 
 3.07000000e-04  1.55554243e-07 
 3.07100000e-04  1.66721605e-07 
 3.07200000e-04  1.66478316e-07 
 3.07300000e-04  1.66400229e-07 
 3.07400000e-04  1.66332956e-07 
 3.07500000e-04  1.66302683e-07 
 3.07600000e-04  1.52651886e-07 
 3.07700000e-04  1.52176117e-07 
 3.07800000e-04  1.51936957e-07 
 3.07900000e-04  1.51752099e-07 
 3.08000000e-04  1.51623222e-07 
 3.08100000e-04  1.67510906e-07 
 3.08200000e-04  1.67320029e-07 
 3.08300000e-04  1.67243958e-07 
 3.08400000e-04  1.67176603e-07 
 3.08500000e-04  1.67151141e-07 
 3.08600000e-04  1.54705870e-07 
 3.08700000e-04  1.54300584e-07 
 3.08800000e-04  1.54101726e-07 
 3.08900000e-04  1.53965262e-07 
 3.09000000e-04  1.53893128e-07 
 3.09100000e-04  1.67248082e-07 
 3.09200000e-04  1.67043442e-07 
 3.09300000e-04  1.66970830e-07 
 3.09400000e-04  1.66907195e-07 
 3.09500000e-04  1.66881026e-07 
 3.09600000e-04  1.53174510e-07 
 3.09700000e-04  1.52769337e-07 
 3.09800000e-04  1.52525445e-07 
 3.09900000e-04  1.52343814e-07 
 3.10000000e-04  1.52226372e-07 
 3.10100000e-04  1.69699799e-07 
 3.10200000e-04  1.69191650e-07 
 3.10300000e-04  1.69039331e-07 
 3.10400000e-04  1.68911138e-07 
 3.10500000e-04  1.68854151e-07 
 3.10600000e-04  1.60269146e-07 
 3.10700000e-04  1.59885596e-07 
 3.10800000e-04  1.59690733e-07 
 3.10900000e-04  1.59569762e-07 
 3.11000000e-04  1.59524978e-07 
 3.11100000e-04  1.66526486e-07 
 3.11200000e-04  1.66124443e-07 
 3.11300000e-04  1.65989108e-07 
 3.11400000e-04  1.65872528e-07 
 3.11500000e-04  1.65803698e-07 
 3.11600000e-04  1.52248249e-07 
 3.11700000e-04  1.51677612e-07 
 3.11800000e-04  1.51417640e-07 
 3.11900000e-04  1.51217932e-07 
 3.12000000e-04  1.51080350e-07 
 3.12100000e-04  1.66920413e-07 
 3.12200000e-04  1.66744658e-07 
 3.12300000e-04  1.66672227e-07 
 3.12400000e-04  1.66607220e-07 
 3.12500000e-04  1.66563380e-07 
 3.12600000e-04  1.54144188e-07 
 3.12700000e-04  1.53740873e-07 
 3.12800000e-04  1.53540832e-07 
 3.12900000e-04  1.53397033e-07 
 3.13000000e-04  1.53311211e-07 
 3.13100000e-04  1.66657288e-07 
 3.13200000e-04  1.66446123e-07 
 3.13300000e-04  1.66367114e-07 
 3.13400000e-04  1.66297142e-07 
 3.13500000e-04  1.66275230e-07 
 3.13600000e-04  1.52609658e-07 
 3.13700000e-04  1.52186919e-07 
 3.13800000e-04  1.51945370e-07 
 3.13900000e-04  1.51759648e-07 
 3.14000000e-04  1.51631475e-07 
 3.14100000e-04  1.68022709e-07 
 3.14200000e-04  1.67739431e-07 
 3.14300000e-04  1.67636349e-07 
 3.14400000e-04  1.67545145e-07 
 3.14500000e-04  1.67507610e-07 
 3.14600000e-04  1.56378126e-07 
 3.14700000e-04  1.55992779e-07 
 3.14800000e-04  1.55785561e-07 
 3.14900000e-04  1.55642352e-07 
 3.15000000e-04  1.55565129e-07 
 3.15100000e-04  1.66728281e-07 
 3.15200000e-04  1.66479634e-07 
 3.15300000e-04  1.66395483e-07 
 3.15400000e-04  1.66322400e-07 
 3.15500000e-04  1.66286534e-07 
 3.15600000e-04  1.52674759e-07 
 3.15700000e-04  1.52192038e-07 
 3.15800000e-04  1.51949758e-07 
 3.15900000e-04  1.51765100e-07 
 3.16000000e-04  1.51639842e-07 
 3.16100000e-04  1.67499902e-07 
 3.16200000e-04  1.67331523e-07 
 3.16300000e-04  1.67255342e-07 
 3.16400000e-04  1.67185575e-07 
 3.16500000e-04  1.67128549e-07 
 3.16600000e-04  1.54695458e-07 
 3.16700000e-04  1.54321469e-07 
 3.16800000e-04  1.54112943e-07 
 3.16900000e-04  1.53965841e-07 
 3.17000000e-04  1.53882057e-07 
 3.17100000e-04  1.67257953e-07 
 3.17200000e-04  1.67038938e-07 
 3.17300000e-04  1.66971006e-07 
 3.17400000e-04  1.66913876e-07 
 3.17500000e-04  1.66886809e-07 
 3.17600000e-04  1.53194721e-07 
 3.17700000e-04  1.52768535e-07 
 3.17800000e-04  1.52526578e-07 
 3.17900000e-04  1.52345836e-07 
 3.18000000e-04  1.52228196e-07 
 3.18100000e-04  1.69168665e-07 
 3.18200000e-04  1.68790105e-07 
 3.18300000e-04  1.68658674e-07 
 3.18400000e-04  1.68543535e-07 
 3.18500000e-04  1.68469045e-07 
 3.18600000e-04  1.58625788e-07 
 3.18700000e-04  1.58217833e-07 
 3.18800000e-04  1.58032438e-07 
 3.18900000e-04  1.57905681e-07 
 3.19000000e-04  1.57839370e-07 
 3.19100000e-04  1.66856686e-07 
 3.19200000e-04  1.66567373e-07 
 3.19300000e-04  1.66472660e-07 
 3.19400000e-04  1.66390827e-07 
 3.19500000e-04  1.66349157e-07 
 3.19600000e-04  1.52730735e-07 
 3.19700000e-04  1.52212568e-07 
 3.19800000e-04  1.51950983e-07 
 3.19900000e-04  1.51763062e-07 
 3.20000000e-04  1.51651086e-07 
 3.20100000e-04  1.67511241e-07 
 3.20200000e-04  1.67346073e-07 
 3.20300000e-04  1.67265692e-07 
 3.20400000e-04  1.67190842e-07 
 3.20500000e-04  1.67155693e-07 
 3.20600000e-04  1.54703003e-07 
 3.20700000e-04  1.54319098e-07 
 3.20800000e-04  1.54123430e-07 
 3.20900000e-04  1.53982520e-07 
 3.21000000e-04  1.53898048e-07 
 3.21100000e-04  1.67264750e-07 
 3.21200000e-04  1.67058519e-07 
 3.21300000e-04  1.66985599e-07 
 3.21400000e-04  1.66921677e-07 
 3.21500000e-04  1.66890533e-07 
 3.21600000e-04  1.53205257e-07 
 3.21700000e-04  1.52778393e-07 
 3.21800000e-04  1.52536148e-07 
 3.21900000e-04  1.52352771e-07 
 3.22000000e-04  1.52230070e-07 
 3.22100000e-04  1.68641217e-07 
 3.22200000e-04  1.68379720e-07 
 3.22300000e-04  1.68273439e-07 
 3.22400000e-04  1.68176767e-07 
 3.22500000e-04  1.68117794e-07 
 3.22600000e-04  1.56960822e-07 
 3.22700000e-04  1.56569628e-07 
 3.22800000e-04  1.56366219e-07 
 3.22900000e-04  1.56227236e-07 
 3.23000000e-04  1.56154664e-07 
 3.23100000e-04  1.67345130e-07 
 3.23200000e-04  1.67106588e-07 
 3.23300000e-04  1.67015881e-07 
 3.23400000e-04  1.66934567e-07 
 3.23500000e-04  1.66918712e-07 
 3.23600000e-04  1.53238724e-07 
 3.23700000e-04  1.52778006e-07 
 3.23800000e-04  1.52527576e-07 
 3.23900000e-04  1.52339699e-07 
 3.24000000e-04  1.52216302e-07 
 3.24100000e-04  1.68108230e-07 
 3.24200000e-04  1.67937584e-07 
 3.24300000e-04  1.67868129e-07 
 3.24400000e-04  1.67805564e-07 
 3.24500000e-04  1.67767596e-07 
 3.24600000e-04  1.55294998e-07 
 3.24700000e-04  1.54912197e-07 
 3.24800000e-04  1.54707007e-07 
 3.24900000e-04  1.54561282e-07 
 3.25000000e-04  1.54476849e-07 
 3.25100000e-04  1.67877727e-07 
 3.25200000e-04  1.67670865e-07 
 3.25300000e-04  1.67599243e-07 
 3.25400000e-04  1.67536998e-07 
 3.25500000e-04  1.67500425e-07 
 3.25600000e-04  1.53786982e-07 
 3.25700000e-04  1.53358637e-07 
 3.25800000e-04  1.53114373e-07 
 3.25900000e-04  1.52935349e-07 
 3.26000000e-04  1.52823574e-07 
 3.26100000e-04  1.71377435e-07 
 3.26200000e-04  1.70674994e-07 
 3.26300000e-04  1.70464618e-07 
 3.26400000e-04  1.70286104e-07 
 3.26500000e-04  1.70187644e-07 
 3.26600000e-04  1.64197910e-07 
 3.26700000e-04  1.63797621e-07 
 3.26800000e-04  1.63616017e-07 
 3.26900000e-04  1.63511674e-07 
 3.27000000e-04  1.63486980e-07 
 3.27100000e-04  1.66666522e-07 
 3.27200000e-04  1.65732088e-07 
 3.27300000e-04  1.65493949e-07 
 3.27400000e-04  1.65300258e-07 
 3.27500000e-04  1.65226453e-07 
 3.27600000e-04  1.51768178e-07 
 3.27700000e-04  1.51098022e-07 
 3.27800000e-04  1.50812258e-07 
 3.27900000e-04  1.50606354e-07 
 3.28000000e-04  1.50482778e-07 
 3.28100000e-04  1.66311834e-07 
 3.28200000e-04  1.66130723e-07 
 3.28300000e-04  1.66057591e-07 
 3.28400000e-04  1.65992415e-07 
 3.28500000e-04  1.65952966e-07 
 3.28600000e-04  1.53549135e-07 
 3.28700000e-04  1.53139280e-07 
 3.28800000e-04  1.52935854e-07 
 3.28900000e-04  1.52790217e-07 
 3.29000000e-04  1.52704136e-07 
 3.29100000e-04  1.66031333e-07 
 3.29200000e-04  1.65821564e-07 
 3.29300000e-04  1.65754216e-07 
 3.29400000e-04  1.65697122e-07 
 3.29500000e-04  1.65660925e-07 
 3.29600000e-04  1.52034174e-07 
 3.29700000e-04  1.51596500e-07 
 3.29800000e-04  1.51354568e-07 
 3.29900000e-04  1.51167261e-07 
 3.30000000e-04  1.51036245e-07 
 3.30100000e-04  1.67410094e-07 
 3.30200000e-04  1.67118664e-07 
 3.30300000e-04  1.67013516e-07 
 3.30400000e-04  1.66921297e-07 
 3.30500000e-04  1.66883456e-07 
 3.30600000e-04  1.55778869e-07 
 3.30700000e-04  1.55398970e-07 
 3.30800000e-04  1.55182801e-07 
 3.30900000e-04  1.55042726e-07 
 3.31000000e-04  1.54981089e-07 
 3.31100000e-04  1.66109088e-07 
 3.31200000e-04  1.65872691e-07 
 3.31300000e-04  1.65789026e-07 
 3.31400000e-04  1.65715325e-07 
 3.31500000e-04  1.65677290e-07 
 3.31600000e-04  1.52066370e-07 
 3.31700000e-04  1.51608263e-07 
 3.31800000e-04  1.51343896e-07 
 3.31900000e-04  1.51155715e-07 
 3.32000000e-04  1.51046070e-07 
 3.32100000e-04  1.66879221e-07 
 3.32200000e-04  1.66692083e-07 
 3.32300000e-04  1.66622324e-07 
 3.32400000e-04  1.66561410e-07 
 3.32500000e-04  1.66531015e-07 
 3.32600000e-04  1.54117688e-07 
 3.32700000e-04  1.53721778e-07 
 3.32800000e-04  1.53512387e-07 
 3.32900000e-04  1.53363442e-07 
 3.33000000e-04  1.53276792e-07 
 3.33100000e-04  1.66640641e-07 
 3.33200000e-04  1.66422069e-07 
 3.33300000e-04  1.66350886e-07 
 3.33400000e-04  1.66290722e-07 
 3.33500000e-04  1.66253729e-07 
 3.33600000e-04  1.52591472e-07 
 3.33700000e-04  1.52167308e-07 
 3.33800000e-04  1.51923953e-07 
 3.33900000e-04  1.51741051e-07 
 3.34000000e-04  1.51620453e-07 
 3.34100000e-04  1.68544621e-07 
 3.34200000e-04  1.68163352e-07 
 3.34300000e-04  1.68033655e-07 
 3.34400000e-04  1.67920731e-07 
 3.34500000e-04  1.67862816e-07 
 3.34600000e-04  1.58032958e-07 
 3.34700000e-04  1.57633948e-07 
 3.34800000e-04  1.57436816e-07 
 3.34900000e-04  1.57304875e-07 
 3.35000000e-04  1.57240123e-07 
 3.35100000e-04  1.66227881e-07 
 3.35200000e-04  1.65938542e-07 
 3.35300000e-04  1.65844876e-07 
 3.35400000e-04  1.65764308e-07 
 3.35500000e-04  1.65719149e-07 
 3.35600000e-04  1.52140635e-07 
 3.35700000e-04  1.51628487e-07 
 3.35800000e-04  1.51362177e-07 
 3.35900000e-04  1.51166311e-07 
 3.36000000e-04  1.51043054e-07 
 3.36100000e-04  1.66898210e-07 
 3.36200000e-04  1.66717380e-07 
 3.36300000e-04  1.66638318e-07 
 3.36400000e-04  1.66566887e-07 
 3.36500000e-04  1.66530626e-07 
 3.36600000e-04  1.54126882e-07 
 3.36700000e-04  1.53740012e-07 
 3.36800000e-04  1.53518853e-07 
 3.36900000e-04  1.53367030e-07 
 3.37000000e-04  1.53286674e-07 
 3.37100000e-04  1.66633212e-07 
 3.37200000e-04  1.66427146e-07 
 3.37300000e-04  1.66361118e-07 
 3.37400000e-04  1.66304977e-07 
 3.37500000e-04  1.66256227e-07 
 3.37600000e-04  1.52604164e-07 
 3.37700000e-04  1.52167483e-07 
 3.37800000e-04  1.51932373e-07 
 3.37900000e-04  1.51748159e-07 
 3.38000000e-04  1.51616385e-07 
 3.38100000e-04  1.68019367e-07 
 3.38200000e-04  1.67723159e-07 
 3.38300000e-04  1.67625999e-07 
 3.38400000e-04  1.67543276e-07 
 3.38500000e-04  1.67492879e-07 
 3.38600000e-04  1.56372546e-07 
 3.38700000e-04  1.55964904e-07 
 3.38800000e-04  1.55771830e-07 
 3.38900000e-04  1.55640612e-07 
 3.39000000e-04  1.55573066e-07 
 3.39100000e-04  1.68642285e-07 
 3.39200000e-04  1.67999660e-07 
 3.39300000e-04  1.67784475e-07 
 3.39400000e-04  1.67691472e-07 
 3.39500000e-04  1.67637950e-07 
 3.39600000e-04  1.53515167e-07 
 3.39700000e-04  1.52888268e-07 
 3.39800000e-04  1.52595499e-07 
 3.39900000e-04  1.52387041e-07 
 3.40000000e-04  1.52264626e-07 
 3.40100000e-04  1.03754418e-04 
 3.40200000e-04  1.03754042e-04 
 3.40300000e-04  1.03753920e-04 
 3.40400000e-04  1.03753815e-04 
 3.40500000e-04  1.03753768e-04 
 3.40600000e-04  1.03741354e-04 
 3.40700000e-04  1.03740939e-04 
 3.40800000e-04  1.03740727e-04 
 3.40900000e-04  1.03740582e-04 
 3.41000000e-04  1.03740507e-04 
 3.41100000e-04  1.68407139e-07 
 3.41200000e-04  1.68160078e-07 
 3.41300000e-04  1.68076530e-07 
 3.41400000e-04  1.68004167e-07 
 3.41500000e-04  1.67987724e-07 
 3.41600000e-04  1.54296147e-07 
 3.41700000e-04  1.53830481e-07 
 3.41800000e-04  1.53607475e-07 
 3.41900000e-04  1.53433264e-07 
 3.42000000e-04  1.53309319e-07 
 3.42100000e-04  1.70855208e-07 
 3.42200000e-04  1.70338766e-07 
 3.42300000e-04  1.70183267e-07 
 3.42400000e-04  1.70052774e-07 
 3.42500000e-04  1.69986671e-07 
 3.42600000e-04  1.61366757e-07 
 3.42700000e-04  1.60962098e-07 
 3.42800000e-04  1.60777790e-07 
 3.42900000e-04  1.60662369e-07 
 3.43000000e-04  1.60617940e-07 
 3.43100000e-04  1.67661550e-07 
 3.43200000e-04  1.67264331e-07 
 3.43300000e-04  1.67122666e-07 
 3.43400000e-04  1.66998183e-07 
 3.43500000e-04  1.66931041e-07 
 3.43600000e-04  1.53334195e-07 
 3.43700000e-04  1.52765419e-07 
 3.43800000e-04  1.52487046e-07 
 3.43900000e-04  1.52284788e-07 
 3.44000000e-04  1.52160979e-07 
 3.44100000e-04  1.68072916e-07 
 3.44200000e-04  1.67883276e-07 
 3.44300000e-04  1.67807544e-07 
 3.44400000e-04  1.67740269e-07 
 3.44500000e-04  1.67691861e-07 
 3.44600000e-04  1.55194897e-07 
 3.44700000e-04  1.54827621e-07 
 3.44800000e-04  1.54619415e-07 
 3.44900000e-04  1.54475569e-07 
 3.45000000e-04  1.54398045e-07 
 3.45100000e-04  1.67805131e-07 
 3.45200000e-04  1.67583158e-07 
 3.45300000e-04  1.67504628e-07 
 3.45400000e-04  1.67436368e-07 
 3.45500000e-04  1.67415519e-07 
 3.45600000e-04  1.53687915e-07 
 3.45700000e-04  1.53237495e-07 
 3.45800000e-04  1.53012151e-07 
 3.45900000e-04  1.52837541e-07 
 3.46000000e-04  1.52715193e-07 
 3.46100000e-04  1.69181991e-07 
 3.46200000e-04  1.68893935e-07 
 3.46300000e-04  1.68787094e-07 
 3.46400000e-04  1.68692580e-07 
 3.46500000e-04  1.68646467e-07 
 3.46600000e-04  1.57435549e-07 
 3.46700000e-04  1.57039686e-07 
 3.46800000e-04  1.56856993e-07 
 3.46900000e-04  1.56728305e-07 
 3.47000000e-04  1.56655252e-07 
 3.47100000e-04  1.67876994e-07 
 3.47200000e-04  1.67615870e-07 
 3.47300000e-04  1.67529142e-07 
 3.47400000e-04  1.67454617e-07 
 3.47500000e-04  1.67431098e-07 
 3.47600000e-04  1.53725090e-07 
 3.47700000e-04  1.53254261e-07 
 3.47800000e-04  1.53016913e-07 
 3.47900000e-04  1.52838496e-07 
 3.48000000e-04  1.52720798e-07 
 3.48100000e-04  1.68637699e-07 
 3.48200000e-04  1.68459310e-07 
 3.48300000e-04  1.68380654e-07 
 3.48400000e-04  1.68308789e-07 
 3.48500000e-04  1.68268502e-07 
 3.48600000e-04  1.55776948e-07 
 3.48700000e-04  1.55380317e-07 
 3.48800000e-04  1.55182661e-07 
 3.48900000e-04  1.55042717e-07 
 3.49000000e-04  1.54962231e-07 
 3.49100000e-04  1.68406863e-07 
 3.49200000e-04  1.68191882e-07 
 3.49300000e-04  1.68113080e-07 
 3.49400000e-04  1.68043799e-07 
 3.49500000e-04  1.68018734e-07 
 3.49600000e-04  1.54267796e-07 
 3.49700000e-04  1.53822614e-07 
 3.49800000e-04  1.53601494e-07 
 3.49900000e-04  1.53429432e-07 
 3.50000000e-04  1.53307898e-07 
 3.50100000e-04  1.70306805e-07 
 3.50200000e-04  1.69914384e-07 
 3.50300000e-04  1.69781206e-07 
 3.50400000e-04  1.69665034e-07 
 3.50500000e-04  1.69609003e-07 
 3.50600000e-04  1.59674426e-07 
 3.50700000e-04  1.59303586e-07 
 3.50800000e-04  1.59113564e-07 
 3.50900000e-04  1.58987476e-07 
 3.51000000e-04  1.58927264e-07 
 3.51100000e-04  1.68008096e-07 
 3.51200000e-04  1.67701991e-07 
 3.51300000e-04  1.67603576e-07 
 3.51400000e-04  1.67519582e-07 
 3.51500000e-04  1.67471203e-07 
 3.51600000e-04  1.53797995e-07 
 3.51700000e-04  1.53295169e-07 
 3.51800000e-04  1.53035900e-07 
 3.51900000e-04  1.52844712e-07 
 3.52000000e-04  1.52723681e-07 
 3.52100000e-04  1.68654650e-07 
 3.52200000e-04  1.68486184e-07 
 3.52300000e-04  1.68402952e-07 
 3.52400000e-04  1.68325273e-07 
 3.52500000e-04  1.68287316e-07 
 3.52600000e-04  1.55776108e-07 
 3.52700000e-04  1.55385041e-07 
 3.52800000e-04  1.55185735e-07 
 3.52900000e-04  1.55046398e-07 
 3.53000000e-04  1.54968843e-07 
 3.53100000e-04  1.68417173e-07 
 3.53200000e-04  1.68188671e-07 
 3.53300000e-04  1.68114592e-07 
 3.53400000e-04  1.68051796e-07 
 3.53500000e-04  1.68012605e-07 
 3.53600000e-04  1.54253430e-07 
 3.53700000e-04  1.53820852e-07 
 3.53800000e-04  1.53587641e-07 
 3.53900000e-04  1.53417556e-07 
 3.54000000e-04  1.53312509e-07 
 3.54100000e-04  1.69795254e-07 
 3.54200000e-04  1.69499585e-07 
 3.54300000e-04  1.69392497e-07 
 3.54400000e-04  1.69298734e-07 
 3.54500000e-04  1.69235449e-07 
 3.54600000e-04  1.58030814e-07 
 3.54700000e-04  1.57626400e-07 
 3.54800000e-04  1.57432098e-07 
 3.54900000e-04  1.57304378e-07 
 3.55000000e-04  1.57245262e-07 
 3.55100000e-04  1.68487974e-07 
 3.55200000e-04  1.68233595e-07 
 3.55300000e-04  1.68147044e-07 
 3.55400000e-04  1.68071398e-07 
 3.55500000e-04  1.68043393e-07 
 3.55600000e-04  1.54320093e-07 
 3.55700000e-04  1.53859039e-07 
 3.55800000e-04  1.53616904e-07 
 3.55900000e-04  1.53435018e-07 
 3.56000000e-04  1.53315199e-07 
 3.56100000e-04  1.69273586e-07 
 3.56200000e-04  1.69089397e-07 
 3.56300000e-04  1.69001981e-07 
 3.56400000e-04  1.68921707e-07 
 3.56500000e-04  1.68877261e-07 
 3.56600000e-04  1.56357741e-07 
 3.56700000e-04  1.55970823e-07 
 3.56800000e-04  1.55778979e-07 
 3.56900000e-04  1.55637340e-07 
 3.57000000e-04  1.55547408e-07 
 3.57100000e-04  1.69031251e-07 
 3.57200000e-04  1.68810624e-07 
 3.57300000e-04  1.68724140e-07 
 3.57400000e-04  1.68646968e-07 
 3.57500000e-04  1.68635403e-07 
 3.57600000e-04  1.54831605e-07 
 3.57700000e-04  1.54417956e-07 
 3.57800000e-04  1.54190370e-07 
 3.57900000e-04  1.54014692e-07 
 3.58000000e-04  1.53892477e-07 
 3.58100000e-04  1.72004857e-07 
 3.58200000e-04  1.71379323e-07 
 3.58300000e-04  1.71189568e-07 
 3.58400000e-04  1.71029099e-07 
 3.58500000e-04  1.70963131e-07 
 3.58600000e-04  1.63584593e-07 
 3.58700000e-04  1.63209126e-07 
 3.58800000e-04  1.63026766e-07 
 3.58900000e-04  1.62918483e-07 
 3.59000000e-04  1.62886533e-07 
 3.59100000e-04  1.68283421e-07 
 3.59200000e-04  1.67506928e-07 
 3.59300000e-04  1.67263549e-07 
 3.59400000e-04  1.67055824e-07 
 3.59500000e-04  1.66985206e-07 
 3.59600000e-04  1.53387532e-07 
 3.59700000e-04  1.52788746e-07 
 3.59800000e-04  1.52514237e-07 
 3.59900000e-04  1.52304352e-07 
 3.60000000e-04  1.52161048e-07 
 3.60100000e-04  1.68077180e-07 
 3.60200000e-04  1.67908487e-07 
 3.60300000e-04  1.67824076e-07 
 3.60400000e-04  1.67745134e-07 
 3.60500000e-04  1.67686690e-07 
 3.60600000e-04  1.55190254e-07 
 3.60700000e-04  1.54808774e-07 
 3.60800000e-04  1.54617471e-07 
 3.60900000e-04  1.54478308e-07 
 3.61000000e-04  1.54392849e-07 
 3.61100000e-04  1.67798047e-07 
 3.61200000e-04  1.67598198e-07 
 3.61300000e-04  1.67517566e-07 
 3.61400000e-04  1.67444738e-07 
 3.61500000e-04  1.67407911e-07 
 3.61600000e-04  1.53677849e-07 
 3.61700000e-04  1.53242542e-07 
 3.61800000e-04  1.53015990e-07 
 3.61900000e-04  1.52839588e-07 
 3.62000000e-04  1.52714829e-07 
 3.62100000e-04  1.69183744e-07 
 3.62200000e-04  1.68885501e-07 
 3.62300000e-04  1.68782941e-07 
 3.62400000e-04  1.68694471e-07 
 3.62500000e-04  1.68648080e-07 
 3.62600000e-04  1.57443782e-07 
 3.62700000e-04  1.57054193e-07 
 3.62800000e-04  1.56865744e-07 
 3.62900000e-04  1.56730803e-07 
 3.63000000e-04  1.56650874e-07 
 3.63100000e-04  1.69796176e-07 
 3.63200000e-04  1.69136925e-07 
 3.63300000e-04  1.68929127e-07 
 3.63400000e-04  1.68835996e-07 
 3.63500000e-04  1.68779917e-07 
 3.63600000e-04  1.54591114e-07 
 3.63700000e-04  1.53952557e-07 
 3.63800000e-04  1.53670312e-07 
 3.63900000e-04  1.53475013e-07 
 3.64000000e-04  1.53368422e-07 
 3.64100000e-04  1.03755570e-04 
 3.64200000e-04  1.03755196e-04 
 3.64300000e-04  1.03755073e-04 
 3.64400000e-04  1.03754967e-04 
 3.64500000e-04  1.03754910e-04 
 3.64600000e-04  1.03742427e-04 
 3.64700000e-04  1.03742012e-04 
 3.64800000e-04  1.03741818e-04 
 3.64900000e-04  1.03741682e-04 
 3.65000000e-04  1.03741604e-04 
 3.65100000e-04  1.69567339e-07 
 3.65200000e-04  1.69296583e-07 
 3.65300000e-04  1.69212972e-07 
 3.65400000e-04  1.69142909e-07 
 3.65500000e-04  1.69121940e-07 
 3.65600000e-04  1.55352794e-07 
 3.65700000e-04  1.54921641e-07 
 3.65800000e-04  1.54693110e-07 
 3.65900000e-04  1.54519510e-07 
 3.66000000e-04  1.54402484e-07 
 3.66100000e-04  1.71466246e-07 
 3.66200000e-04  1.71074188e-07 
 3.66300000e-04  1.70932348e-07 
 3.66400000e-04  1.70807259e-07 
 3.66500000e-04  1.70748929e-07 
 3.66600000e-04  1.60770137e-07 
 3.66700000e-04  1.60407015e-07 
 3.66800000e-04  1.60214074e-07 
 3.66900000e-04  1.60082602e-07 
 3.67000000e-04  1.60014446e-07 
 3.67100000e-04  1.69155077e-07 
 3.67200000e-04  1.68852484e-07 
 3.67300000e-04  1.68740859e-07 
 3.67400000e-04  1.68642051e-07 
 3.67500000e-04  1.68620253e-07 
 3.67600000e-04  1.54875713e-07 
 3.67700000e-04  1.54361814e-07 
 3.67800000e-04  1.54113103e-07 
 3.67900000e-04  1.53930475e-07 
 3.68000000e-04  1.53815924e-07 
 3.68100000e-04  1.69822105e-07 
 3.68200000e-04  1.69616430e-07 
 3.68300000e-04  1.69530998e-07 
 3.68400000e-04  1.69454879e-07 
 3.68500000e-04  1.69428644e-07 
 3.68600000e-04  1.56841743e-07 
 3.68700000e-04  1.56473497e-07 
 3.68800000e-04  1.56281006e-07 
 3.68900000e-04  1.56140954e-07 
 3.69000000e-04  1.56054902e-07 
 3.69100000e-04  1.69551471e-07 
 3.69200000e-04  1.69334455e-07 
 3.69300000e-04  1.69258504e-07 
 3.69400000e-04  1.69192339e-07 
 3.69500000e-04  1.69152345e-07 
 3.69600000e-04  1.55337199e-07 
 3.69700000e-04  1.54903454e-07 
 3.69800000e-04  1.54676708e-07 
 3.69900000e-04  1.54504921e-07 
 3.70000000e-04  1.54389735e-07 
 3.70100000e-04  1.70932196e-07 
 3.70200000e-04  1.70632572e-07 
 3.70300000e-04  1.70525844e-07 
 3.70400000e-04  1.70432379e-07 
 3.70500000e-04  1.70383107e-07 
 3.70600000e-04  1.59091146e-07 
 3.70700000e-04  1.58718943e-07 
 3.70800000e-04  1.58517203e-07 
 3.70900000e-04  1.58385389e-07 
 3.71000000e-04  1.58325614e-07 
 3.71100000e-04  1.69635756e-07 
 3.71200000e-04  1.69379778e-07 
 3.71300000e-04  1.69283666e-07 
 3.71400000e-04  1.69197654e-07 
 3.71500000e-04  1.69183203e-07 
 3.71600000e-04  1.55388369e-07 
 3.71700000e-04  1.54912959e-07 
 3.71800000e-04  1.54677166e-07 
 3.71900000e-04  1.54505907e-07 
 3.72000000e-04  1.54401121e-07 
 3.72100000e-04  1.70415640e-07 
 3.72200000e-04  1.70229342e-07 
 3.72300000e-04  1.70144290e-07 
 3.72400000e-04  1.70066410e-07 
 3.72500000e-04  1.70019489e-07 
 3.72600000e-04  1.57429674e-07 
 3.72700000e-04  1.57054795e-07 
 3.72800000e-04  1.56853170e-07 
 3.72900000e-04  1.56717049e-07 
 3.73000000e-04  1.56648401e-07 
 3.73100000e-04  1.70169966e-07 
 3.73200000e-04  1.69935773e-07 
 3.73300000e-04  1.69858377e-07 
 3.73400000e-04  1.69792490e-07 
 3.73500000e-04  1.69764833e-07 
 3.73600000e-04  1.55899118e-07 
 3.73700000e-04  1.55513764e-07 
 3.73800000e-04  1.55283973e-07 
 3.73900000e-04  1.55105311e-07 
 3.74000000e-04  1.54979288e-07 
 3.74100000e-04  1.72611837e-07 
 3.74200000e-04  1.72106079e-07 
 3.74300000e-04  1.71938645e-07 
 3.74400000e-04  1.71793284e-07 
 3.74500000e-04  1.71720017e-07 
 3.74600000e-04  1.62997401e-07 
 3.74700000e-04  1.62632196e-07 
 3.74800000e-04  1.62444410e-07 
 3.74900000e-04  1.62329374e-07 
 3.75000000e-04  1.62289286e-07 
 3.75100000e-04  1.69430745e-07 
 3.75200000e-04  1.69028300e-07 
 3.75300000e-04  1.68879155e-07 
 3.75400000e-04  1.68747257e-07 
 3.75500000e-04  1.68693749e-07 
 3.75600000e-04  1.54981895e-07 
 3.75700000e-04  1.54433848e-07 
 3.75800000e-04  1.54165578e-07 
 3.75900000e-04  1.53964935e-07 
 3.76000000e-04  1.53833955e-07 
 3.76100000e-04  1.69850019e-07 
 3.76200000e-04  1.69662692e-07 
 3.76300000e-04  1.69561891e-07 
 3.76400000e-04  1.69467237e-07 
 3.76500000e-04  1.69428749e-07 
 3.76600000e-04  1.56853158e-07 
 3.76700000e-04  1.56485239e-07 
 3.76800000e-04  1.56284151e-07 
 3.76900000e-04  1.56148760e-07 
 3.77000000e-04  1.56081040e-07 
 3.77100000e-04  1.69584267e-07 
 3.77200000e-04  1.69341371e-07 
 3.77300000e-04  1.69257575e-07 
 3.77400000e-04  1.69185728e-07 
 3.77500000e-04  1.69164101e-07 
 3.77600000e-04  1.55340706e-07 
 3.77700000e-04  1.54925922e-07 
 3.77800000e-04  1.54693248e-07 
 3.77900000e-04  1.54517941e-07 
 3.78000000e-04  1.54401709e-07 
 3.78100000e-04  1.70936252e-07 
 3.78200000e-04  1.70644556e-07 
 3.78300000e-04  1.70533298e-07 
 3.78400000e-04  1.70434263e-07 
 3.78500000e-04  1.70382019e-07 
 3.78600000e-04  1.59095682e-07 
 3.78700000e-04  1.58725188e-07 
 3.78800000e-04  1.58531116e-07 
 3.78900000e-04  1.58400053e-07 
 3.79000000e-04  1.58333888e-07 
 3.79100000e-04  1.69632853e-07 
 3.79200000e-04  1.69385319e-07 
 3.79300000e-04  1.69289842e-07 
 3.79400000e-04  1.69204148e-07 
 3.79500000e-04  1.69181896e-07 
 3.79600000e-04  1.55393417e-07 
 3.79700000e-04  1.54913308e-07 
 3.79800000e-04  1.54677475e-07 
 3.79900000e-04  1.54505521e-07 
 3.80000000e-04  1.54399359e-07 
 3.80100000e-04  1.70422440e-07 
 3.80200000e-04  1.70219704e-07 
 3.80300000e-04  1.70134785e-07 
 3.80400000e-04  1.70058702e-07 
 3.80500000e-04  1.70015967e-07 
 3.80600000e-04  1.57421656e-07 
 3.80700000e-04  1.57058801e-07 
 3.80800000e-04  1.56865694e-07 
 3.80900000e-04  1.56731250e-07 
 3.81000000e-04  1.56657219e-07 
 3.81100000e-04  1.70170920e-07 
 3.81200000e-04  1.69937997e-07 
 3.81300000e-04  1.69861683e-07 
 3.81400000e-04  1.69796939e-07 
 3.81500000e-04  1.69768370e-07 
 3.81600000e-04  1.55902485e-07 
 3.81700000e-04  1.55489927e-07 
 3.81800000e-04  1.55270926e-07 
 3.81900000e-04  1.55101996e-07 
 3.82000000e-04  1.54984612e-07 
 3.82100000e-04  1.72081430e-07 
 3.82200000e-04  1.71687889e-07 
 3.82300000e-04  1.71544127e-07 
 3.82400000e-04  1.71416357e-07 
 3.82500000e-04  1.71355006e-07 
 3.82600000e-04  1.61343051e-07 
 3.82700000e-04  1.60965584e-07 
 3.82800000e-04  1.60790888e-07 
 3.82900000e-04  1.60669118e-07 
 3.83000000e-04  1.60601836e-07 
 3.83100000e-04  1.69756042e-07 
 3.83200000e-04  1.69454972e-07 
 3.83300000e-04  1.69346914e-07 
 3.83400000e-04  1.69251523e-07 
 3.83500000e-04  1.69213388e-07 
 3.83600000e-04  1.55463489e-07 
 3.83700000e-04  1.54950414e-07 
 3.83800000e-04  1.54708796e-07 
 3.83900000e-04  1.54526727e-07 
 3.84000000e-04  1.54405974e-07 
 3.84100000e-04  1.70421195e-07 
 3.84200000e-04  1.70245066e-07 
 3.84300000e-04  1.70159054e-07 
 3.84400000e-04  1.70079095e-07 
 3.84500000e-04  1.70021471e-07 
 3.84600000e-04  1.57433319e-07 
 3.84700000e-04  1.57066222e-07 
 3.84800000e-04  1.56877151e-07 
 3.84900000e-04  1.56738271e-07 
 3.85000000e-04  1.56651053e-07 
 3.85100000e-04  1.70183443e-07 
 3.85200000e-04  1.69943215e-07 
 3.85300000e-04  1.69860031e-07 
 3.85400000e-04  1.69788540e-07 
 3.85500000e-04  1.69766207e-07 
 3.85600000e-04  1.55925812e-07 
 3.85700000e-04  1.55490905e-07 
 3.85800000e-04  1.55265364e-07 
 3.85900000e-04  1.55101542e-07 
 3.86000000e-04  1.55001278e-07 
 3.86100000e-04  1.71552117e-07 
 3.86200000e-04  1.71261116e-07 
 3.86300000e-04  1.71144585e-07 
 3.86400000e-04  1.71039768e-07 
 3.86500000e-04  1.71004838e-07 
 3.86600000e-04  1.59678822e-07 
 3.86700000e-04  1.59296370e-07 
 3.86800000e-04  1.59118281e-07 
 3.86900000e-04  1.58998702e-07 
 3.87000000e-04  1.58939368e-07 
 3.87100000e-04  1.70262719e-07 
 3.87200000e-04  1.69991882e-07 
 3.87300000e-04  1.69901084e-07 
 3.87400000e-04  1.69822726e-07 
 3.87500000e-04  1.69786549e-07 
 3.87600000e-04  1.55960050e-07 
 3.87700000e-04  1.55514473e-07 
 3.87800000e-04  1.55283075e-07 
 3.87900000e-04  1.55105535e-07 
 3.88000000e-04  1.54983439e-07 
 3.88100000e-04  1.71031895e-07 
 3.88200000e-04  1.70842581e-07 
 3.88300000e-04  1.70756134e-07 
 3.88400000e-04  1.70676694e-07 
 3.88500000e-04  1.70626418e-07 
 3.88600000e-04  1.58001356e-07 
 3.88700000e-04  1.57637600e-07 
 3.88800000e-04  1.57456545e-07 
 3.88900000e-04  1.57322182e-07 
 3.89000000e-04  1.57235863e-07 
 3.89100000e-04  1.70794473e-07 
 3.89200000e-04  1.70569984e-07 
 3.89300000e-04  1.70486548e-07 
 3.89400000e-04  1.70412682e-07 
 3.89500000e-04  1.70381388e-07 
 3.89600000e-04  1.56503498e-07 
 3.89700000e-04  1.56091207e-07 
 3.89800000e-04  1.55867180e-07 
 3.89900000e-04  1.55695142e-07 
 3.90000000e-04  1.55576624e-07 
 3.90100000e-04  1.74832679e-07 
 3.90200000e-04  1.73985344e-07 
 3.90300000e-04  1.73733594e-07 
 3.90400000e-04  1.73521721e-07 
 3.90500000e-04  1.73440603e-07 
 3.90600000e-04  1.68567562e-07 
 3.90700000e-04  1.68199784e-07 
 3.90800000e-04  1.68029147e-07 
 3.90900000e-04  1.67936356e-07 
 3.91000000e-04  1.67923760e-07 
 3.91100000e-04  1.69025678e-07 
 3.91200000e-04  1.68061630e-07 
 3.91300000e-04  1.67802280e-07 
 3.91400000e-04  1.67587185e-07 
 3.91500000e-04  1.67504712e-07 
 3.91600000e-04  1.53943370e-07 
 3.91700000e-04  1.53259483e-07 
 3.91800000e-04  1.52985927e-07 
 3.91900000e-04  1.52785383e-07 
 3.92000000e-04  1.52660039e-07 
 3.92100000e-04  1.68608910e-07 
 3.92200000e-04  1.68427864e-07 
 3.92300000e-04  1.68336675e-07 
 3.92400000e-04  1.68251423e-07 
 3.92500000e-04  1.68212026e-07 
 3.92600000e-04  1.55679699e-07 
 3.92700000e-04  1.55282922e-07 
 3.92800000e-04  1.55091386e-07 
 3.92900000e-04  1.54960904e-07 
 3.93000000e-04  1.54893284e-07 
 3.93100000e-04  1.68324419e-07 
 3.93200000e-04  1.68106855e-07 
 3.93300000e-04  1.68027377e-07 
 3.93400000e-04  1.67957469e-07 
 3.93500000e-04  1.67924103e-07 
 3.93600000e-04  1.54154940e-07 
 3.93700000e-04  1.53729412e-07 
 3.93800000e-04  1.53501320e-07 
 3.93900000e-04  1.53325280e-07 
 3.94000000e-04  1.53202816e-07 
 3.94100000e-04  1.69696135e-07 
 3.94200000e-04  1.69400137e-07 
 3.94300000e-04  1.69294208e-07 
 3.94400000e-04  1.69201348e-07 
 3.94500000e-04  1.69148055e-07 
 3.94600000e-04  1.57911825e-07 
 3.94700000e-04  1.57550616e-07 
 3.94800000e-04  1.57353580e-07 
 3.94900000e-04  1.57218235e-07 
 3.95000000e-04  1.57146410e-07 
 3.95100000e-04  1.68383524e-07 
 3.95200000e-04  1.68135515e-07 
 3.95300000e-04  1.68044128e-07 
 3.95400000e-04  1.67962936e-07 
 3.95500000e-04  1.67936752e-07 
 3.95600000e-04  1.54201020e-07 
 3.95700000e-04  1.53739169e-07 
 3.95800000e-04  1.53506668e-07 
 3.95900000e-04  1.53328929e-07 
 3.96000000e-04  1.53207560e-07 
 3.96100000e-04  1.69155386e-07 
 3.96200000e-04  1.68970778e-07 
 3.96300000e-04  1.68895253e-07 
 3.96400000e-04  1.68827397e-07 
 3.96500000e-04  1.68784559e-07 
 3.96600000e-04  1.56253438e-07 
 3.96700000e-04  1.55866737e-07 
 3.96800000e-04  1.55670581e-07 
 3.96900000e-04  1.55530558e-07 
 3.97000000e-04  1.55448317e-07 
 3.97100000e-04  1.68926598e-07 
 3.97200000e-04  1.68693426e-07 
 3.97300000e-04  1.68616477e-07 
 3.97400000e-04  1.68551138e-07 
 3.97500000e-04  1.68512932e-07 
 3.97600000e-04  1.54742327e-07 
 3.97700000e-04  1.54322115e-07 
 3.97800000e-04  1.54076040e-07 
 3.97900000e-04  1.53894889e-07 
 3.98000000e-04  1.53780590e-07 
 3.98100000e-04  1.70835677e-07 
 3.98200000e-04  1.70431728e-07 
 3.98300000e-04  1.70293608e-07 
 3.98400000e-04  1.70173406e-07 
 3.98500000e-04  1.70123963e-07 
 3.98600000e-04  1.60164238e-07 
 3.98700000e-04  1.59789638e-07 
 3.98800000e-04  1.59601661e-07 
 3.98900000e-04  1.59477496e-07 
 3.99000000e-04  1.59419038e-07 
 3.99100000e-04  1.68501919e-07 
 3.99200000e-04  1.68213446e-07 
 3.99300000e-04  1.68114615e-07 
 3.99400000e-04  1.68027889e-07 
 3.99500000e-04  1.67985912e-07 
 3.99600000e-04  1.54270136e-07 
 3.99700000e-04  1.53770414e-07 
 3.99800000e-04  1.53525086e-07 
 3.99900000e-04  1.53338683e-07 
 4.00000000e-04  1.53212941e-07 
 4.00100000e-04  1.69174816e-07 
 4.00200000e-04  1.68998517e-07 
 4.00300000e-04  1.68914050e-07 
 4.00400000e-04  1.68835858e-07 
 4.00500000e-04  1.68797923e-07 
 4.00600000e-04  1.56257276e-07 
 4.00700000e-04  1.55866499e-07 
 4.00800000e-04  1.55672716e-07 
 4.00900000e-04  1.55533096e-07 
 4.01000000e-04  1.55449229e-07 
 4.01100000e-04  1.68925487e-07 
 4.01200000e-04  1.68702330e-07 
 4.01300000e-04  1.68626947e-07 
 4.01400000e-04  1.68562323e-07 
 4.01500000e-04  1.68516082e-07 
 4.01600000e-04  1.54735070e-07 
 4.01700000e-04  1.54326989e-07 
 4.01800000e-04  1.54092952e-07 
 4.01900000e-04  1.53913910e-07 
 4.02000000e-04  1.53791472e-07 
 4.02100000e-04  1.70294515e-07 
 4.02200000e-04  1.70016168e-07 
 4.02300000e-04  1.69907488e-07 
 4.02400000e-04  1.69809740e-07 
 4.02500000e-04  1.69769315e-07 
 4.02600000e-04  1.58509060e-07 
 4.02700000e-04  1.58109402e-07 
 4.02800000e-04  1.57923304e-07 
 4.02900000e-04  1.57792338e-07 
 4.03000000e-04  1.57718119e-07 
 4.03100000e-04  1.69011079e-07 
 4.03200000e-04  1.68753154e-07 
 4.03300000e-04  1.68662881e-07 
 4.03400000e-04  1.68583917e-07 
 4.03500000e-04  1.68548717e-07 
 4.03600000e-04  1.54794891e-07 
 4.03700000e-04  1.54341726e-07 
 4.03800000e-04  1.54092749e-07 
 4.03900000e-04  1.53910093e-07 
 4.04000000e-04  1.53795726e-07 
 4.04100000e-04  1.69772952e-07 
 4.04200000e-04  1.69594482e-07 
 4.04300000e-04  1.69514890e-07 
 4.04400000e-04  1.69442090e-07 
 4.04500000e-04  1.69405201e-07 
 4.04600000e-04  1.56828848e-07 
 4.04700000e-04  1.56460547e-07 
 4.04800000e-04  1.56263860e-07 
 4.04900000e-04  1.56125056e-07 
 4.05000000e-04  1.56045832e-07 
 4.05100000e-04  1.69536913e-07 
 4.05200000e-04  1.69319544e-07 
 4.05300000e-04  1.69241812e-07 
 4.05400000e-04  1.69173911e-07 
 4.05500000e-04  1.69133029e-07 
 4.05600000e-04  1.55326484e-07 
 4.05700000e-04  1.54906088e-07 
 4.05800000e-04  1.54670196e-07 
 4.05900000e-04  1.54494106e-07 
 4.06000000e-04  1.54379574e-07 
 4.06100000e-04  1.71982749e-07 
 4.06200000e-04  1.71474278e-07 
 4.06300000e-04  1.71306132e-07 
 4.06400000e-04  1.71160667e-07 
 4.06500000e-04  1.71102308e-07 
 4.06600000e-04  1.62404031e-07 
 4.06700000e-04  1.62023460e-07 
 4.06800000e-04  1.61841723e-07 
 4.06900000e-04  1.61732054e-07 
 4.07000000e-04  1.61696597e-07 
 4.07100000e-04  1.68809053e-07 
 4.07200000e-04  1.68416909e-07 
 4.07300000e-04  1.68265445e-07 
 4.07400000e-04  1.68130152e-07 
 4.07500000e-04  1.68069431e-07 
 4.07600000e-04  1.54372189e-07 
 4.07700000e-04  1.53836062e-07 
 4.07800000e-04  1.53563066e-07 
 4.07900000e-04  1.53365091e-07 
 4.08000000e-04  1.53244375e-07 
 4.08100000e-04  1.69212234e-07 
 4.08200000e-04  1.69011553e-07 
 4.08300000e-04  1.68931640e-07 
 4.08400000e-04  1.68860684e-07 
 4.08500000e-04  1.68798983e-07 
 4.08600000e-04  1.56253358e-07 
 4.08700000e-04  1.55891585e-07 
 4.08800000e-04  1.55689108e-07 
 4.08900000e-04  1.55549850e-07 
 4.09000000e-04  1.55475671e-07 
 4.09100000e-04  1.68933636e-07 
 4.09200000e-04  1.68714755e-07 
 4.09300000e-04  1.68642228e-07 
 4.09400000e-04  1.68580219e-07 
 4.09500000e-04  1.68538488e-07 
 4.09600000e-04  1.54733238e-07 
 4.09700000e-04  1.54309440e-07 
 4.09800000e-04  1.54086692e-07 
 4.09900000e-04  1.53915733e-07 
 4.10000000e-04  1.53798066e-07 
 4.10100000e-04  1.70310105e-07 
 4.10200000e-04  1.70023242e-07 
 4.10300000e-04  1.69913473e-07 
 4.10400000e-04  1.69815565e-07 
 4.10500000e-04  1.69770743e-07 
 4.10600000e-04  1.58493278e-07 
 4.10700000e-04  1.58123279e-07 
 4.10800000e-04  1.57935083e-07 
 4.10900000e-04  1.57800355e-07 
 4.11000000e-04  1.57720645e-07 
 4.11100000e-04  1.69012296e-07 
 4.11200000e-04  1.68742467e-07 
 4.11300000e-04  1.68658246e-07 
 4.11400000e-04  1.68586797e-07 
 4.11500000e-04  1.68555015e-07 
 4.11600000e-04  1.54795049e-07 
 4.11700000e-04  1.54322257e-07 
 4.11800000e-04  1.54094323e-07 
 4.11900000e-04  1.53919938e-07 
 4.12000000e-04  1.53800652e-07 
 4.12100000e-04  1.69781855e-07 
 4.12200000e-04  1.69593573e-07 
 4.12300000e-04  1.69507160e-07 
 4.12400000e-04  1.69427714e-07 
 4.12500000e-04  1.69392612e-07 
 4.12600000e-04  1.56844518e-07 
 4.12700000e-04  1.56464019e-07 
 4.12800000e-04  1.56267133e-07 
 4.12900000e-04  1.56131188e-07 
 4.13000000e-04  1.56057972e-07 
 4.13100000e-04  1.69538418e-07 
 4.13200000e-04  1.69316684e-07 
 4.13300000e-04  1.69235965e-07 
 4.13400000e-04  1.69164791e-07 
 4.13500000e-04  1.69135451e-07 
 4.13600000e-04  1.55318844e-07 
 4.13700000e-04  1.54904610e-07 
 4.13800000e-04  1.54671614e-07 
 4.13900000e-04  1.54494703e-07 
 4.14000000e-04  1.54375506e-07 
 4.14100000e-04  1.71452435e-07 
 4.14200000e-04  1.71050550e-07 
 4.14300000e-04  1.70911829e-07 
 4.14400000e-04  1.70790651e-07 
 4.14500000e-04  1.70725023e-07 
 4.14600000e-04  1.60735615e-07 
 4.14700000e-04  1.60356610e-07 
 4.14800000e-04  1.60177986e-07 
 4.14900000e-04  1.60061045e-07 
 4.15000000e-04  1.60007591e-07 
 4.15100000e-04  1.69141854e-07 
 4.15200000e-04  1.68834329e-07 
 4.15300000e-04  1.68731287e-07 
 4.15400000e-04  1.68642163e-07 
 4.15500000e-04  1.68608832e-07 
 4.15600000e-04  1.54866368e-07 
 4.15700000e-04  1.54363120e-07 
 4.15800000e-04  1.54109627e-07 
 4.15900000e-04  1.53921519e-07 
 4.16000000e-04  1.53800716e-07 
 4.16100000e-04  1.69800955e-07 
 4.16200000e-04  1.69604607e-07 
 4.16300000e-04  1.69529286e-07 
 4.16400000e-04  1.69462738e-07 
 4.16500000e-04  1.69417951e-07 
 4.16600000e-04  1.56837607e-07 
 4.16700000e-04  1.56464511e-07 
 4.16800000e-04  1.56272166e-07 
 4.16900000e-04  1.56133841e-07 
 4.17000000e-04  1.56051097e-07 
 4.17100000e-04  1.69559182e-07 
 4.17200000e-04  1.69318909e-07 
 4.17300000e-04  1.69239598e-07 
 4.17400000e-04  1.69172659e-07 
 4.17500000e-04  1.69150779e-07 
 4.17600000e-04  1.55315349e-07 
 4.17700000e-04  1.54912091e-07 
 4.17800000e-04  1.54680294e-07 
 4.17900000e-04  1.54507032e-07 
 4.18000000e-04  1.54394016e-07 
 4.18100000e-04  1.70929057e-07 
 4.18200000e-04  1.70638688e-07 
 4.18300000e-04  1.70528332e-07 
 4.18400000e-04  1.70430124e-07 
 4.18500000e-04  1.70369665e-07 
 4.18600000e-04  1.59087463e-07 
 4.18700000e-04  1.58700439e-07 
 4.18800000e-04  1.58521486e-07 
 4.18900000e-04  1.58395467e-07 
 4.19000000e-04  1.58323910e-07 
 4.19100000e-04  1.69633419e-07 
 4.19200000e-04  1.69372705e-07 
 4.19300000e-04  1.69277374e-07 
 4.19400000e-04  1.69192764e-07 
 4.19500000e-04  1.69157332e-07 
 4.19600000e-04  1.55364163e-07 
 4.19700000e-04  1.54924414e-07 
 4.19800000e-04  1.54683269e-07 
 4.19900000e-04  1.54503077e-07 
 4.20000000e-04  1.54385617e-07 
 4.20100000e-04  1.70416569e-07 
 4.20200000e-04  1.70208909e-07 
 4.20300000e-04  1.70127602e-07 
 4.20400000e-04  1.70056186e-07 
 4.20500000e-04  1.70013023e-07 
 4.20600000e-04  1.57410141e-07 
 4.20700000e-04  1.57053563e-07 
 4.20800000e-04  1.56853130e-07 
 4.20900000e-04  1.56718856e-07 
 4.21000000e-04  1.56652689e-07 
 4.21100000e-04  1.70164864e-07 
 4.21200000e-04  1.69933902e-07 
 4.21300000e-04  1.69857187e-07 
 4.21400000e-04  1.69791705e-07 
 4.21500000e-04  1.69758478e-07 
 4.21600000e-04  1.55907071e-07 
 4.21700000e-04  1.55492390e-07 
 4.21800000e-04  1.55276832e-07 
 4.21900000e-04  1.55107614e-07 
 4.22000000e-04  1.54986051e-07 
 4.22100000e-04  1.73131614e-07 
 4.22200000e-04  1.72521251e-07 
 4.22300000e-04  1.72325971e-07 
 4.22400000e-04  1.72157890e-07 
 4.22500000e-04  1.72084977e-07 
 4.22600000e-04  1.64645518e-07 
 4.22700000e-04  1.64278292e-07 
 4.22800000e-04  1.64111010e-07 
 4.22900000e-04  1.64003463e-07 
 4.23000000e-04  1.63957392e-07 
 4.23100000e-04  1.69423204e-07 
 4.23200000e-04  1.68646614e-07 
 4.23300000e-04  1.68395146e-07 
 4.23400000e-04  1.68178331e-07 
 4.23500000e-04  1.68095637e-07 
 4.23600000e-04  1.54442129e-07 
 4.23700000e-04  1.53863593e-07 
 4.23800000e-04  1.53592125e-07 
 4.23900000e-04  1.53389919e-07 
 4.24000000e-04  1.53259016e-07 
 4.24100000e-04  1.69219789e-07 
 4.24200000e-04  1.69027965e-07 
 4.24300000e-04  1.68947623e-07 
 4.24400000e-04  1.68875060e-07 
 4.24500000e-04  1.68827133e-07 
 4.24600000e-04  1.56268696e-07 
 4.24700000e-04  1.55882381e-07 
 4.24800000e-04  1.55692564e-07 
 4.24900000e-04  1.55556581e-07 
 4.25000000e-04  1.55475984e-07 
 4.25100000e-04  1.68952630e-07 
 4.25200000e-04  1.68724334e-07 
 4.25300000e-04  1.68643266e-07 
 4.25400000e-04  1.68573031e-07 
 4.25500000e-04  1.68536389e-07 
 4.25600000e-04  1.54751466e-07 
 4.25700000e-04  1.54315662e-07 
 4.25800000e-04  1.54094248e-07 
 4.25900000e-04  1.53925710e-07 
 4.26000000e-04  1.53811570e-07 
 4.26100000e-04  1.70313277e-07 
 4.26200000e-04  1.70008539e-07 
 4.26300000e-04  1.69907576e-07 
 4.26400000e-04  1.69820861e-07 
 4.26500000e-04  1.69770687e-07 
 4.26600000e-04  1.58499720e-07 
 4.26700000e-04  1.58128258e-07 
 4.26800000e-04  1.57940211e-07 
 4.26900000e-04  1.57812364e-07 
 4.27000000e-04  1.57746467e-07 
 4.27100000e-04  1.69010819e-07 
 4.27200000e-04  1.68749751e-07 
 4.27300000e-04  1.68659712e-07 
 4.27400000e-04  1.68581071e-07 
 4.27500000e-04  1.68562311e-07 
 4.27600000e-04  1.54797056e-07 
 4.27700000e-04  1.54337274e-07 
 4.27800000e-04  1.54095601e-07 
 4.27900000e-04  1.53918891e-07 
 4.28000000e-04  1.53809047e-07 
 4.28100000e-04  1.69783104e-07 
 4.28200000e-04  1.69591965e-07 
 4.28300000e-04  1.69516327e-07 
 4.28400000e-04  1.69449414e-07 
 4.28500000e-04  1.69404244e-07 
 4.28600000e-04  1.56828272e-07 
 4.28700000e-04  1.56452858e-07 
 4.28800000e-04  1.56264904e-07 
 4.28900000e-04  1.56128044e-07 
 4.29000000e-04  1.56043733e-07 
 4.29100000e-04  1.69539274e-07 
 4.29200000e-04  1.69321264e-07 
 4.29300000e-04  1.69245505e-07 
 4.29400000e-04  1.69179437e-07 
 4.29500000e-04  1.69129799e-07 
 4.29600000e-04  1.55331755e-07 
 4.29700000e-04  1.54893373e-07 
 4.29800000e-04  1.54674221e-07 
 4.29900000e-04  1.54503970e-07 
 4.30000000e-04  1.54384011e-07 
 4.30100000e-04  1.71467706e-07 
 4.30200000e-04  1.71053073e-07 
 4.30300000e-04  1.70907825e-07 
 4.30400000e-04  1.70781038e-07 
 4.30500000e-04  1.70741532e-07 
 4.30600000e-04  1.60753342e-07 
 4.30700000e-04  1.60377462e-07 
 4.30800000e-04  1.60180375e-07 
 4.30900000e-04  1.60055934e-07 
 4.31000000e-04  1.60006280e-07 
 4.31100000e-04  1.69139294e-07 
 4.31200000e-04  1.68840418e-07 
 4.31300000e-04  1.68734868e-07 
 4.31400000e-04  1.68641906e-07 
 4.31500000e-04  1.68600931e-07 
 4.31600000e-04  1.54864306e-07 
 4.31700000e-04  1.54377751e-07 
 4.31800000e-04  1.54121799e-07 
 4.31900000e-04  1.53930394e-07 
 4.32000000e-04  1.53805420e-07 
 4.32100000e-04  1.69800235e-07 
 4.32200000e-04  1.69619418e-07 
 4.32300000e-04  1.69535208e-07 
 4.32400000e-04  1.69457461e-07 
 4.32500000e-04  1.69403680e-07 
 4.32600000e-04  1.56834683e-07 
 4.32700000e-04  1.56469582e-07 
 4.32800000e-04  1.56275492e-07 
 4.32900000e-04  1.56138401e-07 
 4.33000000e-04  1.56059954e-07 
 4.33100000e-04  1.69544181e-07 
 4.33200000e-04  1.69324809e-07 
 4.33300000e-04  1.69240979e-07 
 4.33400000e-04  1.69166423e-07 
 4.33500000e-04  1.69155486e-07 
 4.33600000e-04  1.55327312e-07 
 4.33700000e-04  1.54903520e-07 
 4.33800000e-04  1.54681647e-07 
 4.33900000e-04  1.54512189e-07 
 4.34000000e-04  1.54396641e-07 
 4.34100000e-04  1.70933737e-07 
 4.34200000e-04  1.70637940e-07 
 4.34300000e-04  1.70526338e-07 
 4.34400000e-04  1.70427422e-07 
 4.34500000e-04  1.70371595e-07 
 4.34600000e-04  1.59081475e-07 
 4.34700000e-04  1.58702848e-07 
 4.34800000e-04  1.58518400e-07 
 4.34900000e-04  1.58391925e-07 
 4.35000000e-04  1.58325097e-07 
 4.35100000e-04  1.69642404e-07 
 4.35200000e-04  1.69369293e-07 
 4.35300000e-04  1.69282096e-07 
 4.35400000e-04  1.69208074e-07 
 4.35500000e-04  1.69172774e-07 
 4.35600000e-04  1.55380330e-07 
 4.35700000e-04  1.54917420e-07 
 4.35800000e-04  1.54682394e-07 
 4.35900000e-04  1.54505686e-07 
 4.36000000e-04  1.54388982e-07 
 4.36100000e-04  1.70409462e-07 
 4.36200000e-04  1.70218229e-07 
 4.36300000e-04  1.70132498e-07 
 4.36400000e-04  1.70054332e-07 
 4.36500000e-04  1.70019781e-07 
 4.36600000e-04  1.57412163e-07 
 4.36700000e-04  1.57040644e-07 
 4.36800000e-04  1.56849025e-07 
 4.36900000e-04  1.56714452e-07 
 4.37000000e-04  1.56638563e-07 
 4.37100000e-04  1.70170699e-07 
 4.37200000e-04  1.69934057e-07 
 4.37300000e-04  1.69860253e-07 
 4.37400000e-04  1.69798476e-07 
 4.37500000e-04  1.69746973e-07 
 4.37600000e-04  1.55902287e-07 
 4.37700000e-04  1.55489712e-07 
 4.37800000e-04  1.55259688e-07 
 4.37900000e-04  1.55090170e-07 
 4.38000000e-04  1.54982907e-07 
 4.38100000e-04  1.72618195e-07 
 4.38200000e-04  1.72102391e-07 
 4.38300000e-04  1.71928236e-07 
 4.38400000e-04  1.71777021e-07 
 4.38500000e-04  1.71718898e-07 
 4.38600000e-04  1.63002724e-07 
 4.38700000e-04  1.62620659e-07 
 4.38800000e-04  1.62445576e-07 
 4.38900000e-04  1.62334404e-07 
 4.39000000e-04  1.62289002e-07 
 4.39100000e-04  1.69434607e-07 
 4.39200000e-04  1.69023043e-07 
 4.39300000e-04  1.68874622e-07 
 4.39400000e-04  1.68744518e-07 
 4.39500000e-04  1.68671649e-07 
 4.39600000e-04  1.54969506e-07 
 4.39700000e-04  1.54410556e-07 
 4.39800000e-04  1.54151047e-07 
 4.39900000e-04  1.53956296e-07 
 4.40000000e-04  1.53828189e-07 
 4.40100000e-04  1.69836562e-07 
 4.40200000e-04  1.69629187e-07 
 4.40300000e-04  1.69544345e-07 
 4.40400000e-04  1.69468800e-07 
 4.40500000e-04  1.69427293e-07 
 4.40600000e-04  1.56837159e-07 
 4.40700000e-04  1.56480839e-07 
 4.40800000e-04  1.56278435e-07 
 4.40900000e-04  1.56138751e-07 
 4.41000000e-04  1.56063599e-07 
 4.41100000e-04  1.69567047e-07 
 4.41200000e-04  1.69334147e-07 
 4.41300000e-04  1.69255104e-07 
 4.41400000e-04  1.69187191e-07 
 4.41500000e-04  1.69153536e-07 
 4.41600000e-04  1.55321652e-07 
 4.41700000e-04  1.54922486e-07 
 4.41800000e-04  1.54687138e-07 
 4.41900000e-04  1.54509266e-07 
 4.42000000e-04  1.54390523e-07 
 4.42100000e-04  1.70943628e-07 
 4.42200000e-04  1.70629379e-07 
 4.42300000e-04  1.70521471e-07 
 4.42400000e-04  1.70428669e-07 
 4.42500000e-04  1.70373776e-07 
 4.42600000e-04  1.59095607e-07 
 4.42700000e-04  1.58710301e-07 
 4.42800000e-04  1.58521844e-07 
 4.42900000e-04  1.58396807e-07 
 4.43000000e-04  1.58337034e-07 
 4.43100000e-04  1.69657956e-07 
 4.43200000e-04  1.69381185e-07 
 4.43300000e-04  1.69283242e-07 
 4.43400000e-04  1.69197763e-07 
 4.43500000e-04  1.69171364e-07 
 4.43600000e-04  1.55377702e-07 
 4.43700000e-04  1.54914761e-07 
 4.43800000e-04  1.54680298e-07 
 4.43900000e-04  1.54503917e-07 
 4.44000000e-04  1.54387283e-07 
 4.44100000e-04  1.70415619e-07 
 4.44200000e-04  1.70228734e-07 
 4.44300000e-04  1.70138354e-07 
 4.44400000e-04  1.70054589e-07 
 4.44500000e-04  1.70004389e-07 
 4.44600000e-04  1.57429396e-07 
 4.44700000e-04  1.57039248e-07 
 4.44800000e-04  1.56845457e-07 
 4.44900000e-04  1.56709740e-07 
 4.45000000e-04  1.56633760e-07 
 4.45100000e-04  1.70164763e-07 
 4.45200000e-04  1.69949520e-07 
 4.45300000e-04  1.69859859e-07 
 4.45400000e-04  1.69778620e-07 
 4.45500000e-04  1.69746922e-07 
 4.45600000e-04  1.55919995e-07 
 4.45700000e-04  1.55484465e-07 
 4.45800000e-04  1.55273160e-07 
 4.45900000e-04  1.55101286e-07 
 4.46000000e-04  1.54969918e-07 
 4.46100000e-04  1.72069886e-07 
 4.46200000e-04  1.71686926e-07 
 4.46300000e-04  1.71538560e-07 
 4.46400000e-04  1.71404932e-07 
 4.46500000e-04  1.71358323e-07 
 4.46600000e-04  1.61325783e-07 
 4.46700000e-04  1.60972666e-07 
 4.46800000e-04  1.60783416e-07 
 4.46900000e-04  1.60660957e-07 
 4.47000000e-04  1.60607058e-07 
 4.47100000e-04  1.71849572e-07 
 4.47200000e-04  1.71033031e-07 
 4.47300000e-04  1.70773100e-07 
 4.47400000e-04  1.70644678e-07 
 4.47500000e-04  1.70558751e-07 
 4.47600000e-04  1.56319024e-07 
 4.47700000e-04  1.55660133e-07 
 4.47800000e-04  1.55372183e-07 
 4.47900000e-04  1.55170416e-07 
 4.48000000e-04  1.55056494e-07 
 4.48100000e-04  1.03757355e-04 
 4.48200000e-04  1.03756972e-04 
 4.48300000e-04  1.03756847e-04 
 4.48400000e-04  1.03756738e-04 
 4.48500000e-04  1.03756689e-04 
 4.48600000e-04  1.03744091e-04 
 4.48700000e-04  1.03743705e-04 
 4.48800000e-04  1.03743502e-04 
 4.48900000e-04  1.03743363e-04 
 4.49000000e-04  1.03743289e-04 
 4.49100000e-04  1.71336213e-07 
 4.49200000e-04  1.71078722e-07 
 4.49300000e-04  1.70983163e-07 
 4.49400000e-04  1.70898550e-07 
 4.49500000e-04  1.70869513e-07 
 4.49600000e-04  1.57024391e-07 
 4.49700000e-04  1.56577078e-07 
 4.49800000e-04  1.56363023e-07 
 4.49900000e-04  1.56194658e-07 
 4.50000000e-04  1.56073249e-07 
 4.50100000e-04  1.72714783e-07 
 4.50200000e-04  1.72413805e-07 
 4.50300000e-04  1.72292075e-07 
 4.50400000e-04  1.72182647e-07 
 4.50500000e-04  1.72133704e-07 
 4.50600000e-04  1.60760227e-07 
 4.50700000e-04  1.60397734e-07 
 4.50800000e-04  1.60211200e-07 
 4.50900000e-04  1.60088905e-07 
 4.51000000e-04  1.60032705e-07 
 4.51100000e-04  1.71420106e-07 
 4.51200000e-04  1.71137943e-07 
 4.51300000e-04  1.71042357e-07 
 4.51400000e-04  1.70959872e-07 
 4.51500000e-04  1.70927866e-07 
 4.51600000e-04  1.57032433e-07 
 4.51700000e-04  1.56600981e-07 
 4.51800000e-04  1.56372588e-07 
 4.51900000e-04  1.56198352e-07 
 4.52000000e-04  1.56079803e-07 
 4.52100000e-04  1.72194062e-07 
 4.52200000e-04  1.71980525e-07 
 4.52300000e-04  1.71896742e-07 
 4.52400000e-04  1.71823090e-07 
 4.52500000e-04  1.71780001e-07 
 4.52600000e-04  1.59081108e-07 
 4.52700000e-04  1.58723987e-07 
 4.52800000e-04  1.58539110e-07 
 4.52900000e-04  1.58411533e-07 
 4.53000000e-04  1.58342889e-07 
 4.53100000e-04  1.71942983e-07 
 4.53200000e-04  1.71698006e-07 
 4.53300000e-04  1.71621291e-07 
 4.53400000e-04  1.71556919e-07 
 4.53500000e-04  1.71515909e-07 
 4.53600000e-04  1.57575463e-07 
 4.53700000e-04  1.57168326e-07 
 4.53800000e-04  1.56943848e-07 
 4.53900000e-04  1.56773892e-07 
 4.54000000e-04  1.56660001e-07 
 4.54100000e-04  1.75436641e-07 
 4.54200000e-04  1.74711237e-07 
 4.54300000e-04  1.74484563e-07 
 4.54400000e-04  1.74290465e-07 
 4.54500000e-04  1.74196082e-07 
 4.54600000e-04  1.67991122e-07 
 4.54700000e-04  1.67622035e-07 
 4.54800000e-04  1.67456805e-07 
 4.54900000e-04  1.67361947e-07 
 4.55000000e-04  1.67339330e-07 
 4.55100000e-04  1.73330585e-07 
 4.55200000e-04  1.71523253e-07 
 4.55300000e-04  1.70963080e-07 
 4.55400000e-04  1.70722073e-07 
 4.55500000e-04  1.70584197e-07 
 4.55600000e-04  1.56412239e-07 
 4.55700000e-04  1.55619441e-07 
 4.55800000e-04  1.55321274e-07 
 4.55900000e-04  1.55110357e-07 
 4.56000000e-04  1.54988367e-07 
 4.56100000e-04  1.03757316e-04 
 4.56200000e-04  1.03756913e-04 
 4.56300000e-04  1.03756782e-04 
 4.56400000e-04  1.03756671e-04 
 4.56500000e-04  1.03756627e-04 
 4.56600000e-04  1.03743989e-04 
 4.56700000e-04  1.03743624e-04 
 4.56800000e-04  1.03743419e-04 
 4.56900000e-04  1.03743279e-04 
 4.57000000e-04  1.03743208e-04 
 4.57100000e-04  1.71262002e-07 
 4.57200000e-04  1.70980936e-07 
 4.57300000e-04  1.70885443e-07 
 4.57400000e-04  1.70803274e-07 
 4.57500000e-04  1.70783532e-07 
 4.57600000e-04  1.56909534e-07 
 4.57700000e-04  1.56474177e-07 
 4.57800000e-04  1.56253446e-07 
 4.57900000e-04  1.56090824e-07 
 4.58000000e-04  1.55987966e-07 
 4.58100000e-04  1.72623234e-07 
 4.58200000e-04  1.72309450e-07 
 4.58300000e-04  1.72191652e-07 
 4.58400000e-04  1.72088017e-07 
 4.58500000e-04  1.72031967e-07 
 4.58600000e-04  1.60649874e-07 
 4.58700000e-04  1.60287250e-07 
 4.58800000e-04  1.60103298e-07 
 4.58900000e-04  1.59978614e-07 
 4.59000000e-04  1.59914887e-07 
 4.59100000e-04  1.71308594e-07 
 4.59200000e-04  1.71051623e-07 
 4.59300000e-04  1.70952555e-07 
 4.59400000e-04  1.70863800e-07 
 4.59500000e-04  1.70829965e-07 
 4.59600000e-04  1.56940307e-07 
 4.59700000e-04  1.56502533e-07 
 4.59800000e-04  1.56267404e-07 
 4.59900000e-04  1.56090393e-07 
 4.60000000e-04  1.55973158e-07 
 4.60100000e-04  1.72084949e-07 
 4.60200000e-04  1.71881376e-07 
 4.60300000e-04  1.71790924e-07 
 4.60400000e-04  1.71708915e-07 
 4.60500000e-04  1.71664244e-07 
 4.60600000e-04  1.58987858e-07 
 4.60700000e-04  1.58620167e-07 
 4.60800000e-04  1.58437851e-07 
 4.60900000e-04  1.58304765e-07 
 4.61000000e-04  1.58222281e-07 
 4.61100000e-04  1.71847884e-07 
 4.61200000e-04  1.71596974e-07 
 4.61300000e-04  1.71507087e-07 
 4.61400000e-04  1.71429047e-07 
 4.61500000e-04  1.71394521e-07 
 4.61600000e-04  1.57467730e-07 
 4.61700000e-04  1.57068787e-07 
 4.61800000e-04  1.56847295e-07 
 4.61900000e-04  1.56675706e-07 
 4.62000000e-04  1.56555405e-07 
 4.62100000e-04  1.73746890e-07 
 4.62200000e-04  1.73328010e-07 
 4.62300000e-04  1.73184458e-07 
 4.62400000e-04  1.73059784e-07 
 4.62500000e-04  1.73006874e-07 
 4.62600000e-04  1.62882290e-07 
 4.62700000e-04  1.62523257e-07 
 4.62800000e-04  1.62350683e-07 
 4.62900000e-04  1.62235626e-07 
 4.63000000e-04  1.62179720e-07 
 4.63100000e-04  1.71443044e-07 
 4.63200000e-04  1.71110214e-07 
 4.63300000e-04  1.71003500e-07 
 4.63400000e-04  1.70912990e-07 
 4.63500000e-04  1.70870492e-07 
 4.63600000e-04  1.57012065e-07 
 4.63700000e-04  1.56526194e-07 
 4.63800000e-04  1.56285425e-07 
 4.63900000e-04  1.56103811e-07 
 4.64000000e-04  1.55983038e-07 
 4.64100000e-04  1.72098157e-07 
 4.64200000e-04  1.71904499e-07 
 4.64300000e-04  1.71808620e-07 
 4.64400000e-04  1.71719589e-07 
 4.64500000e-04  1.71674272e-07 
 4.64600000e-04  1.58974853e-07 
 4.64700000e-04  1.58619042e-07 
 4.64800000e-04  1.58428987e-07 
 4.64900000e-04  1.58296088e-07 
 4.65000000e-04  1.58221962e-07 
 4.65100000e-04  1.71847162e-07 
 4.65200000e-04  1.71600658e-07 
 4.65300000e-04  1.71511278e-07 
 4.65400000e-04  1.71433724e-07 
 4.65500000e-04  1.71410265e-07 
 4.65600000e-04  1.57461237e-07 
 4.65700000e-04  1.57065562e-07 
 4.65800000e-04  1.56832897e-07 
 4.65900000e-04  1.56660994e-07 
 4.66000000e-04  1.56551586e-07 
 4.66100000e-04  1.73217702e-07 
 4.66200000e-04  1.72915645e-07 
 4.66300000e-04  1.72799822e-07 
 4.66400000e-04  1.72696301e-07 
 4.66500000e-04  1.72632017e-07 
 4.66600000e-04  1.61214945e-07 
 4.66700000e-04  1.60871323e-07 
 4.66800000e-04  1.60685922e-07 
 4.66900000e-04  1.60562724e-07 
 4.67000000e-04  1.60503507e-07 
 4.67100000e-04  1.71916542e-07 
 4.67200000e-04  1.71650157e-07 
 4.67300000e-04  1.71555247e-07 
 4.67400000e-04  1.71471743e-07 
 4.67500000e-04  1.71426737e-07 
 4.67600000e-04  1.57519566e-07 
 4.67700000e-04  1.57057509e-07 
 4.67800000e-04  1.56829737e-07 
 4.67900000e-04  1.56664487e-07 
 4.68000000e-04  1.56563544e-07 
 4.68100000e-04  1.72694137e-07 
 4.68200000e-04  1.72499329e-07 
 4.68300000e-04  1.72404097e-07 
 4.68400000e-04  1.72315929e-07 
 4.68500000e-04  1.72278694e-07 
 4.68600000e-04  1.59556259e-07 
 4.68700000e-04  1.59205459e-07 
 4.68800000e-04  1.59019534e-07 
 4.68900000e-04  1.58887148e-07 
 4.69000000e-04  1.58809801e-07 
 4.69100000e-04  1.72452325e-07 
 4.69200000e-04  1.72210095e-07 
 4.69300000e-04  1.72122513e-07 
 4.69400000e-04  1.72046251e-07 
 4.69500000e-04  1.72027820e-07 
 4.69600000e-04  1.58034196e-07 
 4.69700000e-04  1.57656388e-07 
 4.69800000e-04  1.57435738e-07 
 4.69900000e-04  1.57266547e-07 
 4.70000000e-04  1.57150247e-07 
 4.70100000e-04  1.74900158e-07 
 4.70200000e-04  1.74363794e-07 
 4.70300000e-04  1.74189975e-07 
 4.70400000e-04  1.74041030e-07 
 4.70500000e-04  1.73976131e-07 
 4.70600000e-04  1.65138102e-07 
 4.70700000e-04  1.64765903e-07 
 4.70800000e-04  1.64588713e-07 
 4.70900000e-04  1.64481171e-07 
 4.71000000e-04  1.64445282e-07 
 4.71100000e-04  1.71712870e-07 
 4.71200000e-04  1.71305165e-07 
 4.71300000e-04  1.71150686e-07 
 4.71400000e-04  1.71013315e-07 
 4.71500000e-04  1.70948710e-07 
 4.71600000e-04  1.57116731e-07 
 4.71700000e-04  1.56564378e-07 
 4.71800000e-04  1.56313034e-07 
 4.71900000e-04  1.56127582e-07 
 4.72000000e-04  1.56009911e-07 
 4.72100000e-04  1.72126308e-07 
 4.72200000e-04  1.71908706e-07 
 4.72300000e-04  1.71817965e-07 
 4.72400000e-04  1.71737053e-07 
 4.72500000e-04  1.71684908e-07 
 4.72600000e-04  1.58973555e-07 
 4.72700000e-04  1.58621557e-07 
 4.72800000e-04  1.58445405e-07 
 4.72900000e-04  1.58313070e-07 
 4.73000000e-04  1.58225738e-07 
 4.73100000e-04  1.71855324e-07 
 4.73200000e-04  1.71606132e-07 
 4.73300000e-04  1.71522499e-07 
 4.73400000e-04  1.71450885e-07 
 4.73500000e-04  1.71424435e-07 
 4.73600000e-04  1.57464305e-07 
 4.73700000e-04  1.57075122e-07 
 4.73800000e-04  1.56847478e-07 
 4.73900000e-04  1.56672607e-07 
 4.74000000e-04  1.56551980e-07 
 4.74100000e-04  1.73218128e-07 
 4.74200000e-04  1.72906724e-07 
 4.74300000e-04  1.72793398e-07 
 4.74400000e-04  1.72693960e-07 
 4.74500000e-04  1.72629714e-07 
 4.74600000e-04  1.61222988e-07 
 4.74700000e-04  1.60868493e-07 
 4.74800000e-04  1.60686093e-07 
 4.74900000e-04  1.60563685e-07 
 4.75000000e-04  1.60502967e-07 
 4.75100000e-04  1.71922023e-07 
 4.75200000e-04  1.71651249e-07 
 4.75300000e-04  1.71553271e-07 
 4.75400000e-04  1.71466823e-07 
 4.75500000e-04  1.71433111e-07 
 4.75600000e-04  1.57512410e-07 
 4.75700000e-04  1.57060961e-07 
 4.75800000e-04  1.56849258e-07 
 4.75900000e-04  1.56678664e-07 
 4.76000000e-04  1.56550275e-07 
 4.76100000e-04  1.72694179e-07 
 4.76200000e-04  1.72514538e-07 
 4.76300000e-04  1.72415395e-07 
 4.76400000e-04  1.72321107e-07 
 4.76500000e-04  1.72285762e-07 
 4.76600000e-04  1.59556131e-07 
 4.76700000e-04  1.59186434e-07 
 4.76800000e-04  1.59013730e-07 
 4.76900000e-04  1.58886232e-07 
 4.77000000e-04  1.58805168e-07 
 4.77100000e-04  1.72459151e-07 
 4.77200000e-04  1.72236994e-07 
 4.77300000e-04  1.72145024e-07 
 4.77400000e-04  1.72061769e-07 
 4.77500000e-04  1.72019321e-07 
 4.77600000e-04  1.58038193e-07 
 4.77700000e-04  1.57654746e-07 
 4.77800000e-04  1.57424977e-07 
 4.77900000e-04  1.57257913e-07 
 4.78000000e-04  1.57155334e-07 
 4.78100000e-04  1.74366063e-07 
 4.78200000e-04  1.73943371e-07 
 4.78300000e-04  1.73792288e-07 
 4.78400000e-04  1.73659629e-07 
 4.78500000e-04  1.73606650e-07 
 4.78600000e-04  1.63461407e-07 
 4.78700000e-04  1.63102291e-07 
 4.78800000e-04  1.62923961e-07 
 4.78900000e-04  1.62809464e-07 
 4.79000000e-04  1.62760617e-07 
 4.79100000e-04  1.72045068e-07 
 4.79200000e-04  1.71745130e-07 
 4.79300000e-04  1.71630662e-07 
 4.79400000e-04  1.71528280e-07 
 4.79500000e-04  1.71468781e-07 
 4.79600000e-04  1.57575534e-07 
 4.79700000e-04  1.57092285e-07 
 4.79800000e-04  1.56855699e-07 
 4.79900000e-04  1.56680299e-07 
 4.80000000e-04  1.56567811e-07 
 4.80100000e-04  1.72725464e-07 
 4.80200000e-04  1.72512671e-07 
 4.80300000e-04  1.72420961e-07 
 4.80400000e-04  1.72338290e-07 
 4.80500000e-04  1.72281532e-07 
 4.80600000e-04  1.59566176e-07 
 4.80700000e-04  1.59203040e-07 
 4.80800000e-04  1.59020334e-07 
 4.80900000e-04  1.58890623e-07 
 4.81000000e-04  1.58815379e-07 
 4.81100000e-04  1.72464911e-07 
 4.81200000e-04  1.72224615e-07 
 4.81300000e-04  1.72144035e-07 
 4.81400000e-04  1.72074814e-07 
 4.81500000e-04  1.72016927e-07 
 4.81600000e-04  1.58045163e-07 
 4.81700000e-04  1.57657710e-07 
 4.81800000e-04  1.57430777e-07 
 4.81900000e-04  1.57263880e-07 
 4.82000000e-04  1.57158713e-07 
 4.82100000e-04  1.73846929e-07 
 4.82200000e-04  1.73531473e-07 
 4.82300000e-04  1.73404436e-07 
 4.82400000e-04  1.73290506e-07 
 4.82500000e-04  1.73246131e-07 
 4.82600000e-04  1.61809851e-07 
 4.82700000e-04  1.61453189e-07 
 4.82800000e-04  1.61273993e-07 
 4.82900000e-04  1.61153529e-07 
 4.83000000e-04  1.61093446e-07 
 4.83100000e-04  1.72556504e-07 
 4.83200000e-04  1.72262542e-07 
 4.83300000e-04  1.72163844e-07 
 4.83400000e-04  1.72078696e-07 
 4.83500000e-04  1.72035586e-07 
 4.83600000e-04  1.58099988e-07 
 4.83700000e-04  1.57652643e-07 
 4.83800000e-04  1.57430070e-07 
 4.83900000e-04  1.57265121e-07 
 4.84000000e-04  1.57159409e-07 
 4.84100000e-04  1.73321270e-07 
 4.84200000e-04  1.73116263e-07 
 4.84300000e-04  1.73026051e-07 
 4.84400000e-04  1.72944344e-07 
 4.84500000e-04  1.72894814e-07 
 4.84600000e-04  1.60141568e-07 
 4.84700000e-04  1.59784062e-07 
 4.84800000e-04  1.59604370e-07 
 4.84900000e-04  1.59478987e-07 
 4.85000000e-04  1.59409421e-07 
 4.85100000e-04  1.73079980e-07 
 4.85200000e-04  1.72833238e-07 
 4.85300000e-04  1.72748303e-07 
 4.85400000e-04  1.72675483e-07 
 4.85500000e-04  1.72624168e-07 
 4.85600000e-04  1.58642960e-07 
 4.85700000e-04  1.58228876e-07 
 4.85800000e-04  1.58017486e-07 
 4.85900000e-04  1.57857118e-07 
 4.86000000e-04  1.57749174e-07 
 4.86100000e-04  1.76057194e-07 
 4.86200000e-04  1.75430297e-07 
 4.86300000e-04  1.75221158e-07 
 4.86400000e-04  1.75039458e-07 
 4.86500000e-04  1.74969450e-07 
 4.86600000e-04  1.67373995e-07 
 4.86700000e-04  1.67036442e-07 
 4.86800000e-04  1.66868423e-07 
 4.86900000e-04  1.66764405e-07 
 4.87000000e-04  1.66726199e-07 
 4.87100000e-04  1.72353704e-07 
 4.87200000e-04  1.71545150e-07 
 4.87300000e-04  1.71294658e-07 
 4.87400000e-04  1.71082226e-07 
 4.87500000e-04  1.70994089e-07 
 4.87600000e-04  1.57175496e-07 
 4.87700000e-04  1.56584924e-07 
 4.87800000e-04  1.56325718e-07 
 4.87900000e-04  1.56137359e-07 
 4.88000000e-04  1.56021880e-07 
 4.88100000e-04  1.72150756e-07 
 4.88200000e-04  1.71924026e-07 
 4.88300000e-04  1.71831154e-07 
 4.88400000e-04  1.71748750e-07 
 4.88500000e-04  1.71700157e-07 
 4.88600000e-04  1.58976401e-07 
 4.88700000e-04  1.58624898e-07 
 4.88800000e-04  1.58437976e-07 
 4.88900000e-04  1.58310176e-07 
 4.89000000e-04  1.58243425e-07 
 4.89100000e-04  1.72021221e-07 
 4.89200000e-04  1.71675131e-07 
 4.89300000e-04  1.71543610e-07 
 4.89400000e-04  1.71476727e-07 
 4.89500000e-04  1.71416833e-07 
 4.89600000e-04  1.57489188e-07 
 4.89700000e-04  1.57074934e-07 
 4.89800000e-04  1.56861078e-07 
 4.89900000e-04  1.56696653e-07 
 4.90000000e-04  1.56583045e-07 
 4.90100000e-04  1.73215160e-07 
 4.90200000e-04  1.72904162e-07 
 4.90300000e-04  1.72800157e-07 
 4.90400000e-04  1.72710976e-07 
 4.90500000e-04  1.72653142e-07 
 4.90600000e-04  1.61237453e-07 
 4.90700000e-04  1.60868955e-07 
 4.90800000e-04  1.60681526e-07 
 4.90900000e-04  1.60558219e-07 
 4.91000000e-04  1.60500903e-07 
 4.91100000e-04  1.71924602e-07 
 4.91200000e-04  1.71650803e-07 
 4.91300000e-04  1.71553472e-07 
 4.91400000e-04  1.71467809e-07 
 4.91500000e-04  1.71430381e-07 
 4.91600000e-04  1.57520790e-07 
 4.91700000e-04  1.57086904e-07 
 4.91800000e-04  1.56850320e-07 
 4.91900000e-04  1.56676983e-07 
 4.92000000e-04  1.56568756e-07 
 4.92100000e-04  1.72692093e-07 
 4.92200000e-04  1.72496889e-07 
 4.92300000e-04  1.72405104e-07 
 4.92400000e-04  1.72320648e-07 
 4.92500000e-04  1.72269442e-07 
 4.92600000e-04  1.59558179e-07 
 4.92700000e-04  1.59202950e-07 
 4.92800000e-04  1.59019978e-07 
 4.92900000e-04  1.58886715e-07 
 4.93000000e-04  1.58804617e-07 
 4.93100000e-04  1.72462398e-07 
 4.93200000e-04  1.72238674e-07 
 4.93300000e-04  1.72139410e-07 
 4.93400000e-04  1.72048236e-07 
 4.93500000e-04  1.72010452e-07 
 4.93600000e-04  1.58053944e-07 
 4.93700000e-04  1.57654808e-07 
 4.93800000e-04  1.57435853e-07 
 4.93900000e-04  1.57267019e-07 
 4.94000000e-04  1.57149920e-07 
 4.94100000e-04  1.74799428e-07 
 4.94200000e-04  1.74151241e-07 
 4.94300000e-04  1.73950574e-07 
 4.94400000e-04  1.73880561e-07 
 4.94500000e-04  1.73833282e-07 
 4.94600000e-04  1.63750720e-07 
 4.94700000e-04  1.63425957e-07 
 4.94800000e-04  1.63225134e-07 
 4.94900000e-04  1.63073959e-07 
 4.95000000e-04  1.62973926e-07 
 4.95100000e-04  1.72057593e-07 
 4.95200000e-04  1.71730113e-07 
 4.95300000e-04  1.71616951e-07 
 4.95400000e-04  1.71518421e-07 
 4.95500000e-04  1.71469667e-07 
 4.95600000e-04  1.57584423e-07 
 4.95700000e-04  1.57105284e-07 
 4.95800000e-04  1.56862988e-07 
 4.95900000e-04  1.56688384e-07 
 4.96000000e-04  1.56583496e-07 
 4.96100000e-04  1.74649492e-07 
 4.96200000e-04  1.74103522e-07 
 4.96300000e-04  1.73921606e-07 
 4.96400000e-04  1.73828973e-07 
 4.96500000e-04  1.73765189e-07 
 4.96600000e-04  1.60576369e-07 
 4.96700000e-04  1.60051933e-07 
 4.96800000e-04  1.59825222e-07 
 4.96900000e-04  1.59656840e-07 
 4.97000000e-04  1.59547998e-07 
 4.97100000e-04  1.03759408e-04 
 4.97200000e-04  1.03758980e-04 
 4.97300000e-04  1.03758852e-04 
 4.97400000e-04  1.03758745e-04 
 4.97500000e-04  1.03758688e-04 
 4.97600000e-04  1.03744725e-04 
 4.97700000e-04  1.03744311e-04 
 4.97800000e-04  1.03744082e-04 
 4.97900000e-04  1.03743915e-04 
 4.98000000e-04  1.03743811e-04 
 4.98100000e-04  1.75025323e-07 
 4.98200000e-04  1.74648803e-07 
 4.98300000e-04  1.74524101e-07 
 4.98400000e-04  1.74417922e-07 
 4.98500000e-04  1.74358033e-07 
 4.98600000e-04  1.62917436e-07 
 4.98700000e-04  1.62550828e-07 
 4.98800000e-04  1.62368229e-07 
 4.98900000e-04  1.62249516e-07 
 4.99000000e-04  1.62196715e-07 
 4.99100000e-04  1.73704665e-07 
 4.99200000e-04  1.73417037e-07 
 4.99300000e-04  1.73318852e-07 
 4.99400000e-04  1.73233934e-07 
 4.99500000e-04  1.73192831e-07 
 4.99600000e-04  1.59183547e-07 
 4.99700000e-04  1.58754802e-07 
 4.99800000e-04  1.58525556e-07 
 4.99900000e-04  1.58354603e-07 
 5.00000000e-04  1.58243791e-07 
 5.00100000e-04  1.74478904e-07 
 5.00200000e-04  1.74254649e-07 
 5.00300000e-04  1.74164659e-07 
 5.00400000e-04  1.74085165e-07 
 5.00500000e-04  1.74021642e-07 
 5.00600000e-04  1.61208625e-07 
 5.00700000e-04  1.60887942e-07 
 5.00800000e-04  1.60703852e-07 
 5.00900000e-04  1.60571546e-07 
 5.01000000e-04  1.60492664e-07 
 5.01100000e-04  1.74238775e-07 
 5.01200000e-04  1.73983006e-07 
 5.01300000e-04  1.73888289e-07 
 5.01400000e-04  1.73805137e-07 
 5.01500000e-04  1.73771733e-07 
 5.01600000e-04  1.59713541e-07 
 5.01700000e-04  1.59315729e-07 
 5.01800000e-04  1.59101269e-07 
 5.01900000e-04  1.58945173e-07 
 5.02000000e-04  1.58849291e-07 
 5.02100000e-04  1.76686192e-07 
 5.02200000e-04  1.76135741e-07 
 5.02300000e-04  1.75954716e-07 
 5.02400000e-04  1.75799136e-07 
 5.02500000e-04  1.75731970e-07 
 5.02600000e-04  1.66785132e-07 
 5.02700000e-04  1.66435651e-07 
 5.02800000e-04  1.66279816e-07 
 5.02900000e-04  1.66178720e-07 
 5.03000000e-04  1.66134099e-07 
 5.03100000e-04  1.73497031e-07 
 5.03200000e-04  1.73087125e-07 
 5.03300000e-04  1.72915301e-07 
 5.03400000e-04  1.72759362e-07 
 5.03500000e-04  1.72686501e-07 
 5.03600000e-04  1.58763747e-07 
 5.03700000e-04  1.58234195e-07 
 5.03800000e-04  1.57988783e-07 
 5.03900000e-04  1.57805832e-07 
 5.04000000e-04  1.57687323e-07 
 5.04100000e-04  1.73901357e-07 
 5.04200000e-04  1.73689511e-07 
 5.04300000e-04  1.73583056e-07 
 5.04400000e-04  1.73484357e-07 
 5.04500000e-04  1.73437590e-07 
 5.04600000e-04  1.60638808e-07 
 5.04700000e-04  1.60300723e-07 
 5.04800000e-04  1.60119846e-07 
 5.04900000e-04  1.59994869e-07 
 5.05000000e-04  1.59927565e-07 
 5.05100000e-04  1.73627667e-07 
 5.05200000e-04  1.73386153e-07 
 5.05300000e-04  1.73285186e-07 
 5.05400000e-04  1.73194099e-07 
 5.05500000e-04  1.73156829e-07 
 5.05600000e-04  1.59118987e-07 
 5.05700000e-04  1.58731693e-07 
 5.05800000e-04  1.58520569e-07 
 5.05900000e-04  1.58357667e-07 
 5.06000000e-04  1.58244516e-07 
 5.06100000e-04  1.75001556e-07 
 5.06200000e-04  1.74687626e-07 
 5.06300000e-04  1.74563320e-07 
 5.06400000e-04  1.74452031e-07 
 5.06500000e-04  1.74392660e-07 
 5.06600000e-04  1.62893981e-07 
 5.06700000e-04  1.62529638e-07 
 5.06800000e-04  1.62361405e-07 
 5.06900000e-04  1.62245771e-07 
 5.07000000e-04  1.62184402e-07 
 5.07100000e-04  1.73697952e-07 
 5.07200000e-04  1.73416665e-07 
 5.07300000e-04  1.73316375e-07 
 5.07400000e-04  1.73228375e-07 
 5.07500000e-04  1.73180745e-07 
 5.07600000e-04  1.59185909e-07 
 5.07700000e-04  1.58740332e-07 
 5.07800000e-04  1.58519781e-07 
 5.07900000e-04  1.58357133e-07 
 5.08000000e-04  1.58254224e-07 
 5.08100000e-04  1.74467942e-07 
 5.08200000e-04  1.74246974e-07 
 5.08300000e-04  1.74157206e-07 
 5.08400000e-04  1.74077178e-07 
 5.08500000e-04  1.74032678e-07 
 5.08600000e-04  1.61206736e-07 
 5.08700000e-04  1.60876011e-07 
 5.08800000e-04  1.60687458e-07 
 5.08900000e-04  1.60559805e-07 
 5.09000000e-04  1.60494984e-07 
 5.09100000e-04  1.74228181e-07 
 5.09200000e-04  1.73988780e-07 
 5.09300000e-04  1.73890284e-07 
 5.09400000e-04  1.73801426e-07 
 5.09500000e-04  1.73763704e-07 
 5.09600000e-04  1.59710538e-07 
 5.09700000e-04  1.59318060e-07 
 5.09800000e-04  1.59098474e-07 
 5.09900000e-04  1.58937028e-07 
 5.10000000e-04  1.58835567e-07 
 5.10100000e-04  1.76154847e-07 
 5.10200000e-04  1.75709905e-07 
 5.10300000e-04  1.75563033e-07 
 5.10400000e-04  1.75437566e-07 
 5.10500000e-04  1.75363763e-07 
 5.10600000e-04  1.65122996e-07 
 5.10700000e-04  1.64778300e-07 
 5.10800000e-04  1.64612477e-07 
 5.10900000e-04  1.64504094e-07 
 5.11000000e-04  1.64454971e-07 
 5.11100000e-04  1.73813703e-07 
 5.11200000e-04  1.73498102e-07 
 5.11300000e-04  1.73380478e-07 
 5.11400000e-04  1.73275903e-07 
 5.11500000e-04  1.73225181e-07 
 5.11600000e-04  1.59250226e-07 
 5.11700000e-04  1.58775608e-07 
 5.11800000e-04  1.58542264e-07 
 5.11900000e-04  1.58366086e-07 
 5.12000000e-04  1.58248889e-07 
 5.12100000e-04  1.74483750e-07 
 5.12200000e-04  1.74270734e-07 
 5.12300000e-04  1.74169734e-07 
 5.12400000e-04  1.74076765e-07 
 5.12500000e-04  1.74036433e-07 
 5.12600000e-04  1.61206119e-07 
 5.12700000e-04  1.60864395e-07 
 5.12800000e-04  1.60688236e-07 
 5.12900000e-04  1.60565846e-07 
 5.13000000e-04  1.60498930e-07 
 5.13100000e-04  1.74237781e-07 
 5.13200000e-04  1.73993981e-07 
 5.13300000e-04  1.73896920e-07 
 5.13400000e-04  1.73810219e-07 
 5.13500000e-04  1.73772652e-07 
 5.13600000e-04  1.59695605e-07 
 5.13700000e-04  1.59310637e-07 
 5.13800000e-04  1.59101376e-07 
 5.13900000e-04  1.58940961e-07 
 5.14000000e-04  1.58830942e-07 
 5.14100000e-04  1.75619542e-07 
 5.14200000e-04  1.75291079e-07 
 5.14300000e-04  1.75168102e-07 
 5.14400000e-04  1.75059921e-07 
 5.14500000e-04  1.74998909e-07 
 5.14600000e-04  1.63463331e-07 
 5.14700000e-04  1.63117534e-07 
 5.14800000e-04  1.62944402e-07 
 5.14900000e-04  1.62824450e-07 
 5.15000000e-04  1.62759364e-07 
 5.15100000e-04  1.74310612e-07 
 5.15200000e-04  1.74042658e-07 
 5.15300000e-04  1.73938697e-07 
 5.15400000e-04  1.73845201e-07 
 5.15500000e-04  1.73809156e-07 
 5.15600000e-04  1.59762774e-07 
 5.15700000e-04  1.59327115e-07 
 5.15800000e-04  1.59110948e-07 
 5.15900000e-04  1.58944184e-07 
 5.16000000e-04  1.58828391e-07 
 5.16100000e-04  1.75100731e-07 
 5.16200000e-04  1.74885414e-07 
 5.16300000e-04  1.74785760e-07 
 5.16400000e-04  1.74694636e-07 
 5.16500000e-04  1.74641501e-07 
 5.16600000e-04  1.61800320e-07 
 5.16700000e-04  1.61447542e-07 
 5.16800000e-04  1.61280994e-07 
 5.16900000e-04  1.61157145e-07 
 5.17000000e-04  1.61077348e-07 
 5.17100000e-04  1.74854987e-07 
 5.17200000e-04  1.74597499e-07 
 5.17300000e-04  1.74509014e-07 
 5.17400000e-04  1.74432863e-07 
 5.17500000e-04  1.74392271e-07 
 5.17600000e-04  1.60294060e-07 
 5.17700000e-04  1.59895819e-07 
 5.17800000e-04  1.59688827e-07 
 5.17900000e-04  1.59534616e-07 
 5.18000000e-04  1.59434859e-07 
 5.18100000e-04  1.88930684e-07 
 5.18200000e-04  1.86322999e-07 
 5.18300000e-04  1.85516953e-07 
 5.18400000e-04  1.85265463e-07 
 5.18500000e-04  1.85013973e-07 
 5.18600000e-04  1.75732638e-07 
 5.18700000e-04  1.74597200e-07 
 5.18800000e-04  1.74270412e-07 
 5.18900000e-04  1.74062879e-07 
 5.19000000e-04  1.73976749e-07 
 5.19100000e-04  1.71284935e-07 
 5.19200000e-04  1.70507722e-07 
 5.19300000e-04  1.70299550e-07 
 5.19400000e-04  1.70127955e-07 
 5.19500000e-04  1.70068566e-07 
 5.19600000e-04  1.57648122e-07 
 5.19700000e-04  1.56967533e-07 
 5.19800000e-04  1.56706709e-07 
 5.19900000e-04 -0.00000000e+00 
 5.20000000e-04  1.56574262e-07 
