 time            -i(vdd)        
 2.60000000e-04 -1.26577369e-04 
 2.60100000e-04  1.83731591e-07 
 2.60200000e-04  1.75017597e-07 
 2.60300000e-04  1.72693684e-07 
 2.60400000e-04  1.70735270e-07 
 2.60500000e-04  1.70077199e-07 
 2.60600000e-04  1.76684406e-07 
 2.60700000e-04  1.75910790e-07 
 2.60800000e-04  1.75485128e-07 
 2.60900000e-04  1.75139051e-07 
 2.61000000e-04  1.74874288e-07 
 2.61100000e-04  1.56452002e-07 
 2.61200000e-04  1.54083586e-07 
 2.61300000e-04  1.53485622e-07 
 2.61400000e-04  1.53004845e-07 
 2.61500000e-04  1.52784193e-07 
 2.61600000e-04  1.38889183e-07 
 2.61700000e-04  1.37642043e-07 
 2.61800000e-04  1.37196067e-07 
 2.61900000e-04  1.36878001e-07 
 2.62000000e-04  1.36691902e-07 
 2.62100000e-04  1.61881593e-07 
 2.62200000e-04  1.60615107e-07 
 2.62300000e-04  1.60332790e-07 
 2.62400000e-04  1.60128562e-07 
 2.62500000e-04  1.60056285e-07 
 2.62600000e-04  1.48509788e-07 
 2.62700000e-04  1.47916943e-07 
 2.62800000e-04  1.47635277e-07 
 2.62900000e-04  1.47422475e-07 
 2.63000000e-04  1.47280009e-07 
 2.63100000e-04  1.99993530e-07 
 2.63200000e-04  1.94212029e-07 
 2.63300000e-04  1.92920153e-07 
 2.63400000e-04  1.91923463e-07 
 2.63500000e-04  1.91648601e-07 
 2.63600000e-04  1.78199112e-07 
 2.63700000e-04  1.77560446e-07 
 2.63800000e-04  1.77239281e-07 
 2.63900000e-04  1.76994480e-07 
 2.64000000e-04  1.76828465e-07 
 2.64100000e-04  1.72668667e-07 
 2.64200000e-04  1.68078856e-07 
 2.64300000e-04  1.67030385e-07 
 2.64400000e-04  1.66212826e-07 
 2.64500000e-04  1.65973169e-07 
 2.64600000e-04  1.53759267e-07 
 2.64700000e-04  1.53141219e-07 
 2.64800000e-04  1.52830643e-07 
 2.64900000e-04  1.52597124e-07 
 2.65000000e-04  1.52443105e-07 
 2.65100000e-04  1.66019250e-07 
 2.65200000e-04  1.65519983e-07 
 2.65300000e-04  1.65363549e-07 
 2.65400000e-04  1.65230138e-07 
 2.65500000e-04  1.65174311e-07 
 2.65600000e-04  1.51589030e-07 
 2.65700000e-04  1.51153970e-07 
 2.65800000e-04  1.50918665e-07 
 2.65900000e-04  1.50742822e-07 
 2.66000000e-04  1.50628322e-07 
 2.66100000e-04  1.66980723e-07 
 2.66200000e-04  1.66730518e-07 
 2.66300000e-04  1.66635857e-07 
 2.66400000e-04  1.66550736e-07 
 2.66500000e-04  1.66500416e-07 
 2.66600000e-04  1.55447983e-07 
 2.66700000e-04  1.55021405e-07 
 2.66800000e-04  1.54820630e-07 
 2.66900000e-04  1.54673902e-07 
 2.67000000e-04  1.54582930e-07 
 2.67100000e-04  1.66082241e-07 
 2.67200000e-04  1.65566190e-07 
 2.67300000e-04  1.65412198e-07 
 2.67400000e-04  1.65280811e-07 
 2.67500000e-04  1.65223768e-07 
 2.67600000e-04  1.51669539e-07 
 2.67700000e-04  1.51176556e-07 
 2.67800000e-04  1.50914861e-07 
 2.67900000e-04  1.50718637e-07 
 2.68000000e-04  1.50589955e-07 
 2.68100000e-04  1.66395123e-07 
 2.68200000e-04  1.66206387e-07 
 2.68300000e-04  1.66130030e-07 
 2.68400000e-04  1.66062030e-07 
 2.68500000e-04  1.66036177e-07 
 2.68600000e-04  1.53639636e-07 
 2.68700000e-04  1.53251118e-07 
 2.68800000e-04  1.53047376e-07 
 2.68900000e-04  1.52897763e-07 
 2.69000000e-04  1.52803988e-07 
 2.69100000e-04  1.66134473e-07 
 2.69200000e-04  1.65910954e-07 
 2.69300000e-04  1.65835899e-07 
 2.69400000e-04  1.65771747e-07 
 2.69500000e-04  1.65750866e-07 
 2.69600000e-04  1.52110245e-07 
 2.69700000e-04  1.51662088e-07 
 2.69800000e-04  1.51423287e-07 
 2.69900000e-04  1.51245773e-07 
 2.70000000e-04  1.51131486e-07 
 2.70100000e-04  1.68004481e-07 
 2.70200000e-04  1.67616808e-07 
 2.70300000e-04  1.67493812e-07 
 2.70400000e-04  1.67388828e-07 
 2.70500000e-04  1.67317521e-07 
 2.70600000e-04  1.57522778e-07 
 2.70700000e-04  1.57119264e-07 
 2.70800000e-04  1.56921021e-07 
 2.70900000e-04  1.56793146e-07 
 2.71000000e-04  1.56737862e-07 
 2.71100000e-04  1.66103100e-07 
 2.71200000e-04  1.65547181e-07 
 2.71300000e-04  1.65378877e-07 
 2.71400000e-04  1.65234675e-07 
 2.71500000e-04  1.65196604e-07 
 2.71600000e-04  1.51640714e-07 
 2.71700000e-04  1.51103905e-07 
 2.71800000e-04  1.50845847e-07 
 2.71900000e-04  1.50646095e-07 
 2.72000000e-04  1.50506487e-07 
 2.72100000e-04  1.66319698e-07 
 2.72200000e-04  1.66152729e-07 
 2.72300000e-04  1.66076807e-07 
 2.72400000e-04  1.66007155e-07 
 2.72500000e-04  1.65960257e-07 
 2.72600000e-04  1.53582585e-07 
 2.72700000e-04  1.53197090e-07 
 2.72800000e-04  1.52985703e-07 
 2.72900000e-04  1.52830145e-07 
 2.73000000e-04  1.52732177e-07 
 2.73100000e-04  1.66058121e-07 
 2.73200000e-04  1.65854897e-07 
 2.73300000e-04  1.65780527e-07 
 2.73400000e-04  1.65715058e-07 
 2.73500000e-04  1.65688236e-07 
 2.73600000e-04  1.52071895e-07 
 2.73700000e-04  1.51612314e-07 
 2.73800000e-04  1.51367716e-07 
 2.73900000e-04  1.51182955e-07 
 2.74000000e-04  1.51059918e-07 
 2.74100000e-04  1.67435728e-07 
 2.74200000e-04  1.67155648e-07 
 2.74300000e-04  1.67058940e-07 
 2.74400000e-04  1.66974707e-07 
 2.74500000e-04  1.66921331e-07 
 2.74600000e-04  1.55812138e-07 
 2.74700000e-04  1.55434136e-07 
 2.74800000e-04  1.55216544e-07 
 2.74900000e-04  1.55070096e-07 
 2.75000000e-04  1.54997036e-07 
 2.75100000e-04  1.66139318e-07 
 2.75200000e-04  1.65903704e-07 
 2.75300000e-04  1.65819249e-07 
 2.75400000e-04  1.65744577e-07 
 2.75500000e-04  1.65710846e-07 
 2.75600000e-04  1.52106055e-07 
 2.75700000e-04  1.51637095e-07 
 2.75800000e-04  1.51382279e-07 
 2.75900000e-04  1.51191062e-07 
 2.76000000e-04  1.51065450e-07 
 2.76100000e-04  1.66899611e-07 
 2.76200000e-04  1.66719756e-07 
 2.76300000e-04  1.66649854e-07 
 2.76400000e-04  1.66587876e-07 
 2.76500000e-04  1.66555846e-07 
 2.76600000e-04  1.54135001e-07 
 2.76700000e-04  1.53759651e-07 
 2.76800000e-04  1.53552465e-07 
 2.76900000e-04  1.53405552e-07 
 2.77000000e-04  1.53320810e-07 
 2.77100000e-04  1.66671041e-07 
 2.77200000e-04  1.66448753e-07 
 2.77300000e-04  1.66378908e-07 
 2.77400000e-04  1.66320558e-07 
 2.77500000e-04  1.66289640e-07 
 2.77600000e-04  1.52639793e-07 
 2.77700000e-04  1.52190987e-07 
 2.77800000e-04  1.51961656e-07 
 2.77900000e-04  1.51781677e-07 
 2.78000000e-04  1.51652605e-07 
 2.78100000e-04  1.69096050e-07 
 2.78200000e-04  1.68604521e-07 
 2.78300000e-04  1.68449395e-07 
 2.78400000e-04  1.68316238e-07 
 2.78500000e-04  1.68251331e-07 
 2.78600000e-04  1.59725400e-07 
 2.78700000e-04  1.59315720e-07 
 2.78800000e-04  1.59124433e-07 
 2.78900000e-04  1.58998548e-07 
 2.79000000e-04  1.58940125e-07 
 2.79100000e-04  1.66277389e-07 
 2.79200000e-04  1.65621460e-07 
 2.79300000e-04  1.65433756e-07 
 2.79400000e-04  1.65276275e-07 
 2.79500000e-04  1.65197138e-07 
 2.79600000e-04  1.51667914e-07 
 2.79700000e-04  1.51111163e-07 
 2.79800000e-04  1.50840849e-07 
 2.79900000e-04  1.50632302e-07 
 2.80000000e-04  1.50487464e-07 
 2.80100000e-04  1.66315405e-07 
 2.80200000e-04  1.66134702e-07 
 2.80300000e-04  1.66057804e-07 
 2.80400000e-04  1.65988336e-07 
 2.80500000e-04  1.65949143e-07 
 2.80600000e-04  1.53558320e-07 
 2.80700000e-04  1.53147340e-07 
 2.80800000e-04  1.52953627e-07 
 2.80900000e-04  1.52813060e-07 
 2.81000000e-04  1.52727306e-07 
 2.81100000e-04  1.66043526e-07 
 2.81200000e-04  1.65839894e-07 
 2.81300000e-04  1.65768677e-07 
 2.81400000e-04  1.65706463e-07 
 2.81500000e-04  1.65680736e-07 
 2.81600000e-04  1.52027968e-07 
 2.81700000e-04  1.51581960e-07 
 2.81800000e-04  1.51348212e-07 
 2.81900000e-04  1.51168238e-07 
 2.82000000e-04  1.51043723e-07 
 2.82100000e-04  1.67416823e-07 
 2.82200000e-04  1.67140543e-07 
 2.82300000e-04  1.67037387e-07 
 2.82400000e-04  1.66945748e-07 
 2.82500000e-04  1.66894402e-07 
 2.82600000e-04  1.55803956e-07 
 2.82700000e-04  1.55395748e-07 
 2.82800000e-04  1.55200895e-07 
 2.82900000e-04  1.55060500e-07 
 2.83000000e-04  1.54976270e-07 
 2.83100000e-04  1.66121304e-07 
 2.83200000e-04  1.65881603e-07 
 2.83300000e-04  1.65792770e-07 
 2.83400000e-04  1.65713964e-07 
 2.83500000e-04  1.65684811e-07 
 2.83600000e-04  1.52076655e-07 
 2.83700000e-04  1.51597336e-07 
 2.83800000e-04  1.51348952e-07 
 2.83900000e-04  1.51161696e-07 
 2.84000000e-04  1.51037485e-07 
 2.84100000e-04  1.66881232e-07 
 2.84200000e-04  1.66715430e-07 
 2.84300000e-04  1.66636962e-07 
 2.84400000e-04  1.66564230e-07 
 2.84500000e-04  1.66535324e-07 
 2.84600000e-04  1.54115055e-07 
 2.84700000e-04  1.53741919e-07 
 2.84800000e-04  1.53535818e-07 
 2.84900000e-04  1.53383963e-07 
 2.85000000e-04  1.53288056e-07 
 2.85100000e-04  1.66638307e-07 
 2.85200000e-04  1.66431800e-07 
 2.85300000e-04  1.66362308e-07 
 2.85400000e-04  1.66302220e-07 
 2.85500000e-04  1.66283023e-07 
 2.85600000e-04  1.52613301e-07 
 2.85700000e-04  1.52175224e-07 
 2.85800000e-04  1.51939354e-07 
 2.85900000e-04  1.51762179e-07 
 2.86000000e-04  1.51645537e-07 
 2.86100000e-04  1.68554181e-07 
 2.86200000e-04  1.68165902e-07 
 2.86300000e-04  1.68034129e-07 
 2.86400000e-04  1.67919306e-07 
 2.86500000e-04  1.67866598e-07 
 2.86600000e-04  1.58035078e-07 
 2.86700000e-04  1.57645117e-07 
 2.86800000e-04  1.57451353e-07 
 2.86900000e-04  1.57322941e-07 
 2.87000000e-04  1.57261928e-07 
 2.87100000e-04  1.66225520e-07 
 2.87200000e-04  1.65940866e-07 
 2.87300000e-04  1.65850269e-07 
 2.87400000e-04  1.65772676e-07 
 2.87500000e-04  1.65733372e-07 
 2.87600000e-04  1.52161601e-07 
 2.87700000e-04  1.51628586e-07 
 2.87800000e-04  1.51382509e-07 
 2.87900000e-04  1.51187193e-07 
 2.88000000e-04  1.51044226e-07 
 2.88100000e-04  1.66896822e-07 
 2.88200000e-04  1.66726450e-07 
 2.88300000e-04  1.66655484e-07 
 2.88400000e-04  1.66591440e-07 
 2.88500000e-04  1.66542937e-07 
 2.88600000e-04  1.54135821e-07 
 2.88700000e-04  1.53737435e-07 
 2.88800000e-04  1.53525079e-07 
 2.88900000e-04  1.53376050e-07 
 2.89000000e-04  1.53292330e-07 
 2.89100000e-04  1.66649445e-07 
 2.89200000e-04  1.66445422e-07 
 2.89300000e-04  1.66373698e-07 
 2.89400000e-04  1.66311039e-07 
 2.89500000e-04  1.66283906e-07 
 2.89600000e-04  1.52615344e-07 
 2.89700000e-04  1.52175904e-07 
 2.89800000e-04  1.51938687e-07 
 2.89900000e-04  1.51759530e-07 
 2.90000000e-04  1.51640247e-07 
 2.90100000e-04  1.68025988e-07 
 2.90200000e-04  1.67737767e-07 
 2.90300000e-04  1.67642110e-07 
 2.90400000e-04  1.67559619e-07 
 2.90500000e-04  1.67518519e-07 
 2.90600000e-04  1.56382025e-07 
 2.90700000e-04  1.55977165e-07 
 2.90800000e-04  1.55777266e-07 
 2.90900000e-04  1.55643235e-07 
 2.91000000e-04  1.55577133e-07 
 2.91100000e-04  1.66728292e-07 
 2.91200000e-04  1.66492825e-07 
 2.91300000e-04  1.66412679e-07 
 2.91400000e-04  1.66342481e-07 
 2.91500000e-04  1.66297596e-07 
 2.91600000e-04  1.52679573e-07 
 2.91700000e-04  1.52181714e-07 
 2.91800000e-04  1.51937933e-07 
 2.91900000e-04  1.51751942e-07 
 2.92000000e-04  1.51625546e-07 
 2.92100000e-04  1.67497265e-07 
 2.92200000e-04  1.67318027e-07 
 2.92300000e-04  1.67240912e-07 
 2.92400000e-04  1.67171159e-07 
 2.92500000e-04  1.67143371e-07 
 2.92600000e-04  1.54715434e-07 
 2.92700000e-04  1.54321335e-07 
 2.92800000e-04  1.54113857e-07 
 2.92900000e-04  1.53969355e-07 
 2.93000000e-04  1.53889795e-07 
 2.93100000e-04  1.67258567e-07 
 2.93200000e-04  1.67063618e-07 
 2.93300000e-04  1.66986102e-07 
 2.93400000e-04  1.66916242e-07 
 2.93500000e-04  1.66887045e-07 
 2.93600000e-04  1.53205281e-07 
 2.93700000e-04  1.52758443e-07 
 2.93800000e-04  1.52524084e-07 
 2.93900000e-04  1.52349442e-07 
 2.94000000e-04  1.52236382e-07 
 2.94100000e-04  1.70231356e-07 
 2.94200000e-04  1.69634622e-07 
 2.94300000e-04  1.69450478e-07 
 2.94400000e-04  1.69293023e-07 
 2.94500000e-04  1.69216521e-07 
 2.94600000e-04  1.61943289e-07 
 2.94700000e-04  1.61565450e-07 
 2.94800000e-04  1.61378030e-07 
 2.94900000e-04  1.61259225e-07 
 2.95000000e-04  1.61211180e-07 
 2.95100000e-04  1.66594245e-07 
 2.95200000e-04  1.65712528e-07 
 2.95300000e-04  1.65484870e-07 
 2.95400000e-04  1.65300634e-07 
 2.95500000e-04  1.65213033e-07 
 2.95600000e-04  1.51711300e-07 
 2.95700000e-04  1.51114710e-07 
 2.95800000e-04  1.50820004e-07 
 2.95900000e-04  1.50607410e-07 
 2.96000000e-04  1.50479499e-07 
 2.96100000e-04  1.66308438e-07 
 2.96200000e-04  1.66130055e-07 
 2.96300000e-04  1.66056553e-07 
 2.96400000e-04  1.65990357e-07 
 2.96500000e-04  1.65954821e-07 
 2.96600000e-04  1.53545561e-07 
 2.96700000e-04  1.53151256e-07 
 2.96800000e-04  1.52955540e-07 
 2.96900000e-04  1.52810040e-07 
 2.97000000e-04  1.52716314e-07 
 2.97100000e-04  1.66030082e-07 
 2.97200000e-04  1.65834223e-07 
 2.97300000e-04  1.65760006e-07 
 2.97400000e-04  1.65693884e-07 
 2.97500000e-04  1.65668750e-07 
 2.97600000e-04  1.52024625e-07 
 2.97700000e-04  1.51582079e-07 
 2.97800000e-04  1.51346410e-07 
 2.97900000e-04  1.51164095e-07 
 2.98000000e-04  1.51036794e-07 
 2.98100000e-04  1.67410094e-07 
 2.98200000e-04  1.67124948e-07 
 2.98300000e-04  1.67026970e-07 
 2.98400000e-04  1.66941972e-07 
 2.98500000e-04  1.66904166e-07 
 2.98600000e-04  1.55795489e-07 
 2.98700000e-04  1.55388160e-07 
 2.98800000e-04  1.55181563e-07 
 2.98900000e-04  1.55045282e-07 
 2.99000000e-04  1.54981512e-07 
 2.99100000e-04  1.66113693e-07 
 2.99200000e-04  1.65860991e-07 
 2.99300000e-04  1.65780764e-07 
 2.99400000e-04  1.65712706e-07 
 2.99500000e-04  1.65677548e-07 
 2.99600000e-04  1.52072965e-07 
 2.99700000e-04  1.51605283e-07 
 2.99800000e-04  1.51358329e-07 
 2.99900000e-04  1.51168873e-07 
 3.00000000e-04  1.51038700e-07 
 3.00100000e-04  1.66873901e-07 
 3.00200000e-04  1.66705236e-07 
 3.00300000e-04  1.66635220e-07 
 3.00400000e-04  1.66571995e-07 
 3.00500000e-04  1.66527787e-07 
 3.00600000e-04  1.54108190e-07 
 3.00700000e-04  1.53725587e-07 
 3.00800000e-04  1.53521815e-07 
 3.00900000e-04  1.53375517e-07 
 3.01000000e-04  1.53288482e-07 
 3.01100000e-04  1.66637162e-07 
 3.01200000e-04  1.66425447e-07 
 3.01300000e-04  1.66357493e-07 
 3.01400000e-04  1.66299791e-07 
 3.01500000e-04  1.66276118e-07 
 3.01600000e-04  1.52612162e-07 
 3.01700000e-04  1.52174785e-07 
 3.01800000e-04  1.51932775e-07 
 3.01900000e-04  1.51752338e-07 
 3.02000000e-04  1.51635389e-07 
 3.02100000e-04  1.68539732e-07 
 3.02200000e-04  1.68160419e-07 
 3.02300000e-04  1.68033069e-07 
 3.02400000e-04  1.67922395e-07 
 3.02500000e-04  1.67859664e-07 
 3.02600000e-04  1.58039837e-07 
 3.02700000e-04  1.57637634e-07 
 3.02800000e-04  1.57447203e-07 
 3.02900000e-04  1.57313786e-07 
 3.03000000e-04  1.57239148e-07 
 3.03100000e-04  1.66216539e-07 
 3.03200000e-04  1.65929330e-07 
 3.03300000e-04  1.65837777e-07 
 3.03400000e-04  1.65759230e-07 
 3.03500000e-04  1.65714943e-07 
 3.03600000e-04  1.52145143e-07 
 3.03700000e-04  1.51618527e-07 
 3.03800000e-04  1.51366010e-07 
 3.03900000e-04  1.51173047e-07 
 3.04000000e-04  1.51041483e-07 
 3.04100000e-04  1.66887705e-07 
 3.04200000e-04  1.66713854e-07 
 3.04300000e-04  1.66642585e-07 
 3.04400000e-04  1.66578754e-07 
 3.04500000e-04  1.66537541e-07 
 3.04600000e-04  1.54108987e-07 
 3.04700000e-04  1.53722031e-07 
 3.04800000e-04  1.53520883e-07 
 3.04900000e-04  1.53377275e-07 
 3.05000000e-04  1.53292991e-07 
 3.05100000e-04  1.66648704e-07 
 3.05200000e-04  1.66437476e-07 
 3.05300000e-04  1.66363466e-07 
 3.05400000e-04  1.66299321e-07 
 3.05500000e-04  1.66269354e-07 
 3.05600000e-04  1.52619300e-07 
 3.05700000e-04  1.52165243e-07 
 3.05800000e-04  1.51931499e-07 
 3.05900000e-04  1.51751178e-07 
 3.06000000e-04  1.51625931e-07 
 3.06100000e-04  1.68028283e-07 
 3.06200000e-04  1.67749298e-07 
 3.06300000e-04  1.67644026e-07 
 3.06400000e-04  1.67550671e-07 
 3.06500000e-04  1.67507367e-07 
 3.06600000e-04  1.56368046e-07 
 3.06700000e-04  1.55969952e-07 
 3.06800000e-04  1.55770808e-07 
 3.06900000e-04  1.55634021e-07 
 3.07000000e-04  1.55561526e-07 
 3.07100000e-04  1.66721498e-07 
 3.07200000e-04  1.66478175e-07 
 3.07300000e-04  1.66400979e-07 
 3.07400000e-04  1.66334632e-07 
 3.07500000e-04  1.66305483e-07 
 3.07600000e-04  1.52661340e-07 
 3.07700000e-04  1.52175665e-07 
 3.07800000e-04  1.51926414e-07 
 3.07900000e-04  1.51743469e-07 
 3.08000000e-04  1.51628887e-07 
 3.08100000e-04  1.67510654e-07 
 3.08200000e-04  1.67315430e-07 
 3.08300000e-04  1.67241795e-07 
 3.08400000e-04  1.67177504e-07 
 3.08500000e-04  1.67150566e-07 
 3.08600000e-04  1.54705282e-07 
 3.08700000e-04  1.54299871e-07 
 3.08800000e-04  1.54099752e-07 
 3.08900000e-04  1.53962737e-07 
 3.09000000e-04  1.53890781e-07 
 3.09100000e-04  1.67252008e-07 
 3.09200000e-04  1.67043352e-07 
 3.09300000e-04  1.66970038e-07 
 3.09400000e-04  1.66906123e-07 
 3.09500000e-04  1.66880026e-07 
 3.09600000e-04  1.53174747e-07 
 3.09700000e-04  1.52768464e-07 
 3.09800000e-04  1.52524504e-07 
 3.09900000e-04  1.52343036e-07 
 3.10000000e-04  1.52225951e-07 
 3.10100000e-04  1.72419717e-07 
 3.10200000e-04  1.71167966e-07 
 3.10300000e-04  1.70794286e-07 
 3.10400000e-04  1.70641804e-07 
 3.10500000e-04  1.70560798e-07 
 3.10600000e-04  1.61546154e-07 
 3.10700000e-04  1.61011464e-07 
 3.10800000e-04  1.60751374e-07 
 3.10900000e-04  1.60566329e-07 
 3.11000000e-04  1.60457889e-07 
 3.11100000e-04  1.03753413e-04 
 3.11200000e-04  1.03752855e-04 
 3.11300000e-04  1.03752670e-04 
 3.11400000e-04  1.03752509e-04 
 3.11500000e-04  1.03752449e-04 
 3.11600000e-04  1.03738893e-04 
 3.11700000e-04  1.03738316e-04 
 3.11800000e-04  1.03738040e-04 
 3.11900000e-04  1.03737834e-04 
 3.12000000e-04  1.03737700e-04 
 3.12100000e-04  1.68079310e-07 
 3.12200000e-04  1.67865968e-07 
 3.12300000e-04  1.67783845e-07 
 3.12400000e-04  1.67710698e-07 
 3.12500000e-04  1.67651071e-07 
 3.12600000e-04  1.55221451e-07 
 3.12700000e-04  1.54815362e-07 
 3.12800000e-04  1.54624801e-07 
 3.12900000e-04  1.54485810e-07 
 3.13000000e-04  1.54399975e-07 
 3.13100000e-04  1.67815301e-07 
 3.13200000e-04  1.67585169e-07 
 3.13300000e-04  1.67510197e-07 
 3.13400000e-04  1.67446926e-07 
 3.13500000e-04  1.67423253e-07 
 3.13600000e-04  1.53692134e-07 
 3.13700000e-04  1.53272341e-07 
 3.13800000e-04  1.53026574e-07 
 3.13900000e-04  1.52850011e-07 
 3.14000000e-04  1.52744798e-07 
 3.14100000e-04  1.69191790e-07 
 3.14200000e-04  1.68887888e-07 
 3.14300000e-04  1.68786312e-07 
 3.14400000e-04  1.68699289e-07 
 3.14500000e-04  1.68636958e-07 
 3.14600000e-04  1.57442992e-07 
 3.14700000e-04  1.57075744e-07 
 3.14800000e-04  1.56871124e-07 
 3.14900000e-04  1.56734816e-07 
 3.15000000e-04  1.56668939e-07 
 3.15100000e-04  1.67892537e-07 
 3.15200000e-04  1.67634812e-07 
 3.15300000e-04  1.67549060e-07 
 3.15400000e-04  1.67475100e-07 
 3.15500000e-04  1.67430066e-07 
 3.15600000e-04  1.53745418e-07 
 3.15700000e-04  1.53261831e-07 
 3.15800000e-04  1.53015892e-07 
 3.15900000e-04  1.52833611e-07 
 3.16000000e-04  1.52716957e-07 
 3.16100000e-04  1.68640760e-07 
 3.16200000e-04  1.68477364e-07 
 3.16300000e-04  1.68391907e-07 
 3.16400000e-04  1.68311367e-07 
 3.16500000e-04  1.68269172e-07 
 3.16600000e-04  1.55770381e-07 
 3.16700000e-04  1.55387127e-07 
 3.16800000e-04  1.55193026e-07 
 3.16900000e-04  1.55050835e-07 
 3.17000000e-04  1.54962146e-07 
 3.17100000e-04  1.68421199e-07 
 3.17200000e-04  1.68186391e-07 
 3.17300000e-04  1.68111042e-07 
 3.17400000e-04  1.68047746e-07 
 3.17500000e-04  1.68013813e-07 
 3.17600000e-04  1.54269328e-07 
 3.17700000e-04  1.53840326e-07 
 3.17800000e-04  1.53606046e-07 
 3.17900000e-04  1.53429783e-07 
 3.18000000e-04  1.53313323e-07 
 3.18100000e-04  1.70318659e-07 
 3.18200000e-04  1.69913057e-07 
 3.18300000e-04  1.69784358e-07 
 3.18400000e-04  1.69674567e-07 
 3.18500000e-04  1.69614233e-07 
 3.18600000e-04  1.59691433e-07 
 3.18700000e-04  1.59299822e-07 
 3.18800000e-04  1.59110754e-07 
 3.18900000e-04  1.58987056e-07 
 3.19000000e-04  1.58930749e-07 
 3.19100000e-04  1.68000515e-07 
 3.19200000e-04  1.67703245e-07 
 3.19300000e-04  1.67600497e-07 
 3.19400000e-04  1.67510489e-07 
 3.19500000e-04  1.67470498e-07 
 3.19600000e-04  1.53802256e-07 
 3.19700000e-04  1.53303994e-07 
 3.19800000e-04  1.53041291e-07 
 3.19900000e-04  1.52846959e-07 
 3.20000000e-04  1.52723111e-07 
 3.20100000e-04  1.68678363e-07 
 3.20200000e-04  1.68484129e-07 
 3.20300000e-04  1.68405363e-07 
 3.20400000e-04  1.68335480e-07 
 3.20500000e-04  1.68281142e-07 
 3.20600000e-04  1.55777415e-07 
 3.20700000e-04  1.55391039e-07 
 3.20800000e-04  1.55200030e-07 
 3.20900000e-04  1.55057186e-07 
 3.21000000e-04  1.54963979e-07 
 3.21100000e-04  1.68422915e-07 
 3.21200000e-04  1.68201545e-07 
 3.21300000e-04  1.68119188e-07 
 3.21400000e-04  1.68046979e-07 
 3.21500000e-04  1.68017344e-07 
 3.21600000e-04  1.54254795e-07 
 3.21700000e-04  1.53829900e-07 
 3.21800000e-04  1.53599511e-07 
 3.21900000e-04  1.53429508e-07 
 3.22000000e-04  1.53321748e-07 
 3.22100000e-04  1.69795823e-07 
 3.22200000e-04  1.69496877e-07 
 3.22300000e-04  1.69392994e-07 
 3.22400000e-04  1.69302829e-07 
 3.22500000e-04  1.69247123e-07 
 3.22600000e-04  1.58023246e-07 
 3.22700000e-04  1.57628587e-07 
 3.22800000e-04  1.57446874e-07 
 3.22900000e-04  1.57320192e-07 
 3.23000000e-04  1.57250227e-07 
 3.23100000e-04  1.68491952e-07 
 3.23200000e-04  1.68245768e-07 
 3.23300000e-04  1.68157019e-07 
 3.23400000e-04  1.68078378e-07 
 3.23500000e-04  1.68048601e-07 
 3.23600000e-04  1.54326137e-07 
 3.23700000e-04  1.53859218e-07 
 3.23800000e-04  1.53613822e-07 
 3.23900000e-04  1.53430792e-07 
 3.24000000e-04  1.53312048e-07 
 3.24100000e-04  1.69260879e-07 
 3.24200000e-04  1.69075774e-07 
 3.24300000e-04  1.68999211e-07 
 3.24400000e-04  1.68930228e-07 
 3.24500000e-04  1.68897608e-07 
 3.24600000e-04  1.56357949e-07 
 3.24700000e-04  1.55980871e-07 
 3.24800000e-04  1.55779632e-07 
 3.24900000e-04  1.55636902e-07 
 3.25000000e-04  1.55554476e-07 
 3.25100000e-04  1.69033534e-07 
 3.25200000e-04  1.68810451e-07 
 3.25300000e-04  1.68735634e-07 
 3.25400000e-04  1.68671525e-07 
 3.25500000e-04  1.68629033e-07 
 3.25600000e-04  1.54839631e-07 
 3.25700000e-04  1.54422800e-07 
 3.25800000e-04  1.54202408e-07 
 3.25900000e-04  1.54027656e-07 
 3.26000000e-04  1.53899931e-07 
 3.26100000e-04  1.72530962e-07 
 3.26200000e-04  1.71801483e-07 
 3.26300000e-04  1.71589845e-07 
 3.26400000e-04  1.71412913e-07 
 3.26500000e-04  1.71329581e-07 
 3.26600000e-04  1.65269225e-07 
 3.26700000e-04  1.64868853e-07 
 3.26800000e-04  1.64692068e-07 
 3.26900000e-04  1.64594083e-07 
 3.27000000e-04  1.64577335e-07 
 3.27100000e-04  1.67808553e-07 
 3.27200000e-04  1.66873403e-07 
 3.27300000e-04  1.66633176e-07 
 3.27400000e-04  1.66437098e-07 
 3.27500000e-04  1.66340908e-07 
 3.27600000e-04  1.52830640e-07 
 3.27700000e-04  1.52175381e-07 
 3.27800000e-04  1.51893251e-07 
 3.27900000e-04  1.51691149e-07 
 3.28000000e-04  1.51571555e-07 
 3.28100000e-04  1.67462346e-07 
 3.28200000e-04  1.67287060e-07 
 3.28300000e-04  1.67204655e-07 
 3.28400000e-04  1.67128582e-07 
 3.28500000e-04  1.67068298e-07 
 3.28600000e-04  1.54613353e-07 
 3.28700000e-04  1.54219969e-07 
 3.28800000e-04  1.54026527e-07 
 3.28900000e-04  1.53887168e-07 
 3.29000000e-04  1.53803544e-07 
 3.29100000e-04  1.67177702e-07 
 3.29200000e-04  1.66966044e-07 
 3.29300000e-04  1.66887848e-07 
 3.29400000e-04  1.66818783e-07 
 3.29500000e-04  1.66807030e-07 
 3.29600000e-04  1.53098452e-07 
 3.29700000e-04  1.52660654e-07 
 3.29800000e-04  1.52418140e-07 
 3.29900000e-04  1.52242599e-07 
 3.30000000e-04  1.52136092e-07 
 3.30100000e-04  1.68557018e-07 
 3.30200000e-04  1.68278755e-07 
 3.30300000e-04  1.68169751e-07 
 3.30400000e-04  1.68072028e-07 
 3.30500000e-04  1.68013883e-07 
 3.30600000e-04  1.56842180e-07 
 3.30700000e-04  1.56471666e-07 
 3.30800000e-04  1.56270283e-07 
 3.30900000e-04  1.56134340e-07 
 3.31000000e-04  1.56065848e-07 
 3.31100000e-04  1.67255115e-07 
 3.31200000e-04  1.66999755e-07 
 3.31300000e-04  1.66911313e-07 
 3.31400000e-04  1.66834257e-07 
 3.31500000e-04  1.66796004e-07 
 3.31600000e-04  1.53144753e-07 
 3.31700000e-04  1.52667033e-07 
 3.31800000e-04  1.52424185e-07 
 3.31900000e-04  1.52242972e-07 
 3.32000000e-04  1.52125278e-07 
 3.32100000e-04  1.68018396e-07 
 3.32200000e-04  1.67846539e-07 
 3.32300000e-04  1.67765211e-07 
 3.32400000e-04  1.67690227e-07 
 3.32500000e-04  1.67649781e-07 
 3.32600000e-04  1.55171565e-07 
 3.32700000e-04  1.54788223e-07 
 3.32800000e-04  1.54598015e-07 
 3.32900000e-04  1.54461521e-07 
 3.33000000e-04  1.54380306e-07 
 3.33100000e-04  1.70977751e-07 
 3.33200000e-04  1.70386594e-07 
 3.33300000e-04  1.70202510e-07 
 3.33400000e-04  1.70110979e-07 
 3.33500000e-04  1.70049354e-07 
 3.33600000e-04  1.55370887e-07 
 3.33700000e-04  1.54617588e-07 
 3.33800000e-04  1.54318968e-07 
 3.33900000e-04  1.54109039e-07 
 3.34000000e-04  1.53989633e-07 
 3.34100000e-04  2.06267339e-04 
 3.34200000e-04  2.06266542e-04 
 3.34300000e-04  2.06266333e-04 
 3.34400000e-04  2.06266163e-04 
 3.34500000e-04  2.06266082e-04 
 3.34600000e-04  2.06256196e-04 
 3.34700000e-04  2.06255784e-04 
 3.34800000e-04  2.06255576e-04 
 3.34900000e-04  2.06255439e-04 
 3.35000000e-04  2.06255377e-04 
 3.35100000e-04  1.69690707e-07 
 3.35200000e-04  1.69305363e-07 
 3.35300000e-04  1.69188723e-07 
 3.35400000e-04  1.69090233e-07 
 3.35500000e-04  1.69049188e-07 
 3.35600000e-04  1.55426607e-07 
 3.35700000e-04  1.54854199e-07 
 3.35800000e-04  1.54612533e-07 
 3.35900000e-04  1.54429078e-07 
 3.36000000e-04  1.54305610e-07 
 3.36100000e-04  1.70355950e-07 
 3.36200000e-04  1.70154628e-07 
 3.36300000e-04  1.70074524e-07 
 3.36400000e-04  1.70003747e-07 
 3.36500000e-04  1.69946050e-07 
 3.36600000e-04  1.57349893e-07 
 3.36700000e-04  1.57001430e-07 
 3.36800000e-04  1.56804232e-07 
 3.36900000e-04  1.56660183e-07 
 3.37000000e-04  1.56570895e-07 
 3.37100000e-04  1.70103610e-07 
 3.37200000e-04  1.69884478e-07 
 3.37300000e-04  1.69793889e-07 
 3.37400000e-04  1.69711916e-07 
 3.37500000e-04  1.69680495e-07 
 3.37600000e-04  1.55848219e-07 
 3.37700000e-04  1.55416003e-07 
 3.37800000e-04  1.55195167e-07 
 3.37900000e-04  1.55025727e-07 
 3.38000000e-04  1.54909241e-07 
 3.38100000e-04  1.71484064e-07 
 3.38200000e-04  1.71188561e-07 
 3.38300000e-04  1.71064729e-07 
 3.38400000e-04  1.70952314e-07 
 3.38500000e-04  1.70904570e-07 
 3.38600000e-04  1.59596392e-07 
 3.38700000e-04  1.59225658e-07 
 3.38800000e-04  1.59037088e-07 
 3.38900000e-04  1.58907321e-07 
 3.39000000e-04  1.58838148e-07 
 3.39100000e-04  1.70180727e-07 
 3.39200000e-04  1.69919722e-07 
 3.39300000e-04  1.69823774e-07 
 3.39400000e-04  1.69738738e-07 
 3.39500000e-04  1.69697944e-07 
 3.39600000e-04  1.55869046e-07 
 3.39700000e-04  1.55429337e-07 
 3.39800000e-04  1.55192829e-07 
 3.39900000e-04  1.55014498e-07 
 3.40000000e-04  1.54896114e-07 
 3.40100000e-04  1.70946997e-07 
 3.40200000e-04  1.70749938e-07 
 3.40300000e-04  1.70659430e-07 
 3.40400000e-04  1.70576690e-07 
 3.40500000e-04  1.70534528e-07 
 3.40600000e-04  1.57920702e-07 
 3.40700000e-04  1.57555991e-07 
 3.40800000e-04  1.57350908e-07 
 3.40900000e-04  1.57210117e-07 
 3.41000000e-04  1.57135579e-07 
 3.41100000e-04  1.70701120e-07 
 3.41200000e-04  1.70462533e-07 
 3.41300000e-04  1.70379247e-07 
 3.41400000e-04  1.70307267e-07 
 3.41500000e-04  1.70270853e-07 
 3.41600000e-04  1.56391361e-07 
 3.41700000e-04  1.55988810e-07 
 3.41800000e-04  1.55762779e-07 
 3.41900000e-04  1.55594475e-07 
 3.42000000e-04  1.55485649e-07 
 3.42100000e-04  1.73145328e-07 
 3.42200000e-04  1.72631895e-07 
 3.42300000e-04  1.72461065e-07 
 3.42400000e-04  1.72313265e-07 
 3.42500000e-04  1.72231095e-07 
 3.42600000e-04  1.63485035e-07 
 3.42700000e-04  1.63111276e-07 
 3.42800000e-04  1.62934281e-07 
 3.42900000e-04  1.62824645e-07 
 3.43000000e-04  1.62784424e-07 
 3.43100000e-04  1.69987503e-07 
 3.43200000e-04  1.69556592e-07 
 3.43300000e-04  1.69400963e-07 
 3.43400000e-04  1.69264587e-07 
 3.43500000e-04  1.69198730e-07 
 3.43600000e-04  1.55471831e-07 
 3.43700000e-04  1.54907074e-07 
 3.43800000e-04  1.54643184e-07 
 3.43900000e-04  1.54449459e-07 
 3.44000000e-04  1.54328042e-07 
 3.44100000e-04  1.70364964e-07 
 3.44200000e-04  1.70165391e-07 
 3.44300000e-04  1.70071577e-07 
 3.44400000e-04  1.69985497e-07 
 3.44500000e-04  1.69941602e-07 
 3.44600000e-04  1.57339438e-07 
 3.44700000e-04  1.56971888e-07 
 3.44800000e-04  1.56777759e-07 
 3.44900000e-04  1.56640973e-07 
 3.45000000e-04  1.56563269e-07 
 3.45100000e-04  1.70095068e-07 
 3.45200000e-04  1.69851187e-07 
 3.45300000e-04  1.69771805e-07 
 3.45400000e-04  1.69704590e-07 
 3.45500000e-04  1.69662064e-07 
 3.45600000e-04  1.55818322e-07 
 3.45700000e-04  1.55395232e-07 
 3.45800000e-04  1.55170377e-07 
 3.45900000e-04  1.55004204e-07 
 3.46000000e-04  1.54898492e-07 
 3.46100000e-04  1.71473539e-07 
 3.46200000e-04  1.71155752e-07 
 3.46300000e-04  1.71043690e-07 
 3.46400000e-04  1.70946795e-07 
 3.46500000e-04  1.70895632e-07 
 3.46600000e-04  1.59583548e-07 
 3.46700000e-04  1.59192366e-07 
 3.46800000e-04  1.59018471e-07 
 3.46900000e-04  1.58897225e-07 
 3.47000000e-04  1.58830217e-07 
 3.47100000e-04  1.70160641e-07 
 3.47200000e-04  1.69890654e-07 
 3.47300000e-04  1.69801264e-07 
 3.47400000e-04  1.69724457e-07 
 3.47500000e-04  1.69676011e-07 
 3.47600000e-04  1.55871083e-07 
 3.47700000e-04  1.55402161e-07 
 3.47800000e-04  1.55179737e-07 
 3.47900000e-04  1.55004982e-07 
 3.48000000e-04  1.54879329e-07 
 3.48100000e-04  1.70933428e-07 
 3.48200000e-04  1.70733818e-07 
 3.48300000e-04  1.70653918e-07 
 3.48400000e-04  1.70582819e-07 
 3.48500000e-04  1.70522070e-07 
 3.48600000e-04  1.57905032e-07 
 3.48700000e-04  1.57530027e-07 
 3.48800000e-04  1.57339719e-07 
 3.48900000e-04  1.57207925e-07 
 3.49000000e-04  1.57136416e-07 
 3.49100000e-04  1.70694348e-07 
 3.49200000e-04  1.70449741e-07 
 3.49300000e-04  1.70367814e-07 
 3.49400000e-04  1.70297885e-07 
 3.49500000e-04  1.70267677e-07 
 3.49600000e-04  1.56384576e-07 
 3.49700000e-04  1.55981287e-07 
 3.49800000e-04  1.55758157e-07 
 3.49900000e-04  1.55587837e-07 
 3.50000000e-04  1.55471920e-07 
 3.50100000e-04  1.72596003e-07 
 3.50200000e-04  1.72183578e-07 
 3.50300000e-04  1.72050858e-07 
 3.50400000e-04  1.71936962e-07 
 3.50500000e-04  1.71877549e-07 
 3.50600000e-04  1.61807095e-07 
 3.50700000e-04  1.61449159e-07 
 3.50800000e-04  1.61266676e-07 
 3.50900000e-04  1.61151292e-07 
 3.51000000e-04  1.61105048e-07 
 3.51100000e-04  1.70283350e-07 
 3.51200000e-04  1.69973597e-07 
 3.51300000e-04  1.69869815e-07 
 3.51400000e-04  1.69780154e-07 
 3.51500000e-04  1.69725895e-07 
 3.51600000e-04  1.55938163e-07 
 3.51700000e-04  1.55435982e-07 
 3.51800000e-04  1.55193833e-07 
 3.51900000e-04  1.55013823e-07 
 3.52000000e-04  1.54897839e-07 
 3.52100000e-04  1.70947642e-07 
 3.52200000e-04  1.70759160e-07 
 3.52300000e-04  1.70667796e-07 
 3.52400000e-04  1.70582956e-07 
 3.52500000e-04  1.70538076e-07 
 3.52600000e-04  1.57896191e-07 
 3.52700000e-04  1.57532182e-07 
 3.52800000e-04  1.57349181e-07 
 3.52900000e-04  1.57220090e-07 
 3.53000000e-04  1.57146529e-07 
 3.53100000e-04  1.70688044e-07 
 3.53200000e-04  1.70478772e-07 
 3.53300000e-04  1.70393208e-07 
 3.53400000e-04  1.70315846e-07 
 3.53500000e-04  1.70279253e-07 
 3.53600000e-04  1.56403165e-07 
 3.53700000e-04  1.55979669e-07 
 3.53800000e-04  1.55756390e-07 
 3.53900000e-04  1.55590938e-07 
 3.54000000e-04  1.55485058e-07 
 3.54100000e-04  1.72076866e-07 
 3.54200000e-04  1.71770083e-07 
 3.54300000e-04  1.71657076e-07 
 3.54400000e-04  1.71557462e-07 
 3.54500000e-04  1.71502657e-07 
 3.54600000e-04  1.60147344e-07 
 3.54700000e-04  1.59797921e-07 
 3.54800000e-04  1.59609692e-07 
 3.54900000e-04  1.59484980e-07 
 3.55000000e-04  1.59425710e-07 
 3.55100000e-04  1.70792174e-07 
 3.55200000e-04  1.70513993e-07 
 3.55300000e-04  1.70413350e-07 
 3.55400000e-04  1.70324855e-07 
 3.55500000e-04  1.70300567e-07 
 3.55600000e-04  1.56442636e-07 
 3.55700000e-04  1.55991578e-07 
 3.55800000e-04  1.55761642e-07 
 3.55900000e-04  1.55590986e-07 
 3.56000000e-04  1.55481400e-07 
 3.56100000e-04  1.71552396e-07 
 3.56200000e-04  1.71341671e-07 
 3.56300000e-04  1.71260823e-07 
 3.56400000e-04  1.71189577e-07 
 3.56500000e-04  1.71138116e-07 
 3.56600000e-04  1.58497140e-07 
 3.56700000e-04  1.58130385e-07 
 3.56800000e-04  1.57933964e-07 
 3.56900000e-04  1.57798536e-07 
 3.57000000e-04  1.57725946e-07 
 3.57100000e-04  1.71320455e-07 
 3.57200000e-04  1.71087498e-07 
 3.57300000e-04  1.70995555e-07 
 3.57400000e-04  1.70913692e-07 
 3.57500000e-04  1.70894189e-07 
 3.57600000e-04  1.56965499e-07 
 3.57700000e-04  1.56567080e-07 
 3.57800000e-04  1.56340987e-07 
 3.57900000e-04  1.56175230e-07 
 3.58000000e-04  1.56071630e-07 
 3.58100000e-04  1.74284244e-07 
 3.58200000e-04  1.73645094e-07 
 3.58300000e-04  1.73448360e-07 
 3.58400000e-04  1.73281617e-07 
 3.58500000e-04  1.73209683e-07 
 3.58600000e-04  1.65721476e-07 
 3.58700000e-04  1.65356418e-07 
 3.58800000e-04  1.65188198e-07 
 3.58900000e-04  1.65083827e-07 
 3.59000000e-04  1.65045243e-07 
 3.59100000e-04  1.70599537e-07 
 3.59200000e-04  1.69780872e-07 
 3.59300000e-04  1.69527994e-07 
 3.59400000e-04  1.69313722e-07 
 3.59500000e-04  1.69226521e-07 
 3.59600000e-04  1.55506636e-07 
 3.59700000e-04  1.54937793e-07 
 3.59800000e-04  1.54667918e-07 
 3.59900000e-04  1.54470231e-07 
 3.60000000e-04  1.54346926e-07 
 3.60100000e-04  1.70364265e-07 
 3.60200000e-04  1.70167936e-07 
 3.60300000e-04  1.70076968e-07 
 3.60400000e-04  1.69993075e-07 
 3.60500000e-04  1.69947580e-07 
 3.60600000e-04  1.57320596e-07 
 3.60700000e-04  1.56974977e-07 
 3.60800000e-04  1.56780537e-07 
 3.60900000e-04  1.56641023e-07 
 3.61000000e-04  1.56558086e-07 
 3.61100000e-04  1.70091014e-07 
 3.61200000e-04  1.69859832e-07 
 3.61300000e-04  1.69780762e-07 
 3.61400000e-04  1.69712488e-07 
 3.61500000e-04  1.69672177e-07 
 3.61600000e-04  1.55816319e-07 
 3.61700000e-04  1.55395173e-07 
 3.61800000e-04  1.55168089e-07 
 3.61900000e-04  1.54995020e-07 
 3.62000000e-04  1.54877585e-07 
 3.62100000e-04  1.71461102e-07 
 3.62200000e-04  1.71153988e-07 
 3.62300000e-04  1.71043272e-07 
 3.62400000e-04  1.70946272e-07 
 3.62500000e-04  1.70894715e-07 
 3.62600000e-04  1.59577465e-07 
 3.62700000e-04  1.59209932e-07 
 3.62800000e-04  1.59011484e-07 
 3.62900000e-04  1.58882853e-07 
 3.63000000e-04  1.58826158e-07 
 3.63100000e-04  1.70162514e-07 
 3.63200000e-04  1.69906589e-07 
 3.63300000e-04  1.69804181e-07 
 3.63400000e-04  1.69711420e-07 
 3.63500000e-04  1.69680497e-07 
 3.63600000e-04  1.55860072e-07 
 3.63700000e-04  1.55405542e-07 
 3.63800000e-04  1.55180715e-07 
 3.63900000e-04  1.55003780e-07 
 3.64000000e-04  1.54876156e-07 
 3.64100000e-04  1.70933583e-07 
 3.64200000e-04  1.70729643e-07 
 3.64300000e-04  1.70644310e-07 
 3.64400000e-04  1.70567661e-07 
 3.64500000e-04  1.70523428e-07 
 3.64600000e-04  1.57909482e-07 
 3.64700000e-04  1.57548870e-07 
 3.64800000e-04  1.57348206e-07 
 3.64900000e-04  1.57212215e-07 
 3.65000000e-04  1.57142850e-07 
 3.65100000e-04  1.70693754e-07 
 3.65200000e-04  1.70458456e-07 
 3.65300000e-04  1.70370348e-07 
 3.65400000e-04  1.70292953e-07 
 3.65500000e-04  1.70274708e-07 
 3.65600000e-04  1.56396254e-07 
 3.65700000e-04  1.55983885e-07 
 3.65800000e-04  1.55758400e-07 
 3.65900000e-04  1.55584859e-07 
 3.66000000e-04  1.55464807e-07 
 3.66100000e-04  1.72595553e-07 
 3.66200000e-04  1.72190296e-07 
 3.66300000e-04  1.72048558e-07 
 3.66400000e-04  1.71924553e-07 
 3.66500000e-04  1.71859026e-07 
 3.66600000e-04  1.61809582e-07 
 3.66700000e-04  1.61446466e-07 
 3.66800000e-04  1.61268458e-07 
 3.66900000e-04  1.61146239e-07 
 3.67000000e-04  1.61081475e-07 
 3.67100000e-04  1.70286477e-07 
 3.67200000e-04  1.69984328e-07 
 3.67300000e-04  1.69877419e-07 
 3.67400000e-04  1.69783704e-07 
 3.67500000e-04  1.69726593e-07 
 3.67600000e-04  1.55938666e-07 
 3.67700000e-04  1.55447931e-07 
 3.67800000e-04  1.55202293e-07 
 3.67900000e-04  1.55015699e-07 
 3.68000000e-04  1.54889921e-07 
 3.68100000e-04  1.70949145e-07 
 3.68200000e-04  1.70748342e-07 
 3.68300000e-04  1.70655694e-07 
 3.68400000e-04  1.70570635e-07 
 3.68500000e-04  1.70549580e-07 
 3.68600000e-04  1.57914001e-07 
 3.68700000e-04  1.57550682e-07 
 3.68800000e-04  1.57349144e-07 
 3.68900000e-04  1.57215168e-07 
 3.69000000e-04  1.57150792e-07 
 3.69100000e-04  1.70705325e-07 
 3.69200000e-04  1.70465387e-07 
 3.69300000e-04  1.70387932e-07 
 3.69400000e-04  1.70322565e-07 
 3.69500000e-04  1.70271406e-07 
 3.69600000e-04  1.56399662e-07 
 3.69700000e-04  1.55988370e-07 
 3.69800000e-04  1.55767357e-07 
 3.69900000e-04  1.55593213e-07 
 3.70000000e-04  1.55467323e-07 
 3.70100000e-04  1.72071660e-07 
 3.70200000e-04  1.71770297e-07 
 3.70300000e-04  1.71657778e-07 
 3.70400000e-04  1.71558187e-07 
 3.70500000e-04  1.71512513e-07 
 3.70600000e-04  1.60161787e-07 
 3.70700000e-04  1.59778845e-07 
 3.70800000e-04  1.59603748e-07 
 3.70900000e-04  1.59479497e-07 
 3.71000000e-04  1.59407604e-07 
 3.71100000e-04  1.70769816e-07 
 3.71200000e-04  1.70508415e-07 
 3.71300000e-04  1.70417632e-07 
 3.71400000e-04  1.70338136e-07 
 3.71500000e-04  1.70298876e-07 
 3.71600000e-04  1.56453572e-07 
 3.71700000e-04  1.55994182e-07 
 3.71800000e-04  1.55764126e-07 
 3.71900000e-04  1.55592637e-07 
 3.72000000e-04  1.55481468e-07 
 3.72100000e-04  1.71543395e-07 
 3.72200000e-04  1.71363196e-07 
 3.72300000e-04  1.71273896e-07 
 3.72400000e-04  1.71190600e-07 
 3.72500000e-04  1.71154948e-07 
 3.72600000e-04  1.58477506e-07 
 3.72700000e-04  1.58116293e-07 
 3.72800000e-04  1.57936731e-07 
 3.72900000e-04  1.57805021e-07 
 3.73000000e-04  1.57722573e-07 
 3.73100000e-04  1.71329223e-07 
 3.73200000e-04  1.71073973e-07 
 3.73300000e-04  1.70989759e-07 
 3.73400000e-04  1.70918679e-07 
 3.73500000e-04  1.70891966e-07 
 3.73600000e-04  1.56969874e-07 
 3.73700000e-04  1.56560255e-07 
 3.73800000e-04  1.56347034e-07 
 3.73900000e-04  1.56181469e-07 
 3.74000000e-04  1.56064965e-07 
 3.74100000e-04  1.73755850e-07 
 3.74200000e-04  1.73246009e-07 
 3.74300000e-04  1.73071170e-07 
 3.74400000e-04  1.72918552e-07 
 3.74500000e-04  1.72850731e-07 
 3.74600000e-04  1.64058463e-07 
 3.74700000e-04  1.63696170e-07 
 3.74800000e-04  1.63518884e-07 
 3.74900000e-04  1.63409112e-07 
 3.75000000e-04  1.63368886e-07 
 3.75100000e-04  1.70564958e-07 
 3.75200000e-04  1.70169625e-07 
 3.75300000e-04  1.70013418e-07 
 3.75400000e-04  1.69873118e-07 
 3.75500000e-04  1.69822000e-07 
 3.75600000e-04  1.56031087e-07 
 3.75700000e-04  1.55489297e-07 
 3.75800000e-04  1.55239422e-07 
 3.75900000e-04  1.55052085e-07 
 3.76000000e-04  1.54929161e-07 
 3.76100000e-04  1.70982394e-07 
 3.76200000e-04  1.70790404e-07 
 3.76300000e-04  1.70695469e-07 
 3.76400000e-04  1.70607046e-07 
 3.76500000e-04  1.70559388e-07 
 3.76600000e-04  1.57927314e-07 
 3.76700000e-04  1.57546069e-07 
 3.76800000e-04  1.57360958e-07 
 3.76900000e-04  1.57230961e-07 
 3.77000000e-04  1.57157718e-07 
 3.77100000e-04  1.70726746e-07 
 3.77200000e-04  1.70479979e-07 
 3.77300000e-04  1.70398410e-07 
 3.77400000e-04  1.70329315e-07 
 3.77500000e-04  1.70291218e-07 
 3.77600000e-04  1.56399456e-07 
 3.77700000e-04  1.55992108e-07 
 3.77800000e-04  1.55768268e-07 
 3.77900000e-04  1.55594200e-07 
 3.78000000e-04  1.55471374e-07 
 3.78100000e-04  1.72076429e-07 
 3.78200000e-04  1.71779209e-07 
 3.78300000e-04  1.71671934e-07 
 3.78400000e-04  1.71577835e-07 
 3.78500000e-04  1.71510493e-07 
 3.78600000e-04  1.60156172e-07 
 3.78700000e-04  1.59779659e-07 
 3.78800000e-04  1.59600167e-07 
 3.78900000e-04  1.59481004e-07 
 3.79000000e-04  1.59423971e-07 
 3.79100000e-04  1.70781380e-07 
 3.79200000e-04  1.70513103e-07 
 3.79300000e-04  1.70415366e-07 
 3.79400000e-04  1.70328749e-07 
 3.79500000e-04  1.70289289e-07 
 3.79600000e-04  1.56452091e-07 
 3.79700000e-04  1.55989716e-07 
 3.79800000e-04  1.55763059e-07 
 3.79900000e-04  1.55593145e-07 
 3.80000000e-04  1.55481660e-07 
 3.80100000e-04  1.71557308e-07 
 3.80200000e-04  1.71364719e-07 
 3.80300000e-04  1.71272654e-07 
 3.80400000e-04  1.71187732e-07 
 3.80500000e-04  1.71140562e-07 
 3.80600000e-04  1.58488083e-07 
 3.80700000e-04  1.58123231e-07 
 3.80800000e-04  1.57942940e-07 
 3.80900000e-04  1.57811801e-07 
 3.81000000e-04  1.57731259e-07 
 3.81100000e-04  1.71310812e-07 
 3.81200000e-04  1.71081255e-07 
 3.81300000e-04  1.70995861e-07 
 3.81400000e-04  1.70920418e-07 
 3.81500000e-04  1.70883835e-07 
 3.81600000e-04  1.56990323e-07 
 3.81700000e-04  1.56560388e-07 
 3.81800000e-04  1.56342492e-07 
 3.81900000e-04  1.56180109e-07 
 3.82000000e-04  1.56074885e-07 
 3.82100000e-04  1.73222656e-07 
 3.82200000e-04  1.72821339e-07 
 3.82300000e-04  1.72679527e-07 
 3.82400000e-04  1.72554567e-07 
 3.82500000e-04  1.72482340e-07 
 3.82600000e-04  1.62415365e-07 
 3.82700000e-04  1.62043292e-07 
 3.82800000e-04  1.61869352e-07 
 3.82900000e-04  1.61747461e-07 
 3.83000000e-04  1.61679155e-07 
 3.83100000e-04  1.70912923e-07 
 3.83200000e-04  1.70596598e-07 
 3.83300000e-04  1.70481089e-07 
 3.83400000e-04  1.70379064e-07 
 3.83500000e-04  1.70340591e-07 
 3.83600000e-04  1.56524057e-07 
 3.83700000e-04  1.56032407e-07 
 3.83800000e-04  1.55794901e-07 
 3.83900000e-04  1.55611446e-07 
 3.84000000e-04  1.55483637e-07 
 3.84100000e-04  1.71578785e-07 
 3.84200000e-04  1.71361502e-07 
 3.84300000e-04  1.71279321e-07 
 3.84400000e-04  1.71207857e-07 
 3.84500000e-04  1.71155947e-07 
 3.84600000e-04  1.58485251e-07 
 3.84700000e-04  1.58136761e-07 
 3.84800000e-04  1.57939138e-07 
 3.84900000e-04  1.57802429e-07 
 3.85000000e-04  1.57728449e-07 
 3.85100000e-04  1.71336904e-07 
 3.85200000e-04  1.71089976e-07 
 3.85300000e-04  1.71002360e-07 
 3.85400000e-04  1.70926541e-07 
 3.85500000e-04  1.70897197e-07 
 3.85600000e-04  1.56997324e-07 
 3.85700000e-04  1.56586033e-07 
 3.85800000e-04  1.56354380e-07 
 3.85900000e-04  1.56181199e-07 
 3.86000000e-04  1.56068227e-07 
 3.86100000e-04  1.72707349e-07 
 3.86200000e-04  1.72398119e-07 
 3.86300000e-04  1.72278339e-07 
 3.86400000e-04  1.72171851e-07 
 3.86500000e-04  1.72127097e-07 
 3.86600000e-04  1.60741356e-07 
 3.86700000e-04  1.60374410e-07 
 3.86800000e-04  1.60193746e-07 
 3.86900000e-04  1.60069276e-07 
 3.87000000e-04  1.60002664e-07 
 3.87100000e-04  1.71410768e-07 
 3.87200000e-04  1.71145950e-07 
 3.87300000e-04  1.71042829e-07 
 3.87400000e-04  1.70950478e-07 
 3.87500000e-04  1.70927267e-07 
 3.87600000e-04  1.57035647e-07 
 3.87700000e-04  1.56596646e-07 
 3.87800000e-04  1.56370815e-07 
 3.87900000e-04  1.56192520e-07 
 3.88000000e-04  1.56063150e-07 
 3.88100000e-04  1.72174348e-07 
 3.88200000e-04  1.71973779e-07 
 3.88300000e-04  1.71883277e-07 
 3.88400000e-04  1.71800868e-07 
 3.88500000e-04  1.71759633e-07 
 3.88600000e-04  1.59069937e-07 
 3.88700000e-04  1.58724224e-07 
 3.88800000e-04  1.58533499e-07 
 3.88900000e-04  1.58404629e-07 
 3.89000000e-04  1.58339452e-07 
 3.89100000e-04  1.71937787e-07 
 3.89200000e-04  1.71714110e-07 
 3.89300000e-04  1.71619455e-07 
 3.89400000e-04  1.71533087e-07 
 3.89500000e-04  1.71511999e-07 
 3.89600000e-04  1.57570013e-07 
 3.89700000e-04  1.57165451e-07 
 3.89800000e-04  1.56944078e-07 
 3.89900000e-04  1.56776524e-07 
 3.90000000e-04  1.56664253e-07 
 3.90100000e-04  1.79461267e-07 
 3.90200000e-04  1.77477033e-07 
 3.90300000e-04  1.76864942e-07 
 3.90400000e-04  1.76625669e-07 
 3.90500000e-04  1.76506864e-07 
 3.90600000e-04  1.71159835e-07 
 3.90700000e-04  1.70662213e-07 
 3.90800000e-04  1.70417361e-07 
 3.90900000e-04  1.70240226e-07 
 3.91000000e-04  1.70132138e-07 
 3.91100000e-04  1.03757114e-04 
 3.91200000e-04  1.03755948e-04 
 3.91300000e-04  1.03755642e-04 
 3.91400000e-04  1.03755389e-04 
 3.91500000e-04  1.03755285e-04 
 3.91600000e-04  1.03741682e-04 
 3.91700000e-04  1.03740997e-04 
 3.91800000e-04  1.03740710e-04 
 3.91900000e-04  1.03740498e-04 
 3.92000000e-04  1.03740362e-04 
 3.92100000e-04  1.70928620e-07 
 3.92200000e-04  1.70672563e-07 
 3.92300000e-04  1.70579779e-07 
 3.92400000e-04  1.70499585e-07 
 3.92500000e-04  1.70446702e-07 
 3.92600000e-04  1.57837891e-07 
 3.92700000e-04  1.57459633e-07 
 3.92800000e-04  1.57271456e-07 
 3.92900000e-04  1.57136634e-07 
 3.93000000e-04  1.57056730e-07 
 3.93100000e-04  1.70613148e-07 
 3.93200000e-04  1.70400770e-07 
 3.93300000e-04  1.70313778e-07 
 3.93400000e-04  1.70234745e-07 
 3.93500000e-04  1.70196768e-07 
 3.93600000e-04  1.56315147e-07 
 3.93700000e-04  1.55895039e-07 
 3.93800000e-04  1.55674045e-07 
 3.93900000e-04  1.55503330e-07 
 3.94000000e-04  1.55384358e-07 
 3.94100000e-04  1.71998639e-07 
 3.94200000e-04  1.71691684e-07 
 3.94300000e-04  1.71572809e-07 
 3.94400000e-04  1.71466923e-07 
 3.94500000e-04  1.71408269e-07 
 3.94600000e-04  1.60064403e-07 
 3.94700000e-04  1.59688900e-07 
 3.94800000e-04  1.59512683e-07 
 3.94900000e-04  1.59384787e-07 
 3.95000000e-04  1.59306621e-07 
 3.95100000e-04  1.70680887e-07 
 3.95200000e-04  1.70414241e-07 
 3.95300000e-04  1.70317228e-07 
 3.95400000e-04  1.70231201e-07 
 3.95500000e-04  1.70191540e-07 
 3.95600000e-04  1.56355542e-07 
 3.95700000e-04  1.55886642e-07 
 3.95800000e-04  1.55660543e-07 
 3.95900000e-04  1.55487032e-07 
 3.96000000e-04  1.55367651e-07 
 3.96100000e-04  1.71450065e-07 
 3.96200000e-04  1.71263553e-07 
 3.96300000e-04  1.71176037e-07 
 3.96400000e-04  1.71095350e-07 
 3.96500000e-04  1.71051657e-07 
 3.96600000e-04  1.58387834e-07 
 3.96700000e-04  1.58022356e-07 
 3.96800000e-04  1.57838843e-07 
 3.96900000e-04  1.57702743e-07 
 3.97000000e-04  1.57615430e-07 
 3.97100000e-04  1.71210426e-07 
 3.97200000e-04  1.70977025e-07 
 3.97300000e-04  1.70886188e-07 
 3.97400000e-04  1.70805190e-07 
 3.97500000e-04  1.70778293e-07 
 3.97600000e-04  1.56873560e-07 
 3.97700000e-04  1.56462015e-07 
 3.97800000e-04  1.56238095e-07 
 3.97900000e-04  1.56066612e-07 
 3.98000000e-04  1.55949097e-07 
 3.98100000e-04  1.73125020e-07 
 3.98200000e-04  1.72712820e-07 
 3.98300000e-04  1.72565532e-07 
 3.98400000e-04  1.72435998e-07 
 3.98500000e-04  1.72374967e-07 
 3.98600000e-04  1.62301717e-07 
 3.98700000e-04  1.61933630e-07 
 3.98800000e-04  1.61746314e-07 
 3.98900000e-04  1.61630435e-07 
 3.99000000e-04  1.61588130e-07 
 3.99100000e-04  1.70808129e-07 
 3.99200000e-04  1.70504653e-07 
 3.99300000e-04  1.70389892e-07 
 3.99400000e-04  1.70287805e-07 
 3.99500000e-04  1.70230636e-07 
 3.99600000e-04  1.56421472e-07 
 3.99700000e-04  1.55924846e-07 
 3.99800000e-04  1.55688791e-07 
 3.99900000e-04  1.55508282e-07 
 4.00000000e-04  1.55384946e-07 
 4.00100000e-04  1.71471775e-07 
 4.00200000e-04  1.71266371e-07 
 4.00300000e-04  1.71180407e-07 
 4.00400000e-04  1.71103532e-07 
 4.00500000e-04  1.71045099e-07 
 4.00600000e-04  1.58379828e-07 
 4.00700000e-04  1.58023687e-07 
 4.00800000e-04  1.57838606e-07 
 4.00900000e-04  1.57708633e-07 
 4.01000000e-04  1.57635384e-07 
 4.01100000e-04  1.71220635e-07 
 4.01200000e-04  1.70978180e-07 
 4.01300000e-04  1.70892297e-07 
 4.01400000e-04  1.70818183e-07 
 4.01500000e-04  1.70777913e-07 
 4.01600000e-04  1.56869462e-07 
 4.01700000e-04  1.56467993e-07 
 4.01800000e-04  1.56243567e-07 
 4.01900000e-04  1.56072751e-07 
 4.02000000e-04  1.55957112e-07 
 4.02100000e-04  1.72593846e-07 
 4.02200000e-04  1.72286930e-07 
 4.02300000e-04  1.72165453e-07 
 4.02400000e-04  1.72057015e-07 
 4.02500000e-04  1.72013763e-07 
 4.02600000e-04  1.60633227e-07 
 4.02700000e-04  1.60261290e-07 
 4.02800000e-04  1.60074905e-07 
 4.02900000e-04  1.59952707e-07 
 4.03000000e-04  1.59896597e-07 
 4.03100000e-04  1.71292835e-07 
 4.03200000e-04  1.71031978e-07 
 4.03300000e-04  1.70926699e-07 
 4.03400000e-04  1.70831450e-07 
 4.03500000e-04  1.70801002e-07 
 4.03600000e-04  1.56915179e-07 
 4.03700000e-04  1.56481423e-07 
 4.03800000e-04  1.56248314e-07 
 4.03900000e-04  1.56074399e-07 
 4.04000000e-04  1.55961418e-07 
 4.04100000e-04  1.72065814e-07 
 4.04200000e-04  1.71858860e-07 
 4.04300000e-04  1.71772960e-07 
 4.04400000e-04  1.71696200e-07 
 4.04500000e-04  1.71652882e-07 
 4.04600000e-04  1.58967836e-07 
 4.04700000e-04  1.58610703e-07 
 4.04800000e-04  1.58417133e-07 
 4.04900000e-04  1.58284341e-07 
 4.05000000e-04  1.58214117e-07 
 4.05100000e-04  1.71824711e-07 
 4.05200000e-04  1.71583277e-07 
 4.05300000e-04  1.71502234e-07 
 4.05400000e-04  1.71432769e-07 
 4.05500000e-04  1.71388327e-07 
 4.05600000e-04  1.57457875e-07 
 4.05700000e-04  1.57061569e-07 
 4.05800000e-04  1.56840117e-07 
 4.05900000e-04  1.56670979e-07 
 4.06000000e-04  1.56555533e-07 
 4.06100000e-04  1.76982847e-07 
 4.06200000e-04  1.75720922e-07 
 4.06300000e-04  1.75313386e-07 
 4.06400000e-04  1.75150598e-07 
 4.06500000e-04  1.75066894e-07 
 4.06600000e-04  1.65825373e-07 
 4.06700000e-04  1.65305949e-07 
 4.06800000e-04  1.65064663e-07 
 4.06900000e-04  1.64890945e-07 
 4.07000000e-04  1.64786101e-07 
 4.07100000e-04  1.03758008e-04 
 4.07200000e-04  1.03757414e-04 
 4.07300000e-04  1.03757227e-04 
 4.07400000e-04  1.03757066e-04 
 4.07500000e-04  1.03756993e-04 
 4.07600000e-04  1.03743196e-04 
 4.07700000e-04  1.03742633e-04 
 4.07800000e-04  1.03742373e-04 
 4.07900000e-04  1.03742178e-04 
 4.08000000e-04  1.03742049e-04 
 4.08100000e-04  1.72666845e-07 
 4.08200000e-04  1.72426851e-07 
 4.08300000e-04  1.72316856e-07 
 4.08400000e-04  1.72215571e-07 
 4.08500000e-04  1.72167572e-07 
 4.08600000e-04  1.59489090e-07 
 4.08700000e-04  1.59104748e-07 
 4.08800000e-04  1.58925342e-07 
 4.08900000e-04  1.58800049e-07 
 4.09000000e-04  1.58730444e-07 
 4.09100000e-04  1.72380849e-07 
 4.09200000e-04  1.72140287e-07 
 4.09300000e-04  1.72046986e-07 
 4.09400000e-04  1.71964021e-07 
 4.09500000e-04  1.71926373e-07 
 4.09600000e-04  1.57953385e-07 
 4.09700000e-04  1.57557139e-07 
 4.09800000e-04  1.57334556e-07 
 4.09900000e-04  1.57171822e-07 
 4.10000000e-04  1.57070694e-07 
 4.10100000e-04  1.73745915e-07 
 4.10200000e-04  1.73445043e-07 
 4.10300000e-04  1.73319880e-07 
 4.10400000e-04  1.73206545e-07 
 4.10500000e-04  1.73147085e-07 
 4.10600000e-04  1.61719099e-07 
 4.10700000e-04  1.61364519e-07 
 4.10800000e-04  1.61179433e-07 
 4.10900000e-04  1.61050612e-07 
 4.11000000e-04  1.60979695e-07 
 4.11100000e-04  1.72447945e-07 
 4.11200000e-04  1.72175429e-07 
 4.11300000e-04  1.72068999e-07 
 4.11400000e-04  1.71973391e-07 
 4.11500000e-04  1.71943660e-07 
 4.11600000e-04  1.57992167e-07 
 4.11700000e-04  1.57556504e-07 
 4.11800000e-04  1.57331582e-07 
 4.11900000e-04  1.57166200e-07 
 4.12000000e-04  1.57062104e-07 
 4.12100000e-04  1.73214901e-07 
 4.12200000e-04  1.73014644e-07 
 4.12300000e-04  1.72917883e-07 
 4.12400000e-04  1.72828384e-07 
 4.12500000e-04  1.72783789e-07 
 4.12600000e-04  1.60033087e-07 
 4.12700000e-04  1.59693140e-07 
 4.12800000e-04  1.59497593e-07 
 4.12900000e-04  1.59365206e-07 
 4.13000000e-04  1.59297834e-07 
 4.13100000e-04  1.72968831e-07 
 4.13200000e-04  1.72733570e-07 
 4.13300000e-04  1.72646739e-07 
 4.13400000e-04  1.72570046e-07 
 4.13500000e-04  1.72523799e-07 
 4.13600000e-04  1.58531951e-07 
 4.13700000e-04  1.58125198e-07 
 4.13800000e-04  1.57904403e-07 
 4.13900000e-04  1.57741880e-07 
 4.14000000e-04  1.57639334e-07 
 4.14100000e-04  1.74886703e-07 
 4.14200000e-04  1.74465413e-07 
 4.14300000e-04  1.74315878e-07 
 4.14400000e-04  1.74184855e-07 
 4.14500000e-04  1.74123510e-07 
 4.14600000e-04  1.63941459e-07 
 4.14700000e-04  1.63602229e-07 
 4.14800000e-04  1.63423688e-07 
 4.14900000e-04  1.63307361e-07 
 4.15000000e-04  1.63255073e-07 
 4.15100000e-04  1.72578369e-07 
 4.15200000e-04  1.72244723e-07 
 4.15300000e-04  1.72130038e-07 
 4.15400000e-04  1.72030786e-07 
 4.15500000e-04  1.71988511e-07 
 4.15600000e-04  1.58057319e-07 
 4.15700000e-04  1.57597481e-07 
 4.15800000e-04  1.57351710e-07 
 4.15900000e-04  1.57174022e-07 
 4.16000000e-04  1.57066424e-07 
 4.16100000e-04  1.73233077e-07 
 4.16200000e-04  1.73026651e-07 
 4.16300000e-04  1.72929278e-07 
 4.16400000e-04  1.72839695e-07 
 4.16500000e-04  1.72788438e-07 
 4.16600000e-04  1.60042645e-07 
 4.16700000e-04  1.59678179e-07 
 4.16800000e-04  1.59500095e-07 
 4.16900000e-04  1.59372815e-07 
 4.17000000e-04  1.59297805e-07 
 4.17100000e-04  1.72979903e-07 
 4.17200000e-04  1.72752962e-07 
 4.17300000e-04  1.72655793e-07 
 4.17400000e-04  1.72566930e-07 
 4.17500000e-04  1.72525635e-07 
 4.17600000e-04  1.58520800e-07 
 4.17700000e-04  1.58125416e-07 
 4.17800000e-04  1.57921568e-07 
 4.17900000e-04  1.57763095e-07 
 4.18000000e-04  1.57651286e-07 
 4.18100000e-04  1.74359729e-07 
 4.18200000e-04  1.74048122e-07 
 4.18300000e-04  1.73928097e-07 
 4.18400000e-04  1.73820860e-07 
 4.18500000e-04  1.73767863e-07 
 4.18600000e-04  1.62289960e-07 
 4.18700000e-04  1.61924354e-07 
 4.18800000e-04  1.61755107e-07 
 4.18900000e-04  1.61638579e-07 
 4.19000000e-04  1.61576288e-07 
 4.19100000e-04  1.73057441e-07 
 4.19200000e-04  1.72779249e-07 
 4.19300000e-04  1.72678276e-07 
 4.19400000e-04  1.72589341e-07 
 4.19500000e-04  1.72547417e-07 
 4.19600000e-04  1.58584651e-07 
 4.19700000e-04  1.58138490e-07 
 4.19800000e-04  1.57921654e-07 
 4.19900000e-04  1.57757844e-07 
 4.20000000e-04  1.57648589e-07 
 4.20100000e-04  1.73838477e-07 
 4.20200000e-04  1.73631590e-07 
 4.20300000e-04  1.73530970e-07 
 4.20400000e-04  1.73438151e-07 
 4.20500000e-04  1.73401768e-07 
 4.20600000e-04  1.60612864e-07 
 4.20700000e-04  1.60265442e-07 
 4.20800000e-04  1.60086252e-07 
 4.20900000e-04  1.59963996e-07 
 4.21000000e-04  1.59900331e-07 
 4.21100000e-04  1.73604514e-07 
 4.21200000e-04  1.73360990e-07 
 4.21300000e-04  1.73271827e-07 
 4.21400000e-04  1.73193642e-07 
 4.21500000e-04  1.73152961e-07 
 4.21600000e-04  1.59113527e-07 
 4.21700000e-04  1.58699627e-07 
 4.21800000e-04  1.58496700e-07 
 4.21900000e-04  1.58337536e-07 
 4.22000000e-04  1.58223362e-07 
 4.22100000e-04  1.76564344e-07 
 4.22200000e-04  1.75927314e-07 
 4.22300000e-04  1.75723040e-07 
 4.22400000e-04  1.75547516e-07 
 4.22500000e-04  1.75465550e-07 
 4.22600000e-04  1.67858164e-07 
 4.22700000e-04  1.67500233e-07 
 4.22800000e-04  1.67344190e-07 
 4.22900000e-04  1.67250584e-07 
 4.23000000e-04  1.67221238e-07 
 4.23100000e-04  1.72882007e-07 
 4.23200000e-04  1.72060718e-07 
 4.23300000e-04  1.71798094e-07 
 4.23400000e-04  1.71573422e-07 
 4.23500000e-04  1.71487810e-07 
 4.23600000e-04  1.57653542e-07 
 4.23700000e-04  1.57078078e-07 
 4.23800000e-04  1.56825229e-07 
 4.23900000e-04  1.56630764e-07 
 4.24000000e-04  1.56496384e-07 
 4.24100000e-04  1.72654092e-07 
 4.24200000e-04  1.72454316e-07 
 4.24300000e-04  1.72357122e-07 
 4.24400000e-04  1.72267113e-07 
 4.24500000e-04  1.72214577e-07 
 4.24600000e-04  1.59470654e-07 
 4.24700000e-04  1.59109874e-07 
 4.24800000e-04  1.58929533e-07 
 4.24900000e-04  1.58803488e-07 
 4.25000000e-04  1.58733304e-07 
 4.25100000e-04  1.72392078e-07 
 4.25200000e-04  1.72145760e-07 
 4.25300000e-04  1.72053723e-07 
 4.25400000e-04  1.71973294e-07 
 4.25500000e-04  1.71938986e-07 
 4.25600000e-04  1.57939629e-07 
 4.25700000e-04  1.57539279e-07 
 4.25800000e-04  1.57322005e-07 
 4.25900000e-04  1.57158259e-07 
 4.26000000e-04  1.57049584e-07 
 4.26100000e-04  1.73748983e-07 
 4.26200000e-04  1.73433751e-07 
 4.26300000e-04  1.73311229e-07 
 4.26400000e-04  1.73202230e-07 
 4.26500000e-04  1.73159496e-07 
 4.26600000e-04  1.61701548e-07 
 4.26700000e-04  1.61347333e-07 
 4.26800000e-04  1.61161238e-07 
 4.26900000e-04  1.61039014e-07 
 4.27000000e-04  1.60982527e-07 
 4.27100000e-04  1.72457516e-07 
 4.27200000e-04  1.72168367e-07 
 4.27300000e-04  1.72065213e-07 
 4.27400000e-04  1.71975298e-07 
 4.27500000e-04  1.71933898e-07 
 4.27600000e-04  1.57983211e-07 
 4.27700000e-04  1.57568443e-07 
 4.27800000e-04  1.57328913e-07 
 4.27900000e-04  1.57154259e-07 
 4.28000000e-04  1.57046379e-07 
 4.28100000e-04  1.73219835e-07 
 4.28200000e-04  1.73007914e-07 
 4.28300000e-04  1.72915553e-07 
 4.28400000e-04  1.72832237e-07 
 4.28500000e-04  1.72777534e-07 
 4.28600000e-04  1.60031884e-07 
 4.28700000e-04  1.59688946e-07 
 4.28800000e-04  1.59498151e-07 
 4.28900000e-04  1.59365777e-07 
 4.29000000e-04  1.59293517e-07 
 4.29100000e-04  1.72972797e-07 
 4.29200000e-04  1.72723153e-07 
 4.29300000e-04  1.72635073e-07 
 4.29400000e-04  1.72559002e-07 
 4.29500000e-04  1.72527425e-07 
 4.29600000e-04  1.58528497e-07 
 4.29700000e-04  1.58117634e-07 
 4.29800000e-04  1.57910235e-07 
 4.29900000e-04  1.57750492e-07 
 4.30000000e-04  1.57639757e-07 
 4.30100000e-04  1.74894144e-07 
 4.30200000e-04  1.74461696e-07 
 4.30300000e-04  1.74310025e-07 
 4.30400000e-04  1.74178057e-07 
 4.30500000e-04  1.74121140e-07 
 4.30600000e-04  1.63955059e-07 
 4.30700000e-04  1.63583612e-07 
 4.30800000e-04  1.63411908e-07 
 4.30900000e-04  1.63302541e-07 
 4.31000000e-04  1.63257326e-07 
 4.31100000e-04  1.72572255e-07 
 4.31200000e-04  1.72252158e-07 
 4.31300000e-04  1.72133797e-07 
 4.31400000e-04  1.72028754e-07 
 4.31500000e-04  1.71991887e-07 
 4.31600000e-04  1.58067116e-07 
 4.31700000e-04  1.57580444e-07 
 4.31800000e-04  1.57346114e-07 
 4.31900000e-04  1.57173623e-07 
 4.32000000e-04  1.57064772e-07 
 4.32100000e-04  1.73237053e-07 
 4.32200000e-04  1.73029421e-07 
 4.32300000e-04  1.72931174e-07 
 4.32400000e-04  1.72840946e-07 
 4.32500000e-04  1.72796322e-07 
 4.32600000e-04  1.60024672e-07 
 4.32700000e-04  1.59692588e-07 
 4.32800000e-04  1.59513664e-07 
 4.32900000e-04  1.59383083e-07 
 4.33000000e-04  1.59302211e-07 
 4.33100000e-04  1.72995373e-07 
 4.33200000e-04  1.72738754e-07 
 4.33300000e-04  1.72648673e-07 
 4.33400000e-04  1.72571153e-07 
 4.33500000e-04  1.72531609e-07 
 4.33600000e-04  1.58526677e-07 
 4.33700000e-04  1.58124882e-07 
 4.33800000e-04  1.57909141e-07 
 4.33900000e-04  1.57745874e-07 
 4.34000000e-04  1.57636581e-07 
 4.34100000e-04  1.74364574e-07 
 4.34200000e-04  1.74047659e-07 
 4.34300000e-04  1.73925351e-07 
 4.34400000e-04  1.73816694e-07 
 4.34500000e-04  1.73767466e-07 
 4.34600000e-04  1.62276146e-07 
 4.34700000e-04  1.61942392e-07 
 4.34800000e-04  1.61762407e-07 
 4.34900000e-04  1.61638845e-07 
 4.35000000e-04  1.61573329e-07 
 4.35100000e-04  1.73068632e-07 
 4.35200000e-04  1.72778475e-07 
 4.35300000e-04  1.72681080e-07 
 4.35400000e-04  1.72597223e-07 
 4.35500000e-04  1.72555337e-07 
 4.35600000e-04  1.58580862e-07 
 4.35700000e-04  1.58139594e-07 
 4.35800000e-04  1.57923370e-07 
 4.35900000e-04  1.57755527e-07 
 4.36000000e-04  1.57637434e-07 
 4.36100000e-04  1.73834738e-07 
 4.36200000e-04  1.73627461e-07 
 4.36300000e-04  1.73530165e-07 
 4.36400000e-04  1.73440500e-07 
 4.36500000e-04  1.73392688e-07 
 4.36600000e-04  1.60620802e-07 
 4.36700000e-04  1.60267671e-07 
 4.36800000e-04  1.60093623e-07 
 4.36900000e-04  1.59969974e-07 
 4.37000000e-04  1.59898153e-07 
 4.37100000e-04  1.73606298e-07 
 4.37200000e-04  1.73352677e-07 
 4.37300000e-04  1.73263821e-07 
 4.37400000e-04  1.73187191e-07 
 4.37500000e-04  1.73152593e-07 
 4.37600000e-04  1.59111293e-07 
 4.37700000e-04  1.58703154e-07 
 4.37800000e-04  1.58496833e-07 
 4.37900000e-04  1.58335825e-07 
 4.38000000e-04  1.58221397e-07 
 4.38100000e-04  1.76043638e-07 
 4.38200000e-04  1.75508369e-07 
 4.38300000e-04  1.75327849e-07 
 4.38400000e-04  1.75171328e-07 
 4.38500000e-04  1.75100201e-07 
 4.38600000e-04  1.66188709e-07 
 4.38700000e-04  1.65841785e-07 
 4.38800000e-04  1.65674846e-07 
 4.38900000e-04  1.65573056e-07 
 4.39000000e-04  1.65538310e-07 
 4.39100000e-04  1.72846362e-07 
 4.39200000e-04  1.72433889e-07 
 4.39300000e-04  1.72279843e-07 
 4.39400000e-04  1.72143271e-07 
 4.39500000e-04  1.72071034e-07 
 4.39600000e-04  1.58167290e-07 
 4.39700000e-04  1.57643703e-07 
 4.39800000e-04  1.57391809e-07 
 4.39900000e-04  1.57205032e-07 
 4.40000000e-04  1.57085264e-07 
 4.40100000e-04  1.73275696e-07 
 4.40200000e-04  1.73055484e-07 
 4.40300000e-04  1.72956306e-07 
 4.40400000e-04  1.72866141e-07 
 4.40500000e-04  1.72811311e-07 
 4.40600000e-04  1.60039675e-07 
 4.40700000e-04  1.59691482e-07 
 4.40800000e-04  1.59522669e-07 
 4.40900000e-04  1.59398441e-07 
 4.41000000e-04  1.59320042e-07 
 4.41100000e-04  1.72990864e-07 
 4.41200000e-04  1.72753887e-07 
 4.41300000e-04  1.72668778e-07 
 4.41400000e-04  1.72594173e-07 
 4.41500000e-04  1.72545691e-07 
 4.41600000e-04  1.58522112e-07 
 4.41700000e-04  1.58137598e-07 
 4.41800000e-04  1.57927794e-07 
 4.41900000e-04  1.57762777e-07 
 4.42000000e-04  1.57643793e-07 
 4.42100000e-04  1.74376040e-07 
 4.42200000e-04  1.74057898e-07 
 4.42300000e-04  1.73930717e-07 
 4.42400000e-04  1.73816590e-07 
 4.42500000e-04  1.73765720e-07 
 4.42600000e-04  1.62299153e-07 
 4.42700000e-04  1.61950129e-07 
 4.42800000e-04  1.61764604e-07 
 4.42900000e-04  1.61643831e-07 
 4.43000000e-04  1.61589689e-07 
 4.43100000e-04  1.73078644e-07 
 4.43200000e-04  1.72787430e-07 
 4.43300000e-04  1.72693392e-07 
 4.43400000e-04  1.72613094e-07 
 4.43500000e-04  1.72555084e-07 
 4.43600000e-04  1.58584046e-07 
 4.43700000e-04  1.58155711e-07 
 4.43800000e-04  1.57920045e-07 
 4.43900000e-04  1.57749665e-07 
 4.44000000e-04  1.57646468e-07 
 4.44100000e-04  1.73844193e-07 
 4.44200000e-04  1.73638514e-07 
 4.44300000e-04  1.73540490e-07 
 4.44400000e-04  1.73450393e-07 
 4.44500000e-04  1.73399021e-07 
 4.44600000e-04  1.60614859e-07 
 4.44700000e-04  1.60265912e-07 
 4.44800000e-04  1.60092108e-07 
 4.44900000e-04  1.59963687e-07 
 4.45000000e-04  1.59881914e-07 
 4.45100000e-04  1.73609077e-07 
 4.45200000e-04  1.73349509e-07 
 4.45300000e-04  1.73254764e-07 
 4.45400000e-04  1.73172389e-07 
 4.45500000e-04  1.73130859e-07 
 4.45600000e-04  1.59105088e-07 
 4.45700000e-04  1.58723086e-07 
 4.45800000e-04  1.58506848e-07 
 4.45900000e-04  1.58340316e-07 
 4.46000000e-04  1.58224889e-07 
 4.46100000e-04  1.75529968e-07 
 4.46200000e-04  1.75095481e-07 
 4.46300000e-04  1.74937982e-07 
 4.46400000e-04  1.74799487e-07 
 4.46500000e-04  1.74733871e-07 
 4.46600000e-04  1.64540349e-07 
 4.46700000e-04  1.64197255e-07 
 4.46800000e-04  1.64022632e-07 
 4.46900000e-04  1.63906561e-07 
 4.47000000e-04  1.63850718e-07 
 4.47100000e-04  1.73201344e-07 
 4.47200000e-04  1.72885387e-07 
 4.47300000e-04  1.72763997e-07 
 4.47400000e-04  1.72655531e-07 
 4.47500000e-04  1.72604533e-07 
 4.47600000e-04  1.58645251e-07 
 4.47700000e-04  1.58167789e-07 
 4.47800000e-04  1.57936891e-07 
 4.47900000e-04  1.57767601e-07 
 4.48000000e-04  1.57661695e-07 
 4.48100000e-04  1.73869318e-07 
 4.48200000e-04  1.73641972e-07 
 4.48300000e-04  1.73551775e-07 
 4.48400000e-04  1.73472196e-07 
 4.48500000e-04  1.73416898e-07 
 4.48600000e-04  1.60620015e-07 
 4.48700000e-04  1.60275908e-07 
 4.48800000e-04  1.60096592e-07 
 4.48900000e-04  1.59974102e-07 
 4.49000000e-04  1.59910055e-07 
 4.49100000e-04  1.73604760e-07 
 4.49200000e-04  1.73355026e-07 
 4.49300000e-04  1.73273143e-07 
 4.49400000e-04  1.73203278e-07 
 4.49500000e-04  1.73145059e-07 
 4.49600000e-04  1.59112725e-07 
 4.49700000e-04  1.58717095e-07 
 4.49800000e-04  1.58510197e-07 
 4.49900000e-04  1.58349206e-07 
 4.50000000e-04  1.58235395e-07 
 4.50100000e-04  1.75001489e-07 
 4.50200000e-04  1.74672543e-07 
 4.50300000e-04  1.74552235e-07 
 4.50400000e-04  1.74447007e-07 
 4.50500000e-04  1.74378588e-07 
 4.50600000e-04  1.62867671e-07 
 4.50700000e-04  1.62518285e-07 
 4.50800000e-04  1.62345754e-07 
 4.50900000e-04  1.62228367e-07 
 4.51000000e-04  1.62167691e-07 
 4.51100000e-04  1.73698837e-07 
 4.51200000e-04  1.73409878e-07 
 4.51300000e-04  1.73308112e-07 
 4.51400000e-04  1.73219125e-07 
 4.51500000e-04  1.73163844e-07 
 4.51600000e-04  1.59169632e-07 
 4.51700000e-04  1.58737958e-07 
 4.51800000e-04  1.58520341e-07 
 4.51900000e-04  1.58349310e-07 
 4.52000000e-04  1.58226161e-07 
 4.52100000e-04  1.74457458e-07 
 4.52200000e-04  1.74262439e-07 
 4.52300000e-04  1.74166079e-07 
 4.52400000e-04  1.74076298e-07 
 4.52500000e-04  1.74020080e-07 
 4.52600000e-04  1.61215019e-07 
 4.52700000e-04  1.60870280e-07 
 4.52800000e-04  1.60691567e-07 
 4.52900000e-04  1.60563954e-07 
 4.53000000e-04  1.60488874e-07 
 4.53100000e-04  1.74225567e-07 
 4.53200000e-04  1.73978234e-07 
 4.53300000e-04  1.73886433e-07 
 4.53400000e-04  1.73805701e-07 
 4.53500000e-04  1.73774163e-07 
 4.53600000e-04  1.59692199e-07 
 4.53700000e-04  1.59309135e-07 
 4.53800000e-04  1.59092506e-07 
 4.53900000e-04  1.58929518e-07 
 4.54000000e-04  1.58821688e-07 
 4.54100000e-04  1.77719198e-07 
 4.54200000e-04  1.76974100e-07 
 4.54300000e-04  1.76744945e-07 
 4.54400000e-04  1.76549792e-07 
 4.54500000e-04  1.76456238e-07 
 4.54600000e-04  1.70106437e-07 
 4.54700000e-04  1.69752924e-07 
 4.54800000e-04  1.69593871e-07 
 4.54900000e-04  1.69506841e-07 
 4.55000000e-04  1.69493937e-07 
 4.55100000e-04  1.73011581e-07 
 4.55200000e-04  1.72043352e-07 
 4.55300000e-04  1.71786240e-07 
 4.55400000e-04  1.71574943e-07 
 4.55500000e-04  1.71481301e-07 
 4.55600000e-04  1.57671676e-07 
 4.55700000e-04  1.57085579e-07 
 4.55800000e-04  1.56808750e-07 
 4.55900000e-04  1.56611151e-07 
 4.56000000e-04  1.56495108e-07 
 4.56100000e-04  1.72654593e-07 
 4.56200000e-04  1.72445115e-07 
 4.56300000e-04  1.72352692e-07 
 4.56400000e-04  1.72268915e-07 
 4.56500000e-04  1.72202378e-07 
 4.56600000e-04  1.59456045e-07 
 4.56700000e-04  1.59119759e-07 
 4.56800000e-04  1.58930786e-07 
 4.56900000e-04  1.58794800e-07 
 4.57000000e-04  1.58713291e-07 
 4.57100000e-04  1.72384441e-07 
 4.57200000e-04  1.72134264e-07 
 4.57300000e-04  1.72043518e-07 
 4.57400000e-04  1.71964148e-07 
 4.57500000e-04  1.71923861e-07 
 4.57600000e-04  1.57944588e-07 
 4.57700000e-04  1.57550106e-07 
 4.57800000e-04  1.57331472e-07 
 4.57900000e-04  1.57165799e-07 
 4.58000000e-04  1.57054579e-07 
 4.58100000e-04  1.73740966e-07 
 4.58200000e-04  1.73443374e-07 
 4.58300000e-04  1.73320533e-07 
 4.58400000e-04  1.73209107e-07 
 4.58500000e-04  1.73146101e-07 
 4.58600000e-04  1.61712210e-07 
 4.58700000e-04  1.61339563e-07 
 4.58800000e-04  1.61170172e-07 
 4.58900000e-04  1.61049740e-07 
 4.59000000e-04  1.60979635e-07 
 4.59100000e-04  1.72444889e-07 
 4.59200000e-04  1.72162183e-07 
 4.59300000e-04  1.72065687e-07 
 4.59400000e-04  1.71982004e-07 
 4.59500000e-04  1.71945866e-07 
 4.59600000e-04  1.57992883e-07 
 4.59700000e-04  1.57552283e-07 
 4.59800000e-04  1.57325724e-07 
 4.59900000e-04  1.57159197e-07 
 4.60000000e-04  1.57054416e-07 
 4.60100000e-04  1.73216017e-07 
 4.60200000e-04  1.73008605e-07 
 4.60300000e-04  1.72916849e-07 
 4.60400000e-04  1.72833335e-07 
 4.60500000e-04  1.72789984e-07 
 4.60600000e-04  1.60024131e-07 
 4.60700000e-04  1.59697869e-07 
 4.60800000e-04  1.59498126e-07 
 4.60900000e-04  1.59363906e-07 
 4.61000000e-04  1.59297098e-07 
 4.61100000e-04  1.72975155e-07 
 4.61200000e-04  1.72737467e-07 
 4.61300000e-04  1.72644277e-07 
 4.61400000e-04  1.72561361e-07 
 4.61500000e-04  1.72523210e-07 
 4.61600000e-04  1.58530166e-07 
 4.61700000e-04  1.58125569e-07 
 4.61800000e-04  1.57907721e-07 
 4.61900000e-04  1.57744099e-07 
 4.62000000e-04  1.57636229e-07 
 4.62100000e-04  1.74892629e-07 
 4.62200000e-04  1.74462221e-07 
 4.62300000e-04  1.74315648e-07 
 4.62400000e-04  1.74188519e-07 
 4.62500000e-04  1.74122845e-07 
 4.62600000e-04  1.63947907e-07 
 4.62700000e-04  1.63598932e-07 
 4.62800000e-04  1.63417800e-07 
 4.62900000e-04  1.63301895e-07 
 4.63000000e-04  1.63253098e-07 
 4.63100000e-04  1.72577136e-07 
 4.63200000e-04  1.72254296e-07 
 4.63300000e-04  1.72136149e-07 
 4.63400000e-04  1.72032158e-07 
 4.63500000e-04  1.71993874e-07 
 4.63600000e-04  1.58059844e-07 
 4.63700000e-04  1.57583588e-07 
 4.63800000e-04  1.57349664e-07 
 4.63900000e-04  1.57177958e-07 
 4.64000000e-04  1.57070254e-07 
 4.64100000e-04  1.73237795e-07 
 4.64200000e-04  1.73027961e-07 
 4.64300000e-04  1.72931847e-07 
 4.64400000e-04  1.72843847e-07 
 4.64500000e-04  1.72792765e-07 
 4.64600000e-04  1.60031614e-07 
 4.64700000e-04  1.59684037e-07 
 4.64800000e-04  1.59502751e-07 
 4.64900000e-04  1.59374191e-07 
 4.65000000e-04  1.59299837e-07 
 4.65100000e-04  1.72996546e-07 
 4.65200000e-04  1.72740184e-07 
 4.65300000e-04  1.72646099e-07 
 4.65400000e-04  1.72564314e-07 
 4.65500000e-04  1.72532874e-07 
 4.65600000e-04  1.58530784e-07 
 4.65700000e-04  1.58122336e-07 
 4.65800000e-04  1.57916619e-07 
 4.65900000e-04  1.57753747e-07 
 4.66000000e-04  1.57634886e-07 
 4.66100000e-04  1.74372358e-07 
 4.66200000e-04  1.74045042e-07 
 4.66300000e-04  1.73929417e-07 
 4.66400000e-04  1.73829110e-07 
 4.66500000e-04  1.73765732e-07 
 4.66600000e-04  1.62275328e-07 
 4.66700000e-04  1.61930716e-07 
 4.66800000e-04  1.61751279e-07 
 4.66900000e-04  1.61634420e-07 
 4.67000000e-04  1.61581927e-07 
 4.67100000e-04  1.73068270e-07 
 4.67200000e-04  1.72786599e-07 
 4.67300000e-04  1.72687247e-07 
 4.67400000e-04  1.72600286e-07 
 4.67500000e-04  1.72548117e-07 
 4.67600000e-04  1.58582646e-07 
 4.67700000e-04  1.58137862e-07 
 4.67800000e-04  1.57917619e-07 
 4.67900000e-04  1.57749312e-07 
 4.68000000e-04  1.57634389e-07 
 4.68100000e-04  1.73829877e-07 
 4.68200000e-04  1.73619023e-07 
 4.68300000e-04  1.73530559e-07 
 4.68400000e-04  1.73450847e-07 
 4.68500000e-04  1.73402022e-07 
 4.68600000e-04  1.60623277e-07 
 4.68700000e-04  1.60266051e-07 
 4.68800000e-04  1.60090225e-07 
 4.68900000e-04  1.59964460e-07 
 4.69000000e-04  1.59890146e-07 
 4.69100000e-04  1.73608702e-07 
 4.69200000e-04  1.73353774e-07 
 4.69300000e-04  1.73255973e-07 
 4.69400000e-04  1.73169840e-07 
 4.69500000e-04  1.73136655e-07 
 4.69600000e-04  1.59107622e-07 
 4.69700000e-04  1.58723823e-07 
 4.69800000e-04  1.58504409e-07 
 4.69900000e-04  1.58341697e-07 
 4.70000000e-04  1.58237285e-07 
 4.70100000e-04  1.76042219e-07 
 4.70200000e-04  1.75505395e-07 
 4.70300000e-04  1.75330336e-07 
 4.70400000e-04  1.75179827e-07 
 4.70500000e-04  1.75094770e-07 
 4.70600000e-04  1.66185674e-07 
 4.70700000e-04  1.65832398e-07 
 4.70800000e-04  1.65680811e-07 
 4.70900000e-04  1.65579609e-07 
 4.71000000e-04  1.65530189e-07 
 4.71100000e-04  1.72860814e-07 
 4.71200000e-04  1.72448627e-07 
 4.71300000e-04  1.72282526e-07 
 4.71400000e-04  1.72133101e-07 
 4.71500000e-04  1.72065261e-07 
 4.71600000e-04  1.58163614e-07 
 4.71700000e-04  1.57642424e-07 
 4.71800000e-04  1.57393877e-07 
 4.71900000e-04  1.57208687e-07 
 4.72000000e-04  1.57088660e-07 
 4.72100000e-04  1.73266264e-07 
 4.72200000e-04  1.73052942e-07 
 4.72300000e-04  1.72958909e-07 
 4.72400000e-04  1.72873452e-07 
 4.72500000e-04  1.72819455e-07 
 4.72600000e-04  1.60051156e-07 
 4.72700000e-04  1.59701883e-07 
 4.72800000e-04  1.59511526e-07 
 4.72900000e-04  1.59384274e-07 
 4.73000000e-04  1.59321925e-07 
 4.73100000e-04  1.72993258e-07 
 4.73200000e-04  1.72755756e-07 
 4.73300000e-04  1.72662290e-07 
 4.73400000e-04  1.72578646e-07 
 4.73500000e-04  1.72539715e-07 
 4.73600000e-04  1.58533743e-07 
 4.73700000e-04  1.58142391e-07 
 4.73800000e-04  1.57919944e-07 
 4.73900000e-04  1.57749211e-07 
 4.74000000e-04  1.57631629e-07 
 4.74100000e-04  1.74372339e-07 
 4.74200000e-04  1.74051210e-07 
 4.74300000e-04  1.73931318e-07 
 4.74400000e-04  1.73825646e-07 
 4.74500000e-04  1.73769584e-07 
 4.74600000e-04  1.62288816e-07 
 4.74700000e-04  1.61941724e-07 
 4.74800000e-04  1.61767730e-07 
 4.74900000e-04  1.61645712e-07 
 4.75000000e-04  1.61577116e-07 
 4.75100000e-04  1.73084699e-07 
 4.75200000e-04  1.72787034e-07 
 4.75300000e-04  1.72684241e-07 
 4.75400000e-04  1.72594998e-07 
 4.75500000e-04  1.72551890e-07 
 4.75600000e-04  1.58584964e-07 
 4.75700000e-04  1.58141500e-07 
 4.75800000e-04  1.57930071e-07 
 4.75900000e-04  1.57761064e-07 
 4.76000000e-04  1.57635618e-07 
 4.76100000e-04  1.73843437e-07 
 4.76200000e-04  1.73628176e-07 
 4.76300000e-04  1.73535011e-07 
 4.76400000e-04  1.73450729e-07 
 4.76500000e-04  1.73403110e-07 
 4.76600000e-04  1.60621047e-07 
 4.76700000e-04  1.60270576e-07 
 4.76800000e-04  1.60094548e-07 
 4.76900000e-04  1.59966458e-07 
 4.77000000e-04  1.59887616e-07 
 4.77100000e-04  1.73595336e-07 
 4.77200000e-04  1.73356997e-07 
 4.77300000e-04  1.73269459e-07 
 4.77400000e-04  1.73192707e-07 
 4.77500000e-04  1.73149061e-07 
 4.77600000e-04  1.59110407e-07 
 4.77700000e-04  1.58715297e-07 
 4.77800000e-04  1.58509060e-07 
 4.77900000e-04  1.58347056e-07 
 4.78000000e-04  1.58230481e-07 
 4.78100000e-04  1.75508446e-07 
 4.78200000e-04  1.75096844e-07 
 4.78300000e-04  1.74946286e-07 
 4.78400000e-04  1.74813037e-07 
 4.78500000e-04  1.74737039e-07 
 4.78600000e-04  1.64537315e-07 
 4.78700000e-04  1.64189168e-07 
 4.78800000e-04  1.64019987e-07 
 4.78900000e-04  1.63909886e-07 
 4.79000000e-04  1.63860530e-07 
 4.79100000e-04  1.73191258e-07 
 4.79200000e-04  1.72886428e-07 
 4.79300000e-04  1.72762000e-07 
 4.79400000e-04  1.72649127e-07 
 4.79500000e-04  1.72599138e-07 
 4.79600000e-04  1.58641289e-07 
 4.79700000e-04  1.58182432e-07 
 4.79800000e-04  1.57942795e-07 
 4.79900000e-04  1.57769614e-07 
 4.80000000e-04  1.57664793e-07 
 4.80100000e-04  1.73866400e-07 
 4.80200000e-04  1.73647437e-07 
 4.80300000e-04  1.73547294e-07 
 4.80400000e-04  1.73456147e-07 
 4.80500000e-04  1.73409889e-07 
 4.80600000e-04  1.60624196e-07 
 4.80700000e-04  1.60289982e-07 
 4.80800000e-04  1.60098737e-07 
 4.80900000e-04  1.59970543e-07 
 4.81000000e-04  1.59907191e-07 
 4.81100000e-04  1.73606431e-07 
 4.81200000e-04  1.73373890e-07 
 4.81300000e-04  1.73271964e-07 
 4.81400000e-04  1.73178552e-07 
 4.81500000e-04  1.73160889e-07 
 4.81600000e-04  1.59119837e-07 
 4.81700000e-04  1.58727201e-07 
 4.81800000e-04  1.58507156e-07 
 4.81900000e-04  1.58345087e-07 
 4.82000000e-04  1.58242617e-07 
 4.82100000e-04  1.74993370e-07 
 4.82200000e-04  1.74662055e-07 
 4.82300000e-04  1.74545175e-07 
 4.82400000e-04  1.74443831e-07 
 4.82500000e-04  1.74377715e-07 
 4.82600000e-04  1.62867908e-07 
 4.82700000e-04  1.62529854e-07 
 4.82800000e-04  1.62352139e-07 
 4.82900000e-04  1.62231061e-07 
 4.83000000e-04  1.62168206e-07 
 4.83100000e-04  1.73683803e-07 
 4.83200000e-04  1.73410053e-07 
 4.83300000e-04  1.73304072e-07 
 4.83400000e-04  1.73209092e-07 
 4.83500000e-04  1.73174786e-07 
 4.83600000e-04  1.59166544e-07 
 4.83700000e-04  1.58735293e-07 
 4.83800000e-04  1.58518181e-07 
 4.83900000e-04  1.58350941e-07 
 4.84000000e-04  1.58234940e-07 
 4.84100000e-04  1.74460609e-07 
 4.84200000e-04  1.74249565e-07 
 4.84300000e-04  1.74159109e-07 
 4.84400000e-04  1.74077598e-07 
 4.84500000e-04  1.74018379e-07 
 4.84600000e-04  1.61217226e-07 
 4.84700000e-04  1.60858698e-07 
 4.84800000e-04  1.60691333e-07 
 4.84900000e-04  1.60568588e-07 
 4.85000000e-04  1.60491663e-07 
 4.85100000e-04  1.74225137e-07 
 4.85200000e-04  1.73986666e-07 
 4.85300000e-04  1.73891519e-07 
 4.85400000e-04  1.73806414e-07 
 4.85500000e-04  1.73751734e-07 
 4.85600000e-04  1.59691556e-07 
 4.85700000e-04  1.59294958e-07 
 4.85800000e-04  1.59087490e-07 
 4.85900000e-04  1.58932962e-07 
 4.86000000e-04  1.58832840e-07 
 4.86100000e-04  1.77206336e-07 
 4.86200000e-04  1.76552688e-07 
 4.86300000e-04  1.76340330e-07 
 4.86400000e-04  1.76157856e-07 
 4.86500000e-04  1.76073990e-07 
 4.86600000e-04  1.68455911e-07 
 4.86700000e-04  1.68105339e-07 
 4.86800000e-04  1.67938854e-07 
 4.86900000e-04  1.67843081e-07 
 4.87000000e-04  1.67820048e-07 
 4.87100000e-04  1.73494739e-07 
 4.87200000e-04  1.72683177e-07 
 4.87300000e-04  1.72427979e-07 
 4.87400000e-04  1.72210511e-07 
 4.87500000e-04  1.72114324e-07 
 4.87600000e-04  1.58234308e-07 
 4.87700000e-04  1.57666603e-07 
 4.87800000e-04  1.57409519e-07 
 4.87900000e-04  1.57219653e-07 
 4.88000000e-04  1.57098917e-07 
 4.88100000e-04  1.73277955e-07 
 4.88200000e-04  1.73059929e-07 
 4.88300000e-04  1.72968025e-07 
 4.88400000e-04  1.72885577e-07 
 4.88500000e-04  1.72828367e-07 
 4.88600000e-04  1.60059781e-07 
 4.88700000e-04  1.59698788e-07 
 4.88800000e-04  1.59520025e-07 
 4.88900000e-04  1.59392566e-07 
 4.89000000e-04  1.59318089e-07 
 4.89100000e-04  1.73163081e-07 
 4.89200000e-04  1.72811340e-07 
 4.89300000e-04  1.72675793e-07 
 4.89400000e-04  1.72605606e-07 
 4.89500000e-04  1.72550640e-07 
 4.89600000e-04  1.58550854e-07 
 4.89700000e-04  1.58158672e-07 
 4.89800000e-04  1.57940269e-07 
 4.89900000e-04  1.57768601e-07 
 4.90000000e-04  1.57644969e-07 
 4.90100000e-04  1.74369456e-07 
 4.90200000e-04  1.74045863e-07 
 4.90300000e-04  1.73923796e-07 
 4.90400000e-04  1.73815766e-07 
 4.90500000e-04  1.73775740e-07 
 4.90600000e-04  1.62302545e-07 
 4.90700000e-04  1.61941265e-07 
 4.90800000e-04  1.61770018e-07 
 4.90900000e-04  1.61648935e-07 
 4.91000000e-04  1.61579450e-07 
 4.91100000e-04  1.73067645e-07 
 4.91200000e-04  1.72788706e-07 
 4.91300000e-04  1.72688508e-07 
 4.91400000e-04  1.72600108e-07 
 4.91500000e-04  1.72556975e-07 
 4.91600000e-04  1.58579076e-07 
 4.91700000e-04  1.58138609e-07 
 4.91800000e-04  1.57924340e-07 
 4.91900000e-04  1.57763619e-07 
 4.92000000e-04  1.57658004e-07 
 4.92100000e-04  1.73839305e-07 
 4.92200000e-04  1.73639003e-07 
 4.92300000e-04  1.73541555e-07 
 4.92400000e-04  1.73450951e-07 
 4.92500000e-04  1.73402967e-07 
 4.92600000e-04  1.60620613e-07 
 4.92700000e-04  1.60282996e-07 
 4.92800000e-04  1.60100239e-07 
 4.92900000e-04  1.59965290e-07 
 4.93000000e-04  1.59879544e-07 
 4.93100000e-04  1.73607006e-07 
 4.93200000e-04  1.73358249e-07 
 4.93300000e-04  1.73262015e-07 
 4.93400000e-04  1.73176922e-07 
 4.93500000e-04  1.73154072e-07 
 4.93600000e-04  1.59115553e-07 
 4.93700000e-04  1.58726626e-07 
 4.93800000e-04  1.58513334e-07 
 4.93900000e-04  1.58351785e-07 
 4.94000000e-04  1.58243647e-07 
 4.94100000e-04  1.75941221e-07 
 4.94200000e-04  1.75292294e-07 
 4.94300000e-04  1.75093810e-07 
 4.94400000e-04  1.75016281e-07 
 4.94500000e-04  1.74957138e-07 
 4.94600000e-04  1.64836814e-07 
 4.94700000e-04  1.64486019e-07 
 4.94800000e-04  1.64299001e-07 
 4.94900000e-04  1.64153232e-07 
 4.95000000e-04  1.64049940e-07 
 4.95100000e-04  1.73195142e-07 
 4.95200000e-04  1.72870844e-07 
 4.95300000e-04  1.72762520e-07 
 4.95400000e-04  1.72668661e-07 
 4.95500000e-04  1.72612207e-07 
 4.95600000e-04  1.58658960e-07 
 4.95700000e-04  1.58172644e-07 
 4.95800000e-04  1.57938711e-07 
 4.95900000e-04  1.57769463e-07 
 4.96000000e-04  1.57666889e-07 
 4.96100000e-04  1.73854909e-07 
 4.96200000e-04  1.73645286e-07 
 4.96300000e-04  1.73556331e-07 
 4.96400000e-04  1.73476005e-07 
 4.96500000e-04  1.73417420e-07 
 4.96600000e-04  1.60624672e-07 
 4.96700000e-04  1.60278001e-07 
 4.96800000e-04  1.60101525e-07 
 4.96900000e-04  1.59973625e-07 
 4.97000000e-04  1.59895801e-07 
 4.97100000e-04  1.73607571e-07 
 4.97200000e-04  1.73358429e-07 
 4.97300000e-04  1.73262868e-07 
 4.97400000e-04  1.73178529e-07 
 4.97500000e-04  1.73142467e-07 
 4.97600000e-04  1.59128107e-07 
 4.97700000e-04  1.58729461e-07 
 4.97800000e-04  1.58512143e-07 
 4.97900000e-04  1.58346352e-07 
 4.98000000e-04  1.58233707e-07 
 4.98100000e-04  1.74980148e-07 
 4.98200000e-04  1.74669676e-07 
 4.98300000e-04  1.74547956e-07 
 4.98400000e-04  1.74439090e-07 
 4.98500000e-04  1.74389472e-07 
 4.98600000e-04  1.62870288e-07 
 4.98700000e-04  1.62536424e-07 
 4.98800000e-04  1.62349492e-07 
 4.98900000e-04  1.62226486e-07 
 4.99000000e-04  1.62169434e-07 
 4.99100000e-04  1.73704306e-07 
 4.99200000e-04  1.73398681e-07 
 4.99300000e-04  1.73294852e-07 
 4.99400000e-04  1.73205103e-07 
 4.99500000e-04  1.73179323e-07 
 4.99600000e-04  1.59171246e-07 
 4.99700000e-04  1.58734089e-07 
 4.99800000e-04  1.58514616e-07 
 4.99900000e-04  1.58346790e-07 
 5.00000000e-04  1.58232250e-07 
 5.00100000e-04  1.74460364e-07 
 5.00200000e-04  1.74261932e-07 
 5.00300000e-04  1.74169184e-07 
 5.00400000e-04  1.74083879e-07 
 5.00500000e-04  1.74028727e-07 
 5.00600000e-04  1.61204735e-07 
 5.00700000e-04  1.60874765e-07 
 5.00800000e-04  1.60688309e-07 
 5.00900000e-04  1.60559450e-07 
 5.01000000e-04  1.60490015e-07 
 5.01100000e-04  1.74238367e-07 
 5.01200000e-04  1.73980920e-07 
 5.01300000e-04  1.73887503e-07 
 5.01400000e-04  1.73806363e-07 
 5.01500000e-04  1.73767871e-07 
 5.01600000e-04  1.59696229e-07 
 5.01700000e-04  1.59301727e-07 
 5.01800000e-04  1.59104431e-07 
 5.01900000e-04  1.58946968e-07 
 5.02000000e-04  1.58830600e-07 
 5.02100000e-04  1.76681450e-07 
 5.02200000e-04  1.76131493e-07 
 5.02300000e-04  1.75956546e-07 
 5.02400000e-04  1.75807711e-07 
 5.02500000e-04  1.75710032e-07 
 5.02600000e-04  1.66779046e-07 
 5.02700000e-04  1.66442447e-07 
 5.02800000e-04  1.66276952e-07 
 5.02900000e-04  1.66171765e-07 
 5.03000000e-04  1.66128800e-07 
 5.03100000e-04  1.73485605e-07 
 5.03200000e-04  1.73067451e-07 
 5.03300000e-04  1.72900292e-07 
 5.03400000e-04  1.72749978e-07 
 5.03500000e-04  1.72682742e-07 
 5.03600000e-04  1.58760610e-07 
 5.03700000e-04  1.58250302e-07 
 5.03800000e-04  1.58000857e-07 
 5.03900000e-04  1.57816582e-07 
 5.04000000e-04  1.57699543e-07 
 5.04100000e-04  1.73906318e-07 
 5.04200000e-04  1.73688169e-07 
 5.04300000e-04  1.73579020e-07 
 5.04400000e-04  1.73477617e-07 
 5.04500000e-04  1.73432715e-07 
 5.04600000e-04  1.60637899e-07 
 5.04700000e-04  1.60295761e-07 
 5.04800000e-04  1.60113578e-07 
 5.04900000e-04  1.59984991e-07 
 5.05000000e-04  1.59911699e-07 
 5.05100000e-04  1.73630304e-07 
 5.05200000e-04  1.73377786e-07 
 5.05300000e-04  1.73279422e-07 
 5.05400000e-04  1.73192554e-07 
 5.05500000e-04  1.73160452e-07 
 5.05600000e-04  1.59119420e-07 
 5.05700000e-04  1.58728484e-07 
 5.05800000e-04  1.58510579e-07 
 5.05900000e-04  1.58346685e-07 
 5.06000000e-04  1.58238516e-07 
 5.06100000e-04  1.75011087e-07 
 5.06200000e-04  1.74670337e-07 
 5.06300000e-04  1.74550766e-07 
 5.06400000e-04  1.74447483e-07 
 5.06500000e-04  1.74383230e-07 
 5.06600000e-04  1.62889874e-07 
 5.06700000e-04  1.62522768e-07 
 5.06800000e-04  1.62347171e-07 
 5.06900000e-04  1.62229319e-07 
 5.07000000e-04  1.62171043e-07 
 5.07100000e-04  1.73698310e-07 
 5.07200000e-04  1.73414710e-07 
 5.07300000e-04  1.73311688e-07 
 5.07400000e-04  1.73220947e-07 
 5.07500000e-04  1.73178699e-07 
 5.07600000e-04  1.59178524e-07 
 5.07700000e-04  1.58740025e-07 
 5.07800000e-04  1.58520012e-07 
 5.07900000e-04  1.58352449e-07 
 5.08000000e-04  1.58239001e-07 
 5.08100000e-04  1.74469240e-07 
 5.08200000e-04  1.74246379e-07 
 5.08300000e-04  1.74156117e-07 
 5.08400000e-04  1.74075896e-07 
 5.08500000e-04  1.74018611e-07 
 5.08600000e-04  1.61218668e-07 
 5.08700000e-04  1.60874759e-07 
 5.08800000e-04  1.60699423e-07 
 5.08900000e-04  1.60572789e-07 
 5.09000000e-04  1.60496401e-07 
 5.09100000e-04  1.74234873e-07 
 5.09200000e-04  1.73985698e-07 
 5.09300000e-04  1.73892191e-07 
 5.09400000e-04  1.73810105e-07 
 5.09500000e-04  1.73760946e-07 
 5.09600000e-04  1.59697106e-07 
 5.09700000e-04  1.59304478e-07 
 5.09800000e-04  1.59091767e-07 
 5.09900000e-04  1.58933940e-07 
 5.10000000e-04  1.58832739e-07 
 5.10100000e-04  1.76141142e-07 
 5.10200000e-04  1.75714843e-07 
 5.10300000e-04  1.75566114e-07 
 5.10400000e-04  1.75436088e-07 
 5.10500000e-04  1.75355642e-07 
 5.10600000e-04  1.65119315e-07 
 5.10700000e-04  1.64782124e-07 
 5.10800000e-04  1.64619571e-07 
 5.10900000e-04  1.64509971e-07 
 5.11000000e-04  1.64455002e-07 
 5.11100000e-04  1.73821664e-07 
 5.11200000e-04  1.73494625e-07 
 5.11300000e-04  1.73375083e-07 
 5.11400000e-04  1.73269385e-07 
 5.11500000e-04  1.73229144e-07 
 5.11600000e-04  1.59241711e-07 
 5.11700000e-04  1.58770107e-07 
 5.11800000e-04  1.58540100e-07 
 5.11900000e-04  1.58366022e-07 
 5.12000000e-04  1.58249647e-07 
 5.12100000e-04  1.74484300e-07 
 5.12200000e-04  1.74269429e-07 
 5.12300000e-04  1.74168773e-07 
 5.12400000e-04  1.74076398e-07 
 5.12500000e-04  1.74051789e-07 
 5.12600000e-04  1.61220908e-07 
 5.12700000e-04  1.60872455e-07 
 5.12800000e-04  1.60703038e-07 
 5.12900000e-04  1.60577451e-07 
 5.13000000e-04  1.60497084e-07 
 5.13100000e-04  1.74243813e-07 
 5.13200000e-04  1.73993174e-07 
 5.13300000e-04  1.73896410e-07 
 5.13400000e-04  1.73811024e-07 
 5.13500000e-04  1.73771638e-07 
 5.13600000e-04  1.59692702e-07 
 5.13700000e-04  1.59320202e-07 
 5.13800000e-04  1.59108893e-07 
 5.13900000e-04  1.58945170e-07 
 5.14000000e-04  1.58830544e-07 
 5.14100000e-04  1.75619427e-07 
 5.14200000e-04  1.75293672e-07 
 5.14300000e-04  1.75169270e-07 
 5.14400000e-04  1.75059221e-07 
 5.14500000e-04  1.75003707e-07 
 5.14600000e-04  1.63472515e-07 
 5.14700000e-04  1.63116971e-07 
 5.14800000e-04  1.62951824e-07 
 5.14900000e-04  1.62836221e-07 
 5.15000000e-04  1.62771735e-07 
 5.15100000e-04  1.74328982e-07 
 5.15200000e-04  1.74040445e-07 
 5.15300000e-04  1.73933388e-07 
 5.15400000e-04  1.73839000e-07 
 5.15500000e-04  1.73788242e-07 
 5.15600000e-04  1.59761689e-07 
 5.15700000e-04  1.59321655e-07 
 5.15800000e-04  1.59103024e-07 
 5.15900000e-04  1.58936832e-07 
 5.16000000e-04  1.58824743e-07 
 5.16100000e-04  1.75091627e-07 
 5.16200000e-04  1.74888552e-07 
 5.16300000e-04  1.74788458e-07 
 5.16400000e-04  1.74695012e-07 
 5.16500000e-04  1.74647382e-07 
 5.16600000e-04  1.61793276e-07 
 5.16700000e-04  1.61456912e-07 
 5.16800000e-04  1.61276775e-07 
 5.16900000e-04  1.61155969e-07 
 5.17000000e-04  1.61096374e-07 
 5.17100000e-04  1.74853617e-07 
 5.17200000e-04  1.74597995e-07 
 5.17300000e-04  1.74509370e-07 
 5.17400000e-04  1.74433118e-07 
 5.17500000e-04  1.74383341e-07 
 5.17600000e-04  1.60292145e-07 
 5.17700000e-04  1.59909949e-07 
 5.17800000e-04  1.59698321e-07 
 5.17900000e-04  1.59537065e-07 
 5.18000000e-04  1.59427779e-07 
 5.18100000e-04  1.88940889e-07 
 5.18200000e-04  1.86324223e-07 
 5.18300000e-04  1.85521526e-07 
 5.18400000e-04  1.85275032e-07 
 5.18500000e-04  1.85028538e-07 
 5.18600000e-04  1.75732725e-07 
 5.18700000e-04  1.74614425e-07 
 5.18800000e-04  1.74275959e-07 
 5.18900000e-04  1.74062582e-07 
 5.19000000e-04  1.73976550e-07 
 5.19100000e-04  1.71286230e-07 
 5.19200000e-04  1.70507757e-07 
 5.19300000e-04  1.70299424e-07 
 5.19400000e-04  1.70127836e-07 
 5.19500000e-04  1.70052506e-07 
 5.19600000e-04  1.57648309e-07 
 5.19700000e-04  1.56967599e-07 
 5.19800000e-04  1.56707055e-07 
 5.19900000e-04 -0.00000000e+00 
 5.20000000e-04  1.56574749e-07 
