 time            -i(vdd)        
 2.60000000e-04 -1.26577369e-04 
 2.60100000e-04  1.83721520e-07 
 2.60200000e-04  1.75016208e-07 
 2.60300000e-04  1.72693587e-07 
 2.60400000e-04  1.70735482e-07 
 2.60500000e-04  1.70077354e-07 
 2.60600000e-04  1.76684129e-07 
 2.60700000e-04  1.75910817e-07 
 2.60800000e-04  1.75485224e-07 
 2.60900000e-04  1.75139113e-07 
 2.61000000e-04  1.74874208e-07 
 2.61100000e-04  1.56452246e-07 
 2.61200000e-04  1.54082525e-07 
 2.61300000e-04  1.53475145e-07 
 2.61400000e-04  1.52984050e-07 
 2.61500000e-04  1.52782348e-07 
 2.61600000e-04  1.38888999e-07 
 2.61700000e-04  1.37640721e-07 
 2.61800000e-04  1.37195362e-07 
 2.61900000e-04  1.36877662e-07 
 2.62000000e-04  1.36691671e-07 
 2.62100000e-04  1.61882500e-07 
 2.62200000e-04  1.60615802e-07 
 2.62300000e-04  1.60333836e-07 
 2.62400000e-04  1.60130860e-07 
 2.62500000e-04  1.60039355e-07 
 2.62600000e-04  1.48509193e-07 
 2.62700000e-04  1.47917079e-07 
 2.62800000e-04  1.47637853e-07 
 2.62900000e-04  1.47425042e-07 
 2.63000000e-04  1.47280067e-07 
 2.63100000e-04  1.99992643e-07 
 2.63200000e-04  1.94213639e-07 
 2.63300000e-04  1.92920423e-07 
 2.63400000e-04  1.91921998e-07 
 2.63500000e-04  1.91649291e-07 
 2.63600000e-04  1.78192902e-07 
 2.63700000e-04  1.77566808e-07 
 2.63800000e-04  1.77242289e-07 
 2.63900000e-04  1.76996748e-07 
 2.64000000e-04  1.76832687e-07 
 2.64100000e-04  1.72662530e-07 
 2.64200000e-04  1.68077022e-07 
 2.64300000e-04  1.67030980e-07 
 2.64400000e-04  1.66215526e-07 
 2.64500000e-04  1.65971292e-07 
 2.64600000e-04  1.53751862e-07 
 2.64700000e-04  1.53129563e-07 
 2.64800000e-04  1.52826825e-07 
 2.64900000e-04  1.52591890e-07 
 2.65000000e-04  1.52426905e-07 
 2.65100000e-04  1.66019736e-07 
 2.65200000e-04  1.65521960e-07 
 2.65300000e-04  1.65363108e-07 
 2.65400000e-04  1.65226937e-07 
 2.65500000e-04  1.65173964e-07 
 2.65600000e-04  1.51583202e-07 
 2.65700000e-04  1.51151801e-07 
 2.65800000e-04  1.50903318e-07 
 2.65900000e-04  1.50728401e-07 
 2.66000000e-04  1.50629379e-07 
 2.66100000e-04  1.66978510e-07 
 2.66200000e-04  1.66731504e-07 
 2.66300000e-04  1.66636854e-07 
 2.66400000e-04  1.66551351e-07 
 2.66500000e-04  1.66498571e-07 
 2.66600000e-04  1.55432760e-07 
 2.66700000e-04  1.55027349e-07 
 2.66800000e-04  1.54815617e-07 
 2.66900000e-04  1.54667133e-07 
 2.67000000e-04  1.54583899e-07 
 2.67100000e-04  1.66085117e-07 
 2.67200000e-04  1.65566936e-07 
 2.67300000e-04  1.65410332e-07 
 2.67400000e-04  1.65276411e-07 
 2.67500000e-04  1.65241849e-07 
 2.67600000e-04  1.51669838e-07 
 2.67700000e-04  1.51177577e-07 
 2.67800000e-04  1.50921558e-07 
 2.67900000e-04  1.50725104e-07 
 2.68000000e-04  1.50590099e-07 
 2.68100000e-04  1.66389790e-07 
 2.68200000e-04  1.66213550e-07 
 2.68300000e-04  1.66134974e-07 
 2.68400000e-04  1.66063519e-07 
 2.68500000e-04  1.66029378e-07 
 2.68600000e-04  1.53659975e-07 
 2.68700000e-04  1.53236470e-07 
 2.68800000e-04  1.53032627e-07 
 2.68900000e-04  1.52888169e-07 
 2.69000000e-04  1.52804972e-07 
 2.69100000e-04  1.66127173e-07 
 2.69200000e-04  1.65917382e-07 
 2.69300000e-04  1.65840007e-07 
 2.69400000e-04  1.65771781e-07 
 2.69500000e-04  1.65750562e-07 
 2.69600000e-04  1.52109843e-07 
 2.69700000e-04  1.51661887e-07 
 2.69800000e-04  1.51423265e-07 
 2.69900000e-04  1.51246630e-07 
 2.70000000e-04  1.51133939e-07 
 2.70100000e-04  1.68005415e-07 
 2.70200000e-04  1.67616934e-07 
 2.70300000e-04  1.67493014e-07 
 2.70400000e-04  1.67387139e-07 
 2.70500000e-04  1.67322426e-07 
 2.70600000e-04  1.57535378e-07 
 2.70700000e-04  1.57130025e-07 
 2.70800000e-04  1.56925689e-07 
 2.70900000e-04  1.56793426e-07 
 2.71000000e-04  1.56735513e-07 
 2.71100000e-04  1.66104959e-07 
 2.71200000e-04  1.65545349e-07 
 2.71300000e-04  1.65377393e-07 
 2.71400000e-04  1.65233915e-07 
 2.71500000e-04  1.65190151e-07 
 2.71600000e-04  1.51641116e-07 
 2.71700000e-04  1.51105913e-07 
 2.71800000e-04  1.50844321e-07 
 2.71900000e-04  1.50644395e-07 
 2.72000000e-04  1.50508068e-07 
 2.72100000e-04  1.68262453e-07 
 2.72200000e-04  1.67739459e-07 
 2.72300000e-04  1.67567048e-07 
 2.72400000e-04  1.67494814e-07 
 2.72500000e-04  1.67454951e-07 
 2.72600000e-04  1.54604296e-07 
 2.72700000e-04  1.54047477e-07 
 2.72800000e-04  1.53775224e-07 
 2.72900000e-04  1.53584073e-07 
 2.73000000e-04  1.53475749e-07 
 2.73100000e-04  1.03752992e-04 
 2.73200000e-04  1.03752577e-04 
 2.73300000e-04  1.03752457e-04 
 2.73400000e-04  1.03752358e-04 
 2.73500000e-04  1.03752322e-04 
 2.73600000e-04  1.03738711e-04 
 2.73700000e-04  1.03738252e-04 
 2.73800000e-04  1.03737999e-04 
 2.73900000e-04  1.03737809e-04 
 2.74000000e-04  1.03737686e-04 
 2.74100000e-04  1.68588397e-07 
 2.74200000e-04  1.68279419e-07 
 2.74300000e-04  1.68168939e-07 
 2.74400000e-04  1.68071511e-07 
 2.74500000e-04  1.68016071e-07 
 2.74600000e-04  1.56919840e-07 
 2.74700000e-04  1.56500490e-07 
 2.74800000e-04  1.56298446e-07 
 2.74900000e-04  1.56162754e-07 
 2.75000000e-04  1.56095505e-07 
 2.75100000e-04  1.67268237e-07 
 2.75200000e-04  1.67037173e-07 
 2.75300000e-04  1.66953368e-07 
 2.75400000e-04  1.66878771e-07 
 2.75500000e-04  1.66832885e-07 
 2.75600000e-04  1.53183462e-07 
 2.75700000e-04  1.52713798e-07 
 2.75800000e-04  1.52462214e-07 
 2.75900000e-04  1.52277942e-07 
 2.76000000e-04  1.52163103e-07 
 2.76100000e-04  1.68053983e-07 
 2.76200000e-04  1.67877355e-07 
 2.76300000e-04  1.67797585e-07 
 2.76400000e-04  1.67724620e-07 
 2.76500000e-04  1.67677625e-07 
 2.76600000e-04  1.55230219e-07 
 2.76700000e-04  1.54823910e-07 
 2.76800000e-04  1.54632929e-07 
 2.76900000e-04  1.54488328e-07 
 2.77000000e-04  1.54391564e-07 
 2.77100000e-04  1.67818680e-07 
 2.77200000e-04  1.67601401e-07 
 2.77300000e-04  1.67521687e-07 
 2.77400000e-04  1.67451617e-07 
 2.77500000e-04  1.67433249e-07 
 2.77600000e-04  1.53715005e-07 
 2.77700000e-04  1.53280928e-07 
 2.77800000e-04  1.53036075e-07 
 2.77900000e-04  1.52852053e-07 
 2.78000000e-04  1.52730763e-07 
 2.78100000e-04  1.72956351e-07 
 2.78200000e-04  1.71714084e-07 
 2.78300000e-04  1.71342259e-07 
 2.78400000e-04  1.71190189e-07 
 2.78500000e-04  1.71109127e-07 
 2.78600000e-04  1.62068309e-07 
 2.78700000e-04  1.61524764e-07 
 2.78800000e-04  1.61264228e-07 
 2.78900000e-04  1.61077052e-07 
 2.79000000e-04  1.60964790e-07 
 2.79100000e-04  1.03754336e-04 
 2.79200000e-04  1.03753480e-04 
 2.79300000e-04  1.03753247e-04 
 2.79400000e-04  1.03753053e-04 
 2.79500000e-04  1.03752962e-04 
 2.79600000e-04  1.03739398e-04 
 2.79700000e-04  1.03738815e-04 
 2.79800000e-04  1.03738534e-04 
 2.79900000e-04  1.03738327e-04 
 2.80000000e-04  1.03738196e-04 
 2.80100000e-04  1.68611862e-07 
 2.80200000e-04  1.68390553e-07 
 2.80300000e-04  1.68301108e-07 
 2.80400000e-04  1.68220610e-07 
 2.80500000e-04  1.68187706e-07 
 2.80600000e-04  1.55724373e-07 
 2.80700000e-04  1.55310705e-07 
 2.80800000e-04  1.55115510e-07 
 2.80900000e-04  1.54974580e-07 
 2.81000000e-04  1.54889618e-07 
 2.81100000e-04  1.68327090e-07 
 2.81200000e-04  1.68121498e-07 
 2.81300000e-04  1.68045056e-07 
 2.81400000e-04  1.67977244e-07 
 2.81500000e-04  1.67931321e-07 
 2.81600000e-04  1.54182023e-07 
 2.81700000e-04  1.53775840e-07 
 2.81800000e-04  1.53530933e-07 
 2.81900000e-04  1.53347888e-07 
 2.82000000e-04  1.53228648e-07 
 2.82100000e-04  1.69699977e-07 
 2.82200000e-04  1.69417560e-07 
 2.82300000e-04  1.69311185e-07 
 2.82400000e-04  1.69216384e-07 
 2.82500000e-04  1.69156304e-07 
 2.82600000e-04  1.57943234e-07 
 2.82700000e-04  1.57564340e-07 
 2.82800000e-04  1.57365093e-07 
 2.82900000e-04  1.57226382e-07 
 2.83000000e-04  1.57150106e-07 
 2.83100000e-04  1.68404475e-07 
 2.83200000e-04  1.68142774e-07 
 2.83300000e-04  1.68057207e-07 
 2.83400000e-04  1.67983858e-07 
 2.83500000e-04  1.67959165e-07 
 2.83600000e-04  1.54233634e-07 
 2.83700000e-04  1.53774630e-07 
 2.83800000e-04  1.53526713e-07 
 2.83900000e-04  1.53342338e-07 
 2.84000000e-04  1.53223496e-07 
 2.84100000e-04  1.69170078e-07 
 2.84200000e-04  1.68979148e-07 
 2.84300000e-04  1.68905876e-07 
 2.84400000e-04  1.68841112e-07 
 2.84500000e-04  1.68794575e-07 
 2.84600000e-04  1.56256227e-07 
 2.84700000e-04  1.55884305e-07 
 2.84800000e-04  1.55690452e-07 
 2.84900000e-04  1.55550563e-07 
 2.85000000e-04  1.55466330e-07 
 2.85100000e-04  1.68939011e-07 
 2.85200000e-04  1.68715936e-07 
 2.85300000e-04  1.68639038e-07 
 2.85400000e-04  1.68572698e-07 
 2.85500000e-04  1.68536987e-07 
 2.85600000e-04  1.54749967e-07 
 2.85700000e-04  1.54324315e-07 
 2.85800000e-04  1.54095731e-07 
 2.85900000e-04  1.53918666e-07 
 2.86000000e-04  1.53794730e-07 
 2.86100000e-04  1.70848127e-07 
 2.86200000e-04  1.70442940e-07 
 2.86300000e-04  1.70301418e-07 
 2.86400000e-04  1.70177949e-07 
 2.86500000e-04  1.70137807e-07 
 2.86600000e-04  1.60175588e-07 
 2.86700000e-04  1.59787575e-07 
 2.86800000e-04  1.59611813e-07 
 2.86900000e-04  1.59486220e-07 
 2.87000000e-04  1.59412362e-07 
 2.87100000e-04  1.68516831e-07 
 2.87200000e-04  1.68229323e-07 
 2.87300000e-04  1.68128983e-07 
 2.87400000e-04  1.68040777e-07 
 2.87500000e-04  1.67988360e-07 
 2.87600000e-04  1.54291949e-07 
 2.87700000e-04  1.53776527e-07 
 2.87800000e-04  1.53527818e-07 
 2.87900000e-04  1.53344652e-07 
 2.88000000e-04  1.53229086e-07 
 2.88100000e-04  1.69183795e-07 
 2.88200000e-04  1.69008667e-07 
 2.88300000e-04  1.68922946e-07 
 2.88400000e-04  1.68842957e-07 
 2.88500000e-04  1.68797818e-07 
 2.88600000e-04  1.56255416e-07 
 2.88700000e-04  1.55892829e-07 
 2.88800000e-04  1.55699895e-07 
 2.88900000e-04  1.55560493e-07 
 2.89000000e-04  1.55476293e-07 
 2.89100000e-04  1.68936247e-07 
 2.89200000e-04  1.68714805e-07 
 2.89300000e-04  1.68641279e-07 
 2.89400000e-04  1.68578230e-07 
 2.89500000e-04  1.68533585e-07 
 2.89600000e-04  1.54756277e-07 
 2.89700000e-04  1.54314724e-07 
 2.89800000e-04  1.54085762e-07 
 2.89900000e-04  1.53913354e-07 
 2.90000000e-04  1.53799268e-07 
 2.90100000e-04  1.70333357e-07 
 2.90200000e-04  1.70032059e-07 
 2.90300000e-04  1.69915069e-07 
 2.90400000e-04  1.69811214e-07 
 2.90500000e-04  1.69770257e-07 
 2.90600000e-04  1.58501322e-07 
 2.90700000e-04  1.58121233e-07 
 2.90800000e-04  1.57934660e-07 
 2.90900000e-04  1.57804076e-07 
 2.91000000e-04  1.57731229e-07 
 2.91100000e-04  1.69022740e-07 
 2.91200000e-04  1.68767923e-07 
 2.91300000e-04  1.68678565e-07 
 2.91400000e-04  1.68600133e-07 
 2.91500000e-04  1.68552983e-07 
 2.91600000e-04  1.54800617e-07 
 2.91700000e-04  1.54329292e-07 
 2.91800000e-04  1.54099750e-07 
 2.91900000e-04  1.53923223e-07 
 2.92000000e-04  1.53801365e-07 
 2.92100000e-04  1.69794636e-07 
 2.92200000e-04  1.69607708e-07 
 2.92300000e-04  1.69522207e-07 
 2.92400000e-04  1.69443900e-07 
 2.92500000e-04  1.69410798e-07 
 2.92600000e-04  1.56835277e-07 
 2.92700000e-04  1.56459005e-07 
 2.92800000e-04  1.56274696e-07 
 2.92900000e-04  1.56139010e-07 
 2.93000000e-04  1.56053462e-07 
 2.93100000e-04  1.69560815e-07 
 2.93200000e-04  1.69328441e-07 
 2.93300000e-04  1.69243539e-07 
 2.93400000e-04  1.69169558e-07 
 2.93500000e-04  1.69144807e-07 
 2.93600000e-04  1.55328168e-07 
 2.93700000e-04  1.54902983e-07 
 2.93800000e-04  1.54686353e-07 
 2.93900000e-04  1.54514611e-07 
 2.94000000e-04  1.54389152e-07 
 2.94100000e-04  1.72533992e-07 
 2.94200000e-04  1.71902632e-07 
 2.94300000e-04  1.71708900e-07 
 2.94400000e-04  1.71544725e-07 
 2.94500000e-04  1.71466045e-07 
 2.94600000e-04  1.64093531e-07 
 2.94700000e-04  1.63706865e-07 
 2.94800000e-04  1.63525494e-07 
 2.94900000e-04  1.63414637e-07 
 2.95000000e-04  1.63376498e-07 
 2.95100000e-04  1.68879402e-07 
 2.95200000e-04  1.67985313e-07 
 2.95300000e-04  1.67745996e-07 
 2.95400000e-04  1.67549874e-07 
 2.95500000e-04  1.67473883e-07 
 2.95600000e-04  1.53851009e-07 
 2.95700000e-04  1.53265181e-07 
 2.95800000e-04  1.52992643e-07 
 2.95900000e-04  1.52786886e-07 
 2.96000000e-04  1.52649994e-07 
 2.96100000e-04  1.68610672e-07 
 2.96200000e-04  1.68414215e-07 
 2.96300000e-04  1.68327015e-07 
 2.96400000e-04  1.68247825e-07 
 2.96500000e-04  1.68200104e-07 
 2.96600000e-04  1.55674117e-07 
 2.96700000e-04  1.55310698e-07 
 2.96800000e-04  1.55110041e-07 
 2.96900000e-04  1.54969163e-07 
 2.97000000e-04  1.54889923e-07 
 2.97100000e-04  1.68337024e-07 
 2.97200000e-04  1.68105998e-07 
 2.97300000e-04  1.68029919e-07 
 2.97400000e-04  1.67965451e-07 
 2.97500000e-04  1.67933809e-07 
 2.97600000e-04  1.54165187e-07 
 2.97700000e-04  1.53750366e-07 
 2.97800000e-04  1.53516140e-07 
 2.97900000e-04  1.53337888e-07 
 2.98000000e-04  1.53217352e-07 
 2.98100000e-04  1.69700729e-07 
 2.98200000e-04  1.69414357e-07 
 2.98300000e-04  1.69304595e-07 
 2.98400000e-04  1.69206996e-07 
 2.98500000e-04  1.69163731e-07 
 2.98600000e-04  1.57927853e-07 
 2.98700000e-04  1.57549005e-07 
 2.98800000e-04  1.57355146e-07 
 2.98900000e-04  1.57220698e-07 
 2.99000000e-04  1.57147515e-07 
 2.99100000e-04  1.68398964e-07 
 2.99200000e-04  1.68132153e-07 
 2.99300000e-04  1.68050763e-07 
 2.99400000e-04  1.67982221e-07 
 2.99500000e-04  1.67940443e-07 
 2.99600000e-04  1.54214748e-07 
 2.99700000e-04  1.53754891e-07 
 2.99800000e-04  1.53510510e-07 
 2.99900000e-04  1.53328538e-07 
 3.00000000e-04  1.53210918e-07 
 3.00100000e-04  1.69175335e-07 
 3.00200000e-04  1.68974572e-07 
 3.00300000e-04  1.68889146e-07 
 3.00400000e-04  1.68812410e-07 
 3.00500000e-04  1.68790335e-07 
 3.00600000e-04  1.56255835e-07 
 3.00700000e-04  1.55871430e-07 
 3.00800000e-04  1.55675552e-07 
 3.00900000e-04  1.55540355e-07 
 3.01000000e-04  1.55467729e-07 
 3.01100000e-04  1.68920872e-07 
 3.01200000e-04  1.68703496e-07 
 3.01300000e-04  1.68627843e-07 
 3.01400000e-04  1.68562111e-07 
 3.01500000e-04  1.68529901e-07 
 3.01600000e-04  1.54740676e-07 
 3.01700000e-04  1.54307928e-07 
 3.01800000e-04  1.54077291e-07 
 3.01900000e-04  1.53907789e-07 
 3.02000000e-04  1.53801320e-07 
 3.02100000e-04  1.70833912e-07 
 3.02200000e-04  1.70439915e-07 
 3.02300000e-04  1.70301165e-07 
 3.02400000e-04  1.70179540e-07 
 3.02500000e-04  1.70105974e-07 
 3.02600000e-04  1.60174286e-07 
 3.02700000e-04  1.59790754e-07 
 3.02800000e-04  1.59605716e-07 
 3.02900000e-04  1.59483134e-07 
 3.03000000e-04  1.59424951e-07 
 3.03100000e-04  1.68530767e-07 
 3.03200000e-04  1.68215081e-07 
 3.03300000e-04  1.68107051e-07 
 3.03400000e-04  1.68013409e-07 
 3.03500000e-04  1.67990400e-07 
 3.03600000e-04  1.54270824e-07 
 3.03700000e-04  1.53787405e-07 
 3.03800000e-04  1.53527650e-07 
 3.03900000e-04  1.53337606e-07 
 3.04000000e-04  1.53219441e-07 
 3.04100000e-04  1.69186145e-07 
 3.04200000e-04  1.68995226e-07 
 3.04300000e-04  1.68914625e-07 
 3.04400000e-04  1.68842097e-07 
 3.04500000e-04  1.68799713e-07 
 3.04600000e-04  1.56259327e-07 
 3.04700000e-04  1.55885819e-07 
 3.04800000e-04  1.55691678e-07 
 3.04900000e-04  1.55546733e-07 
 3.05000000e-04  1.55452506e-07 
 3.05100000e-04  1.68928255e-07 
 3.05200000e-04  1.68701984e-07 
 3.05300000e-04  1.68622499e-07 
 3.05400000e-04  1.68553558e-07 
 3.05500000e-04  1.68536269e-07 
 3.05600000e-04  1.54745590e-07 
 3.05700000e-04  1.54326103e-07 
 3.05800000e-04  1.54096730e-07 
 3.05900000e-04  1.53922246e-07 
 3.06000000e-04  1.53804349e-07 
 3.06100000e-04  1.70307438e-07 
 3.06200000e-04  1.70012994e-07 
 3.06300000e-04  1.69899351e-07 
 3.06400000e-04  1.69798246e-07 
 3.06500000e-04  1.69749791e-07 
 3.06600000e-04  1.58493790e-07 
 3.06700000e-04  1.58128640e-07 
 3.06800000e-04  1.57932254e-07 
 3.06900000e-04  1.57797028e-07 
 3.07000000e-04  1.57724861e-07 
 3.07100000e-04  1.69021382e-07 
 3.07200000e-04  1.68743712e-07 
 3.07300000e-04  1.68661497e-07 
 3.07400000e-04  1.68593240e-07 
 3.07500000e-04  1.68560945e-07 
 3.07600000e-04  1.54801357e-07 
 3.07700000e-04  1.54323390e-07 
 3.07800000e-04  1.54086960e-07 
 3.07900000e-04  1.53913079e-07 
 3.08000000e-04  1.53803688e-07 
 3.08100000e-04  1.69780495e-07 
 3.08200000e-04  1.69604469e-07 
 3.08300000e-04  1.69525033e-07 
 3.08400000e-04  1.69452222e-07 
 3.08500000e-04  1.69404948e-07 
 3.08600000e-04  1.56846459e-07 
 3.08700000e-04  1.56471931e-07 
 3.08800000e-04  1.56270595e-07 
 3.08900000e-04  1.56132687e-07 
 3.09000000e-04  1.56060176e-07 
 3.09100000e-04  1.69537098e-07 
 3.09200000e-04  1.69324284e-07 
 3.09300000e-04  1.69240499e-07 
 3.09400000e-04  1.69165473e-07 
 3.09500000e-04  1.69131553e-07 
 3.09600000e-04  1.55333273e-07 
 3.09700000e-04  1.54896829e-07 
 3.09800000e-04  1.54678688e-07 
 3.09900000e-04  1.54505811e-07 
 3.10000000e-04  1.54379590e-07 
 3.10100000e-04  1.71990079e-07 
 3.10200000e-04  1.71481907e-07 
 3.10300000e-04  1.71311166e-07 
 3.10400000e-04  1.71162734e-07 
 3.10500000e-04  1.71107655e-07 
 3.10600000e-04  1.62408639e-07 
 3.10700000e-04  1.62041006e-07 
 3.10800000e-04  1.61856508e-07 
 3.10900000e-04  1.61736734e-07 
 3.11000000e-04  1.61683690e-07 
 3.11100000e-04  1.68800037e-07 
 3.11200000e-04  1.68405317e-07 
 3.11300000e-04  1.68255580e-07 
 3.11400000e-04  1.68122365e-07 
 3.11500000e-04  1.68062418e-07 
 3.11600000e-04  1.54393843e-07 
 3.11700000e-04  1.53823160e-07 
 3.11800000e-04  1.53565930e-07 
 3.11900000e-04  1.53368370e-07 
 3.12000000e-04  1.53232328e-07 
 3.12100000e-04  1.69224669e-07 
 3.12200000e-04  1.69031202e-07 
 3.12300000e-04  1.68942970e-07 
 3.12400000e-04  1.68862678e-07 
 3.12500000e-04  1.68818790e-07 
 3.12600000e-04  1.56271327e-07 
 3.12700000e-04  1.55883379e-07 
 3.12800000e-04  1.55695075e-07 
 3.12900000e-04  1.55556514e-07 
 3.13000000e-04  1.55469223e-07 
 3.13100000e-04  1.68946732e-07 
 3.13200000e-04  1.68717724e-07 
 3.13300000e-04  1.68637919e-07 
 3.13400000e-04  1.68568924e-07 
 3.13500000e-04  1.68544074e-07 
 3.13600000e-04  1.54735091e-07 
 3.13700000e-04  1.54341656e-07 
 3.13800000e-04  1.54109114e-07 
 3.13900000e-04  1.53931228e-07 
 3.14000000e-04  1.53809683e-07 
 3.14100000e-04  1.70322323e-07 
 3.14200000e-04  1.70013646e-07 
 3.14300000e-04  1.69911307e-07 
 3.14400000e-04  1.69824074e-07 
 3.14500000e-04  1.69777046e-07 
 3.14600000e-04  1.58501433e-07 
 3.14700000e-04  1.58137728e-07 
 3.14800000e-04  1.57945211e-07 
 3.14900000e-04  1.57815441e-07 
 3.15000000e-04  1.57750311e-07 
 3.15100000e-04  1.70944198e-07 
 3.15200000e-04  1.70286140e-07 
 3.15300000e-04  1.70065545e-07 
 3.15400000e-04  1.69964601e-07 
 3.15500000e-04  1.69902318e-07 
 3.15600000e-04  1.55666203e-07 
 3.15700000e-04  1.55025362e-07 
 3.15800000e-04  1.54761434e-07 
 3.15900000e-04  1.54565851e-07 
 3.16000000e-04  1.54440025e-07 
 3.16100000e-04  1.03756717e-04 
 3.16200000e-04  1.03756327e-04 
 3.16300000e-04  1.03756209e-04 
 3.16400000e-04  1.03756109e-04 
 3.16500000e-04  1.03756054e-04 
 3.16600000e-04  1.03743494e-04 
 3.16700000e-04  1.03743115e-04 
 3.16800000e-04  1.03742902e-04 
 3.16900000e-04  1.03742758e-04 
 3.17000000e-04  1.03742685e-04 
 3.17100000e-04  1.70702596e-07 
 3.17200000e-04  1.70436605e-07 
 3.17300000e-04  1.70355606e-07 
 3.17400000e-04  1.70287605e-07 
 3.17500000e-04  1.70247384e-07 
 3.17600000e-04  1.56421158e-07 
 3.17700000e-04  1.55999230e-07 
 3.17800000e-04  1.55759723e-07 
 3.17900000e-04  1.55588040e-07 
 3.18000000e-04  1.55486276e-07 
 3.18100000e-04  1.72602632e-07 
 3.18200000e-04  1.72199598e-07 
 3.18300000e-04  1.72062456e-07 
 3.18400000e-04  1.71942823e-07 
 3.18500000e-04  1.71893983e-07 
 3.18600000e-04  1.61845875e-07 
 3.18700000e-04  1.61472654e-07 
 3.18800000e-04  1.61283411e-07 
 3.18900000e-04  1.61165426e-07 
 3.19000000e-04  1.61120905e-07 
 3.19100000e-04  1.70291984e-07 
 3.19200000e-04  1.69981846e-07 
 3.19300000e-04  1.69875276e-07 
 3.19400000e-04  1.69782406e-07 
 3.19500000e-04  1.69731707e-07 
 3.19600000e-04  1.55951254e-07 
 3.19700000e-04  1.55453483e-07 
 3.19800000e-04  1.55207379e-07 
 3.19900000e-04  1.55020659e-07 
 3.20000000e-04  1.54895151e-07 
 3.20100000e-04  1.70959174e-07 
 3.20200000e-04  1.70772351e-07 
 3.20300000e-04  1.70683369e-07 
 3.20400000e-04  1.70601217e-07 
 3.20500000e-04  1.70556648e-07 
 3.20600000e-04  1.57917294e-07 
 3.20700000e-04  1.57544650e-07 
 3.20800000e-04  1.57354535e-07 
 3.20900000e-04  1.57224517e-07 
 3.21000000e-04  1.57156444e-07 
 3.21100000e-04  1.70706639e-07 
 3.21200000e-04  1.70466725e-07 
 3.21300000e-04  1.70382188e-07 
 3.21400000e-04  1.70308930e-07 
 3.21500000e-04  1.70273540e-07 
 3.21600000e-04  1.56405539e-07 
 3.21700000e-04  1.55981446e-07 
 3.21800000e-04  1.55762657e-07 
 3.21900000e-04  1.55593121e-07 
 3.22000000e-04  1.55474341e-07 
 3.22100000e-04  1.72082153e-07 
 3.22200000e-04  1.71779804e-07 
 3.22300000e-04  1.71665723e-07 
 3.22400000e-04  1.71564509e-07 
 3.22500000e-04  1.71512504e-07 
 3.22600000e-04  1.60155814e-07 
 3.22700000e-04  1.59789064e-07 
 3.22800000e-04  1.59608964e-07 
 3.22900000e-04  1.59485011e-07 
 3.23000000e-04  1.59418928e-07 
 3.23100000e-04  1.70782474e-07 
 3.23200000e-04  1.70519182e-07 
 3.23300000e-04  1.70427891e-07 
 3.23400000e-04  1.70347807e-07 
 3.23500000e-04  1.70310633e-07 
 3.23600000e-04  1.56456891e-07 
 3.23700000e-04  1.56004962e-07 
 3.23800000e-04  1.55768652e-07 
 3.23900000e-04  1.55594599e-07 
 3.24000000e-04  1.55484718e-07 
 3.24100000e-04  1.71564675e-07 
 3.24200000e-04  1.71362116e-07 
 3.24300000e-04  1.71273502e-07 
 3.24400000e-04  1.71193185e-07 
 3.24500000e-04  1.71146915e-07 
 3.24600000e-04  1.58482017e-07 
 3.24700000e-04  1.58125714e-07 
 3.24800000e-04  1.57936696e-07 
 3.24900000e-04  1.57805092e-07 
 3.25000000e-04  1.57732664e-07 
 3.25100000e-04  1.71317758e-07 
 3.25200000e-04  1.71085835e-07 
 3.25300000e-04  1.71003586e-07 
 3.25400000e-04  1.70931805e-07 
 3.25500000e-04  1.70889539e-07 
 3.25600000e-04  1.56991074e-07 
 3.25700000e-04  1.56579480e-07 
 3.25800000e-04  1.56346429e-07 
 3.25900000e-04  1.56180205e-07 
 3.26000000e-04  1.56082866e-07 
 3.26100000e-04  1.74815568e-07 
 3.26200000e-04  1.74097232e-07 
 3.26300000e-04  1.73866301e-07 
 3.26400000e-04  1.73667008e-07 
 3.26500000e-04  1.73576898e-07 
 3.26600000e-04  1.67384313e-07 
 3.26700000e-04  1.67037969e-07 
 3.26800000e-04  1.66860057e-07 
 3.26900000e-04  1.66763511e-07 
 3.27000000e-04  1.66750850e-07 
 3.27100000e-04  1.70089023e-07 
 3.27200000e-04  1.69143391e-07 
 3.27300000e-04  1.68894380e-07 
 3.27400000e-04  1.68689390e-07 
 3.27500000e-04  1.68601310e-07 
 3.27600000e-04  1.54961545e-07 
 3.27700000e-04  1.54327541e-07 
 3.27800000e-04  1.54055570e-07 
 3.27900000e-04  1.53855498e-07 
 3.28000000e-04  1.53729545e-07 
 3.28100000e-04  1.69740648e-07 
 3.28200000e-04  1.69545561e-07 
 3.28300000e-04  1.69463006e-07 
 3.28400000e-04  1.69388425e-07 
 3.28500000e-04  1.69346765e-07 
 3.28600000e-04  1.56740998e-07 
 3.28700000e-04  1.56379708e-07 
 3.28800000e-04  1.56187229e-07 
 3.28900000e-04  1.56046445e-07 
 3.29000000e-04  1.55958865e-07 
 3.29100000e-04  1.71220088e-07 
 3.29200000e-04  1.70715988e-07 
 3.29300000e-04  1.70552961e-07 
 3.29400000e-04  1.70466067e-07 
 3.29500000e-04  1.70403773e-07 
 3.29600000e-04  1.56074691e-07 
 3.29700000e-04  1.55509046e-07 
 3.29800000e-04  1.55246903e-07 
 3.29900000e-04  1.55059225e-07 
 3.30000000e-04  1.54947541e-07 
 3.30100000e-04  1.03757765e-04 
 3.30200000e-04  1.03757279e-04 
 3.30300000e-04  1.03757130e-04 
 3.30400000e-04  1.03757002e-04 
 3.30500000e-04  1.03756942e-04 
 3.30600000e-04  1.03745644e-04 
 3.30700000e-04  1.03745255e-04 
 3.30800000e-04  1.03745063e-04 
 3.30900000e-04  1.03744930e-04 
 3.31000000e-04  1.03744859e-04 
 3.31100000e-04  1.70682941e-07 
 3.31200000e-04  1.70389118e-07 
 3.31300000e-04  1.70293772e-07 
 3.31400000e-04  1.70211152e-07 
 3.31500000e-04  1.70173643e-07 
 3.31600000e-04  1.56383677e-07 
 3.31700000e-04  1.55894663e-07 
 3.31800000e-04  1.55660335e-07 
 3.31900000e-04  1.55485787e-07 
 3.32000000e-04  1.55372847e-07 
 3.32100000e-04  1.71447981e-07 
 3.32200000e-04  1.71254104e-07 
 3.32300000e-04  1.71164793e-07 
 3.32400000e-04  1.71082911e-07 
 3.32500000e-04  1.71042833e-07 
 3.32600000e-04  1.58395337e-07 
 3.32700000e-04  1.58032345e-07 
 3.32800000e-04  1.57841554e-07 
 3.32900000e-04  1.57706028e-07 
 3.33000000e-04  1.57627451e-07 
 3.33100000e-04  1.71221543e-07 
 3.33200000e-04  1.70985133e-07 
 3.33300000e-04  1.70897249e-07 
 3.33400000e-04  1.70820143e-07 
 3.33500000e-04  1.70801389e-07 
 3.33600000e-04  1.56875757e-07 
 3.33700000e-04  1.56467864e-07 
 3.33800000e-04  1.56249964e-07 
 3.33900000e-04  1.56080703e-07 
 3.34000000e-04  1.55961555e-07 
 3.34100000e-04  1.73125455e-07 
 3.34200000e-04  1.72718912e-07 
 3.34300000e-04  1.72572344e-07 
 3.34400000e-04  1.72443169e-07 
 3.34500000e-04  1.72380905e-07 
 3.34600000e-04  1.62297874e-07 
 3.34700000e-04  1.61941340e-07 
 3.34800000e-04  1.61764670e-07 
 3.34900000e-04  1.61648891e-07 
 3.35000000e-04  1.61595864e-07 
 3.35100000e-04  1.70816153e-07 
 3.35200000e-04  1.70497408e-07 
 3.35300000e-04  1.70389019e-07 
 3.35400000e-04  1.70295276e-07 
 3.35500000e-04  1.70231501e-07 
 3.35600000e-04  1.56417883e-07 
 3.35700000e-04  1.55922666e-07 
 3.35800000e-04  1.55687993e-07 
 3.35900000e-04  1.55511048e-07 
 3.36000000e-04  1.55393593e-07 
 3.36100000e-04  1.71465436e-07 
 3.36200000e-04  1.71276562e-07 
 3.36300000e-04  1.71187433e-07 
 3.36400000e-04  1.71105269e-07 
 3.36500000e-04  1.71050163e-07 
 3.36600000e-04  1.58391721e-07 
 3.36700000e-04  1.58022996e-07 
 3.36800000e-04  1.57829845e-07 
 3.36900000e-04  1.57701016e-07 
 3.37000000e-04  1.57638478e-07 
 3.37100000e-04  1.71224856e-07 
 3.37200000e-04  1.70981928e-07 
 3.37300000e-04  1.70893841e-07 
 3.37400000e-04  1.70817373e-07 
 3.37500000e-04  1.70797383e-07 
 3.37600000e-04  1.56875425e-07 
 3.37700000e-04  1.56469626e-07 
 3.37800000e-04  1.56253728e-07 
 3.37900000e-04  1.56082733e-07 
 3.38000000e-04  1.55957990e-07 
 3.38100000e-04  1.72589060e-07 
 3.38200000e-04  1.72276715e-07 
 3.38300000e-04  1.72164733e-07 
 3.38400000e-04  1.72066599e-07 
 3.38500000e-04  1.72013638e-07 
 3.38600000e-04  1.60644811e-07 
 3.38700000e-04  1.60282512e-07 
 3.38800000e-04  1.60099564e-07 
 3.38900000e-04  1.59971359e-07 
 3.39000000e-04  1.59899558e-07 
 3.39100000e-04  1.71312762e-07 
 3.39200000e-04  1.71021807e-07 
 3.39300000e-04  1.70929856e-07 
 3.39400000e-04  1.70851891e-07 
 3.39500000e-04  1.70815458e-07 
 3.39600000e-04  1.56919835e-07 
 3.39700000e-04  1.56469934e-07 
 3.39800000e-04  1.56246524e-07 
 3.39900000e-04  1.56074360e-07 
 3.40000000e-04  1.55954991e-07 
 3.40100000e-04  1.72068385e-07 
 3.40200000e-04  1.71862400e-07 
 3.40300000e-04  1.71779911e-07 
 3.40400000e-04  1.71706431e-07 
 3.40500000e-04  1.71652651e-07 
 3.40600000e-04  1.58968039e-07 
 3.40700000e-04  1.58603980e-07 
 3.40800000e-04  1.58423297e-07 
 3.40900000e-04  1.58295824e-07 
 3.41000000e-04  1.58223171e-07 
 3.41100000e-04  1.71840037e-07 
 3.41200000e-04  1.71602205e-07 
 3.41300000e-04  1.71509296e-07 
 3.41400000e-04  1.71426681e-07 
 3.41500000e-04  1.71388325e-07 
 3.41600000e-04  1.57465646e-07 
 3.41700000e-04  1.57064825e-07 
 3.41800000e-04  1.56844956e-07 
 3.41900000e-04  1.56677905e-07 
 3.42000000e-04  1.56565267e-07 
 3.42100000e-04  1.74269093e-07 
 3.42200000e-04  1.73760356e-07 
 3.42300000e-04  1.73578337e-07 
 3.42400000e-04  1.73417571e-07 
 3.42500000e-04  1.73356082e-07 
 3.42600000e-04  1.64538846e-07 
 3.42700000e-04  1.64193009e-07 
 3.42800000e-04  1.64015931e-07 
 3.42900000e-04  1.63903900e-07 
 3.43000000e-04  1.63858902e-07 
 3.43100000e-04  1.71103304e-07 
 3.43200000e-04  1.70690777e-07 
 3.43300000e-04  1.70528798e-07 
 3.43400000e-04  1.70383624e-07 
 3.43500000e-04  1.70328358e-07 
 3.43600000e-04  1.56512461e-07 
 3.43700000e-04  1.55972661e-07 
 3.43800000e-04  1.55726369e-07 
 3.43900000e-04  1.55542144e-07 
 3.44000000e-04  1.55421876e-07 
 3.44100000e-04  1.71496541e-07 
 3.44200000e-04  1.71310432e-07 
 3.44300000e-04  1.71207577e-07 
 3.44400000e-04  1.71110110e-07 
 3.44500000e-04  1.71083943e-07 
 3.44600000e-04  1.58396441e-07 
 3.44700000e-04  1.58031695e-07 
 3.44800000e-04  1.57845421e-07 
 3.44900000e-04  1.57709747e-07 
 3.45000000e-04  1.57626197e-07 
 3.45100000e-04  1.71226784e-07 
 3.45200000e-04  1.70987856e-07 
 3.45300000e-04  1.70907227e-07 
 3.45400000e-04  1.70838052e-07 
 3.45500000e-04  1.70804694e-07 
 3.45600000e-04  1.56890490e-07 
 3.45700000e-04  1.56481351e-07 
 3.45800000e-04  1.56252920e-07 
 3.45900000e-04  1.56083576e-07 
 3.46000000e-04  1.55975108e-07 
 3.46100000e-04  1.72599931e-07 
 3.46200000e-04  1.72299888e-07 
 3.46300000e-04  1.72183031e-07 
 3.46400000e-04  1.72078854e-07 
 3.46500000e-04  1.72016735e-07 
 3.46600000e-04  1.60637016e-07 
 3.46700000e-04  1.60283543e-07 
 3.46800000e-04  1.60090659e-07 
 3.46900000e-04  1.59961938e-07 
 3.47000000e-04  1.59899336e-07 
 3.47100000e-04  1.71294701e-07 
 3.47200000e-04  1.71025875e-07 
 3.47300000e-04  1.70934000e-07 
 3.47400000e-04  1.70853960e-07 
 3.47500000e-04  1.70818918e-07 
 3.47600000e-04  1.56920093e-07 
 3.47700000e-04  1.56489337e-07 
 3.47800000e-04  1.56250699e-07 
 3.47900000e-04  1.56073655e-07 
 3.48000000e-04  1.55960080e-07 
 3.48100000e-04  1.72074601e-07 
 3.48200000e-04  1.71860994e-07 
 3.48300000e-04  1.71774571e-07 
 3.48400000e-04  1.71698078e-07 
 3.48500000e-04  1.71642985e-07 
 3.48600000e-04  1.58956885e-07 
 3.48700000e-04  1.58610485e-07 
 3.48800000e-04  1.58420647e-07 
 3.48900000e-04  1.58285317e-07 
 3.49000000e-04  1.58206142e-07 
 3.49100000e-04  1.71848669e-07 
 3.49200000e-04  1.71592224e-07 
 3.49300000e-04  1.71504776e-07 
 3.49400000e-04  1.71430165e-07 
 3.49500000e-04  1.71400635e-07 
 3.49600000e-04  1.57444852e-07 
 3.49700000e-04  1.57063238e-07 
 3.49800000e-04  1.56842511e-07 
 3.49900000e-04  1.56670003e-07 
 3.50000000e-04  1.56547159e-07 
 3.50100000e-04  1.73737616e-07 
 3.50200000e-04  1.73331901e-07 
 3.50300000e-04  1.73190246e-07 
 3.50400000e-04  1.73066041e-07 
 3.50500000e-04  1.73001832e-07 
 3.50600000e-04  1.62875489e-07 
 3.50700000e-04  1.62511804e-07 
 3.50800000e-04  1.62336697e-07 
 3.50900000e-04  1.62226367e-07 
 3.51000000e-04  1.62182779e-07 
 3.51100000e-04  1.71419053e-07 
 3.51200000e-04  1.71125416e-07 
 3.51300000e-04  1.71011240e-07 
 3.51400000e-04  1.70908096e-07 
 3.51500000e-04  1.70845150e-07 
 3.51600000e-04  1.57004766e-07 
 3.51700000e-04  1.56517310e-07 
 3.51800000e-04  1.56272829e-07 
 3.51900000e-04  1.56094665e-07 
 3.52000000e-04  1.55984836e-07 
 3.52100000e-04  1.72089701e-07 
 3.52200000e-04  1.71882848e-07 
 3.52300000e-04  1.71799052e-07 
 3.52400000e-04  1.71724290e-07 
 3.52500000e-04  1.71673612e-07 
 3.52600000e-04  1.58969417e-07 
 3.52700000e-04  1.58622281e-07 
 3.52800000e-04  1.58438479e-07 
 3.52900000e-04  1.58303553e-07 
 3.53000000e-04  1.58218965e-07 
 3.53100000e-04  1.71843195e-07 
 3.53200000e-04  1.71597699e-07 
 3.53300000e-04  1.71514660e-07 
 3.53400000e-04  1.71443390e-07 
 3.53500000e-04  1.71400806e-07 
 3.53600000e-04  1.57466860e-07 
 3.53700000e-04  1.57069258e-07 
 3.53800000e-04  1.56834211e-07 
 3.53900000e-04  1.56665432e-07 
 3.54000000e-04  1.56564935e-07 
 3.54100000e-04  1.73222983e-07 
 3.54200000e-04  1.72913463e-07 
 3.54300000e-04  1.72795558e-07 
 3.54400000e-04  1.72691039e-07 
 3.54500000e-04  1.72640163e-07 
 3.54600000e-04  1.61208252e-07 
 3.54700000e-04  1.60853056e-07 
 3.54800000e-04  1.60679502e-07 
 3.54900000e-04  1.60562605e-07 
 3.55000000e-04  1.60504072e-07 
 3.55100000e-04  1.71928593e-07 
 3.55200000e-04  1.71640044e-07 
 3.55300000e-04  1.71552311e-07 
 3.55400000e-04  1.71478650e-07 
 3.55500000e-04  1.71420619e-07 
 3.55600000e-04  1.57517708e-07 
 3.55700000e-04  1.57082933e-07 
 3.55800000e-04  1.56850353e-07 
 3.55900000e-04  1.56676060e-07 
 3.56000000e-04  1.56561809e-07 
 3.56100000e-04  1.72706610e-07 
 3.56200000e-04  1.72505494e-07 
 3.56300000e-04  1.72406097e-07 
 3.56400000e-04  1.72314235e-07 
 3.56500000e-04  1.72267760e-07 
 3.56600000e-04  1.59548770e-07 
 3.56700000e-04  1.59207610e-07 
 3.56800000e-04  1.59019171e-07 
 3.56900000e-04  1.58886578e-07 
 3.57000000e-04  1.58811513e-07 
 3.57100000e-04  1.72454127e-07 
 3.57200000e-04  1.72213518e-07 
 3.57300000e-04  1.72133126e-07 
 3.57400000e-04  1.72064578e-07 
 3.57500000e-04  1.72010368e-07 
 3.57600000e-04  1.58056252e-07 
 3.57700000e-04  1.57637519e-07 
 3.57800000e-04  1.57423897e-07 
 3.57900000e-04  1.57263207e-07 
 3.58000000e-04  1.57157034e-07 
 3.58100000e-04  1.75431487e-07 
 3.58200000e-04  1.74787679e-07 
 3.58300000e-04  1.74591854e-07 
 3.58400000e-04  1.74426298e-07 
 3.58500000e-04  1.74336343e-07 
 3.58600000e-04  1.66787939e-07 
 3.58700000e-04  1.66445085e-07 
 3.58800000e-04  1.66266781e-07 
 3.58900000e-04  1.66164937e-07 
 3.59000000e-04  1.66141884e-07 
 3.59100000e-04  1.71728101e-07 
 3.59200000e-04  1.70915209e-07 
 3.59300000e-04  1.70664314e-07 
 3.59400000e-04  1.70451630e-07 
 3.59500000e-04  1.70369994e-07 
 3.59600000e-04  1.56578701e-07 
 3.59700000e-04  1.56016215e-07 
 3.59800000e-04  1.55745536e-07 
 3.59900000e-04  1.55549880e-07 
 3.60000000e-04  1.55431533e-07 
 3.60100000e-04  1.71513340e-07 
 3.60200000e-04  1.71304712e-07 
 3.60300000e-04  1.71208949e-07 
 3.60400000e-04  1.71121407e-07 
 3.60500000e-04  1.71081142e-07 
 3.60600000e-04  1.58399102e-07 
 3.60700000e-04  1.58039556e-07 
 3.60800000e-04  1.57856859e-07 
 3.60900000e-04  1.57723539e-07 
 3.61000000e-04  1.57641066e-07 
 3.61100000e-04  1.71245177e-07 
 3.61200000e-04  1.70998411e-07 
 3.61300000e-04  1.70918317e-07 
 3.61400000e-04  1.70850545e-07 
 3.61500000e-04  1.70815551e-07 
 3.61600000e-04  1.56873102e-07 
 3.61700000e-04  1.56485177e-07 
 3.61800000e-04  1.56259522e-07 
 3.61900000e-04  1.56086851e-07 
 3.62000000e-04  1.55968747e-07 
 3.62100000e-04  1.72601039e-07 
 3.62200000e-04  1.72293265e-07 
 3.62300000e-04  1.72179981e-07 
 3.62400000e-04  1.72080071e-07 
 3.62500000e-04  1.72026695e-07 
 3.62600000e-04  1.60645417e-07 
 3.62700000e-04  1.60274403e-07 
 3.62800000e-04  1.60085478e-07 
 3.62900000e-04  1.59963461e-07 
 3.63000000e-04  1.59910378e-07 
 3.63100000e-04  1.71312505e-07 
 3.63200000e-04  1.71032534e-07 
 3.63300000e-04  1.70933602e-07 
 3.63400000e-04  1.70846963e-07 
 3.63500000e-04  1.70823470e-07 
 3.63600000e-04  1.56941917e-07 
 3.63700000e-04  1.56476771e-07 
 3.63800000e-04  1.56251611e-07 
 3.63900000e-04  1.56082174e-07 
 3.64000000e-04  1.55970131e-07 
 3.64100000e-04  1.72077787e-07 
 3.64200000e-04  1.71866667e-07 
 3.64300000e-04  1.71782548e-07 
 3.64400000e-04  1.71707917e-07 
 3.64500000e-04  1.71668585e-07 
 3.64600000e-04  1.58963480e-07 
 3.64700000e-04  1.58621836e-07 
 3.64800000e-04  1.58427197e-07 
 3.64900000e-04  1.58292805e-07 
 3.65000000e-04  1.58220473e-07 
 3.65100000e-04  1.71832596e-07 
 3.65200000e-04  1.71588868e-07 
 3.65300000e-04  1.71501098e-07 
 3.65400000e-04  1.71424427e-07 
 3.65500000e-04  1.71391287e-07 
 3.65600000e-04  1.57462260e-07 
 3.65700000e-04  1.57046549e-07 
 3.65800000e-04  1.56824636e-07 
 3.65900000e-04  1.56662239e-07 
 3.66000000e-04  1.56561143e-07 
 3.66100000e-04  1.73754842e-07 
 3.66200000e-04  1.73337543e-07 
 3.66300000e-04  1.73190446e-07 
 3.66400000e-04  1.73061847e-07 
 3.66500000e-04  1.72998162e-07 
 3.66600000e-04  1.62878521e-07 
 3.66700000e-04  1.62513047e-07 
 3.66800000e-04  1.62339581e-07 
 3.66900000e-04  1.62226690e-07 
 3.67000000e-04  1.62176192e-07 
 3.67100000e-04  1.71419439e-07 
 3.67200000e-04  1.71111895e-07 
 3.67300000e-04  1.70998845e-07 
 3.67400000e-04  1.70898709e-07 
 3.67500000e-04  1.70867640e-07 
 3.67600000e-04  1.56993571e-07 
 3.67700000e-04  1.56509567e-07 
 3.67800000e-04  1.56268130e-07 
 3.67900000e-04  1.56088047e-07 
 3.68000000e-04  1.55971161e-07 
 3.68100000e-04  1.72097580e-07 
 3.68200000e-04  1.71898002e-07 
 3.68300000e-04  1.71803628e-07 
 3.68400000e-04  1.71716628e-07 
 3.68500000e-04  1.71679016e-07 
 3.68600000e-04  1.58977635e-07 
 3.68700000e-04  1.58616283e-07 
 3.68800000e-04  1.58439279e-07 
 3.68900000e-04  1.58309386e-07 
 3.69000000e-04  1.58227994e-07 
 3.69100000e-04  1.71847958e-07 
 3.69200000e-04  1.71608814e-07 
 3.69300000e-04  1.71521552e-07 
 3.69400000e-04  1.71445132e-07 
 3.69500000e-04  1.71413295e-07 
 3.69600000e-04  1.57457521e-07 
 3.69700000e-04  1.57063270e-07 
 3.69800000e-04  1.56836123e-07 
 3.69900000e-04  1.56667404e-07 
 3.70000000e-04  1.56558862e-07 
 3.70100000e-04  1.73214626e-07 
 3.70200000e-04  1.72899427e-07 
 3.70300000e-04  1.72788062e-07 
 3.70400000e-04  1.72691132e-07 
 3.70500000e-04  1.72641061e-07 
 3.70600000e-04  1.61227227e-07 
 3.70700000e-04  1.60866220e-07 
 3.70800000e-04  1.60680617e-07 
 3.70900000e-04  1.60559347e-07 
 3.71000000e-04  1.60504346e-07 
 3.71100000e-04  1.71919788e-07 
 3.71200000e-04  1.71655977e-07 
 3.71300000e-04  1.71550612e-07 
 3.71400000e-04  1.71455226e-07 
 3.71500000e-04  1.71432223e-07 
 3.71600000e-04  1.57511190e-07 
 3.71700000e-04  1.57081511e-07 
 3.71800000e-04  1.56856183e-07 
 3.71900000e-04  1.56685160e-07 
 3.72000000e-04  1.56570060e-07 
 3.72100000e-04  1.72702484e-07 
 3.72200000e-04  1.72491360e-07 
 3.72300000e-04  1.72399275e-07 
 3.72400000e-04  1.72316326e-07 
 3.72500000e-04  1.72260068e-07 
 3.72600000e-04  1.59560405e-07 
 3.72700000e-04  1.59187481e-07 
 3.72800000e-04  1.59006312e-07 
 3.72900000e-04  1.58877033e-07 
 3.73000000e-04  1.58801182e-07 
 3.73100000e-04  1.72461355e-07 
 3.73200000e-04  1.72209657e-07 
 3.73300000e-04  1.72125063e-07 
 3.73400000e-04  1.72053120e-07 
 3.73500000e-04  1.72028408e-07 
 3.73600000e-04  1.58047779e-07 
 3.73700000e-04  1.57635137e-07 
 3.73800000e-04  1.57427941e-07 
 3.73900000e-04  1.57265914e-07 
 3.74000000e-04  1.57150380e-07 
 3.74100000e-04  1.74910890e-07 
 3.74200000e-04  1.74385107e-07 
 3.74300000e-04  1.74200215e-07 
 3.74400000e-04  1.74037932e-07 
 3.74500000e-04  1.73986936e-07 
 3.74600000e-04  1.65142693e-07 
 3.74700000e-04  1.64774975e-07 
 3.74800000e-04  1.64605263e-07 
 3.74900000e-04  1.64494551e-07 
 3.75000000e-04  1.64444602e-07 
 3.75100000e-04  1.71718122e-07 
 3.75200000e-04  1.71295017e-07 
 3.75300000e-04  1.71145540e-07 
 3.75400000e-04  1.71015194e-07 
 3.75500000e-04  1.70953795e-07 
 3.75600000e-04  1.57108921e-07 
 3.75700000e-04  1.56574310e-07 
 3.75800000e-04  1.56320125e-07 
 3.75900000e-04  1.56130901e-07 
 3.76000000e-04  1.56008591e-07 
 3.76100000e-04  1.72130030e-07 
 3.76200000e-04  1.71908624e-07 
 3.76300000e-04  1.71815388e-07 
 3.76400000e-04  1.71731978e-07 
 3.76500000e-04  1.71691815e-07 
 3.76600000e-04  1.58987038e-07 
 3.76700000e-04  1.58628569e-07 
 3.76800000e-04  1.58436045e-07 
 3.76900000e-04  1.58304349e-07 
 3.77000000e-04  1.58235300e-07 
 3.77100000e-04  1.71855141e-07 
 3.77200000e-04  1.71619065e-07 
 3.77300000e-04  1.71532299e-07 
 3.77400000e-04  1.71456000e-07 
 3.77500000e-04  1.71411110e-07 
 3.77600000e-04  1.57469392e-07 
 3.77700000e-04  1.57056225e-07 
 3.77800000e-04  1.56851191e-07 
 3.77900000e-04  1.56683923e-07 
 3.78000000e-04  1.56555506e-07 
 3.78100000e-04  1.73226818e-07 
 3.78200000e-04  1.72908014e-07 
 3.78300000e-04  1.72789122e-07 
 3.78400000e-04  1.72683965e-07 
 3.78500000e-04  1.72648251e-07 
 3.78600000e-04  1.61231364e-07 
 3.78700000e-04  1.60874399e-07 
 3.78800000e-04  1.60686442e-07 
 3.78900000e-04  1.60565051e-07 
 3.79000000e-04  1.60512228e-07 
 3.79100000e-04  1.71920747e-07 
 3.79200000e-04  1.71645625e-07 
 3.79300000e-04  1.71549658e-07 
 3.79400000e-04  1.71465811e-07 
 3.79500000e-04  1.71428737e-07 
 3.79600000e-04  1.57513045e-07 
 3.79700000e-04  1.57063980e-07 
 3.79800000e-04  1.56835690e-07 
 3.79900000e-04  1.56667973e-07 
 3.80000000e-04  1.56562638e-07 
 3.80100000e-04  1.72706448e-07 
 3.80200000e-04  1.72508094e-07 
 3.80300000e-04  1.72417331e-07 
 3.80400000e-04  1.72334591e-07 
 3.80500000e-04  1.72270632e-07 
 3.80600000e-04  1.59563820e-07 
 3.80700000e-04  1.59197021e-07 
 3.80800000e-04  1.59021250e-07 
 3.80900000e-04  1.58893037e-07 
 3.81000000e-04  1.58813782e-07 
 3.81100000e-04  1.72460335e-07 
 3.81200000e-04  1.72213923e-07 
 3.81300000e-04  1.72126456e-07 
 3.81400000e-04  1.72050332e-07 
 3.81500000e-04  1.72007924e-07 
 3.81600000e-04  1.58043522e-07 
 3.81700000e-04  1.57632557e-07 
 3.81800000e-04  1.57425963e-07 
 3.81900000e-04  1.57262347e-07 
 3.82000000e-04  1.57142953e-07 
 3.82100000e-04  1.74376836e-07 
 3.82200000e-04  1.73960266e-07 
 3.82300000e-04  1.73816702e-07 
 3.82400000e-04  1.73691439e-07 
 3.82500000e-04  1.73614752e-07 
 3.82600000e-04  1.63467961e-07 
 3.82700000e-04  1.63105245e-07 
 3.82800000e-04  1.62939198e-07 
 3.82900000e-04  1.62825119e-07 
 3.83000000e-04  1.62764541e-07 
 3.83100000e-04  1.72046525e-07 
 3.83200000e-04  1.71741982e-07 
 3.83300000e-04  1.71627066e-07 
 3.83400000e-04  1.71524417e-07 
 3.83500000e-04  1.71471474e-07 
 3.83600000e-04  1.57601066e-07 
 3.83700000e-04  1.57095305e-07 
 3.83800000e-04  1.56858207e-07 
 3.83900000e-04  1.56687916e-07 
 3.84000000e-04  1.56586433e-07 
 3.84100000e-04  1.72715447e-07 
 3.84200000e-04  1.72505590e-07 
 3.84300000e-04  1.72414401e-07 
 3.84400000e-04  1.72331596e-07 
 3.84500000e-04  1.72294558e-07 
 3.84600000e-04  1.59556594e-07 
 3.84700000e-04  1.59193833e-07 
 3.84800000e-04  1.59018450e-07 
 3.84900000e-04  1.58895353e-07 
 3.85000000e-04  1.58826081e-07 
 3.85100000e-04  1.72475479e-07 
 3.85200000e-04  1.72226780e-07 
 3.85300000e-04  1.72132768e-07 
 3.85400000e-04  1.72049921e-07 
 3.85500000e-04  1.72009091e-07 
 3.85600000e-04  1.58044692e-07 
 3.85700000e-04  1.57638235e-07 
 3.85800000e-04  1.57429242e-07 
 3.85900000e-04  1.57266656e-07 
 3.86000000e-04  1.57151833e-07 
 3.86100000e-04  1.73848178e-07 
 3.86200000e-04  1.73553128e-07 
 3.86300000e-04  1.73424193e-07 
 3.86400000e-04  1.73305831e-07 
 3.86500000e-04  1.73255538e-07 
 3.86600000e-04  1.61809171e-07 
 3.86700000e-04  1.61446549e-07 
 3.86800000e-04  1.61266596e-07 
 3.86900000e-04  1.61147371e-07 
 3.87000000e-04  1.61090675e-07 
 3.87100000e-04  1.72547024e-07 
 3.87200000e-04  1.72279698e-07 
 3.87300000e-04  1.72172820e-07 
 3.87400000e-04  1.72076479e-07 
 3.87500000e-04  1.72036122e-07 
 3.87600000e-04  1.58091393e-07 
 3.87700000e-04  1.57674885e-07 
 3.87800000e-04  1.57442873e-07 
 3.87900000e-04  1.57268963e-07 
 3.88000000e-04  1.57154878e-07 
 3.88100000e-04  1.73329861e-07 
 3.88200000e-04  1.73115092e-07 
 3.88300000e-04  1.73027568e-07 
 3.88400000e-04  1.72949887e-07 
 3.88500000e-04  1.72891676e-07 
 3.88600000e-04  1.60146874e-07 
 3.88700000e-04  1.59796877e-07 
 3.88800000e-04  1.59606337e-07 
 3.88900000e-04  1.59479164e-07 
 3.89000000e-04  1.59417246e-07 
 3.89100000e-04  1.73090075e-07 
 3.89200000e-04  1.72835770e-07 
 3.89300000e-04  1.72752082e-07 
 3.89400000e-04  1.72680955e-07 
 3.89500000e-04  1.72633880e-07 
 3.89600000e-04  1.58637741e-07 
 3.89700000e-04  1.58247916e-07 
 3.89800000e-04  1.58020920e-07 
 3.89900000e-04  1.57852562e-07 
 3.90000000e-04  1.57744580e-07 
 3.90100000e-04  1.77115636e-07 
 3.90200000e-04  1.76269778e-07 
 3.90300000e-04  1.76009421e-07 
 3.90400000e-04  1.75787702e-07 
 3.90500000e-04  1.75696377e-07 
 3.90600000e-04  1.70717520e-07 
 3.90700000e-04  1.70342465e-07 
 3.90800000e-04  1.70185984e-07 
 3.90900000e-04  1.70101572e-07 
 3.91000000e-04  1.70091393e-07 
 3.91100000e-04  1.71326528e-07 
 3.91200000e-04  1.70328011e-07 
 3.91300000e-04  1.70061237e-07 
 3.91400000e-04  1.69841450e-07 
 3.91500000e-04  1.69755277e-07 
 3.91600000e-04  1.56072397e-07 
 3.91700000e-04  1.55428433e-07 
 3.91800000e-04  1.55152570e-07 
 3.91900000e-04  1.54948600e-07 
 3.92000000e-04  1.54818684e-07 
 3.92100000e-04  1.70908137e-07 
 3.92200000e-04  1.70701811e-07 
 3.92300000e-04  1.70604750e-07 
 3.92400000e-04  1.70515576e-07 
 3.92500000e-04  1.70470312e-07 
 3.92600000e-04  1.57808112e-07 
 3.92700000e-04  1.57435979e-07 
 3.92800000e-04  1.57256022e-07 
 3.92900000e-04  1.57121790e-07 
 3.93000000e-04  1.57034609e-07 
 3.93100000e-04  1.70613801e-07 
 3.93200000e-04  1.70391842e-07 
 3.93300000e-04  1.70305781e-07 
 3.93400000e-04  1.70229001e-07 
 3.93500000e-04  1.70183002e-07 
 3.93600000e-04  1.56290083e-07 
 3.93700000e-04  1.55899485e-07 
 3.93800000e-04  1.55662788e-07 
 3.93900000e-04  1.55487450e-07 
 3.94000000e-04  1.55375291e-07 
 3.94100000e-04  1.71984723e-07 
 3.94200000e-04  1.71687490e-07 
 3.94300000e-04  1.71564488e-07 
 3.94400000e-04  1.71452884e-07 
 3.94500000e-04  1.71417468e-07 
 3.94600000e-04  1.60043869e-07 
 3.94700000e-04  1.59680402e-07 
 3.94800000e-04  1.59491887e-07 
 3.94900000e-04  1.59368488e-07 
 3.95000000e-04  1.59312144e-07 
 3.95100000e-04  1.70693322e-07 
 3.95200000e-04  1.70406720e-07 
 3.95300000e-04  1.70309671e-07 
 3.95400000e-04  1.70225847e-07 
 3.95500000e-04  1.70207979e-07 
 3.95600000e-04  1.56342098e-07 
 3.95700000e-04  1.55894994e-07 
 3.95800000e-04  1.55660438e-07 
 3.95900000e-04  1.55482281e-07 
 3.96000000e-04  1.55362182e-07 
 3.96100000e-04  1.71449430e-07 
 3.96200000e-04  1.71258846e-07 
 3.96300000e-04  1.71172797e-07 
 3.96400000e-04  1.71094324e-07 
 3.96500000e-04  1.71048341e-07 
 3.96600000e-04  1.58371080e-07 
 3.96700000e-04  1.58020423e-07 
 3.96800000e-04  1.57835011e-07 
 3.96900000e-04  1.57701296e-07 
 3.97000000e-04  1.57620789e-07 
 3.97100000e-04  1.71198143e-07 
 3.97200000e-04  1.70986518e-07 
 3.97300000e-04  1.70893298e-07 
 3.97400000e-04  1.70807557e-07 
 3.97500000e-04  1.70773556e-07 
 3.97600000e-04  1.56880439e-07 
 3.97700000e-04  1.56467421e-07 
 3.97800000e-04  1.56235228e-07 
 3.97900000e-04  1.56066195e-07 
 3.98000000e-04  1.55962192e-07 
 3.98100000e-04  1.73116823e-07 
 3.98200000e-04  1.72706902e-07 
 3.98300000e-04  1.72559243e-07 
 3.98400000e-04  1.72429125e-07 
 3.98500000e-04  1.72369753e-07 
 3.98600000e-04  1.62284690e-07 
 3.98700000e-04  1.61928524e-07 
 3.98800000e-04  1.61750773e-07 
 3.98900000e-04  1.61632344e-07 
 3.99000000e-04  1.61574986e-07 
 3.99100000e-04  1.70802331e-07 
 3.99200000e-04  1.70495733e-07 
 3.99300000e-04  1.70384764e-07 
 3.99400000e-04  1.70286684e-07 
 3.99500000e-04  1.70250831e-07 
 3.99600000e-04  1.56405937e-07 
 3.99700000e-04  1.55931858e-07 
 3.99800000e-04  1.55686431e-07 
 3.99900000e-04  1.55501651e-07 
 4.00000000e-04  1.55379306e-07 
 4.00100000e-04  1.71471312e-07 
 4.00200000e-04  1.71263033e-07 
 4.00300000e-04  1.71178109e-07 
 4.00400000e-04  1.71102486e-07 
 4.00500000e-04  1.71043939e-07 
 4.00600000e-04  1.58381908e-07 
 4.00700000e-04  1.58012068e-07 
 4.00800000e-04  1.57831564e-07 
 4.00900000e-04  1.57704857e-07 
 4.01000000e-04  1.57633520e-07 
 4.01100000e-04  1.71220609e-07 
 4.01200000e-04  1.70969063e-07 
 4.01300000e-04  1.70890270e-07 
 4.01400000e-04  1.70824356e-07 
 4.01500000e-04  1.70775329e-07 
 4.01600000e-04  1.56864128e-07 
 4.01700000e-04  1.56465621e-07 
 4.01800000e-04  1.56245448e-07 
 4.01900000e-04  1.56077619e-07 
 4.02000000e-04  1.55963663e-07 
 4.02100000e-04  1.72605871e-07 
 4.02200000e-04  1.72288236e-07 
 4.02300000e-04  1.72164563e-07 
 4.02400000e-04  1.72054509e-07 
 4.02500000e-04  1.72013434e-07 
 4.02600000e-04  1.60636967e-07 
 4.02700000e-04  1.60274430e-07 
 4.02800000e-04  1.60083410e-07 
 4.02900000e-04  1.59957369e-07 
 4.03000000e-04  1.59898233e-07 
 4.03100000e-04  1.71307934e-07 
 4.03200000e-04  1.71017282e-07 
 4.03300000e-04  1.70923454e-07 
 4.03400000e-04  1.70843507e-07 
 4.03500000e-04  1.70806968e-07 
 4.03600000e-04  1.56919145e-07 
 4.03700000e-04  1.56484108e-07 
 4.03800000e-04  1.56249772e-07 
 4.03900000e-04  1.56073604e-07 
 4.04000000e-04  1.55957313e-07 
 4.04100000e-04  1.72067037e-07 
 4.04200000e-04  1.71859339e-07 
 4.04300000e-04  1.71772701e-07 
 4.04400000e-04  1.71694901e-07 
 4.04500000e-04  1.71650324e-07 
 4.04600000e-04  1.58956776e-07 
 4.04700000e-04  1.58596234e-07 
 4.04800000e-04  1.58423854e-07 
 4.04900000e-04  1.58296350e-07 
 4.05000000e-04  1.58215002e-07 
 4.05100000e-04  1.71832637e-07 
 4.05200000e-04  1.71591821e-07 
 4.05300000e-04  1.71505995e-07 
 4.05400000e-04  1.71431554e-07 
 4.05500000e-04  1.71397098e-07 
 4.05600000e-04  1.57462755e-07 
 4.05700000e-04  1.57058124e-07 
 4.05800000e-04  1.56833152e-07 
 4.05900000e-04  1.56665392e-07 
 4.06000000e-04  1.56556524e-07 
 4.06100000e-04  1.74266327e-07 
 4.06200000e-04  1.73744620e-07 
 4.06300000e-04  1.73570005e-07 
 4.06400000e-04  1.73418599e-07 
 4.06500000e-04  1.73354596e-07 
 4.06600000e-04  1.64543562e-07 
 4.06700000e-04  1.64189605e-07 
 4.06800000e-04  1.64004826e-07 
 4.06900000e-04  1.63891637e-07 
 4.07000000e-04  1.63852171e-07 
 4.07100000e-04  1.71094805e-07 
 4.07200000e-04  1.70674767e-07 
 4.07300000e-04  1.70522947e-07 
 4.07400000e-04  1.70389590e-07 
 4.07500000e-04  1.70310001e-07 
 4.07600000e-04  1.56509422e-07 
 4.07700000e-04  1.55983820e-07 
 4.07800000e-04  1.55724271e-07 
 4.07900000e-04  1.55530937e-07 
 4.08000000e-04  1.55405772e-07 
 4.08100000e-04  1.71507831e-07 
 4.08200000e-04  1.71287993e-07 
 4.08300000e-04  1.71202019e-07 
 4.08400000e-04  1.71126467e-07 
 4.08500000e-04  1.71063028e-07 
 4.08600000e-04  1.58395856e-07 
 4.08700000e-04  1.58036342e-07 
 4.08800000e-04  1.57850567e-07 
 4.08900000e-04  1.57713710e-07 
 4.09000000e-04  1.57627181e-07 
 4.09100000e-04  1.71224638e-07 
 4.09200000e-04  1.70989985e-07 
 4.09300000e-04  1.70899379e-07 
 4.09400000e-04  1.70819046e-07 
 4.09500000e-04  1.70799304e-07 
 4.09600000e-04  1.56889793e-07 
 4.09700000e-04  1.56460858e-07 
 4.09800000e-04  1.56243480e-07 
 4.09900000e-04  1.56077078e-07 
 4.10000000e-04  1.55963129e-07 
 4.10100000e-04  1.72592768e-07 
 4.10200000e-04  1.72298409e-07 
 4.10300000e-04  1.72177830e-07 
 4.10400000e-04  1.72068663e-07 
 4.10500000e-04  1.72019184e-07 
 4.10600000e-04  1.60622717e-07 
 4.10700000e-04  1.60278552e-07 
 4.10800000e-04  1.60094687e-07 
 4.10900000e-04  1.59970886e-07 
 4.11000000e-04  1.59908911e-07 
 4.11100000e-04  1.71310836e-07 
 4.11200000e-04  1.71028570e-07 
 4.11300000e-04  1.70934445e-07 
 4.11400000e-04  1.70853304e-07 
 4.11500000e-04  1.70806214e-07 
 4.11600000e-04  1.56918131e-07 
 4.11700000e-04  1.56483627e-07 
 4.11800000e-04  1.56253710e-07 
 4.11900000e-04  1.56080569e-07 
 4.12000000e-04  1.55965861e-07 
 4.12100000e-04  1.72069377e-07 
 4.12200000e-04  1.71878341e-07 
 4.12300000e-04  1.71785999e-07 
 4.12400000e-04  1.71700346e-07 
 4.12500000e-04  1.71645316e-07 
 4.12600000e-04  1.58956865e-07 
 4.12700000e-04  1.58611981e-07 
 4.12800000e-04  1.58425460e-07 
 4.12900000e-04  1.58294359e-07 
 4.13000000e-04  1.58220288e-07 
 4.13100000e-04  1.71822206e-07 
 4.13200000e-04  1.71596222e-07 
 4.13300000e-04  1.71511749e-07 
 4.13400000e-04  1.71437168e-07 
 4.13500000e-04  1.71404566e-07 
 4.13600000e-04  1.57456202e-07 
 4.13700000e-04  1.57060212e-07 
 4.13800000e-04  1.56833445e-07 
 4.13900000e-04  1.56667198e-07 
 4.14000000e-04  1.56563246e-07 
 4.14100000e-04  1.73750665e-07 
 4.14200000e-04  1.73327876e-07 
 4.14300000e-04  1.73185441e-07 
 4.14400000e-04  1.73062295e-07 
 4.14500000e-04  1.73003217e-07 
 4.14600000e-04  1.62872157e-07 
 4.14700000e-04  1.62524739e-07 
 4.14800000e-04  1.62336406e-07 
 4.14900000e-04  1.62221927e-07 
 4.15000000e-04  1.62183497e-07 
 4.15100000e-04  1.71417235e-07 
 4.15200000e-04  1.71112043e-07 
 4.15300000e-04  1.70997922e-07 
 4.15400000e-04  1.70896124e-07 
 4.15500000e-04  1.70848149e-07 
 4.15600000e-04  1.56991293e-07 
 4.15700000e-04  1.56513427e-07 
 4.15800000e-04  1.56270012e-07 
 4.15900000e-04  1.56091927e-07 
 4.16000000e-04  1.55981098e-07 
 4.16100000e-04  1.72092978e-07 
 4.16200000e-04  1.71878381e-07 
 4.16300000e-04  1.71791950e-07 
 4.16400000e-04  1.71715028e-07 
 4.16500000e-04  1.71664527e-07 
 4.16600000e-04  1.58959966e-07 
 4.16700000e-04  1.58609241e-07 
 4.16800000e-04  1.58418302e-07 
 4.16900000e-04  1.58290692e-07 
 4.17000000e-04  1.58228271e-07 
 4.17100000e-04  1.71841267e-07 
 4.17200000e-04  1.71600756e-07 
 4.17300000e-04  1.71506341e-07 
 4.17400000e-04  1.71422483e-07 
 4.17500000e-04  1.71392541e-07 
 4.17600000e-04  1.57462831e-07 
 4.17700000e-04  1.57064093e-07 
 4.17800000e-04  1.56839882e-07 
 4.17900000e-04  1.56668471e-07 
 4.18000000e-04  1.56551387e-07 
 4.18100000e-04  1.73220278e-07 
 4.18200000e-04  1.72902117e-07 
 4.18300000e-04  1.72788510e-07 
 4.18400000e-04  1.72689287e-07 
 4.18500000e-04  1.72622787e-07 
 4.18600000e-04  1.61224061e-07 
 4.18700000e-04  1.60849942e-07 
 4.18800000e-04  1.60671237e-07 
 4.18900000e-04  1.60551544e-07 
 4.19000000e-04  1.60492583e-07 
 4.19100000e-04  1.71928561e-07 
 4.19200000e-04  1.71638686e-07 
 4.19300000e-04  1.71546323e-07 
 4.19400000e-04  1.71468043e-07 
 4.19500000e-04  1.71429284e-07 
 4.19600000e-04  1.57518860e-07 
 4.19700000e-04  1.57077133e-07 
 4.19800000e-04  1.56835102e-07 
 4.19900000e-04  1.56659826e-07 
 4.20000000e-04  1.56553273e-07 
 4.20100000e-04  1.72701572e-07 
 4.20200000e-04  1.72489522e-07 
 4.20300000e-04  1.72397252e-07 
 4.20400000e-04  1.72314273e-07 
 4.20500000e-04  1.72255013e-07 
 4.20600000e-04  1.59555657e-07 
 4.20700000e-04  1.59196109e-07 
 4.20800000e-04  1.59016067e-07 
 4.20900000e-04  1.58888948e-07 
 4.21000000e-04  1.58816277e-07 
 4.21100000e-04  1.72443897e-07 
 4.21200000e-04  1.72210710e-07 
 4.21300000e-04  1.72124389e-07 
 4.21400000e-04  1.72048310e-07 
 4.21500000e-04  1.72005141e-07 
 4.21600000e-04  1.58048487e-07 
 4.21700000e-04  1.57630289e-07 
 4.21800000e-04  1.57422760e-07 
 4.21900000e-04  1.57263049e-07 
 4.22000000e-04  1.57152520e-07 
 4.22100000e-04  1.75419248e-07 
 4.22200000e-04  1.74797926e-07 
 4.22300000e-04  1.74596228e-07 
 4.22400000e-04  1.74422060e-07 
 4.22500000e-04  1.74347858e-07 
 4.22600000e-04  1.66803916e-07 
 4.22700000e-04  1.66422400e-07 
 4.22800000e-04  1.66257021e-07 
 4.22900000e-04  1.66163825e-07 
 4.23000000e-04  1.66144954e-07 
 4.23100000e-04  1.71723477e-07 
 4.23200000e-04  1.70926966e-07 
 4.23300000e-04  1.70668268e-07 
 4.23400000e-04  1.70446034e-07 
 4.23500000e-04  1.70355573e-07 
 4.23600000e-04  1.56578814e-07 
 4.23700000e-04  1.55992526e-07 
 4.23800000e-04  1.55727336e-07 
 4.23900000e-04  1.55535788e-07 
 4.24000000e-04  1.55420064e-07 
 4.24100000e-04  1.71504393e-07 
 4.24200000e-04  1.71299725e-07 
 4.24300000e-04  1.71215346e-07 
 4.24400000e-04  1.71139777e-07 
 4.24500000e-04  1.71089260e-07 
 4.24600000e-04  1.58409938e-07 
 4.24700000e-04  1.58031976e-07 
 4.24800000e-04  1.57844416e-07 
 4.24900000e-04  1.57710380e-07 
 4.25000000e-04  1.57631412e-07 
 4.25100000e-04  1.71238341e-07 
 4.25200000e-04  1.71000000e-07 
 4.25300000e-04  1.70910018e-07 
 4.25400000e-04  1.70830775e-07 
 4.25500000e-04  1.70788610e-07 
 4.25600000e-04  1.56886054e-07 
 4.25700000e-04  1.56462700e-07 
 4.25800000e-04  1.56251277e-07 
 4.25900000e-04  1.56088168e-07 
 4.26000000e-04  1.55974753e-07 
 4.26100000e-04  1.72616925e-07 
 4.26200000e-04  1.72290833e-07 
 4.26300000e-04  1.72170231e-07 
 4.26400000e-04  1.72064801e-07 
 4.26500000e-04  1.72014648e-07 
 4.26600000e-04  1.60630326e-07 
 4.26700000e-04  1.60270849e-07 
 4.26800000e-04  1.60095352e-07 
 4.26900000e-04  1.59972853e-07 
 4.27000000e-04  1.59904715e-07 
 4.27100000e-04  1.73232946e-07 
 4.27200000e-04  1.72557462e-07 
 4.27300000e-04  1.72323302e-07 
 4.27400000e-04  1.72220961e-07 
 4.27500000e-04  1.72161215e-07 
 4.27600000e-04  1.57793039e-07 
 4.27700000e-04  1.57166439e-07 
 4.27800000e-04  1.56907424e-07 
 4.27900000e-04  1.56719795e-07 
 4.28000000e-04  1.56604926e-07 
 4.28100000e-04  1.03759023e-04 
 4.28200000e-04  1.03758632e-04 
 4.28300000e-04  1.03758498e-04 
 4.28400000e-04  1.03758381e-04 
 4.28500000e-04  1.03758314e-04 
 4.28600000e-04  1.03745654e-04 
 4.28700000e-04  1.03745269e-04 
 4.28800000e-04  1.03745078e-04 
 4.28900000e-04  1.03744941e-04 
 4.29000000e-04  1.03744860e-04 
 4.29100000e-04  1.73005563e-07 
 4.29200000e-04  1.72718008e-07 
 4.29300000e-04  1.72621411e-07 
 4.29400000e-04  1.72538510e-07 
 4.29500000e-04  1.72500494e-07 
 4.29600000e-04  1.58557131e-07 
 4.29700000e-04  1.58139773e-07 
 4.29800000e-04  1.57922039e-07 
 4.29900000e-04  1.57757913e-07 
 4.30000000e-04  1.57648934e-07 
 4.30100000e-04  1.74898925e-07 
 4.30200000e-04  1.74488950e-07 
 4.30300000e-04  1.74338060e-07 
 4.30400000e-04  1.74204476e-07 
 4.30500000e-04  1.74134359e-07 
 4.30600000e-04  1.63966762e-07 
 4.30700000e-04  1.63623719e-07 
 4.30800000e-04  1.63439168e-07 
 4.30900000e-04  1.63320923e-07 
 4.31000000e-04  1.63270926e-07 
 4.31100000e-04  1.72568644e-07 
 4.31200000e-04  1.72267849e-07 
 4.31300000e-04  1.72146959e-07 
 4.31400000e-04  1.72037487e-07 
 4.31500000e-04  1.71996616e-07 
 4.31600000e-04  1.58079654e-07 
 4.31700000e-04  1.57595833e-07 
 4.31800000e-04  1.57363325e-07 
 4.31900000e-04  1.57183536e-07 
 4.32000000e-04  1.57057976e-07 
 4.32100000e-04  1.73254475e-07 
 4.32200000e-04  1.73038918e-07 
 4.32300000e-04  1.72941080e-07 
 4.32400000e-04  1.72852276e-07 
 4.32500000e-04  1.72801148e-07 
 4.32600000e-04  1.60051040e-07 
 4.32700000e-04  1.59705898e-07 
 4.32800000e-04  1.59520292e-07 
 4.32900000e-04  1.59388275e-07 
 4.33000000e-04  1.59311380e-07 
 4.33100000e-04  1.72979737e-07 
 4.33200000e-04  1.72742332e-07 
 4.33300000e-04  1.72653624e-07 
 4.33400000e-04  1.72575531e-07 
 4.33500000e-04  1.72546312e-07 
 4.33600000e-04  1.58532748e-07 
 4.33700000e-04  1.58141410e-07 
 4.33800000e-04  1.57915905e-07 
 4.33900000e-04  1.57751308e-07 
 4.34000000e-04  1.57649389e-07 
 4.34100000e-04  1.74358934e-07 
 4.34200000e-04  1.74051259e-07 
 4.34300000e-04  1.73932045e-07 
 4.34400000e-04  1.73825252e-07 
 4.34500000e-04  1.73772436e-07 
 4.34600000e-04  1.62287894e-07 
 4.34700000e-04  1.61944805e-07 
 4.34800000e-04  1.61761679e-07 
 4.34900000e-04  1.61638712e-07 
 4.35000000e-04  1.61577642e-07 
 4.35100000e-04  1.73081166e-07 
 4.35200000e-04  1.72797072e-07 
 4.35300000e-04  1.72687897e-07 
 4.35400000e-04  1.72590593e-07 
 4.35500000e-04  1.72550134e-07 
 4.35600000e-04  1.58586075e-07 
 4.35700000e-04  1.58150234e-07 
 4.35800000e-04  1.57915436e-07 
 4.35900000e-04  1.57744041e-07 
 4.36000000e-04  1.57637892e-07 
 4.36100000e-04  1.73832718e-07 
 4.36200000e-04  1.73639776e-07 
 4.36300000e-04  1.73538326e-07 
 4.36400000e-04  1.73442457e-07 
 4.36500000e-04  1.73389023e-07 
 4.36600000e-04  1.60616271e-07 
 4.36700000e-04  1.60276790e-07 
 4.36800000e-04  1.60096403e-07 
 4.36900000e-04  1.59971612e-07 
 4.37000000e-04  1.59904015e-07 
 4.37100000e-04  1.73608737e-07 
 4.37200000e-04  1.73355451e-07 
 4.37300000e-04  1.73267272e-07 
 4.37400000e-04  1.73191547e-07 
 4.37500000e-04  1.73131220e-07 
 4.37600000e-04  1.59112918e-07 
 4.37700000e-04  1.58712575e-07 
 4.37800000e-04  1.58506238e-07 
 4.37900000e-04  1.58349881e-07 
 4.38000000e-04  1.58244919e-07 
 4.38100000e-04  1.76047796e-07 
 4.38200000e-04  1.75510633e-07 
 4.38300000e-04  1.75329388e-07 
 4.38400000e-04  1.75172347e-07 
 4.38500000e-04  1.75101744e-07 
 4.38600000e-04  1.66206992e-07 
 4.38700000e-04  1.65854679e-07 
 4.38800000e-04  1.65679651e-07 
 4.38900000e-04  1.65574118e-07 
 4.39000000e-04  1.65540111e-07 
 4.39100000e-04  1.72862327e-07 
 4.39200000e-04  1.72435773e-07 
 4.39300000e-04  1.72276338e-07 
 4.39400000e-04  1.72134973e-07 
 4.39500000e-04  1.72064244e-07 
 4.39600000e-04  1.58169985e-07 
 4.39700000e-04  1.57643198e-07 
 4.39800000e-04  1.57396001e-07 
 4.39900000e-04  1.57210428e-07 
 4.40000000e-04  1.57088262e-07 
 4.40100000e-04  1.73265752e-07 
 4.40200000e-04  1.73057465e-07 
 4.40300000e-04  1.72959126e-07 
 4.40400000e-04  1.72868241e-07 
 4.40500000e-04  1.72833711e-07 
 4.40600000e-04  1.60042270e-07 
 4.40700000e-04  1.59705748e-07 
 4.40800000e-04  1.59517943e-07 
 4.40900000e-04  1.59387335e-07 
 4.41000000e-04  1.59315565e-07 
 4.41100000e-04  1.72990824e-07 
 4.41200000e-04  1.72760404e-07 
 4.41300000e-04  1.72667928e-07 
 4.41400000e-04  1.72584406e-07 
 4.41500000e-04  1.72542910e-07 
 4.41600000e-04  1.58538298e-07 
 4.41700000e-04  1.58142818e-07 
 4.41800000e-04  1.57915337e-07 
 4.41900000e-04  1.57750215e-07 
 4.42000000e-04  1.57649257e-07 
 4.42100000e-04  1.74376440e-07 
 4.42200000e-04  1.74050969e-07 
 4.42300000e-04  1.73927277e-07 
 4.42400000e-04  1.73817819e-07 
 4.42500000e-04  1.73768474e-07 
 4.42600000e-04  1.62283725e-07 
 4.42700000e-04  1.61941711e-07 
 4.42800000e-04  1.61761737e-07 
 4.42900000e-04  1.61635388e-07 
 4.43000000e-04  1.61564195e-07 
 4.43100000e-04  1.73084744e-07 
 4.43200000e-04  1.72795437e-07 
 4.43300000e-04  1.72694658e-07 
 4.43400000e-04  1.72606938e-07 
 4.43500000e-04  1.72555655e-07 
 4.43600000e-04  1.58582145e-07 
 4.43700000e-04  1.58155678e-07 
 4.43800000e-04  1.57934125e-07 
 4.43900000e-04  1.57764049e-07 
 4.44000000e-04  1.57646912e-07 
 4.44100000e-04  1.73839984e-07 
 4.44200000e-04  1.73639423e-07 
 4.44300000e-04  1.73541839e-07 
 4.44400000e-04  1.73451082e-07 
 4.44500000e-04  1.73411775e-07 
 4.44600000e-04  1.60620172e-07 
 4.44700000e-04  1.60267320e-07 
 4.44800000e-04  1.60091849e-07 
 4.44900000e-04  1.59967360e-07 
 4.45000000e-04  1.59895293e-07 
 4.45100000e-04  1.73597821e-07 
 4.45200000e-04  1.73365035e-07 
 4.45300000e-04  1.73264405e-07 
 4.45400000e-04  1.73172700e-07 
 4.45500000e-04  1.73134178e-07 
 4.45600000e-04  1.59105156e-07 
 4.45700000e-04  1.58725787e-07 
 4.45800000e-04  1.58506462e-07 
 4.45900000e-04  1.58345264e-07 
 4.46000000e-04  1.58243861e-07 
 4.46100000e-04  1.75523914e-07 
 4.46200000e-04  1.75091786e-07 
 4.46300000e-04  1.74936180e-07 
 4.46400000e-04  1.74799892e-07 
 4.46500000e-04  1.74734166e-07 
 4.46600000e-04  1.64544209e-07 
 4.46700000e-04  1.64195521e-07 
 4.46800000e-04  1.64022775e-07 
 4.46900000e-04  1.63908438e-07 
 4.47000000e-04  1.63854189e-07 
 4.47100000e-04  1.73190727e-07 
 4.47200000e-04  1.72879162e-07 
 4.47300000e-04  1.72761627e-07 
 4.47400000e-04  1.72656453e-07 
 4.47500000e-04  1.72600800e-07 
 4.47600000e-04  1.58652378e-07 
 4.47700000e-04  1.58171023e-07 
 4.47800000e-04  1.57938067e-07 
 4.47900000e-04  1.57767569e-07 
 4.48000000e-04  1.57661333e-07 
 4.48100000e-04  1.73871238e-07 
 4.48200000e-04  1.73642429e-07 
 4.48300000e-04  1.73552145e-07 
 4.48400000e-04  1.73472432e-07 
 4.48500000e-04  1.73417694e-07 
 4.48600000e-04  1.60622484e-07 
 4.48700000e-04  1.60272696e-07 
 4.48800000e-04  1.60099156e-07 
 4.48900000e-04  1.59969415e-07 
 4.49000000e-04  1.59884681e-07 
 4.49100000e-04  1.73602628e-07 
 4.49200000e-04  1.73362645e-07 
 4.49300000e-04  1.73274630e-07 
 4.49400000e-04  1.73197347e-07 
 4.49500000e-04  1.73160322e-07 
 4.49600000e-04  1.59112129e-07 
 4.49700000e-04  1.58725904e-07 
 4.49800000e-04  1.58508580e-07 
 4.49900000e-04  1.58344642e-07 
 4.50000000e-04  1.58235601e-07 
 4.50100000e-04  1.74999805e-07 
 4.50200000e-04  1.74672768e-07 
 4.50300000e-04  1.74552461e-07 
 4.50400000e-04  1.74447219e-07 
 4.50500000e-04  1.74378231e-07 
 4.50600000e-04  1.62868468e-07 
 4.50700000e-04  1.62529666e-07 
 4.50800000e-04  1.62358661e-07 
 4.50900000e-04  1.62240804e-07 
 4.51000000e-04  1.62177599e-07 
 4.51100000e-04  1.73707552e-07 
 4.51200000e-04  1.73411680e-07 
 4.51300000e-04  1.73308707e-07 
 4.51400000e-04  1.73219240e-07 
 4.51500000e-04  1.73164461e-07 
 4.51600000e-04  1.59170472e-07 
 4.51700000e-04  1.58738009e-07 
 4.51800000e-04  1.58519689e-07 
 4.51900000e-04  1.58348598e-07 
 4.52000000e-04  1.58226051e-07 
 4.52100000e-04  1.74468507e-07 
 4.52200000e-04  1.74247686e-07 
 4.52300000e-04  1.74156904e-07 
 4.52400000e-04  1.74076128e-07 
 4.52500000e-04  1.74019948e-07 
 4.52600000e-04  1.61205263e-07 
 4.52700000e-04  1.60852692e-07 
 4.52800000e-04  1.60679277e-07 
 4.52900000e-04  1.60557540e-07 
 4.53000000e-04  1.60488938e-07 
 4.53100000e-04  1.74224907e-07 
 4.53200000e-04  1.73977962e-07 
 4.53300000e-04  1.73886419e-07 
 4.53400000e-04  1.73805688e-07 
 4.53500000e-04  1.73766927e-07 
 4.53600000e-04  1.59692356e-07 
 4.53700000e-04  1.59312343e-07 
 4.53800000e-04  1.59107356e-07 
 4.53900000e-04  1.58947313e-07 
 4.54000000e-04  1.58833458e-07 
 4.54100000e-04  1.77719426e-07 
 4.54200000e-04  1.76969976e-07 
 4.54300000e-04  1.76742695e-07 
 4.54400000e-04  1.76550030e-07 
 4.54500000e-04  1.76456243e-07 
 4.54600000e-04  1.70112087e-07 
 4.54700000e-04  1.69756564e-07 
 4.54800000e-04  1.69595060e-07 
 4.54900000e-04  1.69506806e-07 
 4.55000000e-04  1.69493941e-07 
 4.55100000e-04  1.73001435e-07 
 4.55200000e-04  1.72042080e-07 
 4.55300000e-04  1.71786214e-07 
 4.55400000e-04  1.71574887e-07 
 4.55500000e-04  1.71480734e-07 
 4.55600000e-04  1.57671281e-07 
 4.55700000e-04  1.57087489e-07 
 4.55800000e-04  1.56821499e-07 
 4.55900000e-04  1.56625258e-07 
 4.56000000e-04  1.56500789e-07 
 4.56100000e-04  1.72655571e-07 
 4.56200000e-04  1.72447306e-07 
 4.56300000e-04  1.72354220e-07 
 4.56400000e-04  1.72269528e-07 
 4.56500000e-04  1.72202388e-07 
 4.56600000e-04  1.59455546e-07 
 4.56700000e-04  1.59104593e-07 
 4.56800000e-04  1.58925728e-07 
 4.56900000e-04  1.58798115e-07 
 4.57000000e-04  1.58723189e-07 
 4.57100000e-04  1.72388435e-07 
 4.57200000e-04  1.72156097e-07 
 4.57300000e-04  1.72060632e-07 
 4.57400000e-04  1.71974801e-07 
 4.57500000e-04  1.71925241e-07 
 4.57600000e-04  1.57944422e-07 
 4.57700000e-04  1.57548844e-07 
 4.57800000e-04  1.57334574e-07 
 4.57900000e-04  1.57167677e-07 
 4.58000000e-04  1.57049470e-07 
 4.58100000e-04  1.73765591e-07 
 4.58200000e-04  1.73445992e-07 
 4.58300000e-04  1.73320478e-07 
 4.58400000e-04  1.73208992e-07 
 4.58500000e-04  1.73145973e-07 
 4.58600000e-04  1.61710853e-07 
 4.58700000e-04  1.61353405e-07 
 4.58800000e-04  1.61174814e-07 
 4.58900000e-04  1.61054312e-07 
 4.59000000e-04  1.60993551e-07 
 4.59100000e-04  1.72444860e-07 
 4.59200000e-04  1.72167549e-07 
 4.59300000e-04  1.72068775e-07 
 4.59400000e-04  1.71982106e-07 
 4.59500000e-04  1.71945593e-07 
 4.59600000e-04  1.57992923e-07 
 4.59700000e-04  1.57552107e-07 
 4.59800000e-04  1.57325515e-07 
 4.59900000e-04  1.57154862e-07 
 4.60000000e-04  1.57041733e-07 
 4.60100000e-04  1.73213764e-07 
 4.60200000e-04  1.73008718e-07 
 4.60300000e-04  1.72916643e-07 
 4.60400000e-04  1.72832789e-07 
 4.60500000e-04  1.72789322e-07 
 4.60600000e-04  1.60023974e-07 
 4.60700000e-04  1.59691369e-07 
 4.60800000e-04  1.59496065e-07 
 4.60900000e-04  1.59364036e-07 
 4.61000000e-04  1.59297098e-07 
 4.61100000e-04  1.72975004e-07 
 4.61200000e-04  1.72737592e-07 
 4.61300000e-04  1.72644437e-07 
 4.61400000e-04  1.72561531e-07 
 4.61500000e-04  1.72523562e-07 
 4.61600000e-04  1.58530243e-07 
 4.61700000e-04  1.58125524e-07 
 4.61800000e-04  1.57907743e-07 
 4.61900000e-04  1.57744123e-07 
 4.62000000e-04  1.57636187e-07 
 4.62100000e-04  1.74893033e-07 
 4.62200000e-04  1.74463893e-07 
 4.62300000e-04  1.74316694e-07 
 4.62400000e-04  1.74188730e-07 
 4.62500000e-04  1.74130817e-07 
 4.62600000e-04  1.63950870e-07 
 4.62700000e-04  1.63599803e-07 
 4.62800000e-04  1.63418012e-07 
 4.62900000e-04  1.63307719e-07 
 4.63000000e-04  1.63271000e-07 
 4.63100000e-04  1.72577182e-07 
 4.63200000e-04  1.72254437e-07 
 4.63300000e-04  1.72136140e-07 
 4.63400000e-04  1.72031973e-07 
 4.63500000e-04  1.71982823e-07 
 4.63600000e-04  1.58059564e-07 
 4.63700000e-04  1.57583566e-07 
 4.63800000e-04  1.57349784e-07 
 4.63900000e-04  1.57172686e-07 
 4.64000000e-04  1.57053865e-07 
 4.64100000e-04  1.73236885e-07 
 4.64200000e-04  1.73027751e-07 
 4.64300000e-04  1.72931872e-07 
 4.64400000e-04  1.72844145e-07 
 4.64500000e-04  1.72793299e-07 
 4.64600000e-04  1.60032483e-07 
 4.64700000e-04  1.59699672e-07 
 4.64800000e-04  1.59508426e-07 
 4.64900000e-04  1.59376395e-07 
 4.65000000e-04  1.59305262e-07 
 4.65100000e-04  1.72980009e-07 
 4.65200000e-04  1.72738040e-07 
 4.65300000e-04  1.72647348e-07 
 4.65400000e-04  1.72566985e-07 
 4.65500000e-04  1.72528878e-07 
 4.65600000e-04  1.58530960e-07 
 4.65700000e-04  1.58133264e-07 
 4.65800000e-04  1.57912422e-07 
 4.65900000e-04  1.57750828e-07 
 4.66000000e-04  1.57650167e-07 
 4.66100000e-04  1.74354233e-07 
 4.66200000e-04  1.74046118e-07 
 4.66300000e-04  1.73931425e-07 
 4.66400000e-04  1.73830122e-07 
 4.66500000e-04  1.73765481e-07 
 4.66600000e-04  1.62278158e-07 
 4.66700000e-04  1.61930709e-07 
 4.66800000e-04  1.61751322e-07 
 4.66900000e-04  1.61628007e-07 
 4.67000000e-04  1.61562348e-07 
 4.67100000e-04  1.73068327e-07 
 4.67200000e-04  1.72786396e-07 
 4.67300000e-04  1.72686991e-07 
 4.67400000e-04  1.72599997e-07 
 4.67500000e-04  1.72548176e-07 
 4.67600000e-04  1.58582692e-07 
 4.67700000e-04  1.58133888e-07 
 4.67800000e-04  1.57916502e-07 
 4.67900000e-04  1.57749515e-07 
 4.68000000e-04  1.57634322e-07 
 4.68100000e-04  1.73829845e-07 
 4.68200000e-04  1.73622778e-07 
 4.68300000e-04  1.73533080e-07 
 4.68400000e-04  1.73451632e-07 
 4.68500000e-04  1.73402532e-07 
 4.68600000e-04  1.60617379e-07 
 4.68700000e-04  1.60276188e-07 
 4.68800000e-04  1.60093771e-07 
 4.68900000e-04  1.59964599e-07 
 4.69000000e-04  1.59890160e-07 
 4.69100000e-04  1.73612877e-07 
 4.69200000e-04  1.73354700e-07 
 4.69300000e-04  1.73256240e-07 
 4.69400000e-04  1.73169867e-07 
 4.69500000e-04  1.73136824e-07 
 4.69600000e-04  1.59107505e-07 
 4.69700000e-04  1.58713139e-07 
 4.69800000e-04  1.58500788e-07 
 4.69900000e-04  1.58341749e-07 
 4.70000000e-04  1.58237512e-07 
 4.70100000e-04  1.76043210e-07 
 4.70200000e-04  1.75502195e-07 
 4.70300000e-04  1.75330117e-07 
 4.70400000e-04  1.75183187e-07 
 4.70500000e-04  1.75095037e-07 
 4.70600000e-04  1.66187321e-07 
 4.70700000e-04  1.65830540e-07 
 4.70800000e-04  1.65680191e-07 
 4.70900000e-04  1.65583018e-07 
 4.71000000e-04  1.65540506e-07 
 4.71100000e-04  1.72860300e-07 
 4.71200000e-04  1.72448651e-07 
 4.71300000e-04  1.72282392e-07 
 4.71400000e-04  1.72132798e-07 
 4.71500000e-04  1.72064735e-07 
 4.71600000e-04  1.58163896e-07 
 4.71700000e-04  1.57642372e-07 
 4.71800000e-04  1.57393808e-07 
 4.71900000e-04  1.57208726e-07 
 4.72000000e-04  1.57088941e-07 
 4.72100000e-04  1.73264267e-07 
 4.72200000e-04  1.73056713e-07 
 4.72300000e-04  1.72961299e-07 
 4.72400000e-04  1.72873973e-07 
 4.72500000e-04  1.72819768e-07 
 4.72600000e-04  1.60051649e-07 
 4.72700000e-04  1.59710168e-07 
 4.72800000e-04  1.59514308e-07 
 4.72900000e-04  1.59380021e-07 
 4.73000000e-04  1.59309057e-07 
 4.73100000e-04  1.72992354e-07 
 4.73200000e-04  1.72756173e-07 
 4.73300000e-04  1.72662548e-07 
 4.73400000e-04  1.72578954e-07 
 4.73500000e-04  1.72540016e-07 
 4.73600000e-04  1.58533715e-07 
 4.73700000e-04  1.58133257e-07 
 4.73800000e-04  1.57916915e-07 
 4.73900000e-04  1.57754259e-07 
 4.74000000e-04  1.57646788e-07 
 4.74100000e-04  1.74370596e-07 
 4.74200000e-04  1.74050655e-07 
 4.74300000e-04  1.73931409e-07 
 4.74400000e-04  1.73826478e-07 
 4.74500000e-04  1.73770276e-07 
 4.74600000e-04  1.62288804e-07 
 4.74700000e-04  1.61941916e-07 
 4.74800000e-04  1.61767857e-07 
 4.74900000e-04  1.61645778e-07 
 4.75000000e-04  1.61577123e-07 
 4.75100000e-04  1.73084654e-07 
 4.75200000e-04  1.72788127e-07 
 4.75300000e-04  1.72684718e-07 
 4.75400000e-04  1.72594698e-07 
 4.75500000e-04  1.72551779e-07 
 4.75600000e-04  1.58584881e-07 
 4.75700000e-04  1.58141471e-07 
 4.75800000e-04  1.57930063e-07 
 4.75900000e-04  1.57764445e-07 
 4.76000000e-04  1.57645864e-07 
 4.76100000e-04  1.73840060e-07 
 4.76200000e-04  1.73640145e-07 
 4.76300000e-04  1.73542133e-07 
 4.76400000e-04  1.73451348e-07 
 4.76500000e-04  1.73403592e-07 
 4.76600000e-04  1.60620975e-07 
 4.76700000e-04  1.60270335e-07 
 4.76800000e-04  1.60092807e-07 
 4.76900000e-04  1.59971053e-07 
 4.77000000e-04  1.59906637e-07 
 4.77100000e-04  1.73598272e-07 
 4.77200000e-04  1.73357074e-07 
 4.77300000e-04  1.73268669e-07 
 4.77400000e-04  1.73190961e-07 
 4.77500000e-04  1.73145448e-07 
 4.77600000e-04  1.59110490e-07 
 4.77700000e-04  1.58719891e-07 
 4.77800000e-04  1.58510682e-07 
 4.77900000e-04  1.58351403e-07 
 4.78000000e-04  1.58243431e-07 
 4.78100000e-04  1.75507912e-07 
 4.78200000e-04  1.75097043e-07 
 4.78300000e-04  1.74946230e-07 
 4.78400000e-04  1.74812613e-07 
 4.78500000e-04  1.74736762e-07 
 4.78600000e-04  1.64530912e-07 
 4.78700000e-04  1.64191154e-07 
 4.78800000e-04  1.64020456e-07 
 4.78900000e-04  1.63909645e-07 
 4.79000000e-04  1.63860417e-07 
 4.79100000e-04  1.73191429e-07 
 4.79200000e-04  1.72886698e-07 
 4.79300000e-04  1.72761983e-07 
 4.79400000e-04  1.72648762e-07 
 4.79500000e-04  1.72599213e-07 
 4.79600000e-04  1.58656829e-07 
 4.79700000e-04  1.58182527e-07 
 4.79800000e-04  1.57942778e-07 
 4.79900000e-04  1.57769551e-07 
 4.80000000e-04  1.57664747e-07 
 4.80100000e-04  1.73866599e-07 
 4.80200000e-04  1.73647477e-07 
 4.80300000e-04  1.73547818e-07 
 4.80400000e-04  1.73457221e-07 
 4.80500000e-04  1.73410119e-07 
 4.80600000e-04  1.60625452e-07 
 4.80700000e-04  1.60290201e-07 
 4.80800000e-04  1.60098736e-07 
 4.80900000e-04  1.59970483e-07 
 4.81000000e-04  1.59907234e-07 
 4.81100000e-04  1.73606394e-07 
 4.81200000e-04  1.73373858e-07 
 4.81300000e-04  1.73272329e-07 
 4.81400000e-04  1.73179351e-07 
 4.81500000e-04  1.73148543e-07 
 4.81600000e-04  1.59119658e-07 
 4.81700000e-04  1.58726580e-07 
 4.81800000e-04  1.58506960e-07 
 4.81900000e-04  1.58348250e-07 
 4.82000000e-04  1.58252167e-07 
 4.82100000e-04  1.74994380e-07 
 4.82200000e-04  1.74664311e-07 
 4.82300000e-04  1.74546720e-07 
 4.82400000e-04  1.74444370e-07 
 4.82500000e-04  1.74377948e-07 
 4.82600000e-04  1.62887808e-07 
 4.82700000e-04  1.62533328e-07 
 4.82800000e-04  1.62353261e-07 
 4.82900000e-04  1.62235864e-07 
 4.83000000e-04  1.62182907e-07 
 4.83100000e-04  1.73683731e-07 
 4.83200000e-04  1.73410159e-07 
 4.83300000e-04  1.73303982e-07 
 4.83400000e-04  1.73208768e-07 
 4.83500000e-04  1.73174374e-07 
 4.83600000e-04  1.59166490e-07 
 4.83700000e-04  1.58735233e-07 
 4.83800000e-04  1.58518080e-07 
 4.83900000e-04  1.58350874e-07 
 4.84000000e-04  1.58234986e-07 
 4.84100000e-04  1.74465076e-07 
 4.84200000e-04  1.74255979e-07 
 4.84300000e-04  1.74163046e-07 
 4.84400000e-04  1.74078170e-07 
 4.84500000e-04  1.74018667e-07 
 4.84600000e-04  1.61210098e-07 
 4.84700000e-04  1.60877134e-07 
 4.84800000e-04  1.60697394e-07 
 4.84900000e-04  1.60568409e-07 
 4.85000000e-04  1.60491574e-07 
 4.85100000e-04  1.74225897e-07 
 4.85200000e-04  1.73986405e-07 
 4.85300000e-04  1.73893674e-07 
 4.85400000e-04  1.73811230e-07 
 4.85500000e-04  1.73751859e-07 
 4.85600000e-04  1.59691492e-07 
 4.85700000e-04  1.59294816e-07 
 4.85800000e-04  1.59087400e-07 
 4.85900000e-04  1.58932867e-07 
 4.86000000e-04  1.58832677e-07 
 4.86100000e-04  1.77208377e-07 
 4.86200000e-04  1.76553903e-07 
 4.86300000e-04  1.76341274e-07 
 4.86400000e-04  1.76158384e-07 
 4.86500000e-04  1.76074480e-07 
 4.86600000e-04  1.68441387e-07 
 4.86700000e-04  1.68106868e-07 
 4.86800000e-04  1.67939380e-07 
 4.86900000e-04  1.67843066e-07 
 4.87000000e-04  1.67819962e-07 
 4.87100000e-04  1.73483646e-07 
 4.87200000e-04  1.72685267e-07 
 4.87300000e-04  1.72430138e-07 
 4.87400000e-04  1.72211270e-07 
 4.87500000e-04  1.72114735e-07 
 4.87600000e-04  1.58234310e-07 
 4.87700000e-04  1.57674054e-07 
 4.87800000e-04  1.57412048e-07 
 4.87900000e-04  1.57219673e-07 
 4.88000000e-04  1.57098921e-07 
 4.88100000e-04  1.73278091e-07 
 4.88200000e-04  1.73060099e-07 
 4.88300000e-04  1.72967983e-07 
 4.88400000e-04  1.72885292e-07 
 4.88500000e-04  1.72828163e-07 
 4.88600000e-04  1.60045832e-07 
 4.88700000e-04  1.59698552e-07 
 4.88800000e-04  1.59519681e-07 
 4.88900000e-04  1.59392323e-07 
 4.89000000e-04  1.59318163e-07 
 4.89100000e-04  1.73163088e-07 
 4.89200000e-04  1.72811492e-07 
 4.89300000e-04  1.72675859e-07 
 4.89400000e-04  1.72605359e-07 
 4.89500000e-04  1.72550100e-07 
 4.89600000e-04  1.58550674e-07 
 4.89700000e-04  1.58163458e-07 
 4.89800000e-04  1.57941450e-07 
 4.89900000e-04  1.57768144e-07 
 4.90000000e-04  1.57644902e-07 
 4.90100000e-04  1.74364789e-07 
 4.90200000e-04  1.74045084e-07 
 4.90300000e-04  1.73923389e-07 
 4.90400000e-04  1.73815264e-07 
 4.90500000e-04  1.73758459e-07 
 4.90600000e-04  1.62288649e-07 
 4.90700000e-04  1.61940544e-07 
 4.90800000e-04  1.61762048e-07 
 4.90900000e-04  1.61641085e-07 
 4.91000000e-04  1.61579315e-07 
 4.91100000e-04  1.73073563e-07 
 4.91200000e-04  1.72789393e-07 
 4.91300000e-04  1.72684327e-07 
 4.91400000e-04  1.72591253e-07 
 4.91500000e-04  1.72555473e-07 
 4.91600000e-04  1.58579407e-07 
 4.91700000e-04  1.58138691e-07 
 4.91800000e-04  1.57924347e-07 
 4.91900000e-04  1.57763653e-07 
 4.92000000e-04  1.57658167e-07 
 4.92100000e-04  1.73836170e-07 
 4.92200000e-04  1.73638876e-07 
 4.92300000e-04  1.73541489e-07 
 4.92400000e-04  1.73450980e-07 
 4.92500000e-04  1.73403259e-07 
 4.92600000e-04  1.60620911e-07 
 4.92700000e-04  1.60282841e-07 
 4.92800000e-04  1.60100164e-07 
 4.92900000e-04  1.59974325e-07 
 4.93000000e-04  1.59907003e-07 
 4.93100000e-04  1.73607511e-07 
 4.93200000e-04  1.73358419e-07 
 4.93300000e-04  1.73261801e-07 
 4.93400000e-04  1.73176273e-07 
 4.93500000e-04  1.73153971e-07 
 4.93600000e-04  1.59115496e-07 
 4.93700000e-04  1.58726573e-07 
 4.93800000e-04  1.58513346e-07 
 4.93900000e-04  1.58345254e-07 
 4.94000000e-04  1.58223753e-07 
 4.94100000e-04  1.75932940e-07 
 4.94200000e-04  1.75290407e-07 
 4.94300000e-04  1.75093679e-07 
 4.94400000e-04  1.75016162e-07 
 4.94500000e-04  1.74961206e-07 
 4.94600000e-04  1.64829166e-07 
 4.94700000e-04  1.64485958e-07 
 4.94800000e-04  1.64299180e-07 
 4.94900000e-04  1.64153967e-07 
 4.95000000e-04  1.64051556e-07 
 4.95100000e-04  1.73194869e-07 
 4.95200000e-04  1.72870834e-07 
 4.95300000e-04  1.72762317e-07 
 4.95400000e-04  1.72668216e-07 
 4.95500000e-04  1.72612241e-07 
 4.95600000e-04  1.58659138e-07 
 4.95700000e-04  1.58174745e-07 
 4.95800000e-04  1.57939382e-07 
 4.95900000e-04  1.57769496e-07 
 4.96000000e-04  1.57667102e-07 
 4.96100000e-04  1.73857269e-07 
 4.96200000e-04  1.73645308e-07 
 4.96300000e-04  1.73556138e-07 
 4.96400000e-04  1.73475574e-07 
 4.96500000e-04  1.73416839e-07 
 4.96600000e-04  1.60624485e-07 
 4.96700000e-04  1.60284523e-07 
 4.96800000e-04  1.60103727e-07 
 4.96900000e-04  1.59973666e-07 
 4.97000000e-04  1.59895912e-07 
 4.97100000e-04  1.73607645e-07 
 4.97200000e-04  1.73373758e-07 
 4.97300000e-04  1.73271798e-07 
 4.97400000e-04  1.73178902e-07 
 4.97500000e-04  1.73142776e-07 
 4.97600000e-04  1.59128702e-07 
 4.97700000e-04  1.58729330e-07 
 4.97800000e-04  1.58512010e-07 
 4.97900000e-04  1.58346087e-07 
 4.98000000e-04  1.58233174e-07 
 4.98100000e-04  1.74984358e-07 
 4.98200000e-04  1.74669636e-07 
 4.98300000e-04  1.74548109e-07 
 4.98400000e-04  1.74439459e-07 
 4.98500000e-04  1.74389668e-07 
 4.98600000e-04  1.62869973e-07 
 4.98700000e-04  1.62535186e-07 
 4.98800000e-04  1.62359550e-07 
 4.98900000e-04  1.62237123e-07 
 4.99000000e-04  1.62169593e-07 
 4.99100000e-04  1.73704553e-07 
 4.99200000e-04  1.73398921e-07 
 4.99300000e-04  1.73294822e-07 
 4.99400000e-04  1.73205168e-07 
 4.99500000e-04  1.73179233e-07 
 4.99600000e-04  1.59171192e-07 
 4.99700000e-04  1.58732593e-07 
 4.99800000e-04  1.58503124e-07 
 4.99900000e-04  1.58335749e-07 
 5.00000000e-04  1.58232438e-07 
 5.00100000e-04  1.74464146e-07 
 5.00200000e-04  1.74267831e-07 
 5.00300000e-04  1.74172398e-07 
 5.00400000e-04  1.74083565e-07 
 5.00500000e-04  1.74029345e-07 
 5.00600000e-04  1.61204466e-07 
 5.00700000e-04  1.60875783e-07 
 5.00800000e-04  1.60692126e-07 
 5.00900000e-04  1.60563516e-07 
 5.01000000e-04  1.60491700e-07 
 5.01100000e-04  1.74238591e-07 
 5.01200000e-04  1.73980485e-07 
 5.01300000e-04  1.73887007e-07 
 5.01400000e-04  1.73805854e-07 
 5.01500000e-04  1.73767751e-07 
 5.01600000e-04  1.59696150e-07 
 5.01700000e-04  1.59301917e-07 
 5.01800000e-04  1.59104472e-07 
 5.01900000e-04  1.58944035e-07 
 5.02000000e-04  1.58821779e-07 
 5.02100000e-04  1.76681775e-07 
 5.02200000e-04  1.76130875e-07 
 5.02300000e-04  1.75955800e-07 
 5.02400000e-04  1.75806928e-07 
 5.02500000e-04  1.75709672e-07 
 5.02600000e-04  1.66779000e-07 
 5.02700000e-04  1.66442535e-07 
 5.02800000e-04  1.66276940e-07 
 5.02900000e-04  1.66171732e-07 
 5.03000000e-04  1.66128824e-07 
 5.03100000e-04  1.73482551e-07 
 5.03200000e-04  1.73063684e-07 
 5.03300000e-04  1.72898155e-07 
 5.03400000e-04  1.72749943e-07 
 5.03500000e-04  1.72682641e-07 
 5.03600000e-04  1.58760500e-07 
 5.03700000e-04  1.58250279e-07 
 5.03800000e-04  1.58000990e-07 
 5.03900000e-04  1.57816741e-07 
 5.04000000e-04  1.57699596e-07 
 5.04100000e-04  1.73904006e-07 
 5.04200000e-04  1.73685452e-07 
 5.04300000e-04  1.73577454e-07 
 5.04400000e-04  1.73477589e-07 
 5.04500000e-04  1.73432772e-07 
 5.04600000e-04  1.60641051e-07 
 5.04700000e-04  1.60288905e-07 
 5.04800000e-04  1.60112782e-07 
 5.04900000e-04  1.59983602e-07 
 5.05000000e-04  1.59902854e-07 
 5.05100000e-04  1.73619160e-07 
 5.05200000e-04  1.73376567e-07 
 5.05300000e-04  1.73279390e-07 
 5.05400000e-04  1.73192550e-07 
 5.05500000e-04  1.73156358e-07 
 5.05600000e-04  1.59119764e-07 
 5.05700000e-04  1.58728295e-07 
 5.05800000e-04  1.58510478e-07 
 5.05900000e-04  1.58346621e-07 
 5.06000000e-04  1.58238435e-07 
 5.06100000e-04  1.75002644e-07 
 5.06200000e-04  1.74669616e-07 
 5.06300000e-04  1.74550462e-07 
 5.06400000e-04  1.74446950e-07 
 5.06500000e-04  1.74383344e-07 
 5.06600000e-04  1.62884771e-07 
 5.06700000e-04  1.62522845e-07 
 5.06800000e-04  1.62347165e-07 
 5.06900000e-04  1.62228821e-07 
 5.07000000e-04  1.62169631e-07 
 5.07100000e-04  1.73696596e-07 
 5.07200000e-04  1.73419372e-07 
 5.07300000e-04  1.73314816e-07 
 5.07400000e-04  1.73221975e-07 
 5.07500000e-04  1.73178737e-07 
 5.07600000e-04  1.59178428e-07 
 5.07700000e-04  1.58734827e-07 
 5.07800000e-04  1.58518298e-07 
 5.07900000e-04  1.58352468e-07 
 5.08000000e-04  1.58238944e-07 
 5.08100000e-04  1.74470758e-07 
 5.08200000e-04  1.74270393e-07 
 5.08300000e-04  1.74169854e-07 
 5.08400000e-04  1.74075973e-07 
 5.08500000e-04  1.74019064e-07 
 5.08600000e-04  1.61220944e-07 
 5.08700000e-04  1.60874573e-07 
 5.08800000e-04  1.60699370e-07 
 5.08900000e-04  1.60570582e-07 
 5.09000000e-04  1.60489681e-07 
 5.09100000e-04  1.74234748e-07 
 5.09200000e-04  1.73987354e-07 
 5.09300000e-04  1.73891157e-07 
 5.09400000e-04  1.73805947e-07 
 5.09500000e-04  1.73760705e-07 
 5.09600000e-04  1.59697279e-07 
 5.09700000e-04  1.59316381e-07 
 5.09800000e-04  1.59095676e-07 
 5.09900000e-04  1.58933855e-07 
 5.10000000e-04  1.58832788e-07 
 5.10100000e-04  1.76141192e-07 
 5.10200000e-04  1.75714913e-07 
 5.10300000e-04  1.75566103e-07 
 5.10400000e-04  1.75435987e-07 
 5.10500000e-04  1.75355748e-07 
 5.10600000e-04  1.65119825e-07 
 5.10700000e-04  1.64782019e-07 
 5.10800000e-04  1.64619339e-07 
 5.10900000e-04  1.64509766e-07 
 5.11000000e-04  1.64454984e-07 
 5.11100000e-04  1.73818963e-07 
 5.11200000e-04  1.73500742e-07 
 5.11300000e-04  1.73380884e-07 
 5.11400000e-04  1.73274264e-07 
 5.11500000e-04  1.73219370e-07 
 5.11600000e-04  1.59241679e-07 
 5.11700000e-04  1.58770321e-07 
 5.11800000e-04  1.58540234e-07 
 5.11900000e-04  1.58370638e-07 
 5.12000000e-04  1.58263452e-07 
 5.12100000e-04  1.74486816e-07 
 5.12200000e-04  1.74264864e-07 
 5.12300000e-04  1.74165791e-07 
 5.12400000e-04  1.74075604e-07 
 5.12500000e-04  1.74052191e-07 
 5.12600000e-04  1.61221165e-07 
 5.12700000e-04  1.60872582e-07 
 5.12800000e-04  1.60703032e-07 
 5.12900000e-04  1.60579453e-07 
 5.13000000e-04  1.60503301e-07 
 5.13100000e-04  1.74245453e-07 
 5.13200000e-04  1.73995814e-07 
 5.13300000e-04  1.73897347e-07 
 5.13400000e-04  1.73809831e-07 
 5.13500000e-04  1.73771954e-07 
 5.13600000e-04  1.59693007e-07 
 5.13700000e-04  1.59320170e-07 
 5.13800000e-04  1.59108865e-07 
 5.13900000e-04  1.58949071e-07 
 5.14000000e-04  1.58842421e-07 
 5.14100000e-04  1.75619382e-07 
 5.14200000e-04  1.75291978e-07 
 5.14300000e-04  1.75168583e-07 
 5.14400000e-04  1.75059799e-07 
 5.14500000e-04  1.75003421e-07 
 5.14600000e-04  1.63457105e-07 
 5.14700000e-04  1.63117079e-07 
 5.14800000e-04  1.62951865e-07 
 5.14900000e-04  1.62836217e-07 
 5.15000000e-04  1.62771705e-07 
 5.15100000e-04  1.74329326e-07 
 5.15200000e-04  1.74037598e-07 
 5.15300000e-04  1.73931621e-07 
 5.15400000e-04  1.73838679e-07 
 5.15500000e-04  1.73788645e-07 
 5.15600000e-04  1.59761787e-07 
 5.15700000e-04  1.59323112e-07 
 5.15800000e-04  1.59103518e-07 
 5.15900000e-04  1.58936818e-07 
 5.16000000e-04  1.58824690e-07 
 5.16100000e-04  1.75086245e-07 
 5.16200000e-04  1.74888550e-07 
 5.16300000e-04  1.74788173e-07 
 5.16400000e-04  1.74694415e-07 
 5.16500000e-04  1.74647253e-07 
 5.16600000e-04  1.61793292e-07 
 5.16700000e-04  1.61456946e-07 
 5.16800000e-04  1.61276723e-07 
 5.16900000e-04  1.61155838e-07 
 5.17000000e-04  1.61096174e-07 
 5.17100000e-04  1.74853074e-07 
 5.17200000e-04  1.74597910e-07 
 5.17300000e-04  1.74509389e-07 
 5.17400000e-04  1.74433194e-07 
 5.17500000e-04  1.74383393e-07 
 5.17600000e-04  1.60292148e-07 
 5.17700000e-04  1.59909885e-07 
 5.17800000e-04  1.59698326e-07 
 5.17900000e-04  1.59537049e-07 
 5.18000000e-04  1.59427649e-07 
 5.18100000e-04  1.88940778e-07 
 5.18200000e-04  1.86324010e-07 
 5.18300000e-04  1.85519838e-07 
 5.18400000e-04  1.85269810e-07 
 5.18500000e-04  1.85019783e-07 
 5.18600000e-04  1.75732759e-07 
 5.18700000e-04  1.74614394e-07 
 5.18800000e-04  1.74275971e-07 
 5.18900000e-04  1.74062610e-07 
 5.19000000e-04  1.73976566e-07 
 5.19100000e-04  1.71281456e-07 
 5.19200000e-04  1.70507752e-07 
 5.19300000e-04  1.70299543e-07 
 5.19400000e-04  1.70127906e-07 
 5.19500000e-04  1.70053151e-07 
 5.19600000e-04  1.57647958e-07 
 5.19700000e-04  1.56967441e-07 
 5.19800000e-04  1.56706789e-07 
 5.19900000e-04 -0.00000000e+00 
 5.20000000e-04  1.56574429e-07 
