 time            -i(vdd)        
 2.60000000e-04 -1.26577369e-04 
 2.60100000e-04  1.83721273e-07 
 2.60200000e-04  1.75016476e-07 
 2.60300000e-04  1.72689871e-07 
 2.60400000e-04  1.70727361e-07 
 2.60500000e-04  1.70076716e-07 
 2.60600000e-04  1.76685597e-07 
 2.60700000e-04  1.75910542e-07 
 2.60800000e-04  1.75484992e-07 
 2.60900000e-04  1.75139039e-07 
 2.61000000e-04  1.74874410e-07 
 2.61100000e-04  1.56449144e-07 
 2.61200000e-04  1.54073466e-07 
 2.61300000e-04  1.53469881e-07 
 2.61400000e-04  1.52983380e-07 
 2.61500000e-04  1.52780290e-07 
 2.61600000e-04  1.38888526e-07 
 2.61700000e-04  1.37640880e-07 
 2.61800000e-04  1.37193809e-07 
 2.61900000e-04  1.36876067e-07 
 2.62000000e-04  1.36691756e-07 
 2.62100000e-04  1.61886146e-07 
 2.62200000e-04  1.60618107e-07 
 2.62300000e-04  1.60333430e-07 
 2.62400000e-04  1.60127219e-07 
 2.62500000e-04  1.60042305e-07 
 2.62600000e-04  1.48501521e-07 
 2.62700000e-04  1.47918653e-07 
 2.62800000e-04  1.47634976e-07 
 2.62900000e-04  1.47421208e-07 
 2.63000000e-04  1.47278845e-07 
 2.63100000e-04  1.99993215e-07 
 2.63200000e-04  1.94213249e-07 
 2.63300000e-04  1.92922063e-07 
 2.63400000e-04  1.91926011e-07 
 2.63500000e-04  1.91647473e-07 
 2.63600000e-04  1.78204486e-07 
 2.63700000e-04  1.77569734e-07 
 2.63800000e-04  1.77243407e-07 
 2.63900000e-04  1.76996578e-07 
 2.64000000e-04  1.76831769e-07 
 2.64100000e-04  1.72662624e-07 
 2.64200000e-04  1.68072815e-07 
 2.64300000e-04  1.67027123e-07 
 2.64400000e-04  1.66212463e-07 
 2.64500000e-04  1.65973068e-07 
 2.64600000e-04  1.53749858e-07 
 2.64700000e-04  1.53133374e-07 
 2.64800000e-04  1.52816958e-07 
 2.64900000e-04  1.52580764e-07 
 2.65000000e-04  1.52427333e-07 
 2.65100000e-04  1.66018730e-07 
 2.65200000e-04  1.65521759e-07 
 2.65300000e-04  1.65365661e-07 
 2.65400000e-04  1.65232460e-07 
 2.65500000e-04  1.65177379e-07 
 2.65600000e-04  1.51603782e-07 
 2.65700000e-04  1.51155048e-07 
 2.65800000e-04  1.50918745e-07 
 2.65900000e-04  1.50742304e-07 
 2.66000000e-04  1.50627621e-07 
 2.66100000e-04  1.69187835e-07 
 2.66200000e-04  1.68436628e-07 
 2.66300000e-04  1.68215696e-07 
 2.66400000e-04  1.68122630e-07 
 2.66500000e-04  1.68070881e-07 
 2.66600000e-04  1.56535724e-07 
 2.66700000e-04  1.55976136e-07 
 2.66800000e-04  1.55702367e-07 
 2.66900000e-04  1.55502269e-07 
 2.67000000e-04  1.55377418e-07 
 2.67100000e-04  1.03753001e-04 
 2.67200000e-04  1.03752284e-04 
 2.67300000e-04  1.03752088e-04 
 2.67400000e-04  1.03751924e-04 
 2.67500000e-04  1.03751867e-04 
 2.67600000e-04  1.03738308e-04 
 2.67700000e-04  1.03737796e-04 
 2.67800000e-04  1.03737518e-04 
 2.67900000e-04  1.03737314e-04 
 2.68000000e-04  1.03737186e-04 
 2.68100000e-04  1.67537111e-07 
 2.68200000e-04  1.67315288e-07 
 2.68300000e-04  1.67239042e-07 
 2.68400000e-04  1.67173265e-07 
 2.68500000e-04  1.67122927e-07 
 2.68600000e-04  1.54737704e-07 
 2.68700000e-04  1.54322830e-07 
 2.68800000e-04  1.54116999e-07 
 2.68900000e-04  1.53969122e-07 
 2.69000000e-04  1.53881032e-07 
 2.69100000e-04  1.67259332e-07 
 2.69200000e-04  1.67058304e-07 
 2.69300000e-04  1.66977435e-07 
 2.69400000e-04  1.66904340e-07 
 2.69500000e-04  1.66881148e-07 
 2.69600000e-04  1.53199633e-07 
 2.69700000e-04  1.52748083e-07 
 2.69800000e-04  1.52510180e-07 
 2.69900000e-04  1.52328406e-07 
 2.70000000e-04  1.52204537e-07 
 2.70100000e-04  1.69156291e-07 
 2.70200000e-04  1.68773375e-07 
 2.70300000e-04  1.68641070e-07 
 2.70400000e-04  1.68525060e-07 
 2.70500000e-04  1.68468762e-07 
 2.70600000e-04  1.58611352e-07 
 2.70700000e-04  1.58198335e-07 
 2.70800000e-04  1.58009424e-07 
 2.70900000e-04  1.57881296e-07 
 2.71000000e-04  1.57815871e-07 
 2.71100000e-04  1.67262632e-07 
 2.71200000e-04  1.66691133e-07 
 2.71300000e-04  1.66524097e-07 
 2.71400000e-04  1.66382835e-07 
 2.71500000e-04  1.66326630e-07 
 2.71600000e-04  1.52704139e-07 
 2.71700000e-04  1.52191886e-07 
 2.71800000e-04  1.51921226e-07 
 2.71900000e-04  1.51726691e-07 
 2.72000000e-04  1.51610685e-07 
 2.72100000e-04  1.67470739e-07 
 2.72200000e-04  1.67296854e-07 
 2.72300000e-04  1.67214925e-07 
 2.72400000e-04  1.67139183e-07 
 2.72500000e-04  1.67103064e-07 
 2.72600000e-04  1.54659007e-07 
 2.72700000e-04  1.54257403e-07 
 2.72800000e-04  1.54054730e-07 
 2.72900000e-04  1.53912479e-07 
 2.73000000e-04  1.53832554e-07 
 2.73100000e-04  1.67201175e-07 
 2.73200000e-04  1.66994793e-07 
 2.73300000e-04  1.66920219e-07 
 2.73400000e-04  1.66854336e-07 
 2.73500000e-04  1.66834657e-07 
 2.73600000e-04  1.53129458e-07 
 2.73700000e-04  1.52692159e-07 
 2.73800000e-04  1.52462529e-07 
 2.73900000e-04  1.52287505e-07 
 2.74000000e-04  1.52168809e-07 
 2.74100000e-04  1.68591760e-07 
 2.74200000e-04  1.68290036e-07 
 2.74300000e-04  1.68191526e-07 
 2.74400000e-04  1.68107792e-07 
 2.74500000e-04  1.68042968e-07 
 2.74600000e-04  1.56886036e-07 
 2.74700000e-04  1.56500981e-07 
 2.74800000e-04  1.56303933e-07 
 2.74900000e-04  1.56165461e-07 
 2.75000000e-04  1.56087410e-07 
 2.75100000e-04  1.67288409e-07 
 2.75200000e-04  1.67042146e-07 
 2.75300000e-04  1.66948611e-07 
 2.75400000e-04  1.66865203e-07 
 2.75500000e-04  1.66842426e-07 
 2.75600000e-04  1.53170483e-07 
 2.75700000e-04  1.52699454e-07 
 2.75800000e-04  1.52450974e-07 
 2.75900000e-04  1.52267450e-07 
 2.76000000e-04  1.52150930e-07 
 2.76100000e-04  1.68039183e-07 
 2.76200000e-04  1.67866625e-07 
 2.76300000e-04  1.67788352e-07 
 2.76400000e-04  1.67716375e-07 
 2.76500000e-04  1.67676985e-07 
 2.76600000e-04  1.55217504e-07 
 2.76700000e-04  1.54817428e-07 
 2.76800000e-04  1.54618282e-07 
 2.76900000e-04  1.54478971e-07 
 2.77000000e-04  1.54401379e-07 
 2.77100000e-04  1.67809164e-07 
 2.77200000e-04  1.67582776e-07 
 2.77300000e-04  1.67514945e-07 
 2.77400000e-04  1.67458710e-07 
 2.77500000e-04  1.67428053e-07 
 2.77600000e-04  1.53700802e-07 
 2.77700000e-04  1.53256788e-07 
 2.77800000e-04  1.53022886e-07 
 2.77900000e-04  1.52850574e-07 
 2.78000000e-04  1.52741791e-07 
 2.78100000e-04  1.70249961e-07 
 2.78200000e-04  1.69735354e-07 
 2.78300000e-04  1.69581398e-07 
 2.78400000e-04  1.69452319e-07 
 2.78500000e-04  1.69385465e-07 
 2.78600000e-04  1.60768483e-07 
 2.78700000e-04  1.60387854e-07 
 2.78800000e-04  1.60202308e-07 
 2.78900000e-04  1.60079243e-07 
 2.79000000e-04  1.60020624e-07 
 2.79100000e-04  1.67438739e-07 
 2.79200000e-04  1.66759496e-07 
 2.79300000e-04  1.66565659e-07 
 2.79400000e-04  1.66403992e-07 
 2.79500000e-04  1.66328996e-07 
 2.79600000e-04  1.52747741e-07 
 2.79700000e-04  1.52177976e-07 
 2.79800000e-04  1.51902185e-07 
 2.79900000e-04  1.51706304e-07 
 2.80000000e-04  1.51592848e-07 
 2.80100000e-04  1.67463449e-07 
 2.80200000e-04  1.67274875e-07 
 2.80300000e-04  1.67191068e-07 
 2.80400000e-04  1.67115138e-07 
 2.80500000e-04  1.67087673e-07 
 2.80600000e-04  1.54628323e-07 
 2.80700000e-04  1.54232255e-07 
 2.80800000e-04  1.54030067e-07 
 2.80900000e-04  1.53889494e-07 
 2.81000000e-04  1.53812474e-07 
 2.81100000e-04  1.67194653e-07 
 2.81200000e-04  1.66972152e-07 
 2.81300000e-04  1.66902125e-07 
 2.81400000e-04  1.66843298e-07 
 2.81500000e-04  1.66799991e-07 
 2.81600000e-04  1.53109884e-07 
 2.81700000e-04  1.52672466e-07 
 2.81800000e-04  1.52429365e-07 
 2.81900000e-04  1.52251914e-07 
 2.82000000e-04  1.52142180e-07 
 2.82100000e-04  1.68551768e-07 
 2.82200000e-04  1.68270727e-07 
 2.82300000e-04  1.68164451e-07 
 2.82400000e-04  1.68069988e-07 
 2.82500000e-04  1.68040431e-07 
 2.82600000e-04  1.56867608e-07 
 2.82700000e-04  1.56479399e-07 
 2.82800000e-04  1.56273301e-07 
 2.82900000e-04  1.56137898e-07 
 2.83000000e-04  1.56075412e-07 
 2.83100000e-04  1.67270888e-07 
 2.83200000e-04  1.67007930e-07 
 2.83300000e-04  1.66918048e-07 
 2.83400000e-04  1.66840192e-07 
 2.83500000e-04  1.66812439e-07 
 2.83600000e-04  1.53144330e-07 
 2.83700000e-04  1.52681785e-07 
 2.83800000e-04  1.52430003e-07 
 2.83900000e-04  1.52241548e-07 
 2.84000000e-04  1.52118405e-07 
 2.84100000e-04  1.68030425e-07 
 2.84200000e-04  1.67848000e-07 
 2.84300000e-04  1.67775461e-07 
 2.84400000e-04  1.67710964e-07 
 2.84500000e-04  1.67671157e-07 
 2.84600000e-04  1.55202271e-07 
 2.84700000e-04  1.54798573e-07 
 2.84800000e-04  1.54595575e-07 
 2.84900000e-04  1.54457882e-07 
 2.85000000e-04  1.54387546e-07 
 2.85100000e-04  1.67798516e-07 
 2.85200000e-04  1.67577320e-07 
 2.85300000e-04  1.67503216e-07 
 2.85400000e-04  1.67440248e-07 
 2.85500000e-04  1.67395446e-07 
 2.85600000e-04  1.53684979e-07 
 2.85700000e-04  1.53242150e-07 
 2.85800000e-04  1.53016127e-07 
 2.85900000e-04  1.52839934e-07 
 2.86000000e-04  1.52715129e-07 
 2.86100000e-04  1.69695932e-07 
 2.86200000e-04  1.69299412e-07 
 2.86300000e-04  1.69162867e-07 
 2.86400000e-04  1.69043479e-07 
 2.86500000e-04  1.68996218e-07 
 2.86600000e-04  1.59095249e-07 
 2.86700000e-04  1.58720675e-07 
 2.86800000e-04  1.58523617e-07 
 2.86900000e-04  1.58392950e-07 
 2.87000000e-04  1.58330755e-07 
 2.87100000e-04  1.67385837e-07 
 2.87200000e-04  1.67094212e-07 
 2.87300000e-04  1.66988683e-07 
 2.87400000e-04  1.66895395e-07 
 2.87500000e-04  1.66872403e-07 
 2.87600000e-04  1.53219529e-07 
 2.87700000e-04  1.52712879e-07 
 2.87800000e-04  1.52455040e-07 
 2.87900000e-04  1.52261757e-07 
 2.88000000e-04  1.52135053e-07 
 2.88100000e-04  1.68049830e-07 
 2.88200000e-04  1.67858866e-07 
 2.88300000e-04  1.67784134e-07 
 2.88400000e-04  1.67718157e-07 
 2.88500000e-04  1.67682104e-07 
 2.88600000e-04  1.55200749e-07 
 2.88700000e-04  1.54815981e-07 
 2.88800000e-04  1.54609340e-07 
 2.88900000e-04  1.54461316e-07 
 2.89000000e-04  1.54373744e-07 
 2.89100000e-04  1.67809944e-07 
 2.89200000e-04  1.67587516e-07 
 2.89300000e-04  1.67505688e-07 
 2.89400000e-04  1.67433971e-07 
 2.89500000e-04  1.67410450e-07 
 2.89600000e-04  1.53689711e-07 
 2.89700000e-04  1.53256987e-07 
 2.89800000e-04  1.53022055e-07 
 2.89900000e-04  1.52846964e-07 
 2.90000000e-04  1.52733588e-07 
 2.90100000e-04  1.69161337e-07 
 2.90200000e-04  1.68882433e-07 
 2.90300000e-04  1.68776488e-07 
 2.90400000e-04  1.68681990e-07 
 2.90500000e-04  1.68647895e-07 
 2.90600000e-04  1.57446586e-07 
 2.90700000e-04  1.57060247e-07 
 2.90800000e-04  1.56866837e-07 
 2.90900000e-04  1.56726844e-07 
 2.91000000e-04  1.56641910e-07 
 2.91100000e-04  1.69787986e-07 
 2.91200000e-04  1.69147744e-07 
 2.91300000e-04  1.68931219e-07 
 2.91400000e-04  1.68838187e-07 
 2.91500000e-04  1.68785059e-07 
 2.91600000e-04  1.54588551e-07 
 2.91700000e-04  1.53953170e-07 
 2.91800000e-04  1.53682968e-07 
 2.91900000e-04  1.53484058e-07 
 2.92000000e-04  1.53357938e-07 
 2.92100000e-04  1.03755568e-04 
 2.92200000e-04  1.03755185e-04 
 2.92300000e-04  1.03755069e-04 
 2.92400000e-04  1.03754971e-04 
 2.92500000e-04  1.03754917e-04 
 2.92600000e-04  1.03742443e-04 
 2.92700000e-04  1.03742021e-04 
 2.92800000e-04  1.03741822e-04 
 2.92900000e-04  1.03741685e-04 
 2.93000000e-04  1.03741610e-04 
 2.93100000e-04  1.69556497e-07 
 2.93200000e-04  1.69298693e-07 
 2.93300000e-04  1.69221530e-07 
 2.93400000e-04  1.69157094e-07 
 2.93500000e-04  1.69117849e-07 
 2.93600000e-04  1.55363653e-07 
 2.93700000e-04  1.54927850e-07 
 2.93800000e-04  1.54690455e-07 
 2.93900000e-04  1.54518091e-07 
 2.94000000e-04  1.54412787e-07 
 2.94100000e-04  1.72529314e-07 
 2.94200000e-04  1.71912006e-07 
 2.94300000e-04  1.71722561e-07 
 2.94400000e-04  1.71561811e-07 
 2.94500000e-04  1.71479129e-07 
 2.94600000e-04  1.64107780e-07 
 2.94700000e-04  1.63722539e-07 
 2.94800000e-04  1.63542213e-07 
 2.94900000e-04  1.63435110e-07 
 2.95000000e-04  1.63403518e-07 
 2.95100000e-04  1.68889784e-07 
 2.95200000e-04  1.67990979e-07 
 2.95300000e-04  1.67750699e-07 
 2.95400000e-04  1.67554019e-07 
 2.95500000e-04  1.67484146e-07 
 2.95600000e-04  1.53863421e-07 
 2.95700000e-04  1.53273457e-07 
 2.95800000e-04  1.52996132e-07 
 2.95900000e-04  1.52788525e-07 
 2.96000000e-04  1.52652817e-07 
 2.96100000e-04  1.68593892e-07 
 2.96200000e-04  1.68424672e-07 
 2.96300000e-04  1.68341165e-07 
 2.96400000e-04  1.68263126e-07 
 2.96500000e-04  1.68203577e-07 
 2.96600000e-04  1.55685087e-07 
 2.96700000e-04  1.55302177e-07 
 2.96800000e-04  1.55115534e-07 
 2.96900000e-04  1.54975651e-07 
 2.97000000e-04  1.54883979e-07 
 2.97100000e-04  1.68322844e-07 
 2.97200000e-04  1.68117660e-07 
 2.97300000e-04  1.68039615e-07 
 2.97400000e-04  1.67969869e-07 
 2.97500000e-04  1.67933917e-07 
 2.97600000e-04  1.54160146e-07 
 2.97700000e-04  1.53739884e-07 
 2.97800000e-04  1.53509456e-07 
 2.97900000e-04  1.53334749e-07 
 2.98000000e-04  1.53217497e-07 
 2.98100000e-04  1.69702758e-07 
 2.98200000e-04  1.69404073e-07 
 2.98300000e-04  1.69296820e-07 
 2.98400000e-04  1.69202896e-07 
 2.98500000e-04  1.69150590e-07 
 2.98600000e-04  1.57923253e-07 
 2.98700000e-04  1.57537218e-07 
 2.98800000e-04  1.57350326e-07 
 2.98900000e-04  1.57221466e-07 
 2.99000000e-04  1.57152442e-07 
 2.99100000e-04  1.68404033e-07 
 2.99200000e-04  1.68132885e-07 
 2.99300000e-04  1.68046374e-07 
 2.99400000e-04  1.67972633e-07 
 2.99500000e-04  1.67942365e-07 
 2.99600000e-04  1.54205271e-07 
 2.99700000e-04  1.53755720e-07 
 2.99800000e-04  1.53508827e-07 
 2.99900000e-04  1.53326294e-07 
 3.00000000e-04  1.53210124e-07 
 3.00100000e-04  1.69163289e-07 
 3.00200000e-04  1.68980100e-07 
 3.00300000e-04  1.68897567e-07 
 3.00400000e-04  1.68822273e-07 
 3.00500000e-04  1.68787643e-07 
 3.00600000e-04  1.56259097e-07 
 3.00700000e-04  1.55881809e-07 
 3.00800000e-04  1.55679198e-07 
 3.00900000e-04  1.55536364e-07 
 3.01000000e-04  1.55455171e-07 
 3.01100000e-04  1.68921322e-07 
 3.01200000e-04  1.68696792e-07 
 3.01300000e-04  1.68623273e-07 
 3.01400000e-04  1.68560527e-07 
 3.01500000e-04  1.68523014e-07 
 3.01600000e-04  1.54739835e-07 
 3.01700000e-04  1.54311480e-07 
 3.01800000e-04  1.54083978e-07 
 3.01900000e-04  1.53914568e-07 
 3.02000000e-04  1.53805054e-07 
 3.02100000e-04  1.70834756e-07 
 3.02200000e-04  1.70441743e-07 
 3.02300000e-04  1.70304427e-07 
 3.02400000e-04  1.70184124e-07 
 3.02500000e-04  1.70133076e-07 
 3.02600000e-04  1.60160235e-07 
 3.02700000e-04  1.59784461e-07 
 3.02800000e-04  1.59595921e-07 
 3.02900000e-04  1.59472774e-07 
 3.03000000e-04  1.59417054e-07 
 3.03100000e-04  1.68511877e-07 
 3.03200000e-04  1.68219409e-07 
 3.03300000e-04  1.68113626e-07 
 3.03400000e-04  1.68019962e-07 
 3.03500000e-04  1.67975934e-07 
 3.03600000e-04  1.54277492e-07 
 3.03700000e-04  1.53787526e-07 
 3.03800000e-04  1.53524526e-07 
 3.03900000e-04  1.53335179e-07 
 3.04000000e-04  1.53221780e-07 
 3.04100000e-04  1.69180351e-07 
 3.04200000e-04  1.68990137e-07 
 3.04300000e-04  1.68913554e-07 
 3.04400000e-04  1.68845051e-07 
 3.04500000e-04  1.68793318e-07 
 3.04600000e-04  1.56259736e-07 
 3.04700000e-04  1.55872765e-07 
 3.04800000e-04  1.55674370e-07 
 3.04900000e-04  1.55536598e-07 
 3.05000000e-04  1.55461331e-07 
 3.05100000e-04  1.68929995e-07 
 3.05200000e-04  1.68701435e-07 
 3.05300000e-04  1.68628572e-07 
 3.05400000e-04  1.68566867e-07 
 3.05500000e-04  1.68523087e-07 
 3.05600000e-04  1.54749209e-07 
 3.05700000e-04  1.54325503e-07 
 3.05800000e-04  1.54083480e-07 
 3.05900000e-04  1.53909879e-07 
 3.06000000e-04  1.53806829e-07 
 3.06100000e-04  1.70313843e-07 
 3.06200000e-04  1.70012947e-07 
 3.06300000e-04  1.69900088e-07 
 3.06400000e-04  1.69800165e-07 
 3.06500000e-04  1.69762484e-07 
 3.06600000e-04  1.58513541e-07 
 3.06700000e-04  1.58117001e-07 
 3.06800000e-04  1.57938641e-07 
 3.06900000e-04  1.57811166e-07 
 3.07000000e-04  1.57736148e-07 
 3.07100000e-04  1.69012381e-07 
 3.07200000e-04  1.68766294e-07 
 3.07300000e-04  1.68675369e-07 
 3.07400000e-04  1.68594527e-07 
 3.07500000e-04  1.68550276e-07 
 3.07600000e-04  1.54802694e-07 
 3.07700000e-04  1.54339785e-07 
 3.07800000e-04  1.54098598e-07 
 3.07900000e-04  1.53918958e-07 
 3.08000000e-04  1.53802773e-07 
 3.08100000e-04  1.69785673e-07 
 3.08200000e-04  1.69611858e-07 
 3.08300000e-04  1.69528798e-07 
 3.08400000e-04  1.69451649e-07 
 3.08500000e-04  1.69405877e-07 
 3.08600000e-04  1.56834118e-07 
 3.08700000e-04  1.56460065e-07 
 3.08800000e-04  1.56263154e-07 
 3.08900000e-04  1.56128451e-07 
 3.09000000e-04  1.56057881e-07 
 3.09100000e-04  1.69554095e-07 
 3.09200000e-04  1.69326100e-07 
 3.09300000e-04  1.69241555e-07 
 3.09400000e-04  1.69167377e-07 
 3.09500000e-04  1.69152371e-07 
 3.09600000e-04  1.55334130e-07 
 3.09700000e-04  1.54897499e-07 
 3.09800000e-04  1.54677841e-07 
 3.09900000e-04  1.54510852e-07 
 3.10000000e-04  1.54398156e-07 
 3.10100000e-04  1.71988603e-07 
 3.10200000e-04  1.71482117e-07 
 3.10300000e-04  1.71312874e-07 
 3.10400000e-04  1.71166088e-07 
 3.10500000e-04  1.71108863e-07 
 3.10600000e-04  1.62406595e-07 
 3.10700000e-04  1.62043309e-07 
 3.10800000e-04  1.61846916e-07 
 3.10900000e-04  1.61726090e-07 
 3.11000000e-04  1.61683179e-07 
 3.11100000e-04  1.68804239e-07 
 3.11200000e-04  1.68404405e-07 
 3.11300000e-04  1.68254214e-07 
 3.11400000e-04  1.68120778e-07 
 3.11500000e-04  1.68061038e-07 
 3.11600000e-04  1.54389907e-07 
 3.11700000e-04  1.53826187e-07 
 3.11800000e-04  1.53573822e-07 
 3.11900000e-04  1.53381598e-07 
 3.12000000e-04  1.53251376e-07 
 3.12100000e-04  1.69227321e-07 
 3.12200000e-04  1.69023430e-07 
 3.12300000e-04  1.68935227e-07 
 3.12400000e-04  1.68855872e-07 
 3.12500000e-04  1.68822318e-07 
 3.12600000e-04  1.56257141e-07 
 3.12700000e-04  1.55887983e-07 
 3.12800000e-04  1.55695166e-07 
 3.12900000e-04  1.55555367e-07 
 3.13000000e-04  1.55470218e-07 
 3.13100000e-04  1.68941661e-07 
 3.13200000e-04  1.68717299e-07 
 3.13300000e-04  1.68638224e-07 
 3.13400000e-04  1.68569575e-07 
 3.13500000e-04  1.68535015e-07 
 3.13600000e-04  1.54747858e-07 
 3.13700000e-04  1.54342033e-07 
 3.13800000e-04  1.54108872e-07 
 3.13900000e-04  1.53926733e-07 
 3.14000000e-04  1.53797185e-07 
 3.14100000e-04  1.70323921e-07 
 3.14200000e-04  1.70016362e-07 
 3.14300000e-04  1.69911161e-07 
 3.14400000e-04  1.69820543e-07 
 3.14500000e-04  1.69757932e-07 
 3.14600000e-04  1.58517408e-07 
 3.14700000e-04  1.58120967e-07 
 3.14800000e-04  1.57929561e-07 
 3.14900000e-04  1.57799955e-07 
 3.15000000e-04  1.57734059e-07 
 3.15100000e-04  1.69020858e-07 
 3.15200000e-04  1.68752209e-07 
 3.15300000e-04  1.68669943e-07 
 3.15400000e-04  1.68600776e-07 
 3.15500000e-04  1.68547838e-07 
 3.15600000e-04  1.54799677e-07 
 3.15700000e-04  1.54329207e-07 
 3.15800000e-04  1.54090807e-07 
 3.15900000e-04  1.53915431e-07 
 3.16000000e-04  1.53805029e-07 
 3.16100000e-04  1.69788800e-07 
 3.16200000e-04  1.69617893e-07 
 3.16300000e-04  1.69532848e-07 
 3.16400000e-04  1.69453774e-07 
 3.16500000e-04  1.69397450e-07 
 3.16600000e-04  1.56839839e-07 
 3.16700000e-04  1.56470313e-07 
 3.16800000e-04  1.56270096e-07 
 3.16900000e-04  1.56130017e-07 
 3.17000000e-04  1.56051930e-07 
 3.17100000e-04  1.69564853e-07 
 3.17200000e-04  1.69328151e-07 
 3.17300000e-04  1.69243264e-07 
 3.17400000e-04  1.69169537e-07 
 3.17500000e-04  1.69139769e-07 
 3.17600000e-04  1.55320798e-07 
 3.17700000e-04  1.54897813e-07 
 3.17800000e-04  1.54677745e-07 
 3.17900000e-04  1.54505453e-07 
 3.18000000e-04  1.54382397e-07 
 3.18100000e-04  1.71457817e-07 
 3.18200000e-04  1.71048848e-07 
 3.18300000e-04  1.70913752e-07 
 3.18400000e-04  1.70797356e-07 
 3.18500000e-04  1.70741661e-07 
 3.18600000e-04  1.60756415e-07 
 3.18700000e-04  1.60385436e-07 
 3.18800000e-04  1.60188100e-07 
 3.18900000e-04  1.60063518e-07 
 3.19000000e-04  1.60013945e-07 
 3.19100000e-04  1.69137217e-07 
 3.19200000e-04  1.68843206e-07 
 3.19300000e-04  1.68740487e-07 
 3.19400000e-04  1.68650345e-07 
 3.19500000e-04  1.68594378e-07 
 3.19600000e-04  1.54869780e-07 
 3.19700000e-04  1.54375443e-07 
 3.19800000e-04  1.54122077e-07 
 3.19900000e-04  1.53933661e-07 
 3.20000000e-04  1.53812202e-07 
 3.20100000e-04  1.69807914e-07 
 3.20200000e-04  1.69623516e-07 
 3.20300000e-04  1.69531504e-07 
 3.20400000e-04  1.69445897e-07 
 3.20500000e-04  1.69422009e-07 
 3.20600000e-04  1.56837842e-07 
 3.20700000e-04  1.56469797e-07 
 3.20800000e-04  1.56282215e-07 
 3.20900000e-04  1.56148395e-07 
 3.21000000e-04  1.56069985e-07 
 3.21100000e-04  1.69551803e-07 
 3.21200000e-04  1.69325983e-07 
 3.21300000e-04  1.69244594e-07 
 3.21400000e-04  1.69173205e-07 
 3.21500000e-04  1.69151691e-07 
 3.21600000e-04  1.55332874e-07 
 3.21700000e-04  1.54902342e-07 
 3.21800000e-04  1.54676576e-07 
 3.21900000e-04  1.54508431e-07 
 3.22000000e-04  1.54399675e-07 
 3.22100000e-04  1.70935869e-07 
 3.22200000e-04  1.70627960e-07 
 3.22300000e-04  1.70522888e-07 
 3.22400000e-04  1.70432404e-07 
 3.22500000e-04  1.70373976e-07 
 3.22600000e-04  1.59095280e-07 
 3.22700000e-04  1.58712390e-07 
 3.22800000e-04  1.58531079e-07 
 3.22900000e-04  1.58404445e-07 
 3.23000000e-04  1.58334164e-07 
 3.23100000e-04  1.69644778e-07 
 3.23200000e-04  1.69393047e-07 
 3.23300000e-04  1.69290225e-07 
 3.23400000e-04  1.69197093e-07 
 3.23500000e-04  1.69163865e-07 
 3.23600000e-04  1.55378103e-07 
 3.23700000e-04  1.54912587e-07 
 3.23800000e-04  1.54688084e-07 
 3.23900000e-04  1.54513796e-07 
 3.24000000e-04  1.54391257e-07 
 3.24100000e-04  1.70408776e-07 
 3.24200000e-04  1.70212646e-07 
 3.24300000e-04  1.70133192e-07 
 3.24400000e-04  1.70062217e-07 
 3.24500000e-04  1.70019117e-07 
 3.24600000e-04  1.57429642e-07 
 3.24700000e-04  1.57065940e-07 
 3.24800000e-04  1.56867783e-07 
 3.24900000e-04  1.56729399e-07 
 3.25000000e-04  1.56652623e-07 
 3.25100000e-04  1.70174792e-07 
 3.25200000e-04  1.69935579e-07 
 3.25300000e-04  1.69856205e-07 
 3.25400000e-04  1.69788823e-07 
 3.25500000e-04  1.69753089e-07 
 3.25600000e-04  1.55929876e-07 
 3.25700000e-04  1.55508036e-07 
 3.25800000e-04  1.55271450e-07 
 3.25900000e-04  1.55095465e-07 
 3.26000000e-04  1.54981937e-07 
 3.26100000e-04  1.73667052e-07 
 3.26200000e-04  1.72943093e-07 
 3.26300000e-04  1.72721944e-07 
 3.26400000e-04  1.72533540e-07 
 3.26500000e-04  1.72454164e-07 
 3.26600000e-04  1.66319283e-07 
 3.26700000e-04  1.65952921e-07 
 3.26800000e-04  1.65776744e-07 
 3.26900000e-04  1.65679953e-07 
 3.27000000e-04  1.65665002e-07 
 3.27100000e-04  1.68947792e-07 
 3.27200000e-04  1.68000586e-07 
 3.27300000e-04  1.67756901e-07 
 3.27400000e-04  1.67558197e-07 
 3.27500000e-04  1.67488982e-07 
 3.27600000e-04  1.53884989e-07 
 3.27700000e-04  1.53256385e-07 
 3.27800000e-04  1.52981534e-07 
 3.27900000e-04  1.52776891e-07 
 3.28000000e-04  1.52644620e-07 
 3.28100000e-04  1.68597698e-07 
 3.28200000e-04  1.68413908e-07 
 3.28300000e-04  1.68324618e-07 
 3.28400000e-04  1.68241756e-07 
 3.28500000e-04  1.68205649e-07 
 3.28600000e-04  1.55667133e-07 
 3.28700000e-04  1.55305769e-07 
 3.28800000e-04  1.55106973e-07 
 3.28900000e-04  1.54962671e-07 
 3.29000000e-04  1.54874526e-07 
 3.29100000e-04  1.68322925e-07 
 3.29200000e-04  1.68104562e-07 
 3.29300000e-04  1.68023902e-07 
 3.29400000e-04  1.67952839e-07 
 3.29500000e-04  1.67917352e-07 
 3.29600000e-04  1.54160463e-07 
 3.29700000e-04  1.53742287e-07 
 3.29800000e-04  1.53507844e-07 
 3.29900000e-04  1.53333244e-07 
 3.30000000e-04  1.53220318e-07 
 3.30100000e-04  1.69699899e-07 
 3.30200000e-04  1.69400997e-07 
 3.30300000e-04  1.69294958e-07 
 3.30400000e-04  1.69202578e-07 
 3.30500000e-04  1.69143229e-07 
 3.30600000e-04  1.57913173e-07 
 3.30700000e-04  1.57536819e-07 
 3.30800000e-04  1.57345144e-07 
 3.30900000e-04  1.57210847e-07 
 3.31000000e-04  1.57135682e-07 
 3.31100000e-04  1.68390711e-07 
 3.31200000e-04  1.68141107e-07 
 3.31300000e-04  1.68048782e-07 
 3.31400000e-04  1.67966461e-07 
 3.31500000e-04  1.67935085e-07 
 3.31600000e-04  1.54207014e-07 
 3.31700000e-04  1.53741043e-07 
 3.31800000e-04  1.53507611e-07 
 3.31900000e-04  1.53324798e-07 
 3.32000000e-04  1.53194142e-07 
 3.32100000e-04  1.69159198e-07 
 3.32200000e-04  1.68969476e-07 
 3.32300000e-04  1.68894404e-07 
 3.32400000e-04  1.68827909e-07 
 3.32500000e-04  1.68777052e-07 
 3.32600000e-04  1.56253529e-07 
 3.32700000e-04  1.55862057e-07 
 3.32800000e-04  1.55672337e-07 
 3.32900000e-04  1.55536070e-07 
 3.33000000e-04  1.55454881e-07 
 3.33100000e-04  1.68919883e-07 
 3.33200000e-04  1.68711942e-07 
 3.33300000e-04  1.68633325e-07 
 3.33400000e-04  1.68563640e-07 
 3.33500000e-04  1.68519080e-07 
 3.33600000e-04  1.54728783e-07 
 3.33700000e-04  1.54305783e-07 
 3.33800000e-04  1.54082064e-07 
 3.33900000e-04  1.53906975e-07 
 3.34000000e-04  1.53781992e-07 
 3.34100000e-04  1.70828629e-07 
 3.34200000e-04  1.70432956e-07 
 3.34300000e-04  1.70300271e-07 
 3.34400000e-04  1.70185265e-07 
 3.34500000e-04  1.70119064e-07 
 3.34600000e-04  1.60145853e-07 
 3.34700000e-04  1.59787462e-07 
 3.34800000e-04  1.59595965e-07 
 3.34900000e-04  1.59470085e-07 
 3.35000000e-04  1.59411835e-07 
 3.35100000e-04  1.68506554e-07 
 3.35200000e-04  1.68206720e-07 
 3.35300000e-04  1.68104367e-07 
 3.35400000e-04  1.68015020e-07 
 3.35500000e-04  1.67981727e-07 
 3.35600000e-04  1.54276606e-07 
 3.35700000e-04  1.53785553e-07 
 3.35800000e-04  1.53528725e-07 
 3.35900000e-04  1.53335225e-07 
 3.36000000e-04  1.53206994e-07 
 3.36100000e-04  1.69183675e-07 
 3.36200000e-04  1.68995571e-07 
 3.36300000e-04  1.68913455e-07 
 3.36400000e-04  1.68839109e-07 
 3.36500000e-04  1.68786222e-07 
 3.36600000e-04  1.56242479e-07 
 3.36700000e-04  1.55879198e-07 
 3.36800000e-04  1.55680878e-07 
 3.36900000e-04  1.55541034e-07 
 3.37000000e-04  1.55461450e-07 
 3.37100000e-04  1.68928470e-07 
 3.37200000e-04  1.68699759e-07 
 3.37300000e-04  1.68623992e-07 
 3.37400000e-04  1.68559504e-07 
 3.37500000e-04  1.68528086e-07 
 3.37600000e-04  1.54736891e-07 
 3.37700000e-04  1.54312962e-07 
 3.37800000e-04  1.54079437e-07 
 3.37900000e-04  1.53908088e-07 
 3.38000000e-04  1.53800812e-07 
 3.38100000e-04  1.70308589e-07 
 3.38200000e-04  1.70008609e-07 
 3.38300000e-04  1.69904731e-07 
 3.38400000e-04  1.69814908e-07 
 3.38500000e-04  1.69762545e-07 
 3.38600000e-04  1.58490340e-07 
 3.38700000e-04  1.58114919e-07 
 3.38800000e-04  1.57923636e-07 
 3.38900000e-04  1.57797809e-07 
 3.39000000e-04  1.57739443e-07 
 3.39100000e-04  1.69010352e-07 
 3.39200000e-04  1.68754907e-07 
 3.39300000e-04  1.68668107e-07 
 3.39400000e-04  1.68592562e-07 
 3.39500000e-04  1.68562029e-07 
 3.39600000e-04  1.54789139e-07 
 3.39700000e-04  1.54342398e-07 
 3.39800000e-04  1.54090179e-07 
 3.39900000e-04  1.53904220e-07 
 3.40000000e-04  1.53786553e-07 
 3.40100000e-04  1.69779972e-07 
 3.40200000e-04  1.69586932e-07 
 3.40300000e-04  1.69509227e-07 
 3.40400000e-04  1.69440335e-07 
 3.40500000e-04  1.69402622e-07 
 3.40600000e-04  1.56829880e-07 
 3.40700000e-04  1.56459156e-07 
 3.40800000e-04  1.56267480e-07 
 3.40900000e-04  1.56129164e-07 
 3.41000000e-04  1.56045827e-07 
 3.41100000e-04  1.69539448e-07 
 3.41200000e-04  1.69312160e-07 
 3.41300000e-04  1.69232007e-07 
 3.41400000e-04  1.69162092e-07 
 3.41500000e-04  1.69132311e-07 
 3.41600000e-04  1.55318043e-07 
 3.41700000e-04  1.54891882e-07 
 3.41800000e-04  1.54666192e-07 
 3.41900000e-04  1.54498749e-07 
 3.42000000e-04  1.54391325e-07 
 3.42100000e-04  1.71983702e-07 
 3.42200000e-04  1.71471517e-07 
 3.42300000e-04  1.71306226e-07 
 3.42400000e-04  1.71163934e-07 
 3.42500000e-04  1.71100778e-07 
 3.42600000e-04  1.62408715e-07 
 3.42700000e-04  1.62033252e-07 
 3.42800000e-04  1.61849723e-07 
 3.42900000e-04  1.61738294e-07 
 3.43000000e-04  1.61701175e-07 
 3.43100000e-04  1.68789433e-07 
 3.43200000e-04  1.68404185e-07 
 3.43300000e-04  1.68258339e-07 
 3.43400000e-04  1.68128019e-07 
 3.43500000e-04  1.68061098e-07 
 3.43600000e-04  1.54383180e-07 
 3.43700000e-04  1.53839623e-07 
 3.43800000e-04  1.53568302e-07 
 3.43900000e-04  1.53369993e-07 
 3.44000000e-04  1.53246930e-07 
 3.44100000e-04  1.69214565e-07 
 3.44200000e-04  1.69025192e-07 
 3.44300000e-04  1.68934768e-07 
 3.44400000e-04  1.68851302e-07 
 3.44500000e-04  1.68818343e-07 
 3.44600000e-04  1.56264853e-07 
 3.44700000e-04  1.55875215e-07 
 3.44800000e-04  1.55688714e-07 
 3.44900000e-04  1.55551923e-07 
 3.45000000e-04  1.55466342e-07 
 3.45100000e-04  1.68944429e-07 
 3.45200000e-04  1.68713262e-07 
 3.45300000e-04  1.68637116e-07 
 3.45400000e-04  1.68572412e-07 
 3.45500000e-04  1.68538406e-07 
 3.45600000e-04  1.54748967e-07 
 3.45700000e-04  1.54335222e-07 
 3.45800000e-04  1.54094646e-07 
 3.45900000e-04  1.53915742e-07 
 3.46000000e-04  1.53800380e-07 
 3.46100000e-04  1.70321537e-07 
 3.46200000e-04  1.70013616e-07 
 3.46300000e-04  1.69911614e-07 
 3.46400000e-04  1.69824408e-07 
 3.46500000e-04  1.69766492e-07 
 3.46600000e-04  1.58487588e-07 
 3.46700000e-04  1.58140258e-07 
 3.46800000e-04  1.57934554e-07 
 3.46900000e-04  1.57800324e-07 
 3.47000000e-04  1.57739757e-07 
 3.47100000e-04  1.69019212e-07 
 3.47200000e-04  1.68746176e-07 
 3.47300000e-04  1.68660583e-07 
 3.47400000e-04  1.68588161e-07 
 3.47500000e-04  1.68556224e-07 
 3.47600000e-04  1.54792154e-07 
 3.47700000e-04  1.54329167e-07 
 3.47800000e-04  1.54084720e-07 
 3.47900000e-04  1.53904454e-07 
 3.48000000e-04  1.53790324e-07 
 3.48100000e-04  1.69777298e-07 
 3.48200000e-04  1.69601477e-07 
 3.48300000e-04  1.69519533e-07 
 3.48400000e-04  1.69444112e-07 
 3.48500000e-04  1.69392906e-07 
 3.48600000e-04  1.56825371e-07 
 3.48700000e-04  1.56465194e-07 
 3.48800000e-04  1.56265994e-07 
 3.48900000e-04  1.56125094e-07 
 3.49000000e-04  1.56044260e-07 
 3.49100000e-04  1.69547177e-07 
 3.49200000e-04  1.69325453e-07 
 3.49300000e-04  1.69248007e-07 
 3.49400000e-04  1.69180663e-07 
 3.49500000e-04  1.69131493e-07 
 3.49600000e-04  1.55331132e-07 
 3.49700000e-04  1.54890439e-07 
 3.49800000e-04  1.54665231e-07 
 3.49900000e-04  1.54494290e-07 
 3.50000000e-04  1.54379252e-07 
 3.50100000e-04  1.71449911e-07 
 3.50200000e-04  1.71050718e-07 
 3.50300000e-04  1.70914683e-07 
 3.50400000e-04  1.70795972e-07 
 3.50500000e-04  1.70745689e-07 
 3.50600000e-04  1.60755282e-07 
 3.50700000e-04  1.60375726e-07 
 3.50800000e-04  1.60193702e-07 
 3.50900000e-04  1.60071035e-07 
 3.51000000e-04  1.60009520e-07 
 3.51100000e-04  1.69135730e-07 
 3.51200000e-04  1.68833218e-07 
 3.51300000e-04  1.68725395e-07 
 3.51400000e-04  1.68630350e-07 
 3.51500000e-04  1.68609137e-07 
 3.51600000e-04  1.54870755e-07 
 3.51700000e-04  1.54374249e-07 
 3.51800000e-04  1.54116262e-07 
 3.51900000e-04  1.53929794e-07 
 3.52000000e-04  1.53817028e-07 
 3.52100000e-04  1.69807510e-07 
 3.52200000e-04  1.69603264e-07 
 3.52300000e-04  1.69520407e-07 
 3.52400000e-04  1.69446662e-07 
 3.52500000e-04  1.69407425e-07 
 3.52600000e-04  1.56844715e-07 
 3.52700000e-04  1.56467371e-07 
 3.52800000e-04  1.56272089e-07 
 3.52900000e-04  1.56130689e-07 
 3.53000000e-04  1.56044791e-07 
 3.53100000e-04  1.69563905e-07 
 3.53200000e-04  1.69316403e-07 
 3.53300000e-04  1.69238116e-07 
 3.53400000e-04  1.69172580e-07 
 3.53500000e-04  1.69152297e-07 
 3.53600000e-04  1.55317086e-07 
 3.53700000e-04  1.54915298e-07 
 3.53800000e-04  1.54682741e-07 
 3.53900000e-04  1.54509910e-07 
 3.54000000e-04  1.54398613e-07 
 3.54100000e-04  1.70930615e-07 
 3.54200000e-04  1.70622995e-07 
 3.54300000e-04  1.70517804e-07 
 3.54400000e-04  1.70426874e-07 
 3.54500000e-04  1.70379277e-07 
 3.54600000e-04  1.59098601e-07 
 3.54700000e-04  1.58710639e-07 
 3.54800000e-04  1.58518126e-07 
 3.54900000e-04  1.58391076e-07 
 3.55000000e-04  1.58331472e-07 
 3.55100000e-04  1.69629678e-07 
 3.55200000e-04  1.69382661e-07 
 3.55300000e-04  1.69285496e-07 
 3.55400000e-04  1.69197654e-07 
 3.55500000e-04  1.69163638e-07 
 3.55600000e-04  1.55376719e-07 
 3.55700000e-04  1.54929474e-07 
 3.55800000e-04  1.54690906e-07 
 3.55900000e-04  1.54507145e-07 
 3.56000000e-04  1.54379840e-07 
 3.56100000e-04  1.70396507e-07 
 3.56200000e-04  1.70210940e-07 
 3.56300000e-04  1.70132805e-07 
 3.56400000e-04  1.70062239e-07 
 3.56500000e-04  1.70019887e-07 
 3.56600000e-04  1.57415350e-07 
 3.56700000e-04  1.57039870e-07 
 3.56800000e-04  1.56851180e-07 
 3.56900000e-04  1.56718613e-07 
 3.57000000e-04  1.56643862e-07 
 3.57100000e-04  1.70179250e-07 
 3.57200000e-04  1.69934630e-07 
 3.57300000e-04  1.69858923e-07 
 3.57400000e-04  1.69795807e-07 
 3.57500000e-04  1.69770668e-07 
 3.57600000e-04  1.55907894e-07 
 3.57700000e-04  1.55504588e-07 
 3.57800000e-04  1.55276200e-07 
 3.57900000e-04  1.55101037e-07 
 3.58000000e-04  1.54980697e-07 
 3.58100000e-04  1.73132963e-07 
 3.58200000e-04  1.72524736e-07 
 3.58300000e-04  1.72328984e-07 
 3.58400000e-04  1.72160103e-07 
 3.58500000e-04  1.72082865e-07 
 3.58600000e-04  1.64668392e-07 
 3.58700000e-04  1.64294229e-07 
 3.58800000e-04  1.64120993e-07 
 3.58900000e-04  1.64014987e-07 
 3.59000000e-04  1.63978251e-07 
 3.59100000e-04  1.69436657e-07 
 3.59200000e-04  1.68652999e-07 
 3.59300000e-04  1.68404211e-07 
 3.59400000e-04  1.68191249e-07 
 3.59500000e-04  1.68099309e-07 
 3.59600000e-04  1.54450714e-07 
 3.59700000e-04  1.53864822e-07 
 3.59800000e-04  1.53584935e-07 
 3.59900000e-04  1.53378646e-07 
 3.60000000e-04  1.53248196e-07 
 3.60100000e-04  1.69222208e-07 
 3.60200000e-04  1.69043060e-07 
 3.60300000e-04  1.68950979e-07 
 3.60400000e-04  1.68864473e-07 
 3.60500000e-04  1.68823588e-07 
 3.60600000e-04  1.56265043e-07 
 3.60700000e-04  1.55903360e-07 
 3.60800000e-04  1.55707402e-07 
 3.60900000e-04  1.55561735e-07 
 3.61000000e-04  1.55467859e-07 
 3.61100000e-04  1.68951255e-07 
 3.61200000e-04  1.68728304e-07 
 3.61300000e-04  1.68649772e-07 
 3.61400000e-04  1.68581575e-07 
 3.61500000e-04  1.68554696e-07 
 3.61600000e-04  1.54740708e-07 
 3.61700000e-04  1.54319395e-07 
 3.61800000e-04  1.54096658e-07 
 3.61900000e-04  1.53925562e-07 
 3.62000000e-04  1.53807651e-07 
 3.62100000e-04  1.70321425e-07 
 3.62200000e-04  1.70031527e-07 
 3.62300000e-04  1.69922479e-07 
 3.62400000e-04  1.69826040e-07 
 3.62500000e-04  1.69765908e-07 
 3.62600000e-04  1.58518785e-07 
 3.62700000e-04  1.58141556e-07 
 3.62800000e-04  1.57937068e-07 
 3.62900000e-04  1.57796928e-07 
 3.63000000e-04  1.57723083e-07 
 3.63100000e-04  1.69017540e-07 
 3.63200000e-04  1.68752678e-07 
 3.63300000e-04  1.68666473e-07 
 3.63400000e-04  1.68592482e-07 
 3.63500000e-04  1.68566060e-07 
 3.63600000e-04  1.54779695e-07 
 3.63700000e-04  1.54346484e-07 
 3.63800000e-04  1.54098939e-07 
 3.63900000e-04  1.53917078e-07 
 3.64000000e-04  1.53802887e-07 
 3.64100000e-04  1.69782149e-07 
 3.64200000e-04  1.69608859e-07 
 3.64300000e-04  1.69518515e-07 
 3.64400000e-04  1.69433754e-07 
 3.64500000e-04  1.69394270e-07 
 3.64600000e-04  1.56826662e-07 
 3.64700000e-04  1.56456031e-07 
 3.64800000e-04  1.56257235e-07 
 3.64900000e-04  1.56123211e-07 
 3.65000000e-04  1.56055917e-07 
 3.65100000e-04  1.69537179e-07 
 3.65200000e-04  1.69318989e-07 
 3.65300000e-04  1.69239156e-07 
 3.65400000e-04  1.69168726e-07 
 3.65500000e-04  1.69144083e-07 
 3.65600000e-04  1.55331631e-07 
 3.65700000e-04  1.54896433e-07 
 3.65800000e-04  1.54668873e-07 
 3.65900000e-04  1.54501110e-07 
 3.66000000e-04  1.54394939e-07 
 3.66100000e-04  1.71449634e-07 
 3.66200000e-04  1.71050462e-07 
 3.66300000e-04  1.70915030e-07 
 3.66400000e-04  1.70797274e-07 
 3.66500000e-04  1.70732491e-07 
 3.66600000e-04  1.60756197e-07 
 3.66700000e-04  1.60381586e-07 
 3.66800000e-04  1.60189113e-07 
 3.66900000e-04  1.60065927e-07 
 3.67000000e-04  1.60014123e-07 
 3.67100000e-04  1.69143475e-07 
 3.67200000e-04  1.68844597e-07 
 3.67300000e-04  1.68736108e-07 
 3.67400000e-04  1.68640294e-07 
 3.67500000e-04  1.68603020e-07 
 3.67600000e-04  1.54870537e-07 
 3.67700000e-04  1.54357125e-07 
 3.67800000e-04  1.54114262e-07 
 3.67900000e-04  1.53927719e-07 
 3.68000000e-04  1.53799180e-07 
 3.68100000e-04  1.69810496e-07 
 3.68200000e-04  1.69629669e-07 
 3.68300000e-04  1.69544279e-07 
 3.68400000e-04  1.69465436e-07 
 3.68500000e-04  1.69422816e-07 
 3.68600000e-04  1.56830448e-07 
 3.68700000e-04  1.56468805e-07 
 3.68800000e-04  1.56266694e-07 
 3.68900000e-04  1.56124563e-07 
 3.69000000e-04  1.56044210e-07 
 3.69100000e-04  1.69548717e-07 
 3.69200000e-04  1.69329301e-07 
 3.69300000e-04  1.69246816e-07 
 3.69400000e-04  1.69173870e-07 
 3.69500000e-04  1.69143652e-07 
 3.69600000e-04  1.55335113e-07 
 3.69700000e-04  1.54913576e-07 
 3.69800000e-04  1.54679344e-07 
 3.69900000e-04  1.54504385e-07 
 3.70000000e-04  1.54390477e-07 
 3.70100000e-04  1.70944970e-07 
 3.70200000e-04  1.70641120e-07 
 3.70300000e-04  1.70528900e-07 
 3.70400000e-04  1.70430216e-07 
 3.70500000e-04  1.70378841e-07 
 3.70600000e-04  1.59083481e-07 
 3.70700000e-04  1.58706910e-07 
 3.70800000e-04  1.58527710e-07 
 3.70900000e-04  1.58401382e-07 
 3.71000000e-04  1.58329499e-07 
 3.71100000e-04  1.69631518e-07 
 3.71200000e-04  1.69372096e-07 
 3.71300000e-04  1.69286779e-07 
 3.71400000e-04  1.69212978e-07 
 3.71500000e-04  1.69162786e-07 
 3.71600000e-04  1.55387518e-07 
 3.71700000e-04  1.54931058e-07 
 3.71800000e-04  1.54684519e-07 
 3.71900000e-04  1.54505882e-07 
 3.72000000e-04  1.54397195e-07 
 3.72100000e-04  1.70415811e-07 
 3.72200000e-04  1.70228008e-07 
 3.72300000e-04  1.70143018e-07 
 3.72400000e-04  1.70065423e-07 
 3.72500000e-04  1.70016701e-07 
 3.72600000e-04  1.57430536e-07 
 3.72700000e-04  1.57056089e-07 
 3.72800000e-04  1.56853034e-07 
 3.72900000e-04  1.56715801e-07 
 3.73000000e-04  1.56646369e-07 
 3.73100000e-04  1.70168928e-07 
 3.73200000e-04  1.69938526e-07 
 3.73300000e-04  1.69860403e-07 
 3.73400000e-04  1.69793343e-07 
 3.73500000e-04  1.69752801e-07 
 3.73600000e-04  1.55923160e-07 
 3.73700000e-04  1.55490887e-07 
 3.73800000e-04  1.55261930e-07 
 3.73900000e-04  1.55095049e-07 
 3.74000000e-04  1.54992106e-07 
 3.74100000e-04  1.72605739e-07 
 3.74200000e-04  1.72092147e-07 
 3.74300000e-04  1.71928664e-07 
 3.74400000e-04  1.71788670e-07 
 3.74500000e-04  1.71718512e-07 
 3.74600000e-04  1.62987248e-07 
 3.74700000e-04  1.62623904e-07 
 3.74800000e-04  1.62448460e-07 
 3.74900000e-04  1.62336731e-07 
 3.75000000e-04  1.62290627e-07 
 3.75100000e-04  1.69424299e-07 
 3.75200000e-04  1.69029286e-07 
 3.75300000e-04  1.68879564e-07 
 3.75400000e-04  1.68746230e-07 
 3.75500000e-04  1.68677567e-07 
 3.75600000e-04  1.54976221e-07 
 3.75700000e-04  1.54411942e-07 
 3.75800000e-04  1.54160184e-07 
 3.75900000e-04  1.53965856e-07 
 3.76000000e-04  1.53830671e-07 
 3.76100000e-04  1.69839136e-07 
 3.76200000e-04  1.69642347e-07 
 3.76300000e-04  1.69550609e-07 
 3.76400000e-04  1.69466598e-07 
 3.76500000e-04  1.69418282e-07 
 3.76600000e-04  1.56845949e-07 
 3.76700000e-04  1.56480846e-07 
 3.76800000e-04  1.56286818e-07 
 3.76900000e-04  1.56149768e-07 
 3.77000000e-04  1.56071396e-07 
 3.77100000e-04  1.69584883e-07 
 3.77200000e-04  1.69341898e-07 
 3.77300000e-04  1.69254409e-07 
 3.77400000e-04  1.69178445e-07 
 3.77500000e-04  1.69148035e-07 
 3.77600000e-04  1.55332674e-07 
 3.77700000e-04  1.54902740e-07 
 3.77800000e-04  1.54679963e-07 
 3.77900000e-04  1.54512680e-07 
 3.78000000e-04  1.54402542e-07 
 3.78100000e-04  1.70936010e-07 
 3.78200000e-04  1.70642945e-07 
 3.78300000e-04  1.70531482e-07 
 3.78400000e-04  1.70432304e-07 
 3.78500000e-04  1.70383377e-07 
 3.78600000e-04  1.59089061e-07 
 3.78700000e-04  1.58729516e-07 
 3.78800000e-04  1.58528629e-07 
 3.78900000e-04  1.58395832e-07 
 3.79000000e-04  1.58333171e-07 
 3.79100000e-04  1.69633300e-07 
 3.79200000e-04  1.69371598e-07 
 3.79300000e-04  1.69279458e-07 
 3.79400000e-04  1.69198590e-07 
 3.79500000e-04  1.69179515e-07 
 3.79600000e-04  1.55391952e-07 
 3.79700000e-04  1.54915041e-07 
 3.79800000e-04  1.54690802e-07 
 3.79900000e-04  1.54520843e-07 
 3.80000000e-04  1.54406774e-07 
 3.80100000e-04  1.70418231e-07 
 3.80200000e-04  1.70218199e-07 
 3.80300000e-04  1.70133416e-07 
 3.80400000e-04  1.70057399e-07 
 3.80500000e-04  1.70022865e-07 
 3.80600000e-04  1.57412951e-07 
 3.80700000e-04  1.57062657e-07 
 3.80800000e-04  1.56860024e-07 
 3.80900000e-04  1.56716087e-07 
 3.81000000e-04  1.56632593e-07 
 3.81100000e-04  1.70168759e-07 
 3.81200000e-04  1.69946738e-07 
 3.81300000e-04  1.69866703e-07 
 3.81400000e-04  1.69796455e-07 
 3.81500000e-04  1.69752818e-07 
 3.81600000e-04  1.55920785e-07 
 3.81700000e-04  1.55489756e-07 
 3.81800000e-04  1.55268478e-07 
 3.81900000e-04  1.55096507e-07 
 3.82000000e-04  1.54975291e-07 
 3.82100000e-04  1.72080929e-07 
 3.82200000e-04  1.71679585e-07 
 3.82300000e-04  1.71539184e-07 
 3.82400000e-04  1.71415784e-07 
 3.82500000e-04  1.71355005e-07 
 3.82600000e-04  1.61331967e-07 
 3.82700000e-04  1.60964305e-07 
 3.82800000e-04  1.60788751e-07 
 3.82900000e-04  1.60667106e-07 
 3.83000000e-04  1.60600965e-07 
 3.83100000e-04  1.69763229e-07 
 3.83200000e-04  1.69459743e-07 
 3.83300000e-04  1.69350722e-07 
 3.83400000e-04  1.69254555e-07 
 3.83500000e-04  1.69216887e-07 
 3.83600000e-04  1.55453207e-07 
 3.83700000e-04  1.54947512e-07 
 3.83800000e-04  1.54707591e-07 
 3.83900000e-04  1.54526596e-07 
 3.84000000e-04  1.54406276e-07 
 3.84100000e-04  1.70423133e-07 
 3.84200000e-04  1.70239379e-07 
 3.84300000e-04  1.70156763e-07 
 3.84400000e-04  1.70081047e-07 
 3.84500000e-04  1.70031539e-07 
 3.84600000e-04  1.57438798e-07 
 3.84700000e-04  1.57053894e-07 
 3.84800000e-04  1.56872974e-07 
 3.84900000e-04  1.56738871e-07 
 3.85000000e-04  1.56652952e-07 
 3.85100000e-04  1.70174701e-07 
 3.85200000e-04  1.69957212e-07 
 3.85300000e-04  1.69868966e-07 
 3.85400000e-04  1.69789228e-07 
 3.85500000e-04  1.69760805e-07 
 3.85600000e-04  1.55925297e-07 
 3.85700000e-04  1.55493744e-07 
 3.85800000e-04  1.55281703e-07 
 3.85900000e-04  1.55113511e-07 
 3.86000000e-04  1.54990438e-07 
 3.86100000e-04  1.71553310e-07 
 3.86200000e-04  1.71267631e-07 
 3.86300000e-04  1.71148550e-07 
 3.86400000e-04  1.71040261e-07 
 3.86500000e-04  1.71004676e-07 
 3.86600000e-04  1.59670529e-07 
 3.86700000e-04  1.59312511e-07 
 3.86800000e-04  1.59115755e-07 
 3.86900000e-04  1.58984496e-07 
 3.87000000e-04  1.58920686e-07 
 3.87100000e-04  1.70262716e-07 
 3.87200000e-04  1.69990857e-07 
 3.87300000e-04  1.69900407e-07 
 3.87400000e-04  1.69822481e-07 
 3.87500000e-04  1.69786477e-07 
 3.87600000e-04  1.55975291e-07 
 3.87700000e-04  1.55514087e-07 
 3.87800000e-04  1.55282800e-07 
 3.87900000e-04  1.55102230e-07 
 3.88000000e-04  1.54973865e-07 
 3.88100000e-04  1.71029760e-07 
 3.88200000e-04  1.70842727e-07 
 3.88300000e-04  1.70756131e-07 
 3.88400000e-04  1.70676541e-07 
 3.88500000e-04  1.70644329e-07 
 3.88600000e-04  1.58017400e-07 
 3.88700000e-04  1.57640194e-07 
 3.88800000e-04  1.57444854e-07 
 3.88900000e-04  1.57309033e-07 
 3.89000000e-04  1.57234496e-07 
 3.89100000e-04  1.70806588e-07 
 3.89200000e-04  1.70571382e-07 
 3.89300000e-04  1.70486501e-07 
 3.89400000e-04  1.70412578e-07 
 3.89500000e-04  1.70381443e-07 
 3.89600000e-04  1.56504193e-07 
 3.89700000e-04  1.56082190e-07 
 3.89800000e-04  1.55853821e-07 
 3.89900000e-04  1.55686424e-07 
 3.90000000e-04  1.55581807e-07 
 3.90100000e-04  1.74835038e-07 
 3.90200000e-04  1.73987521e-07 
 3.90300000e-04  1.73734790e-07 
 3.90400000e-04  1.73521613e-07 
 3.90500000e-04  1.73423477e-07 
 3.90600000e-04  1.68567422e-07 
 3.90700000e-04  1.68199644e-07 
 3.90800000e-04  1.68028927e-07 
 3.90900000e-04  1.67936128e-07 
 3.91000000e-04  1.67923593e-07 
 3.91100000e-04  1.69026468e-07 
 3.91200000e-04  1.68061335e-07 
 3.91300000e-04  1.67801581e-07 
 3.91400000e-04  1.67586045e-07 
 3.91500000e-04  1.67491944e-07 
 3.91600000e-04  1.53955120e-07 
 3.91700000e-04  1.53259269e-07 
 3.91800000e-04  1.52985760e-07 
 3.91900000e-04  1.52781224e-07 
 3.92000000e-04  1.52647720e-07 
 3.92100000e-04  1.68610661e-07 
 3.92200000e-04  1.68427313e-07 
 3.92300000e-04  1.68336340e-07 
 3.92400000e-04  1.68251383e-07 
 3.92500000e-04  1.68211578e-07 
 3.92600000e-04  1.55679247e-07 
 3.92700000e-04  1.55309271e-07 
 3.92800000e-04  1.55100148e-07 
 3.92900000e-04  1.54959189e-07 
 3.93000000e-04  1.54888431e-07 
 3.93100000e-04  1.68330903e-07 
 3.93200000e-04  1.68107309e-07 
 3.93300000e-04  1.68028678e-07 
 3.93400000e-04  1.67960500e-07 
 3.93500000e-04  1.67924295e-07 
 3.93600000e-04  1.54152830e-07 
 3.93700000e-04  1.53731660e-07 
 3.93800000e-04  1.53502159e-07 
 3.93900000e-04  1.53325371e-07 
 3.94000000e-04  1.53202841e-07 
 3.94100000e-04  1.69693523e-07 
 3.94200000e-04  1.69400228e-07 
 3.94300000e-04  1.69294171e-07 
 3.94400000e-04  1.69201103e-07 
 3.94500000e-04  1.69147937e-07 
 3.94600000e-04  1.57911863e-07 
 3.94700000e-04  1.57550445e-07 
 3.94800000e-04  1.57353585e-07 
 3.94900000e-04  1.57218252e-07 
 3.95000000e-04  1.57146268e-07 
 3.95100000e-04  1.68383507e-07 
 3.95200000e-04  1.68129137e-07 
 3.95300000e-04  1.68040383e-07 
 3.95400000e-04  1.67962654e-07 
 3.95500000e-04  1.67936875e-07 
 3.95600000e-04  1.54196276e-07 
 3.95700000e-04  1.53739212e-07 
 3.95800000e-04  1.53506526e-07 
 3.95900000e-04  1.53327547e-07 
 3.96000000e-04  1.53203846e-07 
 3.96100000e-04  1.69152745e-07 
 3.96200000e-04  1.68976380e-07 
 3.96300000e-04  1.68898865e-07 
 3.96400000e-04  1.68828257e-07 
 3.96500000e-04  1.68785393e-07 
 3.96600000e-04  1.56253228e-07 
 3.96700000e-04  1.55866444e-07 
 3.96800000e-04  1.55670385e-07 
 3.96900000e-04  1.55534440e-07 
 3.97000000e-04  1.55460386e-07 
 3.97100000e-04  1.68926564e-07 
 3.97200000e-04  1.68693225e-07 
 3.97300000e-04  1.68616126e-07 
 3.97400000e-04  1.68550640e-07 
 3.97500000e-04  1.68513160e-07 
 3.97600000e-04  1.54741802e-07 
 3.97700000e-04  1.54322138e-07 
 3.97800000e-04  1.54075938e-07 
 3.97900000e-04  1.53894792e-07 
 3.98000000e-04  1.53780634e-07 
 3.98100000e-04  1.70835329e-07 
 3.98200000e-04  1.70432190e-07 
 3.98300000e-04  1.70294102e-07 
 3.98400000e-04  1.70173878e-07 
 3.98500000e-04  1.70119989e-07 
 3.98600000e-04  1.60163723e-07 
 3.98700000e-04  1.59789894e-07 
 3.98800000e-04  1.59601659e-07 
 3.98900000e-04  1.59477397e-07 
 3.99000000e-04  1.59419006e-07 
 3.99100000e-04  1.68501786e-07 
 3.99200000e-04  1.68215336e-07 
 3.99300000e-04  1.68115448e-07 
 3.99400000e-04  1.68027383e-07 
 3.99500000e-04  1.67973328e-07 
 3.99600000e-04  1.54270023e-07 
 3.99700000e-04  1.53770227e-07 
 3.99800000e-04  1.53525246e-07 
 3.99900000e-04  1.53338977e-07 
 4.00000000e-04  1.53213151e-07 
 4.00100000e-04  1.69176315e-07 
 4.00200000e-04  1.68992692e-07 
 4.00300000e-04  1.68910610e-07 
 4.00400000e-04  1.68835589e-07 
 4.00500000e-04  1.68798514e-07 
 4.00600000e-04  1.56251670e-07 
 4.00700000e-04  1.55865733e-07 
 4.00800000e-04  1.55672384e-07 
 4.00900000e-04  1.55533163e-07 
 4.01000000e-04  1.55449653e-07 
 4.01100000e-04  1.68926948e-07 
 4.01200000e-04  1.68700191e-07 
 4.01300000e-04  1.68625446e-07 
 4.01400000e-04  1.68561917e-07 
 4.01500000e-04  1.68538984e-07 
 4.01600000e-04  1.54735503e-07 
 4.01700000e-04  1.54302841e-07 
 4.01800000e-04  1.54084700e-07 
 4.01900000e-04  1.53913866e-07 
 4.02000000e-04  1.53791706e-07 
 4.02100000e-04  1.70292370e-07 
 4.02200000e-04  1.70018942e-07 
 4.02300000e-04  1.69909046e-07 
 4.02400000e-04  1.69809691e-07 
 4.02500000e-04  1.69769617e-07 
 4.02600000e-04  1.58508590e-07 
 4.02700000e-04  1.58110624e-07 
 4.02800000e-04  1.57923862e-07 
 4.02900000e-04  1.57792389e-07 
 4.03000000e-04  1.57717825e-07 
 4.03100000e-04  1.69012725e-07 
 4.03200000e-04  1.68751718e-07 
 4.03300000e-04  1.68662271e-07 
 4.03400000e-04  1.68584322e-07 
 4.03500000e-04  1.68548612e-07 
 4.03600000e-04  1.54788813e-07 
 4.03700000e-04  1.54341939e-07 
 4.03800000e-04  1.54092651e-07 
 4.03900000e-04  1.53910917e-07 
 4.04000000e-04  1.53798746e-07 
 4.04100000e-04  1.69772739e-07 
 4.04200000e-04  1.69594453e-07 
 4.04300000e-04  1.69514852e-07 
 4.04400000e-04  1.69442018e-07 
 4.04500000e-04  1.69405207e-07 
 4.04600000e-04  1.56827374e-07 
 4.04700000e-04  1.56460394e-07 
 4.04800000e-04  1.56263723e-07 
 4.04900000e-04  1.56124789e-07 
 4.05000000e-04  1.56045289e-07 
 4.05100000e-04  1.69549574e-07 
 4.05200000e-04  1.69320502e-07 
 4.05300000e-04  1.69241777e-07 
 4.05400000e-04  1.69173864e-07 
 4.05500000e-04  1.69133285e-07 
 4.05600000e-04  1.55326496e-07 
 4.05700000e-04  1.54907974e-07 
 4.05800000e-04  1.54671018e-07 
 4.05900000e-04  1.54494208e-07 
 4.06000000e-04  1.54379315e-07 
 4.06100000e-04  1.71984963e-07 
 4.06200000e-04  1.71475774e-07 
 4.06300000e-04  1.71306839e-07 
 4.06400000e-04  1.71160361e-07 
 4.06500000e-04  1.71102170e-07 
 4.06600000e-04  1.62403661e-07 
 4.06700000e-04  1.62027157e-07 
 4.06800000e-04  1.61842972e-07 
 4.06900000e-04  1.61732005e-07 
 4.07000000e-04  1.61696441e-07 
 4.07100000e-04  1.68788945e-07 
 4.07200000e-04  1.68415514e-07 
 4.07300000e-04  1.68265847e-07 
 4.07400000e-04  1.68130689e-07 
 4.07500000e-04  1.68068442e-07 
 4.07600000e-04  1.54372206e-07 
 4.07700000e-04  1.53821390e-07 
 4.07800000e-04  1.53557838e-07 
 4.07900000e-04  1.53364818e-07 
 4.08000000e-04  1.53244425e-07 
 4.08100000e-04  1.69212127e-07 
 4.08200000e-04  1.69019278e-07 
 4.08300000e-04  1.68936190e-07 
 4.08400000e-04  1.68860963e-07 
 4.08500000e-04  1.68798838e-07 
 4.08600000e-04  1.56254061e-07 
 4.08700000e-04  1.55891781e-07 
 4.08800000e-04  1.55689106e-07 
 4.08900000e-04  1.55544956e-07 
 4.09000000e-04  1.55461045e-07 
 4.09100000e-04  1.68936896e-07 
 4.09200000e-04  1.68714769e-07 
 4.09300000e-04  1.68631502e-07 
 4.09400000e-04  1.68557602e-07 
 4.09500000e-04  1.68527344e-07 
 4.09600000e-04  1.54733328e-07 
 4.09700000e-04  1.54309121e-07 
 4.09800000e-04  1.54086671e-07 
 4.09900000e-04  1.53915876e-07 
 4.10000000e-04  1.53798226e-07 
 4.10100000e-04  1.70309779e-07 
 4.10200000e-04  1.70024307e-07 
 4.10300000e-04  1.69914270e-07 
 4.10400000e-04  1.69815920e-07 
 4.10500000e-04  1.69767136e-07 
 4.10600000e-04  1.58487278e-07 
 4.10700000e-04  1.58120030e-07 
 4.10800000e-04  1.57934030e-07 
 4.10900000e-04  1.57800402e-07 
 4.11000000e-04  1.57720663e-07 
 4.11100000e-04  1.69012166e-07 
 4.11200000e-04  1.68745944e-07 
 4.11300000e-04  1.68660722e-07 
 4.11400000e-04  1.68587848e-07 
 4.11500000e-04  1.68555726e-07 
 4.11600000e-04  1.54795412e-07 
 4.11700000e-04  1.54322328e-07 
 4.11800000e-04  1.54094368e-07 
 4.11900000e-04  1.53920041e-07 
 4.12000000e-04  1.53800908e-07 
 4.12100000e-04  1.69778216e-07 
 4.12200000e-04  1.69593343e-07 
 4.12300000e-04  1.69507316e-07 
 4.12400000e-04  1.69428327e-07 
 4.12500000e-04  1.69392067e-07 
 4.12600000e-04  1.56825336e-07 
 4.12700000e-04  1.56455823e-07 
 4.12800000e-04  1.56264292e-07 
 4.12900000e-04  1.56131010e-07 
 4.13000000e-04  1.56057681e-07 
 4.13100000e-04  1.69538517e-07 
 4.13200000e-04  1.69316520e-07 
 4.13300000e-04  1.69234647e-07 
 4.13400000e-04  1.69162240e-07 
 4.13500000e-04  1.69140855e-07 
 4.13600000e-04  1.55319311e-07 
 4.13700000e-04  1.54904731e-07 
 4.13800000e-04  1.54671740e-07 
 4.13900000e-04  1.54494698e-07 
 4.14000000e-04  1.54375233e-07 
 4.14100000e-04  1.71453773e-07 
 4.14200000e-04  1.71050625e-07 
 4.14300000e-04  1.70911969e-07 
 4.14400000e-04  1.70790834e-07 
 4.14500000e-04  1.70725917e-07 
 4.14600000e-04  1.60739772e-07 
 4.14700000e-04  1.60363824e-07 
 4.14800000e-04  1.60180258e-07 
 4.14900000e-04  1.60060865e-07 
 4.15000000e-04  1.60007531e-07 
 4.15100000e-04  1.69140737e-07 
 4.15200000e-04  1.68835231e-07 
 4.15300000e-04  1.68730698e-07 
 4.15400000e-04  1.68639850e-07 
 4.15500000e-04  1.68608792e-07 
 4.15600000e-04  1.54867032e-07 
 4.15700000e-04  1.54363216e-07 
 4.15800000e-04  1.54109638e-07 
 4.15900000e-04  1.53921467e-07 
 4.16000000e-04  1.53800627e-07 
 4.16100000e-04  1.69800963e-07 
 4.16200000e-04  1.69604722e-07 
 4.16300000e-04  1.69529024e-07 
 4.16400000e-04  1.69462058e-07 
 4.16500000e-04  1.69417385e-07 
 4.16600000e-04  1.56837548e-07 
 4.16700000e-04  1.56465133e-07 
 4.16800000e-04  1.56272360e-07 
 4.16900000e-04  1.56133851e-07 
 4.17000000e-04  1.56051186e-07 
 4.17100000e-04  1.69559219e-07 
 4.17200000e-04  1.69319062e-07 
 4.17300000e-04  1.69239590e-07 
 4.17400000e-04  1.69172458e-07 
 4.17500000e-04  1.69146850e-07 
 4.17600000e-04  1.55313814e-07 
 4.17700000e-04  1.54912271e-07 
 4.17800000e-04  1.54680279e-07 
 4.17900000e-04  1.54506948e-07 
 4.18000000e-04  1.54393987e-07 
 4.18100000e-04  1.70928951e-07 
 4.18200000e-04  1.70638744e-07 
 4.18300000e-04  1.70528241e-07 
 4.18400000e-04  1.70429855e-07 
 4.18500000e-04  1.70369843e-07 
 4.18600000e-04  1.59086795e-07 
 4.18700000e-04  1.58705929e-07 
 4.18800000e-04  1.58513529e-07 
 4.18900000e-04  1.58385607e-07 
 4.19000000e-04  1.58324056e-07 
 4.19100000e-04  1.69626335e-07 
 4.19200000e-04  1.69371991e-07 
 4.19300000e-04  1.69277366e-07 
 4.19400000e-04  1.69192773e-07 
 4.19500000e-04  1.69157810e-07 
 4.19600000e-04  1.55364105e-07 
 4.19700000e-04  1.54920174e-07 
 4.19800000e-04  1.54681832e-07 
 4.19900000e-04  1.54503074e-07 
 4.20000000e-04  1.54385635e-07 
 4.20100000e-04  1.70416511e-07 
 4.20200000e-04  1.70208773e-07 
 4.20300000e-04  1.70127488e-07 
 4.20400000e-04  1.70056098e-07 
 4.20500000e-04  1.70013364e-07 
 4.20600000e-04  1.57410661e-07 
 4.20700000e-04  1.57054206e-07 
 4.20800000e-04  1.56852747e-07 
 4.20900000e-04  1.56716088e-07 
 4.21000000e-04  1.56646134e-07 
 4.21100000e-04  1.70164880e-07 
 4.21200000e-04  1.69933609e-07 
 4.21300000e-04  1.69856598e-07 
 4.21400000e-04  1.69790824e-07 
 4.21500000e-04  1.69758145e-07 
 4.21600000e-04  1.55906348e-07 
 4.21700000e-04  1.55487879e-07 
 4.21800000e-04  1.55267463e-07 
 4.21900000e-04  1.55099667e-07 
 4.22000000e-04  1.54986004e-07 
 4.22100000e-04  1.73135190e-07 
 4.22200000e-04  1.72521294e-07 
 4.22300000e-04  1.72325843e-07 
 4.22400000e-04  1.72157569e-07 
 4.22500000e-04  1.72084565e-07 
 4.22600000e-04  1.64648832e-07 
 4.22700000e-04  1.64282503e-07 
 4.22800000e-04  1.64101415e-07 
 4.22900000e-04  1.63992292e-07 
 4.23000000e-04  1.63957267e-07 
 4.23100000e-04  1.69426639e-07 
 4.23200000e-04  1.68646916e-07 
 4.23300000e-04  1.68395178e-07 
 4.23400000e-04  1.68178500e-07 
 4.23500000e-04  1.68095870e-07 
 4.23600000e-04  1.54442323e-07 
 4.23700000e-04  1.53845478e-07 
 4.23800000e-04  1.53586056e-07 
 4.23900000e-04  1.53389899e-07 
 4.24000000e-04  1.53258856e-07 
 4.24100000e-04  1.69218595e-07 
 4.24200000e-04  1.69027989e-07 
 4.24300000e-04  1.68947616e-07 
 4.24400000e-04  1.68875025e-07 
 4.24500000e-04  1.68827285e-07 
 4.24600000e-04  1.56253613e-07 
 4.24700000e-04  1.55893190e-07 
 4.24800000e-04  1.55696250e-07 
 4.24900000e-04  1.55556670e-07 
 4.25000000e-04  1.55476108e-07 
 4.25100000e-04  1.68952666e-07 
 4.25200000e-04  1.68724131e-07 
 4.25300000e-04  1.68642674e-07 
 4.25400000e-04  1.68572037e-07 
 4.25500000e-04  1.68536057e-07 
 4.25600000e-04  1.54751829e-07 
 4.25700000e-04  1.54315599e-07 
 4.25800000e-04  1.54094329e-07 
 4.25900000e-04  1.53925867e-07 
 4.26000000e-04  1.53811737e-07 
 4.26100000e-04  1.70313116e-07 
 4.26200000e-04  1.70008977e-07 
 4.26300000e-04  1.69907719e-07 
 4.26400000e-04  1.69820617e-07 
 4.26500000e-04  1.69770545e-07 
 4.26600000e-04  1.58513338e-07 
 4.26700000e-04  1.58120986e-07 
 4.26800000e-04  1.57937761e-07 
 4.26900000e-04  1.57812395e-07 
 4.27000000e-04  1.57746566e-07 
 4.27100000e-04  1.69010550e-07 
 4.27200000e-04  1.68747931e-07 
 4.27300000e-04  1.68661362e-07 
 4.27400000e-04  1.68586627e-07 
 4.27500000e-04  1.68563031e-07 
 4.27600000e-04  1.54792563e-07 
 4.27700000e-04  1.54337211e-07 
 4.27800000e-04  1.54095686e-07 
 4.27900000e-04  1.53919028e-07 
 4.28000000e-04  1.53809133e-07 
 4.28100000e-04  1.69786720e-07 
 4.28200000e-04  1.69585588e-07 
 4.28300000e-04  1.69512552e-07 
 4.28400000e-04  1.69449143e-07 
 4.28500000e-04  1.69404086e-07 
 4.28600000e-04  1.56828182e-07 
 4.28700000e-04  1.56453238e-07 
 4.28800000e-04  1.56265127e-07 
 4.28900000e-04  1.56126876e-07 
 4.29000000e-04  1.56039903e-07 
 4.29100000e-04  1.69539151e-07 
 4.29200000e-04  1.69321198e-07 
 4.29300000e-04  1.69245482e-07 
 4.29400000e-04  1.69179452e-07 
 4.29500000e-04  1.69142786e-07 
 4.29600000e-04  1.55331899e-07 
 4.29700000e-04  1.54893361e-07 
 4.29800000e-04  1.54674189e-07 
 4.29900000e-04  1.54503947e-07 
 4.30000000e-04  1.54384029e-07 
 4.30100000e-04  1.71465869e-07 
 4.30200000e-04  1.71053111e-07 
 4.30300000e-04  1.70907866e-07 
 4.30400000e-04  1.70781100e-07 
 4.30500000e-04  1.70741797e-07 
 4.30600000e-04  1.60753271e-07 
 4.30700000e-04  1.60377352e-07 
 4.30800000e-04  1.60180295e-07 
 4.30900000e-04  1.60055918e-07 
 4.31000000e-04  1.60006358e-07 
 4.31100000e-04  1.69139270e-07 
 4.31200000e-04  1.68840197e-07 
 4.31300000e-04  1.68734956e-07 
 4.31400000e-04  1.68642353e-07 
 4.31500000e-04  1.68604021e-07 
 4.31600000e-04  1.54864427e-07 
 4.31700000e-04  1.54370631e-07 
 4.31800000e-04  1.54119427e-07 
 4.31900000e-04  1.53930492e-07 
 4.32000000e-04  1.53805637e-07 
 4.32100000e-04  1.69796982e-07 
 4.32200000e-04  1.69621236e-07 
 4.32300000e-04  1.69536566e-07 
 4.32400000e-04  1.69458130e-07 
 4.32500000e-04  1.69404277e-07 
 4.32600000e-04  1.56834492e-07 
 4.32700000e-04  1.56468826e-07 
 4.32800000e-04  1.56274990e-07 
 4.32900000e-04  1.56138160e-07 
 4.33000000e-04  1.56059979e-07 
 4.33100000e-04  1.69554888e-07 
 4.33200000e-04  1.69324606e-07 
 4.33300000e-04  1.69240142e-07 
 4.33400000e-04  1.69165957e-07 
 4.33500000e-04  1.69155121e-07 
 4.33600000e-04  1.55327291e-07 
 4.33700000e-04  1.54903740e-07 
 4.33800000e-04  1.54681617e-07 
 4.33900000e-04  1.54507097e-07 
 4.34000000e-04  1.54381524e-07 
 4.34100000e-04  1.70935131e-07 
 4.34200000e-04  1.70638204e-07 
 4.34300000e-04  1.70526663e-07 
 4.34400000e-04  1.70427771e-07 
 4.34500000e-04  1.70371650e-07 
 4.34600000e-04  1.59081408e-07 
 4.34700000e-04  1.58704309e-07 
 4.34800000e-04  1.58518759e-07 
 4.34900000e-04  1.58391776e-07 
 4.35000000e-04  1.58325051e-07 
 4.35100000e-04  1.69643264e-07 
 4.35200000e-04  1.69367917e-07 
 4.35300000e-04  1.69281595e-07 
 4.35400000e-04  1.69208757e-07 
 4.35500000e-04  1.69172670e-07 
 4.35600000e-04  1.55380114e-07 
 4.35700000e-04  1.54929627e-07 
 4.35800000e-04  1.54686450e-07 
 4.35900000e-04  1.54505672e-07 
 4.36000000e-04  1.54389106e-07 
 4.36100000e-04  1.70409682e-07 
 4.36200000e-04  1.70224283e-07 
 4.36300000e-04  1.70136048e-07 
 4.36400000e-04  1.70054539e-07 
 4.36500000e-04  1.70019894e-07 
 4.36600000e-04  1.57408989e-07 
 4.36700000e-04  1.57042315e-07 
 4.36800000e-04  1.56849650e-07 
 4.36900000e-04  1.56714447e-07 
 4.37000000e-04  1.56638365e-07 
 4.37100000e-04  1.70170670e-07 
 4.37200000e-04  1.69933991e-07 
 4.37300000e-04  1.69860004e-07 
 4.37400000e-04  1.69798026e-07 
 4.37500000e-04  1.69762984e-07 
 4.37600000e-04  1.55902531e-07 
 4.37700000e-04  1.55482165e-07 
 4.37800000e-04  1.55257117e-07 
 4.37900000e-04  1.55088951e-07 
 4.38000000e-04  1.54979301e-07 
 4.38100000e-04  1.72618319e-07 
 4.38200000e-04  1.72099862e-07 
 4.38300000e-04  1.71926613e-07 
 4.38400000e-04  1.71776651e-07 
 4.38500000e-04  1.71718855e-07 
 4.38600000e-04  1.63002658e-07 
 4.38700000e-04  1.62620540e-07 
 4.38800000e-04  1.62445462e-07 
 4.38900000e-04  1.62334292e-07 
 4.39000000e-04  1.62288892e-07 
 4.39100000e-04  1.69423447e-07 
 4.39200000e-04  1.69022137e-07 
 4.39300000e-04  1.68874618e-07 
 4.39400000e-04  1.68744368e-07 
 4.39500000e-04  1.68671226e-07 
 4.39600000e-04  1.54969355e-07 
 4.39700000e-04  1.54410321e-07 
 4.39800000e-04  1.54150931e-07 
 4.39900000e-04  1.53956236e-07 
 4.40000000e-04  1.53828115e-07 
 4.40100000e-04  1.69838500e-07 
 4.40200000e-04  1.69632880e-07 
 4.40300000e-04  1.69546588e-07 
 4.40400000e-04  1.69469115e-07 
 4.40500000e-04  1.69426247e-07 
 4.40600000e-04  1.56853094e-07 
 4.40700000e-04  1.56483590e-07 
 4.40800000e-04  1.56279794e-07 
 4.40900000e-04  1.56140558e-07 
 4.41000000e-04  1.56067763e-07 
 4.41100000e-04  1.69566942e-07 
 4.41200000e-04  1.69334117e-07 
 4.41300000e-04  1.69255092e-07 
 4.41400000e-04  1.69187188e-07 
 4.41500000e-04  1.69153020e-07 
 4.41600000e-04  1.55322354e-07 
 4.41700000e-04  1.54924132e-07 
 4.41800000e-04  1.54687770e-07 
 4.41900000e-04  1.54509304e-07 
 4.42000000e-04  1.54390399e-07 
 4.42100000e-04  1.70943557e-07 
 4.42200000e-04  1.70629205e-07 
 4.42300000e-04  1.70521000e-07 
 4.42400000e-04  1.70427883e-07 
 4.42500000e-04  1.70382295e-07 
 4.42600000e-04  1.59081717e-07 
 4.42700000e-04  1.58715380e-07 
 4.42800000e-04  1.58523542e-07 
 4.42900000e-04  1.58396771e-07 
 4.43000000e-04  1.58336956e-07 
 4.43100000e-04  1.69657808e-07 
 4.43200000e-04  1.69381426e-07 
 4.43300000e-04  1.69283463e-07 
 4.43400000e-04  1.69197926e-07 
 4.43500000e-04  1.69171899e-07 
 4.43600000e-04  1.55379728e-07 
 4.43700000e-04  1.54931750e-07 
 4.43800000e-04  1.54693943e-07 
 4.43900000e-04  1.54511886e-07 
 4.44000000e-04  1.54387173e-07 
 4.44100000e-04  1.70413594e-07 
 4.44200000e-04  1.70228782e-07 
 4.44300000e-04  1.70138139e-07 
 4.44400000e-04  1.70054087e-07 
 4.44500000e-04  1.70004231e-07 
 4.44600000e-04  1.57431607e-07 
 4.44700000e-04  1.57043597e-07 
 4.44800000e-04  1.56846893e-07 
 4.44900000e-04  1.56713862e-07 
 4.45000000e-04  1.56646347e-07 
 4.45100000e-04  1.70165012e-07 
 4.45200000e-04  1.69949423e-07 
 4.45300000e-04  1.69869902e-07 
 4.45400000e-04  1.69799789e-07 
 4.45500000e-04  1.69749000e-07 
 4.45600000e-04  1.55919542e-07 
 4.45700000e-04  1.55490167e-07 
 4.45800000e-04  1.55275096e-07 
 4.45900000e-04  1.55101255e-07 
 4.46000000e-04  1.54969772e-07 
 4.46100000e-04  1.72069619e-07 
 4.46200000e-04  1.71683828e-07 
 4.46300000e-04  1.71536926e-07 
 4.46400000e-04  1.71405180e-07 
 4.46500000e-04  1.71358877e-07 
 4.46600000e-04  1.61325541e-07 
 4.46700000e-04  1.60972450e-07 
 4.46800000e-04  1.60783390e-07 
 4.46900000e-04  1.60661000e-07 
 4.47000000e-04  1.60607215e-07 
 4.47100000e-04  1.69776650e-07 
 4.47200000e-04  1.69455131e-07 
 4.47300000e-04  1.69342759e-07 
 4.47400000e-04  1.69245178e-07 
 4.47500000e-04  1.69208654e-07 
 4.47600000e-04  1.55449352e-07 
 4.47700000e-04  1.54943371e-07 
 4.47800000e-04  1.54708241e-07 
 4.47900000e-04  1.54530540e-07 
 4.48000000e-04  1.54411911e-07 
 4.48100000e-04  1.70439419e-07 
 4.48200000e-04  1.70231094e-07 
 4.48300000e-04  1.70147879e-07 
 4.48400000e-04  1.70074195e-07 
 4.48500000e-04  1.70031487e-07 
 4.48600000e-04  1.57428305e-07 
 4.48700000e-04  1.57056019e-07 
 4.48800000e-04  1.56866206e-07 
 4.48900000e-04  1.56728011e-07 
 4.49000000e-04  1.56642894e-07 
 4.49100000e-04  1.70181164e-07 
 4.49200000e-04  1.69954337e-07 
 4.49300000e-04  1.69873369e-07 
 4.49400000e-04  1.69802677e-07 
 4.49500000e-04  1.69757961e-07 
 4.49600000e-04  1.55926682e-07 
 4.49700000e-04  1.55490461e-07 
 4.49800000e-04  1.55263656e-07 
 4.49900000e-04  1.55092779e-07 
 4.50000000e-04  1.54979428e-07 
 4.50100000e-04  1.71547564e-07 
 4.50200000e-04  1.71251527e-07 
 4.50300000e-04  1.71139390e-07 
 4.50400000e-04  1.71039757e-07 
 4.50500000e-04  1.70985861e-07 
 4.50600000e-04  1.59685709e-07 
 4.50700000e-04  1.59305462e-07 
 4.50800000e-04  1.59116546e-07 
 4.50900000e-04  1.58985333e-07 
 4.51000000e-04  1.58913469e-07 
 4.51100000e-04  1.70253879e-07 
 4.51200000e-04  1.69993929e-07 
 4.51300000e-04  1.69899529e-07 
 4.51400000e-04  1.69816185e-07 
 4.51500000e-04  1.69779474e-07 
 4.51600000e-04  1.55976762e-07 
 4.51700000e-04  1.55507364e-07 
 4.51800000e-04  1.55276183e-07 
 4.51900000e-04  1.55102942e-07 
 4.52000000e-04  1.54989294e-07 
 4.52100000e-04  1.71036924e-07 
 4.52200000e-04  1.70838110e-07 
 4.52300000e-04  1.70751485e-07 
 4.52400000e-04  1.70673378e-07 
 4.52500000e-04  1.70632373e-07 
 4.52600000e-04  1.58017233e-07 
 4.52700000e-04  1.57624778e-07 
 4.52800000e-04  1.57449174e-07 
 4.52900000e-04  1.57321811e-07 
 4.53000000e-04  1.57244035e-07 
 4.53100000e-04  1.70786946e-07 
 4.53200000e-04  1.70567576e-07 
 4.53300000e-04  1.70487243e-07 
 4.53400000e-04  1.70416330e-07 
 4.53500000e-04  1.70372770e-07 
 4.53600000e-04  1.56494800e-07 
 4.53700000e-04  1.56075433e-07 
 4.53800000e-04  1.55855089e-07 
 4.53900000e-04  1.55688241e-07 
 4.54000000e-04  1.55576224e-07 
 4.54100000e-04  1.77537694e-07 
 4.54200000e-04  1.75784377e-07 
 4.54300000e-04  1.75247985e-07 
 4.54400000e-04  1.75037583e-07 
 4.54500000e-04  1.74932517e-07 
 4.54600000e-04  1.68358119e-07 
 4.54700000e-04  1.67837145e-07 
 4.54800000e-04  1.67586007e-07 
 4.54900000e-04  1.67407636e-07 
 4.55000000e-04  1.67303401e-07 
 4.55100000e-04  1.03756520e-04 
 4.55200000e-04  1.03755382e-04 
 4.55300000e-04  1.03755088e-04 
 4.55400000e-04  1.03754848e-04 
 4.55500000e-04  1.03754754e-04 
 4.55600000e-04  1.03741150e-04 
 4.55700000e-04  1.03740484e-04 
 4.55800000e-04  1.03740208e-04 
 4.55900000e-04  1.03740003e-04 
 4.56000000e-04  1.03739872e-04 
 4.56100000e-04  1.70381791e-07 
 4.56200000e-04  1.70167312e-07 
 4.56300000e-04  1.70074625e-07 
 4.56400000e-04  1.69990110e-07 
 4.56500000e-04  1.69925249e-07 
 4.56600000e-04  1.57344303e-07 
 4.56700000e-04  1.56959691e-07 
 4.56800000e-04  1.56766055e-07 
 4.56900000e-04  1.56634269e-07 
 4.57000000e-04  1.56566106e-07 
 4.57100000e-04  1.70103602e-07 
 4.57200000e-04  1.69864179e-07 
 4.57300000e-04  1.69787056e-07 
 4.57400000e-04  1.69722230e-07 
 4.57500000e-04  1.69688851e-07 
 4.57600000e-04  1.55825080e-07 
 4.57700000e-04  1.55418932e-07 
 4.57800000e-04  1.55188092e-07 
 4.57900000e-04  1.55015071e-07 
 4.58000000e-04  1.54901514e-07 
 4.58100000e-04  1.71486245e-07 
 4.58200000e-04  1.71177716e-07 
 4.58300000e-04  1.71056162e-07 
 4.58400000e-04  1.70947794e-07 
 4.58500000e-04  1.70904304e-07 
 4.58600000e-04  1.59589184e-07 
 4.58700000e-04  1.59219319e-07 
 4.58800000e-04  1.59031339e-07 
 4.58900000e-04  1.58903218e-07 
 4.59000000e-04  1.58836670e-07 
 4.59100000e-04  1.70169633e-07 
 4.59200000e-04  1.69914939e-07 
 4.59300000e-04  1.69819901e-07 
 4.59400000e-04  1.69734975e-07 
 4.59500000e-04  1.69689095e-07 
 4.59600000e-04  1.55865162e-07 
 4.59700000e-04  1.55412782e-07 
 4.59800000e-04  1.55182704e-07 
 4.59900000e-04  1.55007881e-07 
 4.60000000e-04  1.54889875e-07 
 4.60100000e-04  1.70936772e-07 
 4.60200000e-04  1.70747440e-07 
 4.60300000e-04  1.70661811e-07 
 4.60400000e-04  1.70583395e-07 
 4.60500000e-04  1.70527181e-07 
 4.60600000e-04  1.57902390e-07 
 4.60700000e-04  1.57553276e-07 
 4.60800000e-04  1.57358215e-07 
 4.60900000e-04  1.57221991e-07 
 4.61000000e-04  1.57146282e-07 
 4.61100000e-04  1.70701754e-07 
 4.61200000e-04  1.70455607e-07 
 4.61300000e-04  1.70370018e-07 
 4.61400000e-04  1.70296375e-07 
 4.61500000e-04  1.70278667e-07 
 4.61600000e-04  1.56398103e-07 
 4.61700000e-04  1.55984843e-07 
 4.61800000e-04  1.55766865e-07 
 4.61900000e-04  1.55597845e-07 
 4.62000000e-04  1.55479142e-07 
 4.62100000e-04  1.72612507e-07 
 4.62200000e-04  1.72196062e-07 
 4.62300000e-04  1.72055804e-07 
 4.62400000e-04  1.71934800e-07 
 4.62500000e-04  1.71860073e-07 
 4.62600000e-04  1.61817528e-07 
 4.62700000e-04  1.61450516e-07 
 4.62800000e-04  1.61268091e-07 
 4.62900000e-04  1.61144908e-07 
 4.63000000e-04  1.61082653e-07 
 4.63100000e-04  1.70288981e-07 
 4.63200000e-04  1.69989142e-07 
 4.63300000e-04  1.69873889e-07 
 4.63400000e-04  1.69770525e-07 
 4.63500000e-04  1.69722646e-07 
 4.63600000e-04  1.55931023e-07 
 4.63700000e-04  1.55447427e-07 
 4.63800000e-04  1.55196755e-07 
 4.63900000e-04  1.55008110e-07 
 4.64000000e-04  1.54883264e-07 
 4.64100000e-04  1.70943667e-07 
 4.64200000e-04  1.70742388e-07 
 4.64300000e-04  1.70657471e-07 
 4.64400000e-04  1.70581034e-07 
 4.64500000e-04  1.70536815e-07 
 4.64600000e-04  1.57911706e-07 
 4.64700000e-04  1.57550635e-07 
 4.64800000e-04  1.57347159e-07 
 4.64900000e-04  1.57208498e-07 
 4.65000000e-04  1.57136512e-07 
 4.65100000e-04  1.70692973e-07 
 4.65200000e-04  1.70468535e-07 
 4.65300000e-04  1.70377246e-07 
 4.65400000e-04  1.70294854e-07 
 4.65500000e-04  1.70281156e-07 
 4.65600000e-04  1.56388895e-07 
 4.65700000e-04  1.55979240e-07 
 4.65800000e-04  1.55753705e-07 
 4.65900000e-04  1.55582714e-07 
 4.66000000e-04  1.55467806e-07 
 4.66100000e-04  1.72079071e-07 
 4.66200000e-04  1.71769717e-07 
 4.66300000e-04  1.71656334e-07 
 4.66400000e-04  1.71556854e-07 
 4.66500000e-04  1.71515761e-07 
 4.66600000e-04  1.60140901e-07 
 4.66700000e-04  1.59779817e-07 
 4.66800000e-04  1.59601845e-07 
 4.66900000e-04  1.59477100e-07 
 4.67000000e-04  1.59407072e-07 
 4.67100000e-04  1.70777711e-07 
 4.67200000e-04  1.70510971e-07 
 4.67300000e-04  1.70414273e-07 
 4.67400000e-04  1.70328953e-07 
 4.67500000e-04  1.70301256e-07 
 4.67600000e-04  1.56448077e-07 
 4.67700000e-04  1.55994316e-07 
 4.67800000e-04  1.55761307e-07 
 4.67900000e-04  1.55586223e-07 
 4.68000000e-04  1.55470698e-07 
 4.68100000e-04  1.71544513e-07 
 4.68200000e-04  1.71354680e-07 
 4.68300000e-04  1.71267366e-07 
 4.68400000e-04  1.71187215e-07 
 4.68500000e-04  1.71134941e-07 
 4.68600000e-04  1.58495155e-07 
 4.68700000e-04  1.58111033e-07 
 4.68800000e-04  1.57925427e-07 
 4.68900000e-04  1.57796682e-07 
 4.69000000e-04  1.57726404e-07 
 4.69100000e-04  1.71312095e-07 
 4.69200000e-04  1.71074435e-07 
 4.69300000e-04  1.70995690e-07 
 4.69400000e-04  1.70928532e-07 
 4.69500000e-04  1.70886544e-07 
 4.69600000e-04  1.56964696e-07 
 4.69700000e-04  1.56573851e-07 
 4.69800000e-04  1.56353973e-07 
 4.69900000e-04  1.56180619e-07 
 4.70000000e-04  1.56055069e-07 
 4.70100000e-04  1.73749992e-07 
 4.70200000e-04  1.73227643e-07 
 4.70300000e-04  1.73063724e-07 
 4.70400000e-04  1.72924148e-07 
 4.70500000e-04  1.72849015e-07 
 4.70600000e-04  1.64067915e-07 
 4.70700000e-04  1.63708873e-07 
 4.70800000e-04  1.63519269e-07 
 4.70900000e-04  1.63404547e-07 
 4.71000000e-04  1.63366678e-07 
 4.71100000e-04  1.72852465e-07 
 4.71200000e-04  1.71804624e-07 
 4.71300000e-04  1.71445072e-07 
 4.71400000e-04  1.71271322e-07 
 4.71500000e-04  1.71157611e-07 
 4.71600000e-04  1.56893113e-07 
 4.71700000e-04  1.56202450e-07 
 4.71800000e-04  1.55912181e-07 
 4.71900000e-04  1.55699268e-07 
 4.72000000e-04  1.55565161e-07 
 4.72100000e-04  1.03757913e-04 
 4.72200000e-04  1.03757521e-04 
 4.72300000e-04  1.03757396e-04 
 4.72400000e-04  1.03757289e-04 
 4.72500000e-04  1.03757219e-04 
 4.72600000e-04  1.03744601e-04 
 4.72700000e-04  1.03744216e-04 
 4.72800000e-04  1.03744019e-04 
 4.72900000e-04  1.03743882e-04 
 4.73000000e-04  1.03743806e-04 
 4.73100000e-04  1.71887653e-07 
 4.73200000e-04  1.71592637e-07 
 4.73300000e-04  1.71498420e-07 
 4.73400000e-04  1.71419153e-07 
 4.73500000e-04  1.71385051e-07 
 4.73600000e-04  1.57498682e-07 
 4.73700000e-04  1.57059639e-07 
 4.73800000e-04  1.56842975e-07 
 4.73900000e-04  1.56682951e-07 
 4.74000000e-04  1.56581162e-07 
 4.74100000e-04  1.73241329e-07 
 4.74200000e-04  1.72938271e-07 
 4.74300000e-04  1.72810458e-07 
 4.74400000e-04  1.72694226e-07 
 4.74500000e-04  1.72656240e-07 
 4.74600000e-04  1.61232979e-07 
 4.74700000e-04  1.60884234e-07 
 4.74800000e-04  1.60697176e-07 
 4.74900000e-04  1.60576123e-07 
 4.75000000e-04  1.60522760e-07 
 4.75100000e-04  1.73857242e-07 
 4.75200000e-04  1.73185553e-07 
 4.75300000e-04  1.72968238e-07 
 4.75400000e-04  1.72861932e-07 
 4.75500000e-04  1.72791496e-07 
 4.75600000e-04  1.58379803e-07 
 4.75700000e-04  1.57782725e-07 
 4.75800000e-04  1.57514051e-07 
 4.75900000e-04  1.57322082e-07 
 4.76000000e-04  1.57208252e-07 
 4.76100000e-04  1.03759653e-04 
 4.76200000e-04  1.03759240e-04 
 4.76300000e-04  1.03759107e-04 
 4.76400000e-04  1.03758994e-04 
 4.76500000e-04  1.03758952e-04 
 4.76600000e-04  1.03746254e-04 
 4.76700000e-04  1.03745861e-04 
 4.76800000e-04  1.03745673e-04 
 4.76900000e-04  1.03745545e-04 
 4.77000000e-04  1.03745480e-04 
 4.77100000e-04  1.73628802e-07 
 4.77200000e-04  1.73339856e-07 
 4.77300000e-04  1.73240985e-07 
 4.77400000e-04  1.73155568e-07 
 4.77500000e-04  1.73125678e-07 
 4.77600000e-04  1.59157143e-07 
 4.77700000e-04  1.58730596e-07 
 4.77800000e-04  1.58518074e-07 
 4.77900000e-04  1.58353759e-07 
 4.78000000e-04  1.58238972e-07 
 4.78100000e-04  1.75517955e-07 
 4.78200000e-04  1.75095012e-07 
 4.78300000e-04  1.74943790e-07 
 4.78400000e-04  1.74810899e-07 
 4.78500000e-04  1.74752021e-07 
 4.78600000e-04  1.64572930e-07 
 4.78700000e-04  1.64204554e-07 
 4.78800000e-04  1.64034308e-07 
 4.78900000e-04  1.63925972e-07 
 4.79000000e-04  1.63881300e-07 
 4.79100000e-04  1.73216238e-07 
 4.79200000e-04  1.72899291e-07 
 4.79300000e-04  1.72774796e-07 
 4.79400000e-04  1.72663135e-07 
 4.79500000e-04  1.72614946e-07 
 4.79600000e-04  1.58673772e-07 
 4.79700000e-04  1.58196450e-07 
 4.79800000e-04  1.57965872e-07 
 4.79900000e-04  1.57786659e-07 
 4.80000000e-04  1.57660235e-07 
 4.80100000e-04  1.73882438e-07 
 4.80200000e-04  1.73661550e-07 
 4.80300000e-04  1.73563107e-07 
 4.80400000e-04  1.73473730e-07 
 4.80500000e-04  1.73432448e-07 
 4.80600000e-04  1.60643628e-07 
 4.80700000e-04  1.60280023e-07 
 4.80800000e-04  1.60107315e-07 
 4.80900000e-04  1.59981189e-07 
 4.81000000e-04  1.59902910e-07 
 4.81100000e-04  1.73631313e-07 
 4.81200000e-04  1.73366611e-07 
 4.81300000e-04  1.73278927e-07 
 4.81400000e-04  1.73204706e-07 
 4.81500000e-04  1.73168907e-07 
 4.81600000e-04  1.59120001e-07 
 4.81700000e-04  1.58735634e-07 
 4.81800000e-04  1.58511814e-07 
 4.81900000e-04  1.58344881e-07 
 4.82000000e-04  1.58236425e-07 
 4.82100000e-04  1.74987840e-07 
 4.82200000e-04  1.74665954e-07 
 4.82300000e-04  1.74548487e-07 
 4.82400000e-04  1.74445249e-07 
 4.82500000e-04  1.74381028e-07 
 4.82600000e-04  1.62888615e-07 
 4.82700000e-04  1.62535918e-07 
 4.82800000e-04  1.62365502e-07 
 4.82900000e-04  1.62246799e-07 
 4.83000000e-04  1.62181237e-07 
 4.83100000e-04  1.73696365e-07 
 4.83200000e-04  1.73421432e-07 
 4.83300000e-04  1.73318828e-07 
 4.83400000e-04  1.73227415e-07 
 4.83500000e-04  1.73177178e-07 
 4.83600000e-04  1.59166000e-07 
 4.83700000e-04  1.58748237e-07 
 4.83800000e-04  1.58512704e-07 
 4.83900000e-04  1.58344264e-07 
 4.84000000e-04  1.58244834e-07 
 4.84100000e-04  1.74474494e-07 
 4.84200000e-04  1.74268727e-07 
 4.84300000e-04  1.74169760e-07 
 4.84400000e-04  1.74078670e-07 
 4.84500000e-04  1.74019850e-07 
 4.84600000e-04  1.61222229e-07 
 4.84700000e-04  1.60861405e-07 
 4.84800000e-04  1.60692761e-07 
 4.84900000e-04  1.60572448e-07 
 4.85000000e-04  1.60501788e-07 
 4.85100000e-04  1.74229273e-07 
 4.85200000e-04  1.73977646e-07 
 4.85300000e-04  1.73883891e-07 
 4.85400000e-04  1.73801552e-07 
 4.85500000e-04  1.73763617e-07 
 4.85600000e-04  1.59696117e-07 
 4.85700000e-04  1.59303581e-07 
 4.85800000e-04  1.59092438e-07 
 4.85900000e-04  1.58930123e-07 
 4.86000000e-04  1.58817969e-07 
 4.86100000e-04  1.77197208e-07 
 4.86200000e-04  1.76560902e-07 
 4.86300000e-04  1.76357584e-07 
 4.86400000e-04  1.76182923e-07 
 4.86500000e-04  1.76098947e-07 
 4.86600000e-04  1.68445277e-07 
 4.86700000e-04  1.68108375e-07 
 4.86800000e-04  1.67939092e-07 
 4.86900000e-04  1.67840347e-07 
 4.87000000e-04  1.67814157e-07 
 4.87100000e-04  1.73513059e-07 
 4.87200000e-04  1.72675985e-07 
 4.87300000e-04  1.72419014e-07 
 4.87400000e-04  1.72201845e-07 
 4.87500000e-04  1.72115628e-07 
 4.87600000e-04  1.58234178e-07 
 4.87700000e-04  1.57669053e-07 
 4.87800000e-04  1.57412718e-07 
 4.87900000e-04  1.57222105e-07 
 4.88000000e-04  1.57099084e-07 
 4.88100000e-04  1.73283777e-07 
 4.88200000e-04  1.73073591e-07 
 4.88300000e-04  1.72977416e-07 
 4.88400000e-04  1.72889178e-07 
 4.88500000e-04  1.72829329e-07 
 4.88600000e-04  1.60056304e-07 
 4.88700000e-04  1.59707134e-07 
 4.88800000e-04  1.59528948e-07 
 4.88900000e-04  1.59403069e-07 
 4.89000000e-04  1.59331206e-07 
 4.89100000e-04  1.73156676e-07 
 4.89200000e-04  1.72813324e-07 
 4.89300000e-04  1.72680002e-07 
 4.89400000e-04  1.72613773e-07 
 4.89500000e-04  1.72549177e-07 
 4.89600000e-04  1.58557050e-07 
 4.89700000e-04  1.58151233e-07 
 4.89800000e-04  1.57930561e-07 
 4.89900000e-04  1.57766714e-07 
 4.90000000e-04  1.57661304e-07 
 4.90100000e-04  1.74371658e-07 
 4.90200000e-04  1.74055731e-07 
 4.90300000e-04  1.73933559e-07 
 4.90400000e-04  1.73825106e-07 
 4.90500000e-04  1.73774461e-07 
 4.90600000e-04  1.62310362e-07 
 4.90700000e-04  1.61954794e-07 
 4.90800000e-04  1.61768147e-07 
 4.90900000e-04  1.61645947e-07 
 4.91000000e-04  1.61590073e-07 
 4.91100000e-04  1.73080327e-07 
 4.91200000e-04  1.72805974e-07 
 4.91300000e-04  1.72698423e-07 
 4.91400000e-04  1.72601754e-07 
 4.91500000e-04  1.72559454e-07 
 4.91600000e-04  1.58580757e-07 
 4.91700000e-04  1.58142222e-07 
 4.91800000e-04  1.57917367e-07 
 4.91900000e-04  1.57754919e-07 
 4.92000000e-04  1.57656718e-07 
 4.92100000e-04  1.73840191e-07 
 4.92200000e-04  1.73640547e-07 
 4.92300000e-04  1.73543085e-07 
 4.92400000e-04  1.73452444e-07 
 4.92500000e-04  1.73404178e-07 
 4.92600000e-04  1.60627041e-07 
 4.92700000e-04  1.60276824e-07 
 4.92800000e-04  1.60098311e-07 
 4.92900000e-04  1.59973908e-07 
 4.93000000e-04  1.59905213e-07 
 4.93100000e-04  1.73610676e-07 
 4.93200000e-04  1.73351212e-07 
 4.93300000e-04  1.73256866e-07 
 4.93400000e-04  1.73174954e-07 
 4.93500000e-04  1.73140357e-07 
 4.93600000e-04  1.59112602e-07 
 4.93700000e-04  1.58728483e-07 
 4.93800000e-04  1.58513696e-07 
 4.93900000e-04  1.58349695e-07 
 4.94000000e-04  1.58238115e-07 
 4.94100000e-04  1.75946214e-07 
 4.94200000e-04  1.75290135e-07 
 4.94300000e-04  1.75090539e-07 
 4.94400000e-04  1.75014855e-07 
 4.94500000e-04  1.74967067e-07 
 4.94600000e-04  1.64833025e-07 
 4.94700000e-04  1.64491018e-07 
 4.94800000e-04  1.64296470e-07 
 4.94900000e-04  1.64154921e-07 
 4.95000000e-04  1.64067977e-07 
 4.95100000e-04  1.73200361e-07 
 4.95200000e-04  1.72874607e-07 
 4.95300000e-04  1.72764313e-07 
 4.95400000e-04  1.72668745e-07 
 4.95500000e-04  1.72612158e-07 
 4.95600000e-04  1.58660984e-07 
 4.95700000e-04  1.58177295e-07 
 4.95800000e-04  1.57940852e-07 
 4.95900000e-04  1.57766776e-07 
 4.96000000e-04  1.57656984e-07 
 4.96100000e-04  1.73852397e-07 
 4.96200000e-04  1.73644834e-07 
 4.96300000e-04  1.73555946e-07 
 4.96400000e-04  1.73475633e-07 
 4.96500000e-04  1.73417477e-07 
 4.96600000e-04  1.60627504e-07 
 4.96700000e-04  1.60278475e-07 
 4.96800000e-04  1.60099245e-07 
 4.96900000e-04  1.59971379e-07 
 4.97000000e-04  1.59896462e-07 
 4.97100000e-04  1.73612292e-07 
 4.97200000e-04  1.73373871e-07 
 4.97300000e-04  1.73272888e-07 
 4.97400000e-04  1.73181114e-07 
 4.97500000e-04  1.73149961e-07 
 4.97600000e-04  1.59127461e-07 
 4.97700000e-04  1.58726881e-07 
 4.97800000e-04  1.58511358e-07 
 4.97900000e-04  1.58345749e-07 
 4.98000000e-04  1.58231618e-07 
 4.98100000e-04  1.74984028e-07 
 4.98200000e-04  1.74665336e-07 
 4.98300000e-04  1.74547326e-07 
 4.98400000e-04  1.74443038e-07 
 4.98500000e-04  1.74377562e-07 
 4.98600000e-04  1.62867572e-07 
 4.98700000e-04  1.62539756e-07 
 4.98800000e-04  1.62358945e-07 
 4.98900000e-04  1.62238164e-07 
 4.99000000e-04  1.62179317e-07 
 4.99100000e-04  1.73700758e-07 
 4.99200000e-04  1.73398800e-07 
 4.99300000e-04  1.73294806e-07 
 4.99400000e-04  1.73205047e-07 
 4.99500000e-04  1.73178981e-07 
 4.99600000e-04  1.59171672e-07 
 4.99700000e-04  1.58734780e-07 
 4.99800000e-04  1.58518624e-07 
 4.99900000e-04  1.58350741e-07 
 5.00000000e-04  1.58232661e-07 
 5.00100000e-04  1.74472462e-07 
 5.00200000e-04  1.74263285e-07 
 5.00300000e-04  1.74169126e-07 
 5.00400000e-04  1.74083346e-07 
 5.00500000e-04  1.74013798e-07 
 5.00600000e-04  1.61198715e-07 
 5.00700000e-04  1.60874485e-07 
 5.00800000e-04  1.60683627e-07 
 5.00900000e-04  1.60555833e-07 
 5.01000000e-04  1.60493106e-07 
 5.01100000e-04  1.74221728e-07 
 5.01200000e-04  1.73979335e-07 
 5.01300000e-04  1.73887430e-07 
 5.01400000e-04  1.73806277e-07 
 5.01500000e-04  1.73763589e-07 
 5.01600000e-04  1.59696316e-07 
 5.01700000e-04  1.59315153e-07 
 5.01800000e-04  1.59109031e-07 
 5.01900000e-04  1.58949721e-07 
 5.02000000e-04  1.58838707e-07 
 5.02100000e-04  1.76682431e-07 
 5.02200000e-04  1.76131614e-07 
 5.02300000e-04  1.75956627e-07 
 5.02400000e-04  1.75807760e-07 
 5.02500000e-04  1.75735294e-07 
 5.02600000e-04  1.66779170e-07 
 5.02700000e-04  1.66442919e-07 
 5.02800000e-04  1.66279879e-07 
 5.02900000e-04  1.66173114e-07 
 5.03000000e-04  1.66124407e-07 
 5.03100000e-04  1.73498038e-07 
 5.03200000e-04  1.73069552e-07 
 5.03300000e-04  1.72902052e-07 
 5.03400000e-04  1.72752813e-07 
 5.03500000e-04  1.72691143e-07 
 5.03600000e-04  1.58761102e-07 
 5.03700000e-04  1.58250566e-07 
 5.03800000e-04  1.58001332e-07 
 5.03900000e-04  1.57815689e-07 
 5.04000000e-04  1.57695654e-07 
 5.04100000e-04  1.73902862e-07 
 5.04200000e-04  1.73688388e-07 
 5.04300000e-04  1.73579198e-07 
 5.04400000e-04  1.73477788e-07 
 5.04500000e-04  1.73429982e-07 
 5.04600000e-04  1.60648537e-07 
 5.04700000e-04  1.60286042e-07 
 5.04800000e-04  1.60120372e-07 
 5.04900000e-04  1.59993713e-07 
 5.05000000e-04  1.59907302e-07 
 5.05100000e-04  1.73615571e-07 
 5.05200000e-04  1.73375976e-07 
 5.05300000e-04  1.73278704e-07 
 5.05400000e-04  1.73191383e-07 
 5.05500000e-04  1.73160464e-07 
 5.05600000e-04  1.59119068e-07 
 5.05700000e-04  1.58734080e-07 
 5.05800000e-04  1.58512576e-07 
 5.05900000e-04  1.58347982e-07 
 5.06000000e-04  1.58242101e-07 
 5.06100000e-04  1.75010370e-07 
 5.06200000e-04  1.74674014e-07 
 5.06300000e-04  1.74552705e-07 
 5.06400000e-04  1.74447160e-07 
 5.06500000e-04  1.74382976e-07 
 5.06600000e-04  1.62877329e-07 
 5.06700000e-04  1.62525165e-07 
 5.06800000e-04  1.62347939e-07 
 5.06900000e-04  1.62229271e-07 
 5.07000000e-04  1.62171016e-07 
 5.07100000e-04  1.73698019e-07 
 5.07200000e-04  1.73412301e-07 
 5.07300000e-04  1.73316835e-07 
 5.07400000e-04  1.73234495e-07 
 5.07500000e-04  1.73173300e-07 
 5.07600000e-04  1.59178419e-07 
 5.07700000e-04  1.58732291e-07 
 5.07800000e-04  1.58517525e-07 
 5.07900000e-04  1.58351446e-07 
 5.08000000e-04  1.58235596e-07 
 5.08100000e-04  1.74471142e-07 
 5.08200000e-04  1.74270495e-07 
 5.08300000e-04  1.74169946e-07 
 5.08400000e-04  1.74076038e-07 
 5.08500000e-04  1.74018375e-07 
 5.08600000e-04  1.61199687e-07 
 5.08700000e-04  1.60873631e-07 
 5.08800000e-04  1.60687914e-07 
 5.08900000e-04  1.60561128e-07 
 5.09000000e-04  1.60495142e-07 
 5.09100000e-04  1.74234781e-07 
 5.09200000e-04  1.73987258e-07 
 5.09300000e-04  1.73890907e-07 
 5.09400000e-04  1.73805541e-07 
 5.09500000e-04  1.73760416e-07 
 5.09600000e-04  1.59697167e-07 
 5.09700000e-04  1.59317915e-07 
 5.09800000e-04  1.59107777e-07 
 5.09900000e-04  1.58946580e-07 
 5.10000000e-04  1.58835878e-07 
 5.10100000e-04  1.76139428e-07 
 5.10200000e-04  1.75709746e-07 
 5.10300000e-04  1.75563187e-07 
 5.10400000e-04  1.75436050e-07 
 5.10500000e-04  1.75355679e-07 
 5.10600000e-04  1.65140099e-07 
 5.10700000e-04  1.64773404e-07 
 5.10800000e-04  1.64606856e-07 
 5.10900000e-04  1.64499368e-07 
 5.11000000e-04  1.64452816e-07 
 5.11100000e-04  1.73821574e-07 
 5.11200000e-04  1.73500875e-07 
 5.11300000e-04  1.73378585e-07 
 5.11400000e-04  1.73269296e-07 
 5.11500000e-04  1.73229412e-07 
 5.11600000e-04  1.59241729e-07 
 5.11700000e-04  1.58770122e-07 
 5.11800000e-04  1.58538388e-07 
 5.11900000e-04  1.58364650e-07 
 5.12000000e-04  1.58250747e-07 
 5.12100000e-04  1.74486829e-07 
 5.12200000e-04  1.74269277e-07 
 5.12300000e-04  1.74168488e-07 
 5.12400000e-04  1.74075979e-07 
 5.12500000e-04  1.74051795e-07 
 5.12600000e-04  1.61221818e-07 
 5.12700000e-04  1.60871866e-07 
 5.12800000e-04  1.60696835e-07 
 5.12900000e-04  1.60572902e-07 
 5.13000000e-04  1.60501690e-07 
 5.13100000e-04  1.74247611e-07 
 5.13200000e-04  1.73996038e-07 
 5.13300000e-04  1.73897388e-07 
 5.13400000e-04  1.73809643e-07 
 5.13500000e-04  1.73771600e-07 
 5.13600000e-04  1.59693106e-07 
 5.13700000e-04  1.59320346e-07 
 5.13800000e-04  1.59108960e-07 
 5.13900000e-04  1.58949607e-07 
 5.14000000e-04  1.58843936e-07 
 5.14100000e-04  1.75622580e-07 
 5.14200000e-04  1.75293731e-07 
 5.14300000e-04  1.75169259e-07 
 5.14400000e-04  1.75059124e-07 
 5.14500000e-04  1.75003491e-07 
 5.14600000e-04  1.63457171e-07 
 5.14700000e-04  1.63114810e-07 
 5.14800000e-04  1.62950992e-07 
 5.14900000e-04  1.62836147e-07 
 5.15000000e-04  1.62771829e-07 
 5.15100000e-04  1.74329455e-07 
 5.15200000e-04  1.74040410e-07 
 5.15300000e-04  1.73933071e-07 
 5.15400000e-04  1.73838396e-07 
 5.15500000e-04  1.73788396e-07 
 5.15600000e-04  1.59761781e-07 
 5.15700000e-04  1.59321601e-07 
 5.15800000e-04  1.59103019e-07 
 5.15900000e-04  1.58936806e-07 
 5.16000000e-04  1.58824620e-07 
 5.16100000e-04  1.75086327e-07 
 5.16200000e-04  1.74888568e-07 
 5.16300000e-04  1.74788079e-07 
 5.16400000e-04  1.74694208e-07 
 5.16500000e-04  1.74646867e-07 
 5.16600000e-04  1.61793272e-07 
 5.16700000e-04  1.61457888e-07 
 5.16800000e-04  1.61284087e-07 
 5.16900000e-04  1.61162750e-07 
 5.17000000e-04  1.61095539e-07 
 5.17100000e-04  1.74853042e-07 
 5.17200000e-04  1.74598023e-07 
 5.17300000e-04  1.74499870e-07 
 5.17400000e-04  1.74413131e-07 
 5.17500000e-04  1.74381167e-07 
 5.17600000e-04  1.60292203e-07 
 5.17700000e-04  1.59908274e-07 
 5.17800000e-04  1.59685717e-07 
 5.17900000e-04  1.59527784e-07 
 5.18000000e-04  1.59436526e-07 
 5.18100000e-04  1.88940852e-07 
 5.18200000e-04  1.86324139e-07 
 5.18300000e-04  1.85520457e-07 
 5.18400000e-04  1.85271592e-07 
 5.18500000e-04  1.85022727e-07 
 5.18600000e-04  1.75732415e-07 
 5.18700000e-04  1.74615650e-07 
 5.18800000e-04  1.74285631e-07 
 5.18900000e-04  1.74071908e-07 
 5.19000000e-04  1.73976577e-07 
 5.19100000e-04  1.71284431e-07 
 5.19200000e-04  1.70507718e-07 
 5.19300000e-04  1.70299614e-07 
 5.19400000e-04  1.70128082e-07 
 5.19500000e-04  1.70052609e-07 
 5.19600000e-04  1.57648166e-07 
 5.19700000e-04  1.56967475e-07 
 5.19800000e-04  1.56706844e-07 
 5.19900000e-04 -0.00000000e+00 
 5.20000000e-04  1.56574495e-07 
