 time            -i(vdd)        
 2.60000000e-04 -1.26577369e-04 
 2.60100000e-04  1.83721364e-07 
 2.60200000e-04  1.75016125e-07 
 2.60300000e-04  1.72693539e-07 
 2.60400000e-04  1.70735456e-07 
 2.60500000e-04  1.70077214e-07 
 2.60600000e-04  1.76681010e-07 
 2.60700000e-04  1.75910939e-07 
 2.60800000e-04  1.75485143e-07 
 2.60900000e-04  1.75139016e-07 
 2.61000000e-04  1.74874288e-07 
 2.61100000e-04  1.56453054e-07 
 2.61200000e-04  1.54079938e-07 
 2.61300000e-04  1.53473565e-07 
 2.61400000e-04  1.52983921e-07 
 2.61500000e-04  1.52783795e-07 
 2.61600000e-04  1.38890087e-07 
 2.61700000e-04  1.37639096e-07 
 2.61800000e-04  1.37194465e-07 
 2.61900000e-04  1.36877311e-07 
 2.62000000e-04  1.36691677e-07 
 2.62100000e-04  1.61885724e-07 
 2.62200000e-04  1.60618101e-07 
 2.62300000e-04  1.60334925e-07 
 2.62400000e-04  1.60129768e-07 
 2.62500000e-04  1.60041576e-07 
 2.62600000e-04  1.48509456e-07 
 2.62700000e-04  1.47919839e-07 
 2.62800000e-04  1.47634924e-07 
 2.62900000e-04  1.47420858e-07 
 2.63000000e-04  1.47279156e-07 
 2.63100000e-04  1.99993516e-07 
 2.63200000e-04  1.94211947e-07 
 2.63300000e-04  1.92919298e-07 
 2.63400000e-04  1.91921736e-07 
 2.63500000e-04  1.91647259e-07 
 2.63600000e-04  1.78202147e-07 
 2.63700000e-04  1.77566750e-07 
 2.63800000e-04  1.77242740e-07 
 2.63900000e-04  1.76996882e-07 
 2.64000000e-04  1.76831655e-07 
 2.64100000e-04  1.72661062e-07 
 2.64200000e-04  1.68076852e-07 
 2.64300000e-04  1.67029988e-07 
 2.64400000e-04  1.66213661e-07 
 2.64500000e-04  1.65973139e-07 
 2.64600000e-04  1.53759448e-07 
 2.64700000e-04  1.53116132e-07 
 2.64800000e-04  1.52809778e-07 
 2.64900000e-04  1.52585642e-07 
 2.65000000e-04  1.52446329e-07 
 2.65100000e-04  1.66019831e-07 
 2.65200000e-04  1.65523672e-07 
 2.65300000e-04  1.65366721e-07 
 2.65400000e-04  1.65232460e-07 
 2.65500000e-04  1.65176472e-07 
 2.65600000e-04  1.51598556e-07 
 2.65700000e-04  1.51139751e-07 
 2.65800000e-04  1.50914015e-07 
 2.65900000e-04  1.50742846e-07 
 2.66000000e-04  1.50627969e-07 
 2.66100000e-04  1.66993814e-07 
 2.66200000e-04  1.66740356e-07 
 2.66300000e-04  1.66642205e-07 
 2.66400000e-04  1.66553897e-07 
 2.66500000e-04  1.66493406e-07 
 2.66600000e-04  1.55442682e-07 
 2.66700000e-04  1.55020537e-07 
 2.66800000e-04  1.54813572e-07 
 2.66900000e-04  1.54667701e-07 
 2.67000000e-04  1.54584857e-07 
 2.67100000e-04  1.66084004e-07 
 2.67200000e-04  1.65566306e-07 
 2.67300000e-04  1.65412445e-07 
 2.67400000e-04  1.65281400e-07 
 2.67500000e-04  1.65221685e-07 
 2.67600000e-04  1.51670528e-07 
 2.67700000e-04  1.51178453e-07 
 2.67800000e-04  1.50916340e-07 
 2.67900000e-04  1.50718957e-07 
 2.68000000e-04  1.50588349e-07 
 2.68100000e-04  1.66385055e-07 
 2.68200000e-04  1.66213121e-07 
 2.68300000e-04  1.66134307e-07 
 2.68400000e-04  1.66062016e-07 
 2.68500000e-04  1.66035004e-07 
 2.68600000e-04  1.53646979e-07 
 2.68700000e-04  1.53248183e-07 
 2.68800000e-04  1.53043986e-07 
 2.68900000e-04  1.52895145e-07 
 2.69000000e-04  1.52803407e-07 
 2.69100000e-04  1.66135529e-07 
 2.69200000e-04  1.65904913e-07 
 2.69300000e-04  1.65833157e-07 
 2.69400000e-04  1.65773362e-07 
 2.69500000e-04  1.65754984e-07 
 2.69600000e-04  1.52108522e-07 
 2.69700000e-04  1.51662469e-07 
 2.69800000e-04  1.51423494e-07 
 2.69900000e-04  1.51246520e-07 
 2.70000000e-04  1.51133507e-07 
 2.70100000e-04  1.68003523e-07 
 2.70200000e-04  1.67640785e-07 
 2.70300000e-04  1.67507661e-07 
 2.70400000e-04  1.67389041e-07 
 2.70500000e-04  1.67320746e-07 
 2.70600000e-04  1.57535865e-07 
 2.70700000e-04  1.57129350e-07 
 2.70800000e-04  1.56923705e-07 
 2.70900000e-04  1.56784679e-07 
 2.71000000e-04  1.56714375e-07 
 2.71100000e-04  1.66103733e-07 
 2.71200000e-04  1.65545181e-07 
 2.71300000e-04  1.65377837e-07 
 2.71400000e-04  1.65234934e-07 
 2.71500000e-04  1.65193161e-07 
 2.71600000e-04  1.51645174e-07 
 2.71700000e-04  1.51108041e-07 
 2.71800000e-04  1.50843608e-07 
 2.71900000e-04  1.50643406e-07 
 2.72000000e-04  1.50509463e-07 
 2.72100000e-04  1.66322349e-07 
 2.72200000e-04  1.66149739e-07 
 2.72300000e-04  1.66075334e-07 
 2.72400000e-04  1.66008012e-07 
 2.72500000e-04  1.65970702e-07 
 2.72600000e-04  1.53593075e-07 
 2.72700000e-04  1.53188201e-07 
 2.72800000e-04  1.52984612e-07 
 2.72900000e-04  1.52831122e-07 
 2.73000000e-04  1.52729307e-07 
 2.73100000e-04  1.66060813e-07 
 2.73200000e-04  1.65856496e-07 
 2.73300000e-04  1.65793660e-07 
 2.73400000e-04  1.65740940e-07 
 2.73500000e-04  1.65689391e-07 
 2.73600000e-04  1.52061449e-07 
 2.73700000e-04  1.51619942e-07 
 2.73800000e-04  1.51388426e-07 
 2.73900000e-04  1.51201197e-07 
 2.74000000e-04  1.51059650e-07 
 2.74100000e-04  1.67433551e-07 
 2.74200000e-04  1.67157717e-07 
 2.74300000e-04  1.67060353e-07 
 2.74400000e-04  1.66974978e-07 
 2.74500000e-04  1.66919550e-07 
 2.74600000e-04  1.55806993e-07 
 2.74700000e-04  1.55431478e-07 
 2.74800000e-04  1.55217504e-07 
 2.74900000e-04  1.55071013e-07 
 2.75000000e-04  1.54994133e-07 
 2.75100000e-04  1.66138154e-07 
 2.75200000e-04  1.65906484e-07 
 2.75300000e-04  1.65816996e-07 
 2.75400000e-04  1.65736596e-07 
 2.75500000e-04  1.65705406e-07 
 2.75600000e-04  1.52105358e-07 
 2.75700000e-04  1.51635007e-07 
 2.75800000e-04  1.51384222e-07 
 2.75900000e-04  1.51193957e-07 
 2.76000000e-04  1.51066120e-07 
 2.76100000e-04  1.66898937e-07 
 2.76200000e-04  1.66722781e-07 
 2.76300000e-04  1.66647324e-07 
 2.76400000e-04  1.66579032e-07 
 2.76500000e-04  1.66555481e-07 
 2.76600000e-04  1.54137540e-07 
 2.76700000e-04  1.53756701e-07 
 2.76800000e-04  1.53549243e-07 
 2.76900000e-04  1.53403832e-07 
 2.77000000e-04  1.53322421e-07 
 2.77100000e-04  1.66668102e-07 
 2.77200000e-04  1.66447925e-07 
 2.77300000e-04  1.66378129e-07 
 2.77400000e-04  1.66319548e-07 
 2.77500000e-04  1.66280813e-07 
 2.77600000e-04  1.52623170e-07 
 2.77700000e-04  1.52190084e-07 
 2.77800000e-04  1.51962039e-07 
 2.77900000e-04  1.51782203e-07 
 2.78000000e-04  1.51652092e-07 
 2.78100000e-04  1.69094216e-07 
 2.78200000e-04  1.68604434e-07 
 2.78300000e-04  1.68449265e-07 
 2.78400000e-04  1.68316196e-07 
 2.78500000e-04  1.68255644e-07 
 2.78600000e-04  1.59710923e-07 
 2.78700000e-04  1.59316479e-07 
 2.78800000e-04  1.59124512e-07 
 2.78900000e-04  1.58997716e-07 
 2.79000000e-04  1.58938146e-07 
 2.79100000e-04  1.66276200e-07 
 2.79200000e-04  1.65621833e-07 
 2.79300000e-04  1.65432022e-07 
 2.79400000e-04  1.65272348e-07 
 2.79500000e-04  1.65196357e-07 
 2.79600000e-04  1.51665997e-07 
 2.79700000e-04  1.51112457e-07 
 2.79800000e-04  1.50841283e-07 
 2.79900000e-04  1.50632450e-07 
 2.80000000e-04  1.50487915e-07 
 2.80100000e-04  1.66314483e-07 
 2.80200000e-04  1.66135066e-07 
 2.80300000e-04  1.66059983e-07 
 2.80400000e-04  1.65992408e-07 
 2.80500000e-04  1.65954195e-07 
 2.80600000e-04  1.53555484e-07 
 2.80700000e-04  1.53166990e-07 
 2.80800000e-04  1.52962223e-07 
 2.80900000e-04  1.52814723e-07 
 2.81000000e-04  1.52726289e-07 
 2.81100000e-04  1.66042348e-07 
 2.81200000e-04  1.65838132e-07 
 2.81300000e-04  1.65764274e-07 
 2.81400000e-04  1.65699156e-07 
 2.81500000e-04  1.65680994e-07 
 2.81600000e-04  1.52029623e-07 
 2.81700000e-04  1.51582177e-07 
 2.81800000e-04  1.51348077e-07 
 2.81900000e-04  1.51173814e-07 
 2.82000000e-04  1.51061268e-07 
 2.82100000e-04  1.67416935e-07 
 2.82200000e-04  1.67139461e-07 
 2.82300000e-04  1.67037815e-07 
 2.82400000e-04  1.66948033e-07 
 2.82500000e-04  1.66903659e-07 
 2.82600000e-04  1.55801079e-07 
 2.82700000e-04  1.55402892e-07 
 2.82800000e-04  1.55203056e-07 
 2.82900000e-04  1.55065156e-07 
 2.83000000e-04  1.54991138e-07 
 2.83100000e-04  1.66116415e-07 
 2.83200000e-04  1.65885223e-07 
 2.83300000e-04  1.65791984e-07 
 2.83400000e-04  1.65707504e-07 
 2.83500000e-04  1.65684929e-07 
 2.83600000e-04  1.52090842e-07 
 2.83700000e-04  1.51596633e-07 
 2.83800000e-04  1.51349247e-07 
 2.83900000e-04  1.51167418e-07 
 2.84000000e-04  1.51053202e-07 
 2.84100000e-04  1.66876498e-07 
 2.84200000e-04  1.66718311e-07 
 2.84300000e-04  1.66637953e-07 
 2.84400000e-04  1.66562678e-07 
 2.84500000e-04  1.66533448e-07 
 2.84600000e-04  1.54134599e-07 
 2.84700000e-04  1.53742135e-07 
 2.84800000e-04  1.53534190e-07 
 2.84900000e-04  1.53381512e-07 
 2.85000000e-04  1.53285830e-07 
 2.85100000e-04  1.66644539e-07 
 2.85200000e-04  1.66437379e-07 
 2.85300000e-04  1.66363878e-07 
 2.85400000e-04  1.66299473e-07 
 2.85500000e-04  1.66282226e-07 
 2.85600000e-04  1.52612438e-07 
 2.85700000e-04  1.52173455e-07 
 2.85800000e-04  1.51939392e-07 
 2.85900000e-04  1.51760537e-07 
 2.86000000e-04  1.51638618e-07 
 2.86100000e-04  1.68550274e-07 
 2.86200000e-04  1.68163702e-07 
 2.86300000e-04  1.68033462e-07 
 2.86400000e-04  1.67920206e-07 
 2.86500000e-04  1.67872255e-07 
 2.86600000e-04  1.58032045e-07 
 2.86700000e-04  1.57648265e-07 
 2.86800000e-04  1.57452092e-07 
 2.86900000e-04  1.57321298e-07 
 2.87000000e-04  1.57257933e-07 
 2.87100000e-04  1.66228815e-07 
 2.87200000e-04  1.65963881e-07 
 2.87300000e-04  1.65861916e-07 
 2.87400000e-04  1.65769968e-07 
 2.87500000e-04  1.65735709e-07 
 2.87600000e-04  1.52162688e-07 
 2.87700000e-04  1.51626917e-07 
 2.87800000e-04  1.51381749e-07 
 2.87900000e-04  1.51189782e-07 
 2.88000000e-04  1.51052678e-07 
 2.88100000e-04  1.66897847e-07 
 2.88200000e-04  1.66726967e-07 
 2.88300000e-04  1.66655008e-07 
 2.88400000e-04  1.66590104e-07 
 2.88500000e-04  1.66537835e-07 
 2.88600000e-04  1.54131919e-07 
 2.88700000e-04  1.53746033e-07 
 2.88800000e-04  1.53535699e-07 
 2.88900000e-04  1.53387915e-07 
 2.89000000e-04  1.53304642e-07 
 2.89100000e-04  1.66649219e-07 
 2.89200000e-04  1.66441352e-07 
 2.89300000e-04  1.66369975e-07 
 2.89400000e-04  1.66308225e-07 
 2.89500000e-04  1.66286098e-07 
 2.89600000e-04  1.52617095e-07 
 2.89700000e-04  1.52174684e-07 
 2.89800000e-04  1.51938048e-07 
 2.89900000e-04  1.51758500e-07 
 2.90000000e-04  1.51637822e-07 
 2.90100000e-04  1.68022763e-07 
 2.90200000e-04  1.67737552e-07 
 2.90300000e-04  1.67643564e-07 
 2.90400000e-04  1.67562592e-07 
 2.90500000e-04  1.67501956e-07 
 2.90600000e-04  1.56367781e-07 
 2.90700000e-04  1.55980843e-07 
 2.90800000e-04  1.55775293e-07 
 2.90900000e-04  1.55637437e-07 
 2.91000000e-04  1.55569394e-07 
 2.91100000e-04  1.66729097e-07 
 2.91200000e-04  1.66491195e-07 
 2.91300000e-04  1.66411649e-07 
 2.91400000e-04  1.66342289e-07 
 2.91500000e-04  1.66299677e-07 
 2.91600000e-04  1.52678046e-07 
 2.91700000e-04  1.52178804e-07 
 2.91800000e-04  1.51935827e-07 
 2.91900000e-04  1.51757826e-07 
 2.92000000e-04  1.51646834e-07 
 2.92100000e-04  1.67501074e-07 
 2.92200000e-04  1.67318123e-07 
 2.92300000e-04  1.67252867e-07 
 2.92400000e-04  1.67196076e-07 
 2.92500000e-04  1.67146675e-07 
 2.92600000e-04  1.54704618e-07 
 2.92700000e-04  1.54309050e-07 
 2.92800000e-04  1.54114339e-07 
 2.92900000e-04  1.53971307e-07 
 2.93000000e-04  1.53881563e-07 
 2.93100000e-04  1.67275405e-07 
 2.93200000e-04  1.67065724e-07 
 2.93300000e-04  1.66987148e-07 
 2.93400000e-04  1.66917507e-07 
 2.93500000e-04  1.66886101e-07 
 2.93600000e-04  1.53205921e-07 
 2.93700000e-04  1.52755527e-07 
 2.93800000e-04  1.52517412e-07 
 2.93900000e-04  1.52340156e-07 
 2.94000000e-04  1.52225658e-07 
 2.94100000e-04  1.70227753e-07 
 2.94200000e-04  1.69621917e-07 
 2.94300000e-04  1.69442905e-07 
 2.94400000e-04  1.69292058e-07 
 2.94500000e-04  1.69220472e-07 
 2.94600000e-04  1.61954424e-07 
 2.94700000e-04  1.61550362e-07 
 2.94800000e-04  1.61370437e-07 
 2.94900000e-04  1.61256796e-07 
 2.95000000e-04  1.61211471e-07 
 2.95100000e-04  1.69021871e-07 
 2.95200000e-04  1.67411735e-07 
 2.95300000e-04  1.66912085e-07 
 2.95400000e-04  1.66695190e-07 
 2.95500000e-04  1.66569661e-07 
 2.95600000e-04  1.52566579e-07 
 2.95700000e-04  1.51806554e-07 
 2.95800000e-04  1.51493423e-07 
 2.95900000e-04  1.51272454e-07 
 2.96000000e-04  1.51145587e-07 
 2.96100000e-04  1.03753236e-04 
 2.96200000e-04  1.03752855e-04 
 2.96300000e-04  1.03752739e-04 
 2.96400000e-04  1.03752641e-04 
 2.96500000e-04  1.03752587e-04 
 2.96600000e-04  1.03740200e-04 
 2.96700000e-04  1.03739772e-04 
 2.96800000e-04  1.03739566e-04 
 2.96900000e-04  1.03739419e-04 
 2.97000000e-04  1.03739331e-04 
 2.97100000e-04  1.67187595e-07 
 2.97200000e-04  1.66942512e-07 
 2.97300000e-04  1.66858101e-07 
 2.97400000e-04  1.66784521e-07 
 2.97500000e-04  1.66772531e-07 
 2.97600000e-04  1.53134965e-07 
 2.97700000e-04  1.52672777e-07 
 2.97800000e-04  1.52436002e-07 
 2.97900000e-04  1.52251231e-07 
 2.98000000e-04  1.52120080e-07 
 2.98100000e-04  1.68552454e-07 
 2.98200000e-04  1.68274938e-07 
 2.98300000e-04  1.68166624e-07 
 2.98400000e-04  1.68069521e-07 
 2.98500000e-04  1.68038858e-07 
 2.98600000e-04  1.56876766e-07 
 2.98700000e-04  1.56484042e-07 
 2.98800000e-04  1.56277982e-07 
 2.98900000e-04  1.56138798e-07 
 2.99000000e-04  1.56068579e-07 
 2.99100000e-04  1.67267216e-07 
 2.99200000e-04  1.67008971e-07 
 2.99300000e-04  1.66918753e-07 
 2.99400000e-04  1.66840038e-07 
 2.99500000e-04  1.66810835e-07 
 2.99600000e-04  1.53152559e-07 
 2.99700000e-04  1.52679660e-07 
 2.99800000e-04  1.52428862e-07 
 2.99900000e-04  1.52243363e-07 
 3.00000000e-04  1.52125198e-07 
 3.00100000e-04  1.68020602e-07 
 3.00200000e-04  1.67839755e-07 
 3.00300000e-04  1.67763690e-07 
 3.00400000e-04  1.67694884e-07 
 3.00500000e-04  1.67665501e-07 
 3.00600000e-04  1.55201005e-07 
 3.00700000e-04  1.54796744e-07 
 3.00800000e-04  1.54596366e-07 
 3.00900000e-04  1.54457458e-07 
 3.01000000e-04  1.54381931e-07 
 3.01100000e-04  1.67776368e-07 
 3.01200000e-04  1.67566375e-07 
 3.01300000e-04  1.67496486e-07 
 3.01400000e-04  1.67436373e-07 
 3.01500000e-04  1.67391904e-07 
 3.01600000e-04  1.53679226e-07 
 3.01700000e-04  1.53249588e-07 
 3.01800000e-04  1.53010348e-07 
 3.01900000e-04  1.52830452e-07 
 3.02000000e-04  1.52711744e-07 
 3.02100000e-04  1.69696789e-07 
 3.02200000e-04  1.69308202e-07 
 3.02300000e-04  1.69177220e-07 
 3.02400000e-04  1.69063505e-07 
 3.02500000e-04  1.69004786e-07 
 3.02600000e-04  1.59109156e-07 
 3.02700000e-04  1.58709961e-07 
 3.02800000e-04  1.58518772e-07 
 3.02900000e-04  1.58390859e-07 
 3.03000000e-04  1.58328191e-07 
 3.03100000e-04  1.67363554e-07 
 3.03200000e-04  1.67090128e-07 
 3.03300000e-04  1.66985261e-07 
 3.03400000e-04  1.66890913e-07 
 3.03500000e-04  1.66848776e-07 
 3.03600000e-04  1.53217012e-07 
 3.03700000e-04  1.52708144e-07 
 3.03800000e-04  1.52450512e-07 
 3.03900000e-04  1.52254483e-07 
 3.04000000e-04  1.52121972e-07 
 3.04100000e-04  1.68042556e-07 
 3.04200000e-04  1.67855217e-07 
 3.04300000e-04  1.67774891e-07 
 3.04400000e-04  1.67702638e-07 
 3.04500000e-04  1.67662882e-07 
 3.04600000e-04  1.55196179e-07 
 3.04700000e-04  1.54814221e-07 
 3.04800000e-04  1.54606147e-07 
 3.04900000e-04  1.54462218e-07 
 3.05000000e-04  1.54384429e-07 
 3.05100000e-04  1.67799700e-07 
 3.05200000e-04  1.67583827e-07 
 3.05300000e-04  1.67505307e-07 
 3.05400000e-04  1.67436601e-07 
 3.05500000e-04  1.67402935e-07 
 3.05600000e-04  1.53675425e-07 
 3.05700000e-04  1.53241373e-07 
 3.05800000e-04  1.53015210e-07 
 3.05900000e-04  1.52836412e-07 
 3.06000000e-04  1.52706395e-07 
 3.06100000e-04  1.71361580e-07 
 3.06200000e-04  1.70596876e-07 
 3.06300000e-04  1.70350434e-07 
 3.06400000e-04  1.70250796e-07 
 3.06500000e-04  1.70198594e-07 
 3.06600000e-04  1.58536993e-07 
 3.06700000e-04  1.58001244e-07 
 3.06800000e-04  1.57748209e-07 
 3.06900000e-04  1.57559829e-07 
 3.07000000e-04  1.57437448e-07 
 3.07100000e-04  1.03754790e-04 
 3.07200000e-04  1.03754353e-04 
 3.07300000e-04  1.03754226e-04 
 3.07400000e-04  1.03754119e-04 
 3.07500000e-04  1.03754061e-04 
 3.07600000e-04  1.03740383e-04 
 3.07700000e-04  1.03739893e-04 
 3.07800000e-04  1.03739644e-04 
 3.07900000e-04  1.03739455e-04 
 3.08000000e-04  1.03739329e-04 
 3.08100000e-04  1.69794762e-07 
 3.08200000e-04  1.69571317e-07 
 3.08300000e-04  1.69481417e-07 
 3.08400000e-04  1.69400949e-07 
 3.08500000e-04  1.69366466e-07 
 3.08600000e-04  1.56852488e-07 
 3.08700000e-04  1.56467678e-07 
 3.08800000e-04  1.56275822e-07 
 3.08900000e-04  1.56141043e-07 
 3.09000000e-04  1.56065109e-07 
 3.09100000e-04  1.69541752e-07 
 3.09200000e-04  1.69330125e-07 
 3.09300000e-04  1.69256827e-07 
 3.09400000e-04  1.69192716e-07 
 3.09500000e-04  1.69157039e-07 
 3.09600000e-04  1.55335341e-07 
 3.09700000e-04  1.54922612e-07 
 3.09800000e-04  1.54693663e-07 
 3.09900000e-04  1.54521310e-07 
 3.10000000e-04  1.54407303e-07 
 3.10100000e-04  1.71990217e-07 
 3.10200000e-04  1.71483917e-07 
 3.10300000e-04  1.71320798e-07 
 3.10400000e-04  1.71180225e-07 
 3.10500000e-04  1.71106334e-07 
 3.10600000e-04  1.62425640e-07 
 3.10700000e-04  1.62056615e-07 
 3.10800000e-04  1.61867872e-07 
 3.10900000e-04  1.61747609e-07 
 3.11000000e-04  1.61697951e-07 
 3.11100000e-04  1.68823131e-07 
 3.11200000e-04  1.68418172e-07 
 3.11300000e-04  1.68272715e-07 
 3.11400000e-04  1.68145178e-07 
 3.11500000e-04  1.68058534e-07 
 3.11600000e-04  1.54384603e-07 
 3.11700000e-04  1.53844723e-07 
 3.11800000e-04  1.53579778e-07 
 3.11900000e-04  1.53383278e-07 
 3.12000000e-04  1.53257346e-07 
 3.12100000e-04  1.69220914e-07 
 3.12200000e-04  1.69022701e-07 
 3.12300000e-04  1.68935948e-07 
 3.12400000e-04  1.68857578e-07 
 3.12500000e-04  1.68820253e-07 
 3.12600000e-04  1.56263847e-07 
 3.12700000e-04  1.55901996e-07 
 3.12800000e-04  1.55696734e-07 
 3.12900000e-04  1.55556569e-07 
 3.13000000e-04  1.55483516e-07 
 3.13100000e-04  1.68945701e-07 
 3.13200000e-04  1.68727303e-07 
 3.13300000e-04  1.68644864e-07 
 3.13400000e-04  1.68572050e-07 
 3.13500000e-04  1.68554378e-07 
 3.13600000e-04  1.54754521e-07 
 3.13700000e-04  1.54335390e-07 
 3.13800000e-04  1.54092536e-07 
 3.13900000e-04  1.53917643e-07 
 3.14000000e-04  1.53812818e-07 
 3.14100000e-04  1.70320569e-07 
 3.14200000e-04  1.70013285e-07 
 3.14300000e-04  1.69910798e-07 
 3.14400000e-04  1.69822811e-07 
 3.14500000e-04  1.69774492e-07 
 3.14600000e-04  1.58497295e-07 
 3.14700000e-04  1.58128735e-07 
 3.14800000e-04  1.57933551e-07 
 3.14900000e-04  1.57806327e-07 
 3.15000000e-04  1.57749167e-07 
 3.15100000e-04  1.69019878e-07 
 3.15200000e-04  1.68757874e-07 
 3.15300000e-04  1.68665200e-07 
 3.15400000e-04  1.68583942e-07 
 3.15500000e-04  1.68558711e-07 
 3.15600000e-04  1.54801452e-07 
 3.15700000e-04  1.54329586e-07 
 3.15800000e-04  1.54096574e-07 
 3.15900000e-04  1.53921292e-07 
 3.16000000e-04  1.53805519e-07 
 3.16100000e-04  1.69785555e-07 
 3.16200000e-04  1.69595544e-07 
 3.16300000e-04  1.69520668e-07 
 3.16400000e-04  1.69454456e-07 
 3.16500000e-04  1.69398143e-07 
 3.16600000e-04  1.56845590e-07 
 3.16700000e-04  1.56465567e-07 
 3.16800000e-04  1.56272805e-07 
 3.16900000e-04  1.56133778e-07 
 3.17000000e-04  1.56050135e-07 
 3.17100000e-04  1.69549811e-07 
 3.17200000e-04  1.69323077e-07 
 3.17300000e-04  1.69239141e-07 
 3.17400000e-04  1.69165055e-07 
 3.17500000e-04  1.69140240e-07 
 3.17600000e-04  1.55324533e-07 
 3.17700000e-04  1.54903063e-07 
 3.17800000e-04  1.54679547e-07 
 3.17900000e-04  1.54506170e-07 
 3.18000000e-04  1.54384471e-07 
 3.18100000e-04  1.71457015e-07 
 3.18200000e-04  1.71053820e-07 
 3.18300000e-04  1.70916926e-07 
 3.18400000e-04  1.70797697e-07 
 3.18500000e-04  1.70740571e-07 
 3.18600000e-04  1.60756330e-07 
 3.18700000e-04  1.60381355e-07 
 3.18800000e-04  1.60187806e-07 
 3.18900000e-04  1.60068251e-07 
 3.19000000e-04  1.60024980e-07 
 3.19100000e-04  1.69134998e-07 
 3.19200000e-04  1.68843287e-07 
 3.19300000e-04  1.68738948e-07 
 3.19400000e-04  1.68646657e-07 
 3.19500000e-04  1.68596335e-07 
 3.19600000e-04  1.54871439e-07 
 3.19700000e-04  1.54375905e-07 
 3.19800000e-04  1.54123691e-07 
 3.19900000e-04  1.53932614e-07 
 3.20000000e-04  1.53804557e-07 
 3.20100000e-04  1.69810235e-07 
 3.20200000e-04  1.69628912e-07 
 3.20300000e-04  1.69537109e-07 
 3.20400000e-04  1.69451117e-07 
 3.20500000e-04  1.69425884e-07 
 3.20600000e-04  1.56852304e-07 
 3.20700000e-04  1.56465959e-07 
 3.20800000e-04  1.56272698e-07 
 3.20900000e-04  1.56134657e-07 
 3.21000000e-04  1.56053531e-07 
 3.21100000e-04  1.69553748e-07 
 3.21200000e-04  1.69319464e-07 
 3.21300000e-04  1.69248153e-07 
 3.21400000e-04  1.69188649e-07 
 3.21500000e-04  1.69157229e-07 
 3.21600000e-04  1.55321943e-07 
 3.21700000e-04  1.54905115e-07 
 3.21800000e-04  1.54685499e-07 
 3.21900000e-04  1.54516686e-07 
 3.22000000e-04  1.54400231e-07 
 3.22100000e-04  1.70932694e-07 
 3.22200000e-04  1.70626854e-07 
 3.22300000e-04  1.70524736e-07 
 3.22400000e-04  1.70437308e-07 
 3.22500000e-04  1.70372529e-07 
 3.22600000e-04  1.59084953e-07 
 3.22700000e-04  1.58718851e-07 
 3.22800000e-04  1.58528277e-07 
 3.22900000e-04  1.58399927e-07 
 3.23000000e-04  1.58335720e-07 
 3.23100000e-04  1.69653322e-07 
 3.23200000e-04  1.69391476e-07 
 3.23300000e-04  1.69289070e-07 
 3.23400000e-04  1.69197499e-07 
 3.23500000e-04  1.69174973e-07 
 3.23600000e-04  1.55379352e-07 
 3.23700000e-04  1.54932085e-07 
 3.23800000e-04  1.54694664e-07 
 3.23900000e-04  1.54516573e-07 
 3.24000000e-04  1.54399633e-07 
 3.24100000e-04  1.70407213e-07 
 3.24200000e-04  1.70212814e-07 
 3.24300000e-04  1.70132613e-07 
 3.24400000e-04  1.70060731e-07 
 3.24500000e-04  1.70013335e-07 
 3.24600000e-04  1.57414351e-07 
 3.24700000e-04  1.57047245e-07 
 3.24800000e-04  1.56862156e-07 
 3.24900000e-04  1.56730597e-07 
 3.25000000e-04  1.56654210e-07 
 3.25100000e-04  1.70173784e-07 
 3.25200000e-04  1.69935222e-07 
 3.25300000e-04  1.69855494e-07 
 3.25400000e-04  1.69787368e-07 
 3.25500000e-04  1.69753072e-07 
 3.25600000e-04  1.55902819e-07 
 3.25700000e-04  1.55504323e-07 
 3.25800000e-04  1.55281875e-07 
 3.25900000e-04  1.55111136e-07 
 3.26000000e-04  1.54993685e-07 
 3.26100000e-04  1.73666145e-07 
 3.26200000e-04  1.72941473e-07 
 3.26300000e-04  1.72722500e-07 
 3.26400000e-04  1.72536699e-07 
 3.26500000e-04  1.72448475e-07 
 3.26600000e-04  1.66335548e-07 
 3.26700000e-04  1.65943346e-07 
 3.26800000e-04  1.65772910e-07 
 3.26900000e-04  1.65673337e-07 
 3.27000000e-04  1.65646810e-07 
 3.27100000e-04  1.68942513e-07 
 3.27200000e-04  1.68005412e-07 
 3.27300000e-04  1.67761048e-07 
 3.27400000e-04  1.67560526e-07 
 3.27500000e-04  1.67486566e-07 
 3.27600000e-04  1.53892138e-07 
 3.27700000e-04  1.53257352e-07 
 3.27800000e-04  1.52983919e-07 
 3.27900000e-04  1.52777675e-07 
 3.28000000e-04  1.52640688e-07 
 3.28100000e-04  1.68599931e-07 
 3.28200000e-04  1.68413286e-07 
 3.28300000e-04  1.68327418e-07 
 3.28400000e-04  1.68248445e-07 
 3.28500000e-04  1.68206842e-07 
 3.28600000e-04  1.55670041e-07 
 3.28700000e-04  1.55287292e-07 
 3.28800000e-04  1.55101180e-07 
 3.28900000e-04  1.54962191e-07 
 3.29000000e-04  1.54871756e-07 
 3.29100000e-04  1.68322461e-07 
 3.29200000e-04  1.68101408e-07 
 3.29300000e-04  1.68021129e-07 
 3.29400000e-04  1.67950737e-07 
 3.29500000e-04  1.67918079e-07 
 3.29600000e-04  1.54156859e-07 
 3.29700000e-04  1.53743580e-07 
 3.29800000e-04  1.53507178e-07 
 3.29900000e-04  1.53325490e-07 
 3.30000000e-04  1.53200187e-07 
 3.30100000e-04  1.69698534e-07 
 3.30200000e-04  1.69402852e-07 
 3.30300000e-04  1.69295609e-07 
 3.30400000e-04  1.69201593e-07 
 3.30500000e-04  1.69143041e-07 
 3.30600000e-04  1.57920390e-07 
 3.30700000e-04  1.57532469e-07 
 3.30800000e-04  1.57339013e-07 
 3.30900000e-04  1.57208988e-07 
 3.31000000e-04  1.57144342e-07 
 3.31100000e-04  1.68388279e-07 
 3.31200000e-04  1.68129861e-07 
 3.31300000e-04  1.68038449e-07 
 3.31400000e-04  1.67958012e-07 
 3.31500000e-04  1.67935539e-07 
 3.31600000e-04  1.54204285e-07 
 3.31700000e-04  1.53740585e-07 
 3.31800000e-04  1.53507358e-07 
 3.31900000e-04  1.53325810e-07 
 3.32000000e-04  1.53197517e-07 
 3.32100000e-04  1.69166055e-07 
 3.32200000e-04  1.68970948e-07 
 3.32300000e-04  1.68894167e-07 
 3.32400000e-04  1.68826302e-07 
 3.32500000e-04  1.68783545e-07 
 3.32600000e-04  1.56239024e-07 
 3.32700000e-04  1.55875596e-07 
 3.32800000e-04  1.55677725e-07 
 3.32900000e-04  1.55535651e-07 
 3.33000000e-04  1.55451078e-07 
 3.33100000e-04  1.68934549e-07 
 3.33200000e-04  1.68711545e-07 
 3.33300000e-04  1.68630842e-07 
 3.33400000e-04  1.68560544e-07 
 3.33500000e-04  1.68520715e-07 
 3.33600000e-04  1.54734143e-07 
 3.33700000e-04  1.54303666e-07 
 3.33800000e-04  1.54080576e-07 
 3.33900000e-04  1.53906102e-07 
 3.34000000e-04  1.53781718e-07 
 3.34100000e-04  1.70832718e-07 
 3.34200000e-04  1.70430130e-07 
 3.34300000e-04  1.70297657e-07 
 3.34400000e-04  1.70183845e-07 
 3.34500000e-04  1.70110282e-07 
 3.34600000e-04  1.60166730e-07 
 3.34700000e-04  1.59792053e-07 
 3.34800000e-04  1.59598085e-07 
 3.34900000e-04  1.59469035e-07 
 3.35000000e-04  1.59406891e-07 
 3.35100000e-04  1.68509981e-07 
 3.35200000e-04  1.68208902e-07 
 3.35300000e-04  1.68105643e-07 
 3.35400000e-04  1.68015496e-07 
 3.35500000e-04  1.67980337e-07 
 3.35600000e-04  1.54286123e-07 
 3.35700000e-04  1.53775484e-07 
 3.35800000e-04  1.53525971e-07 
 3.35900000e-04  1.53335887e-07 
 3.36000000e-04  1.53207045e-07 
 3.36100000e-04  1.69184851e-07 
 3.36200000e-04  1.68999452e-07 
 3.36300000e-04  1.68915029e-07 
 3.36400000e-04  1.68837913e-07 
 3.36500000e-04  1.68787268e-07 
 3.36600000e-04  1.56257637e-07 
 3.36700000e-04  1.55866674e-07 
 3.36800000e-04  1.55682384e-07 
 3.36900000e-04  1.55548943e-07 
 3.37000000e-04  1.55467896e-07 
 3.37100000e-04  1.68928268e-07 
 3.37200000e-04  1.68700424e-07 
 3.37300000e-04  1.68624841e-07 
 3.37400000e-04  1.68560479e-07 
 3.37500000e-04  1.68529331e-07 
 3.37600000e-04  1.54737114e-07 
 3.37700000e-04  1.54313377e-07 
 3.37800000e-04  1.54081283e-07 
 3.37900000e-04  1.53909441e-07 
 3.38000000e-04  1.53799688e-07 
 3.38100000e-04  1.70310427e-07 
 3.38200000e-04  1.70011451e-07 
 3.38300000e-04  1.69895769e-07 
 3.38400000e-04  1.69792598e-07 
 3.38500000e-04  1.69760324e-07 
 3.38600000e-04  1.58487279e-07 
 3.38700000e-04  1.58134793e-07 
 3.38800000e-04  1.57934781e-07 
 3.38900000e-04  1.57801943e-07 
 3.39000000e-04  1.57738336e-07 
 3.39100000e-04  1.69012528e-07 
 3.39200000e-04  1.68753504e-07 
 3.39300000e-04  1.68667953e-07 
 3.39400000e-04  1.68594196e-07 
 3.39500000e-04  1.68559349e-07 
 3.39600000e-04  1.54790925e-07 
 3.39700000e-04  1.54343682e-07 
 3.39800000e-04  1.54090222e-07 
 3.39900000e-04  1.53908078e-07 
 3.40000000e-04  1.53799435e-07 
 3.40100000e-04  1.69779951e-07 
 3.40200000e-04  1.69583232e-07 
 3.40300000e-04  1.69506135e-07 
 3.40400000e-04  1.69437918e-07 
 3.40500000e-04  1.69400909e-07 
 3.40600000e-04  1.56844555e-07 
 3.40700000e-04  1.56463848e-07 
 3.40800000e-04  1.56264846e-07 
 3.40900000e-04  1.56124175e-07 
 3.41000000e-04  1.56043537e-07 
 3.41100000e-04  1.71279460e-07 
 3.41200000e-04  1.70787431e-07 
 3.41300000e-04  1.70616465e-07 
 3.41400000e-04  1.70533837e-07 
 3.41500000e-04  1.70479753e-07 
 3.41600000e-04  1.56176347e-07 
 3.41700000e-04  1.55601512e-07 
 3.41800000e-04  1.55336191e-07 
 3.41900000e-04  1.55144731e-07 
 3.42000000e-04  1.55028632e-07 
 3.42100000e-04  1.03758922e-04 
 3.42200000e-04  1.03758214e-04 
 3.42300000e-04  1.03758010e-04 
 3.42400000e-04  1.03757840e-04 
 3.42500000e-04  1.03757758e-04 
 3.42600000e-04  1.03749072e-04 
 3.42700000e-04  1.03748682e-04 
 3.42800000e-04  1.03748504e-04 
 3.42900000e-04  1.03748381e-04 
 3.43000000e-04  1.03748315e-04 
 3.43100000e-04  1.69945542e-07 
 3.43200000e-04  1.69522409e-07 
 3.43300000e-04  1.69364166e-07 
 3.43400000e-04  1.69223109e-07 
 3.43500000e-04  1.69164688e-07 
 3.43600000e-04  1.55471860e-07 
 3.43700000e-04  1.54911205e-07 
 3.43800000e-04  1.54651251e-07 
 3.43900000e-04  1.54457438e-07 
 3.44000000e-04  1.54331786e-07 
 3.44100000e-04  1.70356595e-07 
 3.44200000e-04  1.70158266e-07 
 3.44300000e-04  1.70069560e-07 
 3.44400000e-04  1.69988856e-07 
 3.44500000e-04  1.69955504e-07 
 3.44600000e-04  1.57344117e-07 
 3.44700000e-04  1.56972876e-07 
 3.44800000e-04  1.56780273e-07 
 3.44900000e-04  1.56644841e-07 
 3.45000000e-04  1.56568316e-07 
 3.45100000e-04  1.70094848e-07 
 3.45200000e-04  1.69871255e-07 
 3.45300000e-04  1.69785057e-07 
 3.45400000e-04  1.69708124e-07 
 3.45500000e-04  1.69668863e-07 
 3.45600000e-04  1.55835403e-07 
 3.45700000e-04  1.55406113e-07 
 3.45800000e-04  1.55187138e-07 
 3.45900000e-04  1.55016892e-07 
 3.46000000e-04  1.54896837e-07 
 3.46100000e-04  1.71458836e-07 
 3.46200000e-04  1.71170672e-07 
 3.46300000e-04  1.71057187e-07 
 3.46400000e-04  1.70955038e-07 
 3.46500000e-04  1.70897748e-07 
 3.46600000e-04  1.59583090e-07 
 3.46700000e-04  1.59215175e-07 
 3.46800000e-04  1.59015269e-07 
 3.46900000e-04  1.58885403e-07 
 3.47000000e-04  1.58827635e-07 
 3.47100000e-04  1.72077554e-07 
 3.47200000e-04  1.71423120e-07 
 3.47300000e-04  1.71201196e-07 
 3.47400000e-04  1.71093870e-07 
 3.47500000e-04  1.71023573e-07 
 3.47600000e-04  1.56738784e-07 
 3.47700000e-04  1.56105225e-07 
 3.47800000e-04  1.55835578e-07 
 3.47900000e-04  1.55644255e-07 
 3.48000000e-04  1.55532851e-07 
 3.48100000e-04  1.03757864e-04 
 3.48200000e-04  1.03757482e-04 
 3.48300000e-04  1.03757356e-04 
 3.48400000e-04  1.03757247e-04 
 3.48500000e-04  1.03757187e-04 
 3.48600000e-04  1.03744587e-04 
 3.48700000e-04  1.03744186e-04 
 3.48800000e-04  1.03743985e-04 
 3.48900000e-04  1.03743851e-04 
 3.49000000e-04  1.03743785e-04 
 3.49100000e-04  1.71851999e-07 
 3.49200000e-04  1.71590443e-07 
 3.49300000e-04  1.71490832e-07 
 3.49400000e-04  1.71401901e-07 
 3.49500000e-04  1.71382137e-07 
 3.49600000e-04  1.57495962e-07 
 3.49700000e-04  1.57063569e-07 
 3.49800000e-04  1.56848812e-07 
 3.49900000e-04  1.56681435e-07 
 3.50000000e-04  1.56562859e-07 
 3.50100000e-04  1.73746913e-07 
 3.50200000e-04  1.73343296e-07 
 3.50300000e-04  1.73201804e-07 
 3.50400000e-04  1.73077426e-07 
 3.50500000e-04  1.72998403e-07 
 3.50600000e-04  1.62900518e-07 
 3.50700000e-04  1.62534571e-07 
 3.50800000e-04  1.62356847e-07 
 3.50900000e-04  1.62239034e-07 
 3.51000000e-04  1.62182946e-07 
 3.51100000e-04  1.71440123e-07 
 3.51200000e-04  1.71137082e-07 
 3.51300000e-04  1.71022148e-07 
 3.51400000e-04  1.70919189e-07 
 3.51500000e-04  1.70863769e-07 
 3.51600000e-04  1.57008808e-07 
 3.51700000e-04  1.56521163e-07 
 3.51800000e-04  1.56286394e-07 
 3.51900000e-04  1.56105125e-07 
 3.52000000e-04  1.55978967e-07 
 3.52100000e-04  1.72099487e-07 
 3.52200000e-04  1.71909943e-07 
 3.52300000e-04  1.71814140e-07 
 3.52400000e-04  1.71724721e-07 
 3.52500000e-04  1.71681642e-07 
 3.52600000e-04  1.58981074e-07 
 3.52700000e-04  1.58626874e-07 
 3.52800000e-04  1.58430569e-07 
 3.52900000e-04  1.58296990e-07 
 3.53000000e-04  1.58228039e-07 
 3.53100000e-04  1.71845997e-07 
 3.53200000e-04  1.71608194e-07 
 3.53300000e-04  1.71525296e-07 
 3.53400000e-04  1.71453314e-07 
 3.53500000e-04  1.71407137e-07 
 3.53600000e-04  1.57472940e-07 
 3.53700000e-04  1.57057710e-07 
 3.53800000e-04  1.56848888e-07 
 3.53900000e-04  1.56687322e-07 
 3.54000000e-04  1.56574425e-07 
 3.54100000e-04  1.73221541e-07 
 3.54200000e-04  1.72907056e-07 
 3.54300000e-04  1.72797150e-07 
 3.54400000e-04  1.72701448e-07 
 3.54500000e-04  1.72648500e-07 
 3.54600000e-04  1.61229047e-07 
 3.54700000e-04  1.60862534e-07 
 3.54800000e-04  1.60675194e-07 
 3.54900000e-04  1.60549345e-07 
 3.55000000e-04  1.60486849e-07 
 3.55100000e-04  1.71936185e-07 
 3.55200000e-04  1.71658163e-07 
 3.55300000e-04  1.71552993e-07 
 3.55400000e-04  1.71459512e-07 
 3.55500000e-04  1.71427939e-07 
 3.55600000e-04  1.57514720e-07 
 3.55700000e-04  1.57065927e-07 
 3.55800000e-04  1.56853719e-07 
 3.55900000e-04  1.56684514e-07 
 3.56000000e-04  1.56559587e-07 
 3.56100000e-04  1.72709730e-07 
 3.56200000e-04  1.72489058e-07 
 3.56300000e-04  1.72396946e-07 
 3.56400000e-04  1.72314647e-07 
 3.56500000e-04  1.72285360e-07 
 3.56600000e-04  1.59553408e-07 
 3.56700000e-04  1.59204802e-07 
 3.56800000e-04  1.59020317e-07 
 3.56900000e-04  1.58891619e-07 
 3.57000000e-04  1.58820386e-07 
 3.57100000e-04  1.72459620e-07 
 3.57200000e-04  1.72210406e-07 
 3.57300000e-04  1.72125815e-07 
 3.57400000e-04  1.72053329e-07 
 3.57500000e-04  1.72015093e-07 
 3.57600000e-04  1.58055444e-07 
 3.57700000e-04  1.57644421e-07 
 3.57800000e-04  1.57431667e-07 
 3.57900000e-04  1.57265665e-07 
 3.58000000e-04  1.57147806e-07 
 3.58100000e-04  1.75434850e-07 
 3.58200000e-04  1.74807894e-07 
 3.58300000e-04  1.74604010e-07 
 3.58400000e-04  1.74428025e-07 
 3.58500000e-04  1.74350692e-07 
 3.58600000e-04  1.66790384e-07 
 3.58700000e-04  1.66427216e-07 
 3.58800000e-04  1.66267932e-07 
 3.58900000e-04  1.66167198e-07 
 3.59000000e-04  1.66126780e-07 
 3.59100000e-04  1.71717458e-07 
 3.59200000e-04  1.70916003e-07 
 3.59300000e-04  1.70665494e-07 
 3.59400000e-04  1.70452056e-07 
 3.59500000e-04  1.70374520e-07 
 3.59600000e-04  1.56580535e-07 
 3.59700000e-04  1.56005895e-07 
 3.59800000e-04  1.55748407e-07 
 3.59900000e-04  1.55556707e-07 
 3.60000000e-04  1.55432788e-07 
 3.60100000e-04  1.71523080e-07 
 3.60200000e-04  1.71312848e-07 
 3.60300000e-04  1.71213690e-07 
 3.60400000e-04  1.71122902e-07 
 3.60500000e-04  1.71081193e-07 
 3.60600000e-04  1.58400033e-07 
 3.60700000e-04  1.58038287e-07 
 3.60800000e-04  1.57852754e-07 
 3.60900000e-04  1.57724466e-07 
 3.61000000e-04  1.57655144e-07 
 3.61100000e-04  1.71247097e-07 
 3.61200000e-04  1.70999298e-07 
 3.61300000e-04  1.70917205e-07 
 3.61400000e-04  1.70847312e-07 
 3.61500000e-04  1.70811035e-07 
 3.61600000e-04  1.56893267e-07 
 3.61700000e-04  1.56471198e-07 
 3.61800000e-04  1.56256970e-07 
 3.61900000e-04  1.56089283e-07 
 3.62000000e-04  1.55969515e-07 
 3.62100000e-04  1.72599851e-07 
 3.62200000e-04  1.72295118e-07 
 3.62300000e-04  1.72181472e-07 
 3.62400000e-04  1.72081125e-07 
 3.62500000e-04  1.72026692e-07 
 3.62600000e-04  1.60652084e-07 
 3.62700000e-04  1.60270642e-07 
 3.62800000e-04  1.60096839e-07 
 3.62900000e-04  1.59972186e-07 
 3.63000000e-04  1.59898150e-07 
 3.63100000e-04  1.71311715e-07 
 3.63200000e-04  1.71026164e-07 
 3.63300000e-04  1.70927955e-07 
 3.63400000e-04  1.70842922e-07 
 3.63500000e-04  1.70824244e-07 
 3.63600000e-04  1.56918137e-07 
 3.63700000e-04  1.56491946e-07 
 3.63800000e-04  1.56257623e-07 
 3.63900000e-04  1.56084321e-07 
 3.64000000e-04  1.55973877e-07 
 3.64100000e-04  1.72071632e-07 
 3.64200000e-04  1.71864845e-07 
 3.64300000e-04  1.71782415e-07 
 3.64400000e-04  1.71709169e-07 
 3.64500000e-04  1.71645984e-07 
 3.64600000e-04  1.58970864e-07 
 3.64700000e-04  1.58605722e-07 
 3.64800000e-04  1.58427281e-07 
 3.64900000e-04  1.58292741e-07 
 3.65000000e-04  1.58203393e-07 
 3.65100000e-04  1.71849008e-07 
 3.65200000e-04  1.71591022e-07 
 3.65300000e-04  1.71502066e-07 
 3.65400000e-04  1.71425824e-07 
 3.65500000e-04  1.71391066e-07 
 3.65600000e-04  1.57463352e-07 
 3.65700000e-04  1.57046589e-07 
 3.65800000e-04  1.56826625e-07 
 3.65900000e-04  1.56662691e-07 
 3.66000000e-04  1.56556460e-07 
 3.66100000e-04  1.73749522e-07 
 3.66200000e-04  1.73335686e-07 
 3.66300000e-04  1.73189919e-07 
 3.66400000e-04  1.73062081e-07 
 3.66500000e-04  1.72995441e-07 
 3.66600000e-04  1.62888969e-07 
 3.66700000e-04  1.62516539e-07 
 3.66800000e-04  1.62337144e-07 
 3.66900000e-04  1.62222516e-07 
 3.67000000e-04  1.62174612e-07 
 3.67100000e-04  1.71424391e-07 
 3.67200000e-04  1.71113073e-07 
 3.67300000e-04  1.70999541e-07 
 3.67400000e-04  1.70898990e-07 
 3.67500000e-04  1.70868227e-07 
 3.67600000e-04  1.56994544e-07 
 3.67700000e-04  1.56510305e-07 
 3.67800000e-04  1.56268812e-07 
 3.67900000e-04  1.56093497e-07 
 3.68000000e-04  1.55986362e-07 
 3.68100000e-04  1.72097803e-07 
 3.68200000e-04  1.71898643e-07 
 3.68300000e-04  1.71804158e-07 
 3.68400000e-04  1.71716993e-07 
 3.68500000e-04  1.71669567e-07 
 3.68600000e-04  1.58960018e-07 
 3.68700000e-04  1.58608912e-07 
 3.68800000e-04  1.58436836e-07 
 3.68900000e-04  1.58306579e-07 
 3.69000000e-04  1.58219366e-07 
 3.69100000e-04  1.71840798e-07 
 3.69200000e-04  1.71603949e-07 
 3.69300000e-04  1.71519230e-07 
 3.69400000e-04  1.71445355e-07 
 3.69500000e-04  1.71413420e-07 
 3.69600000e-04  1.57456517e-07 
 3.69700000e-04  1.57059843e-07 
 3.69800000e-04  1.56838924e-07 
 3.69900000e-04  1.56667656e-07 
 3.70000000e-04  1.56547515e-07 
 3.70100000e-04  1.73216717e-07 
 3.70200000e-04  1.72899890e-07 
 3.70300000e-04  1.72788276e-07 
 3.70400000e-04  1.72691010e-07 
 3.70500000e-04  1.72641521e-07 
 3.70600000e-04  1.61210853e-07 
 3.70700000e-04  1.60865040e-07 
 3.70800000e-04  1.60680541e-07 
 3.70900000e-04  1.60559689e-07 
 3.71000000e-04  1.60504397e-07 
 3.71100000e-04  1.71919996e-07 
 3.71200000e-04  1.71646594e-07 
 3.71300000e-04  1.71545139e-07 
 3.71400000e-04  1.71454927e-07 
 3.71500000e-04  1.71432412e-07 
 3.71600000e-04  1.57513079e-07 
 3.71700000e-04  1.57078515e-07 
 3.71800000e-04  1.56839779e-07 
 3.71900000e-04  1.56669512e-07 
 3.72000000e-04  1.56569781e-07 
 3.72100000e-04  1.72702732e-07 
 3.72200000e-04  1.72491668e-07 
 3.72300000e-04  1.72399369e-07 
 3.72400000e-04  1.72316184e-07 
 3.72500000e-04  1.72260453e-07 
 3.72600000e-04  1.59560901e-07 
 3.72700000e-04  1.59195676e-07 
 3.72800000e-04  1.59013110e-07 
 3.72900000e-04  1.58885810e-07 
 3.73000000e-04  1.58815421e-07 
 3.73100000e-04  1.72462959e-07 
 3.73200000e-04  1.72208049e-07 
 3.73300000e-04  1.72124436e-07 
 3.73400000e-04  1.72053542e-07 
 3.73500000e-04  1.72028559e-07 
 3.73600000e-04  1.58048307e-07 
 3.73700000e-04  1.57631522e-07 
 3.73800000e-04  1.57416239e-07 
 3.73900000e-04  1.57254235e-07 
 3.74000000e-04  1.57147092e-07 
 3.74100000e-04  1.74909010e-07 
 3.74200000e-04  1.74381432e-07 
 3.74300000e-04  1.74198276e-07 
 3.74400000e-04  1.74038274e-07 
 3.74500000e-04  1.73987315e-07 
 3.74600000e-04  1.65128691e-07 
 3.74700000e-04  1.64766998e-07 
 3.74800000e-04  1.64601941e-07 
 3.74900000e-04  1.64494146e-07 
 3.75000000e-04  1.64445318e-07 
 3.75100000e-04  1.71730041e-07 
 3.75200000e-04  1.71296670e-07 
 3.75300000e-04  1.71145871e-07 
 3.75400000e-04  1.71015352e-07 
 3.75500000e-04  1.70954009e-07 
 3.75600000e-04  1.57112510e-07 
 3.75700000e-04  1.56573975e-07 
 3.75800000e-04  1.56320282e-07 
 3.75900000e-04  1.56131224e-07 
 3.76000000e-04  1.56008744e-07 
 3.76100000e-04  1.72127665e-07 
 3.76200000e-04  1.71934146e-07 
 3.76300000e-04  1.71830452e-07 
 3.76400000e-04  1.71732992e-07 
 3.76500000e-04  1.71691553e-07 
 3.76600000e-04  1.58995132e-07 
 3.76700000e-04  1.58635627e-07 
 3.76800000e-04  1.58442581e-07 
 3.76900000e-04  1.58307057e-07 
 3.77000000e-04  1.58230769e-07 
 3.77100000e-04  1.71854996e-07 
 3.77200000e-04  1.71619227e-07 
 3.77300000e-04  1.71532538e-07 
 3.77400000e-04  1.71456279e-07 
 3.77500000e-04  1.71411340e-07 
 3.77600000e-04  1.57469596e-07 
 3.77700000e-04  1.57055162e-07 
 3.77800000e-04  1.56842879e-07 
 3.77900000e-04  1.56675895e-07 
 3.78000000e-04  1.56555537e-07 
 3.78100000e-04  1.73226886e-07 
 3.78200000e-04  1.72908209e-07 
 3.78300000e-04  1.72790392e-07 
 3.78400000e-04  1.72686407e-07 
 3.78500000e-04  1.72635890e-07 
 3.78600000e-04  1.61231617e-07 
 3.78700000e-04  1.60874964e-07 
 3.78800000e-04  1.60688444e-07 
 3.78900000e-04  1.60566958e-07 
 3.79000000e-04  1.60512455e-07 
 3.79100000e-04  1.71920798e-07 
 3.79200000e-04  1.71645764e-07 
 3.79300000e-04  1.71549618e-07 
 3.79400000e-04  1.71465564e-07 
 3.79500000e-04  1.71428984e-07 
 3.79600000e-04  1.57513269e-07 
 3.79700000e-04  1.57064200e-07 
 3.79800000e-04  1.56835800e-07 
 3.79900000e-04  1.56664795e-07 
 3.80000000e-04  1.56552890e-07 
 3.80100000e-04  1.72709339e-07 
 3.80200000e-04  1.72507325e-07 
 3.80300000e-04  1.72416972e-07 
 3.80400000e-04  1.72334777e-07 
 3.80500000e-04  1.72270979e-07 
 3.80600000e-04  1.59562326e-07 
 3.80700000e-04  1.59200564e-07 
 3.80800000e-04  1.59017919e-07 
 3.80900000e-04  1.58888489e-07 
 3.81000000e-04  1.58813846e-07 
 3.81100000e-04  1.72460406e-07 
 3.81200000e-04  1.72214024e-07 
 3.81300000e-04  1.72126901e-07 
 3.81400000e-04  1.72051149e-07 
 3.81500000e-04  1.72012560e-07 
 3.81600000e-04  1.58044139e-07 
 3.81700000e-04  1.57632544e-07 
 3.81800000e-04  1.57425980e-07 
 3.81900000e-04  1.57262447e-07 
 3.82000000e-04  1.57143196e-07 
 3.82100000e-04  1.74377082e-07 
 3.82200000e-04  1.73964709e-07 
 3.82300000e-04  1.73818271e-07 
 3.82400000e-04  1.73689445e-07 
 3.82500000e-04  1.73613023e-07 
 3.82600000e-04  1.63463892e-07 
 3.82700000e-04  1.63105225e-07 
 3.82800000e-04  1.62939229e-07 
 3.82900000e-04  1.62825157e-07 
 3.83000000e-04  1.62764540e-07 
 3.83100000e-04  1.72046431e-07 
 3.83200000e-04  1.71739126e-07 
 3.83300000e-04  1.71625559e-07 
 3.83400000e-04  1.71524633e-07 
 3.83500000e-04  1.71471946e-07 
 3.83600000e-04  1.57600690e-07 
 3.83700000e-04  1.57095096e-07 
 3.83800000e-04  1.56858098e-07 
 3.83900000e-04  1.56685315e-07 
 3.84000000e-04  1.56578668e-07 
 3.84100000e-04  1.72711244e-07 
 3.84200000e-04  1.72506046e-07 
 3.84300000e-04  1.72414714e-07 
 3.84400000e-04  1.72331727e-07 
 3.84500000e-04  1.72294482e-07 
 3.84600000e-04  1.59556477e-07 
 3.84700000e-04  1.59193777e-07 
 3.84800000e-04  1.59018444e-07 
 3.84900000e-04  1.58895369e-07 
 3.85000000e-04  1.58826090e-07 
 3.85100000e-04  1.72471368e-07 
 3.85200000e-04  1.72226579e-07 
 3.85300000e-04  1.72132569e-07 
 3.85400000e-04  1.72049648e-07 
 3.85500000e-04  1.72009165e-07 
 3.85600000e-04  1.58044582e-07 
 3.85700000e-04  1.57638123e-07 
 3.85800000e-04  1.57429101e-07 
 3.85900000e-04  1.57268808e-07 
 3.86000000e-04  1.57158672e-07 
 3.86100000e-04  1.73848791e-07 
 3.86200000e-04  1.73548770e-07 
 3.86300000e-04  1.73421143e-07 
 3.86400000e-04  1.73304659e-07 
 3.86500000e-04  1.73256129e-07 
 3.86600000e-04  1.61815212e-07 
 3.86700000e-04  1.61459907e-07 
 3.86800000e-04  1.61283490e-07 
 3.86900000e-04  1.61161090e-07 
 3.87000000e-04  1.61094301e-07 
 3.87100000e-04  1.72546929e-07 
 3.87200000e-04  1.72280107e-07 
 3.87300000e-04  1.72172910e-07 
 3.87400000e-04  1.72076171e-07 
 3.87500000e-04  1.72035829e-07 
 3.87600000e-04  1.58092062e-07 
 3.87700000e-04  1.57674847e-07 
 3.87800000e-04  1.57442877e-07 
 3.87900000e-04  1.57271498e-07 
 3.88000000e-04  1.57162514e-07 
 3.88100000e-04  1.73332458e-07 
 3.88200000e-04  1.73115076e-07 
 3.88300000e-04  1.73027639e-07 
 3.88400000e-04  1.72950032e-07 
 3.88500000e-04  1.72891432e-07 
 3.88600000e-04  1.60146740e-07 
 3.88700000e-04  1.59797673e-07 
 3.88800000e-04  1.59606583e-07 
 3.88900000e-04  1.59479812e-07 
 3.89000000e-04  1.59419278e-07 
 3.89100000e-04  1.73083526e-07 
 3.89200000e-04  1.72834990e-07 
 3.89300000e-04  1.72752861e-07 
 3.89400000e-04  1.72682728e-07 
 3.89500000e-04  1.72634250e-07 
 3.89600000e-04  1.58637995e-07 
 3.89700000e-04  1.58248083e-07 
 3.89800000e-04  1.58020980e-07 
 3.89900000e-04  1.57858125e-07 
 3.90000000e-04  1.57761436e-07 
 3.90100000e-04  1.77115610e-07 
 3.90200000e-04  1.76269784e-07 
 3.90300000e-04  1.76009441e-07 
 3.90400000e-04  1.75787731e-07 
 3.90500000e-04  1.75696319e-07 
 3.90600000e-04  1.70708273e-07 
 3.90700000e-04  1.70342461e-07 
 3.90800000e-04  1.70186001e-07 
 3.90900000e-04  1.70106931e-07 
 3.91000000e-04  1.70107578e-07 
 3.91100000e-04  1.71312181e-07 
 3.91200000e-04  1.70326262e-07 
 3.91300000e-04  1.70062370e-07 
 3.91400000e-04  1.69843998e-07 
 3.91500000e-04  1.69763115e-07 
 3.91600000e-04  1.56072468e-07 
 3.91700000e-04  1.55428451e-07 
 3.91800000e-04  1.55152427e-07 
 3.91900000e-04  1.54948471e-07 
 3.92000000e-04  1.54818743e-07 
 3.92100000e-04  1.70907047e-07 
 3.92200000e-04  1.70701811e-07 
 3.92300000e-04  1.70605001e-07 
 3.92400000e-04  1.70516115e-07 
 3.92500000e-04  1.70470180e-07 
 3.92600000e-04  1.57809616e-07 
 3.92700000e-04  1.57441762e-07 
 3.92800000e-04  1.57258023e-07 
 3.92900000e-04  1.57128988e-07 
 3.93000000e-04  1.57056265e-07 
 3.93100000e-04  1.70613684e-07 
 3.93200000e-04  1.70391684e-07 
 3.93300000e-04  1.70304925e-07 
 3.93400000e-04  1.70227381e-07 
 3.93500000e-04  1.70183944e-07 
 3.93600000e-04  1.56290355e-07 
 3.93700000e-04  1.55899642e-07 
 3.93800000e-04  1.55663169e-07 
 3.93900000e-04  1.55491406e-07 
 3.94000000e-04  1.55386278e-07 
 3.94100000e-04  1.71980209e-07 
 3.94200000e-04  1.71686468e-07 
 3.94300000e-04  1.71563899e-07 
 3.94400000e-04  1.71452306e-07 
 3.94500000e-04  1.71416947e-07 
 3.94600000e-04  1.60054768e-07 
 3.94700000e-04  1.59676303e-07 
 3.94800000e-04  1.59490442e-07 
 3.94900000e-04  1.59368331e-07 
 3.95000000e-04  1.59311863e-07 
 3.95100000e-04  1.70693315e-07 
 3.95200000e-04  1.70406445e-07 
 3.95300000e-04  1.70309737e-07 
 3.95400000e-04  1.70226310e-07 
 3.95500000e-04  1.70207593e-07 
 3.95600000e-04  1.56341815e-07 
 3.95700000e-04  1.55892601e-07 
 3.95800000e-04  1.55659692e-07 
 3.95900000e-04  1.55482370e-07 
 3.96000000e-04  1.55362269e-07 
 3.96100000e-04  1.71448758e-07 
 3.96200000e-04  1.71264108e-07 
 3.96300000e-04  1.71175732e-07 
 3.96400000e-04  1.71094097e-07 
 3.96500000e-04  1.71048073e-07 
 3.96600000e-04  1.58388074e-07 
 3.96700000e-04  1.58020591e-07 
 3.96800000e-04  1.57834864e-07 
 3.96900000e-04  1.57701069e-07 
 3.97000000e-04  1.57620725e-07 
 3.97100000e-04  1.71198114e-07 
 3.97200000e-04  1.70986609e-07 
 3.97300000e-04  1.70892995e-07 
 3.97400000e-04  1.70806807e-07 
 3.97500000e-04  1.70773209e-07 
 3.97600000e-04  1.56880689e-07 
 3.97700000e-04  1.56449477e-07 
 3.97800000e-04  1.56229688e-07 
 3.97900000e-04  1.56064915e-07 
 3.98000000e-04  1.55956769e-07 
 3.98100000e-04  1.73118805e-07 
 3.98200000e-04  1.72707041e-07 
 3.98300000e-04  1.72559692e-07 
 3.98400000e-04  1.72429895e-07 
 3.98500000e-04  1.72370278e-07 
 3.98600000e-04  1.62295111e-07 
 3.98700000e-04  1.61931611e-07 
 3.98800000e-04  1.61751887e-07 
 3.98900000e-04  1.61636881e-07 
 3.99000000e-04  1.61588515e-07 
 3.99100000e-04  1.70799631e-07 
 3.99200000e-04  1.70495910e-07 
 3.99300000e-04  1.70387587e-07 
 3.99400000e-04  1.70292394e-07 
 3.99500000e-04  1.70248404e-07 
 3.99600000e-04  1.56407054e-07 
 3.99700000e-04  1.55905240e-07 
 3.99800000e-04  1.55677684e-07 
 3.99900000e-04  1.55501757e-07 
 4.00000000e-04  1.55378965e-07 
 4.00100000e-04  1.71471087e-07 
 4.00200000e-04  1.71263037e-07 
 4.00300000e-04  1.71177748e-07 
 4.00400000e-04  1.71101703e-07 
 4.00500000e-04  1.71043487e-07 
 4.00600000e-04  1.58381591e-07 
 4.00700000e-04  1.58012377e-07 
 4.00800000e-04  1.57831669e-07 
 4.00900000e-04  1.57703724e-07 
 4.01000000e-04  1.57630083e-07 
 4.01100000e-04  1.71220377e-07 
 4.01200000e-04  1.70969033e-07 
 4.01300000e-04  1.70890646e-07 
 4.01400000e-04  1.70825150e-07 
 4.01500000e-04  1.70775448e-07 
 4.01600000e-04  1.56864715e-07 
 4.01700000e-04  1.56465341e-07 
 4.01800000e-04  1.56245308e-07 
 4.01900000e-04  1.56077420e-07 
 4.02000000e-04  1.55963200e-07 
 4.02100000e-04  1.72603873e-07 
 4.02200000e-04  1.72291834e-07 
 4.02300000e-04  1.72166812e-07 
 4.02400000e-04  1.72054906e-07 
 4.02500000e-04  1.72014216e-07 
 4.02600000e-04  1.60637210e-07 
 4.02700000e-04  1.60274886e-07 
 4.02800000e-04  1.60083507e-07 
 4.02900000e-04  1.59955429e-07 
 4.03000000e-04  1.59892526e-07 
 4.03100000e-04  1.71307126e-07 
 4.03200000e-04  1.71017008e-07 
 4.03300000e-04  1.70922968e-07 
 4.03400000e-04  1.70842818e-07 
 4.03500000e-04  1.70806412e-07 
 4.03600000e-04  1.56918229e-07 
 4.03700000e-04  1.56485847e-07 
 4.03800000e-04  1.56250316e-07 
 4.03900000e-04  1.56073687e-07 
 4.04000000e-04  1.55957689e-07 
 4.04100000e-04  1.72065645e-07 
 4.04200000e-04  1.71879061e-07 
 4.04300000e-04  1.71784412e-07 
 4.04400000e-04  1.71695848e-07 
 4.04500000e-04  1.71650801e-07 
 4.04600000e-04  1.58963374e-07 
 4.04700000e-04  1.58596541e-07 
 4.04800000e-04  1.58423820e-07 
 4.04900000e-04  1.58296371e-07 
 4.05000000e-04  1.58215492e-07 
 4.05100000e-04  1.71847559e-07 
 4.05200000e-04  1.71593075e-07 
 4.05300000e-04  1.71506015e-07 
 4.05400000e-04  1.71431721e-07 
 4.05500000e-04  1.71397278e-07 
 4.05600000e-04  1.57462722e-07 
 4.05700000e-04  1.57055328e-07 
 4.05800000e-04  1.56832186e-07 
 4.05900000e-04  1.56664134e-07 
 4.06000000e-04  1.56552780e-07 
 4.06100000e-04  1.74266269e-07 
 4.06200000e-04  1.73744614e-07 
 4.06300000e-04  1.73569972e-07 
 4.06400000e-04  1.73418532e-07 
 4.06500000e-04  1.73354482e-07 
 4.06600000e-04  1.64548911e-07 
 4.06700000e-04  1.64192259e-07 
 4.06800000e-04  1.64005776e-07 
 4.06900000e-04  1.63891776e-07 
 4.07000000e-04  1.63852420e-07 
 4.07100000e-04  1.71087963e-07 
 4.07200000e-04  1.70678648e-07 
 4.07300000e-04  1.70525085e-07 
 4.07400000e-04  1.70389152e-07 
 4.07500000e-04  1.70310131e-07 
 4.07600000e-04  1.56509576e-07 
 4.07700000e-04  1.55968994e-07 
 4.07800000e-04  1.55719285e-07 
 4.07900000e-04  1.55530592e-07 
 4.08000000e-04  1.55404710e-07 
 4.08100000e-04  1.71505417e-07 
 4.08200000e-04  1.71287894e-07 
 4.08300000e-04  1.71201309e-07 
 4.08400000e-04  1.71125123e-07 
 4.08500000e-04  1.71062818e-07 
 4.08600000e-04  1.58396330e-07 
 4.08700000e-04  1.58036647e-07 
 4.08800000e-04  1.57850675e-07 
 4.08900000e-04  1.57713689e-07 
 4.09000000e-04  1.57627099e-07 
 4.09100000e-04  1.71223433e-07 
 4.09200000e-04  1.70989889e-07 
 4.09300000e-04  1.70899383e-07 
 4.09400000e-04  1.70819187e-07 
 4.09500000e-04  1.70799259e-07 
 4.09600000e-04  1.56890150e-07 
 4.09700000e-04  1.56460998e-07 
 4.09800000e-04  1.56243548e-07 
 4.09900000e-04  1.56080242e-07 
 4.10000000e-04  1.55972657e-07 
 4.10100000e-04  1.72590641e-07 
 4.10200000e-04  1.72298164e-07 
 4.10300000e-04  1.72177344e-07 
 4.10400000e-04  1.72067938e-07 
 4.10500000e-04  1.72018438e-07 
 4.10600000e-04  1.60646869e-07 
 4.10700000e-04  1.60283896e-07 
 4.10800000e-04  1.60096425e-07 
 4.10900000e-04  1.59971029e-07 
 4.11000000e-04  1.59909536e-07 
 4.11100000e-04  1.71310655e-07 
 4.11200000e-04  1.71028901e-07 
 4.11300000e-04  1.70934545e-07 
 4.11400000e-04  1.70853107e-07 
 4.11500000e-04  1.70805740e-07 
 4.11600000e-04  1.56915366e-07 
 4.11700000e-04  1.56483679e-07 
 4.11800000e-04  1.56253612e-07 
 4.11900000e-04  1.56084010e-07 
 4.12000000e-04  1.55976643e-07 
 4.12100000e-04  1.72069643e-07 
 4.12200000e-04  1.71858901e-07 
 4.12300000e-04  1.71774743e-07 
 4.12400000e-04  1.71699990e-07 
 4.12500000e-04  1.71645329e-07 
 4.12600000e-04  1.58966300e-07 
 4.12700000e-04  1.58596556e-07 
 4.12800000e-04  1.58420289e-07 
 4.12900000e-04  1.58291778e-07 
 4.13000000e-04  1.58212394e-07 
 4.13100000e-04  1.71822365e-07 
 4.13200000e-04  1.71595639e-07 
 4.13300000e-04  1.71511437e-07 
 4.13400000e-04  1.71437227e-07 
 4.13500000e-04  1.71404552e-07 
 4.13600000e-04  1.57455278e-07 
 4.13700000e-04  1.57060216e-07 
 4.13800000e-04  1.56833424e-07 
 4.13900000e-04  1.56667155e-07 
 4.14000000e-04  1.56563182e-07 
 4.14100000e-04  1.73747618e-07 
 4.14200000e-04  1.73334555e-07 
 4.14300000e-04  1.73184869e-07 
 4.14400000e-04  1.73053138e-07 
 4.14500000e-04  1.73001938e-07 
 4.14600000e-04  1.62872743e-07 
 4.14700000e-04  1.62525945e-07 
 4.14800000e-04  1.62336860e-07 
 4.14900000e-04  1.62221894e-07 
 4.15000000e-04  1.62183248e-07 
 4.15100000e-04  1.71417476e-07 
 4.15200000e-04  1.71111869e-07 
 4.15300000e-04  1.70997420e-07 
 4.15400000e-04  1.70895307e-07 
 4.15500000e-04  1.70846727e-07 
 4.15600000e-04  1.56991520e-07 
 4.15700000e-04  1.56513254e-07 
 4.15800000e-04  1.56269821e-07 
 4.15900000e-04  1.56091658e-07 
 4.16000000e-04  1.55980686e-07 
 4.16100000e-04  1.72092679e-07 
 4.16200000e-04  1.71878595e-07 
 4.16300000e-04  1.71792051e-07 
 4.16400000e-04  1.71715004e-07 
 4.16500000e-04  1.71664471e-07 
 4.16600000e-04  1.58959715e-07 
 4.16700000e-04  1.58609021e-07 
 4.16800000e-04  1.58418122e-07 
 4.16900000e-04  1.58283354e-07 
 4.17000000e-04  1.58206344e-07 
 4.17100000e-04  1.71835966e-07 
 4.17200000e-04  1.71607989e-07 
 4.17300000e-04  1.71522358e-07 
 4.17400000e-04  1.71446695e-07 
 4.17500000e-04  1.71394599e-07 
 4.17600000e-04  1.57462969e-07 
 4.17700000e-04  1.57055374e-07 
 4.17800000e-04  1.56837131e-07 
 4.17900000e-04  1.56665914e-07 
 4.18000000e-04  1.56543067e-07 
 4.18100000e-04  1.73220230e-07 
 4.18200000e-04  1.72902190e-07 
 4.18300000e-04  1.72788481e-07 
 4.18400000e-04  1.72689135e-07 
 4.18500000e-04  1.72623212e-07 
 4.18600000e-04  1.61224261e-07 
 4.18700000e-04  1.60863076e-07 
 4.18800000e-04  1.60684914e-07 
 4.18900000e-04  1.60560900e-07 
 4.19000000e-04  1.60492601e-07 
 4.19100000e-04  1.71928449e-07 
 4.19200000e-04  1.71642055e-07 
 4.19300000e-04  1.71548006e-07 
 4.19400000e-04  1.71467564e-07 
 4.19500000e-04  1.71429860e-07 
 4.19600000e-04  1.57518823e-07 
 4.19700000e-04  1.57077209e-07 
 4.19800000e-04  1.56834962e-07 
 4.19900000e-04  1.56659652e-07 
 4.20000000e-04  1.56553252e-07 
 4.20100000e-04  1.72701663e-07 
 4.20200000e-04  1.72480854e-07 
 4.20300000e-04  1.72390963e-07 
 4.20400000e-04  1.72311475e-07 
 4.20500000e-04  1.72254519e-07 
 4.20600000e-04  1.59555910e-07 
 4.20700000e-04  1.59196115e-07 
 4.20800000e-04  1.59016064e-07 
 4.20900000e-04  1.58891521e-07 
 4.21000000e-04  1.58824101e-07 
 4.21100000e-04  1.72444064e-07 
 4.21200000e-04  1.72210554e-07 
 4.21300000e-04  1.72124501e-07 
 4.21400000e-04  1.72048748e-07 
 4.21500000e-04  1.72004991e-07 
 4.21600000e-04  1.58048825e-07 
 4.21700000e-04  1.57630304e-07 
 4.21800000e-04  1.57422798e-07 
 4.21900000e-04  1.57261254e-07 
 4.22000000e-04  1.57146978e-07 
 4.22100000e-04  1.75421056e-07 
 4.22200000e-04  1.74794705e-07 
 4.22300000e-04  1.74594335e-07 
 4.22400000e-04  1.74421923e-07 
 4.22500000e-04  1.74347353e-07 
 4.22600000e-04  1.66786657e-07 
 4.22700000e-04  1.66422445e-07 
 4.22800000e-04  1.66256999e-07 
 4.22900000e-04  1.66163585e-07 
 4.23000000e-04  1.66144336e-07 
 4.23100000e-04  1.71723525e-07 
 4.23200000e-04  1.70926655e-07 
 4.23300000e-04  1.70668243e-07 
 4.23400000e-04  1.70446355e-07 
 4.23500000e-04  1.70356055e-07 
 4.23600000e-04  1.56579015e-07 
 4.23700000e-04  1.56011055e-07 
 4.23800000e-04  1.55733535e-07 
 4.23900000e-04  1.55536172e-07 
 4.24000000e-04  1.55421347e-07 
 4.24100000e-04  1.71505056e-07 
 4.24200000e-04  1.71299954e-07 
 4.24300000e-04  1.71214976e-07 
 4.24400000e-04  1.71138819e-07 
 4.24500000e-04  1.71089139e-07 
 4.24600000e-04  1.58409330e-07 
 4.24700000e-04  1.58032311e-07 
 4.24800000e-04  1.57844518e-07 
 4.24900000e-04  1.57711392e-07 
 4.25000000e-04  1.57634517e-07 
 4.25100000e-04  1.71236357e-07 
 4.25200000e-04  1.70999577e-07 
 4.25300000e-04  1.70909999e-07 
 4.25400000e-04  1.70830830e-07 
 4.25500000e-04  1.70805777e-07 
 4.25600000e-04  1.56886463e-07 
 4.25700000e-04  1.56474616e-07 
 4.25800000e-04  1.56255446e-07 
 4.25900000e-04  1.56088291e-07 
 4.26000000e-04  1.55974643e-07 
 4.26100000e-04  1.72620357e-07 
 4.26200000e-04  1.72283817e-07 
 4.26300000e-04  1.72166022e-07 
 4.26400000e-04  1.72064387e-07 
 4.26500000e-04  1.72014445e-07 
 4.26600000e-04  1.60638017e-07 
 4.26700000e-04  1.60270513e-07 
 4.26800000e-04  1.60095372e-07 
 4.26900000e-04  1.59972084e-07 
 4.27000000e-04  1.59902140e-07 
 4.27100000e-04  1.71299896e-07 
 4.27200000e-04  1.71023668e-07 
 4.27300000e-04  1.70925841e-07 
 4.27400000e-04  1.70839875e-07 
 4.27500000e-04  1.70810195e-07 
 4.27600000e-04  1.56930546e-07 
 4.27700000e-04  1.56465454e-07 
 4.27800000e-04  1.56247935e-07 
 4.27900000e-04  1.56078047e-07 
 4.28000000e-04  1.55957142e-07 
 4.28100000e-04  1.72075337e-07 
 4.28200000e-04  1.71883688e-07 
 4.28300000e-04  1.71788805e-07 
 4.28400000e-04  1.71700272e-07 
 4.28500000e-04  1.71654772e-07 
 4.28600000e-04  1.58974630e-07 
 4.28700000e-04  1.58608911e-07 
 4.28800000e-04  1.58419109e-07 
 4.28900000e-04  1.58287811e-07 
 4.29000000e-04  1.58216711e-07 
 4.29100000e-04  1.71838313e-07 
 4.29200000e-04  1.71589922e-07 
 4.29300000e-04  1.71506174e-07 
 4.29400000e-04  1.71435025e-07 
 4.29500000e-04  1.71391822e-07 
 4.29600000e-04  1.57465750e-07 
 4.29700000e-04  1.57044414e-07 
 4.29800000e-04  1.56823383e-07 
 4.29900000e-04  1.56655930e-07 
 4.30000000e-04  1.56543592e-07 
 4.30100000e-04  1.73744065e-07 
 4.30200000e-04  1.73334525e-07 
 4.30300000e-04  1.73181795e-07 
 4.30400000e-04  1.73046224e-07 
 4.30500000e-04  1.72993594e-07 
 4.30600000e-04  1.62880946e-07 
 4.30700000e-04  1.62512904e-07 
 4.30800000e-04  1.62337602e-07 
 4.30900000e-04  1.62226495e-07 
 4.31000000e-04  1.62181454e-07 
 4.31100000e-04  1.71420098e-07 
 4.31200000e-04  1.71103474e-07 
 4.31300000e-04  1.70993518e-07 
 4.31400000e-04  1.70897521e-07 
 4.31500000e-04  1.70849620e-07 
 4.31600000e-04  1.56992893e-07 
 4.31700000e-04  1.56515748e-07 
 4.31800000e-04  1.56276412e-07 
 4.31900000e-04  1.56097904e-07 
 4.32000000e-04  1.55981990e-07 
 4.32100000e-04  1.72097907e-07 
 4.32200000e-04  1.71899903e-07 
 4.32300000e-04  1.71805734e-07 
 4.32400000e-04  1.71718841e-07 
 4.32500000e-04  1.71664812e-07 
 4.32600000e-04  1.58980953e-07 
 4.32700000e-04  1.58621364e-07 
 4.32800000e-04  1.58432406e-07 
 4.32900000e-04  1.58299048e-07 
 4.33000000e-04  1.58222889e-07 
 4.33100000e-04  1.71835128e-07 
 4.33200000e-04  1.71595499e-07 
 4.33300000e-04  1.71514874e-07 
 4.33400000e-04  1.71445645e-07 
 4.33500000e-04  1.71414560e-07 
 4.33600000e-04  1.57459548e-07 
 4.33700000e-04  1.57047830e-07 
 4.33800000e-04  1.56828834e-07 
 4.33900000e-04  1.56663527e-07 
 4.34000000e-04  1.56553448e-07 
 4.34100000e-04  1.73212882e-07 
 4.34200000e-04  1.72899987e-07 
 4.34300000e-04  1.72784478e-07 
 4.34400000e-04  1.72682507e-07 
 4.34500000e-04  1.72624844e-07 
 4.34600000e-04  1.61221098e-07 
 4.34700000e-04  1.60858306e-07 
 4.34800000e-04  1.60677364e-07 
 4.34900000e-04  1.60552672e-07 
 4.35000000e-04  1.60485847e-07 
 4.35100000e-04  1.71914570e-07 
 4.35200000e-04  1.71641411e-07 
 4.35300000e-04  1.71550217e-07 
 4.35400000e-04  1.71471154e-07 
 4.35500000e-04  1.71430834e-07 
 4.35600000e-04  1.57504851e-07 
 4.35700000e-04  1.57062371e-07 
 4.35800000e-04  1.56829864e-07 
 4.35900000e-04  1.56656874e-07 
 4.36000000e-04  1.56545120e-07 
 4.36100000e-04  1.72687447e-07 
 4.36200000e-04  1.72488464e-07 
 4.36300000e-04  1.72395078e-07 
 4.36400000e-04  1.72309125e-07 
 4.36500000e-04  1.72268348e-07 
 4.36600000e-04  1.59560733e-07 
 4.36700000e-04  1.59201425e-07 
 4.36800000e-04  1.59015524e-07 
 4.36900000e-04  1.58887933e-07 
 4.37000000e-04  1.58820331e-07 
 4.37100000e-04  1.72458208e-07 
 4.37200000e-04  1.72207356e-07 
 4.37300000e-04  1.72119917e-07 
 4.37400000e-04  1.72044548e-07 
 4.37500000e-04  1.72026255e-07 
 4.37600000e-04  1.58051055e-07 
 4.37700000e-04  1.57632101e-07 
 4.37800000e-04  1.57425260e-07 
 4.37900000e-04  1.57262880e-07 
 4.38000000e-04  1.57146204e-07 
 4.38100000e-04  1.74904325e-07 
 4.38200000e-04  1.74369118e-07 
 4.38300000e-04  1.74198987e-07 
 4.38400000e-04  1.74053929e-07 
 4.38500000e-04  1.73970871e-07 
 4.38600000e-04  1.65128131e-07 
 4.38700000e-04  1.64771817e-07 
 4.38800000e-04  1.64600999e-07 
 4.38900000e-04  1.64498166e-07 
 4.39000000e-04  1.64465305e-07 
 4.39100000e-04  1.71704881e-07 
 4.39200000e-04  1.71302305e-07 
 4.39300000e-04  1.71149313e-07 
 4.39400000e-04  1.71013198e-07 
 4.39500000e-04  1.70938495e-07 
 4.39600000e-04  1.57110862e-07 
 4.39700000e-04  1.56567487e-07 
 4.39800000e-04  1.56312983e-07 
 4.39900000e-04  1.56122192e-07 
 4.40000000e-04  1.55996958e-07 
 4.40100000e-04  1.72128336e-07 
 4.40200000e-04  1.71929078e-07 
 4.40300000e-04  1.71833558e-07 
 4.40400000e-04  1.71745322e-07 
 4.40500000e-04  1.71688271e-07 
 4.40600000e-04  1.58988824e-07 
 4.40700000e-04  1.58622335e-07 
 4.40800000e-04  1.58433275e-07 
 4.40900000e-04  1.58305188e-07 
 4.41000000e-04  1.58239835e-07 
 4.41100000e-04  1.71845632e-07 
 4.41200000e-04  1.71621645e-07 
 4.41300000e-04  1.71524974e-07 
 4.41400000e-04  1.71436865e-07 
 4.41500000e-04  1.71418697e-07 
 4.41600000e-04  1.57472314e-07 
 4.41700000e-04  1.57051012e-07 
 4.41800000e-04  1.56831813e-07 
 4.41900000e-04  1.56671253e-07 
 4.42000000e-04  1.56571019e-07 
 4.42100000e-04  1.73222970e-07 
 4.42200000e-04  1.72924306e-07 
 4.42300000e-04  1.72802239e-07 
 4.42400000e-04  1.72692114e-07 
 4.42500000e-04  1.72650776e-07 
 4.42600000e-04  1.61213520e-07 
 4.42700000e-04  1.60870249e-07 
 4.42800000e-04  1.60676455e-07 
 4.42900000e-04  1.60548368e-07 
 4.43000000e-04  1.60487904e-07 
 4.43100000e-04  1.71927530e-07 
 4.43200000e-04  1.71644460e-07 
 4.43300000e-04  1.71555383e-07 
 4.43400000e-04  1.71479542e-07 
 4.43500000e-04  1.71426254e-07 
 4.43600000e-04  1.57510860e-07 
 4.43700000e-04  1.57084881e-07 
 4.43800000e-04  1.56850226e-07 
 4.43900000e-04  1.56673151e-07 
 4.44000000e-04  1.56555306e-07 
 4.44100000e-04  1.72707684e-07 
 4.44200000e-04  1.72496317e-07 
 4.44300000e-04  1.72403877e-07 
 4.44400000e-04  1.72320428e-07 
 4.44500000e-04  1.72281158e-07 
 4.44600000e-04  1.59559043e-07 
 4.44700000e-04  1.59200618e-07 
 4.44800000e-04  1.59011009e-07 
 4.44900000e-04  1.58884681e-07 
 4.45000000e-04  1.58823468e-07 
 4.45100000e-04  1.72457002e-07 
 4.45200000e-04  1.72218730e-07 
 4.45300000e-04  1.72126123e-07 
 4.45400000e-04  1.72043939e-07 
 4.45500000e-04  1.72004769e-07 
 4.45600000e-04  1.58034145e-07 
 4.45700000e-04  1.57632249e-07 
 4.45800000e-04  1.57425962e-07 
 4.45900000e-04  1.57265031e-07 
 4.46000000e-04  1.57150716e-07 
 4.46100000e-04  1.74366981e-07 
 4.46200000e-04  1.73940462e-07 
 4.46300000e-04  1.73802210e-07 
 4.46400000e-04  1.73683812e-07 
 4.46500000e-04  1.73628413e-07 
 4.46600000e-04  1.63478996e-07 
 4.46700000e-04  1.63106858e-07 
 4.46800000e-04  1.62934159e-07 
 4.46900000e-04  1.62822647e-07 
 4.47000000e-04  1.62774086e-07 
 4.47100000e-04  1.72042882e-07 
 4.47200000e-04  1.71739973e-07 
 4.47300000e-04  1.71619407e-07 
 4.47400000e-04  1.71510447e-07 
 4.47500000e-04  1.71471518e-07 
 4.47600000e-04  1.57578333e-07 
 4.47700000e-04  1.57108686e-07 
 4.47800000e-04  1.56861997e-07 
 4.47900000e-04  1.56684901e-07 
 4.48000000e-04  1.56579425e-07 
 4.48100000e-04  1.72726618e-07 
 4.48200000e-04  1.72509702e-07 
 4.48300000e-04  1.72414692e-07 
 4.48400000e-04  1.72329234e-07 
 4.48500000e-04  1.72274912e-07 
 4.48600000e-04  1.59561457e-07 
 4.48700000e-04  1.59200582e-07 
 4.48800000e-04  1.59024403e-07 
 4.48900000e-04  1.58894188e-07 
 4.49000000e-04  1.58811211e-07 
 4.49100000e-04  1.72465581e-07 
 4.49200000e-04  1.72228232e-07 
 4.49300000e-04  1.72136226e-07 
 4.49400000e-04  1.72054585e-07 
 4.49500000e-04  1.72015168e-07 
 4.49600000e-04  1.58038812e-07 
 4.49700000e-04  1.57655446e-07 
 4.49800000e-04  1.57436681e-07 
 4.49900000e-04  1.57265465e-07 
 4.50000000e-04  1.57143123e-07 
 4.50100000e-04  1.73842144e-07 
 4.50200000e-04  1.73537993e-07 
 4.50300000e-04  1.73410129e-07 
 4.50400000e-04  1.73294120e-07 
 4.50500000e-04  1.73247083e-07 
 4.50600000e-04  1.61800830e-07 
 4.50700000e-04  1.61445686e-07 
 4.50800000e-04  1.61262260e-07 
 4.50900000e-04  1.61142059e-07 
 4.51000000e-04  1.61086906e-07 
 4.51100000e-04  1.72549850e-07 
 4.51200000e-04  1.72277640e-07 
 4.51300000e-04  1.72183110e-07 
 4.51400000e-04  1.72100198e-07 
 4.51500000e-04  1.72054480e-07 
 4.51600000e-04  1.58094998e-07 
 4.51700000e-04  1.57660503e-07 
 4.51800000e-04  1.57428735e-07 
 4.51900000e-04  1.57257992e-07 
 4.52000000e-04  1.57150030e-07 
 4.52100000e-04  1.73326399e-07 
 4.52200000e-04  1.73113746e-07 
 4.52300000e-04  1.73025153e-07 
 4.52400000e-04  1.72946033e-07 
 4.52500000e-04  1.72895699e-07 
 4.52600000e-04  1.60131899e-07 
 4.52700000e-04  1.59791773e-07 
 4.52800000e-04  1.59610091e-07 
 4.52900000e-04  1.59482384e-07 
 4.53000000e-04  1.59410178e-07 
 4.53100000e-04  1.73087449e-07 
 4.53200000e-04  1.72831440e-07 
 4.53300000e-04  1.72736626e-07 
 4.53400000e-04  1.72653753e-07 
 4.53500000e-04  1.72621362e-07 
 4.53600000e-04  1.58614182e-07 
 4.53700000e-04  1.58238161e-07 
 4.53800000e-04  1.58022238e-07 
 4.53900000e-04  1.57861203e-07 
 4.54000000e-04  1.57756432e-07 
 4.54100000e-04  1.79823880e-07 
 4.54200000e-04  1.78065120e-07 
 4.54300000e-04  1.77529553e-07 
 4.54400000e-04  1.77314440e-07 
 4.54500000e-04  1.77202873e-07 
 4.54600000e-04  1.70478047e-07 
 4.54700000e-04  1.69972944e-07 
 4.54800000e-04  1.69742566e-07 
 4.54900000e-04  1.69579355e-07 
 4.55000000e-04  1.69484561e-07 
 4.55100000e-04  1.03758805e-04 
 4.55200000e-04  1.03757663e-04 
 4.55300000e-04  1.03757369e-04 
 4.55400000e-04  1.03757129e-04 
 4.55500000e-04  1.03757032e-04 
 4.55600000e-04  1.03743286e-04 
 4.55700000e-04  1.03742647e-04 
 4.55800000e-04  1.03742381e-04 
 4.55900000e-04  1.03742188e-04 
 4.56000000e-04  1.03742067e-04 
 4.56100000e-04  1.72678607e-07 
 4.56200000e-04  1.72424620e-07 
 4.56300000e-04  1.72325716e-07 
 4.56400000e-04  1.72238317e-07 
 4.56500000e-04  1.72196012e-07 
 4.56600000e-04  1.59483727e-07 
 4.56700000e-04  1.59123151e-07 
 4.56800000e-04  1.58932751e-07 
 4.56900000e-04  1.58803859e-07 
 4.57000000e-04  1.58738235e-07 
 4.57100000e-04  1.72385938e-07 
 4.57200000e-04  1.72148385e-07 
 4.57300000e-04  1.72056630e-07 
 4.57400000e-04  1.71974915e-07 
 4.57500000e-04  1.71945444e-07 
 4.57600000e-04  1.57965128e-07 
 4.57700000e-04  1.57563759e-07 
 4.57800000e-04  1.57347881e-07 
 4.57900000e-04  1.57183962e-07 
 4.58000000e-04  1.57073465e-07 
 4.58100000e-04  1.73769054e-07 
 4.58200000e-04  1.73439853e-07 
 4.58300000e-04  1.73323381e-07 
 4.58400000e-04  1.73222365e-07 
 4.58500000e-04  1.73152924e-07 
 4.58600000e-04  1.61718841e-07 
 4.58700000e-04  1.61345184e-07 
 4.58800000e-04  1.61165071e-07 
 4.58900000e-04  1.61046670e-07 
 4.59000000e-04  1.60991750e-07 
 4.59100000e-04  1.72460363e-07 
 4.59200000e-04  1.72174026e-07 
 4.59300000e-04  1.72074138e-07 
 4.59400000e-04  1.71987016e-07 
 4.59500000e-04  1.71935370e-07 
 4.59600000e-04  1.58004100e-07 
 4.59700000e-04  1.57568074e-07 
 4.59800000e-04  1.57335659e-07 
 4.59900000e-04  1.57159342e-07 
 4.60000000e-04  1.57040713e-07 
 4.60100000e-04  1.73217637e-07 
 4.60200000e-04  1.73014310e-07 
 4.60300000e-04  1.72923905e-07 
 4.60400000e-04  1.72841480e-07 
 4.60500000e-04  1.72784884e-07 
 4.60600000e-04  1.60043695e-07 
 4.60700000e-04  1.59699968e-07 
 4.60800000e-04  1.59510493e-07 
 4.60900000e-04  1.59377221e-07 
 4.61000000e-04  1.59301745e-07 
 4.61100000e-04  1.72983504e-07 
 4.61200000e-04  1.72729498e-07 
 4.61300000e-04  1.72645419e-07 
 4.61400000e-04  1.72574181e-07 
 4.61500000e-04  1.72526686e-07 
 4.61600000e-04  1.58528385e-07 
 4.61700000e-04  1.58121862e-07 
 4.61800000e-04  1.57905534e-07 
 4.61900000e-04  1.57746821e-07 
 4.62000000e-04  1.57647360e-07 
 4.62100000e-04  1.74889726e-07 
 4.62200000e-04  1.74461680e-07 
 4.62300000e-04  1.74318795e-07 
 4.62400000e-04  1.74195123e-07 
 4.62500000e-04  1.74124164e-07 
 4.62600000e-04  1.63952077e-07 
 4.62700000e-04  1.63592055e-07 
 4.62800000e-04  1.63428230e-07 
 4.62900000e-04  1.63312284e-07 
 4.63000000e-04  1.63245542e-07 
 4.63100000e-04  1.72586248e-07 
 4.63200000e-04  1.72264538e-07 
 4.63300000e-04  1.72140976e-07 
 4.63400000e-04  1.72030433e-07 
 4.63500000e-04  1.71993575e-07 
 4.63600000e-04  1.58061065e-07 
 4.63700000e-04  1.57582679e-07 
 4.63800000e-04  1.57354649e-07 
 4.63900000e-04  1.57182582e-07 
 4.64000000e-04  1.57068062e-07 
 4.64100000e-04  1.73239610e-07 
 4.64200000e-04  1.73028485e-07 
 4.64300000e-04  1.72931620e-07 
 4.64400000e-04  1.72843016e-07 
 4.64500000e-04  1.72805034e-07 
 4.64600000e-04  1.60037137e-07 
 4.64700000e-04  1.59700204e-07 
 4.64800000e-04  1.59511165e-07 
 4.64900000e-04  1.59380335e-07 
 4.65000000e-04  1.59309369e-07 
 4.65100000e-04  1.72989211e-07 
 4.65200000e-04  1.72743014e-07 
 4.65300000e-04  1.72652357e-07 
 4.65400000e-04  1.72572718e-07 
 4.65500000e-04  1.72532967e-07 
 4.65600000e-04  1.58527012e-07 
 4.65700000e-04  1.58139973e-07 
 4.65800000e-04  1.57914046e-07 
 4.65900000e-04  1.57746877e-07 
 4.66000000e-04  1.57640134e-07 
 4.66100000e-04  1.74363649e-07 
 4.66200000e-04  1.74048738e-07 
 4.66300000e-04  1.73933795e-07 
 4.66400000e-04  1.73832776e-07 
 4.66500000e-04  1.73765311e-07 
 4.66600000e-04  1.62278728e-07 
 4.66700000e-04  1.61932800e-07 
 4.66800000e-04  1.61754284e-07 
 4.66900000e-04  1.61630610e-07 
 4.67000000e-04  1.61563314e-07 
 4.67100000e-04  1.73079622e-07 
 4.67200000e-04  1.72792839e-07 
 4.67300000e-04  1.72692008e-07 
 4.67400000e-04  1.72604501e-07 
 4.67500000e-04  1.72564347e-07 
 4.67600000e-04  1.58581873e-07 
 4.67700000e-04  1.58155139e-07 
 4.67800000e-04  1.57926858e-07 
 4.67900000e-04  1.57751185e-07 
 4.68000000e-04  1.57629593e-07 
 4.68100000e-04  1.73831685e-07 
 4.68200000e-04  1.73621429e-07 
 4.68300000e-04  1.73532165e-07 
 4.68400000e-04  1.73451542e-07 
 4.68500000e-04  1.73403698e-07 
 4.68600000e-04  1.60607671e-07 
 4.68700000e-04  1.60277794e-07 
 4.68800000e-04  1.60090694e-07 
 4.68900000e-04  1.59960682e-07 
 4.69000000e-04  1.59889371e-07 
 4.69100000e-04  1.73603756e-07 
 4.69200000e-04  1.73365374e-07 
 4.69300000e-04  1.73264915e-07 
 4.69400000e-04  1.73174217e-07 
 4.69500000e-04  1.73135522e-07 
 4.69600000e-04  1.59114651e-07 
 4.69700000e-04  1.58726872e-07 
 4.69800000e-04  1.58506310e-07 
 4.69900000e-04  1.58339164e-07 
 4.70000000e-04  1.58226928e-07 
 4.70100000e-04  1.76043335e-07 
 4.70200000e-04  1.75506255e-07 
 4.70300000e-04  1.75330873e-07 
 4.70400000e-04  1.75179902e-07 
 4.70500000e-04  1.75106939e-07 
 4.70600000e-04  1.66191803e-07 
 4.70700000e-04  1.65855858e-07 
 4.70800000e-04  1.65680465e-07 
 4.70900000e-04  1.65577099e-07 
 4.71000000e-04  1.65547849e-07 
 4.71100000e-04  1.72854394e-07 
 4.71200000e-04  1.72446668e-07 
 4.71300000e-04  1.72286780e-07 
 4.71400000e-04  1.72143332e-07 
 4.71500000e-04  1.72065552e-07 
 4.71600000e-04  1.58165037e-07 
 4.71700000e-04  1.57645818e-07 
 4.71800000e-04  1.57400135e-07 
 4.71900000e-04  1.57216085e-07 
 4.72000000e-04  1.57095421e-07 
 4.72100000e-04  1.73262119e-07 
 4.72200000e-04  1.73057961e-07 
 4.72300000e-04  1.72962489e-07 
 4.72400000e-04  1.72874387e-07 
 4.72500000e-04  1.72819479e-07 
 4.72600000e-04  1.60051216e-07 
 4.72700000e-04  1.59704382e-07 
 4.72800000e-04  1.59524239e-07 
 4.72900000e-04  1.59393240e-07 
 4.73000000e-04  1.59312737e-07 
 4.73100000e-04  1.73012194e-07 
 4.73200000e-04  1.72750065e-07 
 4.73300000e-04  1.72655254e-07 
 4.73400000e-04  1.72573179e-07 
 4.73500000e-04  1.72541358e-07 
 4.73600000e-04  1.58533615e-07 
 4.73700000e-04  1.58149688e-07 
 4.73800000e-04  1.57925394e-07 
 4.73900000e-04  1.57752228e-07 
 4.74000000e-04  1.57631604e-07 
 4.74100000e-04  1.74370076e-07 
 4.74200000e-04  1.74050961e-07 
 4.74300000e-04  1.73931644e-07 
 4.74400000e-04  1.73826588e-07 
 4.74500000e-04  1.73770821e-07 
 4.74600000e-04  1.62281080e-07 
 4.74700000e-04  1.61929025e-07 
 4.74800000e-04  1.61754421e-07 
 4.74900000e-04  1.61639414e-07 
 4.75000000e-04  1.61585696e-07 
 4.75100000e-04  1.73084966e-07 
 4.75200000e-04  1.72788825e-07 
 4.75300000e-04  1.72686445e-07 
 4.75400000e-04  1.72597518e-07 
 4.75500000e-04  1.72550211e-07 
 4.75600000e-04  1.58584972e-07 
 4.75700000e-04  1.58158515e-07 
 4.75800000e-04  1.57933287e-07 
 4.75900000e-04  1.57758514e-07 
 4.76000000e-04  1.57635586e-07 
 4.76100000e-04  1.73836231e-07 
 4.76200000e-04  1.73634657e-07 
 4.76300000e-04  1.73539660e-07 
 4.76400000e-04  1.73451905e-07 
 4.76500000e-04  1.73409827e-07 
 4.76600000e-04  1.60615498e-07 
 4.76700000e-04  1.60265847e-07 
 4.76800000e-04  1.60086001e-07 
 4.76900000e-04  1.59957189e-07 
 4.77000000e-04  1.59880823e-07 
 4.77100000e-04  1.73606421e-07 
 4.77200000e-04  1.73358466e-07 
 4.77300000e-04  1.73269262e-07 
 4.77400000e-04  1.73191756e-07 
 4.77500000e-04  1.73156532e-07 
 4.77600000e-04  1.59109872e-07 
 4.77700000e-04  1.58724402e-07 
 4.77800000e-04  1.58502890e-07 
 4.77900000e-04  1.58342143e-07 
 4.78000000e-04  1.58243878e-07 
 4.78100000e-04  1.75526730e-07 
 4.78200000e-04  1.75090406e-07 
 4.78300000e-04  1.74941516e-07 
 4.78400000e-04  1.74812523e-07 
 4.78500000e-04  1.74737227e-07 
 4.78600000e-04  1.64533493e-07 
 4.78700000e-04  1.64194480e-07 
 4.78800000e-04  1.64021733e-07 
 4.78900000e-04  1.63911595e-07 
 4.79000000e-04  1.63865845e-07 
 4.79100000e-04  1.73191252e-07 
 4.79200000e-04  1.72886533e-07 
 4.79300000e-04  1.72762063e-07 
 4.79400000e-04  1.72649131e-07 
 4.79500000e-04  1.72596428e-07 
 4.79600000e-04  1.58656255e-07 
 4.79700000e-04  1.58168156e-07 
 4.79800000e-04  1.57937946e-07 
 4.79900000e-04  1.57769539e-07 
 4.80000000e-04  1.57664687e-07 
 4.80100000e-04  1.73868406e-07 
 4.80200000e-04  1.73644047e-07 
 4.80300000e-04  1.73545188e-07 
 4.80400000e-04  1.73455826e-07 
 4.80500000e-04  1.73420826e-07 
 4.80600000e-04  1.60623094e-07 
 4.80700000e-04  1.60284386e-07 
 4.80800000e-04  1.60103559e-07 
 4.80900000e-04  1.59977329e-07 
 4.81000000e-04  1.59907216e-07 
 4.81100000e-04  1.73604274e-07 
 4.81200000e-04  1.73374311e-07 
 4.81300000e-04  1.73272371e-07 
 4.81400000e-04  1.73178919e-07 
 4.81500000e-04  1.73148569e-07 
 4.81600000e-04  1.59120745e-07 
 4.81700000e-04  1.58706150e-07 
 4.81800000e-04  1.58501060e-07 
 4.81900000e-04  1.58349274e-07 
 4.82000000e-04  1.58252266e-07 
 4.82100000e-04  1.74994960e-07 
 4.82200000e-04  1.74658902e-07 
 4.82300000e-04  1.74543591e-07 
 4.82400000e-04  1.74444272e-07 
 4.82500000e-04  1.74384138e-07 
 4.82600000e-04  1.62884545e-07 
 4.82700000e-04  1.62518787e-07 
 4.82800000e-04  1.62352384e-07 
 4.82900000e-04  1.62233952e-07 
 4.83000000e-04  1.62164802e-07 
 4.83100000e-04  1.73683854e-07 
 4.83200000e-04  1.73410160e-07 
 4.83300000e-04  1.73303935e-07 
 4.83400000e-04  1.73208678e-07 
 4.83500000e-04  1.73174190e-07 
 4.83600000e-04  1.59161719e-07 
 4.83700000e-04  1.58742649e-07 
 4.83800000e-04  1.58520653e-07 
 4.83900000e-04  1.58350997e-07 
 4.84000000e-04  1.58235128e-07 
 4.84100000e-04  1.74465123e-07 
 4.84200000e-04  1.74240776e-07 
 4.84300000e-04  1.74154250e-07 
 4.84400000e-04  1.74077926e-07 
 4.84500000e-04  1.74019144e-07 
 4.84600000e-04  1.61210529e-07 
 4.84700000e-04  1.60871086e-07 
 4.84800000e-04  1.60680935e-07 
 4.84900000e-04  1.60554977e-07 
 4.85000000e-04  1.60495031e-07 
 4.85100000e-04  1.74227963e-07 
 4.85200000e-04  1.73986427e-07 
 4.85300000e-04  1.73891687e-07 
 4.85400000e-04  1.73807074e-07 
 4.85500000e-04  1.73770652e-07 
 4.85600000e-04  1.59691615e-07 
 4.85700000e-04  1.59295189e-07 
 4.85800000e-04  1.59089595e-07 
 4.85900000e-04  1.58935297e-07 
 4.86000000e-04  1.58833711e-07 
 4.86100000e-04  1.77207353e-07 
 4.86200000e-04  1.76553878e-07 
 4.86300000e-04  1.76341087e-07 
 4.86400000e-04  1.76158033e-07 
 4.86500000e-04  1.76074244e-07 
 4.86600000e-04  1.68460200e-07 
 4.86700000e-04  1.68103140e-07 
 4.86800000e-04  1.67938154e-07 
 4.86900000e-04  1.67845231e-07 
 4.87000000e-04  1.67826435e-07 
 4.87100000e-04  1.73497552e-07 
 4.87200000e-04  1.72679222e-07 
 4.87300000e-04  1.72426055e-07 
 4.87400000e-04  1.72211538e-07 
 4.87500000e-04  1.72113358e-07 
 4.87600000e-04  1.58234598e-07 
 4.87700000e-04  1.57666089e-07 
 4.87800000e-04  1.57413579e-07 
 4.87900000e-04  1.57223980e-07 
 4.88000000e-04  1.57099073e-07 
 4.88100000e-04  1.73287857e-07 
 4.88200000e-04  1.73060366e-07 
 4.88300000e-04  1.72967752e-07 
 4.88400000e-04  1.72885399e-07 
 4.88500000e-04  1.72828240e-07 
 4.88600000e-04  1.60051177e-07 
 4.88700000e-04  1.59712507e-07 
 4.88800000e-04  1.59532222e-07 
 4.88900000e-04  1.59400205e-07 
 4.89000000e-04  1.59318035e-07 
 4.89100000e-04  1.73162701e-07 
 4.89200000e-04  1.72811126e-07 
 4.89300000e-04  1.72675451e-07 
 4.89400000e-04  1.72604947e-07 
 4.89500000e-04  1.72550240e-07 
 4.89600000e-04  1.58551024e-07 
 4.89700000e-04  1.58147474e-07 
 4.89800000e-04  1.57927550e-07 
 4.89900000e-04  1.57759511e-07 
 4.90000000e-04  1.57644816e-07 
 4.90100000e-04  1.74369482e-07 
 4.90200000e-04  1.74054157e-07 
 4.90300000e-04  1.73931564e-07 
 4.90400000e-04  1.73822121e-07 
 4.90500000e-04  1.73777122e-07 
 4.90600000e-04  1.62298214e-07 
 4.90700000e-04  1.61940028e-07 
 4.90800000e-04  1.61769967e-07 
 4.90900000e-04  1.61649311e-07 
 4.91000000e-04  1.61579464e-07 
 4.91100000e-04  1.73075107e-07 
 4.91200000e-04  1.72797402e-07 
 4.91300000e-04  1.72689059e-07 
 4.91400000e-04  1.72591675e-07 
 4.91500000e-04  1.72555833e-07 
 4.91600000e-04  1.58579455e-07 
 4.91700000e-04  1.58138747e-07 
 4.91800000e-04  1.57924327e-07 
 4.91900000e-04  1.57763627e-07 
 4.92000000e-04  1.57658214e-07 
 4.92100000e-04  1.73838090e-07 
 4.92200000e-04  1.73640251e-07 
 4.92300000e-04  1.73542259e-07 
 4.92400000e-04  1.73450940e-07 
 4.92500000e-04  1.73403052e-07 
 4.92600000e-04  1.60621169e-07 
 4.92700000e-04  1.60269111e-07 
 4.92800000e-04  1.60101620e-07 
 4.92900000e-04  1.59971434e-07 
 4.93000000e-04  1.59879615e-07 
 4.93100000e-04  1.73617945e-07 
 4.93200000e-04  1.73358982e-07 
 4.93300000e-04  1.73262886e-07 
 4.93400000e-04  1.73178880e-07 
 4.93500000e-04  1.73138763e-07 
 4.93600000e-04  1.59114505e-07 
 4.93700000e-04  1.58724578e-07 
 4.93800000e-04  1.58512713e-07 
 4.93900000e-04  1.58345329e-07 
 4.94000000e-04  1.58223862e-07 
 4.94100000e-04  1.75941395e-07 
 4.94200000e-04  1.75292348e-07 
 4.94300000e-04  1.75093690e-07 
 4.94400000e-04  1.75016085e-07 
 4.94500000e-04  1.74966317e-07 
 4.94600000e-04  1.64825416e-07 
 4.94700000e-04  1.64487594e-07 
 4.94800000e-04  1.64310711e-07 
 4.94900000e-04  1.64165007e-07 
 4.95000000e-04  1.64051389e-07 
 4.95100000e-04  1.73194838e-07 
 4.95200000e-04  1.72871205e-07 
 4.95300000e-04  1.72762804e-07 
 4.95400000e-04  1.72668791e-07 
 4.95500000e-04  1.72612451e-07 
 4.95600000e-04  1.58659975e-07 
 4.95700000e-04  1.58172896e-07 
 4.95800000e-04  1.57940524e-07 
 4.95900000e-04  1.57767945e-07 
 4.96000000e-04  1.57656995e-07 
 4.96100000e-04  1.73854998e-07 
 4.96200000e-04  1.73645301e-07 
 4.96300000e-04  1.73556174e-07 
 4.96400000e-04  1.73475662e-07 
 4.96500000e-04  1.73417266e-07 
 4.96600000e-04  1.60633706e-07 
 4.96700000e-04  1.60278075e-07 
 4.96800000e-04  1.60101603e-07 
 4.96900000e-04  1.59973691e-07 
 4.97000000e-04  1.59895844e-07 
 4.97100000e-04  1.73607527e-07 
 4.97200000e-04  1.73358693e-07 
 4.97300000e-04  1.73263814e-07 
 4.97400000e-04  1.73180187e-07 
 4.97500000e-04  1.73142650e-07 
 4.97600000e-04  1.59127849e-07 
 4.97700000e-04  1.58729278e-07 
 4.97800000e-04  1.58511909e-07 
 4.97900000e-04  1.58346243e-07 
 4.98000000e-04  1.58233902e-07 
 4.98100000e-04  1.74980971e-07 
 4.98200000e-04  1.74670025e-07 
 4.98300000e-04  1.74548271e-07 
 4.98400000e-04  1.74439324e-07 
 4.98500000e-04  1.74389340e-07 
 4.98600000e-04  1.62870354e-07 
 4.98700000e-04  1.62534911e-07 
 4.98800000e-04  1.62359357e-07 
 4.98900000e-04  1.62240902e-07 
 4.99000000e-04  1.62181358e-07 
 4.99100000e-04  1.73693804e-07 
 4.99200000e-04  1.73397912e-07 
 4.99300000e-04  1.73294897e-07 
 4.99400000e-04  1.73205304e-07 
 4.99500000e-04  1.73179048e-07 
 4.99600000e-04  1.59171472e-07 
 4.99700000e-04  1.58734030e-07 
 4.99800000e-04  1.58514631e-07 
 4.99900000e-04  1.58346868e-07 
 5.00000000e-04  1.58232378e-07 
 5.00100000e-04  1.74464249e-07 
 5.00200000e-04  1.74267765e-07 
 5.00300000e-04  1.74172297e-07 
 5.00400000e-04  1.74083430e-07 
 5.00500000e-04  1.74029277e-07 
 5.00600000e-04  1.61195357e-07 
 5.00700000e-04  1.60875314e-07 
 5.00800000e-04  1.60688428e-07 
 5.00900000e-04  1.60559361e-07 
 5.01000000e-04  1.60489945e-07 
 5.01100000e-04  1.74221357e-07 
 5.01200000e-04  1.73978890e-07 
 5.01300000e-04  1.73889072e-07 
 5.01400000e-04  1.73809939e-07 
 5.01500000e-04  1.73768192e-07 
 5.01600000e-04  1.59696081e-07 
 5.01700000e-04  1.59301683e-07 
 5.01800000e-04  1.59104430e-07 
 5.01900000e-04  1.58944019e-07 
 5.02000000e-04  1.58821619e-07 
 5.02100000e-04  1.76681555e-07 
 5.02200000e-04  1.76130739e-07 
 5.02300000e-04  1.75956160e-07 
 5.02400000e-04  1.75807816e-07 
 5.02500000e-04  1.75726741e-07 
 5.02600000e-04  1.66778201e-07 
 5.02700000e-04  1.66442512e-07 
 5.02800000e-04  1.66276988e-07 
 5.02900000e-04  1.66173979e-07 
 5.03000000e-04  1.66135468e-07 
 5.03100000e-04  1.73487618e-07 
 5.03200000e-04  1.73063637e-07 
 5.03300000e-04  1.72898180e-07 
 5.03400000e-04  1.72750064e-07 
 5.03500000e-04  1.72682892e-07 
 5.03600000e-04  1.58760679e-07 
 5.03700000e-04  1.58250290e-07 
 5.03800000e-04  1.58000944e-07 
 5.03900000e-04  1.57812235e-07 
 5.04000000e-04  1.57686086e-07 
 5.04100000e-04  1.73903929e-07 
 5.04200000e-04  1.73688275e-07 
 5.04300000e-04  1.73579327e-07 
 5.04400000e-04  1.73478128e-07 
 5.04500000e-04  1.73433137e-07 
 5.04600000e-04  1.60641213e-07 
 5.04700000e-04  1.60295673e-07 
 5.04800000e-04  1.60113511e-07 
 5.04900000e-04  1.59984941e-07 
 5.05000000e-04  1.59911660e-07 
 5.05100000e-04  1.73630727e-07 
 5.05200000e-04  1.73377697e-07 
 5.05300000e-04  1.73279562e-07 
 5.05400000e-04  1.73192991e-07 
 5.05500000e-04  1.73163764e-07 
 5.05600000e-04  1.59119005e-07 
 5.05700000e-04  1.58728337e-07 
 5.05800000e-04  1.58510509e-07 
 5.05900000e-04  1.58346600e-07 
 5.06000000e-04  1.58238318e-07 
 5.06100000e-04  1.75011447e-07 
 5.06200000e-04  1.74673987e-07 
 5.06300000e-04  1.74552634e-07 
 5.06400000e-04  1.74447035e-07 
 5.06500000e-04  1.74393773e-07 
 5.06600000e-04  1.62890502e-07 
 5.06700000e-04  1.62524535e-07 
 5.06800000e-04  1.62360302e-07 
 5.06900000e-04  1.62241484e-07 
 5.07000000e-04  1.62169523e-07 
 5.07100000e-04  1.73698319e-07 
 5.07200000e-04  1.73419379e-07 
 5.07300000e-04  1.73314591e-07 
 5.07400000e-04  1.73221490e-07 
 5.07500000e-04  1.73179009e-07 
 5.07600000e-04  1.59178574e-07 
 5.07700000e-04  1.58740062e-07 
 5.07800000e-04  1.58520132e-07 
 5.07900000e-04  1.58352568e-07 
 5.08000000e-04  1.58239028e-07 
 5.08100000e-04  1.74469243e-07 
 5.08200000e-04  1.74246353e-07 
 5.08300000e-04  1.74155620e-07 
 5.08400000e-04  1.74074887e-07 
 5.08500000e-04  1.74018727e-07 
 5.08600000e-04  1.61200560e-07 
 5.08700000e-04  1.60872559e-07 
 5.08800000e-04  1.60698779e-07 
 5.08900000e-04  1.60570686e-07 
 5.09000000e-04  1.60489728e-07 
 5.09100000e-04  1.74234681e-07 
 5.09200000e-04  1.73987491e-07 
 5.09300000e-04  1.73891207e-07 
 5.09400000e-04  1.73805879e-07 
 5.09500000e-04  1.73760851e-07 
 5.09600000e-04  1.59697524e-07 
 5.09700000e-04  1.59304425e-07 
 5.09800000e-04  1.59091762e-07 
 5.09900000e-04  1.58933949e-07 
 5.10000000e-04  1.58832725e-07 
 5.10100000e-04  1.76140170e-07 
 5.10200000e-04  1.75714680e-07 
 5.10300000e-04  1.75565953e-07 
 5.10400000e-04  1.75435951e-07 
 5.10500000e-04  1.75355475e-07 
 5.10600000e-04  1.65120377e-07 
 5.10700000e-04  1.64777198e-07 
 5.10800000e-04  1.64617754e-07 
 5.10900000e-04  1.64509763e-07 
 5.11000000e-04  1.64454855e-07 
 5.11100000e-04  1.73821750e-07 
 5.11200000e-04  1.73500605e-07 
 5.11300000e-04  1.73380977e-07 
 5.11400000e-04  1.73274629e-07 
 5.11500000e-04  1.73219353e-07 
 5.11600000e-04  1.59241820e-07 
 5.11700000e-04  1.58770256e-07 
 5.11800000e-04  1.58540211e-07 
 5.11900000e-04  1.58370674e-07 
 5.12000000e-04  1.58263565e-07 
 5.12100000e-04  1.74484303e-07 
 5.12200000e-04  1.74269144e-07 
 5.12300000e-04  1.74168287e-07 
 5.12400000e-04  1.74075725e-07 
 5.12500000e-04  1.74052023e-07 
 5.12600000e-04  1.61203562e-07 
 5.12700000e-04  1.60872633e-07 
 5.12800000e-04  1.60703010e-07 
 5.12900000e-04  1.60577412e-07 
 5.13000000e-04  1.60497236e-07 
 5.13100000e-04  1.74243667e-07 
 5.13200000e-04  1.73993129e-07 
 5.13300000e-04  1.73895787e-07 
 5.13400000e-04  1.73809756e-07 
 5.13500000e-04  1.73771870e-07 
 5.13600000e-04  1.59692972e-07 
 5.13700000e-04  1.59320087e-07 
 5.13800000e-04  1.59108841e-07 
 5.13900000e-04  1.58949078e-07 
 5.14000000e-04  1.58842433e-07 
 5.14100000e-04  1.75619404e-07 
 5.14200000e-04  1.75291903e-07 
 5.14300000e-04  1.75168222e-07 
 5.14400000e-04  1.75059137e-07 
 5.14500000e-04  1.75003540e-07 
 5.14600000e-04  1.63457131e-07 
 5.14700000e-04  1.63116999e-07 
 5.14800000e-04  1.62951824e-07 
 5.14900000e-04  1.62836245e-07 
 5.15000000e-04  1.62771834e-07 
 5.15100000e-04  1.74329259e-07 
 5.15200000e-04  1.74044768e-07 
 5.15300000e-04  1.73935512e-07 
 5.15400000e-04  1.73838323e-07 
 5.15500000e-04  1.73788187e-07 
 5.15600000e-04  1.59761783e-07 
 5.15700000e-04  1.59321703e-07 
 5.15800000e-04  1.59103166e-07 
 5.15900000e-04  1.58936928e-07 
 5.16000000e-04  1.58824645e-07 
 5.16100000e-04  1.75089783e-07 
 5.16200000e-04  1.74888570e-07 
 5.16300000e-04  1.74788135e-07 
 5.16400000e-04  1.74694317e-07 
 5.16500000e-04  1.74646840e-07 
 5.16600000e-04  1.61793368e-07 
 5.16700000e-04  1.61457036e-07 
 5.16800000e-04  1.61276836e-07 
 5.16900000e-04  1.61155985e-07 
 5.17000000e-04  1.61096364e-07 
 5.17100000e-04  1.74857098e-07 
 5.17200000e-04  1.74597919e-07 
 5.17300000e-04  1.74499566e-07 
 5.17400000e-04  1.74412692e-07 
 5.17500000e-04  1.74381465e-07 
 5.17600000e-04  1.60292170e-07 
 5.17700000e-04  1.59909949e-07 
 5.17800000e-04  1.59698339e-07 
 5.17900000e-04  1.59537025e-07 
 5.18000000e-04  1.59427602e-07 
 5.18100000e-04  1.88940845e-07 
 5.18200000e-04  1.86324148e-07 
 5.18300000e-04  1.85516979e-07 
 5.18400000e-04  1.85259747e-07 
 5.18500000e-04  1.85002515e-07 
 5.18600000e-04  1.75732701e-07 
 5.18700000e-04  1.74614403e-07 
 5.18800000e-04  1.74275992e-07 
 5.18900000e-04  1.74062628e-07 
 5.19000000e-04  1.73976564e-07 
 5.19100000e-04  1.71284853e-07 
 5.19200000e-04  1.70507660e-07 
 5.19300000e-04  1.70299442e-07 
 5.19400000e-04  1.70127826e-07 
 5.19500000e-04  1.70068629e-07 
 5.19600000e-04  1.57648214e-07 
 5.19700000e-04  1.56967536e-07 
 5.19800000e-04  1.56706888e-07 
 5.19900000e-04 -0.00000000e+00 
 5.20000000e-04  1.56574529e-07 
