 time            -i(vdd)        
 2.60000000e-04 -1.26577369e-04 
 2.60100000e-04  1.83731658e-07 
 2.60200000e-04  1.75017225e-07 
 2.60300000e-04  1.72689616e-07 
 2.60400000e-04  1.70727195e-07 
 2.60500000e-04  1.70076534e-07 
 2.60600000e-04  1.76680898e-07 
 2.60700000e-04  1.75910904e-07 
 2.60800000e-04  1.75485332e-07 
 2.60900000e-04  1.75139222e-07 
 2.61000000e-04  1.74874299e-07 
 2.61100000e-04  1.56447584e-07 
 2.61200000e-04  1.54079691e-07 
 2.61300000e-04  1.53484447e-07 
 2.61400000e-04  1.53006501e-07 
 2.61500000e-04  1.52798307e-07 
 2.61600000e-04  1.38891095e-07 
 2.61700000e-04  1.37640026e-07 
 2.61800000e-04  1.37194916e-07 
 2.61900000e-04  1.36878021e-07 
 2.62000000e-04  1.36693408e-07 
 2.62100000e-04  1.61888959e-07 
 2.62200000e-04  1.60618200e-07 
 2.62300000e-04  1.60334693e-07 
 2.62400000e-04  1.60129926e-07 
 2.62500000e-04  1.60044416e-07 
 2.62600000e-04  1.48503046e-07 
 2.62700000e-04  1.47914678e-07 
 2.62800000e-04  1.47633506e-07 
 2.62900000e-04  1.47422359e-07 
 2.63000000e-04  1.47282736e-07 
 2.63100000e-04  1.99993293e-07 
 2.63200000e-04  1.94211727e-07 
 2.63300000e-04  1.92920821e-07 
 2.63400000e-04  1.91925208e-07 
 2.63500000e-04  1.91649716e-07 
 2.63600000e-04  1.78200324e-07 
 2.63700000e-04  1.77564750e-07 
 2.63800000e-04  1.77245118e-07 
 2.63900000e-04  1.76994889e-07 
 2.64000000e-04  1.76816267e-07 
 2.64100000e-04  1.72668255e-07 
 2.64200000e-04  1.68076127e-07 
 2.64300000e-04  1.67029106e-07 
 2.64400000e-04  1.66213360e-07 
 2.64500000e-04  1.65972194e-07 
 2.64600000e-04  1.53752477e-07 
 2.64700000e-04  1.53122653e-07 
 2.64800000e-04  1.52824479e-07 
 2.64900000e-04  1.52597980e-07 
 2.65000000e-04  1.52445429e-07 
 2.65100000e-04  1.66019547e-07 
 2.65200000e-04  1.65524112e-07 
 2.65300000e-04  1.65365558e-07 
 2.65400000e-04  1.65229509e-07 
 2.65500000e-04  1.65173140e-07 
 2.65600000e-04  1.51594420e-07 
 2.65700000e-04  1.51152080e-07 
 2.65800000e-04  1.50903957e-07 
 2.65900000e-04  1.50727913e-07 
 2.66000000e-04  1.50626226e-07 
 2.66100000e-04  1.66990826e-07 
 2.66200000e-04  1.66738787e-07 
 2.66300000e-04  1.66640686e-07 
 2.66400000e-04  1.66552200e-07 
 2.66500000e-04  1.66492574e-07 
 2.66600000e-04  1.55443824e-07 
 2.66700000e-04  1.55024882e-07 
 2.66800000e-04  1.54814637e-07 
 2.66900000e-04  1.54667106e-07 
 2.67000000e-04  1.54584272e-07 
 2.67100000e-04  1.66083813e-07 
 2.67200000e-04  1.65565699e-07 
 2.67300000e-04  1.65409945e-07 
 2.67400000e-04  1.65276973e-07 
 2.67500000e-04  1.65221216e-07 
 2.67600000e-04  1.51671877e-07 
 2.67700000e-04  1.51176278e-07 
 2.67800000e-04  1.50920320e-07 
 2.67900000e-04  1.50724049e-07 
 2.68000000e-04  1.50589353e-07 
 2.68100000e-04  1.66392379e-07 
 2.68200000e-04  1.66214440e-07 
 2.68300000e-04  1.66135055e-07 
 2.68400000e-04  1.66062733e-07 
 2.68500000e-04  1.66029441e-07 
 2.68600000e-04  1.53660898e-07 
 2.68700000e-04  1.53253626e-07 
 2.68800000e-04  1.53038966e-07 
 2.68900000e-04  1.52885722e-07 
 2.69000000e-04  1.52795836e-07 
 2.69100000e-04  1.66126410e-07 
 2.69200000e-04  1.65917956e-07 
 2.69300000e-04  1.65840141e-07 
 2.69400000e-04  1.65771272e-07 
 2.69500000e-04  1.65751821e-07 
 2.69600000e-04  1.52108560e-07 
 2.69700000e-04  1.51659602e-07 
 2.69800000e-04  1.51426751e-07 
 2.69900000e-04  1.51250654e-07 
 2.70000000e-04  1.51133104e-07 
 2.70100000e-04  1.68010253e-07 
 2.70200000e-04  1.67640068e-07 
 2.70300000e-04  1.67507421e-07 
 2.70400000e-04  1.67389681e-07 
 2.70500000e-04  1.67323011e-07 
 2.70600000e-04  1.57537207e-07 
 2.70700000e-04  1.57128200e-07 
 2.70800000e-04  1.56923237e-07 
 2.70900000e-04  1.56784522e-07 
 2.71000000e-04  1.56714146e-07 
 2.71100000e-04  1.66101381e-07 
 2.71200000e-04  1.65543453e-07 
 2.71300000e-04  1.65376969e-07 
 2.71400000e-04  1.65234994e-07 
 2.71500000e-04  1.65187671e-07 
 2.71600000e-04  1.51643360e-07 
 2.71700000e-04  1.51105047e-07 
 2.71800000e-04  1.50844790e-07 
 2.71900000e-04  1.50645362e-07 
 2.72000000e-04  1.50508683e-07 
 2.72100000e-04  1.66320416e-07 
 2.72200000e-04  1.66152010e-07 
 2.72300000e-04  1.66075642e-07 
 2.72400000e-04  1.66005658e-07 
 2.72500000e-04  1.65958476e-07 
 2.72600000e-04  1.53582396e-07 
 2.72700000e-04  1.53185125e-07 
 2.72800000e-04  1.52982553e-07 
 2.72900000e-04  1.52830784e-07 
 2.73000000e-04  1.52731419e-07 
 2.73100000e-04  1.66060825e-07 
 2.73200000e-04  1.65854819e-07 
 2.73300000e-04  1.65780068e-07 
 2.73400000e-04  1.65714451e-07 
 2.73500000e-04  1.65695329e-07 
 2.73600000e-04  1.52058586e-07 
 2.73700000e-04  1.51612891e-07 
 2.73800000e-04  1.51385305e-07 
 2.73900000e-04  1.51207933e-07 
 2.74000000e-04  1.51082359e-07 
 2.74100000e-04  1.67433664e-07 
 2.74200000e-04  1.67156992e-07 
 2.74300000e-04  1.67058984e-07 
 2.74400000e-04  1.66972969e-07 
 2.74500000e-04  1.66916861e-07 
 2.74600000e-04  1.55831484e-07 
 2.74700000e-04  1.55419735e-07 
 2.74800000e-04  1.55214322e-07 
 2.74900000e-04  1.55073303e-07 
 2.75000000e-04  1.54998705e-07 
 2.75100000e-04  1.66137347e-07 
 2.75200000e-04  1.65903284e-07 
 2.75300000e-04  1.65815906e-07 
 2.75400000e-04  1.65737894e-07 
 2.75500000e-04  1.65711168e-07 
 2.75600000e-04  1.52106707e-07 
 2.75700000e-04  1.51637101e-07 
 2.75800000e-04  1.51378609e-07 
 2.75900000e-04  1.51187953e-07 
 2.76000000e-04  1.51067274e-07 
 2.76100000e-04  1.66908111e-07 
 2.76200000e-04  1.66734285e-07 
 2.76300000e-04  1.66656125e-07 
 2.76400000e-04  1.66584669e-07 
 2.76500000e-04  1.66550748e-07 
 2.76600000e-04  1.54147516e-07 
 2.76700000e-04  1.53747758e-07 
 2.76800000e-04  1.53542302e-07 
 2.76900000e-04  1.53400100e-07 
 2.77000000e-04  1.53323144e-07 
 2.77100000e-04  1.66672143e-07 
 2.77200000e-04  1.66455605e-07 
 2.77300000e-04  1.66381546e-07 
 2.77400000e-04  1.66318029e-07 
 2.77500000e-04  1.66289775e-07 
 2.77600000e-04  1.52639922e-07 
 2.77700000e-04  1.52190270e-07 
 2.77800000e-04  1.51961001e-07 
 2.77900000e-04  1.51783556e-07 
 2.78000000e-04  1.51659565e-07 
 2.78100000e-04  1.69107275e-07 
 2.78200000e-04  1.68606128e-07 
 2.78300000e-04  1.68448769e-07 
 2.78400000e-04  1.68314509e-07 
 2.78500000e-04  1.68255650e-07 
 2.78600000e-04  1.59702801e-07 
 2.78700000e-04  1.59319863e-07 
 2.78800000e-04  1.59127570e-07 
 2.78900000e-04  1.59002231e-07 
 2.79000000e-04  1.58945953e-07 
 2.79100000e-04  1.66278222e-07 
 2.79200000e-04  1.65615599e-07 
 2.79300000e-04  1.65430425e-07 
 2.79400000e-04  1.65276328e-07 
 2.79500000e-04  1.65202292e-07 
 2.79600000e-04  1.51686003e-07 
 2.79700000e-04  1.51113832e-07 
 2.79800000e-04  1.50841626e-07 
 2.79900000e-04  1.50633861e-07 
 2.80000000e-04  1.50492562e-07 
 2.80100000e-04  1.66319838e-07 
 2.80200000e-04  1.66130392e-07 
 2.80300000e-04  1.66057417e-07 
 2.80400000e-04  1.65993020e-07 
 2.80500000e-04  1.65958150e-07 
 2.80600000e-04  1.53556185e-07 
 2.80700000e-04  1.53168044e-07 
 2.80800000e-04  1.52961064e-07 
 2.80900000e-04  1.52813662e-07 
 2.81000000e-04  1.52727708e-07 
 2.81100000e-04  1.66037246e-07 
 2.81200000e-04  1.65838184e-07 
 2.81300000e-04  1.65762170e-07 
 2.81400000e-04  1.65694439e-07 
 2.81500000e-04  1.65680555e-07 
 2.81600000e-04  1.52029113e-07 
 2.81700000e-04  1.51581202e-07 
 2.81800000e-04  1.51346588e-07 
 2.81900000e-04  1.51172540e-07 
 2.82000000e-04  1.51060959e-07 
 2.82100000e-04  1.67416747e-07 
 2.82200000e-04  1.67135683e-07 
 2.82300000e-04  1.67036428e-07 
 2.82400000e-04  1.66949511e-07 
 2.82500000e-04  1.66903306e-07 
 2.82600000e-04  1.55801915e-07 
 2.82700000e-04  1.55396509e-07 
 2.82800000e-04  1.55200830e-07 
 2.82900000e-04  1.55064491e-07 
 2.83000000e-04  1.54989353e-07 
 2.83100000e-04  1.66120369e-07 
 2.83200000e-04  1.65860302e-07 
 2.83300000e-04  1.65777860e-07 
 2.83400000e-04  1.65707880e-07 
 2.83500000e-04  1.65683603e-07 
 2.83600000e-04  1.52075750e-07 
 2.83700000e-04  1.51598712e-07 
 2.83800000e-04  1.51350078e-07 
 2.83900000e-04  1.51162562e-07 
 2.84000000e-04  1.51038080e-07 
 2.84100000e-04  1.66881471e-07 
 2.84200000e-04  1.66712369e-07 
 2.84300000e-04  1.66634880e-07 
 2.84400000e-04  1.66563362e-07 
 2.84500000e-04  1.66534513e-07 
 2.84600000e-04  1.54115158e-07 
 2.84700000e-04  1.53746064e-07 
 2.84800000e-04  1.53536467e-07 
 2.84900000e-04  1.53383582e-07 
 2.85000000e-04  1.53289182e-07 
 2.85100000e-04  1.66654380e-07 
 2.85200000e-04  1.66434099e-07 
 2.85300000e-04  1.66362932e-07 
 2.85400000e-04  1.66302836e-07 
 2.85500000e-04  1.66281382e-07 
 2.85600000e-04  1.52613943e-07 
 2.85700000e-04  1.52172199e-07 
 2.85800000e-04  1.51937877e-07 
 2.85900000e-04  1.51756371e-07 
 2.86000000e-04  1.51629333e-07 
 2.86100000e-04  1.68553305e-07 
 2.86200000e-04  1.68167560e-07 
 2.86300000e-04  1.68035305e-07 
 2.86400000e-04  1.67919717e-07 
 2.86500000e-04  1.67866884e-07 
 2.86600000e-04  1.58039474e-07 
 2.86700000e-04  1.57648045e-07 
 2.86800000e-04  1.57452546e-07 
 2.86900000e-04  1.57317595e-07 
 2.87000000e-04  1.57245086e-07 
 2.87100000e-04  1.66225764e-07 
 2.87200000e-04  1.65940997e-07 
 2.87300000e-04  1.65848703e-07 
 2.87400000e-04  1.65769251e-07 
 2.87500000e-04  1.65733393e-07 
 2.87600000e-04  1.52162904e-07 
 2.87700000e-04  1.51626642e-07 
 2.87800000e-04  1.51380914e-07 
 2.87900000e-04  1.51194129e-07 
 2.88000000e-04  1.51068134e-07 
 2.88100000e-04  1.66896367e-07 
 2.88200000e-04  1.66729747e-07 
 2.88300000e-04  1.66658113e-07 
 2.88400000e-04  1.66593042e-07 
 2.88500000e-04  1.66547374e-07 
 2.88600000e-04  1.54132014e-07 
 2.88700000e-04  1.53749104e-07 
 2.88800000e-04  1.53544597e-07 
 2.88900000e-04  1.53397010e-07 
 2.89000000e-04  1.53308122e-07 
 2.89100000e-04  1.66646869e-07 
 2.89200000e-04  1.66444776e-07 
 2.89300000e-04  1.66373473e-07 
 2.89400000e-04  1.66311218e-07 
 2.89500000e-04  1.66279519e-07 
 2.89600000e-04  1.52625835e-07 
 2.89700000e-04  1.52176205e-07 
 2.89800000e-04  1.51940506e-07 
 2.89900000e-04  1.51759761e-07 
 2.90000000e-04  1.51635685e-07 
 2.90100000e-04  1.68023585e-07 
 2.90200000e-04  1.67738290e-07 
 2.90300000e-04  1.67641763e-07 
 2.90400000e-04  1.67558344e-07 
 2.90500000e-04  1.67505573e-07 
 2.90600000e-04  1.56367070e-07 
 2.90700000e-04  1.55974004e-07 
 2.90800000e-04  1.55776087e-07 
 2.90900000e-04  1.55642011e-07 
 2.91000000e-04  1.55573774e-07 
 2.91100000e-04  1.66728021e-07 
 2.91200000e-04  1.66494690e-07 
 2.91300000e-04  1.66414370e-07 
 2.91400000e-04  1.66343757e-07 
 2.91500000e-04  1.66301915e-07 
 2.91600000e-04  1.52679569e-07 
 2.91700000e-04  1.52185488e-07 
 2.91800000e-04  1.51939287e-07 
 2.91900000e-04  1.51755463e-07 
 2.92000000e-04  1.51635968e-07 
 2.92100000e-04  1.67498237e-07 
 2.92200000e-04  1.67317937e-07 
 2.92300000e-04  1.67253105e-07 
 2.92400000e-04  1.67196758e-07 
 2.92500000e-04  1.67149263e-07 
 2.92600000e-04  1.54701183e-07 
 2.92700000e-04  1.54319935e-07 
 2.92800000e-04  1.54118297e-07 
 2.92900000e-04  1.53971319e-07 
 2.93000000e-04  1.53880704e-07 
 2.93100000e-04  1.67256726e-07 
 2.93200000e-04  1.67039254e-07 
 2.93300000e-04  1.66971817e-07 
 2.93400000e-04  1.66915280e-07 
 2.93500000e-04  1.66889853e-07 
 2.93600000e-04  1.53206592e-07 
 2.93700000e-04  1.52757889e-07 
 2.93800000e-04  1.52518469e-07 
 2.93900000e-04  1.52344854e-07 
 2.94000000e-04  1.52239101e-07 
 2.94100000e-04  1.70227702e-07 
 2.94200000e-04  1.69634459e-07 
 2.94300000e-04  1.69448563e-07 
 2.94400000e-04  1.69289244e-07 
 2.94500000e-04  1.69219130e-07 
 2.94600000e-04  1.61942036e-07 
 2.94700000e-04  1.61555565e-07 
 2.94800000e-04  1.61372202e-07 
 2.94900000e-04  1.61256279e-07 
 2.95000000e-04  1.61209899e-07 
 2.95100000e-04  1.66595003e-07 
 2.95200000e-04  1.65712648e-07 
 2.95300000e-04  1.65485076e-07 
 2.95400000e-04  1.65300981e-07 
 2.95500000e-04  1.65209925e-07 
 2.95600000e-04  1.51712295e-07 
 2.95700000e-04  1.51115514e-07 
 2.95800000e-04  1.50822080e-07 
 2.95900000e-04  1.50612019e-07 
 2.96000000e-04  1.50487942e-07 
 2.96100000e-04  1.66305464e-07 
 2.96200000e-04  1.66129955e-07 
 2.96300000e-04  1.66056386e-07 
 2.96400000e-04  1.65990195e-07 
 2.96500000e-04  1.65958113e-07 
 2.96600000e-04  1.53547136e-07 
 2.96700000e-04  1.53153668e-07 
 2.96800000e-04  1.52957135e-07 
 2.96900000e-04  1.52808993e-07 
 2.97000000e-04  1.52710744e-07 
 2.97100000e-04  1.66031965e-07 
 2.97200000e-04  1.65836112e-07 
 2.97300000e-04  1.65761768e-07 
 2.97400000e-04  1.65695574e-07 
 2.97500000e-04  1.65665993e-07 
 2.97600000e-04  1.52022961e-07 
 2.97700000e-04  1.51580053e-07 
 2.97800000e-04  1.51342143e-07 
 2.97900000e-04  1.51164601e-07 
 2.98000000e-04  1.51049308e-07 
 2.98100000e-04  1.67409313e-07 
 2.98200000e-04  1.67125302e-07 
 2.98300000e-04  1.67027805e-07 
 2.98400000e-04  1.66943213e-07 
 2.98500000e-04  1.66887093e-07 
 2.98600000e-04  1.55793768e-07 
 2.98700000e-04  1.55383197e-07 
 2.98800000e-04  1.55181061e-07 
 2.98900000e-04  1.55042250e-07 
 2.99000000e-04  1.54968740e-07 
 2.99100000e-04  1.66115217e-07 
 2.99200000e-04  1.65860413e-07 
 2.99300000e-04  1.65780634e-07 
 2.99400000e-04  1.65713023e-07 
 2.99500000e-04  1.65675795e-07 
 2.99600000e-04  1.52072343e-07 
 2.99700000e-04  1.51604605e-07 
 2.99800000e-04  1.51357276e-07 
 2.99900000e-04  1.51168627e-07 
 3.00000000e-04  1.51040483e-07 
 3.00100000e-04  1.66870414e-07 
 3.00200000e-04  1.66707452e-07 
 3.00300000e-04  1.66635105e-07 
 3.00400000e-04  1.66569047e-07 
 3.00500000e-04  1.66526380e-07 
 3.00600000e-04  1.54121931e-07 
 3.00700000e-04  1.53715825e-07 
 3.00800000e-04  1.53519189e-07 
 3.00900000e-04  1.53378041e-07 
 3.01000000e-04  1.53294105e-07 
 3.01100000e-04  1.66633641e-07 
 3.01200000e-04  1.66422861e-07 
 3.01300000e-04  1.66353397e-07 
 3.01400000e-04  1.66293786e-07 
 3.01500000e-04  1.66274682e-07 
 3.01600000e-04  1.52613184e-07 
 3.01700000e-04  1.52176687e-07 
 3.01800000e-04  1.51933504e-07 
 3.01900000e-04  1.51752077e-07 
 3.02000000e-04  1.51634328e-07 
 3.02100000e-04  1.68560130e-07 
 3.02200000e-04  1.68160032e-07 
 3.02300000e-04  1.68032132e-07 
 3.02400000e-04  1.67923245e-07 
 3.02500000e-04  1.67861844e-07 
 3.02600000e-04  1.58024658e-07 
 3.02700000e-04  1.57646896e-07 
 3.02800000e-04  1.57451205e-07 
 3.02900000e-04  1.57313257e-07 
 3.03000000e-04  1.57234842e-07 
 3.03100000e-04  1.66214726e-07 
 3.03200000e-04  1.65930288e-07 
 3.03300000e-04  1.65835215e-07 
 3.03400000e-04  1.65752697e-07 
 3.03500000e-04  1.65736694e-07 
 3.03600000e-04  1.52151953e-07 
 3.03700000e-04  1.51620637e-07 
 3.03800000e-04  1.51373295e-07 
 3.03900000e-04  1.51179652e-07 
 3.04000000e-04  1.51041370e-07 
 3.04100000e-04  1.66892685e-07 
 3.04200000e-04  1.66714004e-07 
 3.04300000e-04  1.66642394e-07 
 3.04400000e-04  1.66578309e-07 
 3.04500000e-04  1.66537082e-07 
 3.04600000e-04  1.54129674e-07 
 3.04700000e-04  1.53722727e-07 
 3.04800000e-04  1.53519543e-07 
 3.04900000e-04  1.53378765e-07 
 3.05000000e-04  1.53302333e-07 
 3.05100000e-04  1.66648215e-07 
 3.05200000e-04  1.66438610e-07 
 3.05300000e-04  1.66363622e-07 
 3.05400000e-04  1.66298461e-07 
 3.05500000e-04  1.66268473e-07 
 3.05600000e-04  1.52606512e-07 
 3.05700000e-04  1.52166013e-07 
 3.05800000e-04  1.51932289e-07 
 3.05900000e-04  1.51755975e-07 
 3.06000000e-04  1.51638849e-07 
 3.06100000e-04  1.68030342e-07 
 3.06200000e-04  1.67750532e-07 
 3.06300000e-04  1.67644629e-07 
 3.06400000e-04  1.67550785e-07 
 3.06500000e-04  1.67507410e-07 
 3.06600000e-04  1.56362510e-07 
 3.06700000e-04  1.55968084e-07 
 3.06800000e-04  1.55782723e-07 
 3.06900000e-04  1.55646485e-07 
 3.07000000e-04  1.55560887e-07 
 3.07100000e-04  1.66721908e-07 
 3.07200000e-04  1.66471618e-07 
 3.07300000e-04  1.66396147e-07 
 3.07400000e-04  1.66332398e-07 
 3.07500000e-04  1.66302595e-07 
 3.07600000e-04  1.52661688e-07 
 3.07700000e-04  1.52176265e-07 
 3.07800000e-04  1.51927856e-07 
 3.07900000e-04  1.51742310e-07 
 3.08000000e-04  1.51621579e-07 
 3.08100000e-04  1.67511036e-07 
 3.08200000e-04  1.67318397e-07 
 3.08300000e-04  1.67243812e-07 
 3.08400000e-04  1.67178291e-07 
 3.08500000e-04  1.67134662e-07 
 3.08600000e-04  1.54688963e-07 
 3.08700000e-04  1.54325134e-07 
 3.08800000e-04  1.54109520e-07 
 3.08900000e-04  1.53964005e-07 
 3.09000000e-04  1.53890767e-07 
 3.09100000e-04  1.67261653e-07 
 3.09200000e-04  1.67044649e-07 
 3.09300000e-04  1.66970875e-07 
 3.09400000e-04  1.66907124e-07 
 3.09500000e-04  1.66882615e-07 
 3.09600000e-04  1.53173545e-07 
 3.09700000e-04  1.52769637e-07 
 3.09800000e-04  1.52526087e-07 
 3.09900000e-04  1.52345152e-07 
 3.10000000e-04  1.52228775e-07 
 3.10100000e-04  1.69694523e-07 
 3.10200000e-04  1.69200715e-07 
 3.10300000e-04  1.69041501e-07 
 3.10400000e-04  1.68904585e-07 
 3.10500000e-04  1.68853001e-07 
 3.10600000e-04  1.60266350e-07 
 3.10700000e-04  1.59884425e-07 
 3.10800000e-04  1.59690810e-07 
 3.10900000e-04  1.59570020e-07 
 3.11000000e-04  1.59524319e-07 
 3.11100000e-04  1.66524566e-07 
 3.11200000e-04  1.66122507e-07 
 3.11300000e-04  1.65987352e-07 
 3.11400000e-04  1.65871175e-07 
 3.11500000e-04  1.65821842e-07 
 3.11600000e-04  1.52256170e-07 
 3.11700000e-04  1.51678267e-07 
 3.11800000e-04  1.51417683e-07 
 3.11900000e-04  1.51215369e-07 
 3.12000000e-04  1.51073126e-07 
 3.12100000e-04  1.66920735e-07 
 3.12200000e-04  1.66744461e-07 
 3.12300000e-04  1.66672935e-07 
 3.12400000e-04  1.66608590e-07 
 3.12500000e-04  1.66558194e-07 
 3.12600000e-04  1.54144624e-07 
 3.12700000e-04  1.53732802e-07 
 3.12800000e-04  1.53536963e-07 
 3.12900000e-04  1.53392134e-07 
 3.13000000e-04  1.53299881e-07 
 3.13100000e-04  1.66656982e-07 
 3.13200000e-04  1.66450450e-07 
 3.13300000e-04  1.66371080e-07 
 3.13400000e-04  1.66300243e-07 
 3.13500000e-04  1.66285865e-07 
 3.13600000e-04  1.52610697e-07 
 3.13700000e-04  1.52185420e-07 
 3.13800000e-04  1.51945075e-07 
 3.13900000e-04  1.51760128e-07 
 3.14000000e-04  1.51632289e-07 
 3.14100000e-04  1.68018401e-07 
 3.14200000e-04  1.67739676e-07 
 3.14300000e-04  1.67635881e-07 
 3.14400000e-04  1.67543937e-07 
 3.14500000e-04  1.67508458e-07 
 3.14600000e-04  1.56381418e-07 
 3.14700000e-04  1.55977144e-07 
 3.14800000e-04  1.55773169e-07 
 3.14900000e-04  1.55635812e-07 
 3.15000000e-04  1.55567134e-07 
 3.15100000e-04  1.66727861e-07 
 3.15200000e-04  1.66483149e-07 
 3.15300000e-04  1.66397555e-07 
 3.15400000e-04  1.66322562e-07 
 3.15500000e-04  1.66291367e-07 
 3.15600000e-04  1.52654106e-07 
 3.15700000e-04  1.52191583e-07 
 3.15800000e-04  1.51935684e-07 
 3.15900000e-04  1.51751187e-07 
 3.16000000e-04  1.51640306e-07 
 3.16100000e-04  1.67500080e-07 
 3.16200000e-04  1.67333517e-07 
 3.16300000e-04  1.67254922e-07 
 3.16400000e-04  1.67182021e-07 
 3.16500000e-04  1.67125472e-07 
 3.16600000e-04  1.54712526e-07 
 3.16700000e-04  1.54318188e-07 
 3.16800000e-04  1.54111837e-07 
 3.16900000e-04  1.53967371e-07 
 3.17000000e-04  1.53886699e-07 
 3.17100000e-04  1.67258215e-07 
 3.17200000e-04  1.67041610e-07 
 3.17300000e-04  1.66972207e-07 
 3.17400000e-04  1.66913162e-07 
 3.17500000e-04  1.66885783e-07 
 3.17600000e-04  1.53191788e-07 
 3.17700000e-04  1.52770062e-07 
 3.17800000e-04  1.52526235e-07 
 3.17900000e-04  1.52345449e-07 
 3.18000000e-04  1.52229651e-07 
 3.18100000e-04  1.69173057e-07 
 3.18200000e-04  1.68780506e-07 
 3.18300000e-04  1.68653082e-07 
 3.18400000e-04  1.68543722e-07 
 3.18500000e-04  1.68472231e-07 
 3.18600000e-04  1.58610753e-07 
 3.18700000e-04  1.58233371e-07 
 3.18800000e-04  1.58028229e-07 
 3.18900000e-04  1.57899763e-07 
 3.19000000e-04  1.57850350e-07 
 3.19100000e-04  1.66856660e-07 
 3.19200000e-04  1.66565884e-07 
 3.19300000e-04  1.66472101e-07 
 3.19400000e-04  1.66391440e-07 
 3.19500000e-04  1.66352540e-07 
 3.19600000e-04  1.52747987e-07 
 3.19700000e-04  1.52207533e-07 
 3.19800000e-04  1.51950063e-07 
 3.19900000e-04  1.51764688e-07 
 3.20000000e-04  1.51653635e-07 
 3.20100000e-04  1.67510228e-07 
 3.20200000e-04  1.67343396e-07 
 3.20300000e-04  1.67263986e-07 
 3.20400000e-04  1.67190400e-07 
 3.20500000e-04  1.67147903e-07 
 3.20600000e-04  1.54701148e-07 
 3.20700000e-04  1.54324735e-07 
 3.20800000e-04  1.54123715e-07 
 3.20900000e-04  1.53980455e-07 
 3.21000000e-04  1.53896732e-07 
 3.21100000e-04  1.67268311e-07 
 3.21200000e-04  1.67062593e-07 
 3.21300000e-04  1.66986389e-07 
 3.21400000e-04  1.66918766e-07 
 3.21500000e-04  1.66892138e-07 
 3.21600000e-04  1.53205103e-07 
 3.21700000e-04  1.52775997e-07 
 3.21800000e-04  1.52535061e-07 
 3.21900000e-04  1.52348309e-07 
 3.22000000e-04  1.52217401e-07 
 3.22100000e-04  1.68642083e-07 
 3.22200000e-04  1.68354884e-07 
 3.22300000e-04  1.68258416e-07 
 3.22400000e-04  1.68175052e-07 
 3.22500000e-04  1.68125010e-07 
 3.22600000e-04  1.56946292e-07 
 3.22700000e-04  1.56564569e-07 
 3.22800000e-04  1.56371361e-07 
 3.22900000e-04  1.56238585e-07 
 3.23000000e-04  1.56168101e-07 
 3.23100000e-04  1.67345027e-07 
 3.23200000e-04  1.67111125e-07 
 3.23300000e-04  1.67017567e-07 
 3.23400000e-04  1.66932719e-07 
 3.23500000e-04  1.66921073e-07 
 3.23600000e-04  1.53240183e-07 
 3.23700000e-04  1.52787591e-07 
 3.23800000e-04  1.52532126e-07 
 3.23900000e-04  1.52348405e-07 
 3.24000000e-04  1.52238645e-07 
 3.24100000e-04  1.68109422e-07 
 3.24200000e-04  1.67933572e-07 
 3.24300000e-04  1.67867866e-07 
 3.24400000e-04  1.67810034e-07 
 3.24500000e-04  1.67767046e-07 
 3.24600000e-04  1.55282329e-07 
 3.24700000e-04  1.54907669e-07 
 3.24800000e-04  1.54704274e-07 
 3.24900000e-04  1.54562941e-07 
 3.25000000e-04  1.54485578e-07 
 3.25100000e-04  1.67883064e-07 
 3.25200000e-04  1.67671261e-07 
 3.25300000e-04  1.67599382e-07 
 3.25400000e-04  1.67537244e-07 
 3.25500000e-04  1.67500604e-07 
 3.25600000e-04  1.53788589e-07 
 3.25700000e-04  1.53360245e-07 
 3.25800000e-04  1.53117689e-07 
 3.25900000e-04  1.52937969e-07 
 3.26000000e-04  1.52823015e-07 
 3.26100000e-04  1.71375510e-07 
 3.26200000e-04  1.70677328e-07 
 3.26300000e-04  1.70465394e-07 
 3.26400000e-04  1.70284941e-07 
 3.26500000e-04  1.70189695e-07 
 3.26600000e-04  1.64193346e-07 
 3.26700000e-04  1.63795414e-07 
 3.26800000e-04  1.63613848e-07 
 3.26900000e-04  1.63510560e-07 
 3.27000000e-04  1.63487972e-07 
 3.27100000e-04  1.66666383e-07 
 3.27200000e-04  1.65731425e-07 
 3.27300000e-04  1.65491580e-07 
 3.27400000e-04  1.65296228e-07 
 3.27500000e-04  1.65222554e-07 
 3.27600000e-04  1.51763249e-07 
 3.27700000e-04  1.51097896e-07 
 3.27800000e-04  1.50814350e-07 
 3.27900000e-04  1.50611253e-07 
 3.28000000e-04  1.50491093e-07 
 3.28100000e-04  1.66313465e-07 
 3.28200000e-04  1.66135952e-07 
 3.28300000e-04  1.66061063e-07 
 3.28400000e-04  1.65993665e-07 
 3.28500000e-04  1.65953822e-07 
 3.28600000e-04  1.53542639e-07 
 3.28700000e-04  1.53136689e-07 
 3.28800000e-04  1.52933428e-07 
 3.28900000e-04  1.52786110e-07 
 3.29000000e-04  1.52696444e-07 
 3.29100000e-04  1.66032728e-07 
 3.29200000e-04  1.65822366e-07 
 3.29300000e-04  1.65753988e-07 
 3.29400000e-04  1.65695576e-07 
 3.29500000e-04  1.65658714e-07 
 3.29600000e-04  1.52024799e-07 
 3.29700000e-04  1.51595371e-07 
 3.29800000e-04  1.51351479e-07 
 3.29900000e-04  1.51164502e-07 
 3.30000000e-04  1.51036179e-07 
 3.30100000e-04  1.67409271e-07 
 3.30200000e-04  1.67134969e-07 
 3.30300000e-04  1.67024103e-07 
 3.30400000e-04  1.66923959e-07 
 3.30500000e-04  1.66882742e-07 
 3.30600000e-04  1.55780710e-07 
 3.30700000e-04  1.55396755e-07 
 3.30800000e-04  1.55183088e-07 
 3.30900000e-04  1.55039196e-07 
 3.31000000e-04  1.54967225e-07 
 3.31100000e-04  1.66108472e-07 
 3.31200000e-04  1.65872586e-07 
 3.31300000e-04  1.65789141e-07 
 3.31400000e-04  1.65715549e-07 
 3.31500000e-04  1.65675312e-07 
 3.31600000e-04  1.52065550e-07 
 3.31700000e-04  1.51605711e-07 
 3.31800000e-04  1.51350218e-07 
 3.31900000e-04  1.51162638e-07 
 3.32000000e-04  1.51045057e-07 
 3.32100000e-04  1.66879983e-07 
 3.32200000e-04  1.66694626e-07 
 3.32300000e-04  1.66622186e-07 
 3.32400000e-04  1.66558057e-07 
 3.32500000e-04  1.66523206e-07 
 3.32600000e-04  1.54107888e-07 
 3.32700000e-04  1.53715491e-07 
 3.32800000e-04  1.53510930e-07 
 3.32900000e-04  1.53371258e-07 
 3.33000000e-04  1.53298462e-07 
 3.33100000e-04  1.66633266e-07 
 3.33200000e-04  1.66420297e-07 
 3.33300000e-04  1.66351117e-07 
 3.33400000e-04  1.66292126e-07 
 3.33500000e-04  1.66261872e-07 
 3.33600000e-04  1.52589617e-07 
 3.33700000e-04  1.52164148e-07 
 3.33800000e-04  1.51919078e-07 
 3.33900000e-04  1.51738825e-07 
 3.34000000e-04  1.51625377e-07 
 3.34100000e-04  1.68545025e-07 
 3.34200000e-04  1.68153499e-07 
 3.34300000e-04  1.68026640e-07 
 3.34400000e-04  1.67917568e-07 
 3.34500000e-04  1.67860704e-07 
 3.34600000e-04  1.58012956e-07 
 3.34700000e-04  1.57622711e-07 
 3.34800000e-04  1.57433734e-07 
 3.34900000e-04  1.57309548e-07 
 3.35000000e-04  1.57252138e-07 
 3.35100000e-04  1.66226045e-07 
 3.35200000e-04  1.65933279e-07 
 3.35300000e-04  1.65841827e-07 
 3.35400000e-04  1.65764229e-07 
 3.35500000e-04  1.65721673e-07 
 3.35600000e-04  1.52146814e-07 
 3.35700000e-04  1.51631454e-07 
 3.35800000e-04  1.51371717e-07 
 3.35900000e-04  1.51179690e-07 
 3.36000000e-04  1.51057449e-07 
 3.36100000e-04  1.66898869e-07 
 3.36200000e-04  1.66720108e-07 
 3.36300000e-04  1.66639097e-07 
 3.36400000e-04  1.66565316e-07 
 3.36500000e-04  1.66535112e-07 
 3.36600000e-04  1.54110162e-07 
 3.36700000e-04  1.53715682e-07 
 3.36800000e-04  1.53511791e-07 
 3.36900000e-04  1.53368348e-07 
 3.37000000e-04  1.53287202e-07 
 3.37100000e-04  1.66647839e-07 
 3.37200000e-04  1.66432019e-07 
 3.37300000e-04  1.66362843e-07 
 3.37400000e-04  1.66304651e-07 
 3.37500000e-04  1.66282225e-07 
 3.37600000e-04  1.52609184e-07 
 3.37700000e-04  1.52163170e-07 
 3.37800000e-04  1.51930281e-07 
 3.37900000e-04  1.51752147e-07 
 3.38000000e-04  1.51630434e-07 
 3.38100000e-04  1.68021789e-07 
 3.38200000e-04  1.67746942e-07 
 3.38300000e-04  1.67638142e-07 
 3.38400000e-04  1.67540056e-07 
 3.38500000e-04  1.67504418e-07 
 3.38600000e-04  1.56373412e-07 
 3.38700000e-04  1.55969438e-07 
 3.38800000e-04  1.55777713e-07 
 3.38900000e-04  1.55640858e-07 
 3.39000000e-04  1.55560539e-07 
 3.39100000e-04  1.66715335e-07 
 3.39200000e-04  1.66476133e-07 
 3.39300000e-04  1.66400437e-07 
 3.39400000e-04  1.66335635e-07 
 3.39500000e-04  1.66279494e-07 
 3.39600000e-04  1.52659105e-07 
 3.39700000e-04  1.52177087e-07 
 3.39800000e-04  1.51937806e-07 
 3.39900000e-04  1.51753353e-07 
 3.40000000e-04  1.51625391e-07 
 3.40100000e-04  1.67492973e-07 
 3.40200000e-04  1.67326387e-07 
 3.40300000e-04  1.67251605e-07 
 3.40400000e-04  1.67183354e-07 
 3.40500000e-04  1.67133421e-07 
 3.40600000e-04  1.54709813e-07 
 3.40700000e-04  1.54296472e-07 
 3.40800000e-04  1.54107732e-07 
 3.40900000e-04  1.53969276e-07 
 3.41000000e-04  1.53882624e-07 
 3.41100000e-04  1.67260670e-07 
 3.41200000e-04  1.67047539e-07 
 3.41300000e-04  1.66973572e-07 
 3.41400000e-04  1.66909460e-07 
 3.41500000e-04  1.66880736e-07 
 3.41600000e-04  1.53197998e-07 
 3.41700000e-04  1.52767583e-07 
 3.41800000e-04  1.52526533e-07 
 3.41900000e-04  1.52347159e-07 
 3.42000000e-04  1.52231337e-07 
 3.42100000e-04  1.69705920e-07 
 3.42200000e-04  1.69205438e-07 
 3.42300000e-04  1.69045549e-07 
 3.42400000e-04  1.68908594e-07 
 3.42500000e-04  1.68844150e-07 
 3.42600000e-04  1.60265385e-07 
 3.42700000e-04  1.59876235e-07 
 3.42800000e-04  1.59692812e-07 
 3.42900000e-04  1.59575000e-07 
 3.43000000e-04  1.59524804e-07 
 3.43100000e-04  1.66505480e-07 
 3.43200000e-04  1.66136780e-07 
 3.43300000e-04  1.65991858e-07 
 3.43400000e-04  1.65861586e-07 
 3.43500000e-04  1.65797472e-07 
 3.43600000e-04  1.52245654e-07 
 3.43700000e-04  1.51673784e-07 
 3.43800000e-04  1.51412500e-07 
 3.43900000e-04  1.51213527e-07 
 3.44000000e-04  1.51078767e-07 
 3.44100000e-04  1.66916437e-07 
 3.44200000e-04  1.66741996e-07 
 3.44300000e-04  1.66669897e-07 
 3.44400000e-04  1.66605122e-07 
 3.44500000e-04  1.66555312e-07 
 3.44600000e-04  1.54119313e-07 
 3.44700000e-04  1.53736833e-07 
 3.44800000e-04  1.53535834e-07 
 3.44900000e-04  1.53392565e-07 
 3.45000000e-04  1.53308779e-07 
 3.45100000e-04  1.66649692e-07 
 3.45200000e-04  1.66442827e-07 
 3.45300000e-04  1.66367306e-07 
 3.45400000e-04  1.66300903e-07 
 3.45500000e-04  1.66270667e-07 
 3.45600000e-04  1.52618100e-07 
 3.45700000e-04  1.52177031e-07 
 3.45800000e-04  1.51940614e-07 
 3.45900000e-04  1.51759794e-07 
 3.46000000e-04  1.51636252e-07 
 3.46100000e-04  1.68030367e-07 
 3.46200000e-04  1.67737493e-07 
 3.46300000e-04  1.67634892e-07 
 3.46400000e-04  1.67545879e-07 
 3.46500000e-04  1.67490917e-07 
 3.46600000e-04  1.56365388e-07 
 3.46700000e-04  1.55983739e-07 
 3.46800000e-04  1.55779259e-07 
 3.46900000e-04  1.55637911e-07 
 3.47000000e-04  1.55561530e-07 
 3.47100000e-04  1.68646645e-07 
 3.47200000e-04  1.68006666e-07 
 3.47300000e-04  1.67803204e-07 
 3.47400000e-04  1.67708232e-07 
 3.47500000e-04  1.67648317e-07 
 3.47600000e-04  1.53519398e-07 
 3.47700000e-04  1.52887052e-07 
 3.47800000e-04  1.52601597e-07 
 3.47900000e-04  1.52397736e-07 
 3.48000000e-04  1.52277135e-07 
 3.48100000e-04  1.03754420e-04 
 3.48200000e-04  1.03754047e-04 
 3.48300000e-04  1.03753927e-04 
 3.48400000e-04  1.03753823e-04 
 3.48500000e-04  1.03753773e-04 
 3.48600000e-04  1.03741346e-04 
 3.48700000e-04  1.03740945e-04 
 3.48800000e-04  1.03740741e-04 
 3.48900000e-04  1.03740595e-04 
 3.49000000e-04  1.03740509e-04 
 3.49100000e-04  1.68399675e-07 
 3.49200000e-04  1.68155738e-07 
 3.49300000e-04  1.68078819e-07 
 3.49400000e-04  1.68013338e-07 
 3.49500000e-04  1.67977818e-07 
 3.49600000e-04  1.54295053e-07 
 3.49700000e-04  1.53830237e-07 
 3.49800000e-04  1.53604359e-07 
 3.49900000e-04  1.53432523e-07 
 3.50000000e-04  1.53316360e-07 
 3.50100000e-04  1.70315260e-07 
 3.50200000e-04  1.69919258e-07 
 3.50300000e-04  1.69790766e-07 
 3.50400000e-04  1.69680481e-07 
 3.50500000e-04  1.69621218e-07 
 3.50600000e-04  1.59688232e-07 
 3.50700000e-04  1.59309852e-07 
 3.50800000e-04  1.59120109e-07 
 3.50900000e-04  1.58997084e-07 
 3.51000000e-04  1.58942811e-07 
 3.51100000e-04  1.67996913e-07 
 3.51200000e-04  1.67713333e-07 
 3.51300000e-04  1.67606189e-07 
 3.51400000e-04  1.67510208e-07 
 3.51500000e-04  1.67468964e-07 
 3.51600000e-04  1.53804894e-07 
 3.51700000e-04  1.53309952e-07 
 3.51800000e-04  1.53053933e-07 
 3.51900000e-04  1.52863403e-07 
 3.52000000e-04  1.52740352e-07 
 3.52100000e-04  1.68665615e-07 
 3.52200000e-04  1.68485754e-07 
 3.52300000e-04  1.68408255e-07 
 3.52400000e-04  1.68337763e-07 
 3.52500000e-04  1.68285055e-07 
 3.52600000e-04  1.55771783e-07 
 3.52700000e-04  1.55404851e-07 
 3.52800000e-04  1.55200261e-07 
 3.52900000e-04  1.55058338e-07 
 3.53000000e-04  1.54980979e-07 
 3.53100000e-04  1.68407689e-07 
 3.53200000e-04  1.68202272e-07 
 3.53300000e-04  1.68121507e-07 
 3.53400000e-04  1.68048583e-07 
 3.53500000e-04  1.68021974e-07 
 3.53600000e-04  1.54267357e-07 
 3.53700000e-04  1.53830912e-07 
 3.53800000e-04  1.53597375e-07 
 3.53900000e-04  1.53428164e-07 
 3.54000000e-04  1.53325230e-07 
 3.54100000e-04  1.69790317e-07 
 3.54200000e-04  1.69496700e-07 
 3.54300000e-04  1.69392949e-07 
 3.54400000e-04  1.69302334e-07 
 3.54500000e-04  1.69252104e-07 
 3.54600000e-04  1.58039684e-07 
 3.54700000e-04  1.57629126e-07 
 3.54800000e-04  1.57450422e-07 
 3.54900000e-04  1.57323112e-07 
 3.55000000e-04  1.57248737e-07 
 3.55100000e-04  1.68498745e-07 
 3.55200000e-04  1.68241949e-07 
 3.55300000e-04  1.68154483e-07 
 3.55400000e-04  1.68078467e-07 
 3.55500000e-04  1.68039767e-07 
 3.55600000e-04  1.54317576e-07 
 3.55700000e-04  1.53846322e-07 
 3.55800000e-04  1.53611533e-07 
 3.55900000e-04  1.53432191e-07 
 3.56000000e-04  1.53309966e-07 
 3.56100000e-04  1.69275888e-07 
 3.56200000e-04  1.69091426e-07 
 3.56300000e-04  1.69006145e-07 
 3.56400000e-04  1.68927831e-07 
 3.56500000e-04  1.68891064e-07 
 3.56600000e-04  1.56344327e-07 
 3.56700000e-04  1.55984108e-07 
 3.56800000e-04  1.55780280e-07 
 3.56900000e-04  1.55636284e-07 
 3.57000000e-04  1.55553929e-07 
 3.57100000e-04  1.69023267e-07 
 3.57200000e-04  1.68798991e-07 
 3.57300000e-04  1.68720720e-07 
 3.57400000e-04  1.68652671e-07 
 3.57500000e-04  1.68627432e-07 
 3.57600000e-04  1.54830819e-07 
 3.57700000e-04  1.54421256e-07 
 3.57800000e-04  1.54188988e-07 
 3.57900000e-04  1.54012333e-07 
 3.58000000e-04  1.53892962e-07 
 3.58100000e-04  1.71998385e-07 
 3.58200000e-04  1.71375686e-07 
 3.58300000e-04  1.71189421e-07 
 3.58400000e-04  1.71032749e-07 
 3.58500000e-04  1.70946099e-07 
 3.58600000e-04  1.63605656e-07 
 3.58700000e-04  1.63204988e-07 
 3.58800000e-04  1.63027281e-07 
 3.58900000e-04  1.62923248e-07 
 3.59000000e-04  1.62895132e-07 
 3.59100000e-04  1.68277393e-07 
 3.59200000e-04  1.67511604e-07 
 3.59300000e-04  1.67265829e-07 
 3.59400000e-04  1.67054317e-07 
 3.59500000e-04  1.66985743e-07 
 3.59600000e-04  1.53389951e-07 
 3.59700000e-04  1.52783032e-07 
 3.59800000e-04  1.52506794e-07 
 3.59900000e-04  1.52305228e-07 
 3.60000000e-04  1.52180515e-07 
 3.60100000e-04  1.70017934e-07 
 3.60200000e-04  1.69491764e-07 
 3.60300000e-04  1.69309248e-07 
 3.60400000e-04  1.69230301e-07 
 3.60500000e-04  1.69184820e-07 
 3.60600000e-04  1.56228993e-07 
 3.60700000e-04  1.55674439e-07 
 3.60800000e-04  1.55415516e-07 
 3.60900000e-04  1.55227794e-07 
 3.61000000e-04  1.55112705e-07 
 3.61100000e-04  1.03754723e-04 
 3.61200000e-04  1.03754327e-04 
 3.61300000e-04  1.03754209e-04 
 3.61400000e-04  1.03754110e-04 
 3.61500000e-04  1.03754055e-04 
 3.61600000e-04  1.03740332e-04 
 3.61700000e-04  1.03739874e-04 
 3.61800000e-04  1.03739643e-04 
 3.61900000e-04  1.03739469e-04 
 3.62000000e-04  1.03739351e-04 
 3.62100000e-04  1.70321082e-07 
 3.62200000e-04  1.69991156e-07 
 3.62300000e-04  1.69883946e-07 
 3.62400000e-04  1.69792095e-07 
 3.62500000e-04  1.69737398e-07 
 3.62600000e-04  1.58550631e-07 
 3.62700000e-04  1.58148071e-07 
 3.62800000e-04  1.57953344e-07 
 3.62900000e-04  1.57823526e-07 
 3.63000000e-04  1.57760585e-07 
 3.63100000e-04  1.69023898e-07 
 3.63200000e-04  1.68756152e-07 
 3.63300000e-04  1.68669798e-07 
 3.63400000e-04  1.68596166e-07 
 3.63500000e-04  1.68558574e-07 
 3.63600000e-04  1.54798822e-07 
 3.63700000e-04  1.54355237e-07 
 3.63800000e-04  1.54111518e-07 
 3.63900000e-04  1.53930216e-07 
 3.64000000e-04  1.53813213e-07 
 3.64100000e-04  1.69794423e-07 
 3.64200000e-04  1.69601885e-07 
 3.64300000e-04  1.69515194e-07 
 3.64400000e-04  1.69436362e-07 
 3.64500000e-04  1.69399010e-07 
 3.64600000e-04  1.56857116e-07 
 3.64700000e-04  1.56479246e-07 
 3.64800000e-04  1.56272318e-07 
 3.64900000e-04  1.56133536e-07 
 3.65000000e-04  1.56064960e-07 
 3.65100000e-04  1.69566051e-07 
 3.65200000e-04  1.69326025e-07 
 3.65300000e-04  1.69253380e-07 
 3.65400000e-04  1.69193660e-07 
 3.65500000e-04  1.69143715e-07 
 3.65600000e-04  1.55333251e-07 
 3.65700000e-04  1.54918290e-07 
 3.65800000e-04  1.54692164e-07 
 3.65900000e-04  1.54515757e-07 
 3.66000000e-04  1.54390543e-07 
 3.66100000e-04  1.71459162e-07 
 3.66200000e-04  1.71059790e-07 
 3.66300000e-04  1.70918721e-07 
 3.66400000e-04  1.70794523e-07 
 3.66500000e-04  1.70739739e-07 
 3.66600000e-04  1.60762630e-07 
 3.66700000e-04  1.60394400e-07 
 3.66800000e-04  1.60200723e-07 
 3.66900000e-04  1.60075745e-07 
 3.67000000e-04  1.60021544e-07 
 3.67100000e-04  1.69153282e-07 
 3.67200000e-04  1.68835091e-07 
 3.67300000e-04  1.68732529e-07 
 3.67400000e-04  1.68645160e-07 
 3.67500000e-04  1.68601819e-07 
 3.67600000e-04  1.54876997e-07 
 3.67700000e-04  1.54367304e-07 
 3.67800000e-04  1.54123704e-07 
 3.67900000e-04  1.53937418e-07 
 3.68000000e-04  1.53810159e-07 
 3.68100000e-04  1.69811271e-07 
 3.68200000e-04  1.69612787e-07 
 3.68300000e-04  1.69524140e-07 
 3.68400000e-04  1.69443344e-07 
 3.68500000e-04  1.69419337e-07 
 3.68600000e-04  1.56831361e-07 
 3.68700000e-04  1.56472164e-07 
 3.68800000e-04  1.56272777e-07 
 3.68900000e-04  1.56135772e-07 
 3.69000000e-04  1.56063024e-07 
 3.69100000e-04  1.69548591e-07 
 3.69200000e-04  1.69332443e-07 
 3.69300000e-04  1.69247717e-07 
 3.69400000e-04  1.69172031e-07 
 3.69500000e-04  1.69148321e-07 
 3.69600000e-04  1.55339535e-07 
 3.69700000e-04  1.54901079e-07 
 3.69800000e-04  1.54680041e-07 
 3.69900000e-04  1.54513319e-07 
 3.70000000e-04  1.54402530e-07 
 3.70100000e-04  1.70938628e-07 
 3.70200000e-04  1.70642198e-07 
 3.70300000e-04  1.70530331e-07 
 3.70400000e-04  1.70431154e-07 
 3.70500000e-04  1.70374559e-07 
 3.70600000e-04  1.59083381e-07 
 3.70700000e-04  1.58732104e-07 
 3.70800000e-04  1.58539577e-07 
 3.70900000e-04  1.58405206e-07 
 3.71000000e-04  1.58330730e-07 
 3.71100000e-04  1.69635210e-07 
 3.71200000e-04  1.69376212e-07 
 3.71300000e-04  1.69280095e-07 
 3.71400000e-04  1.69194442e-07 
 3.71500000e-04  1.69161470e-07 
 3.71600000e-04  1.55385692e-07 
 3.71700000e-04  1.54930862e-07 
 3.71800000e-04  1.54687377e-07 
 3.71900000e-04  1.54506082e-07 
 3.72000000e-04  1.54388847e-07 
 3.72100000e-04  1.70409596e-07 
 3.72200000e-04  1.70211695e-07 
 3.72300000e-04  1.70133895e-07 
 3.72400000e-04  1.70065084e-07 
 3.72500000e-04  1.70019309e-07 
 3.72600000e-04  1.57431918e-07 
 3.72700000e-04  1.57044135e-07 
 3.72800000e-04  1.56849244e-07 
 3.72900000e-04  1.56710142e-07 
 3.73000000e-04  1.56628493e-07 
 3.73100000e-04  1.70170416e-07 
 3.73200000e-04  1.69941569e-07 
 3.73300000e-04  1.69864011e-07 
 3.73400000e-04  1.69797214e-07 
 3.73500000e-04  1.69768251e-07 
 3.73600000e-04  1.55921031e-07 
 3.73700000e-04  1.55496494e-07 
 3.73800000e-04  1.55265273e-07 
 3.73900000e-04  1.55097245e-07 
 3.74000000e-04  1.54994201e-07 
 3.74100000e-04  1.75326838e-07 
 3.74200000e-04  1.74066925e-07 
 3.74300000e-04  1.73670181e-07 
 3.74400000e-04  1.73512201e-07 
 3.74500000e-04  1.73431373e-07 
 3.74600000e-04  1.64271371e-07 
 3.74700000e-04  1.63739311e-07 
 3.74800000e-04  1.63496031e-07 
 3.74900000e-04  1.63321554e-07 
 3.75000000e-04  1.63217242e-07 
 3.75100000e-04  1.03756341e-04 
 3.75200000e-04  1.03755761e-04 
 3.75300000e-04  1.03755569e-04 
 3.75400000e-04  1.03755401e-04 
 3.75500000e-04  1.03755346e-04 
 3.75600000e-04  1.03741649e-04 
 3.75700000e-04  1.03741074e-04 
 3.75800000e-04  1.03740799e-04 
 3.75900000e-04  1.03740597e-04 
 3.76000000e-04  1.03740468e-04 
 3.76100000e-04  1.71000871e-07 
 3.76200000e-04  1.70773019e-07 
 3.76300000e-04  1.70678408e-07 
 3.76400000e-04  1.70593097e-07 
 3.76500000e-04  1.70532469e-07 
 3.76600000e-04  1.57959131e-07 
 3.76700000e-04  1.57574094e-07 
 3.76800000e-04  1.57375485e-07 
 3.76900000e-04  1.57241428e-07 
 3.77000000e-04  1.57173861e-07 
 3.77100000e-04  1.70721391e-07 
 3.77200000e-04  1.70490038e-07 
 3.77300000e-04  1.70403525e-07 
 3.77400000e-04  1.70327695e-07 
 3.77500000e-04  1.70300366e-07 
 3.77600000e-04  1.56419067e-07 
 3.77700000e-04  1.56009741e-07 
 3.77800000e-04  1.55779201e-07 
 3.77900000e-04  1.55609872e-07 
 3.78000000e-04  1.55503583e-07 
 3.78100000e-04  1.72097351e-07 
 3.78200000e-04  1.71801519e-07 
 3.78300000e-04  1.71681649e-07 
 3.78400000e-04  1.71573356e-07 
 3.78500000e-04  1.71516240e-07 
 3.78600000e-04  1.60164991e-07 
 3.78700000e-04  1.59800267e-07 
 3.78800000e-04  1.59617750e-07 
 3.78900000e-04  1.59494109e-07 
 3.79000000e-04  1.59431101e-07 
 3.79100000e-04  1.70802602e-07 
 3.79200000e-04  1.70517436e-07 
 3.79300000e-04  1.70423923e-07 
 3.79400000e-04  1.70344028e-07 
 3.79500000e-04  1.70304221e-07 
 3.79600000e-04  1.56463011e-07 
 3.79700000e-04  1.56007344e-07 
 3.79800000e-04  1.55777075e-07 
 3.79900000e-04  1.55601972e-07 
 3.80000000e-04  1.55483670e-07 
 3.80100000e-04  1.71560654e-07 
 3.80200000e-04  1.71372335e-07 
 3.80300000e-04  1.71280326e-07 
 3.80400000e-04  1.71194593e-07 
 3.80500000e-04  1.71143505e-07 
 3.80600000e-04  1.58486831e-07 
 3.80700000e-04  1.58126411e-07 
 3.80800000e-04  1.57935265e-07 
 3.80900000e-04  1.57805088e-07 
 3.81000000e-04  1.57737695e-07 
 3.81100000e-04  1.71316182e-07 
 3.81200000e-04  1.71086033e-07 
 3.81300000e-04  1.71003443e-07 
 3.81400000e-04  1.70930941e-07 
 3.81500000e-04  1.70891303e-07 
 3.81600000e-04  1.56984864e-07 
 3.81700000e-04  1.56579795e-07 
 3.81800000e-04  1.56362722e-07 
 3.81900000e-04  1.56188837e-07 
 3.82000000e-04  1.56059395e-07 
 3.82100000e-04  1.73227482e-07 
 3.82200000e-04  1.72816692e-07 
 3.82300000e-04  1.72678411e-07 
 3.82400000e-04  1.72558627e-07 
 3.82500000e-04  1.72492178e-07 
 3.82600000e-04  1.62404778e-07 
 3.82700000e-04  1.62043590e-07 
 3.82800000e-04  1.61866691e-07 
 3.82900000e-04  1.61749256e-07 
 3.83000000e-04  1.61693054e-07 
 3.83100000e-04  1.70915532e-07 
 3.83200000e-04  1.70605856e-07 
 3.83300000e-04  1.70495912e-07 
 3.83400000e-04  1.70399165e-07 
 3.83500000e-04  1.70355309e-07 
 3.83600000e-04  1.56528799e-07 
 3.83700000e-04  1.56035538e-07 
 3.83800000e-04  1.55794474e-07 
 3.83900000e-04  1.55615915e-07 
 3.84000000e-04  1.55501725e-07 
 3.84100000e-04  1.71581069e-07 
 3.84200000e-04  1.71370244e-07 
 3.84300000e-04  1.71285351e-07 
 3.84400000e-04  1.71210070e-07 
 3.84500000e-04  1.71160583e-07 
 3.84600000e-04  1.58507002e-07 
 3.84700000e-04  1.58123429e-07 
 3.84800000e-04  1.57951274e-07 
 3.84900000e-04  1.57821862e-07 
 3.85000000e-04  1.57736435e-07 
 3.85100000e-04  1.71329325e-07 
 3.85200000e-04  1.71094575e-07 
 3.85300000e-04  1.71006014e-07 
 3.85400000e-04  1.70927999e-07 
 3.85500000e-04  1.70898113e-07 
 3.85600000e-04  1.56992119e-07 
 3.85700000e-04  1.56579217e-07 
 3.85800000e-04  1.56365165e-07 
 3.85900000e-04  1.56195347e-07 
 3.86000000e-04  1.56071049e-07 
 3.86100000e-04  1.72698755e-07 
 3.86200000e-04  1.72394741e-07 
 3.86300000e-04  1.72277113e-07 
 3.86400000e-04  1.72172183e-07 
 3.86500000e-04  1.72117755e-07 
 3.86600000e-04  1.60751026e-07 
 3.86700000e-04  1.60384289e-07 
 3.86800000e-04  1.60204237e-07 
 3.86900000e-04  1.60083323e-07 
 3.87000000e-04  1.60023301e-07 
 3.87100000e-04  1.71414152e-07 
 3.87200000e-04  1.71142409e-07 
 3.87300000e-04  1.71047114e-07 
 3.87400000e-04  1.70963687e-07 
 3.87500000e-04  1.70931248e-07 
 3.87600000e-04  1.57019169e-07 
 3.87700000e-04  1.56592833e-07 
 3.87800000e-04  1.56369492e-07 
 3.87900000e-04  1.56197829e-07 
 3.88000000e-04  1.56079365e-07 
 3.88100000e-04  1.72187099e-07 
 3.88200000e-04  1.71973369e-07 
 3.88300000e-04  1.71881937e-07 
 3.88400000e-04  1.71799965e-07 
 3.88500000e-04  1.71766767e-07 
 3.88600000e-04  1.59070713e-07 
 3.88700000e-04  1.58711832e-07 
 3.88800000e-04  1.58526766e-07 
 3.88900000e-04  1.58400893e-07 
 3.89000000e-04  1.58335967e-07 
 3.89100000e-04  1.71939378e-07 
 3.89200000e-04  1.71710759e-07 
 3.89300000e-04  1.71617365e-07 
 3.89400000e-04  1.71532881e-07 
 3.89500000e-04  1.71500345e-07 
 3.89600000e-04  1.57566503e-07 
 3.89700000e-04  1.57153107e-07 
 3.89800000e-04  1.56944336e-07 
 3.89900000e-04  1.56779192e-07 
 3.90000000e-04  1.56658933e-07 
 3.90100000e-04  1.75966325e-07 
 3.90200000e-04  1.75129982e-07 
 3.90300000e-04  1.74871409e-07 
 3.90400000e-04  1.74650233e-07 
 3.90500000e-04  1.74570722e-07 
 3.90600000e-04  1.69650418e-07 
 3.90700000e-04  1.69266041e-07 
 3.90800000e-04  1.69112137e-07 
 3.90900000e-04  1.69026364e-07 
 3.91000000e-04  1.69010757e-07 
 3.91100000e-04  1.70182486e-07 
 3.91200000e-04  1.69189834e-07 
 3.91300000e-04  1.68928990e-07 
 3.91400000e-04  1.68715119e-07 
 3.91500000e-04  1.68621181e-07 
 3.91600000e-04  1.55005199e-07 
 3.91700000e-04  1.54361950e-07 
 3.91800000e-04  1.54073579e-07 
 3.91900000e-04  1.53865247e-07 
 3.92000000e-04  1.53739364e-07 
 3.92100000e-04  1.69751937e-07 
 3.92200000e-04  1.69553701e-07 
 3.92300000e-04  1.69466863e-07 
 3.92400000e-04  1.69387893e-07 
 3.92500000e-04  1.69335808e-07 
 3.92600000e-04  1.56733522e-07 
 3.92700000e-04  1.56381296e-07 
 3.92800000e-04  1.56189124e-07 
 3.92900000e-04  1.56047851e-07 
 3.93000000e-04  1.55958967e-07 
 3.93100000e-04  1.69482811e-07 
 3.93200000e-04  1.69239442e-07 
 3.93300000e-04  1.69160618e-07 
 3.93400000e-04  1.69094316e-07 
 3.93500000e-04  1.69065628e-07 
 3.93600000e-04  1.55230886e-07 
 3.93700000e-04  1.54812859e-07 
 3.93800000e-04  1.54588695e-07 
 3.93900000e-04  1.54413654e-07 
 3.94000000e-04  1.54289161e-07 
 3.94100000e-04  1.70829122e-07 
 3.94200000e-04  1.70550209e-07 
 3.94300000e-04  1.70435088e-07 
 3.94400000e-04  1.70330420e-07 
 3.94500000e-04  1.70282461e-07 
 3.94600000e-04  1.58987164e-07 
 3.94700000e-04  1.58617118e-07 
 3.94800000e-04  1.58421941e-07 
 3.94900000e-04  1.58292452e-07 
 3.95000000e-04  1.58230481e-07 
 3.95100000e-04  1.71461105e-07 
 3.95200000e-04  1.70802544e-07 
 3.95300000e-04  1.70584294e-07 
 3.95400000e-04  1.70479309e-07 
 3.95500000e-04  1.70410923e-07 
 3.95600000e-04  1.56144168e-07 
 3.95700000e-04  1.55511155e-07 
 3.95800000e-04  1.55248105e-07 
 3.95900000e-04  1.55058818e-07 
 3.96000000e-04  1.54944743e-07 
 3.96100000e-04  1.03757239e-04 
 3.96200000e-04  1.03756864e-04 
 3.96300000e-04  1.03756734e-04 
 3.96400000e-04  1.03756620e-04 
 3.96500000e-04  1.03756566e-04 
 3.96600000e-04  1.03743993e-04 
 3.96700000e-04  1.03743582e-04 
 3.96800000e-04  1.03743389e-04 
 3.96900000e-04  1.03743255e-04 
 3.97000000e-04  1.03743182e-04 
 3.97100000e-04  1.71224684e-07 
 3.97200000e-04  1.70949580e-07 
 3.97300000e-04  1.70857940e-07 
 3.97400000e-04  1.70779544e-07 
 3.97500000e-04  1.70751997e-07 
 3.97600000e-04  1.56906153e-07 
 3.97700000e-04  1.56452725e-07 
 3.97800000e-04  1.56241878e-07 
 3.97900000e-04  1.56081492e-07 
 3.98000000e-04  1.55973035e-07 
 3.98100000e-04  1.73116743e-07 
 3.98200000e-04  1.72716313e-07 
 3.98300000e-04  1.72574152e-07 
 3.98400000e-04  1.72449138e-07 
 3.98500000e-04  1.72395985e-07 
 3.98600000e-04  1.62319627e-07 
 3.98700000e-04  1.61952377e-07 
 3.98800000e-04  1.61759777e-07 
 3.98900000e-04  1.61636544e-07 
 3.99000000e-04  1.61584746e-07 
 3.99100000e-04  1.70802755e-07 
 3.99200000e-04  1.70503071e-07 
 3.99300000e-04  1.70386733e-07 
 3.99400000e-04  1.70282396e-07 
 3.99500000e-04  1.70243693e-07 
 3.99600000e-04  1.56414326e-07 
 3.99700000e-04  1.55934643e-07 
 3.99800000e-04  1.55692765e-07 
 3.99900000e-04  1.55510609e-07 
 4.00000000e-04  1.55389932e-07 
 4.00100000e-04  1.71481658e-07 
 4.00200000e-04  1.71263550e-07 
 4.00300000e-04  1.71181171e-07 
 4.00400000e-04  1.71109306e-07 
 4.00500000e-04  1.71059384e-07 
 4.00600000e-04  1.58403139e-07 
 4.00700000e-04  1.58028802e-07 
 4.00800000e-04  1.57841165e-07 
 4.00900000e-04  1.57705630e-07 
 4.01000000e-04  1.57623719e-07 
 4.01100000e-04  1.71207254e-07 
 4.01200000e-04  1.70984516e-07 
 4.01300000e-04  1.70901951e-07 
 4.01400000e-04  1.70828964e-07 
 4.01500000e-04  1.70776051e-07 
 4.01600000e-04  1.56870173e-07 
 4.01700000e-04  1.56477202e-07 
 4.01800000e-04  1.56256218e-07 
 4.01900000e-04  1.56084581e-07 
 4.02000000e-04  1.55963725e-07 
 4.02100000e-04  1.72592503e-07 
 4.02200000e-04  1.72298669e-07 
 4.02300000e-04  1.72176786e-07 
 4.02400000e-04  1.72066127e-07 
 4.02500000e-04  1.72022097e-07 
 4.02600000e-04  1.60643139e-07 
 4.02700000e-04  1.60280266e-07 
 4.02800000e-04  1.60095161e-07 
 4.02900000e-04  1.59967243e-07 
 4.03000000e-04  1.59898191e-07 
 4.03100000e-04  1.71303224e-07 
 4.03200000e-04  1.71033892e-07 
 4.03300000e-04  1.70934734e-07 
 4.03400000e-04  1.70847226e-07 
 4.03500000e-04  1.70802270e-07 
 4.03600000e-04  1.56917682e-07 
 4.03700000e-04  1.56469989e-07 
 4.03800000e-04  1.56249515e-07 
 4.03900000e-04  1.56080496e-07 
 4.04000000e-04  1.55964427e-07 
 4.04100000e-04  1.72061905e-07 
 4.04200000e-04  1.71860135e-07 
 4.04300000e-04  1.71778006e-07 
 4.04400000e-04  1.71704440e-07 
 4.04500000e-04  1.71653580e-07 
 4.04600000e-04  1.58976549e-07 
 4.04700000e-04  1.58601512e-07 
 4.04800000e-04  1.58424246e-07 
 4.04900000e-04  1.58297312e-07 
 4.05000000e-04  1.58222171e-07 
 4.05100000e-04  1.71832087e-07 
 4.05200000e-04  1.71591377e-07 
 4.05300000e-04  1.71502624e-07 
 4.05400000e-04  1.71425143e-07 
 4.05500000e-04  1.71406923e-07 
 4.05600000e-04  1.57462422e-07 
 4.05700000e-04  1.57060104e-07 
 4.05800000e-04  1.56839889e-07 
 4.05900000e-04  1.56672037e-07 
 4.06000000e-04  1.56558070e-07 
 4.06100000e-04  1.74267385e-07 
 4.06200000e-04  1.73747051e-07 
 4.06300000e-04  1.73573336e-07 
 4.06400000e-04  1.73422230e-07 
 4.06500000e-04  1.73351258e-07 
 4.06600000e-04  1.64535978e-07 
 4.06700000e-04  1.64183133e-07 
 4.06800000e-04  1.64000589e-07 
 4.06900000e-04  1.63890452e-07 
 4.07000000e-04  1.63854878e-07 
 4.07100000e-04  1.71086852e-07 
 4.07200000e-04  1.70675721e-07 
 4.07300000e-04  1.70523588e-07 
 4.07400000e-04  1.70388870e-07 
 4.07500000e-04  1.70324237e-07 
 4.07600000e-04  1.56514558e-07 
 4.07700000e-04  1.55967342e-07 
 4.07800000e-04  1.55711621e-07 
 4.07900000e-04  1.55523272e-07 
 4.08000000e-04  1.55404294e-07 
 4.08100000e-04  1.71511033e-07 
 4.08200000e-04  1.71288190e-07 
 4.08300000e-04  1.71202735e-07 
 4.08400000e-04  1.71128165e-07 
 4.08500000e-04  1.71065499e-07 
 4.08600000e-04  1.58396554e-07 
 4.08700000e-04  1.58037363e-07 
 4.08800000e-04  1.57844372e-07 
 4.08900000e-04  1.57707828e-07 
 4.09000000e-04  1.57629383e-07 
 4.09100000e-04  1.71224885e-07 
 4.09200000e-04  1.70984715e-07 
 4.09300000e-04  1.70897052e-07 
 4.09400000e-04  1.70820486e-07 
 4.09500000e-04  1.70799756e-07 
 4.09600000e-04  1.56882205e-07 
 4.09700000e-04  1.56458335e-07 
 4.09800000e-04  1.56238131e-07 
 4.09900000e-04  1.56076317e-07 
 4.10000000e-04  1.55974604e-07 
 4.10100000e-04  1.72595685e-07 
 4.10200000e-04  1.72292696e-07 
 4.10300000e-04  1.72174094e-07 
 4.10400000e-04  1.72067786e-07 
 4.10500000e-04  1.72017610e-07 
 4.10600000e-04  1.60635167e-07 
 4.10700000e-04  1.60279161e-07 
 4.10800000e-04  1.60086310e-07 
 4.10900000e-04  1.59962239e-07 
 4.11000000e-04  1.59908989e-07 
 4.11100000e-04  1.71310421e-07 
 4.11200000e-04  1.71022294e-07 
 4.11300000e-04  1.70931882e-07 
 4.11400000e-04  1.70855357e-07 
 4.11500000e-04  1.70822738e-07 
 4.11600000e-04  1.56917402e-07 
 4.11700000e-04  1.56474076e-07 
 4.11800000e-04  1.56244340e-07 
 4.11900000e-04  1.56070800e-07 
 4.12000000e-04  1.55955092e-07 
 4.12100000e-04  1.72071072e-07 
 4.12200000e-04  1.71864440e-07 
 4.12300000e-04  1.71778340e-07 
 4.12400000e-04  1.71701457e-07 
 4.12500000e-04  1.71646529e-07 
 4.12600000e-04  1.58963116e-07 
 4.12700000e-04  1.58604751e-07 
 4.12800000e-04  1.58413085e-07 
 4.12900000e-04  1.58280171e-07 
 4.13000000e-04  1.58207726e-07 
 4.13100000e-04  1.71827423e-07 
 4.13200000e-04  1.71596976e-07 
 4.13300000e-04  1.71511016e-07 
 4.13400000e-04  1.71435295e-07 
 4.13500000e-04  1.71404287e-07 
 4.13600000e-04  1.57457175e-07 
 4.13700000e-04  1.57061026e-07 
 4.13800000e-04  1.56838424e-07 
 4.13900000e-04  1.56671962e-07 
 4.14000000e-04  1.56563278e-07 
 4.14100000e-04  1.73749764e-07 
 4.14200000e-04  1.73334874e-07 
 4.14300000e-04  1.73185135e-07 
 4.14400000e-04  1.73053458e-07 
 4.14500000e-04  1.73002408e-07 
 4.14600000e-04  1.62874529e-07 
 4.14700000e-04  1.62523832e-07 
 4.14800000e-04  1.62348157e-07 
 4.14900000e-04  1.62234061e-07 
 4.15000000e-04  1.62183351e-07 
 4.15100000e-04  1.71419022e-07 
 4.15200000e-04  1.71112665e-07 
 4.15300000e-04  1.71000457e-07 
 4.15400000e-04  1.70900973e-07 
 4.15500000e-04  1.70846678e-07 
 4.15600000e-04  1.56991820e-07 
 4.15700000e-04  1.56512027e-07 
 4.15800000e-04  1.56270007e-07 
 4.15900000e-04  1.56092372e-07 
 4.16000000e-04  1.55981013e-07 
 4.16100000e-04  1.72092768e-07 
 4.16200000e-04  1.71877540e-07 
 4.16300000e-04  1.71791418e-07 
 4.16400000e-04  1.71714943e-07 
 4.16500000e-04  1.71662408e-07 
 4.16600000e-04  1.58967920e-07 
 4.16700000e-04  1.58608537e-07 
 4.16800000e-04  1.58418175e-07 
 4.16900000e-04  1.58290781e-07 
 4.17000000e-04  1.58228204e-07 
 4.17100000e-04  1.71841261e-07 
 4.17200000e-04  1.71607163e-07 
 4.17300000e-04  1.71510218e-07 
 4.17400000e-04  1.71422982e-07 
 4.17500000e-04  1.71392364e-07 
 4.17600000e-04  1.57463006e-07 
 4.17700000e-04  1.57051387e-07 
 4.17800000e-04  1.56833798e-07 
 4.17900000e-04  1.56666839e-07 
 4.18000000e-04  1.56551966e-07 
 4.18100000e-04  1.73217471e-07 
 4.18200000e-04  1.72902265e-07 
 4.18300000e-04  1.72788526e-07 
 4.18400000e-04  1.72689159e-07 
 4.18500000e-04  1.72623181e-07 
 4.18600000e-04  1.61223301e-07 
 4.18700000e-04  1.60871622e-07 
 4.18800000e-04  1.60678687e-07 
 4.18900000e-04  1.60551771e-07 
 4.19000000e-04  1.60492817e-07 
 4.19100000e-04  1.71927703e-07 
 4.19200000e-04  1.71639026e-07 
 4.19300000e-04  1.71546250e-07 
 4.19400000e-04  1.71467388e-07 
 4.19500000e-04  1.71429574e-07 
 4.19600000e-04  1.57518961e-07 
 4.19700000e-04  1.57080806e-07 
 4.19800000e-04  1.56836476e-07 
 4.19900000e-04  1.56660019e-07 
 4.20000000e-04  1.56553433e-07 
 4.20100000e-04  1.72687515e-07 
 4.20200000e-04  1.72479534e-07 
 4.20300000e-04  1.72391760e-07 
 4.20400000e-04  1.72312801e-07 
 4.20500000e-04  1.72254960e-07 
 4.20600000e-04  1.59557176e-07 
 4.20700000e-04  1.59188121e-07 
 4.20800000e-04  1.59004026e-07 
 4.20900000e-04  1.58881998e-07 
 4.21000000e-04  1.58823852e-07 
 4.21100000e-04  1.72453765e-07 
 4.21200000e-04  1.72211945e-07 
 4.21300000e-04  1.72124680e-07 
 4.21400000e-04  1.72048693e-07 
 4.21500000e-04  1.72005443e-07 
 4.21600000e-04  1.58048690e-07 
 4.21700000e-04  1.57630335e-07 
 4.21800000e-04  1.57422807e-07 
 4.21900000e-04  1.57263036e-07 
 4.22000000e-04  1.57152385e-07 
 4.22100000e-04  1.75420552e-07 
 4.22200000e-04  1.74801081e-07 
 4.22300000e-04  1.74598204e-07 
 4.22400000e-04  1.74422436e-07 
 4.22500000e-04  1.74347790e-07 
 4.22600000e-04  1.66787190e-07 
 4.22700000e-04  1.66422464e-07 
 4.22800000e-04  1.66257135e-07 
 4.22900000e-04  1.66163162e-07 
 4.23000000e-04  1.66142652e-07 
 4.23100000e-04  1.71730980e-07 
 4.23200000e-04  1.70917153e-07 
 4.23300000e-04  1.70662180e-07 
 4.23400000e-04  1.70445306e-07 
 4.23500000e-04  1.70363774e-07 
 4.23600000e-04  1.56577912e-07 
 4.23700000e-04  1.56008483e-07 
 4.23800000e-04  1.55743217e-07 
 4.23900000e-04  1.55546376e-07 
 4.24000000e-04  1.55419968e-07 
 4.24100000e-04  1.71504886e-07 
 4.24200000e-04  1.71299447e-07 
 4.24300000e-04  1.71215243e-07 
 4.24400000e-04  1.71139972e-07 
 4.24500000e-04  1.71089176e-07 
 4.24600000e-04  1.58398533e-07 
 4.24700000e-04  1.58036636e-07 
 4.24800000e-04  1.57852605e-07 
 4.24900000e-04  1.57716999e-07 
 4.25000000e-04  1.57631195e-07 
 4.25100000e-04  1.71244127e-07 
 4.25200000e-04  1.71000661e-07 
 4.25300000e-04  1.70906704e-07 
 4.25400000e-04  1.70823770e-07 
 4.25500000e-04  1.70805094e-07 
 4.25600000e-04  1.56886478e-07 
 4.25700000e-04  1.56474825e-07 
 4.25800000e-04  1.56255331e-07 
 4.25900000e-04  1.56085599e-07 
 4.26000000e-04  1.55967051e-07 
 4.26100000e-04  1.72619095e-07 
 4.26200000e-04  1.72291017e-07 
 4.26300000e-04  1.72170263e-07 
 4.26400000e-04  1.72064646e-07 
 4.26500000e-04  1.72014451e-07 
 4.26600000e-04  1.60630261e-07 
 4.26700000e-04  1.60270762e-07 
 4.26800000e-04  1.60095459e-07 
 4.26900000e-04  1.59973090e-07 
 4.27000000e-04  1.59905177e-07 
 4.27100000e-04  1.71300070e-07 
 4.27200000e-04  1.71027461e-07 
 4.27300000e-04  1.70928301e-07 
 4.27400000e-04  1.70840544e-07 
 4.27500000e-04  1.70810251e-07 
 4.27600000e-04  1.56930684e-07 
 4.27700000e-04  1.56490626e-07 
 4.27800000e-04  1.56256270e-07 
 4.27900000e-04  1.56077867e-07 
 4.28000000e-04  1.55957036e-07 
 4.28100000e-04  1.72070466e-07 
 4.28200000e-04  1.71883592e-07 
 4.28300000e-04  1.71788729e-07 
 4.28400000e-04  1.71700234e-07 
 4.28500000e-04  1.71654849e-07 
 4.28600000e-04  1.58965217e-07 
 4.28700000e-04  1.58612572e-07 
 4.28800000e-04  1.58419505e-07 
 4.28900000e-04  1.58286493e-07 
 4.29000000e-04  1.58215279e-07 
 4.29100000e-04  1.71825013e-07 
 4.29200000e-04  1.71595377e-07 
 4.29300000e-04  1.71510460e-07 
 4.29400000e-04  1.71435696e-07 
 4.29500000e-04  1.71392340e-07 
 4.29600000e-04  1.57465224e-07 
 4.29700000e-04  1.57044559e-07 
 4.29800000e-04  1.56823391e-07 
 4.29900000e-04  1.56661756e-07 
 4.30000000e-04  1.56561381e-07 
 4.30100000e-04  1.73745492e-07 
 4.30200000e-04  1.73334434e-07 
 4.30300000e-04  1.73181473e-07 
 4.30400000e-04  1.73045670e-07 
 4.30500000e-04  1.72993209e-07 
 4.30600000e-04  1.62887308e-07 
 4.30700000e-04  1.62526563e-07 
 4.30800000e-04  1.62355205e-07 
 4.30900000e-04  1.62239713e-07 
 4.31000000e-04  1.62181696e-07 
 4.31100000e-04  1.71420095e-07 
 4.31200000e-04  1.71103638e-07 
 4.31300000e-04  1.70993551e-07 
 4.31400000e-04  1.70897399e-07 
 4.31500000e-04  1.70845829e-07 
 4.31600000e-04  1.56994161e-07 
 4.31700000e-04  1.56506983e-07 
 4.31800000e-04  1.56267218e-07 
 4.31900000e-04  1.56091682e-07 
 4.32000000e-04  1.55982246e-07 
 4.32100000e-04  1.72094482e-07 
 4.32200000e-04  1.71899675e-07 
 4.32300000e-04  1.71805851e-07 
 4.32400000e-04  1.71719334e-07 
 4.32500000e-04  1.71665680e-07 
 4.32600000e-04  1.58981055e-07 
 4.32700000e-04  1.58621228e-07 
 4.32800000e-04  1.58432395e-07 
 4.32900000e-04  1.58299096e-07 
 4.33000000e-04  1.58222928e-07 
 4.33100000e-04  1.71837119e-07 
 4.33200000e-04  1.71596030e-07 
 4.33300000e-04  1.71512517e-07 
 4.33400000e-04  1.71440696e-07 
 4.33500000e-04  1.71413782e-07 
 4.33600000e-04  1.57458141e-07 
 4.33700000e-04  1.57047944e-07 
 4.33800000e-04  1.56828886e-07 
 4.33900000e-04  1.56666259e-07 
 4.34000000e-04  1.56561683e-07 
 4.34100000e-04  1.73214083e-07 
 4.34200000e-04  1.72900198e-07 
 4.34300000e-04  1.72784558e-07 
 4.34400000e-04  1.72682461e-07 
 4.34500000e-04  1.72624538e-07 
 4.34600000e-04  1.61208761e-07 
 4.34700000e-04  1.60858372e-07 
 4.34800000e-04  1.60677386e-07 
 4.34900000e-04  1.60552760e-07 
 4.35000000e-04  1.60486117e-07 
 4.35100000e-04  1.71930850e-07 
 4.35200000e-04  1.71645973e-07 
 4.35300000e-04  1.71551441e-07 
 4.35400000e-04  1.71470410e-07 
 4.35500000e-04  1.71430174e-07 
 4.35600000e-04  1.57504911e-07 
 4.35700000e-04  1.57081107e-07 
 4.35800000e-04  1.56848491e-07 
 4.35900000e-04  1.56676060e-07 
 4.36000000e-04  1.56565555e-07 
 4.36100000e-04  1.72687650e-07 
 4.36200000e-04  1.72488528e-07 
 4.36300000e-04  1.72395482e-07 
 4.36400000e-04  1.72309917e-07 
 4.36500000e-04  1.72268501e-07 
 4.36600000e-04  1.59539294e-07 
 4.36700000e-04  1.59201027e-07 
 4.36800000e-04  1.59015365e-07 
 4.36900000e-04  1.58887955e-07 
 4.37000000e-04  1.58820477e-07 
 4.37100000e-04  1.72457888e-07 
 4.37200000e-04  1.72207565e-07 
 4.37300000e-04  1.72121681e-07 
 4.37400000e-04  1.72047986e-07 
 4.37500000e-04  1.72027073e-07 
 4.37600000e-04  1.58051393e-07 
 4.37700000e-04  1.57632152e-07 
 4.37800000e-04  1.57425183e-07 
 4.37900000e-04  1.57262719e-07 
 4.38000000e-04  1.57146001e-07 
 4.38100000e-04  1.74903826e-07 
 4.38200000e-04  1.74369233e-07 
 4.38300000e-04  1.74198958e-07 
 4.38400000e-04  1.74053742e-07 
 4.38500000e-04  1.73970982e-07 
 4.38600000e-04  1.65124421e-07 
 4.38700000e-04  1.64770854e-07 
 4.38800000e-04  1.64600561e-07 
 4.38900000e-04  1.64497985e-07 
 4.39000000e-04  1.64465103e-07 
 4.39100000e-04  1.71708522e-07 
 4.39200000e-04  1.71299291e-07 
 4.39300000e-04  1.71147239e-07 
 4.39400000e-04  1.71012435e-07 
 4.39500000e-04  1.70938277e-07 
 4.39600000e-04  1.57110494e-07 
 4.39700000e-04  1.56557427e-07 
 4.39800000e-04  1.56309506e-07 
 4.39900000e-04  1.56122078e-07 
 4.40000000e-04  1.55996890e-07 
 4.40100000e-04  1.72128365e-07 
 4.40200000e-04  1.71927768e-07 
 4.40300000e-04  1.71833183e-07 
 4.40400000e-04  1.71746109e-07 
 4.40500000e-04  1.71684511e-07 
 4.40600000e-04  1.58986542e-07 
 4.40700000e-04  1.58618111e-07 
 4.40800000e-04  1.58431860e-07 
 4.40900000e-04  1.58305309e-07 
 4.41000000e-04  1.58240180e-07 
 4.41100000e-04  1.71845680e-07 
 4.41200000e-04  1.71622718e-07 
 4.41300000e-04  1.71528959e-07 
 4.41400000e-04  1.71443931e-07 
 4.41500000e-04  1.71419558e-07 
 4.41600000e-04  1.57472285e-07 
 4.41700000e-04  1.57072854e-07 
 4.41800000e-04  1.56839193e-07 
 4.41900000e-04  1.56671444e-07 
 4.42000000e-04  1.56571527e-07 
 4.42100000e-04  1.73227342e-07 
 4.42200000e-04  1.72920735e-07 
 4.42300000e-04  1.72799816e-07 
 4.42400000e-04  1.72691310e-07 
 4.42500000e-04  1.72650908e-07 
 4.42600000e-04  1.61230877e-07 
 4.42700000e-04  1.60870634e-07 
 4.42800000e-04  1.60676644e-07 
 4.42900000e-04  1.60548470e-07 
 4.43000000e-04  1.60488025e-07 
 4.43100000e-04  1.71924120e-07 
 4.43200000e-04  1.71645119e-07 
 4.43300000e-04  1.71556232e-07 
 4.43400000e-04  1.71480507e-07 
 4.43500000e-04  1.71426904e-07 
 4.43600000e-04  1.57510770e-07 
 4.43700000e-04  1.57080342e-07 
 4.43800000e-04  1.56846100e-07 
 4.43900000e-04  1.56670531e-07 
 4.44000000e-04  1.56555320e-07 
 4.44100000e-04  1.72707804e-07 
 4.44200000e-04  1.72496282e-07 
 4.44300000e-04  1.72403459e-07 
 4.44400000e-04  1.72319610e-07 
 4.44500000e-04  1.72280084e-07 
 4.44600000e-04  1.59562869e-07 
 4.44700000e-04  1.59201118e-07 
 4.44800000e-04  1.59011238e-07 
 4.44900000e-04  1.58884851e-07 
 4.45000000e-04  1.58823795e-07 
 4.45100000e-04  1.72461562e-07 
 4.45200000e-04  1.72219267e-07 
 4.45300000e-04  1.72126020e-07 
 4.45400000e-04  1.72043367e-07 
 4.45500000e-04  1.72013531e-07 
 4.45600000e-04  1.58034157e-07 
 4.45700000e-04  1.57653955e-07 
 4.45800000e-04  1.57433101e-07 
 4.45900000e-04  1.57265858e-07 
 4.46000000e-04  1.57153753e-07 
 4.46100000e-04  1.74367194e-07 
 4.46200000e-04  1.73940426e-07 
 4.46300000e-04  1.73802163e-07 
 4.46400000e-04  1.73683784e-07 
 4.46500000e-04  1.73628260e-07 
 4.46600000e-04  1.63468980e-07 
 4.46700000e-04  1.63106654e-07 
 4.46800000e-04  1.62933965e-07 
 4.46900000e-04  1.62822672e-07 
 4.47000000e-04  1.62774548e-07 
 4.47100000e-04  1.72045175e-07 
 4.47200000e-04  1.71739992e-07 
 4.47300000e-04  1.71619616e-07 
 4.47400000e-04  1.71510865e-07 
 4.47500000e-04  1.71472229e-07 
 4.47600000e-04  1.57580817e-07 
 4.47700000e-04  1.57108826e-07 
 4.47800000e-04  1.56862240e-07 
 4.47900000e-04  1.56684738e-07 
 4.48000000e-04  1.56578334e-07 
 4.48100000e-04  1.72726862e-07 
 4.48200000e-04  1.72507979e-07 
 4.48300000e-04  1.72413721e-07 
 4.48400000e-04  1.72329286e-07 
 4.48500000e-04  1.72274840e-07 
 4.48600000e-04  1.59561010e-07 
 4.48700000e-04  1.59210306e-07 
 4.48800000e-04  1.59027739e-07 
 4.48900000e-04  1.58898250e-07 
 4.49000000e-04  1.58823344e-07 
 4.49100000e-04  1.72466880e-07 
 4.49200000e-04  1.72228590e-07 
 4.49300000e-04  1.72136508e-07 
 4.49400000e-04  1.72054909e-07 
 4.49500000e-04  1.72013428e-07 
 4.49600000e-04  1.58038945e-07 
 4.49700000e-04  1.57635897e-07 
 4.49800000e-04  1.57429846e-07 
 4.49900000e-04  1.57270296e-07 
 4.50000000e-04  1.57158542e-07 
 4.50100000e-04  1.73845104e-07 
 4.50200000e-04  1.73538068e-07 
 4.50300000e-04  1.73410650e-07 
 4.50400000e-04  1.73295068e-07 
 4.50500000e-04  1.73247469e-07 
 4.50600000e-04  1.61816897e-07 
 4.50700000e-04  1.61449118e-07 
 4.50800000e-04  1.61263445e-07 
 4.50900000e-04  1.61142050e-07 
 4.51000000e-04  1.61086788e-07 
 4.51100000e-04  1.72545175e-07 
 4.51200000e-04  1.72277422e-07 
 4.51300000e-04  1.72182675e-07 
 4.51400000e-04  1.72099537e-07 
 4.51500000e-04  1.72053842e-07 
 4.51600000e-04  1.58095034e-07 
 4.51700000e-04  1.57660083e-07 
 4.51800000e-04  1.57428701e-07 
 4.51900000e-04  1.57258192e-07 
 4.52000000e-04  1.57150303e-07 
 4.52100000e-04  1.73329653e-07 
 4.52200000e-04  1.73113927e-07 
 4.52300000e-04  1.73025192e-07 
 4.52400000e-04  1.72945901e-07 
 4.52500000e-04  1.72895620e-07 
 4.52600000e-04  1.60147466e-07 
 4.52700000e-04  1.59791960e-07 
 4.52800000e-04  1.59610282e-07 
 4.52900000e-04  1.59481850e-07 
 4.53000000e-04  1.59408167e-07 
 4.53100000e-04  1.73086340e-07 
 4.53200000e-04  1.72831361e-07 
 4.53300000e-04  1.72736677e-07 
 4.53400000e-04  1.72653948e-07 
 4.53500000e-04  1.72621252e-07 
 4.53600000e-04  1.58614115e-07 
 4.53700000e-04  1.58236015e-07 
 4.53800000e-04  1.58020495e-07 
 4.53900000e-04  1.57860161e-07 
 4.54000000e-04  1.57756581e-07 
 4.54100000e-04  1.76576849e-07 
 4.54200000e-04  1.75833961e-07 
 4.54300000e-04  1.75600605e-07 
 4.54400000e-04  1.75400856e-07 
 4.54500000e-04  1.75329343e-07 
 4.54600000e-04  1.69038870e-07 
 4.54700000e-04  1.68680713e-07 
 4.54800000e-04  1.68520734e-07 
 4.54900000e-04  1.68428034e-07 
 4.55000000e-04  1.68404565e-07 
 4.55100000e-04  1.71866149e-07 
 4.55200000e-04  1.70915127e-07 
 4.55300000e-04  1.70656148e-07 
 4.55400000e-04  1.70441177e-07 
 4.55500000e-04  1.70345469e-07 
 4.55600000e-04  1.56610243e-07 
 4.55700000e-04  1.56011054e-07 
 4.55800000e-04  1.55735961e-07 
 4.55900000e-04  1.55534547e-07 
 4.56000000e-04  1.55408962e-07 
 4.56100000e-04  1.71520424e-07 
 4.56200000e-04  1.71317420e-07 
 4.56300000e-04  1.71215810e-07 
 4.56400000e-04  1.71121469e-07 
 4.56500000e-04  1.71071822e-07 
 4.56600000e-04  1.58395441e-07 
 4.56700000e-04  1.58037759e-07 
 4.56800000e-04  1.57854027e-07 
 4.56900000e-04  1.57722229e-07 
 4.57000000e-04  1.57643829e-07 
 4.57100000e-04  1.71233905e-07 
 4.57200000e-04  1.70996268e-07 
 4.57300000e-04  1.70911540e-07 
 4.57400000e-04  1.70837891e-07 
 4.57500000e-04  1.70806764e-07 
 4.57600000e-04  1.56871972e-07 
 4.57700000e-04  1.56483975e-07 
 4.57800000e-04  1.56256330e-07 
 4.57900000e-04  1.56083473e-07 
 4.58000000e-04  1.55966955e-07 
 4.58100000e-04  1.72604911e-07 
 4.58200000e-04  1.72302047e-07 
 4.58300000e-04  1.72184495e-07 
 4.58400000e-04  1.72079565e-07 
 4.58500000e-04  1.72023411e-07 
 4.58600000e-04  1.60634044e-07 
 4.58700000e-04  1.60282259e-07 
 4.58800000e-04  1.60092153e-07 
 4.58900000e-04  1.59966059e-07 
 4.59000000e-04  1.59905817e-07 
 4.59100000e-04  1.71307371e-07 
 4.59200000e-04  1.71043685e-07 
 4.59300000e-04  1.70945674e-07 
 4.59400000e-04  1.70858901e-07 
 4.59500000e-04  1.70822724e-07 
 4.59600000e-04  1.56922458e-07 
 4.59700000e-04  1.56486841e-07 
 4.59800000e-04  1.56246767e-07 
 4.59900000e-04  1.56073334e-07 
 4.60000000e-04  1.55968465e-07 
 4.60100000e-04  1.72070389e-07 
 4.60200000e-04  1.71878021e-07 
 4.60300000e-04  1.71786665e-07 
 4.60400000e-04  1.71702315e-07 
 4.60500000e-04  1.71658504e-07 
 4.60600000e-04  1.58969069e-07 
 4.60700000e-04  1.58607328e-07 
 4.60800000e-04  1.58419713e-07 
 4.60900000e-04  1.58289065e-07 
 4.61000000e-04  1.58217006e-07 
 4.61100000e-04  1.71832842e-07 
 4.61200000e-04  1.71606157e-07 
 4.61300000e-04  1.71518740e-07 
 4.61400000e-04  1.71440724e-07 
 4.61500000e-04  1.71396825e-07 
 4.61600000e-04  1.57454787e-07 
 4.61700000e-04  1.57043599e-07 
 4.61800000e-04  1.56835594e-07 
 4.61900000e-04  1.56669565e-07 
 4.62000000e-04  1.56546651e-07 
 4.62100000e-04  1.73741072e-07 
 4.62200000e-04  1.73331450e-07 
 4.62300000e-04  1.73189849e-07 
 4.62400000e-04  1.73066219e-07 
 4.62500000e-04  1.72990383e-07 
 4.62600000e-04  1.62878779e-07 
 4.62700000e-04  1.62526212e-07 
 4.62800000e-04  1.62342487e-07 
 4.62900000e-04  1.62225860e-07 
 4.63000000e-04  1.62178267e-07 
 4.63100000e-04  1.71419145e-07 
 4.63200000e-04  1.71109017e-07 
 4.63300000e-04  1.70997143e-07 
 4.63400000e-04  1.70898405e-07 
 4.63500000e-04  1.70854806e-07 
 4.63600000e-04  1.57000284e-07 
 4.63700000e-04  1.56494677e-07 
 4.63800000e-04  1.56265296e-07 
 4.63900000e-04  1.56090894e-07 
 4.64000000e-04  1.55973019e-07 
 4.64100000e-04  1.72093089e-07 
 4.64200000e-04  1.71892334e-07 
 4.64300000e-04  1.71794802e-07 
 4.64400000e-04  1.71704424e-07 
 4.64500000e-04  1.71672768e-07 
 4.64600000e-04  1.58973730e-07 
 4.64700000e-04  1.58616183e-07 
 4.64800000e-04  1.58423590e-07 
 4.64900000e-04  1.58294066e-07 
 4.65000000e-04  1.58229415e-07 
 4.65100000e-04  1.71847022e-07 
 4.65200000e-04  1.71599565e-07 
 4.65300000e-04  1.71511771e-07 
 4.65400000e-04  1.71436018e-07 
 4.65500000e-04  1.71396694e-07 
 4.65600000e-04  1.57459087e-07 
 4.65700000e-04  1.57050126e-07 
 4.65800000e-04  1.56837703e-07 
 4.65900000e-04  1.56676650e-07 
 4.66000000e-04  1.56568401e-07 
 4.66100000e-04  1.73212833e-07 
 4.66200000e-04  1.72901761e-07 
 4.66300000e-04  1.72793091e-07 
 4.66400000e-04  1.72698154e-07 
 4.66500000e-04  1.72629107e-07 
 4.66600000e-04  1.61208361e-07 
 4.66700000e-04  1.60862705e-07 
 4.66800000e-04  1.60681853e-07 
 4.66900000e-04  1.60561333e-07 
 4.67000000e-04  1.60502861e-07 
 4.67100000e-04  1.71918858e-07 
 4.67200000e-04  1.71640786e-07 
 4.67300000e-04  1.71544386e-07 
 4.67400000e-04  1.71460409e-07 
 4.67500000e-04  1.71424194e-07 
 4.67600000e-04  1.57514523e-07 
 4.67700000e-04  1.57060335e-07 
 4.67800000e-04  1.56833676e-07 
 4.67900000e-04  1.56665253e-07 
 4.68000000e-04  1.56556716e-07 
 4.68100000e-04  1.72687145e-07 
 4.68200000e-04  1.72502071e-07 
 4.68300000e-04  1.72403878e-07 
 4.68400000e-04  1.72311019e-07 
 4.68500000e-04  1.72266379e-07 
 4.68600000e-04  1.59544391e-07 
 4.68700000e-04  1.59196355e-07 
 4.68800000e-04  1.59018992e-07 
 4.68900000e-04  1.58893155e-07 
 4.69000000e-04  1.58820278e-07 
 4.69100000e-04  1.72454299e-07 
 4.69200000e-04  1.72222197e-07 
 4.69300000e-04  1.72131734e-07 
 4.69400000e-04  1.72051354e-07 
 4.69500000e-04  1.72005790e-07 
 4.69600000e-04  1.58054254e-07 
 4.69700000e-04  1.57631576e-07 
 4.69800000e-04  1.57411770e-07 
 4.69900000e-04  1.57251803e-07 
 4.70000000e-04  1.57153373e-07 
 4.70100000e-04  1.74902258e-07 
 4.70200000e-04  1.74368790e-07 
 4.70300000e-04  1.74193969e-07 
 4.70400000e-04  1.74043304e-07 
 4.70500000e-04  1.73966620e-07 
 4.70600000e-04  1.65135372e-07 
 4.70700000e-04  1.64781664e-07 
 4.70800000e-04  1.64609498e-07 
 4.70900000e-04  1.64499279e-07 
 4.71000000e-04  1.64452768e-07 
 4.71100000e-04  1.71710152e-07 
 4.71200000e-04  1.71306788e-07 
 4.71300000e-04  1.71149041e-07 
 4.71400000e-04  1.71007554e-07 
 4.71500000e-04  1.70944586e-07 
 4.71600000e-04  1.57114148e-07 
 4.71700000e-04  1.56569942e-07 
 4.71800000e-04  1.56318873e-07 
 4.71900000e-04  1.56133389e-07 
 4.72000000e-04  1.56015364e-07 
 4.72100000e-04  1.72121620e-07 
 4.72200000e-04  1.71930196e-07 
 4.72300000e-04  1.71830820e-07 
 4.72400000e-04  1.71737233e-07 
 4.72500000e-04  1.71689373e-07 
 4.72600000e-04  1.58984612e-07 
 4.72700000e-04  1.58631354e-07 
 4.72800000e-04  1.58438133e-07 
 4.72900000e-04  1.58306628e-07 
 4.73000000e-04  1.58238592e-07 
 4.73100000e-04  1.71846394e-07 
 4.73200000e-04  1.71609323e-07 
 4.73300000e-04  1.71525048e-07 
 4.73400000e-04  1.71451737e-07 
 4.73500000e-04  1.71403843e-07 
 4.73600000e-04  1.57453858e-07 
 4.73700000e-04  1.57051499e-07 
 4.73800000e-04  1.56833219e-07 
 4.73900000e-04  1.56666503e-07 
 4.74000000e-04  1.56552783e-07 
 4.74100000e-04  1.73220004e-07 
 4.74200000e-04  1.72909835e-07 
 4.74300000e-04  1.72794182e-07 
 4.74400000e-04  1.72692069e-07 
 4.74500000e-04  1.72630323e-07 
 4.74600000e-04  1.61231771e-07 
 4.74700000e-04  1.60870702e-07 
 4.74800000e-04  1.60682618e-07 
 4.74900000e-04  1.60560223e-07 
 4.75000000e-04  1.60505397e-07 
 4.75100000e-04  1.71920136e-07 
 4.75200000e-04  1.71653670e-07 
 4.75300000e-04  1.71554297e-07 
 4.75400000e-04  1.71465686e-07 
 4.75500000e-04  1.71431256e-07 
 4.75600000e-04  1.57514076e-07 
 4.75700000e-04  1.57063649e-07 
 4.75800000e-04  1.56836124e-07 
 4.75900000e-04  1.56669654e-07 
 4.76000000e-04  1.56565971e-07 
 4.76100000e-04  1.72702716e-07 
 4.76200000e-04  1.72491219e-07 
 4.76300000e-04  1.72402499e-07 
 4.76400000e-04  1.72322810e-07 
 4.76500000e-04  1.72283184e-07 
 4.76600000e-04  1.59541891e-07 
 4.76700000e-04  1.59195877e-07 
 4.76800000e-04  1.59017170e-07 
 4.76900000e-04  1.58885845e-07 
 4.77000000e-04  1.58803200e-07 
 4.77100000e-04  1.72452382e-07 
 4.77200000e-04  1.72209539e-07 
 4.77300000e-04  1.72129933e-07 
 4.77400000e-04  1.72061994e-07 
 4.77500000e-04  1.72022432e-07 
 4.77600000e-04  1.58042302e-07 
 4.77700000e-04  1.57652952e-07 
 4.77800000e-04  1.57428942e-07 
 4.77900000e-04  1.57258564e-07 
 4.78000000e-04  1.57143312e-07 
 4.78100000e-04  1.74369351e-07 
 4.78200000e-04  1.73940779e-07 
 4.78300000e-04  1.73791105e-07 
 4.78400000e-04  1.73660379e-07 
 4.78500000e-04  1.73604411e-07 
 4.78600000e-04  1.63460070e-07 
 4.78700000e-04  1.63107115e-07 
 4.78800000e-04  1.62929934e-07 
 4.78900000e-04  1.62815467e-07 
 4.79000000e-04  1.62765499e-07 
 4.79100000e-04  1.72047067e-07 
 4.79200000e-04  1.71741283e-07 
 4.79300000e-04  1.71629152e-07 
 4.79400000e-04  1.71529432e-07 
 4.79500000e-04  1.71474857e-07 
 4.79600000e-04  1.57590653e-07 
 4.79700000e-04  1.57112151e-07 
 4.79800000e-04  1.56871106e-07 
 4.79900000e-04  1.56694305e-07 
 4.80000000e-04  1.56583578e-07 
 4.80100000e-04  1.72720169e-07 
 4.80200000e-04  1.72514473e-07 
 4.80300000e-04  1.72422823e-07 
 4.80400000e-04  1.72339742e-07 
 4.80500000e-04  1.72299462e-07 
 4.80600000e-04  1.59555375e-07 
 4.80700000e-04  1.59213750e-07 
 4.80800000e-04  1.59022861e-07 
 4.80900000e-04  1.58893815e-07 
 4.81000000e-04  1.58828357e-07 
 4.81100000e-04  1.72463182e-07 
 4.81200000e-04  1.72225556e-07 
 4.81300000e-04  1.72144290e-07 
 4.81400000e-04  1.72074460e-07 
 4.81500000e-04  1.72017986e-07 
 4.81600000e-04  1.58046692e-07 
 4.81700000e-04  1.57658977e-07 
 4.81800000e-04  1.57430841e-07 
 4.81900000e-04  1.57261091e-07 
 4.82000000e-04  1.57151156e-07 
 4.82100000e-04  1.76039295e-07 
 4.82200000e-04  1.75248666e-07 
 4.82300000e-04  1.74999435e-07 
 4.82400000e-04  1.74890108e-07 
 4.82500000e-04  1.74825988e-07 
 4.82600000e-04  1.62919794e-07 
 4.82700000e-04  1.62402205e-07 
 4.82800000e-04  1.62164499e-07 
 4.82900000e-04  1.61993742e-07 
 4.83000000e-04  1.61891158e-07 
 4.83100000e-04  1.03759500e-04 
 4.83200000e-04  1.03759021e-04 
 4.83300000e-04  1.03758883e-04 
 4.83400000e-04  1.03758768e-04 
 4.83500000e-04  1.03758717e-04 
 4.83600000e-04  1.03744789e-04 
 4.83700000e-04  1.03744317e-04 
 4.83800000e-04  1.03744086e-04 
 4.83900000e-04  1.03743917e-04 
 4.84000000e-04  1.03743811e-04 
 4.84100000e-04  1.74492969e-07 
 4.84200000e-04  1.74244835e-07 
 4.84300000e-04  1.74141142e-07 
 4.84400000e-04  1.74047634e-07 
 4.84500000e-04  1.73990110e-07 
 4.84600000e-04  1.61236609e-07 
 4.84700000e-04  1.60871951e-07 
 4.84800000e-04  1.60689124e-07 
 4.84900000e-04  1.60566308e-07 
 4.85000000e-04  1.60505188e-07 
 4.85100000e-04  1.74234321e-07 
 4.85200000e-04  1.73993705e-07 
 4.85300000e-04  1.73901741e-07 
 4.85400000e-04  1.73820052e-07 
 4.85500000e-04  1.73782155e-07 
 4.85600000e-04  1.59710673e-07 
 4.85700000e-04  1.59322478e-07 
 4.85800000e-04  1.59109001e-07 
 4.85900000e-04  1.58953097e-07 
 4.86000000e-04  1.58856380e-07 
 4.86100000e-04  1.77206974e-07 
 4.86200000e-04  1.76565299e-07 
 4.86300000e-04  1.76352575e-07 
 4.86400000e-04  1.76168215e-07 
 4.86500000e-04  1.76104213e-07 
 4.86600000e-04  1.68453266e-07 
 4.86700000e-04  1.68117532e-07 
 4.86800000e-04  1.67951216e-07 
 4.86900000e-04  1.67853128e-07 
 4.87000000e-04  1.67825217e-07 
 4.87100000e-04  1.73488296e-07 
 4.87200000e-04  1.72686917e-07 
 4.87300000e-04  1.72431252e-07 
 4.87400000e-04  1.72212175e-07 
 4.87500000e-04  1.72104870e-07 
 4.87600000e-04  1.58252354e-07 
 4.87700000e-04  1.57668703e-07 
 4.87800000e-04  1.57411463e-07 
 4.87900000e-04  1.57225267e-07 
 4.88000000e-04  1.57112151e-07 
 4.88100000e-04  1.73289021e-07 
 4.88200000e-04  1.73074192e-07 
 4.88300000e-04  1.72980496e-07 
 4.88400000e-04  1.72895697e-07 
 4.88500000e-04  1.72848117e-07 
 4.88600000e-04  1.60051947e-07 
 4.88700000e-04  1.59719635e-07 
 4.88800000e-04  1.59528971e-07 
 4.88900000e-04  1.59395996e-07 
 4.89000000e-04  1.59322590e-07 
 4.89100000e-04  1.73155636e-07 
 4.89200000e-04  1.72810739e-07 
 4.89300000e-04  1.72676380e-07 
 4.89400000e-04  1.72608978e-07 
 4.89500000e-04  1.72553275e-07 
 4.89600000e-04  1.58552760e-07 
 4.89700000e-04  1.58157584e-07 
 4.89800000e-04  1.57934362e-07 
 4.89900000e-04  1.57769849e-07 
 4.90000000e-04  1.57665728e-07 
 4.90100000e-04  1.74362579e-07 
 4.90200000e-04  1.74065697e-07 
 4.90300000e-04  1.73947177e-07 
 4.90400000e-04  1.73840491e-07 
 4.90500000e-04  1.73772898e-07 
 4.90600000e-04  1.62295432e-07 
 4.90700000e-04  1.61958302e-07 
 4.90800000e-04  1.61779051e-07 
 4.90900000e-04  1.61657811e-07 
 4.91000000e-04  1.61596262e-07 
 4.91100000e-04  1.73091199e-07 
 4.91200000e-04  1.72798404e-07 
 4.91300000e-04  1.72690292e-07 
 4.91400000e-04  1.72594790e-07 
 4.91500000e-04  1.72567426e-07 
 4.91600000e-04  1.58585586e-07 
 4.91700000e-04  1.58142565e-07 
 4.91800000e-04  1.57920036e-07 
 4.91900000e-04  1.57755985e-07 
 4.92000000e-04  1.57652124e-07 
 4.92100000e-04  1.73853765e-07 
 4.92200000e-04  1.73625225e-07 
 4.92300000e-04  1.73534598e-07 
 4.92400000e-04  1.73454685e-07 
 4.92500000e-04  1.73410286e-07 
 4.92600000e-04  1.60631437e-07 
 4.92700000e-04  1.60270702e-07 
 4.92800000e-04  1.60092657e-07 
 4.92900000e-04  1.59967125e-07 
 4.93000000e-04  1.59895656e-07 
 4.93100000e-04  1.73597143e-07 
 4.93200000e-04  1.73353882e-07 
 4.93300000e-04  1.73262738e-07 
 4.93400000e-04  1.73182384e-07 
 4.93500000e-04  1.73157463e-07 
 4.93600000e-04  1.59122648e-07 
 4.93700000e-04  1.58724618e-07 
 4.93800000e-04  1.58512898e-07 
 4.93900000e-04  1.58351351e-07 
 4.94000000e-04  1.58241592e-07 
 4.94100000e-04  1.75941541e-07 
 4.94200000e-04  1.75298638e-07 
 4.94300000e-04  1.75102355e-07 
 4.94400000e-04  1.75020650e-07 
 4.94500000e-04  1.74957650e-07 
 4.94600000e-04  1.64827206e-07 
 4.94700000e-04  1.64489543e-07 
 4.94800000e-04  1.64298864e-07 
 4.94900000e-04  1.64158116e-07 
 4.95000000e-04  1.64068801e-07 
 4.95100000e-04  1.73191961e-07 
 4.95200000e-04  1.72877614e-07 
 4.95300000e-04  1.72756282e-07 
 4.95400000e-04  1.72647369e-07 
 4.95500000e-04  1.72601292e-07 
 4.95600000e-04  1.58646158e-07 
 4.95700000e-04  1.58174757e-07 
 4.95800000e-04  1.57941635e-07 
 4.95900000e-04  1.57769269e-07 
 4.96000000e-04  1.57659528e-07 
 4.96100000e-04  1.73851708e-07 
 4.96200000e-04  1.73646473e-07 
 4.96300000e-04  1.73557811e-07 
 4.96400000e-04  1.73477564e-07 
 4.96500000e-04  1.73417271e-07 
 4.96600000e-04  1.60627587e-07 
 4.96700000e-04  1.60273304e-07 
 4.96800000e-04  1.60101325e-07 
 4.96900000e-04  1.59972970e-07 
 4.97000000e-04  1.59889581e-07 
 4.97100000e-04  1.73611172e-07 
 4.97200000e-04  1.73359813e-07 
 4.97300000e-04  1.73273327e-07 
 4.97400000e-04  1.73199017e-07 
 4.97500000e-04  1.73152724e-07 
 4.97600000e-04  1.59114255e-07 
 4.97700000e-04  1.58727880e-07 
 4.97800000e-04  1.58516943e-07 
 4.97900000e-04  1.58355316e-07 
 4.98000000e-04  1.58244543e-07 
 4.98100000e-04  1.74986181e-07 
 4.98200000e-04  1.74666390e-07 
 4.98300000e-04  1.74546622e-07 
 4.98400000e-04  1.74440442e-07 
 4.98500000e-04  1.74383503e-07 
 4.98600000e-04  1.62868987e-07 
 4.98700000e-04  1.62539443e-07 
 4.98800000e-04  1.62364710e-07 
 4.98900000e-04  1.62241168e-07 
 4.99000000e-04  1.62170440e-07 
 4.99100000e-04  1.73697006e-07 
 4.99200000e-04  1.73412925e-07 
 4.99300000e-04  1.73303325e-07 
 4.99400000e-04  1.73205110e-07 
 4.99500000e-04  1.73176929e-07 
 4.99600000e-04  1.59169724e-07 
 4.99700000e-04  1.58742784e-07 
 4.99800000e-04  1.58523538e-07 
 4.99900000e-04  1.58356279e-07 
 5.00000000e-04  1.58242655e-07 
 5.00100000e-04  1.74462112e-07 
 5.00200000e-04  1.74267434e-07 
 5.00300000e-04  1.74172762e-07 
 5.00400000e-04  1.74084871e-07 
 5.00500000e-04  1.74029414e-07 
 5.00600000e-04  1.61202412e-07 
 5.00700000e-04  1.60868544e-07 
 5.00800000e-04  1.60688102e-07 
 5.00900000e-04  1.60562696e-07 
 5.01000000e-04  1.60494071e-07 
 5.01100000e-04  1.74226405e-07 
 5.01200000e-04  1.73980065e-07 
 5.01300000e-04  1.73889619e-07 
 5.01400000e-04  1.73810541e-07 
 5.01500000e-04  1.73769067e-07 
 5.01600000e-04  1.59709520e-07 
 5.01700000e-04  1.59307755e-07 
 5.01800000e-04  1.59093263e-07 
 5.01900000e-04  1.58933351e-07 
 5.02000000e-04  1.58829751e-07 
 5.02100000e-04  1.76683219e-07 
 5.02200000e-04  1.76131517e-07 
 5.02300000e-04  1.75956586e-07 
 5.02400000e-04  1.75807842e-07 
 5.02500000e-04  1.75726691e-07 
 5.02600000e-04  1.66779740e-07 
 5.02700000e-04  1.66432404e-07 
 5.02800000e-04  1.66277781e-07 
 5.02900000e-04  1.66175688e-07 
 5.03000000e-04  1.66127788e-07 
 5.03100000e-04  1.73488379e-07 
 5.03200000e-04  1.73064040e-07 
 5.03300000e-04  1.72900786e-07 
 5.03400000e-04  1.72755417e-07 
 5.03500000e-04  1.72691310e-07 
 5.03600000e-04  1.58760124e-07 
 5.03700000e-04  1.58237325e-07 
 5.03800000e-04  1.57993439e-07 
 5.03900000e-04  1.57807940e-07 
 5.04000000e-04  1.57682681e-07 
 5.04100000e-04  1.73908133e-07 
 5.04200000e-04  1.73677698e-07 
 5.04300000e-04  1.73573150e-07 
 5.04400000e-04  1.73478026e-07 
 5.04500000e-04  1.73443548e-07 
 5.04600000e-04  1.60644610e-07 
 5.04700000e-04  1.60288285e-07 
 5.04800000e-04  1.60111331e-07 
 5.04900000e-04  1.59985097e-07 
 5.05000000e-04  1.59911193e-07 
 5.05100000e-04  1.73618382e-07 
 5.05200000e-04  1.73376865e-07 
 5.05300000e-04  1.73279195e-07 
 5.05400000e-04  1.73191689e-07 
 5.05500000e-04  1.73173867e-07 
 5.05600000e-04  1.59112049e-07 
 5.05700000e-04  1.58733996e-07 
 5.05800000e-04  1.58510526e-07 
 5.05900000e-04  1.58344842e-07 
 5.06000000e-04  1.58238775e-07 
 5.06100000e-04  1.75006043e-07 
 5.06200000e-04  1.74670227e-07 
 5.06300000e-04  1.74550792e-07 
 5.06400000e-04  1.74446972e-07 
 5.06500000e-04  1.74382896e-07 
 5.06600000e-04  1.62890267e-07 
 5.06700000e-04  1.62526813e-07 
 5.06800000e-04  1.62360098e-07 
 5.06900000e-04  1.62240140e-07 
 5.07000000e-04  1.62168422e-07 
 5.07100000e-04  1.73697898e-07 
 5.07200000e-04  1.73412647e-07 
 5.07300000e-04  1.73313011e-07 
 5.07400000e-04  1.73226164e-07 
 5.07500000e-04  1.73173899e-07 
 5.07600000e-04  1.59179110e-07 
 5.07700000e-04  1.58731006e-07 
 5.07800000e-04  1.58517231e-07 
 5.07900000e-04  1.58352885e-07 
 5.08000000e-04  1.58239533e-07 
 5.08100000e-04  1.74470908e-07 
 5.08200000e-04  1.74246506e-07 
 5.08300000e-04  1.74156028e-07 
 5.08400000e-04  1.74075581e-07 
 5.08500000e-04  1.74020311e-07 
 5.08600000e-04  1.61207691e-07 
 5.08700000e-04  1.60870154e-07 
 5.08800000e-04  1.60687579e-07 
 5.08900000e-04  1.60562857e-07 
 5.09000000e-04  1.60497825e-07 
 5.09100000e-04  1.74233691e-07 
 5.09200000e-04  1.73987482e-07 
 5.09300000e-04  1.73893632e-07 
 5.09400000e-04  1.73810978e-07 
 5.09500000e-04  1.73761110e-07 
 5.09600000e-04  1.59698027e-07 
 5.09700000e-04  1.59318134e-07 
 5.09800000e-04  1.59107934e-07 
 5.09900000e-04  1.58946573e-07 
 5.10000000e-04  1.58835602e-07 
 5.10100000e-04  1.76140661e-07 
 5.10200000e-04  1.75714890e-07 
 5.10300000e-04  1.75565957e-07 
 5.10400000e-04  1.75435697e-07 
 5.10500000e-04  1.75355271e-07 
 5.10600000e-04  1.65135559e-07 
 5.10700000e-04  1.64773527e-07 
 5.10800000e-04  1.64606907e-07 
 5.10900000e-04  1.64500346e-07 
 5.11000000e-04  1.64455747e-07 
 5.11100000e-04  1.73821605e-07 
 5.11200000e-04  1.73500988e-07 
 5.11300000e-04  1.73378963e-07 
 5.11400000e-04  1.73269954e-07 
 5.11500000e-04  1.73217260e-07 
 5.11600000e-04  1.59241969e-07 
 5.11700000e-04  1.58778796e-07 
 5.11800000e-04  1.58541299e-07 
 5.11900000e-04  1.58364693e-07 
 5.12000000e-04  1.58250911e-07 
 5.12100000e-04  1.74486988e-07 
 5.12200000e-04  1.74264968e-07 
 5.12300000e-04  1.74166017e-07 
 5.12400000e-04  1.74075972e-07 
 5.12500000e-04  1.74051827e-07 
 5.12600000e-04  1.61227202e-07 
 5.12700000e-04  1.60872637e-07 
 5.12800000e-04  1.60703086e-07 
 5.12900000e-04  1.60579649e-07 
 5.13000000e-04  1.60503792e-07 
 5.13100000e-04  1.74237469e-07 
 5.13200000e-04  1.73994820e-07 
 5.13300000e-04  1.73897887e-07 
 5.13400000e-04  1.73810874e-07 
 5.13500000e-04  1.73771543e-07 
 5.13600000e-04  1.59693120e-07 
 5.13700000e-04  1.59318849e-07 
 5.13800000e-04  1.59098429e-07 
 5.13900000e-04  1.58939324e-07 
 5.14000000e-04  1.58843480e-07 
 5.14100000e-04  1.75618141e-07 
 5.14200000e-04  1.75292162e-07 
 5.14300000e-04  1.75168559e-07 
 5.14400000e-04  1.75059532e-07 
 5.14500000e-04  1.75003708e-07 
 5.14600000e-04  1.63457312e-07 
 5.14700000e-04  1.63117183e-07 
 5.14800000e-04  1.62944493e-07 
 5.14900000e-04  1.62824615e-07 
 5.15000000e-04  1.62759226e-07 
 5.15100000e-04  1.74329481e-07 
 5.15200000e-04  1.74040464e-07 
 5.15300000e-04  1.73935149e-07 
 5.15400000e-04  1.73842674e-07 
 5.15500000e-04  1.73794573e-07 
 5.15600000e-04  1.59761833e-07 
 5.15700000e-04  1.59323406e-07 
 5.15800000e-04  1.59104662e-07 
 5.15900000e-04  1.58940938e-07 
 5.16000000e-04  1.58833981e-07 
 5.16100000e-04  1.75085950e-07 
 5.16200000e-04  1.74888662e-07 
 5.16300000e-04  1.74788393e-07 
 5.16400000e-04  1.74694752e-07 
 5.16500000e-04  1.74647177e-07 
 5.16600000e-04  1.61793684e-07 
 5.16700000e-04  1.61458220e-07 
 5.16800000e-04  1.61284885e-07 
 5.16900000e-04  1.61163387e-07 
 5.17000000e-04  1.61095369e-07 
 5.17100000e-04  1.74853046e-07 
 5.17200000e-04  1.74597930e-07 
 5.17300000e-04  1.74499496e-07 
 5.17400000e-04  1.74412458e-07 
 5.17500000e-04  1.74381257e-07 
 5.17600000e-04  1.60292218e-07 
 5.17700000e-04  1.59908321e-07 
 5.17800000e-04  1.59685674e-07 
 5.17900000e-04  1.59527685e-07 
 5.18000000e-04  1.59436403e-07 
 5.18100000e-04  1.88939940e-07 
 5.18200000e-04  1.86324144e-07 
 5.18300000e-04  1.85518806e-07 
 5.18400000e-04  1.85265979e-07 
 5.18500000e-04  1.85013153e-07 
 5.18600000e-04  1.75732726e-07 
 5.18700000e-04  1.74614916e-07 
 5.18800000e-04  1.74280596e-07 
 5.18900000e-04  1.74067100e-07 
 5.19000000e-04  1.73976606e-07 
 5.19100000e-04  1.71284665e-07 
 5.19200000e-04  1.70507573e-07 
 5.19300000e-04  1.70299415e-07 
 5.19400000e-04  1.70127853e-07 
 5.19500000e-04  1.70068612e-07 
 5.19600000e-04  1.57647894e-07 
 5.19700000e-04  1.56967830e-07 
 5.19800000e-04  1.56706847e-07 
 5.19900000e-04 -0.00000000e+00 
 5.20000000e-04  1.56574318e-07 
