 time            -i(vdd)        
 2.60000000e-04 -1.26577367e-04 
 2.60100000e-04  1.83731758e-07 
 2.60200000e-04  1.75017620e-07 
 2.60300000e-04  1.72694234e-07 
 2.60400000e-04  1.70736408e-07 
 2.60500000e-04  1.70077931e-07 
 2.60600000e-04  1.76682348e-07 
 2.60700000e-04  1.75911340e-07 
 2.60800000e-04  1.75485911e-07 
 2.60900000e-04  1.75137242e-07 
 2.61000000e-04  1.74866999e-07 
 2.61100000e-04  1.56451847e-07 
 2.61200000e-04  1.54080900e-07 
 2.61300000e-04  1.53474051e-07 
 2.61400000e-04  1.52983839e-07 
 2.61500000e-04  1.52783120e-07 
 2.61600000e-04  1.38887018e-07 
 2.61700000e-04  1.37640453e-07 
 2.61800000e-04  1.37195460e-07 
 2.61900000e-04  1.36877879e-07 
 2.62000000e-04  1.36691753e-07 
 2.62100000e-04  1.61877275e-07 
 2.62200000e-04  1.60615881e-07 
 2.62300000e-04  1.60334538e-07 
 2.62400000e-04  1.60131125e-07 
 2.62500000e-04  1.60040226e-07 
 2.62600000e-04  1.48501760e-07 
 2.62700000e-04  1.47916510e-07 
 2.62800000e-04  1.47633803e-07 
 2.62900000e-04  1.47421091e-07 
 2.63000000e-04  1.47279869e-07 
 2.63100000e-04  1.99995424e-07 
 2.63200000e-04  1.94210752e-07 
 2.63300000e-04  1.92918478e-07 
 2.63400000e-04  1.91921686e-07 
 2.63500000e-04  1.91648894e-07 
 2.63600000e-04  1.78199754e-07 
 2.63700000e-04  1.77573539e-07 
 2.63800000e-04  1.77244631e-07 
 2.63900000e-04  1.76997202e-07 
 2.64000000e-04  1.76833836e-07 
 2.64100000e-04  1.72660699e-07 
 2.64200000e-04  1.68077047e-07 
 2.64300000e-04  1.67029417e-07 
 2.64400000e-04  1.66212226e-07 
 2.64500000e-04  1.65972225e-07 
 2.64600000e-04  1.53754436e-07 
 2.64700000e-04  1.53128043e-07 
 2.64800000e-04  1.52819213e-07 
 2.64900000e-04  1.52593087e-07 
 2.65000000e-04  1.52452289e-07 
 2.65100000e-04  1.66023473e-07 
 2.65200000e-04  1.65527613e-07 
 2.65300000e-04  1.65368521e-07 
 2.65400000e-04  1.65231841e-07 
 2.65500000e-04  1.65183184e-07 
 2.65600000e-04  1.51600163e-07 
 2.65700000e-04  1.51130322e-07 
 2.65800000e-04  1.50899659e-07 
 2.65900000e-04  1.50731608e-07 
 2.66000000e-04  1.50628150e-07 
 2.66100000e-04  1.66983871e-07 
 2.66200000e-04  1.66722111e-07 
 2.66300000e-04  1.66632565e-07 
 2.66400000e-04  1.66554579e-07 
 2.66500000e-04  1.66503907e-07 
 2.66600000e-04  1.55448954e-07 
 2.66700000e-04  1.55024446e-07 
 2.66800000e-04  1.54819968e-07 
 2.66900000e-04  1.54671759e-07 
 2.67000000e-04  1.54581599e-07 
 2.67100000e-04  1.66090098e-07 
 2.67200000e-04  1.65568155e-07 
 2.67300000e-04  1.65412214e-07 
 2.67400000e-04  1.65279407e-07 
 2.67500000e-04  1.65239246e-07 
 2.67600000e-04  1.51666624e-07 
 2.67700000e-04  1.51175633e-07 
 2.67800000e-04  1.50911783e-07 
 2.67900000e-04  1.50716368e-07 
 2.68000000e-04  1.50591553e-07 
 2.68100000e-04  1.66387468e-07 
 2.68200000e-04  1.66216935e-07 
 2.68300000e-04  1.66136370e-07 
 2.68400000e-04  1.66062075e-07 
 2.68500000e-04  1.66023913e-07 
 2.68600000e-04  1.53643995e-07 
 2.68700000e-04  1.53257476e-07 
 2.68800000e-04  1.53048894e-07 
 2.68900000e-04  1.52897027e-07 
 2.69000000e-04  1.52803665e-07 
 2.69100000e-04  1.66129954e-07 
 2.69200000e-04  1.65905742e-07 
 2.69300000e-04  1.65834232e-07 
 2.69400000e-04  1.65773914e-07 
 2.69500000e-04  1.65751290e-07 
 2.69600000e-04  1.52109306e-07 
 2.69700000e-04  1.51664101e-07 
 2.69800000e-04  1.51435468e-07 
 2.69900000e-04  1.51250050e-07 
 2.70000000e-04  1.51109210e-07 
 2.70100000e-04  1.68006528e-07 
 2.70200000e-04  1.67640860e-07 
 2.70300000e-04  1.67508197e-07 
 2.70400000e-04  1.67390393e-07 
 2.70500000e-04  1.67320951e-07 
 2.70600000e-04  1.57539665e-07 
 2.70700000e-04  1.57127020e-07 
 2.70800000e-04  1.56924386e-07 
 2.70900000e-04  1.56785880e-07 
 2.71000000e-04  1.56713529e-07 
 2.71100000e-04  1.66113687e-07 
 2.71200000e-04  1.65538740e-07 
 2.71300000e-04  1.65377585e-07 
 2.71400000e-04  1.65243447e-07 
 2.71500000e-04  1.65199918e-07 
 2.71600000e-04  1.51641448e-07 
 2.71700000e-04  1.51104648e-07 
 2.71800000e-04  1.50845690e-07 
 2.71900000e-04  1.50645596e-07 
 2.72000000e-04  1.50506226e-07 
 2.72100000e-04  1.66322361e-07 
 2.72200000e-04  1.66163661e-07 
 2.72300000e-04  1.66081746e-07 
 2.72400000e-04  1.66004750e-07 
 2.72500000e-04  1.65967034e-07 
 2.72600000e-04  1.53577986e-07 
 2.72700000e-04  1.53188201e-07 
 2.72800000e-04  1.52982902e-07 
 2.72900000e-04  1.52837921e-07 
 2.73000000e-04  1.52755160e-07 
 2.73100000e-04  1.66067517e-07 
 2.73200000e-04  1.65855495e-07 
 2.73300000e-04  1.65792606e-07 
 2.73400000e-04  1.65740724e-07 
 2.73500000e-04  1.65689815e-07 
 2.73600000e-04  1.52063866e-07 
 2.73700000e-04  1.51629677e-07 
 2.73800000e-04  1.51392403e-07 
 2.73900000e-04  1.51209621e-07 
 2.74000000e-04  1.51083048e-07 
 2.74100000e-04  1.67434945e-07 
 2.74200000e-04  1.67156714e-07 
 2.74300000e-04  1.67058169e-07 
 2.74400000e-04  1.66971791e-07 
 2.74500000e-04  1.66918867e-07 
 2.74600000e-04  1.55806411e-07 
 2.74700000e-04  1.55418659e-07 
 2.74800000e-04  1.55220252e-07 
 2.74900000e-04  1.55078539e-07 
 2.75000000e-04  1.54995304e-07 
 2.75100000e-04  1.66127482e-07 
 2.75200000e-04  1.65902575e-07 
 2.75300000e-04  1.65815885e-07 
 2.75400000e-04  1.65737601e-07 
 2.75500000e-04  1.65713552e-07 
 2.75600000e-04  1.52108022e-07 
 2.75700000e-04  1.51642309e-07 
 2.75800000e-04  1.51379112e-07 
 2.75900000e-04  1.51186304e-07 
 2.76000000e-04  1.51066107e-07 
 2.76100000e-04  1.66897966e-07 
 2.76200000e-04  1.66721949e-07 
 2.76300000e-04  1.66650433e-07 
 2.76400000e-04  1.66586267e-07 
 2.76500000e-04  1.66555244e-07 
 2.76600000e-04  1.54152198e-07 
 2.76700000e-04  1.53745909e-07 
 2.76800000e-04  1.53540816e-07 
 2.76900000e-04  1.53398993e-07 
 2.77000000e-04  1.53322434e-07 
 2.77100000e-04  1.66659059e-07 
 2.77200000e-04  1.66453442e-07 
 2.77300000e-04  1.66379447e-07 
 2.77400000e-04  1.66314240e-07 
 2.77500000e-04  1.66289103e-07 
 2.77600000e-04  1.52630152e-07 
 2.77700000e-04  1.52198601e-07 
 2.77800000e-04  1.51959630e-07 
 2.77900000e-04  1.51777947e-07 
 2.78000000e-04  1.51655353e-07 
 2.78100000e-04  1.69096435e-07 
 2.78200000e-04  1.68606186e-07 
 2.78300000e-04  1.68450512e-07 
 2.78400000e-04  1.68316677e-07 
 2.78500000e-04  1.68248858e-07 
 2.78600000e-04  1.59711290e-07 
 2.78700000e-04  1.59322326e-07 
 2.78800000e-04  1.59137208e-07 
 2.78900000e-04  1.59008603e-07 
 2.79000000e-04  1.58938290e-07 
 2.79100000e-04  1.66280144e-07 
 2.79200000e-04  1.65637176e-07 
 2.79300000e-04  1.65442682e-07 
 2.79400000e-04  1.65276923e-07 
 2.79500000e-04  1.65202513e-07 
 2.79600000e-04  1.51667996e-07 
 2.79700000e-04  1.51111573e-07 
 2.79800000e-04  1.50841956e-07 
 2.79900000e-04  1.50633682e-07 
 2.80000000e-04  1.50488681e-07 
 2.80100000e-04  1.66314878e-07 
 2.80200000e-04  1.66135492e-07 
 2.80300000e-04  1.66057908e-07 
 2.80400000e-04  1.65987744e-07 
 2.80500000e-04  1.65953975e-07 
 2.80600000e-04  1.53553419e-07 
 2.80700000e-04  1.53167948e-07 
 2.80800000e-04  1.52960837e-07 
 2.80900000e-04  1.52813477e-07 
 2.81000000e-04  1.52727745e-07 
 2.81100000e-04  1.66037736e-07 
 2.81200000e-04  1.65839465e-07 
 2.81300000e-04  1.65764368e-07 
 2.81400000e-04  1.65697723e-07 
 2.81500000e-04  1.65681311e-07 
 2.81600000e-04  1.52026662e-07 
 2.81700000e-04  1.51584355e-07 
 2.81800000e-04  1.51358968e-07 
 2.81900000e-04  1.51178743e-07 
 2.82000000e-04  1.51045098e-07 
 2.82100000e-04  1.67415410e-07 
 2.82200000e-04  1.67136955e-07 
 2.82300000e-04  1.67036376e-07 
 2.82400000e-04  1.66947676e-07 
 2.82500000e-04  1.66906665e-07 
 2.82600000e-04  1.55789728e-07 
 2.82700000e-04  1.55399412e-07 
 2.82800000e-04  1.55201823e-07 
 2.82900000e-04  1.55061196e-07 
 2.83000000e-04  1.54979318e-07 
 2.83100000e-04  1.66119204e-07 
 2.83200000e-04  1.65879913e-07 
 2.83300000e-04  1.65789420e-07 
 2.83400000e-04  1.65708722e-07 
 2.83500000e-04  1.65684973e-07 
 2.83600000e-04  1.52087612e-07 
 2.83700000e-04  1.51598052e-07 
 2.83800000e-04  1.51349701e-07 
 2.83900000e-04  1.51162448e-07 
 2.84000000e-04  1.51038211e-07 
 2.84100000e-04  1.66879205e-07 
 2.84200000e-04  1.66717358e-07 
 2.84300000e-04  1.66637884e-07 
 2.84400000e-04  1.66563903e-07 
 2.84500000e-04  1.66536810e-07 
 2.84600000e-04  1.54133078e-07 
 2.84700000e-04  1.53744378e-07 
 2.84800000e-04  1.53524901e-07 
 2.84900000e-04  1.53371042e-07 
 2.85000000e-04  1.53284859e-07 
 2.85100000e-04  1.66637678e-07 
 2.85200000e-04  1.66431972e-07 
 2.85300000e-04  1.66361825e-07 
 2.85400000e-04  1.66300928e-07 
 2.85500000e-04  1.66281013e-07 
 2.85600000e-04  1.52610296e-07 
 2.85700000e-04  1.52174100e-07 
 2.85800000e-04  1.51939394e-07 
 2.85900000e-04  1.51757742e-07 
 2.86000000e-04  1.51630806e-07 
 2.86100000e-04  1.68553089e-07 
 2.86200000e-04  1.68160655e-07 
 2.86300000e-04  1.68031787e-07 
 2.86400000e-04  1.67920545e-07 
 2.86500000e-04  1.67869639e-07 
 2.86600000e-04  1.58045238e-07 
 2.86700000e-04  1.57642965e-07 
 2.86800000e-04  1.57452350e-07 
 2.86900000e-04  1.57324561e-07 
 2.87000000e-04  1.57261569e-07 
 2.87100000e-04  1.66240152e-07 
 2.87200000e-04  1.65964648e-07 
 2.87300000e-04  1.65862577e-07 
 2.87400000e-04  1.65771747e-07 
 2.87500000e-04  1.65731578e-07 
 2.87600000e-04  1.52162435e-07 
 2.87700000e-04  1.51625920e-07 
 2.87800000e-04  1.51381537e-07 
 2.87900000e-04  1.51188630e-07 
 2.88000000e-04  1.51048807e-07 
 2.88100000e-04  1.66895284e-07 
 2.88200000e-04  1.66728618e-07 
 2.88300000e-04  1.66657004e-07 
 2.88400000e-04  1.66591978e-07 
 2.88500000e-04  1.66542427e-07 
 2.88600000e-04  1.54140324e-07 
 2.88700000e-04  1.53742776e-07 
 2.88800000e-04  1.53531126e-07 
 2.88900000e-04  1.53385389e-07 
 2.89000000e-04  1.53307630e-07 
 2.89100000e-04  1.66643898e-07 
 2.89200000e-04  1.66439692e-07 
 2.89300000e-04  1.66369672e-07 
 2.89400000e-04  1.66308832e-07 
 2.89500000e-04  1.66280315e-07 
 2.89600000e-04  1.52625803e-07 
 2.89700000e-04  1.52176315e-07 
 2.89800000e-04  1.51940901e-07 
 2.89900000e-04  1.51761995e-07 
 2.90000000e-04  1.51641364e-07 
 2.90100000e-04  1.68023712e-07 
 2.90200000e-04  1.67737916e-07 
 2.90300000e-04  1.67640926e-07 
 2.90400000e-04  1.67556966e-07 
 2.90500000e-04  1.67502957e-07 
 2.90600000e-04  1.56366343e-07 
 2.90700000e-04  1.55974478e-07 
 2.90800000e-04  1.55773383e-07 
 2.90900000e-04  1.55636504e-07 
 2.91000000e-04  1.55565852e-07 
 2.91100000e-04  1.66727745e-07 
 2.91200000e-04  1.66495926e-07 
 2.91300000e-04  1.66414446e-07 
 2.91400000e-04  1.66342408e-07 
 2.91500000e-04  1.66301365e-07 
 2.91600000e-04  1.52662602e-07 
 2.91700000e-04  1.52182762e-07 
 2.91800000e-04  1.51938349e-07 
 2.91900000e-04  1.51754595e-07 
 2.92000000e-04  1.51633396e-07 
 2.92100000e-04  1.67496740e-07 
 2.92200000e-04  1.67318083e-07 
 2.92300000e-04  1.67252778e-07 
 2.92400000e-04  1.67195853e-07 
 2.92500000e-04  1.67137814e-07 
 2.92600000e-04  1.54698824e-07 
 2.92700000e-04  1.54324552e-07 
 2.92800000e-04  1.54119758e-07 
 2.92900000e-04  1.53970671e-07 
 2.93000000e-04  1.53879030e-07 
 2.93100000e-04  1.67270823e-07 
 2.93200000e-04  1.67062667e-07 
 2.93300000e-04  1.66985459e-07 
 2.93400000e-04  1.66917672e-07 
 2.93500000e-04  1.66891016e-07 
 2.93600000e-04  1.53208142e-07 
 2.93700000e-04  1.52754492e-07 
 2.93800000e-04  1.52518460e-07 
 2.93900000e-04  1.52344154e-07 
 2.94000000e-04  1.52233500e-07 
 2.94100000e-04  1.70225780e-07 
 2.94200000e-04  1.69625650e-07 
 2.94300000e-04  1.69444428e-07 
 2.94400000e-04  1.69290889e-07 
 2.94500000e-04  1.69224179e-07 
 2.94600000e-04  1.61955622e-07 
 2.94700000e-04  1.61547316e-07 
 2.94800000e-04  1.61361015e-07 
 2.94900000e-04  1.61248296e-07 
 2.95000000e-04  1.61211460e-07 
 2.95100000e-04  1.66586209e-07 
 2.95200000e-04  1.65706644e-07 
 2.95300000e-04  1.65481805e-07 
 2.95400000e-04  1.65300149e-07 
 2.95500000e-04  1.65214313e-07 
 2.95600000e-04  1.51710405e-07 
 2.95700000e-04  1.51096650e-07 
 2.95800000e-04  1.50815341e-07 
 2.95900000e-04  1.50610311e-07 
 2.96000000e-04  1.50483947e-07 
 2.96100000e-04  1.66300221e-07 
 2.96200000e-04  1.66136076e-07 
 2.96300000e-04  1.66060856e-07 
 2.96400000e-04  1.65991551e-07 
 2.96500000e-04  1.65934993e-07 
 2.96600000e-04  1.53549099e-07 
 2.96700000e-04  1.53156579e-07 
 2.96800000e-04  1.52940496e-07 
 2.96900000e-04  1.52795719e-07 
 2.97000000e-04  1.52724471e-07 
 2.97100000e-04  1.66039269e-07 
 2.97200000e-04  1.65831540e-07 
 2.97300000e-04  1.65757449e-07 
 2.97400000e-04  1.65692757e-07 
 2.97500000e-04  1.65669650e-07 
 2.97600000e-04  1.52024773e-07 
 2.97700000e-04  1.51582113e-07 
 2.97800000e-04  1.51346133e-07 
 2.97900000e-04  1.51167984e-07 
 2.98000000e-04  1.51049464e-07 
 2.98100000e-04  1.67409504e-07 
 2.98200000e-04  1.67119961e-07 
 2.98300000e-04  1.67024959e-07 
 2.98400000e-04  1.66943741e-07 
 2.98500000e-04  1.66905593e-07 
 2.98600000e-04  1.55781416e-07 
 2.98700000e-04  1.55383312e-07 
 2.98800000e-04  1.55186042e-07 
 2.98900000e-04  1.55052259e-07 
 2.99000000e-04  1.54983944e-07 
 2.99100000e-04  1.66109265e-07 
 2.99200000e-04  1.65860797e-07 
 2.99300000e-04  1.65781489e-07 
 2.99400000e-04  1.65713617e-07 
 2.99500000e-04  1.65675140e-07 
 2.99600000e-04  1.52070290e-07 
 2.99700000e-04  1.51605190e-07 
 2.99800000e-04  1.51360046e-07 
 2.99900000e-04  1.51173830e-07 
 3.00000000e-04  1.51048376e-07 
 3.00100000e-04  1.66874413e-07 
 3.00200000e-04  1.66707732e-07 
 3.00300000e-04  1.66635471e-07 
 3.00400000e-04  1.66569483e-07 
 3.00500000e-04  1.66523150e-07 
 3.00600000e-04  1.54109073e-07 
 3.00700000e-04  1.53724228e-07 
 3.00800000e-04  1.53522586e-07 
 3.00900000e-04  1.53379692e-07 
 3.01000000e-04  1.53297371e-07 
 3.01100000e-04  1.66635729e-07 
 3.01200000e-04  1.66423304e-07 
 3.01300000e-04  1.66351829e-07 
 3.01400000e-04  1.66290305e-07 
 3.01500000e-04  1.66272221e-07 
 3.01600000e-04  1.52612206e-07 
 3.01700000e-04  1.52177132e-07 
 3.01800000e-04  1.51934183e-07 
 3.01900000e-04  1.51747303e-07 
 3.02000000e-04  1.51618233e-07 
 3.02100000e-04  1.68541908e-07 
 3.02200000e-04  1.68163716e-07 
 3.02300000e-04  1.68035787e-07 
 3.02400000e-04  1.67924180e-07 
 3.02500000e-04  1.67860910e-07 
 3.02600000e-04  1.58022507e-07 
 3.02700000e-04  1.57633685e-07 
 3.02800000e-04  1.57445836e-07 
 3.02900000e-04  1.57318876e-07 
 3.03000000e-04  1.57254693e-07 
 3.03100000e-04  1.68355815e-07 
 3.03200000e-04  1.67549813e-07 
 3.03300000e-04  1.67273050e-07 
 3.03400000e-04  1.67172374e-07 
 3.03500000e-04  1.67071699e-07 
 3.03600000e-04  1.53003566e-07 
 3.03700000e-04  1.52312560e-07 
 3.03800000e-04  1.52028062e-07 
 3.03900000e-04  1.51827008e-07 
 3.04000000e-04  1.51711143e-07 
 3.04100000e-04  1.03753817e-04 
 3.04200000e-04  1.03753442e-04 
 3.04300000e-04  1.03753321e-04 
 3.04400000e-04  1.03753217e-04 
 3.04500000e-04  1.03753184e-04 
 3.04600000e-04  1.03740781e-04 
 3.04700000e-04  1.03740360e-04 
 3.04800000e-04  1.03740143e-04 
 3.04900000e-04  1.03739994e-04 
 3.05000000e-04  1.03739916e-04 
 3.05100000e-04  1.67788968e-07 
 3.05200000e-04  1.67539603e-07 
 3.05300000e-04  1.67457023e-07 
 3.05400000e-04  1.67386029e-07 
 3.05500000e-04  1.67358079e-07 
 3.05600000e-04  1.53701902e-07 
 3.05700000e-04  1.53246838e-07 
 3.05800000e-04  1.53022973e-07 
 3.05900000e-04  1.52850315e-07 
 3.06000000e-04  1.52730445e-07 
 3.06100000e-04  1.69161531e-07 
 3.06200000e-04  1.68876671e-07 
 3.06300000e-04  1.68773178e-07 
 3.06400000e-04  1.68681969e-07 
 3.06500000e-04  1.68647371e-07 
 3.06600000e-04  1.57445997e-07 
 3.06700000e-04  1.57075779e-07 
 3.06800000e-04  1.56865233e-07 
 3.06900000e-04  1.56728545e-07 
 3.07000000e-04  1.56668015e-07 
 3.07100000e-04  1.67883513e-07 
 3.07200000e-04  1.67625526e-07 
 3.07300000e-04  1.67540269e-07 
 3.07400000e-04  1.67466857e-07 
 3.07500000e-04  1.67428093e-07 
 3.07600000e-04  1.53736245e-07 
 3.07700000e-04  1.53269172e-07 
 3.07800000e-04  1.53017270e-07 
 3.07900000e-04  1.52835559e-07 
 3.08000000e-04  1.52726225e-07 
 3.08100000e-04  1.68645815e-07 
 3.08200000e-04  1.68471687e-07 
 3.08300000e-04  1.68395355e-07 
 3.08400000e-04  1.68325898e-07 
 3.08500000e-04  1.68288631e-07 
 3.08600000e-04  1.55782292e-07 
 3.08700000e-04  1.55402237e-07 
 3.08800000e-04  1.55200308e-07 
 3.08900000e-04  1.55054793e-07 
 3.09000000e-04  1.54967436e-07 
 3.09100000e-04  1.68397782e-07 
 3.09200000e-04  1.68182160e-07 
 3.09300000e-04  1.68104517e-07 
 3.09400000e-04  1.68036131e-07 
 3.09500000e-04  1.68006514e-07 
 3.09600000e-04  1.54253871e-07 
 3.09700000e-04  1.53845370e-07 
 3.09800000e-04  1.53601526e-07 
 3.09900000e-04  1.53421614e-07 
 3.10000000e-04  1.53307617e-07 
 3.10100000e-04  1.70839950e-07 
 3.10200000e-04  1.70340353e-07 
 3.10300000e-04  1.70179592e-07 
 3.10400000e-04  1.70040993e-07 
 3.10500000e-04  1.69969496e-07 
 3.10600000e-04  1.61343198e-07 
 3.10700000e-04  1.60952006e-07 
 3.10800000e-04  1.60768797e-07 
 3.10900000e-04  1.60656964e-07 
 3.11000000e-04  1.60618725e-07 
 3.11100000e-04  1.67666836e-07 
 3.11200000e-04  1.67271268e-07 
 3.11300000e-04  1.67126259e-07 
 3.11400000e-04  1.66998089e-07 
 3.11500000e-04  1.66931106e-07 
 3.11600000e-04  1.53311349e-07 
 3.11700000e-04  1.52756664e-07 
 3.11800000e-04  1.52500413e-07 
 3.11900000e-04  1.52300048e-07 
 3.12000000e-04  1.52157295e-07 
 3.12100000e-04  1.68076640e-07 
 3.12200000e-04  1.67882217e-07 
 3.12300000e-04  1.67804241e-07 
 3.12400000e-04  1.67735217e-07 
 3.12500000e-04  1.67682682e-07 
 3.12600000e-04  1.55208857e-07 
 3.12700000e-04  1.54829712e-07 
 3.12800000e-04  1.54626268e-07 
 3.12900000e-04  1.54481275e-07 
 3.13000000e-04  1.54396538e-07 
 3.13100000e-04  1.67793606e-07 
 3.13200000e-04  1.67595555e-07 
 3.13300000e-04  1.67518958e-07 
 3.13400000e-04  1.67450402e-07 
 3.13500000e-04  1.67405194e-07 
 3.13600000e-04  1.53688131e-07 
 3.13700000e-04  1.53258321e-07 
 3.13800000e-04  1.53017910e-07 
 3.13900000e-04  1.52840726e-07 
 3.14000000e-04  1.52728726e-07 
 3.14100000e-04  1.69164037e-07 
 3.14200000e-04  1.68897853e-07 
 3.14300000e-04  1.68792324e-07 
 3.14400000e-04  1.68697051e-07 
 3.14500000e-04  1.68643618e-07 
 3.14600000e-04  1.57433646e-07 
 3.14700000e-04  1.57053671e-07 
 3.14800000e-04  1.56855660e-07 
 3.14900000e-04  1.56723377e-07 
 3.15000000e-04  1.56658851e-07 
 3.15100000e-04  1.67873653e-07 
 3.15200000e-04  1.67626596e-07 
 3.15300000e-04  1.67534989e-07 
 3.15400000e-04  1.67453636e-07 
 3.15500000e-04  1.67438732e-07 
 3.15600000e-04  1.53736338e-07 
 3.15700000e-04  1.53269708e-07 
 3.15800000e-04  1.53016064e-07 
 3.15900000e-04  1.52833894e-07 
 3.16000000e-04  1.52725411e-07 
 3.16100000e-04  1.68647365e-07 
 3.16200000e-04  1.68451310e-07 
 3.16300000e-04  1.68373061e-07 
 3.16400000e-04  1.68303654e-07 
 3.16500000e-04  1.68272719e-07 
 3.16600000e-04  1.55778424e-07 
 3.16700000e-04  1.55397976e-07 
 3.16800000e-04  1.55195833e-07 
 3.16900000e-04  1.55051776e-07 
 3.17000000e-04  1.54967537e-07 
 3.17100000e-04  1.70148181e-07 
 3.17200000e-04  1.69667963e-07 
 3.17300000e-04  1.69507475e-07 
 3.17400000e-04  1.69427799e-07 
 3.17500000e-04  1.69374234e-07 
 3.17600000e-04  1.55111245e-07 
 3.17700000e-04  1.54518364e-07 
 3.17800000e-04  1.54253703e-07 
 3.17900000e-04  1.54061072e-07 
 3.18000000e-04  1.53941960e-07 
 3.18100000e-04  1.03757240e-04 
 3.18200000e-04  1.03756648e-04 
 3.18300000e-04  1.03756470e-04 
 3.18400000e-04  1.03756320e-04 
 3.18500000e-04  1.03756254e-04 
 3.18600000e-04  1.03746340e-04 
 3.18700000e-04  1.03745927e-04 
 3.18800000e-04  1.03745744e-04 
 3.18900000e-04  1.03745619e-04 
 3.19000000e-04  1.03745553e-04 
 3.19100000e-04  1.69143647e-07 
 3.19200000e-04  1.68816911e-07 
 3.19300000e-04  1.68711277e-07 
 3.19400000e-04  1.68619863e-07 
 3.19500000e-04  1.68564998e-07 
 3.19600000e-04  1.54906561e-07 
 3.19700000e-04  1.54385483e-07 
 3.19800000e-04  1.54130371e-07 
 3.19900000e-04  1.53940183e-07 
 3.20000000e-04  1.53816924e-07 
 3.20100000e-04  1.69812286e-07 
 3.20200000e-04  1.69613412e-07 
 3.20300000e-04  1.69534979e-07 
 3.20400000e-04  1.69465532e-07 
 3.20500000e-04  1.69427526e-07 
 3.20600000e-04  1.56853775e-07 
 3.20700000e-04  1.56476155e-07 
 3.20800000e-04  1.56286871e-07 
 3.20900000e-04  1.56154851e-07 
 3.21000000e-04  1.56081857e-07 
 3.21100000e-04  1.69577912e-07 
 3.21200000e-04  1.69334204e-07 
 3.21300000e-04  1.69257061e-07 
 3.21400000e-04  1.69192480e-07 
 3.21500000e-04  1.69162083e-07 
 3.21600000e-04  1.55352512e-07 
 3.21700000e-04  1.54929252e-07 
 3.21800000e-04  1.54693356e-07 
 3.21900000e-04  1.54516503e-07 
 3.22000000e-04  1.54400505e-07 
 3.22100000e-04  1.70944522e-07 
 3.22200000e-04  1.70657585e-07 
 3.22300000e-04  1.70539044e-07 
 3.22400000e-04  1.70431661e-07 
 3.22500000e-04  1.70387489e-07 
 3.22600000e-04  1.59093707e-07 
 3.22700000e-04  1.58717568e-07 
 3.22800000e-04  1.58540314e-07 
 3.22900000e-04  1.58413195e-07 
 3.23000000e-04  1.58337743e-07 
 3.23100000e-04  1.69643654e-07 
 3.23200000e-04  1.69376417e-07 
 3.23300000e-04  1.69284162e-07 
 3.23400000e-04  1.69203660e-07 
 3.23500000e-04  1.69181890e-07 
 3.23600000e-04  1.55393473e-07 
 3.23700000e-04  1.54929904e-07 
 3.23800000e-04  1.54689570e-07 
 3.23900000e-04  1.54510115e-07 
 3.24000000e-04  1.54393410e-07 
 3.24100000e-04  1.70407917e-07 
 3.24200000e-04  1.70217180e-07 
 3.24300000e-04  1.70140470e-07 
 3.24400000e-04  1.70071992e-07 
 3.24500000e-04  1.70025650e-07 
 3.24600000e-04  1.57419379e-07 
 3.24700000e-04  1.57065830e-07 
 3.24800000e-04  1.56865475e-07 
 3.24900000e-04  1.56724541e-07 
 3.25000000e-04  1.56644850e-07 
 3.25100000e-04  1.70178528e-07 
 3.25200000e-04  1.69962067e-07 
 3.25300000e-04  1.69871696e-07 
 3.25400000e-04  1.69789833e-07 
 3.25500000e-04  1.69768580e-07 
 3.25600000e-04  1.55906335e-07 
 3.25700000e-04  1.55512076e-07 
 3.25800000e-04  1.55276612e-07 
 3.25900000e-04  1.55104872e-07 
 3.26000000e-04  1.54998814e-07 
 3.26100000e-04  1.73673686e-07 
 3.26200000e-04  1.72947281e-07 
 3.26300000e-04  1.72728564e-07 
 3.26400000e-04  1.72543588e-07 
 3.26500000e-04  1.72456449e-07 
 3.26600000e-04  1.66329747e-07 
 3.26700000e-04  1.65943432e-07 
 3.26800000e-04  1.65784087e-07 
 3.26900000e-04  1.65686041e-07 
 3.27000000e-04  1.65651175e-07 
 3.27100000e-04  1.68958614e-07 
 3.27200000e-04  1.68001594e-07 
 3.27300000e-04  1.67754588e-07 
 3.27400000e-04  1.67553319e-07 
 3.27500000e-04  1.67470243e-07 
 3.27600000e-04  1.53888329e-07 
 3.27700000e-04  1.53244504e-07 
 3.27800000e-04  1.52979184e-07 
 3.27900000e-04  1.52778532e-07 
 3.28000000e-04  1.52644537e-07 
 3.28100000e-04  1.68602584e-07 
 3.28200000e-04  1.68420064e-07 
 3.28300000e-04  1.68329215e-07 
 3.28400000e-04  1.68244367e-07 
 3.28500000e-04  1.68206816e-07 
 3.28600000e-04  1.55676002e-07 
 3.28700000e-04  1.55286744e-07 
 3.28800000e-04  1.55094518e-07 
 3.28900000e-04  1.54955824e-07 
 3.29000000e-04  1.54872295e-07 
 3.29100000e-04  1.68328921e-07 
 3.29200000e-04  1.68096814e-07 
 3.29300000e-04  1.68018346e-07 
 3.29400000e-04  1.67951165e-07 
 3.29500000e-04  1.67916254e-07 
 3.29600000e-04  1.54160830e-07 
 3.29700000e-04  1.53735684e-07 
 3.29800000e-04  1.53506060e-07 
 3.29900000e-04  1.53328300e-07 
 3.30000000e-04  1.53203983e-07 
 3.30100000e-04  1.69700238e-07 
 3.30200000e-04  1.69400226e-07 
 3.30300000e-04  1.69295424e-07 
 3.30400000e-04  1.69204429e-07 
 3.30500000e-04  1.69143807e-07 
 3.30600000e-04  1.57924664e-07 
 3.30700000e-04  1.57529661e-07 
 3.30800000e-04  1.57338345e-07 
 3.30900000e-04  1.57208276e-07 
 3.31000000e-04  1.57141331e-07 
 3.31100000e-04  1.68388131e-07 
 3.31200000e-04  1.68139298e-07 
 3.31300000e-04  1.68048853e-07 
 3.31400000e-04  1.67968468e-07 
 3.31500000e-04  1.67937121e-07 
 3.31600000e-04  1.54198909e-07 
 3.31700000e-04  1.53737007e-07 
 3.31800000e-04  1.53504935e-07 
 3.31900000e-04  1.53323873e-07 
 3.32000000e-04  1.53195371e-07 
 3.32100000e-04  1.69155167e-07 
 3.32200000e-04  1.68977591e-07 
 3.32300000e-04  1.68900567e-07 
 3.32400000e-04  1.68830455e-07 
 3.32500000e-04  1.68783852e-07 
 3.32600000e-04  1.56241262e-07 
 3.32700000e-04  1.55859859e-07 
 3.32800000e-04  1.55670898e-07 
 3.32900000e-04  1.55532779e-07 
 3.33000000e-04  1.55447047e-07 
 3.33100000e-04  1.68926835e-07 
 3.33200000e-04  1.68705729e-07 
 3.33300000e-04  1.68626195e-07 
 3.33400000e-04  1.68556446e-07 
 3.33500000e-04  1.68522209e-07 
 3.33600000e-04  1.54740707e-07 
 3.33700000e-04  1.54305214e-07 
 3.33800000e-04  1.54078789e-07 
 3.33900000e-04  1.53909892e-07 
 3.34000000e-04  1.53800283e-07 
 3.34100000e-04  1.70832807e-07 
 3.34200000e-04  1.70431283e-07 
 3.34300000e-04  1.70299042e-07 
 3.34400000e-04  1.70184778e-07 
 3.34500000e-04  1.70117880e-07 
 3.34600000e-04  1.60156510e-07 
 3.34700000e-04  1.59784281e-07 
 3.34800000e-04  1.59587874e-07 
 3.34900000e-04  1.59463644e-07 
 3.35000000e-04  1.59413810e-07 
 3.35100000e-04  1.68504298e-07 
 3.35200000e-04  1.68211777e-07 
 3.35300000e-04  1.68106732e-07 
 3.35400000e-04  1.68013967e-07 
 3.35500000e-04  1.67981861e-07 
 3.35600000e-04  1.54276959e-07 
 3.35700000e-04  1.53785412e-07 
 3.35800000e-04  1.53523891e-07 
 3.35900000e-04  1.53330440e-07 
 3.36000000e-04  1.53207147e-07 
 3.36100000e-04  1.69186550e-07 
 3.36200000e-04  1.68998834e-07 
 3.36300000e-04  1.68914571e-07 
 3.36400000e-04  1.68837637e-07 
 3.36500000e-04  1.68786423e-07 
 3.36600000e-04  1.56247803e-07 
 3.36700000e-04  1.55877419e-07 
 3.36800000e-04  1.55680677e-07 
 3.36900000e-04  1.55538903e-07 
 3.37000000e-04  1.55453769e-07 
 3.37100000e-04  1.68924615e-07 
 3.37200000e-04  1.68699957e-07 
 3.37300000e-04  1.68624296e-07 
 3.37400000e-04  1.68559404e-07 
 3.37500000e-04  1.68528285e-07 
 3.37600000e-04  1.54737855e-07 
 3.37700000e-04  1.54306248e-07 
 3.37800000e-04  1.54089969e-07 
 3.37900000e-04  1.53921386e-07 
 3.38000000e-04  1.53801938e-07 
 3.38100000e-04  1.70308447e-07 
 3.38200000e-04  1.70008660e-07 
 3.38300000e-04  1.69904782e-07 
 3.38400000e-04  1.69814895e-07 
 3.38500000e-04  1.69762664e-07 
 3.38600000e-04  1.58489694e-07 
 3.38700000e-04  1.58113056e-07 
 3.38800000e-04  1.57930635e-07 
 3.38900000e-04  1.57805449e-07 
 3.39000000e-04  1.57739242e-07 
 3.39100000e-04  1.69009483e-07 
 3.39200000e-04  1.68754807e-07 
 3.39300000e-04  1.68667982e-07 
 3.39400000e-04  1.68592458e-07 
 3.39500000e-04  1.68561785e-07 
 3.39600000e-04  1.54787033e-07 
 3.39700000e-04  1.54342712e-07 
 3.39800000e-04  1.54090113e-07 
 3.39900000e-04  1.53904165e-07 
 3.40000000e-04  1.53786907e-07 
 3.40100000e-04  1.69776822e-07 
 3.40200000e-04  1.69586564e-07 
 3.40300000e-04  1.69509652e-07 
 3.40400000e-04  1.69440661e-07 
 3.40500000e-04  1.69402788e-07 
 3.40600000e-04  1.56831981e-07 
 3.40700000e-04  1.56460907e-07 
 3.40800000e-04  1.56268153e-07 
 3.40900000e-04  1.56128264e-07 
 3.41000000e-04  1.56042839e-07 
 3.41100000e-04  1.69538764e-07 
 3.41200000e-04  1.69312234e-07 
 3.41300000e-04  1.69232351e-07 
 3.41400000e-04  1.69162632e-07 
 3.41500000e-04  1.69132077e-07 
 3.41600000e-04  1.55318987e-07 
 3.41700000e-04  1.54892028e-07 
 3.41800000e-04  1.54666182e-07 
 3.41900000e-04  1.54496342e-07 
 3.42000000e-04  1.54384209e-07 
 3.42100000e-04  1.71984095e-07 
 3.42200000e-04  1.71472449e-07 
 3.42300000e-04  1.71306914e-07 
 3.42400000e-04  1.71164303e-07 
 3.42500000e-04  1.71101538e-07 
 3.42600000e-04  1.62404260e-07 
 3.42700000e-04  1.62028191e-07 
 3.42800000e-04  1.61848301e-07 
 3.42900000e-04  1.61732501e-07 
 3.43000000e-04  1.61682747e-07 
 3.43100000e-04  1.68795149e-07 
 3.43200000e-04  1.68407291e-07 
 3.43300000e-04  1.68259821e-07 
 3.43400000e-04  1.68128569e-07 
 3.43500000e-04  1.68061291e-07 
 3.43600000e-04  1.54383570e-07 
 3.43700000e-04  1.53838761e-07 
 3.43800000e-04  1.53562596e-07 
 3.43900000e-04  1.53362010e-07 
 3.44000000e-04  1.53239320e-07 
 3.44100000e-04  1.69214853e-07 
 3.44200000e-04  1.69025172e-07 
 3.44300000e-04  1.68934814e-07 
 3.44400000e-04  1.68851477e-07 
 3.44500000e-04  1.68818483e-07 
 3.44600000e-04  1.56266980e-07 
 3.44700000e-04  1.55881507e-07 
 3.44800000e-04  1.55690784e-07 
 3.44900000e-04  1.55554155e-07 
 3.45000000e-04  1.55473257e-07 
 3.45100000e-04  1.68944768e-07 
 3.45200000e-04  1.68713475e-07 
 3.45300000e-04  1.68636991e-07 
 3.45400000e-04  1.68571894e-07 
 3.45500000e-04  1.68537908e-07 
 3.45600000e-04  1.54747139e-07 
 3.45700000e-04  1.54335235e-07 
 3.45800000e-04  1.54094763e-07 
 3.45900000e-04  1.53919176e-07 
 3.46000000e-04  1.53810449e-07 
 3.46100000e-04  1.70318026e-07 
 3.46200000e-04  1.70008283e-07 
 3.46300000e-04  1.69906462e-07 
 3.46400000e-04  1.69819994e-07 
 3.46500000e-04  1.69756599e-07 
 3.46600000e-04  1.58508359e-07 
 3.46700000e-04  1.58121983e-07 
 3.46800000e-04  1.57936607e-07 
 3.46900000e-04  1.57806386e-07 
 3.47000000e-04  1.57732989e-07 
 3.47100000e-04  1.69018544e-07 
 3.47200000e-04  1.68750418e-07 
 3.47300000e-04  1.68663206e-07 
 3.47400000e-04  1.68588540e-07 
 3.47500000e-04  1.68555577e-07 
 3.47600000e-04  1.54792727e-07 
 3.47700000e-04  1.54321810e-07 
 3.47800000e-04  1.54082287e-07 
 3.47900000e-04  1.53904518e-07 
 3.48000000e-04  1.53790378e-07 
 3.48100000e-04  1.69781505e-07 
 3.48200000e-04  1.69601668e-07 
 3.48300000e-04  1.69519643e-07 
 3.48400000e-04  1.69444129e-07 
 3.48500000e-04  1.69392935e-07 
 3.48600000e-04  1.56844480e-07 
 3.48700000e-04  1.56457759e-07 
 3.48800000e-04  1.56263574e-07 
 3.48900000e-04  1.56125226e-07 
 3.49000000e-04  1.56044401e-07 
 3.49100000e-04  1.69555991e-07 
 3.49200000e-04  1.69326571e-07 
 3.49300000e-04  1.69248909e-07 
 3.49400000e-04  1.69182697e-07 
 3.49500000e-04  1.69132670e-07 
 3.49600000e-04  1.55331534e-07 
 3.49700000e-04  1.54890360e-07 
 3.49800000e-04  1.54665796e-07 
 3.49900000e-04  1.54499478e-07 
 3.50000000e-04  1.54393170e-07 
 3.50100000e-04  1.71447693e-07 
 3.50200000e-04  1.71045953e-07 
 3.50300000e-04  1.70911059e-07 
 3.50400000e-04  1.70794093e-07 
 3.50500000e-04  1.70745551e-07 
 3.50600000e-04  1.60753530e-07 
 3.50700000e-04  1.60369010e-07 
 3.50800000e-04  1.60191551e-07 
 3.50900000e-04  1.60071161e-07 
 3.51000000e-04  1.60009566e-07 
 3.51100000e-04  1.69135790e-07 
 3.51200000e-04  1.68831253e-07 
 3.51300000e-04  1.68734475e-07 
 3.51400000e-04  1.68651619e-07 
 3.51500000e-04  1.68611184e-07 
 3.51600000e-04  1.54872210e-07 
 3.51700000e-04  1.54374496e-07 
 3.51800000e-04  1.54116278e-07 
 3.51900000e-04  1.53924251e-07 
 3.52000000e-04  1.53800432e-07 
 3.52100000e-04  1.69807503e-07 
 3.52200000e-04  1.69603106e-07 
 3.52300000e-04  1.69520264e-07 
 3.52400000e-04  1.69446550e-07 
 3.52500000e-04  1.69407698e-07 
 3.52600000e-04  1.56845269e-07 
 3.52700000e-04  1.56467154e-07 
 3.52800000e-04  1.56272123e-07 
 3.52900000e-04  1.56137655e-07 
 3.53000000e-04  1.56065585e-07 
 3.53100000e-04  1.69544399e-07 
 3.53200000e-04  1.69314683e-07 
 3.53300000e-04  1.69235396e-07 
 3.53400000e-04  1.69166865e-07 
 3.53500000e-04  1.69151048e-07 
 3.53600000e-04  1.55316911e-07 
 3.53700000e-04  1.54915301e-07 
 3.53800000e-04  1.54682646e-07 
 3.53900000e-04  1.54509824e-07 
 3.54000000e-04  1.54398645e-07 
 3.54100000e-04  1.70929244e-07 
 3.54200000e-04  1.70626568e-07 
 3.54300000e-04  1.70518847e-07 
 3.54400000e-04  1.70424774e-07 
 3.54500000e-04  1.70379041e-07 
 3.54600000e-04  1.59091369e-07 
 3.54700000e-04  1.58709514e-07 
 3.54800000e-04  1.58523019e-07 
 3.54900000e-04  1.58394884e-07 
 3.55000000e-04  1.58326870e-07 
 3.55100000e-04  1.69629854e-07 
 3.55200000e-04  1.69382650e-07 
 3.55300000e-04  1.69285310e-07 
 3.55400000e-04  1.69197293e-07 
 3.55500000e-04  1.69163135e-07 
 3.55600000e-04  1.55375407e-07 
 3.55700000e-04  1.54929482e-07 
 3.55800000e-04  1.54690843e-07 
 3.55900000e-04  1.54508623e-07 
 3.56000000e-04  1.54384521e-07 
 3.56100000e-04  1.70398118e-07 
 3.56200000e-04  1.70210857e-07 
 3.56300000e-04  1.70132804e-07 
 3.56400000e-04  1.70062355e-07 
 3.56500000e-04  1.70020116e-07 
 3.56600000e-04  1.57415931e-07 
 3.56700000e-04  1.57039809e-07 
 3.56800000e-04  1.56851125e-07 
 3.56900000e-04  1.56718589e-07 
 3.57000000e-04  1.56643893e-07 
 3.57100000e-04  1.70179158e-07 
 3.57200000e-04  1.69934764e-07 
 3.57300000e-04  1.69859017e-07 
 3.57400000e-04  1.69795834e-07 
 3.57500000e-04  1.69770633e-07 
 3.57600000e-04  1.55907947e-07 
 3.57700000e-04  1.55504873e-07 
 3.57800000e-04  1.55276423e-07 
 3.57900000e-04  1.55101184e-07 
 3.58000000e-04  1.54980750e-07 
 3.58100000e-04  1.73132878e-07 
 3.58200000e-04  1.72521859e-07 
 3.58300000e-04  1.72328469e-07 
 3.58400000e-04  1.72162447e-07 
 3.58500000e-04  1.72083140e-07 
 3.58600000e-04  1.64667919e-07 
 3.58700000e-04  1.64295805e-07 
 3.58800000e-04  1.64111246e-07 
 3.58900000e-04  1.64000036e-07 
 3.59000000e-04  1.63964412e-07 
 3.59100000e-04  1.69422454e-07 
 3.59200000e-04  1.68651518e-07 
 3.59300000e-04  1.68403887e-07 
 3.59400000e-04  1.68190679e-07 
 3.59500000e-04  1.68098846e-07 
 3.59600000e-04  1.54450523e-07 
 3.59700000e-04  1.53866001e-07 
 3.59800000e-04  1.53593453e-07 
 3.59900000e-04  1.53386863e-07 
 3.60000000e-04  1.53248230e-07 
 3.60100000e-04  1.69222034e-07 
 3.60200000e-04  1.69046811e-07 
 3.60300000e-04  1.68953080e-07 
 3.60400000e-04  1.68864378e-07 
 3.60500000e-04  1.68811670e-07 
 3.60600000e-04  1.56266251e-07 
 3.60700000e-04  1.55903275e-07 
 3.60800000e-04  1.55707360e-07 
 3.60900000e-04  1.55563946e-07 
 3.61000000e-04  1.55474602e-07 
 3.61100000e-04  1.68952424e-07 
 3.61200000e-04  1.68728423e-07 
 3.61300000e-04  1.68649792e-07 
 3.61400000e-04  1.68581618e-07 
 3.61500000e-04  1.68554723e-07 
 3.61600000e-04  1.54740855e-07 
 3.61700000e-04  1.54319217e-07 
 3.61800000e-04  1.54096716e-07 
 3.61900000e-04  1.53927076e-07 
 3.62000000e-04  1.53811873e-07 
 3.62100000e-04  1.70321903e-07 
 3.62200000e-04  1.70032642e-07 
 3.62300000e-04  1.69923092e-07 
 3.62400000e-04  1.69825982e-07 
 3.62500000e-04  1.69765505e-07 
 3.62600000e-04  1.58497294e-07 
 3.62700000e-04  1.58141344e-07 
 3.62800000e-04  1.57937011e-07 
 3.62900000e-04  1.57796920e-07 
 3.63000000e-04  1.57723013e-07 
 3.63100000e-04  1.69017698e-07 
 3.63200000e-04  1.68752555e-07 
 3.63300000e-04  1.68666315e-07 
 3.63400000e-04  1.68592317e-07 
 3.63500000e-04  1.68566068e-07 
 3.63600000e-04  1.54785836e-07 
 3.63700000e-04  1.54346491e-07 
 3.63800000e-04  1.54099090e-07 
 3.63900000e-04  1.53915274e-07 
 3.64000000e-04  1.53796963e-07 
 3.64100000e-04  1.69782091e-07 
 3.64200000e-04  1.69609424e-07 
 3.64300000e-04  1.69518773e-07 
 3.64400000e-04  1.69433617e-07 
 3.64500000e-04  1.69394062e-07 
 3.64600000e-04  1.56833332e-07 
 3.64700000e-04  1.56456125e-07 
 3.64800000e-04  1.56257445e-07 
 3.64900000e-04  1.56123438e-07 
 3.65000000e-04  1.56056055e-07 
 3.65100000e-04  1.69537132e-07 
 3.65200000e-04  1.69319160e-07 
 3.65300000e-04  1.69236177e-07 
 3.65400000e-04  1.69162290e-07 
 3.65500000e-04  1.69141309e-07 
 3.65600000e-04  1.55331891e-07 
 3.65700000e-04  1.54896746e-07 
 3.65800000e-04  1.54672573e-07 
 3.65900000e-04  1.54504781e-07 
 3.66000000e-04  1.54395059e-07 
 3.66100000e-04  1.71449800e-07 
 3.66200000e-04  1.71053201e-07 
 3.66300000e-04  1.70916643e-07 
 3.66400000e-04  1.70797399e-07 
 3.66500000e-04  1.70732307e-07 
 3.66600000e-04  1.60737982e-07 
 3.66700000e-04  1.60378902e-07 
 3.66800000e-04  1.60188232e-07 
 3.66900000e-04  1.60065913e-07 
 3.67000000e-04  1.60014011e-07 
 3.67100000e-04  1.69143510e-07 
 3.67200000e-04  1.68844610e-07 
 3.67300000e-04  1.68736253e-07 
 3.67400000e-04  1.68640580e-07 
 3.67500000e-04  1.68602950e-07 
 3.67600000e-04  1.54871191e-07 
 3.67700000e-04  1.54352684e-07 
 3.67800000e-04  1.54112971e-07 
 3.67900000e-04  1.53927946e-07 
 3.68000000e-04  1.53799242e-07 
 3.68100000e-04  1.69810696e-07 
 3.68200000e-04  1.69629702e-07 
 3.68300000e-04  1.69544242e-07 
 3.68400000e-04  1.69465339e-07 
 3.68500000e-04  1.69423679e-07 
 3.68600000e-04  1.56830702e-07 
 3.68700000e-04  1.56468840e-07 
 3.68800000e-04  1.56266729e-07 
 3.68900000e-04  1.56131460e-07 
 3.69000000e-04  1.56065049e-07 
 3.69100000e-04  1.69548655e-07 
 3.69200000e-04  1.69329403e-07 
 3.69300000e-04  1.69246838e-07 
 3.69400000e-04  1.69173786e-07 
 3.69500000e-04  1.69143483e-07 
 3.69600000e-04  1.55336306e-07 
 3.69700000e-04  1.54913619e-07 
 3.69800000e-04  1.54679353e-07 
 3.69900000e-04  1.54504424e-07 
 3.70000000e-04  1.54390609e-07 
 3.70100000e-04  1.70943755e-07 
 3.70200000e-04  1.70641443e-07 
 3.70300000e-04  1.70529104e-07 
 3.70400000e-04  1.70430256e-07 
 3.70500000e-04  1.70378650e-07 
 3.70600000e-04  1.59088848e-07 
 3.70700000e-04  1.58721326e-07 
 3.70800000e-04  1.58532528e-07 
 3.70900000e-04  1.58402340e-07 
 3.71000000e-04  1.58332515e-07 
 3.71100000e-04  1.69631504e-07 
 3.71200000e-04  1.69372083e-07 
 3.71300000e-04  1.69287068e-07 
 3.71400000e-04  1.69213593e-07 
 3.71500000e-04  1.69162480e-07 
 3.71600000e-04  1.55383474e-07 
 3.71700000e-04  1.54930847e-07 
 3.71800000e-04  1.54684386e-07 
 3.71900000e-04  1.54501341e-07 
 3.72000000e-04  1.54383615e-07 
 3.72100000e-04  1.70416707e-07 
 3.72200000e-04  1.70229432e-07 
 3.72300000e-04  1.70143748e-07 
 3.72400000e-04  1.70065253e-07 
 3.72500000e-04  1.70016593e-07 
 3.72600000e-04  1.57430617e-07 
 3.72700000e-04  1.57057040e-07 
 3.72800000e-04  1.56865560e-07 
 3.72900000e-04  1.56722693e-07 
 3.73000000e-04  1.56629874e-07 
 3.73100000e-04  1.70168962e-07 
 3.73200000e-04  1.69938523e-07 
 3.73300000e-04  1.69860480e-07 
 3.73400000e-04  1.69793511e-07 
 3.73500000e-04  1.69752916e-07 
 3.73600000e-04  1.55923120e-07 
 3.73700000e-04  1.55490829e-07 
 3.73800000e-04  1.55262086e-07 
 3.73900000e-04  1.55090113e-07 
 3.74000000e-04  1.54976604e-07 
 3.74100000e-04  1.72608057e-07 
 3.74200000e-04  1.72092118e-07 
 3.74300000e-04  1.71928697e-07 
 3.74400000e-04  1.71788776e-07 
 3.74500000e-04  1.71718586e-07 
 3.74600000e-04  1.62994916e-07 
 3.74700000e-04  1.62619550e-07 
 3.74800000e-04  1.62439642e-07 
 3.74900000e-04  1.62329212e-07 
 3.75000000e-04  1.62290355e-07 
 3.75100000e-04  1.69423574e-07 
 3.75200000e-04  1.69029264e-07 
 3.75300000e-04  1.68879602e-07 
 3.75400000e-04  1.68746330e-07 
 3.75500000e-04  1.68677400e-07 
 3.75600000e-04  1.54976144e-07 
 3.75700000e-04  1.54411754e-07 
 3.75800000e-04  1.54159987e-07 
 3.75900000e-04  1.53965777e-07 
 3.76000000e-04  1.53830841e-07 
 3.76100000e-04  1.69839120e-07 
 3.76200000e-04  1.69642065e-07 
 3.76300000e-04  1.69550462e-07 
 3.76400000e-04  1.69466622e-07 
 3.76500000e-04  1.69418382e-07 
 3.76600000e-04  1.56858933e-07 
 3.76700000e-04  1.56480994e-07 
 3.76800000e-04  1.56286693e-07 
 3.76900000e-04  1.56152050e-07 
 3.77000000e-04  1.56078851e-07 
 3.77100000e-04  1.69584878e-07 
 3.77200000e-04  1.69341794e-07 
 3.77300000e-04  1.69254272e-07 
 3.77400000e-04  1.69178285e-07 
 3.77500000e-04  1.69147683e-07 
 3.77600000e-04  1.55332843e-07 
 3.77700000e-04  1.54902797e-07 
 3.77800000e-04  1.54680013e-07 
 3.77900000e-04  1.54512706e-07 
 3.78000000e-04  1.54402525e-07 
 3.78100000e-04  1.70937423e-07 
 3.78200000e-04  1.70643011e-07 
 3.78300000e-04  1.70531536e-07 
 3.78400000e-04  1.70432340e-07 
 3.78500000e-04  1.70381706e-07 
 3.78600000e-04  1.59092725e-07 
 3.78700000e-04  1.58726011e-07 
 3.78800000e-04  1.58538409e-07 
 3.78900000e-04  1.58408500e-07 
 3.79000000e-04  1.58338004e-07 
 3.79100000e-04  1.69633279e-07 
 3.79200000e-04  1.69370328e-07 
 3.79300000e-04  1.69278690e-07 
 3.79400000e-04  1.69198487e-07 
 3.79500000e-04  1.69179799e-07 
 3.79600000e-04  1.55392283e-07 
 3.79700000e-04  1.54915426e-07 
 3.79800000e-04  1.54690972e-07 
 3.79900000e-04  1.54520873e-07 
 3.80000000e-04  1.54406740e-07 
 3.80100000e-04  1.70418944e-07 
 3.80200000e-04  1.70218419e-07 
 3.80300000e-04  1.70133533e-07 
 3.80400000e-04  1.70057382e-07 
 3.80500000e-04  1.70022881e-07 
 3.80600000e-04  1.57432466e-07 
 3.80700000e-04  1.57061781e-07 
 3.80800000e-04  1.56859705e-07 
 3.80900000e-04  1.56719772e-07 
 3.81000000e-04  1.56643841e-07 
 3.81100000e-04  1.70168859e-07 
 3.81200000e-04  1.69946887e-07 
 3.81300000e-04  1.69866694e-07 
 3.81400000e-04  1.69796268e-07 
 3.81500000e-04  1.69752691e-07 
 3.81600000e-04  1.55920360e-07 
 3.81700000e-04  1.55489685e-07 
 3.81800000e-04  1.55268437e-07 
 3.81900000e-04  1.55096467e-07 
 3.82000000e-04  1.54975222e-07 
 3.82100000e-04  1.72080986e-07 
 3.82200000e-04  1.71687852e-07 
 3.82300000e-04  1.71545079e-07 
 3.82400000e-04  1.71418257e-07 
 3.82500000e-04  1.71355454e-07 
 3.82600000e-04  1.61332054e-07 
 3.82700000e-04  1.60964148e-07 
 3.82800000e-04  1.60788646e-07 
 3.82900000e-04  1.60667046e-07 
 3.83000000e-04  1.60600941e-07 
 3.83100000e-04  1.69763150e-07 
 3.83200000e-04  1.69458979e-07 
 3.83300000e-04  1.69350222e-07 
 3.83400000e-04  1.69254405e-07 
 3.83500000e-04  1.69216765e-07 
 3.83600000e-04  1.55450523e-07 
 3.83700000e-04  1.54947695e-07 
 3.83800000e-04  1.54707422e-07 
 3.83900000e-04  1.54526409e-07 
 3.84000000e-04  1.54406418e-07 
 3.84100000e-04  1.70423304e-07 
 3.84200000e-04  1.70244747e-07 
 3.84300000e-04  1.70158575e-07 
 3.84400000e-04  1.70078426e-07 
 3.84500000e-04  1.70021045e-07 
 3.84600000e-04  1.57438933e-07 
 3.84700000e-04  1.57054028e-07 
 3.84800000e-04  1.56872956e-07 
 3.84900000e-04  1.56739561e-07 
 3.85000000e-04  1.56655236e-07 
 3.85100000e-04  1.70174626e-07 
 3.85200000e-04  1.69957346e-07 
 3.85300000e-04  1.69869083e-07 
 3.85400000e-04  1.69789303e-07 
 3.85500000e-04  1.69760889e-07 
 3.85600000e-04  1.55925752e-07 
 3.85700000e-04  1.55493691e-07 
 3.85800000e-04  1.55281813e-07 
 3.85900000e-04  1.55113599e-07 
 3.86000000e-04  1.54990317e-07 
 3.86100000e-04  1.71555082e-07 
 3.86200000e-04  1.71267622e-07 
 3.86300000e-04  1.71148510e-07 
 3.86400000e-04  1.71040183e-07 
 3.86500000e-04  1.71004545e-07 
 3.86600000e-04  1.59668290e-07 
 3.86700000e-04  1.59315453e-07 
 3.86800000e-04  1.59116707e-07 
 3.86900000e-04  1.58990621e-07 
 3.87000000e-04  1.58939381e-07 
 3.87100000e-04  1.70262924e-07 
 3.87200000e-04  1.69990852e-07 
 3.87300000e-04  1.69900276e-07 
 3.87400000e-04  1.69822234e-07 
 3.87500000e-04  1.69786313e-07 
 3.87600000e-04  1.55975460e-07 
 3.87700000e-04  1.55514119e-07 
 3.87800000e-04  1.55282857e-07 
 3.87900000e-04  1.55108119e-07 
 3.88000000e-04  1.54991579e-07 
 3.88100000e-04  1.71029675e-07 
 3.88200000e-04  1.70842645e-07 
 3.88300000e-04  1.70756071e-07 
 3.88400000e-04  1.70676505e-07 
 3.88500000e-04  1.70626392e-07 
 3.88600000e-04  1.58012934e-07 
 3.88700000e-04  1.57637348e-07 
 3.88800000e-04  1.57443790e-07 
 3.88900000e-04  1.57308908e-07 
 3.89000000e-04  1.57234444e-07 
 3.89100000e-04  1.70804858e-07 
 3.89200000e-04  1.70571416e-07 
 3.89300000e-04  1.70486575e-07 
 3.89400000e-04  1.70412704e-07 
 3.89500000e-04  1.70381626e-07 
 3.89600000e-04  1.56503785e-07 
 3.89700000e-04  1.56082049e-07 
 3.89800000e-04  1.55853732e-07 
 3.89900000e-04  1.55686353e-07 
 3.90000000e-04  1.55581720e-07 
 3.90100000e-04  1.74835032e-07 
 3.90200000e-04  1.73985186e-07 
 3.90300000e-04  1.73733443e-07 
 3.90400000e-04  1.73521583e-07 
 3.90500000e-04  1.73423359e-07 
 3.90600000e-04  1.68567547e-07 
 3.90700000e-04  1.68196519e-07 
 3.90800000e-04  1.68037972e-07 
 3.90900000e-04  1.67946319e-07 
 3.91000000e-04  1.67923551e-07 
 3.91100000e-04  1.69022931e-07 
 3.91200000e-04  1.68061495e-07 
 3.91300000e-04  1.67801943e-07 
 3.91400000e-04  1.67586441e-07 
 3.91500000e-04  1.67492304e-07 
 3.91600000e-04  1.53955358e-07 
 3.91700000e-04  1.53259236e-07 
 3.91800000e-04  1.52985583e-07 
 3.91900000e-04  1.52781047e-07 
 3.92000000e-04  1.52647697e-07 
 3.92100000e-04  1.68609495e-07 
 3.92200000e-04  1.68427296e-07 
 3.92300000e-04  1.68336221e-07 
 3.92400000e-04  1.68251147e-07 
 3.92500000e-04  1.68211553e-07 
 3.92600000e-04  1.55678700e-07 
 3.92700000e-04  1.55308667e-07 
 3.92800000e-04  1.55099683e-07 
 3.92900000e-04  1.54960414e-07 
 3.93000000e-04  1.54892945e-07 
 3.93100000e-04  1.68324446e-07 
 3.93200000e-04  1.68106515e-07 
 3.93300000e-04  1.68027002e-07 
 3.93400000e-04  1.67957078e-07 
 3.93500000e-04  1.67924175e-07 
 3.93600000e-04  1.54153716e-07 
 3.93700000e-04  1.53731858e-07 
 3.93800000e-04  1.53502199e-07 
 3.93900000e-04  1.53325302e-07 
 3.94000000e-04  1.53202715e-07 
 3.94100000e-04  1.69693484e-07 
 3.94200000e-04  1.69396779e-07 
 3.94300000e-04  1.69292162e-07 
 3.94400000e-04  1.69201043e-07 
 3.94500000e-04  1.69148031e-07 
 3.94600000e-04  1.57920908e-07 
 3.94700000e-04  1.57543424e-07 
 3.94800000e-04  1.57340203e-07 
 3.94900000e-04  1.57207104e-07 
 3.95000000e-04  1.57146225e-07 
 3.95100000e-04  1.68383297e-07 
 3.95200000e-04  1.68129064e-07 
 3.95300000e-04  1.68040227e-07 
 3.95400000e-04  1.67962391e-07 
 3.95500000e-04  1.67937028e-07 
 3.95600000e-04  1.54195968e-07 
 3.95700000e-04  1.53739248e-07 
 3.95800000e-04  1.53506674e-07 
 3.95900000e-04  1.53327671e-07 
 3.96000000e-04  1.53203811e-07 
 3.96100000e-04  1.69154916e-07 
 3.96200000e-04  1.68976544e-07 
 3.96300000e-04  1.68899105e-07 
 3.96400000e-04  1.68828566e-07 
 3.96500000e-04  1.68785213e-07 
 3.96600000e-04  1.56246929e-07 
 3.96700000e-04  1.55866554e-07 
 3.96800000e-04  1.55670409e-07 
 3.96900000e-04  1.55530516e-07 
 3.97000000e-04  1.55448530e-07 
 3.97100000e-04  1.68926696e-07 
 3.97200000e-04  1.68693213e-07 
 3.97300000e-04  1.68616165e-07 
 3.97400000e-04  1.68550734e-07 
 3.97500000e-04  1.68512820e-07 
 3.97600000e-04  1.54741568e-07 
 3.97700000e-04  1.54324218e-07 
 3.97800000e-04  1.54076725e-07 
 3.97900000e-04  1.53894851e-07 
 3.98000000e-04  1.53780546e-07 
 3.98100000e-04  1.70835782e-07 
 3.98200000e-04  1.70432211e-07 
 3.98300000e-04  1.70294398e-07 
 3.98400000e-04  1.70174489e-07 
 3.98500000e-04  1.70120488e-07 
 3.98600000e-04  1.60165315e-07 
 3.98700000e-04  1.59785747e-07 
 3.98800000e-04  1.59600165e-07 
 3.98900000e-04  1.59476043e-07 
 3.99000000e-04  1.59415199e-07 
 3.99100000e-04  1.68498630e-07 
 3.99200000e-04  1.68213148e-07 
 3.99300000e-04  1.68114486e-07 
 3.99400000e-04  1.68027978e-07 
 3.99500000e-04  1.67985857e-07 
 3.99600000e-04  1.54269906e-07 
 3.99700000e-04  1.53767860e-07 
 3.99800000e-04  1.53524478e-07 
 3.99900000e-04  1.53339107e-07 
 4.00000000e-04  1.53213451e-07 
 4.00100000e-04  1.69174751e-07 
 4.00200000e-04  1.68992824e-07 
 4.00300000e-04  1.68910998e-07 
 4.00400000e-04  1.68836262e-07 
 4.00500000e-04  1.68798859e-07 
 4.00600000e-04  1.56250468e-07 
 4.00700000e-04  1.55865787e-07 
 4.00800000e-04  1.55672673e-07 
 4.00900000e-04  1.55533387e-07 
 4.01000000e-04  1.55449502e-07 
 4.01100000e-04  1.68926926e-07 
 4.01200000e-04  1.68700286e-07 
 4.01300000e-04  1.68625594e-07 
 4.01400000e-04  1.68562116e-07 
 4.01500000e-04  1.68539042e-07 
 4.01600000e-04  1.54736020e-07 
 4.01700000e-04  1.54325510e-07 
 4.01800000e-04  1.54092389e-07 
 4.01900000e-04  1.53910847e-07 
 4.02000000e-04  1.53782391e-07 
 4.02100000e-04  1.70295703e-07 
 4.02200000e-04  1.70016755e-07 
 4.02300000e-04  1.69907430e-07 
 4.02400000e-04  1.69808907e-07 
 4.02500000e-04  1.69769391e-07 
 4.02600000e-04  1.58491846e-07 
 4.02700000e-04  1.58108226e-07 
 4.02800000e-04  1.57922985e-07 
 4.02900000e-04  1.57792415e-07 
 4.03000000e-04  1.57718116e-07 
 4.03100000e-04  1.69012938e-07 
 4.03200000e-04  1.68753045e-07 
 4.03300000e-04  1.68663170e-07 
 4.03400000e-04  1.68584655e-07 
 4.03500000e-04  1.68549034e-07 
 4.03600000e-04  1.54794912e-07 
 4.03700000e-04  1.54341922e-07 
 4.03800000e-04  1.54092713e-07 
 4.03900000e-04  1.53910920e-07 
 4.04000000e-04  1.53798544e-07 
 4.04100000e-04  1.69773915e-07 
 4.04200000e-04  1.69594454e-07 
 4.04300000e-04  1.69514940e-07 
 4.04400000e-04  1.69442231e-07 
 4.04500000e-04  1.69405076e-07 
 4.04600000e-04  1.56828739e-07 
 4.04700000e-04  1.56460642e-07 
 4.04800000e-04  1.56263911e-07 
 4.04900000e-04  1.56124650e-07 
 4.05000000e-04  1.56044546e-07 
 4.05100000e-04  1.69548998e-07 
 4.05200000e-04  1.69320823e-07 
 4.05300000e-04  1.69242115e-07 
 4.05400000e-04  1.69174428e-07 
 4.05500000e-04  1.69133456e-07 
 4.05600000e-04  1.55327234e-07 
 4.05700000e-04  1.54907903e-07 
 4.05800000e-04  1.54670889e-07 
 4.05900000e-04  1.54494105e-07 
 4.06000000e-04  1.54379325e-07 
 4.06100000e-04  1.71981934e-07 
 4.06200000e-04  1.71474201e-07 
 4.06300000e-04  1.71305963e-07 
 4.06400000e-04  1.71160390e-07 
 4.06500000e-04  1.71101943e-07 
 4.06600000e-04  1.62402672e-07 
 4.06700000e-04  1.62023311e-07 
 4.06800000e-04  1.61841610e-07 
 4.06900000e-04  1.61731989e-07 
 4.07000000e-04  1.61696594e-07 
 4.07100000e-04  1.68792240e-07 
 4.07200000e-04  1.68397924e-07 
 4.07300000e-04  1.68255626e-07 
 4.07400000e-04  1.68130129e-07 
 4.07500000e-04  1.68068415e-07 
 4.07600000e-04  1.54375841e-07 
 4.07700000e-04  1.53836116e-07 
 4.07800000e-04  1.53562777e-07 
 4.07900000e-04  1.53364977e-07 
 4.08000000e-04  1.53244976e-07 
 4.08100000e-04  1.69210915e-07 
 4.08200000e-04  1.69019342e-07 
 4.08300000e-04  1.68936048e-07 
 4.08400000e-04  1.68860594e-07 
 4.08500000e-04  1.68798495e-07 
 4.08600000e-04  1.56253342e-07 
 4.08700000e-04  1.55892155e-07 
 4.08800000e-04  1.55689191e-07 
 4.08900000e-04  1.55544879e-07 
 4.09000000e-04  1.55460938e-07 
 4.09100000e-04  1.68933484e-07 
 4.09200000e-04  1.68714865e-07 
 4.09300000e-04  1.68631526e-07 
 4.09400000e-04  1.68557675e-07 
 4.09500000e-04  1.68533235e-07 
 4.09600000e-04  1.54733414e-07 
 4.09700000e-04  1.54333004e-07 
 4.09800000e-04  1.54094671e-07 
 4.09900000e-04  1.53915879e-07 
 4.10000000e-04  1.53798375e-07 
 4.10100000e-04  1.70310170e-07 
 4.10200000e-04  1.70022985e-07 
 4.10300000e-04  1.69913433e-07 
 4.10400000e-04  1.69815794e-07 
 4.10500000e-04  1.69767511e-07 
 4.10600000e-04  1.58487062e-07 
 4.10700000e-04  1.58119402e-07 
 4.10800000e-04  1.57933815e-07 
 4.10900000e-04  1.57800357e-07 
 4.11000000e-04  1.57720535e-07 
 4.11100000e-04  1.69012256e-07 
 4.11200000e-04  1.68742264e-07 
 4.11300000e-04  1.68658506e-07 
 4.11400000e-04  1.68587580e-07 
 4.11500000e-04  1.68555885e-07 
 4.11600000e-04  1.54795267e-07 
 4.11700000e-04  1.54322217e-07 
 4.11800000e-04  1.54094218e-07 
 4.11900000e-04  1.53919894e-07 
 4.12000000e-04  1.53800801e-07 
 4.12100000e-04  1.69780603e-07 
 4.12200000e-04  1.69588153e-07 
 4.12300000e-04  1.69504269e-07 
 4.12400000e-04  1.69428161e-07 
 4.12500000e-04  1.69392202e-07 
 4.12600000e-04  1.56830520e-07 
 4.12700000e-04  1.56455810e-07 
 4.12800000e-04  1.56264483e-07 
 4.12900000e-04  1.56124903e-07 
 4.13000000e-04  1.56038567e-07 
 4.13100000e-04  1.69538504e-07 
 4.13200000e-04  1.69316641e-07 
 4.13300000e-04  1.69235108e-07 
 4.13400000e-04  1.69163061e-07 
 4.13500000e-04  1.69135287e-07 
 4.13600000e-04  1.55319089e-07 
 4.13700000e-04  1.54907256e-07 
 4.13800000e-04  1.54672492e-07 
 4.13900000e-04  1.54494645e-07 
 4.14000000e-04  1.54375375e-07 
 4.14100000e-04  1.71453900e-07 
 4.14200000e-04  1.71050539e-07 
 4.14300000e-04  1.70911693e-07 
 4.14400000e-04  1.70790368e-07 
 4.14500000e-04  1.70725250e-07 
 4.14600000e-04  1.60755654e-07 
 4.14700000e-04  1.60358372e-07 
 4.14800000e-04  1.60178679e-07 
 4.14900000e-04  1.60061111e-07 
 4.15000000e-04  1.60007492e-07 
 4.15100000e-04  1.69140761e-07 
 4.15200000e-04  1.68835408e-07 
 4.15300000e-04  1.68730772e-07 
 4.15400000e-04  1.68639793e-07 
 4.15500000e-04  1.68598642e-07 
 4.15600000e-04  1.54866709e-07 
 4.15700000e-04  1.54363177e-07 
 4.15800000e-04  1.54109673e-07 
 4.15900000e-04  1.53921594e-07 
 4.16000000e-04  1.53800720e-07 
 4.16100000e-04  1.71726033e-07 
 4.16200000e-04  1.71199197e-07 
 4.16300000e-04  1.71020784e-07 
 4.16400000e-04  1.70941501e-07 
 4.16500000e-04  1.70894250e-07 
 4.16600000e-04  1.57847989e-07 
 4.16700000e-04  1.57328936e-07 
 4.16800000e-04  1.57066101e-07 
 4.16900000e-04  1.56883807e-07 
 4.17000000e-04  1.56783628e-07 
 4.17100000e-04  1.03756475e-04 
 4.17200000e-04  1.03756068e-04 
 4.17300000e-04  1.03755947e-04 
 4.17400000e-04  1.03755846e-04 
 4.17500000e-04  1.03755801e-04 
 4.17600000e-04  1.03742000e-04 
 4.17700000e-04  1.03741564e-04 
 4.17800000e-04  1.03741322e-04 
 4.17900000e-04  1.03741140e-04 
 4.18000000e-04  1.03741021e-04 
 4.18100000e-04  1.72086414e-07 
 4.18200000e-04  1.71748857e-07 
 4.18300000e-04  1.71632723e-07 
 4.18400000e-04  1.71531623e-07 
 4.18500000e-04  1.71474103e-07 
 4.18600000e-04  1.60194877e-07 
 4.18700000e-04  1.59785287e-07 
 4.18800000e-04  1.59603069e-07 
 4.18900000e-04  1.59479500e-07 
 4.19000000e-04  1.59416288e-07 
 4.19100000e-04  1.70790009e-07 
 4.19200000e-04  1.70520147e-07 
 4.19300000e-04  1.70429453e-07 
 4.19400000e-04  1.70351025e-07 
 4.19500000e-04  1.70301327e-07 
 4.19600000e-04  1.56470612e-07 
 4.19700000e-04  1.55998239e-07 
 4.19800000e-04  1.55773193e-07 
 4.19900000e-04  1.55598171e-07 
 4.20000000e-04  1.55474609e-07 
 4.20100000e-04  1.71554375e-07 
 4.20200000e-04  1.71366314e-07 
 4.20300000e-04  1.71277110e-07 
 4.20400000e-04  1.71194455e-07 
 4.20500000e-04  1.71142799e-07 
 4.20600000e-04  1.58503015e-07 
 4.20700000e-04  1.58138573e-07 
 4.20800000e-04  1.57940348e-07 
 4.20900000e-04  1.57803871e-07 
 4.21000000e-04  1.57730948e-07 
 4.21100000e-04  1.71326309e-07 
 4.21200000e-04  1.71080412e-07 
 4.21300000e-04  1.70993637e-07 
 4.21400000e-04  1.70918859e-07 
 4.21500000e-04  1.70899117e-07 
 4.21600000e-04  1.56969388e-07 
 4.21700000e-04  1.56565297e-07 
 4.21800000e-04  1.56354945e-07 
 4.21900000e-04  1.56185939e-07 
 4.22000000e-04  1.56059439e-07 
 4.22100000e-04  1.74293582e-07 
 4.22200000e-04  1.73655722e-07 
 4.22300000e-04  1.73456567e-07 
 4.22400000e-04  1.73287199e-07 
 4.22500000e-04  1.73209635e-07 
 4.22600000e-04  1.65726307e-07 
 4.22700000e-04  1.65370720e-07 
 4.22800000e-04  1.65193224e-07 
 4.22900000e-04  1.65083411e-07 
 4.23000000e-04  1.65043275e-07 
 4.23100000e-04  1.70574357e-07 
 4.23200000e-04  1.69774693e-07 
 4.23300000e-04  1.69537076e-07 
 4.23400000e-04  1.69337436e-07 
 4.23500000e-04  1.69234896e-07 
 4.23600000e-04  1.55518366e-07 
 4.23700000e-04  1.54944161e-07 
 4.23800000e-04  1.54664409e-07 
 4.23900000e-04  1.54460776e-07 
 4.24000000e-04  1.54335524e-07 
 4.24100000e-04  1.70380718e-07 
 4.24200000e-04  1.70167847e-07 
 4.24300000e-04  1.70075684e-07 
 4.24400000e-04  1.69992954e-07 
 4.24500000e-04  1.69962438e-07 
 4.24600000e-04  1.57320332e-07 
 4.24700000e-04  1.56954039e-07 
 4.24800000e-04  1.56767709e-07 
 4.24900000e-04  1.56636121e-07 
 4.25000000e-04  1.56560702e-07 
 4.25100000e-04  1.71832883e-07 
 4.25200000e-04  1.71341378e-07 
 4.25300000e-04  1.71170939e-07 
 4.25400000e-04  1.71075297e-07 
 4.25500000e-04  1.71003824e-07 
 4.25600000e-04  1.56680180e-07 
 4.25700000e-04  1.56088541e-07 
 4.25800000e-04  1.55842785e-07 
 4.25900000e-04  1.55656036e-07 
 4.26000000e-04  1.55529399e-07 
 4.26100000e-04  1.03758387e-04 
 4.26200000e-04  1.03757914e-04 
 4.26300000e-04  1.03757752e-04 
 4.26400000e-04  1.03757610e-04 
 4.26500000e-04  1.03757552e-04 
 4.26600000e-04  1.03746231e-04 
 4.26700000e-04  1.03745844e-04 
 4.26800000e-04  1.03745660e-04 
 4.26900000e-04  1.03745530e-04 
 4.27000000e-04  1.03745458e-04 
 4.27100000e-04  1.71311306e-07 
 4.27200000e-04  1.70998036e-07 
 4.27300000e-04  1.70902691e-07 
 4.27400000e-04  1.70822159e-07 
 4.27500000e-04  1.70778196e-07 
 4.27600000e-04  1.56968347e-07 
 4.27700000e-04  1.56480261e-07 
 4.27800000e-04  1.56254321e-07 
 4.27900000e-04  1.56086208e-07 
 4.28000000e-04  1.55977599e-07 
 4.28100000e-04  1.72075384e-07 
 4.28200000e-04  1.71893708e-07 
 4.28300000e-04  1.71803215e-07 
 4.28400000e-04  1.71718841e-07 
 4.28500000e-04  1.71678212e-07 
 4.28600000e-04  1.58985205e-07 
 4.28700000e-04  1.58617376e-07 
 4.28800000e-04  1.58432686e-07 
 4.28900000e-04  1.58303277e-07 
 4.29000000e-04  1.58230744e-07 
 4.29100000e-04  1.71860305e-07 
 4.29200000e-04  1.71607067e-07 
 4.29300000e-04  1.71515594e-07 
 4.29400000e-04  1.71436518e-07 
 4.29500000e-04  1.71413048e-07 
 4.29600000e-04  1.57463754e-07 
 4.29700000e-04  1.57068683e-07 
 4.29800000e-04  1.56841309e-07 
 4.29900000e-04  1.56674510e-07 
 4.30000000e-04  1.56570042e-07 
 4.30100000e-04  1.73755190e-07 
 4.30200000e-04  1.73338796e-07 
 4.30300000e-04  1.73194847e-07 
 4.30400000e-04  1.73069512e-07 
 4.30500000e-04  1.72994547e-07 
 4.30600000e-04  1.62887069e-07 
 4.30700000e-04  1.62521435e-07 
 4.30800000e-04  1.62345330e-07 
 4.30900000e-04  1.62232913e-07 
 4.31000000e-04  1.62186041e-07 
 4.31100000e-04  1.71434634e-07 
 4.31200000e-04  1.71126843e-07 
 4.31300000e-04  1.71003333e-07 
 4.31400000e-04  1.70891755e-07 
 4.31500000e-04  1.70871448e-07 
 4.31600000e-04  1.56998439e-07 
 4.31700000e-04  1.56522415e-07 
 4.31800000e-04  1.56273946e-07 
 4.31900000e-04  1.56088884e-07 
 4.32000000e-04  1.55969076e-07 
 4.32100000e-04  1.72100819e-07 
 4.32200000e-04  1.71882817e-07 
 4.32300000e-04  1.71798847e-07 
 4.32400000e-04  1.71725036e-07 
 4.32500000e-04  1.71661982e-07 
 4.32600000e-04  1.58984203e-07 
 4.32700000e-04  1.58620915e-07 
 4.32800000e-04  1.58441680e-07 
 4.32900000e-04  1.58311147e-07 
 4.33000000e-04  1.58230698e-07 
 4.33100000e-04  1.71859459e-07 
 4.33200000e-04  1.71607932e-07 
 4.33300000e-04  1.71520884e-07 
 4.33400000e-04  1.71446451e-07 
 4.33500000e-04  1.71397200e-07 
 4.33600000e-04  1.57470687e-07 
 4.33700000e-04  1.57053097e-07 
 4.33800000e-04  1.56829306e-07 
 4.33900000e-04  1.56666452e-07 
 4.34000000e-04  1.56566308e-07 
 4.34100000e-04  1.73221213e-07 
 4.34200000e-04  1.72923592e-07 
 4.34300000e-04  1.72801768e-07 
 4.34400000e-04  1.72691296e-07 
 4.34500000e-04  1.72635636e-07 
 4.34600000e-04  1.61208639e-07 
 4.34700000e-04  1.60855498e-07 
 4.34800000e-04  1.60676492e-07 
 4.34900000e-04  1.60554109e-07 
 4.35000000e-04  1.60489979e-07 
 4.35100000e-04  1.71930261e-07 
 4.35200000e-04  1.71652365e-07 
 4.35300000e-04  1.71553112e-07 
 4.35400000e-04  1.71466157e-07 
 4.35500000e-04  1.71432894e-07 
 4.35600000e-04  1.57511821e-07 
 4.35700000e-04  1.57063123e-07 
 4.35800000e-04  1.56839959e-07 
 4.35900000e-04  1.56665661e-07 
 4.36000000e-04  1.56541613e-07 
 4.36100000e-04  1.72686562e-07 
 4.36200000e-04  1.72486624e-07 
 4.36300000e-04  1.72395861e-07 
 4.36400000e-04  1.72312698e-07 
 4.36500000e-04  1.72271745e-07 
 4.36600000e-04  1.59549863e-07 
 4.36700000e-04  1.59195902e-07 
 4.36800000e-04  1.59013421e-07 
 4.36900000e-04  1.58885892e-07 
 4.37000000e-04  1.58814888e-07 
 4.37100000e-04  1.72459191e-07 
 4.37200000e-04  1.72218040e-07 
 4.37300000e-04  1.72129022e-07 
 4.37400000e-04  1.72050762e-07 
 4.37500000e-04  1.72015129e-07 
 4.37600000e-04  1.58055140e-07 
 4.37700000e-04  1.57634810e-07 
 4.37800000e-04  1.57412043e-07 
 4.37900000e-04  1.57249791e-07 
 4.38000000e-04  1.57149799e-07 
 4.38100000e-04  1.74911989e-07 
 4.38200000e-04  1.74381812e-07 
 4.38300000e-04  1.74195176e-07 
 4.38400000e-04  1.74031890e-07 
 4.38500000e-04  1.73970490e-07 
 4.38600000e-04  1.65129093e-07 
 4.38700000e-04  1.64764862e-07 
 4.38800000e-04  1.64603984e-07 
 4.38900000e-04  1.64496398e-07 
 4.39000000e-04  1.64443623e-07 
 4.39100000e-04  1.71724577e-07 
 4.39200000e-04  1.71300719e-07 
 4.39300000e-04  1.71137599e-07 
 4.39400000e-04  1.70992584e-07 
 4.39500000e-04  1.70938328e-07 
 4.39600000e-04  1.57098361e-07 
 4.39700000e-04  1.56567872e-07 
 4.39800000e-04  1.56313867e-07 
 4.39900000e-04  1.56123738e-07 
 4.40000000e-04  1.55999341e-07 
 4.40100000e-04  1.72127453e-07 
 4.40200000e-04  1.71908571e-07 
 4.40300000e-04  1.71810610e-07 
 4.40400000e-04  1.71721895e-07 
 4.40500000e-04  1.71692240e-07 
 4.40600000e-04  1.58985290e-07 
 4.40700000e-04  1.58629045e-07 
 4.40800000e-04  1.58437006e-07 
 4.40900000e-04  1.58304770e-07 
 4.41000000e-04  1.58234066e-07 
 4.41100000e-04  1.71867599e-07 
 4.41200000e-04  1.71611144e-07 
 4.41300000e-04  1.71526959e-07 
 4.41400000e-04  1.71456316e-07 
 4.41500000e-04  1.71422049e-07 
 4.41600000e-04  1.57473105e-07 
 4.41700000e-04  1.57069223e-07 
 4.41800000e-04  1.56841008e-07 
 4.41900000e-04  1.56670622e-07 
 4.42000000e-04  1.56559722e-07 
 4.42100000e-04  1.73227796e-07 
 4.42200000e-04  1.72922276e-07 
 4.42300000e-04  1.72801899e-07 
 4.42400000e-04  1.72693877e-07 
 4.42500000e-04  1.72631454e-07 
 4.42600000e-04  1.61211324e-07 
 4.42700000e-04  1.60867506e-07 
 4.42800000e-04  1.60688336e-07 
 4.42900000e-04  1.60567873e-07 
 4.43000000e-04  1.60507806e-07 
 4.43100000e-04  1.71932097e-07 
 4.43200000e-04  1.71646757e-07 
 4.43300000e-04  1.71547267e-07 
 4.43400000e-04  1.71460765e-07 
 4.43500000e-04  1.71429710e-07 
 4.43600000e-04  1.57507399e-07 
 4.43700000e-04  1.57065384e-07 
 4.43800000e-04  1.56837716e-07 
 4.43900000e-04  1.56662802e-07 
 4.44000000e-04  1.56542143e-07 
 4.44100000e-04  1.72705980e-07 
 4.44200000e-04  1.72495229e-07 
 4.44300000e-04  1.72403014e-07 
 4.44400000e-04  1.72320099e-07 
 4.44500000e-04  1.72271038e-07 
 4.44600000e-04  1.59548708e-07 
 4.44700000e-04  1.59206708e-07 
 4.44800000e-04  1.59023731e-07 
 4.44900000e-04  1.58895639e-07 
 4.45000000e-04  1.58823998e-07 
 4.45100000e-04  1.72458929e-07 
 4.45200000e-04  1.72219382e-07 
 4.45300000e-04  1.72126473e-07 
 4.45400000e-04  1.72044228e-07 
 4.45500000e-04  1.72005008e-07 
 4.45600000e-04  1.58034402e-07 
 4.45700000e-04  1.57653897e-07 
 4.45800000e-04  1.57434117e-07 
 4.45900000e-04  1.57266649e-07 
 4.46000000e-04  1.57152979e-07 
 4.46100000e-04  1.74368689e-07 
 4.46200000e-04  1.73967013e-07 
 4.46300000e-04  1.73817818e-07 
 4.46400000e-04  1.73684839e-07 
 4.46500000e-04  1.73628915e-07 
 4.46600000e-04  1.63469016e-07 
 4.46700000e-04  1.63103031e-07 
 4.46800000e-04  1.62932077e-07 
 4.46900000e-04  1.62821488e-07 
 4.47000000e-04  1.62773002e-07 
 4.47100000e-04  1.72043182e-07 
 4.47200000e-04  1.71740423e-07 
 4.47300000e-04  1.71620341e-07 
 4.47400000e-04  1.71511886e-07 
 4.47500000e-04  1.71481223e-07 
 4.47600000e-04  1.57587215e-07 
 4.47700000e-04  1.57089869e-07 
 4.47800000e-04  1.56856112e-07 
 4.47900000e-04  1.56685050e-07 
 4.48000000e-04  1.56578498e-07 
 4.48100000e-04  1.72727132e-07 
 4.48200000e-04  1.72507031e-07 
 4.48300000e-04  1.72413236e-07 
 4.48400000e-04  1.72329444e-07 
 4.48500000e-04  1.72275375e-07 
 4.48600000e-04  1.59549272e-07 
 4.48700000e-04  1.59210537e-07 
 4.48800000e-04  1.59024746e-07 
 4.48900000e-04  1.58891174e-07 
 4.49000000e-04  1.58811297e-07 
 4.49100000e-04  1.72465063e-07 
 4.49200000e-04  1.72241644e-07 
 4.49300000e-04  1.72147762e-07 
 4.49400000e-04  1.72062325e-07 
 4.49500000e-04  1.72023901e-07 
 4.49600000e-04  1.58040092e-07 
 4.49700000e-04  1.57660933e-07 
 4.49800000e-04  1.57429534e-07 
 4.49900000e-04  1.57261523e-07 
 4.50000000e-04  1.57158734e-07 
 4.50100000e-04  1.73843758e-07 
 4.50200000e-04  1.73538558e-07 
 4.50300000e-04  1.73410947e-07 
 4.50400000e-04  1.73295170e-07 
 4.50500000e-04  1.73247539e-07 
 4.50600000e-04  1.61801729e-07 
 4.50700000e-04  1.61449387e-07 
 4.50800000e-04  1.61263637e-07 
 4.50900000e-04  1.61142262e-07 
 4.51000000e-04  1.61087122e-07 
 4.51100000e-04  1.72545437e-07 
 4.51200000e-04  1.72274084e-07 
 4.51300000e-04  1.72181046e-07 
 4.51400000e-04  1.72100105e-07 
 4.51500000e-04  1.72054705e-07 
 4.51600000e-04  1.58095094e-07 
 4.51700000e-04  1.57669369e-07 
 4.51800000e-04  1.57430439e-07 
 4.51900000e-04  1.57256830e-07 
 4.52000000e-04  1.57150428e-07 
 4.52100000e-04  1.73328346e-07 
 4.52200000e-04  1.73114391e-07 
 4.52300000e-04  1.73025313e-07 
 4.52400000e-04  1.72945626e-07 
 4.52500000e-04  1.72895889e-07 
 4.52600000e-04  1.60148814e-07 
 4.52700000e-04  1.59786898e-07 
 4.52800000e-04  1.59612083e-07 
 4.52900000e-04  1.59486155e-07 
 4.53000000e-04  1.59410479e-07 
 4.53100000e-04  1.73087527e-07 
 4.53200000e-04  1.72836003e-07 
 4.53300000e-04  1.72744713e-07 
 4.53400000e-04  1.72665226e-07 
 4.53500000e-04  1.72622653e-07 
 4.53600000e-04  1.58614367e-07 
 4.53700000e-04  1.58238270e-07 
 4.53800000e-04  1.58022464e-07 
 4.53900000e-04  1.57861386e-07 
 4.54000000e-04  1.57756592e-07 
 4.54100000e-04  1.76579365e-07 
 4.54200000e-04  1.75846095e-07 
 4.54300000e-04  1.75607802e-07 
 4.54400000e-04  1.75401731e-07 
 4.54500000e-04  1.75329418e-07 
 4.54600000e-04  1.69029874e-07 
 4.54700000e-04  1.68680834e-07 
 4.54800000e-04  1.68520506e-07 
 4.54900000e-04  1.68429176e-07 
 4.55000000e-04  1.68408853e-07 
 4.55100000e-04  1.71856571e-07 
 4.55200000e-04  1.70913368e-07 
 4.55300000e-04  1.70655753e-07 
 4.55400000e-04  1.70441087e-07 
 4.55500000e-04  1.70339610e-07 
 4.55600000e-04  1.56609971e-07 
 4.55700000e-04  1.55988695e-07 
 4.55800000e-04  1.55720577e-07 
 4.55900000e-04  1.55522647e-07 
 4.56000000e-04  1.55396947e-07 
 4.56100000e-04  1.71523237e-07 
 4.56200000e-04  1.71308590e-07 
 4.56300000e-04  1.71210777e-07 
 4.56400000e-04  1.71121517e-07 
 4.56500000e-04  1.71071714e-07 
 4.56600000e-04  1.58392172e-07 
 4.56700000e-04  1.58037410e-07 
 4.56800000e-04  1.57846816e-07 
 4.56900000e-04  1.57715057e-07 
 4.57000000e-04  1.57643818e-07 
 4.57100000e-04  1.71242099e-07 
 4.57200000e-04  1.70999825e-07 
 4.57300000e-04  1.70917928e-07 
 4.57400000e-04  1.70848070e-07 
 4.57500000e-04  1.70799755e-07 
 4.57600000e-04  1.56872520e-07 
 4.57700000e-04  1.56477481e-07 
 4.57800000e-04  1.56254058e-07 
 4.57900000e-04  1.56086058e-07 
 4.58000000e-04  1.55975044e-07 
 4.58100000e-04  1.72598322e-07 
 4.58200000e-04  1.72301596e-07 
 4.58300000e-04  1.72184268e-07 
 4.58400000e-04  1.72079014e-07 
 4.58500000e-04  1.72022715e-07 
 4.58600000e-04  1.60650485e-07 
 4.58700000e-04  1.60265805e-07 
 4.58800000e-04  1.60086715e-07 
 4.58900000e-04  1.59966162e-07 
 4.59000000e-04  1.59905813e-07 
 4.59100000e-04  1.71311745e-07 
 4.59200000e-04  1.71043601e-07 
 4.59300000e-04  1.70945441e-07 
 4.59400000e-04  1.70858503e-07 
 4.59500000e-04  1.70822684e-07 
 4.59600000e-04  1.56922396e-07 
 4.59700000e-04  1.56471492e-07 
 4.59800000e-04  1.56241544e-07 
 4.59900000e-04  1.56073238e-07 
 4.60000000e-04  1.55968337e-07 
 4.60100000e-04  1.72070059e-07 
 4.60200000e-04  1.71882892e-07 
 4.60300000e-04  1.71789353e-07 
 4.60400000e-04  1.71702129e-07 
 4.60500000e-04  1.71657917e-07 
 4.60600000e-04  1.58969718e-07 
 4.60700000e-04  1.58606359e-07 
 4.60800000e-04  1.58419261e-07 
 4.60900000e-04  1.58290054e-07 
 4.61000000e-04  1.58220381e-07 
 4.61100000e-04  1.71832847e-07 
 4.61200000e-04  1.71605134e-07 
 4.61300000e-04  1.71518609e-07 
 4.61400000e-04  1.71441679e-07 
 4.61500000e-04  1.71397246e-07 
 4.61600000e-04  1.57454966e-07 
 4.61700000e-04  1.57042061e-07 
 4.61800000e-04  1.56824166e-07 
 4.61900000e-04  1.56661189e-07 
 4.62000000e-04  1.56554677e-07 
 4.62100000e-04  1.73740950e-07 
 4.62200000e-04  1.73331222e-07 
 4.62300000e-04  1.73189766e-07 
 4.62400000e-04  1.73066320e-07 
 4.62500000e-04  1.72993478e-07 
 4.62600000e-04  1.62885150e-07 
 4.62700000e-04  1.62526847e-07 
 4.62800000e-04  1.62342689e-07 
 4.62900000e-04  1.62226314e-07 
 4.63000000e-04  1.62179681e-07 
 4.63100000e-04  1.71419215e-07 
 4.63200000e-04  1.71109093e-07 
 4.63300000e-04  1.70995827e-07 
 4.63400000e-04  1.70895579e-07 
 4.63500000e-04  1.70852523e-07 
 4.63600000e-04  1.57000299e-07 
 4.63700000e-04  1.56504736e-07 
 4.63800000e-04  1.56268623e-07 
 4.63900000e-04  1.56090794e-07 
 4.64000000e-04  1.55972902e-07 
 4.64100000e-04  1.72094059e-07 
 4.64200000e-04  1.71892458e-07 
 4.64300000e-04  1.71795354e-07 
 4.64400000e-04  1.71705461e-07 
 4.64500000e-04  1.71673398e-07 
 4.64600000e-04  1.58973967e-07 
 4.64700000e-04  1.58616094e-07 
 4.64800000e-04  1.58423774e-07 
 4.64900000e-04  1.58294689e-07 
 4.65000000e-04  1.58230648e-07 
 4.65100000e-04  1.71847020e-07 
 4.65200000e-04  1.71599044e-07 
 4.65300000e-04  1.71511549e-07 
 4.65400000e-04  1.71436175e-07 
 4.65500000e-04  1.71395616e-07 
 4.65600000e-04  1.57458624e-07 
 4.65700000e-04  1.57045320e-07 
 4.65800000e-04  1.56824985e-07 
 4.65900000e-04  1.56660783e-07 
 4.66000000e-04  1.56554300e-07 
 4.66100000e-04  1.73214732e-07 
 4.66200000e-04  1.72902512e-07 
 4.66300000e-04  1.72793143e-07 
 4.66400000e-04  1.72698240e-07 
 4.66500000e-04  1.72628499e-07 
 4.66600000e-04  1.61229750e-07 
 4.66700000e-04  1.60869064e-07 
 4.66800000e-04  1.60684012e-07 
 4.66900000e-04  1.60561352e-07 
 4.67000000e-04  1.60502868e-07 
 4.67100000e-04  1.71918894e-07 
 4.67200000e-04  1.71640678e-07 
 4.67300000e-04  1.71544301e-07 
 4.67400000e-04  1.71460371e-07 
 4.67500000e-04  1.71423756e-07 
 4.67600000e-04  1.57513384e-07 
 4.67700000e-04  1.57060259e-07 
 4.67800000e-04  1.56833628e-07 
 4.67900000e-04  1.56661899e-07 
 4.68000000e-04  1.56546616e-07 
 4.68100000e-04  1.72684864e-07 
 4.68200000e-04  1.72490914e-07 
 4.68300000e-04  1.72397481e-07 
 4.68400000e-04  1.72310961e-07 
 4.68500000e-04  1.72266188e-07 
 4.68600000e-04  1.59558182e-07 
 4.68700000e-04  1.59196158e-07 
 4.68800000e-04  1.59019186e-07 
 4.68900000e-04  1.58888071e-07 
 4.69000000e-04  1.58804070e-07 
 4.69100000e-04  1.72457405e-07 
 4.69200000e-04  1.72221880e-07 
 4.69300000e-04  1.72132923e-07 
 4.69400000e-04  1.72054074e-07 
 4.69500000e-04  1.72007535e-07 
 4.69600000e-04  1.58053750e-07 
 4.69700000e-04  1.57630779e-07 
 4.69800000e-04  1.57411450e-07 
 4.69900000e-04  1.57249415e-07 
 4.70000000e-04  1.57146292e-07 
 4.70100000e-04  1.74902390e-07 
 4.70200000e-04  1.74368746e-07 
 4.70300000e-04  1.74193875e-07 
 4.70400000e-04  1.74043173e-07 
 4.70500000e-04  1.73966611e-07 
 4.70600000e-04  1.65124664e-07 
 4.70700000e-04  1.64778459e-07 
 4.70800000e-04  1.64608392e-07 
 4.70900000e-04  1.64496376e-07 
 4.71000000e-04  1.64444049e-07 
 4.71100000e-04  1.71706306e-07 
 4.71200000e-04  1.71310588e-07 
 4.71300000e-04  1.71151937e-07 
 4.71400000e-04  1.71008833e-07 
 4.71500000e-04  1.70943875e-07 
 4.71600000e-04  1.57113779e-07 
 4.71700000e-04  1.56569956e-07 
 4.71800000e-04  1.56318725e-07 
 4.71900000e-04  1.56133144e-07 
 4.72000000e-04  1.56015098e-07 
 4.72100000e-04  1.72120816e-07 
 4.72200000e-04  1.71929977e-07 
 4.72300000e-04  1.71830417e-07 
 4.72400000e-04  1.71736644e-07 
 4.72500000e-04  1.71689307e-07 
 4.72600000e-04  1.58993830e-07 
 4.72700000e-04  1.58621122e-07 
 4.72800000e-04  1.58434543e-07 
 4.72900000e-04  1.58305229e-07 
 4.73000000e-04  1.58234794e-07 
 4.73100000e-04  1.71864543e-07 
 4.73200000e-04  1.71610796e-07 
 4.73300000e-04  1.71528144e-07 
 4.73400000e-04  1.71458286e-07 
 4.73500000e-04  1.71404434e-07 
 4.73600000e-04  1.57453975e-07 
 4.73700000e-04  1.57051502e-07 
 4.73800000e-04  1.56833227e-07 
 4.73900000e-04  1.56666467e-07 
 4.74000000e-04  1.56552655e-07 
 4.74100000e-04  1.73223581e-07 
 4.74200000e-04  1.72918266e-07 
 4.74300000e-04  1.72798947e-07 
 4.74400000e-04  1.72691979e-07 
 4.74500000e-04  1.72650377e-07 
 4.74600000e-04  1.61223576e-07 
 4.74700000e-04  1.60866499e-07 
 4.74800000e-04  1.60681161e-07 
 4.74900000e-04  1.60553195e-07 
 4.75000000e-04  1.60484216e-07 
 4.75100000e-04  1.71920255e-07 
 4.75200000e-04  1.71653688e-07 
 4.75300000e-04  1.71554272e-07 
 4.75400000e-04  1.71465622e-07 
 4.75500000e-04  1.71430664e-07 
 4.75600000e-04  1.57514019e-07 
 4.75700000e-04  1.57063751e-07 
 4.75800000e-04  1.56834118e-07 
 4.75900000e-04  1.56663764e-07 
 4.76000000e-04  1.56554357e-07 
 4.76100000e-04  1.72702015e-07 
 4.76200000e-04  1.72489331e-07 
 4.76300000e-04  1.72401577e-07 
 4.76400000e-04  1.72323149e-07 
 4.76500000e-04  1.72282900e-07 
 4.76600000e-04  1.59541713e-07 
 4.76700000e-04  1.59196150e-07 
 4.76800000e-04  1.59017247e-07 
 4.76900000e-04  1.58890586e-07 
 4.77000000e-04  1.58817620e-07 
 4.77100000e-04  1.72452440e-07 
 4.77200000e-04  1.72209789e-07 
 4.77300000e-04  1.72130008e-07 
 4.77400000e-04  1.72061858e-07 
 4.77500000e-04  1.72008867e-07 
 4.77600000e-04  1.58042286e-07 
 4.77700000e-04  1.57652522e-07 
 4.77800000e-04  1.57428892e-07 
 4.77900000e-04  1.57258442e-07 
 4.78000000e-04  1.57142651e-07 
 4.78100000e-04  1.74369272e-07 
 4.78200000e-04  1.73946657e-07 
 4.78300000e-04  1.73794616e-07 
 4.78400000e-04  1.73660698e-07 
 4.78500000e-04  1.73623690e-07 
 4.78600000e-04  1.63465226e-07 
 4.78700000e-04  1.63107764e-07 
 4.78800000e-04  1.62939868e-07 
 4.78900000e-04  1.62829993e-07 
 4.79000000e-04  1.62779774e-07 
 4.79100000e-04  1.72046964e-07 
 4.79200000e-04  1.71739573e-07 
 4.79300000e-04  1.71629290e-07 
 4.79400000e-04  1.71531734e-07 
 4.79500000e-04  1.71474479e-07 
 4.79600000e-04  1.57590770e-07 
 4.79700000e-04  1.57095273e-07 
 4.79800000e-04  1.56865351e-07 
 4.79900000e-04  1.56694202e-07 
 4.80000000e-04  1.56583479e-07 
 4.80100000e-04  1.72723090e-07 
 4.80200000e-04  1.72514637e-07 
 4.80300000e-04  1.72422845e-07 
 4.80400000e-04  1.72339574e-07 
 4.80500000e-04  1.72298629e-07 
 4.80600000e-04  1.59555816e-07 
 4.80700000e-04  1.59213927e-07 
 4.80800000e-04  1.59022981e-07 
 4.80900000e-04  1.58893894e-07 
 4.81000000e-04  1.58828414e-07 
 4.81100000e-04  1.72465539e-07 
 4.81200000e-04  1.72220708e-07 
 4.81300000e-04  1.72130786e-07 
 4.81400000e-04  1.72052284e-07 
 4.81500000e-04  1.72010629e-07 
 4.81600000e-04  1.58046947e-07 
 4.81700000e-04  1.57639392e-07 
 4.81800000e-04  1.57424215e-07 
 4.81900000e-04  1.57263097e-07 
 4.82000000e-04  1.57157540e-07 
 4.82100000e-04  1.73841726e-07 
 4.82200000e-04  1.73530795e-07 
 4.82300000e-04  1.73404161e-07 
 4.82400000e-04  1.73289897e-07 
 4.82500000e-04  1.73254104e-07 
 4.82600000e-04  1.61798247e-07 
 4.82700000e-04  1.61461703e-07 
 4.82800000e-04  1.61286473e-07 
 4.82900000e-04  1.61161889e-07 
 4.83000000e-04  1.61089343e-07 
 4.83100000e-04  1.72554814e-07 
 4.83200000e-04  1.72262374e-07 
 4.83300000e-04  1.72164116e-07 
 4.83400000e-04  1.72079265e-07 
 4.83500000e-04  1.72056364e-07 
 4.83600000e-04  1.58100156e-07 
 4.83700000e-04  1.57669312e-07 
 4.83800000e-04  1.57431423e-07 
 4.83900000e-04  1.57261073e-07 
 4.84000000e-04  1.57160187e-07 
 4.84100000e-04  1.73324892e-07 
 4.84200000e-04  1.73122955e-07 
 4.84300000e-04  1.73029795e-07 
 4.84400000e-04  1.72944361e-07 
 4.84500000e-04  1.72894709e-07 
 4.84600000e-04  1.60143657e-07 
 4.84700000e-04  1.59785286e-07 
 4.84800000e-04  1.59614390e-07 
 4.84900000e-04  1.59487539e-07 
 4.85000000e-04  1.59405911e-07 
 4.85100000e-04  1.73081306e-07 
 4.85200000e-04  1.72828201e-07 
 4.85300000e-04  1.72745461e-07 
 4.85400000e-04  1.72675344e-07 
 4.85500000e-04  1.72645261e-07 
 4.85600000e-04  1.58619256e-07 
 4.85700000e-04  1.58234382e-07 
 4.85800000e-04  1.58019552e-07 
 4.85900000e-04  1.57852897e-07 
 4.86000000e-04  1.57735730e-07 
 4.86100000e-04  1.76057113e-07 
 4.86200000e-04  1.75430952e-07 
 4.86300000e-04  1.75221761e-07 
 4.86400000e-04  1.75040009e-07 
 4.86500000e-04  1.74970150e-07 
 4.86600000e-04  1.67371617e-07 
 4.86700000e-04  1.67020573e-07 
 4.86800000e-04  1.66854292e-07 
 4.86900000e-04  1.66759045e-07 
 4.87000000e-04  1.66736864e-07 
 4.87100000e-04  1.72351235e-07 
 4.87200000e-04  1.71535493e-07 
 4.87300000e-04  1.71290936e-07 
 4.87400000e-04  1.71085323e-07 
 4.87500000e-04  1.70991286e-07 
 4.87600000e-04  1.57175603e-07 
 4.87700000e-04  1.56593574e-07 
 4.87800000e-04  1.56334047e-07 
 4.87900000e-04  1.56142798e-07 
 4.88000000e-04  1.56021773e-07 
 4.88100000e-04  1.72145216e-07 
 4.88200000e-04  1.71928605e-07 
 4.88300000e-04  1.71834471e-07 
 4.88400000e-04  1.71749563e-07 
 4.88500000e-04  1.71701252e-07 
 4.88600000e-04  1.58988579e-07 
 4.88700000e-04  1.58622332e-07 
 4.88800000e-04  1.58449147e-07 
 4.88900000e-04  1.58322330e-07 
 4.89000000e-04  1.58243401e-07 
 4.89100000e-04  1.72022039e-07 
 4.89200000e-04  1.71677866e-07 
 4.89300000e-04  1.71545043e-07 
 4.89400000e-04  1.71479729e-07 
 4.89500000e-04  1.71425705e-07 
 4.89600000e-04  1.57488812e-07 
 4.89700000e-04  1.57088218e-07 
 4.89800000e-04  1.56865736e-07 
 4.89900000e-04  1.56691791e-07 
 4.90000000e-04  1.56567740e-07 
 4.90100000e-04  1.73229589e-07 
 4.90200000e-04  1.72915817e-07 
 4.90300000e-04  1.72805619e-07 
 4.90400000e-04  1.72710289e-07 
 4.90500000e-04  1.72634304e-07 
 4.90600000e-04  1.61218857e-07 
 4.90700000e-04  1.60868315e-07 
 4.90800000e-04  1.60688078e-07 
 4.90900000e-04  1.60565136e-07 
 4.91000000e-04  1.60501145e-07 
 4.91100000e-04  1.71926027e-07 
 4.91200000e-04  1.71649031e-07 
 4.91300000e-04  1.71555885e-07 
 4.91400000e-04  1.71474975e-07 
 4.91500000e-04  1.71435277e-07 
 4.91600000e-04  1.57518758e-07 
 4.91700000e-04  1.57086768e-07 
 4.91800000e-04  1.56850252e-07 
 4.91900000e-04  1.56676978e-07 
 4.92000000e-04  1.56568806e-07 
 4.92100000e-04  1.72692438e-07 
 4.92200000e-04  1.72497049e-07 
 4.92300000e-04  1.72404888e-07 
 4.92400000e-04  1.72320040e-07 
 4.92500000e-04  1.72268933e-07 
 4.92600000e-04  1.59559798e-07 
 4.92700000e-04  1.59194741e-07 
 4.92800000e-04  1.59020016e-07 
 4.92900000e-04  1.58897013e-07 
 4.93000000e-04  1.58827255e-07 
 4.93100000e-04  1.72460037e-07 
 4.93200000e-04  1.72238589e-07 
 4.93300000e-04  1.72138433e-07 
 4.93400000e-04  1.72046341e-07 
 4.93500000e-04  1.72011684e-07 
 4.93600000e-04  1.58053617e-07 
 4.93700000e-04  1.57658193e-07 
 4.93800000e-04  1.57436990e-07 
 4.93900000e-04  1.57267002e-07 
 4.94000000e-04  1.57149878e-07 
 4.94100000e-04  1.74802371e-07 
 4.94200000e-04  1.74151524e-07 
 4.94300000e-04  1.73951161e-07 
 4.94400000e-04  1.73881760e-07 
 4.94500000e-04  1.73832070e-07 
 4.94600000e-04  1.63757281e-07 
 4.94700000e-04  1.63425348e-07 
 4.94800000e-04  1.63219373e-07 
 4.94900000e-04  1.63068039e-07 
 4.95000000e-04  1.62972995e-07 
 4.95100000e-04  1.72054619e-07 
 4.95200000e-04  1.71730420e-07 
 4.95300000e-04  1.71617184e-07 
 4.95400000e-04  1.71518540e-07 
 4.95500000e-04  1.71470034e-07 
 4.95600000e-04  1.57584884e-07 
 4.95700000e-04  1.57113209e-07 
 4.95800000e-04  1.56864710e-07 
 4.95900000e-04  1.56687076e-07 
 4.96000000e-04  1.56582495e-07 
 4.96100000e-04  1.72710009e-07 
 4.96200000e-04  1.72509436e-07 
 4.96300000e-04  1.72419351e-07 
 4.96400000e-04  1.72337193e-07 
 4.96500000e-04  1.72290497e-07 
 4.96600000e-04  1.59562845e-07 
 4.96700000e-04  1.59208926e-07 
 4.96800000e-04  1.59027548e-07 
 4.96900000e-04  1.58895629e-07 
 4.97000000e-04  1.58814700e-07 
 4.97100000e-04  1.72478360e-07 
 4.97200000e-04  1.72228959e-07 
 4.97300000e-04  1.72135751e-07 
 4.97400000e-04  1.72053992e-07 
 4.97500000e-04  1.72015993e-07 
 4.97600000e-04  1.58048005e-07 
 4.97700000e-04  1.57641697e-07 
 4.97800000e-04  1.57436715e-07 
 4.97900000e-04  1.57273608e-07 
 4.98000000e-04  1.57153686e-07 
 4.98100000e-04  1.73847809e-07 
 4.98200000e-04  1.73532091e-07 
 4.98300000e-04  1.73416612e-07 
 4.98400000e-04  1.73315191e-07 
 4.98500000e-04  1.73248454e-07 
 4.98600000e-04  1.61806205e-07 
 4.98700000e-04  1.61457722e-07 
 4.98800000e-04  1.61277701e-07 
 4.98900000e-04  1.61153949e-07 
 4.99000000e-04  1.61088252e-07 
 4.99100000e-04  1.72555801e-07 
 4.99200000e-04  1.72261846e-07 
 4.99300000e-04  1.72164737e-07 
 4.99400000e-04  1.72081725e-07 
 4.99500000e-04  1.72054778e-07 
 4.99600000e-04  1.58108958e-07 
 4.99700000e-04  1.57668227e-07 
 4.99800000e-04  1.57445686e-07 
 4.99900000e-04  1.57272821e-07 
 5.00000000e-04  1.57151206e-07 
 5.00100000e-04  1.73322245e-07 
 5.00200000e-04  1.73115669e-07 
 5.00300000e-04  1.73023194e-07 
 5.00400000e-04  1.72939155e-07 
 5.00500000e-04  1.72889527e-07 
 5.00600000e-04  1.60135957e-07 
 5.00700000e-04  1.59785156e-07 
 5.00800000e-04  1.59605270e-07 
 5.00900000e-04  1.59473748e-07 
 5.01000000e-04  1.59392123e-07 
 5.01100000e-04  1.73090705e-07 
 5.01200000e-04  1.72834060e-07 
 5.01300000e-04  1.72737987e-07 
 5.01400000e-04  1.72654157e-07 
 5.01500000e-04  1.72623640e-07 
 5.01600000e-04  1.58621647e-07 
 5.01700000e-04  1.58243468e-07 
 5.01800000e-04  1.58021832e-07 
 5.01900000e-04  1.57855981e-07 
 5.02000000e-04  1.57747684e-07 
 5.02100000e-04  1.75513720e-07 
 5.02200000e-04  1.75008234e-07 
 5.02300000e-04  1.74827311e-07 
 5.02400000e-04  1.74667182e-07 
 5.02500000e-04  1.74589698e-07 
 5.02600000e-04  1.65721402e-07 
 5.02700000e-04  1.65366015e-07 
 5.02800000e-04  1.65203283e-07 
 5.02900000e-04  1.65093428e-07 
 5.03000000e-04  1.65038125e-07 
 5.03100000e-04  1.72344975e-07 
 5.03200000e-04  1.71920922e-07 
 5.03300000e-04  1.71765659e-07 
 5.03400000e-04  1.71629290e-07 
 5.03500000e-04  1.71553351e-07 
 5.03600000e-04  1.57691199e-07 
 5.03700000e-04  1.57165443e-07 
 5.03800000e-04  1.56922678e-07 
 5.03900000e-04  1.56738806e-07 
 5.04000000e-04  1.56615696e-07 
 5.04100000e-04  1.72759739e-07 
 5.04200000e-04  1.72537328e-07 
 5.04300000e-04  1.72449997e-07 
 5.04400000e-04  1.72373184e-07 
 5.04500000e-04  1.72309872e-07 
 5.04600000e-04  1.59565920e-07 
 5.04700000e-04  1.59223391e-07 
 5.04800000e-04  1.59032743e-07 
 5.04900000e-04  1.58898999e-07 
 5.05000000e-04  1.58823963e-07 
 5.05100000e-04  1.72483906e-07 
 5.05200000e-04  1.72257746e-07 
 5.05300000e-04  1.72158969e-07 
 5.05400000e-04  1.72068552e-07 
 5.05500000e-04  1.72038019e-07 
 5.05600000e-04  1.58052621e-07 
 5.05700000e-04  1.57650421e-07 
 5.05800000e-04  1.57438966e-07 
 5.05900000e-04  1.57276021e-07 
 5.06000000e-04  1.57163125e-07 
 5.06100000e-04  1.73853681e-07 
 5.06200000e-04  1.73551584e-07 
 5.06300000e-04  1.73429578e-07 
 5.06400000e-04  1.73319375e-07 
 5.06500000e-04  1.73257032e-07 
 5.06600000e-04  1.61819711e-07 
 5.06700000e-04  1.61459334e-07 
 5.06800000e-04  1.61279755e-07 
 5.06900000e-04  1.61152585e-07 
 5.07000000e-04  1.61079485e-07 
 5.07100000e-04  1.72548964e-07 
 5.07200000e-04  1.72273497e-07 
 5.07300000e-04  1.72169882e-07 
 5.07400000e-04  1.72077336e-07 
 5.07500000e-04  1.72042655e-07 
 5.07600000e-04  1.58116570e-07 
 5.07700000e-04  1.57666718e-07 
 5.07800000e-04  1.57433704e-07 
 5.07900000e-04  1.57260244e-07 
 5.08000000e-04  1.57148226e-07 
 5.08100000e-04  1.73324903e-07 
 5.08200000e-04  1.73117871e-07 
 5.08300000e-04  1.73020330e-07 
 5.08400000e-04  1.72930489e-07 
 5.08500000e-04  1.72892257e-07 
 5.08600000e-04  1.60133471e-07 
 5.08700000e-04  1.59787268e-07 
 5.08800000e-04  1.59605997e-07 
 5.08900000e-04  1.59482759e-07 
 5.09000000e-04  1.59419395e-07 
 5.09100000e-04  1.73091017e-07 
 5.09200000e-04  1.72845769e-07 
 5.09300000e-04  1.72750434e-07 
 5.09400000e-04  1.72665976e-07 
 5.09500000e-04  1.72625548e-07 
 5.09600000e-04  1.58623741e-07 
 5.09700000e-04  1.58246453e-07 
 5.09800000e-04  1.58029928e-07 
 5.09900000e-04  1.57866622e-07 
 5.10000000e-04  1.57758223e-07 
 5.10100000e-04  1.74992699e-07 
 5.10200000e-04  1.74573201e-07 
 5.10300000e-04  1.74421374e-07 
 5.10400000e-04  1.74287192e-07 
 5.10500000e-04  1.74231712e-07 
 5.10600000e-04  1.64047169e-07 
 5.10700000e-04  1.63712809e-07 
 5.10800000e-04  1.63533812e-07 
 5.10900000e-04  1.63418281e-07 
 5.11000000e-04  1.63368229e-07 
 5.11100000e-04  1.72683655e-07 
 5.11200000e-04  1.72358934e-07 
 5.11300000e-04  1.72239694e-07 
 5.11400000e-04  1.72134576e-07 
 5.11500000e-04  1.72090155e-07 
 5.11600000e-04  1.58168596e-07 
 5.11700000e-04  1.57690179e-07 
 5.11800000e-04  1.57455027e-07 
 5.11900000e-04  1.57280908e-07 
 5.12000000e-04  1.57169756e-07 
 5.12100000e-04  1.75290471e-07 
 5.12200000e-04  1.74748615e-07 
 5.12300000e-04  1.74552274e-07 
 5.12400000e-04  1.74463528e-07 
 5.12500000e-04  1.74375181e-07 
 5.12600000e-04  1.61152225e-07 
 5.12700000e-04  1.60644250e-07 
 5.12800000e-04  1.60417110e-07 
 5.12900000e-04  1.60250406e-07 
 5.13000000e-04  1.60145432e-07 
 5.13100000e-04  1.03760051e-04 
 5.13200000e-04  1.03759595e-04 
 5.13300000e-04  1.03759467e-04 
 5.13400000e-04  1.03759362e-04 
 5.13500000e-04  1.03759312e-04 
 5.13600000e-04  1.03745315e-04 
 5.13700000e-04  1.03744903e-04 
 5.13800000e-04  1.03744681e-04 
 5.13900000e-04  1.03744514e-04 
 5.14000000e-04  1.03744406e-04 
 5.14100000e-04  1.75646488e-07 
 5.14200000e-04  1.75286132e-07 
 5.14300000e-04  1.75150986e-07 
 5.14400000e-04  1.75031706e-07 
 5.14500000e-04  1.74977593e-07 
 5.14600000e-04  1.63490720e-07 
 5.14700000e-04  1.63130117e-07 
 5.14800000e-04  1.62963846e-07 
 5.14900000e-04  1.62852145e-07 
 5.15000000e-04  1.62796746e-07 
 5.15100000e-04  1.74332093e-07 
 5.15200000e-04  1.74038315e-07 
 5.15300000e-04  1.73939133e-07 
 5.15400000e-04  1.73853657e-07 
 5.15500000e-04  1.73802507e-07 
 5.15600000e-04  1.59767164e-07 
 5.15700000e-04  1.59354883e-07 
 5.15800000e-04  1.59141854e-07 
 5.15900000e-04  1.58975236e-07 
 5.16000000e-04  1.58856500e-07 
 5.16100000e-04  1.75096139e-07 
 5.16200000e-04  1.74889962e-07 
 5.16300000e-04  1.74787391e-07 
 5.16400000e-04  1.74691860e-07 
 5.16500000e-04  1.74643773e-07 
 5.16600000e-04  1.61809543e-07 
 5.16700000e-04  1.61480041e-07 
 5.16800000e-04  1.61298154e-07 
 5.16900000e-04  1.61171178e-07 
 5.17000000e-04  1.61100855e-07 
 5.17100000e-04  1.74861857e-07 
 5.17200000e-04  1.74628972e-07 
 5.17300000e-04  1.74532935e-07 
 5.17400000e-04  1.74446246e-07 
 5.17500000e-04  1.74385188e-07 
 5.17600000e-04  1.60289507e-07 
 5.17700000e-04  1.59904403e-07 
 5.17800000e-04  1.59702650e-07 
 5.17900000e-04  1.59548291e-07 
 5.18000000e-04  1.59442828e-07 
 5.18100000e-04  1.88937713e-07 
 5.18200000e-04  1.86323907e-07 
 5.18300000e-04  1.85516277e-07 
 5.18400000e-04  1.85268127e-07 
 5.18500000e-04  1.85019976e-07 
 5.18600000e-04  1.75734109e-07 
 5.18700000e-04  1.74601376e-07 
 5.18800000e-04  1.74272572e-07 
 5.18900000e-04  1.74066903e-07 
 5.19000000e-04  1.73986586e-07 
 5.19100000e-04  1.71281972e-07 
 5.19200000e-04  1.70529833e-07 
 5.19300000e-04  1.70313158e-07 
 5.19400000e-04  1.70129919e-07 
 5.19500000e-04  1.70054355e-07 
 5.19600000e-04  1.57649946e-07 
 5.19700000e-04  1.56968170e-07 
 5.19800000e-04  1.56707269e-07 
 5.19900000e-04 -0.00000000e+00 
 5.20000000e-04  1.56574782e-07 
