 time            -i(vdd)        
 2.60000000e-04 -1.26577370e-04 
 2.60100000e-04  1.83731734e-07 
 2.60200000e-04  1.75017229e-07 
 2.60300000e-04  1.72693684e-07 
 2.60400000e-04  1.70735704e-07 
 2.60500000e-04  1.70077383e-07 
 2.60600000e-04  1.76685583e-07 
 2.60700000e-04  1.75913622e-07 
 2.60800000e-04  1.75486164e-07 
 2.60900000e-04  1.75139092e-07 
 2.61000000e-04  1.74874148e-07 
 2.61100000e-04  1.56447294e-07 
 2.61200000e-04  1.54079834e-07 
 2.61300000e-04  1.53473734e-07 
 2.61400000e-04  1.52983909e-07 
 2.61500000e-04  1.52782595e-07 
 2.61600000e-04  1.38884792e-07 
 2.61700000e-04  1.37641464e-07 
 2.61800000e-04  1.37196022e-07 
 2.61900000e-04  1.36878771e-07 
 2.62000000e-04  1.36693775e-07 
 2.62100000e-04  1.61882309e-07 
 2.62200000e-04  1.60617901e-07 
 2.62300000e-04  1.60335478e-07 
 2.62400000e-04  1.60130295e-07 
 2.62500000e-04  1.60058481e-07 
 2.62600000e-04  1.48507859e-07 
 2.62700000e-04  1.47914381e-07 
 2.62800000e-04  1.47634068e-07 
 2.62900000e-04  1.47421529e-07 
 2.63000000e-04  1.47278214e-07 
 2.63100000e-04  1.99993831e-07 
 2.63200000e-04  1.94212020e-07 
 2.63300000e-04  1.92920727e-07 
 2.63400000e-04  1.91924700e-07 
 2.63500000e-04  1.91647871e-07 
 2.63600000e-04  1.78202288e-07 
 2.63700000e-04  1.77564363e-07 
 2.63800000e-04  1.77242571e-07 
 2.63900000e-04  1.76997820e-07 
 2.64000000e-04  1.76832554e-07 
 2.64100000e-04  1.72662992e-07 
 2.64200000e-04  1.68075125e-07 
 2.64300000e-04  1.67029149e-07 
 2.64400000e-04  1.66214019e-07 
 2.64500000e-04  1.65970155e-07 
 2.64600000e-04  1.53753999e-07 
 2.64700000e-04  1.53137663e-07 
 2.64800000e-04  1.52824545e-07 
 2.64900000e-04  1.52586388e-07 
 2.65000000e-04  1.52425567e-07 
 2.65100000e-04  1.66019834e-07 
 2.65200000e-04  1.65524146e-07 
 2.65300000e-04  1.65365069e-07 
 2.65400000e-04  1.65228422e-07 
 2.65500000e-04  1.65176505e-07 
 2.65600000e-04  1.51596659e-07 
 2.65700000e-04  1.51137083e-07 
 2.65800000e-04  1.50913006e-07 
 2.65900000e-04  1.50742652e-07 
 2.66000000e-04  1.50627717e-07 
 2.66100000e-04  1.66991357e-07 
 2.66200000e-04  1.66739143e-07 
 2.66300000e-04  1.66641285e-07 
 2.66400000e-04  1.66553379e-07 
 2.66500000e-04  1.66489958e-07 
 2.66600000e-04  1.55424435e-07 
 2.66700000e-04  1.55021967e-07 
 2.66800000e-04  1.54820495e-07 
 2.66900000e-04  1.54673303e-07 
 2.67000000e-04  1.54582107e-07 
 2.67100000e-04  1.66084000e-07 
 2.67200000e-04  1.65566426e-07 
 2.67300000e-04  1.65410016e-07 
 2.67400000e-04  1.65276270e-07 
 2.67500000e-04  1.65220083e-07 
 2.67600000e-04  1.51669832e-07 
 2.67700000e-04  1.51175843e-07 
 2.67800000e-04  1.50915228e-07 
 2.67900000e-04  1.50718354e-07 
 2.68000000e-04  1.50587237e-07 
 2.68100000e-04  1.66392330e-07 
 2.68200000e-04  1.66216132e-07 
 2.68300000e-04  1.66139597e-07 
 2.68400000e-04  1.66069891e-07 
 2.68500000e-04  1.66025513e-07 
 2.68600000e-04  1.53639544e-07 
 2.68700000e-04  1.53251588e-07 
 2.68800000e-04  1.53037914e-07 
 2.68900000e-04  1.52888167e-07 
 2.69000000e-04  1.52804365e-07 
 2.69100000e-04  1.66134600e-07 
 2.69200000e-04  1.65904964e-07 
 2.69300000e-04  1.65832726e-07 
 2.69400000e-04  1.65772347e-07 
 2.69500000e-04  1.65754494e-07 
 2.69600000e-04  1.52109063e-07 
 2.69700000e-04  1.51665528e-07 
 2.69800000e-04  1.51435371e-07 
 2.69900000e-04  1.51249057e-07 
 2.70000000e-04  1.51107971e-07 
 2.70100000e-04  1.68010251e-07 
 2.70200000e-04  1.67641374e-07 
 2.70300000e-04  1.67505638e-07 
 2.70400000e-04  1.67384408e-07 
 2.70500000e-04  1.67317653e-07 
 2.70600000e-04  1.57530761e-07 
 2.70700000e-04  1.57128864e-07 
 2.70800000e-04  1.56924600e-07 
 2.70900000e-04  1.56794084e-07 
 2.71000000e-04  1.56739647e-07 
 2.71100000e-04  1.66105208e-07 
 2.71200000e-04  1.65540223e-07 
 2.71300000e-04  1.65382024e-07 
 2.71400000e-04  1.65249664e-07 
 2.71500000e-04  1.65198673e-07 
 2.71600000e-04  1.51640137e-07 
 2.71700000e-04  1.51104862e-07 
 2.71800000e-04  1.50845314e-07 
 2.71900000e-04  1.50644999e-07 
 2.72000000e-04  1.50505786e-07 
 2.72100000e-04  1.66337037e-07 
 2.72200000e-04  1.66154000e-07 
 2.72300000e-04  1.66075916e-07 
 2.72400000e-04  1.66005818e-07 
 2.72500000e-04  1.65966270e-07 
 2.72600000e-04  1.53589190e-07 
 2.72700000e-04  1.53193307e-07 
 2.72800000e-04  1.52986466e-07 
 2.72900000e-04  1.52832631e-07 
 2.73000000e-04  1.52733472e-07 
 2.73100000e-04  1.66059591e-07 
 2.73200000e-04  1.65856168e-07 
 2.73300000e-04  1.65781343e-07 
 2.73400000e-04  1.65715402e-07 
 2.73500000e-04  1.65693549e-07 
 2.73600000e-04  1.52061500e-07 
 2.73700000e-04  1.51628767e-07 
 2.73800000e-04  1.51391554e-07 
 2.73900000e-04  1.51209933e-07 
 2.74000000e-04  1.51085660e-07 
 2.74100000e-04  1.67432065e-07 
 2.74200000e-04  1.67153933e-07 
 2.74300000e-04  1.67057464e-07 
 2.74400000e-04  1.66973213e-07 
 2.74500000e-04  1.66919279e-07 
 2.74600000e-04  1.55832031e-07 
 2.74700000e-04  1.55431705e-07 
 2.74800000e-04  1.55215725e-07 
 2.74900000e-04  1.55068861e-07 
 2.75000000e-04  1.54993291e-07 
 2.75100000e-04  1.66140041e-07 
 2.75200000e-04  1.65903202e-07 
 2.75300000e-04  1.65819329e-07 
 2.75400000e-04  1.65745341e-07 
 2.75500000e-04  1.65712696e-07 
 2.75600000e-04  1.52105841e-07 
 2.75700000e-04  1.51638173e-07 
 2.75800000e-04  1.51380100e-07 
 2.75900000e-04  1.51188511e-07 
 2.76000000e-04  1.51065500e-07 
 2.76100000e-04  1.66897783e-07 
 2.76200000e-04  1.66722515e-07 
 2.76300000e-04  1.66651000e-07 
 2.76400000e-04  1.66586721e-07 
 2.76500000e-04  1.66556630e-07 
 2.76600000e-04  1.54130330e-07 
 2.76700000e-04  1.53740885e-07 
 2.76800000e-04  1.53541467e-07 
 2.76900000e-04  1.53401579e-07 
 2.77000000e-04  1.53323095e-07 
 2.77100000e-04  1.66668235e-07 
 2.77200000e-04  1.66454582e-07 
 2.77300000e-04  1.66377505e-07 
 2.77400000e-04  1.66310309e-07 
 2.77500000e-04  1.66289853e-07 
 2.77600000e-04  1.52618108e-07 
 2.77700000e-04  1.52187640e-07 
 2.77800000e-04  1.51960496e-07 
 2.77900000e-04  1.51782071e-07 
 2.78000000e-04  1.51653897e-07 
 2.78100000e-04  1.69108364e-07 
 2.78200000e-04  1.68607104e-07 
 2.78300000e-04  1.68449278e-07 
 2.78400000e-04  1.68314409e-07 
 2.78500000e-04  1.68256271e-07 
 2.78600000e-04  1.59711619e-07 
 2.78700000e-04  1.59321508e-07 
 2.78800000e-04  1.59137838e-07 
 2.78900000e-04  1.59012826e-07 
 2.79000000e-04  1.58948316e-07 
 2.79100000e-04  1.66277931e-07 
 2.79200000e-04  1.65616564e-07 
 2.79300000e-04  1.65431332e-07 
 2.79400000e-04  1.65277066e-07 
 2.79500000e-04  1.65198310e-07 
 2.79600000e-04  1.51666055e-07 
 2.79700000e-04  1.51112148e-07 
 2.79800000e-04  1.50841391e-07 
 2.79900000e-04  1.50632898e-07 
 2.80000000e-04  1.50488628e-07 
 2.80100000e-04  1.66311523e-07 
 2.80200000e-04  1.66135614e-07 
 2.80300000e-04  1.66057439e-07 
 2.80400000e-04  1.65986358e-07 
 2.80500000e-04  1.65951743e-07 
 2.80600000e-04  1.53556949e-07 
 2.80700000e-04  1.53171255e-07 
 2.80800000e-04  1.52963148e-07 
 2.80900000e-04  1.52814681e-07 
 2.81000000e-04  1.52727731e-07 
 2.81100000e-04  1.66040717e-07 
 2.81200000e-04  1.65841084e-07 
 2.81300000e-04  1.65765950e-07 
 2.81400000e-04  1.65699040e-07 
 2.81500000e-04  1.65679386e-07 
 2.81600000e-04  1.52029196e-07 
 2.81700000e-04  1.51589915e-07 
 2.81800000e-04  1.51350139e-07 
 2.81900000e-04  1.51167768e-07 
 2.82000000e-04  1.51044606e-07 
 2.82100000e-04  1.67416284e-07 
 2.82200000e-04  1.67135625e-07 
 2.82300000e-04  1.67035473e-07 
 2.82400000e-04  1.66947669e-07 
 2.82500000e-04  1.66914283e-07 
 2.82600000e-04  1.55782188e-07 
 2.82700000e-04  1.55399836e-07 
 2.82800000e-04  1.55202543e-07 
 2.82900000e-04  1.55063062e-07 
 2.83000000e-04  1.54983207e-07 
 2.83100000e-04  1.66121943e-07 
 2.83200000e-04  1.65863486e-07 
 2.83300000e-04  1.65779348e-07 
 2.83400000e-04  1.65707418e-07 
 2.83500000e-04  1.65682504e-07 
 2.83600000e-04  1.52076868e-07 
 2.83700000e-04  1.51598332e-07 
 2.83800000e-04  1.51350865e-07 
 2.83900000e-04  1.51169110e-07 
 2.84000000e-04  1.51055126e-07 
 2.84100000e-04  1.66880965e-07 
 2.84200000e-04  1.66710819e-07 
 2.84300000e-04  1.66632837e-07 
 2.84400000e-04  1.66561085e-07 
 2.84500000e-04  1.66531995e-07 
 2.84600000e-04  1.54116549e-07 
 2.84700000e-04  1.53743180e-07 
 2.84800000e-04  1.53534204e-07 
 2.84900000e-04  1.53382475e-07 
 2.85000000e-04  1.53289784e-07 
 2.85100000e-04  1.66653908e-07 
 2.85200000e-04  1.66430785e-07 
 2.85300000e-04  1.66357436e-07 
 2.85400000e-04  1.66295148e-07 
 2.85500000e-04  1.66282084e-07 
 2.85600000e-04  1.52609724e-07 
 2.85700000e-04  1.52171455e-07 
 2.85800000e-04  1.51938386e-07 
 2.85900000e-04  1.51757543e-07 
 2.86000000e-04  1.51630557e-07 
 2.86100000e-04  1.68551782e-07 
 2.86200000e-04  1.68161889e-07 
 2.86300000e-04  1.68033612e-07 
 2.86400000e-04  1.67922715e-07 
 2.86500000e-04  1.67865158e-07 
 2.86600000e-04  1.58033960e-07 
 2.86700000e-04  1.57644238e-07 
 2.86800000e-04  1.57449756e-07 
 2.86900000e-04  1.57320497e-07 
 2.87000000e-04  1.57258503e-07 
 2.87100000e-04  1.66227071e-07 
 2.87200000e-04  1.65943375e-07 
 2.87300000e-04  1.65850902e-07 
 2.87400000e-04  1.65771180e-07 
 2.87500000e-04  1.65731712e-07 
 2.87600000e-04  1.52161809e-07 
 2.87700000e-04  1.51626124e-07 
 2.87800000e-04  1.51379747e-07 
 2.87900000e-04  1.51187279e-07 
 2.88000000e-04  1.51050406e-07 
 2.88100000e-04  1.66896953e-07 
 2.88200000e-04  1.66726927e-07 
 2.88300000e-04  1.66655608e-07 
 2.88400000e-04  1.66591270e-07 
 2.88500000e-04  1.66542713e-07 
 2.88600000e-04  1.54123566e-07 
 2.88700000e-04  1.53741438e-07 
 2.88800000e-04  1.53530705e-07 
 2.88900000e-04  1.53382935e-07 
 2.89000000e-04  1.53300100e-07 
 2.89100000e-04  1.66643660e-07 
 2.89200000e-04  1.66443759e-07 
 2.89300000e-04  1.66372338e-07 
 2.89400000e-04  1.66309754e-07 
 2.89500000e-04  1.66285253e-07 
 2.89600000e-04  1.52625507e-07 
 2.89700000e-04  1.52174897e-07 
 2.89800000e-04  1.51938470e-07 
 2.89900000e-04  1.51761288e-07 
 2.90000000e-04  1.51645201e-07 
 2.90100000e-04  1.68023695e-07 
 2.90200000e-04  1.67737998e-07 
 2.90300000e-04  1.67641509e-07 
 2.90400000e-04  1.67558100e-07 
 2.90500000e-04  1.67506271e-07 
 2.90600000e-04  1.56368255e-07 
 2.90700000e-04  1.55974860e-07 
 2.90800000e-04  1.55774063e-07 
 2.90900000e-04  1.55638349e-07 
 2.91000000e-04  1.55569756e-07 
 2.91100000e-04  1.66730213e-07 
 2.91200000e-04  1.66493974e-07 
 2.91300000e-04  1.66413236e-07 
 2.91400000e-04  1.66342441e-07 
 2.91500000e-04  1.66294648e-07 
 2.91600000e-04  1.52680154e-07 
 2.91700000e-04  1.52181479e-07 
 2.91800000e-04  1.51937906e-07 
 2.91900000e-04  1.51757823e-07 
 2.92000000e-04  1.51643215e-07 
 2.92100000e-04  1.67502277e-07 
 2.92200000e-04  1.67317226e-07 
 2.92300000e-04  1.67252945e-07 
 2.92400000e-04  1.67197447e-07 
 2.92500000e-04  1.67145981e-07 
 2.92600000e-04  1.54705674e-07 
 2.92700000e-04  1.54307912e-07 
 2.92800000e-04  1.54114218e-07 
 2.92900000e-04  1.53974868e-07 
 2.93000000e-04  1.53891557e-07 
 2.93100000e-04  1.67258390e-07 
 2.93200000e-04  1.67063430e-07 
 2.93300000e-04  1.66987157e-07 
 2.93400000e-04  1.66918795e-07 
 2.93500000e-04  1.66884643e-07 
 2.93600000e-04  1.53206138e-07 
 2.93700000e-04  1.52755981e-07 
 2.93800000e-04  1.52521865e-07 
 2.93900000e-04  1.52344436e-07 
 2.94000000e-04  1.52225461e-07 
 2.94100000e-04  1.70229067e-07 
 2.94200000e-04  1.69620580e-07 
 2.94300000e-04  1.69441363e-07 
 2.94400000e-04  1.69290469e-07 
 2.94500000e-04  1.69222938e-07 
 2.94600000e-04  1.61941884e-07 
 2.94700000e-04  1.61546593e-07 
 2.94800000e-04  1.61362520e-07 
 2.94900000e-04  1.61249542e-07 
 2.95000000e-04  1.61209881e-07 
 2.95100000e-04  1.66592665e-07 
 2.95200000e-04  1.65711381e-07 
 2.95300000e-04  1.65483991e-07 
 2.95400000e-04  1.65299921e-07 
 2.95500000e-04  1.65217700e-07 
 2.95600000e-04  1.51711184e-07 
 2.95700000e-04  1.51118934e-07 
 2.95800000e-04  1.50823050e-07 
 2.95900000e-04  1.50613035e-07 
 2.96000000e-04  1.50491582e-07 
 2.96100000e-04  1.66303291e-07 
 2.96200000e-04  1.66130423e-07 
 2.96300000e-04  1.66058821e-07 
 2.96400000e-04  1.65994351e-07 
 2.96500000e-04  1.65954957e-07 
 2.96600000e-04  1.53551050e-07 
 2.96700000e-04  1.53147001e-07 
 2.96800000e-04  1.52937923e-07 
 2.96900000e-04  1.52790549e-07 
 2.97000000e-04  1.52706804e-07 
 2.97100000e-04  1.66040177e-07 
 2.97200000e-04  1.65831321e-07 
 2.97300000e-04  1.65756598e-07 
 2.97400000e-04  1.65691177e-07 
 2.97500000e-04  1.65665809e-07 
 2.97600000e-04  1.52024454e-07 
 2.97700000e-04  1.51582115e-07 
 2.97800000e-04  1.51346095e-07 
 2.97900000e-04  1.51167948e-07 
 2.98000000e-04  1.51049473e-07 
 2.98100000e-04  1.67408571e-07 
 2.98200000e-04  1.67124883e-07 
 2.98300000e-04  1.67027506e-07 
 2.98400000e-04  1.66942996e-07 
 2.98500000e-04  1.66886253e-07 
 2.98600000e-04  1.55770424e-07 
 2.98700000e-04  1.55388245e-07 
 2.98800000e-04  1.55192833e-07 
 2.98900000e-04  1.55057558e-07 
 2.99000000e-04  1.54984292e-07 
 2.99100000e-04  1.66107889e-07 
 2.99200000e-04  1.65861427e-07 
 2.99300000e-04  1.65781872e-07 
 2.99400000e-04  1.65713594e-07 
 2.99500000e-04  1.65678814e-07 
 2.99600000e-04  1.52073382e-07 
 2.99700000e-04  1.51606533e-07 
 2.99800000e-04  1.51360605e-07 
 2.99900000e-04  1.51174423e-07 
 3.00000000e-04  1.51049845e-07 
 3.00100000e-04  1.66873597e-07 
 3.00200000e-04  1.66708606e-07 
 3.00300000e-04  1.66637022e-07 
 3.00400000e-04  1.66571638e-07 
 3.00500000e-04  1.66526094e-07 
 3.00600000e-04  1.54125056e-07 
 3.00700000e-04  1.53716733e-07 
 3.00800000e-04  1.53519812e-07 
 3.00900000e-04  1.53379256e-07 
 3.01000000e-04  1.53296813e-07 
 3.01100000e-04  1.66636012e-07 
 3.01200000e-04  1.66426924e-07 
 3.01300000e-04  1.66355435e-07 
 3.01400000e-04  1.66293553e-07 
 3.01500000e-04  1.66273625e-07 
 3.01600000e-04  1.52610506e-07 
 3.01700000e-04  1.52177669e-07 
 3.01800000e-04  1.51934249e-07 
 3.01900000e-04  1.51753540e-07 
 3.02000000e-04  1.51637495e-07 
 3.02100000e-04  1.68559862e-07 
 3.02200000e-04  1.68159875e-07 
 3.02300000e-04  1.68031371e-07 
 3.02400000e-04  1.67921774e-07 
 3.02500000e-04  1.67863294e-07 
 3.02600000e-04  1.58022386e-07 
 3.02700000e-04  1.57638954e-07 
 3.02800000e-04  1.57435440e-07 
 3.02900000e-04  1.57305190e-07 
 3.03000000e-04  1.57250492e-07 
 3.03100000e-04  1.66216913e-07 
 3.03200000e-04  1.65933307e-07 
 3.03300000e-04  1.65839072e-07 
 3.03400000e-04  1.65757255e-07 
 3.03500000e-04  1.65714872e-07 
 3.03600000e-04  1.52152870e-07 
 3.03700000e-04  1.51618265e-07 
 3.03800000e-04  1.51365050e-07 
 3.03900000e-04  1.51171184e-07 
 3.04000000e-04  1.51038508e-07 
 3.04100000e-04  1.66891286e-07 
 3.04200000e-04  1.66710247e-07 
 3.04300000e-04  1.66639931e-07 
 3.04400000e-04  1.66577470e-07 
 3.04500000e-04  1.66537303e-07 
 3.04600000e-04  1.54129782e-07 
 3.04700000e-04  1.53719842e-07 
 3.04800000e-04  1.53518523e-07 
 3.04900000e-04  1.53378970e-07 
 3.05000000e-04  1.53303100e-07 
 3.05100000e-04  1.66649520e-07 
 3.05200000e-04  1.66434293e-07 
 3.05300000e-04  1.66361568e-07 
 3.05400000e-04  1.66299263e-07 
 3.05500000e-04  1.66271407e-07 
 3.05600000e-04  1.52619246e-07 
 3.05700000e-04  1.52165512e-07 
 3.05800000e-04  1.51931534e-07 
 3.05900000e-04  1.51754474e-07 
 3.06000000e-04  1.51636092e-07 
 3.06100000e-04  1.68033437e-07 
 3.06200000e-04  1.67727726e-07 
 3.06300000e-04  1.67631346e-07 
 3.06400000e-04  1.67550122e-07 
 3.06500000e-04  1.67508354e-07 
 3.06600000e-04  1.56376804e-07 
 3.06700000e-04  1.55971124e-07 
 3.06800000e-04  1.55782727e-07 
 3.06900000e-04  1.55643100e-07 
 3.07000000e-04  1.55553746e-07 
 3.07100000e-04  1.66722527e-07 
 3.07200000e-04  1.66478118e-07 
 3.07300000e-04  1.66401215e-07 
 3.07400000e-04  1.66335353e-07 
 3.07500000e-04  1.66302281e-07 
 3.07600000e-04  1.52654749e-07 
 3.07700000e-04  1.52177254e-07 
 3.07800000e-04  1.51928578e-07 
 3.07900000e-04  1.51742406e-07 
 3.08000000e-04  1.51620679e-07 
 3.08100000e-04  1.67509364e-07 
 3.08200000e-04  1.67320525e-07 
 3.08300000e-04  1.67246396e-07 
 3.08400000e-04  1.67180937e-07 
 3.08500000e-04  1.67140425e-07 
 3.08600000e-04  1.54710219e-07 
 3.08700000e-04  1.54317931e-07 
 3.08800000e-04  1.54107855e-07 
 3.08900000e-04  1.53959854e-07 
 3.09000000e-04  1.53875853e-07 
 3.09100000e-04  1.67256253e-07 
 3.09200000e-04  1.67042177e-07 
 3.09300000e-04  1.66971430e-07 
 3.09400000e-04  1.66910632e-07 
 3.09500000e-04  1.66888534e-07 
 3.09600000e-04  1.53177478e-07 
 3.09700000e-04  1.52769581e-07 
 3.09800000e-04  1.52525606e-07 
 3.09900000e-04  1.52340153e-07 
 3.10000000e-04  1.52215037e-07 
 3.10100000e-04  1.69695050e-07 
 3.10200000e-04  1.69206095e-07 
 3.10300000e-04  1.69049334e-07 
 3.10400000e-04  1.68914524e-07 
 3.10500000e-04  1.68850836e-07 
 3.10600000e-04  1.60279875e-07 
 3.10700000e-04  1.59888508e-07 
 3.10800000e-04  1.59705801e-07 
 3.10900000e-04  1.59585245e-07 
 3.11000000e-04  1.59528764e-07 
 3.11100000e-04  1.66518445e-07 
 3.11200000e-04  1.66124613e-07 
 3.11300000e-04  1.65988660e-07 
 3.11400000e-04  1.65870719e-07 
 3.11500000e-04  1.65819530e-07 
 3.11600000e-04  1.52255334e-07 
 3.11700000e-04  1.51676836e-07 
 3.11800000e-04  1.51415624e-07 
 3.11900000e-04  1.51215768e-07 
 3.12000000e-04  1.51079169e-07 
 3.12100000e-04  1.66919041e-07 
 3.12200000e-04  1.66746297e-07 
 3.12300000e-04  1.66674044e-07 
 3.12400000e-04  1.66608948e-07 
 3.12500000e-04  1.66564968e-07 
 3.12600000e-04  1.54139949e-07 
 3.12700000e-04  1.53739123e-07 
 3.12800000e-04  1.53539430e-07 
 3.12900000e-04  1.53393460e-07 
 3.13000000e-04  1.53302867e-07 
 3.13100000e-04  1.66658237e-07 
 3.13200000e-04  1.66451722e-07 
 3.13300000e-04  1.66373657e-07 
 3.13400000e-04  1.66304511e-07 
 3.13500000e-04  1.66271976e-07 
 3.13600000e-04  1.52610658e-07 
 3.13700000e-04  1.52184507e-07 
 3.13800000e-04  1.51945385e-07 
 3.13900000e-04  1.51763074e-07 
 3.14000000e-04  1.51639329e-07 
 3.14100000e-04  1.68022204e-07 
 3.14200000e-04  1.67740686e-07 
 3.14300000e-04  1.67637874e-07 
 3.14400000e-04  1.67547140e-07 
 3.14500000e-04  1.67505518e-07 
 3.14600000e-04  1.56385096e-07 
 3.14700000e-04  1.55976201e-07 
 3.14800000e-04  1.55774588e-07 
 3.14900000e-04  1.55637478e-07 
 3.15000000e-04  1.55566868e-07 
 3.15100000e-04  1.66727810e-07 
 3.15200000e-04  1.66480490e-07 
 3.15300000e-04  1.66395291e-07 
 3.15400000e-04  1.66320908e-07 
 3.15500000e-04  1.66288795e-07 
 3.15600000e-04  1.52674455e-07 
 3.15700000e-04  1.52190101e-07 
 3.15800000e-04  1.51932267e-07 
 3.15900000e-04  1.51746167e-07 
 3.16000000e-04  1.51634024e-07 
 3.16100000e-04  1.67500145e-07 
 3.16200000e-04  1.67329806e-07 
 3.16300000e-04  1.67252587e-07 
 3.16400000e-04  1.67181950e-07 
 3.16500000e-04  1.67129293e-07 
 3.16600000e-04  1.54698500e-07 
 3.16700000e-04  1.54313622e-07 
 3.16800000e-04  1.54113559e-07 
 3.16900000e-04  1.53971039e-07 
 3.17000000e-04  1.53887834e-07 
 3.17100000e-04  1.67268151e-07 
 3.17200000e-04  1.67043741e-07 
 3.17300000e-04  1.66973838e-07 
 3.17400000e-04  1.66915297e-07 
 3.17500000e-04  1.66881404e-07 
 3.17600000e-04  1.53194607e-07 
 3.17700000e-04  1.52770380e-07 
 3.17800000e-04  1.52527179e-07 
 3.17900000e-04  1.52347477e-07 
 3.18000000e-04  1.52233234e-07 
 3.18100000e-04  1.69174163e-07 
 3.18200000e-04  1.68782084e-07 
 3.18300000e-04  1.68653046e-07 
 3.18400000e-04  1.68541696e-07 
 3.18500000e-04  1.68472228e-07 
 3.18600000e-04  1.58620212e-07 
 3.18700000e-04  1.58228694e-07 
 3.18800000e-04  1.58036486e-07 
 3.18900000e-04  1.57905713e-07 
 3.19000000e-04  1.57838267e-07 
 3.19100000e-04  1.66854917e-07 
 3.19200000e-04  1.66569701e-07 
 3.19300000e-04  1.66474491e-07 
 3.19400000e-04  1.66391730e-07 
 3.19500000e-04  1.66347623e-07 
 3.19600000e-04  1.52726370e-07 
 3.19700000e-04  1.52209372e-07 
 3.19800000e-04  1.51967092e-07 
 3.19900000e-04  1.51780835e-07 
 3.20000000e-04  1.51652323e-07 
 3.20100000e-04  1.67509349e-07 
 3.20200000e-04  1.67343602e-07 
 3.20300000e-04  1.67263889e-07 
 3.20400000e-04  1.67189792e-07 
 3.20500000e-04  1.67158006e-07 
 3.20600000e-04  1.54713536e-07 
 3.20700000e-04  1.54316148e-07 
 3.20800000e-04  1.54122644e-07 
 3.20900000e-04  1.53982157e-07 
 3.21000000e-04  1.53896313e-07 
 3.21100000e-04  1.67281461e-07 
 3.21200000e-04  1.67064335e-07 
 3.21300000e-04  1.66986539e-07 
 3.21400000e-04  1.66918800e-07 
 3.21500000e-04  1.66889810e-07 
 3.21600000e-04  1.53204323e-07 
 3.21700000e-04  1.52777214e-07 
 3.21800000e-04  1.52536539e-07 
 3.21900000e-04  1.52350617e-07 
 3.22000000e-04  1.52221128e-07 
 3.22100000e-04  1.68640008e-07 
 3.22200000e-04  1.68355347e-07 
 3.22300000e-04  1.68259233e-07 
 3.22400000e-04  1.68176144e-07 
 3.22500000e-04  1.68118059e-07 
 3.22600000e-04  1.56954941e-07 
 3.22700000e-04  1.56560837e-07 
 3.22800000e-04  1.56370158e-07 
 3.22900000e-04  1.56239697e-07 
 3.23000000e-04  1.56171305e-07 
 3.23100000e-04  1.67345404e-07 
 3.23200000e-04  1.67111875e-07 
 3.23300000e-04  1.67018947e-07 
 3.23400000e-04  1.66934748e-07 
 3.23500000e-04  1.66919562e-07 
 3.23600000e-04  1.53238505e-07 
 3.23700000e-04  1.52780057e-07 
 3.23800000e-04  1.52529507e-07 
 3.23900000e-04  1.52347127e-07 
 3.24000000e-04  1.52235019e-07 
 3.24100000e-04  1.68109183e-07 
 3.24200000e-04  1.67932637e-07 
 3.24300000e-04  1.67867241e-07 
 3.24400000e-04  1.67809578e-07 
 3.24500000e-04  1.67765840e-07 
 3.24600000e-04  1.55294794e-07 
 3.24700000e-04  1.54897600e-07 
 3.24800000e-04  1.54703227e-07 
 3.24900000e-04  1.54562632e-07 
 3.25000000e-04  1.54477462e-07 
 3.25100000e-04  1.67880689e-07 
 3.25200000e-04  1.67670971e-07 
 3.25300000e-04  1.67596355e-07 
 3.25400000e-04  1.67530969e-07 
 3.25500000e-04  1.67501997e-07 
 3.25600000e-04  1.53787696e-07 
 3.25700000e-04  1.53361349e-07 
 3.25800000e-04  1.53114528e-07 
 3.25900000e-04  1.52935079e-07 
 3.26000000e-04  1.52825077e-07 
 3.26100000e-04  1.71380039e-07 
 3.26200000e-04  1.70668548e-07 
 3.26300000e-04  1.70456469e-07 
 3.26400000e-04  1.70276884e-07 
 3.26500000e-04  1.70189821e-07 
 3.26600000e-04  1.64181829e-07 
 3.26700000e-04  1.63797945e-07 
 3.26800000e-04  1.63623922e-07 
 3.26900000e-04  1.63514912e-07 
 3.27000000e-04  1.63472915e-07 
 3.27100000e-04  1.66673916e-07 
 3.27200000e-04  1.65731999e-07 
 3.27300000e-04  1.65487403e-07 
 3.27400000e-04  1.65287450e-07 
 3.27500000e-04  1.65212337e-07 
 3.27600000e-04  1.51751989e-07 
 3.27700000e-04  1.51103173e-07 
 3.27800000e-04  1.50814137e-07 
 3.27900000e-04  1.50606058e-07 
 3.28000000e-04  1.50481442e-07 
 3.28100000e-04  1.66311981e-07 
 3.28200000e-04  1.66132791e-07 
 3.28300000e-04  1.66060656e-07 
 3.28400000e-04  1.65996523e-07 
 3.28500000e-04  1.65953860e-07 
 3.28600000e-04  1.53541420e-07 
 3.28700000e-04  1.53137616e-07 
 3.28800000e-04  1.52935105e-07 
 3.28900000e-04  1.52791851e-07 
 3.29000000e-04  1.52709671e-07 
 3.29100000e-04  1.66040883e-07 
 3.29200000e-04  1.65824975e-07 
 3.29300000e-04  1.65755011e-07 
 3.29400000e-04  1.65695803e-07 
 3.29500000e-04  1.65667215e-07 
 3.29600000e-04  1.52020380e-07 
 3.29700000e-04  1.51596717e-07 
 3.29800000e-04  1.51354170e-07 
 3.29900000e-04  1.51167101e-07 
 3.30000000e-04  1.51037204e-07 
 3.30100000e-04  1.67405369e-07 
 3.30200000e-04  1.67127693e-07 
 3.30300000e-04  1.67019824e-07 
 3.30400000e-04  1.66923490e-07 
 3.30500000e-04  1.66883871e-07 
 3.30600000e-04  1.55796799e-07 
 3.30700000e-04  1.55379111e-07 
 3.30800000e-04  1.55175983e-07 
 3.30900000e-04  1.55041448e-07 
 3.31000000e-04  1.54977618e-07 
 3.31100000e-04  1.66109226e-07 
 3.31200000e-04  1.65873147e-07 
 3.31300000e-04  1.65790559e-07 
 3.31400000e-04  1.65717992e-07 
 3.31500000e-04  1.65673394e-07 
 3.31600000e-04  1.52067497e-07 
 3.31700000e-04  1.51593889e-07 
 3.31800000e-04  1.51346380e-07 
 3.31900000e-04  1.51162369e-07 
 3.32000000e-04  1.51043805e-07 
 3.32100000e-04  1.66879587e-07 
 3.32200000e-04  1.66692526e-07 
 3.32300000e-04  1.66623097e-07 
 3.32400000e-04  1.66562495e-07 
 3.32500000e-04  1.66525142e-07 
 3.32600000e-04  1.54123532e-07 
 3.32700000e-04  1.53727770e-07 
 3.32800000e-04  1.53515362e-07 
 3.32900000e-04  1.53363163e-07 
 3.33000000e-04  1.53273014e-07 
 3.33100000e-04  1.66644281e-07 
 3.33200000e-04  1.66423776e-07 
 3.33300000e-04  1.66354095e-07 
 3.33400000e-04  1.66295841e-07 
 3.33500000e-04  1.66264210e-07 
 3.33600000e-04  1.52592234e-07 
 3.33700000e-04  1.52165688e-07 
 3.33800000e-04  1.51918510e-07 
 3.33900000e-04  1.51735031e-07 
 3.34000000e-04  1.51617204e-07 
 3.34100000e-04  1.68544940e-07 
 3.34200000e-04  1.68168152e-07 
 3.34300000e-04  1.68036482e-07 
 3.34400000e-04  1.67920775e-07 
 3.34500000e-04  1.67857703e-07 
 3.34600000e-04  1.58025482e-07 
 3.34700000e-04  1.57646866e-07 
 3.34800000e-04  1.57441890e-07 
 3.34900000e-04  1.57303434e-07 
 3.35000000e-04  1.57233538e-07 
 3.35100000e-04  1.66227859e-07 
 3.35200000e-04  1.65935578e-07 
 3.35300000e-04  1.65844220e-07 
 3.35400000e-04  1.65766411e-07 
 3.35500000e-04  1.65721857e-07 
 3.35600000e-04  1.52146318e-07 
 3.35700000e-04  1.51631762e-07 
 3.35800000e-04  1.51369216e-07 
 3.35900000e-04  1.51177164e-07 
 3.36000000e-04  1.51057769e-07 
 3.36100000e-04  1.66896406e-07 
 3.36200000e-04  1.66720348e-07 
 3.36300000e-04  1.66639767e-07 
 3.36400000e-04  1.66566249e-07 
 3.36500000e-04  1.66532638e-07 
 3.36600000e-04  1.54124057e-07 
 3.36700000e-04  1.53734632e-07 
 3.36800000e-04  1.53529433e-07 
 3.36900000e-04  1.53379090e-07 
 3.37000000e-04  1.53285269e-07 
 3.37100000e-04  1.66639782e-07 
 3.37200000e-04  1.66430514e-07 
 3.37300000e-04  1.66362126e-07 
 3.37400000e-04  1.66303598e-07 
 3.37500000e-04  1.66281848e-07 
 3.37600000e-04  1.52604563e-07 
 3.37700000e-04  1.52167640e-07 
 3.37800000e-04  1.51933312e-07 
 3.37900000e-04  1.51751171e-07 
 3.38000000e-04  1.51622803e-07 
 3.38100000e-04  1.68019954e-07 
 3.38200000e-04  1.67722672e-07 
 3.38300000e-04  1.67624979e-07 
 3.38400000e-04  1.67541733e-07 
 3.38500000e-04  1.67494634e-07 
 3.38600000e-04  1.56371919e-07 
 3.38700000e-04  1.55983318e-07 
 3.38800000e-04  1.55777423e-07 
 3.38900000e-04  1.55638154e-07 
 3.39000000e-04  1.55567554e-07 
 3.39100000e-04  1.66716510e-07 
 3.39200000e-04  1.66473731e-07 
 3.39300000e-04  1.66396652e-07 
 3.39400000e-04  1.66330673e-07 
 3.39500000e-04  1.66279861e-07 
 3.39600000e-04  1.52660041e-07 
 3.39700000e-04  1.52177593e-07 
 3.39800000e-04  1.51936144e-07 
 3.39900000e-04  1.51753999e-07 
 3.40000000e-04  1.51632966e-07 
 3.40100000e-04  1.67499224e-07 
 3.40200000e-04  1.67334524e-07 
 3.40300000e-04  1.67255580e-07 
 3.40400000e-04  1.67182237e-07 
 3.40500000e-04  1.67146377e-07 
 3.40600000e-04  1.54685788e-07 
 3.40700000e-04  1.54305020e-07 
 3.40800000e-04  1.54112227e-07 
 3.40900000e-04  1.53971204e-07 
 3.41000000e-04  1.53883516e-07 
 3.41100000e-04  1.67258259e-07 
 3.41200000e-04  1.67043670e-07 
 3.41300000e-04  1.66971871e-07 
 3.41400000e-04  1.66910362e-07 
 3.41500000e-04  1.66879565e-07 
 3.41600000e-04  1.53201046e-07 
 3.41700000e-04  1.52765064e-07 
 3.41800000e-04  1.52524776e-07 
 3.41900000e-04  1.52346085e-07 
 3.42000000e-04  1.52230866e-07 
 3.42100000e-04  1.69707075e-07 
 3.42200000e-04  1.69207461e-07 
 3.42300000e-04  1.69046422e-07 
 3.42400000e-04  1.68907929e-07 
 3.42500000e-04  1.68846405e-07 
 3.42600000e-04  1.60265515e-07 
 3.42700000e-04  1.59887878e-07 
 3.42800000e-04  1.59684889e-07 
 3.42900000e-04  1.59563191e-07 
 3.43000000e-04  1.59525282e-07 
 3.43100000e-04  1.66519312e-07 
 3.43200000e-04  1.66137547e-07 
 3.43300000e-04  1.65991744e-07 
 3.43400000e-04  1.65862053e-07 
 3.43500000e-04  1.65796553e-07 
 3.43600000e-04  1.52254475e-07 
 3.43700000e-04  1.51672795e-07 
 3.43800000e-04  1.51412612e-07 
 3.43900000e-04  1.51216837e-07 
 3.44000000e-04  1.51087434e-07 
 3.44100000e-04  1.66916720e-07 
 3.44200000e-04  1.66740874e-07 
 3.44300000e-04  1.66668308e-07 
 3.44400000e-04  1.66603173e-07 
 3.44500000e-04  1.66555110e-07 
 3.44600000e-04  1.54134492e-07 
 3.44700000e-04  1.53725949e-07 
 3.44800000e-04  1.53533779e-07 
 3.44900000e-04  1.53394270e-07 
 3.45000000e-04  1.53309012e-07 
 3.45100000e-04  1.66649743e-07 
 3.45200000e-04  1.66446109e-07 
 3.45300000e-04  1.66376989e-07 
 3.45400000e-04  1.66317247e-07 
 3.45500000e-04  1.66275723e-07 
 3.45600000e-04  1.52621489e-07 
 3.45700000e-04  1.52179062e-07 
 3.45800000e-04  1.51943513e-07 
 3.45900000e-04  1.51762277e-07 
 3.46000000e-04  1.51636998e-07 
 3.46100000e-04  1.68030241e-07 
 3.46200000e-04  1.67736520e-07 
 3.46300000e-04  1.67635553e-07 
 3.46400000e-04  1.67548420e-07 
 3.46500000e-04  1.67490272e-07 
 3.46600000e-04  1.56368334e-07 
 3.46700000e-04  1.55983366e-07 
 3.46800000e-04  1.55776551e-07 
 3.46900000e-04  1.55635811e-07 
 3.47000000e-04  1.55563162e-07 
 3.47100000e-04  1.66719777e-07 
 3.47200000e-04  1.66472015e-07 
 3.47300000e-04  1.66398117e-07 
 3.47400000e-04  1.66336085e-07 
 3.47500000e-04  1.66280765e-07 
 3.47600000e-04  1.52654232e-07 
 3.47700000e-04  1.52188894e-07 
 3.47800000e-04  1.51933057e-07 
 3.47900000e-04  1.51747437e-07 
 3.48000000e-04  1.51634179e-07 
 3.48100000e-04  1.67488082e-07 
 3.48200000e-04  1.67326541e-07 
 3.48300000e-04  1.67245985e-07 
 3.48400000e-04  1.67170683e-07 
 3.48500000e-04  1.67127174e-07 
 3.48600000e-04  1.54705481e-07 
 3.48700000e-04  1.54318089e-07 
 3.48800000e-04  1.54104421e-07 
 3.48900000e-04  1.53958401e-07 
 3.49000000e-04  1.53882088e-07 
 3.49100000e-04  1.67259343e-07 
 3.49200000e-04  1.67037979e-07 
 3.49300000e-04  1.66967487e-07 
 3.49400000e-04  1.66907830e-07 
 3.49500000e-04  1.66883774e-07 
 3.49600000e-04  1.53180807e-07 
 3.49700000e-04  1.52765767e-07 
 3.49800000e-04  1.52526096e-07 
 3.49900000e-04  1.52345416e-07 
 3.50000000e-04  1.52225512e-07 
 3.50100000e-04  1.69162623e-07 
 3.50200000e-04  1.68768014e-07 
 3.50300000e-04  1.68642553e-07 
 3.50400000e-04  1.68535327e-07 
 3.50500000e-04  1.68467813e-07 
 3.50600000e-04  1.58605652e-07 
 3.50700000e-04  1.58212847e-07 
 3.50800000e-04  1.58034924e-07 
 3.50900000e-04  1.57907822e-07 
 3.51000000e-04  1.57833069e-07 
 3.51100000e-04  1.66844632e-07 
 3.51200000e-04  1.66558257e-07 
 3.51300000e-04  1.66458580e-07 
 3.51400000e-04  1.66371020e-07 
 3.51500000e-04  1.66339717e-07 
 3.51600000e-04  1.52728187e-07 
 3.51700000e-04  1.52213185e-07 
 3.51800000e-04  1.51961741e-07 
 3.51900000e-04  1.51772413e-07 
 3.52000000e-04  1.51647088e-07 
 3.52100000e-04  1.67512905e-07 
 3.52200000e-04  1.67335018e-07 
 3.52300000e-04  1.67253160e-07 
 3.52400000e-04  1.67178104e-07 
 3.52500000e-04  1.67145702e-07 
 3.52600000e-04  1.54698237e-07 
 3.52700000e-04  1.54305878e-07 
 3.52800000e-04  1.54112116e-07 
 3.52900000e-04  1.53974266e-07 
 3.53000000e-04  1.53894016e-07 
 3.53100000e-04  1.67259985e-07 
 3.53200000e-04  1.67056358e-07 
 3.53300000e-04  1.66988278e-07 
 3.53400000e-04  1.66929719e-07 
 3.53500000e-04  1.66890834e-07 
 3.53600000e-04  1.53176173e-07 
 3.53700000e-04  1.52767705e-07 
 3.53800000e-04  1.52520259e-07 
 3.53900000e-04  1.52341240e-07 
 3.54000000e-04  1.52232730e-07 
 3.54100000e-04  1.68653015e-07 
 3.54200000e-04  1.68349205e-07 
 3.54300000e-04  1.68248396e-07 
 3.54400000e-04  1.68162243e-07 
 3.54500000e-04  1.68123434e-07 
 3.54600000e-04  1.56946446e-07 
 3.54700000e-04  1.56565329e-07 
 3.54800000e-04  1.56363881e-07 
 3.54900000e-04  1.56229022e-07 
 3.55000000e-04  1.56162775e-07 
 3.55100000e-04  1.67353713e-07 
 3.55200000e-04  1.67103116e-07 
 3.55300000e-04  1.67020128e-07 
 3.55400000e-04  1.66948701e-07 
 3.55500000e-04  1.66911938e-07 
 3.55600000e-04  1.53249947e-07 
 3.55700000e-04  1.52776836e-07 
 3.55800000e-04  1.52533656e-07 
 3.55900000e-04  1.52348480e-07 
 3.56000000e-04  1.52223057e-07 
 3.56100000e-04  1.68126266e-07 
 3.56200000e-04  1.67950622e-07 
 3.56300000e-04  1.67871212e-07 
 3.56400000e-04  1.67798765e-07 
 3.56500000e-04  1.67749636e-07 
 3.56600000e-04  1.55283306e-07 
 3.56700000e-04  1.54889543e-07 
 3.56800000e-04  1.54701218e-07 
 3.56900000e-04  1.54561733e-07 
 3.57000000e-04  1.54472547e-07 
 3.57100000e-04  1.67887036e-07 
 3.57200000e-04  1.67652363e-07 
 3.57300000e-04  1.67588246e-07 
 3.57400000e-04  1.67536848e-07 
 3.57500000e-04  1.67502500e-07 
 3.57600000e-04  1.53772555e-07 
 3.57700000e-04  1.53352716e-07 
 3.57800000e-04  1.53118240e-07 
 3.57900000e-04  1.52940305e-07 
 3.58000000e-04  1.52820613e-07 
 3.58100000e-04  1.70854964e-07 
 3.58200000e-04  1.70243700e-07 
 3.58300000e-04  1.70053324e-07 
 3.58400000e-04  1.69890887e-07 
 3.58500000e-04  1.69818410e-07 
 3.58600000e-04  1.62516472e-07 
 3.58700000e-04  1.62146368e-07 
 3.58800000e-04  1.61953742e-07 
 3.58900000e-04  1.61835366e-07 
 3.59000000e-04  1.61793505e-07 
 3.59100000e-04  1.67150100e-07 
 3.59200000e-04  1.66360768e-07 
 3.59300000e-04  1.66126567e-07 
 3.59400000e-04  1.65929972e-07 
 3.59500000e-04  1.65839428e-07 
 3.59600000e-04  1.52322809e-07 
 3.59700000e-04  1.51723793e-07 
 3.59800000e-04  1.51441555e-07 
 3.59900000e-04  1.51223961e-07 
 3.60000000e-04  1.51072967e-07 
 3.60100000e-04  1.66948063e-07 
 3.60200000e-04  1.66758668e-07 
 3.60300000e-04  1.66684648e-07 
 3.60400000e-04  1.66619202e-07 
 3.60500000e-04  1.66561549e-07 
 3.60600000e-04  1.54122506e-07 
 3.60700000e-04  1.53741262e-07 
 3.60800000e-04  1.53540955e-07 
 3.60900000e-04  1.53396849e-07 
 3.61000000e-04  1.53310630e-07 
 3.61100000e-04  1.66660643e-07 
 3.61200000e-04  1.66460382e-07 
 3.61300000e-04  1.66383453e-07 
 3.61400000e-04  1.66314579e-07 
 3.61500000e-04  1.66291520e-07 
 3.61600000e-04  1.52613175e-07 
 3.61700000e-04  1.52174410e-07 
 3.61800000e-04  1.51933122e-07 
 3.61900000e-04  1.51751323e-07 
 3.62000000e-04  1.51630799e-07 
 3.62100000e-04  1.68038292e-07 
 3.62200000e-04  1.67739783e-07 
 3.62300000e-04  1.67638016e-07 
 3.62400000e-04  1.67550323e-07 
 3.62500000e-04  1.67513904e-07 
 3.62600000e-04  1.56376934e-07 
 3.62700000e-04  1.55981672e-07 
 3.62800000e-04  1.55775437e-07 
 3.62900000e-04  1.55636098e-07 
 3.63000000e-04  1.55565681e-07 
 3.63100000e-04  1.66732011e-07 
 3.63200000e-04  1.66483574e-07 
 3.63300000e-04  1.66401034e-07 
 3.63400000e-04  1.66329445e-07 
 3.63500000e-04  1.66305346e-07 
 3.63600000e-04  1.52663604e-07 
 3.63700000e-04  1.52176452e-07 
 3.63800000e-04  1.51933932e-07 
 3.63900000e-04  1.51754112e-07 
 3.64000000e-04  1.51638881e-07 
 3.64100000e-04  1.67492950e-07 
 3.64200000e-04  1.67331568e-07 
 3.64300000e-04  1.67257053e-07 
 3.64400000e-04  1.67187934e-07 
 3.64500000e-04  1.67132466e-07 
 3.64600000e-04  1.54708045e-07 
 3.64700000e-04  1.54320477e-07 
 3.64800000e-04  1.54109778e-07 
 3.64900000e-04  1.53960867e-07 
 3.65000000e-04  1.53875606e-07 
 3.65100000e-04  1.67257872e-07 
 3.65200000e-04  1.67057946e-07 
 3.65300000e-04  1.66979518e-07 
 3.65400000e-04  1.66909222e-07 
 3.65500000e-04  1.66888044e-07 
 3.65600000e-04  1.53183824e-07 
 3.65700000e-04  1.52766798e-07 
 3.65800000e-04  1.52515748e-07 
 3.65900000e-04  1.52327653e-07 
 3.66000000e-04  1.52204409e-07 
 3.66100000e-04  1.69162032e-07 
 3.66200000e-04  1.68783148e-07 
 3.66300000e-04  1.68650387e-07 
 3.66400000e-04  1.68533349e-07 
 3.66500000e-04  1.68482711e-07 
 3.66600000e-04  1.58622967e-07 
 3.66700000e-04  1.58225115e-07 
 3.66800000e-04  1.58032151e-07 
 3.66900000e-04  1.57899770e-07 
 3.67000000e-04  1.57829794e-07 
 3.67100000e-04  1.66852745e-07 
 3.67200000e-04  1.66555352e-07 
 3.67300000e-04  1.66464255e-07 
 3.67400000e-04  1.66387446e-07 
 3.67500000e-04  1.66335228e-07 
 3.67600000e-04  1.52719973e-07 
 3.67700000e-04  1.52208759e-07 
 3.67800000e-04  1.51964705e-07 
 3.67900000e-04  1.51778831e-07 
 3.68000000e-04  1.51652882e-07 
 3.68100000e-04  1.67515175e-07 
 3.68200000e-04  1.67346100e-07 
 3.68300000e-04  1.67268194e-07 
 3.68400000e-04  1.67196582e-07 
 3.68500000e-04  1.67149459e-07 
 3.68600000e-04  1.54702577e-07 
 3.68700000e-04  1.54326492e-07 
 3.68800000e-04  1.54110354e-07 
 3.68900000e-04  1.53962624e-07 
 3.69000000e-04  1.53885368e-07 
 3.69100000e-04  1.67258667e-07 
 3.69200000e-04  1.67044962e-07 
 3.69300000e-04  1.66975965e-07 
 3.69400000e-04  1.66917401e-07 
 3.69500000e-04  1.66885138e-07 
 3.69600000e-04  1.53207230e-07 
 3.69700000e-04  1.52754994e-07 
 3.69800000e-04  1.52515413e-07 
 3.69900000e-04  1.52341654e-07 
 3.70000000e-04  1.52235701e-07 
 3.70100000e-04  1.68640863e-07 
 3.70200000e-04  1.68348732e-07 
 3.70300000e-04  1.68245852e-07 
 3.70400000e-04  1.68155938e-07 
 3.70500000e-04  1.68114506e-07 
 3.70600000e-04  1.56951746e-07 
 3.70700000e-04  1.56557708e-07 
 3.70800000e-04  1.56360716e-07 
 3.70900000e-04  1.56231065e-07 
 3.71000000e-04  1.56170783e-07 
 3.71100000e-04  1.67351743e-07 
 3.71200000e-04  1.67096139e-07 
 3.71300000e-04  1.67015305e-07 
 3.71400000e-04  1.66946595e-07 
 3.71500000e-04  1.66905302e-07 
 3.71600000e-04  1.53234392e-07 
 3.71700000e-04  1.52774531e-07 
 3.71800000e-04  1.52536908e-07 
 3.71900000e-04  1.52355903e-07 
 3.72000000e-04  1.52233209e-07 
 3.72100000e-04  1.68122455e-07 
 3.72200000e-04  1.67933817e-07 
 3.72300000e-04  1.67864211e-07 
 3.72400000e-04  1.67803837e-07 
 3.72500000e-04  1.67760804e-07 
 3.72600000e-04  1.55294936e-07 
 3.72700000e-04  1.54909881e-07 
 3.72800000e-04  1.54708106e-07 
 3.72900000e-04  1.54567509e-07 
 3.73000000e-04  1.54489923e-07 
 3.73100000e-04  1.67882585e-07 
 3.73200000e-04  1.67659898e-07 
 3.73300000e-04  1.67587514e-07 
 3.73400000e-04  1.67525930e-07 
 3.73500000e-04  1.67502286e-07 
 3.73600000e-04  1.53776846e-07 
 3.73700000e-04  1.53340389e-07 
 3.73800000e-04  1.53109648e-07 
 3.73900000e-04  1.52931539e-07 
 3.74000000e-04  1.52807626e-07 
 3.74100000e-04  1.70332025e-07 
 3.74200000e-04  1.69831003e-07 
 3.74300000e-04  1.69662666e-07 
 3.74400000e-04  1.69516581e-07 
 3.74500000e-04  1.69460969e-07 
 3.74600000e-04  1.60871656e-07 
 3.74700000e-04  1.60473354e-07 
 3.74800000e-04  1.60281913e-07 
 3.74900000e-04  1.60165719e-07 
 3.75000000e-04  1.60127049e-07 
 3.75100000e-04  1.67141095e-07 
 3.75200000e-04  1.66753856e-07 
 3.75300000e-04  1.66606216e-07 
 3.75400000e-04  1.66474415e-07 
 3.75500000e-04  1.66421685e-07 
 3.75600000e-04  1.52849062e-07 
 3.75700000e-04  1.52281805e-07 
 3.75800000e-04  1.52004183e-07 
 3.75900000e-04  1.51799370e-07 
 3.76000000e-04  1.51669569e-07 
 3.76100000e-04  1.67542130e-07 
 3.76200000e-04  1.67375348e-07 
 3.76300000e-04  1.67290919e-07 
 3.76400000e-04  1.67211386e-07 
 3.76500000e-04  1.67183415e-07 
 3.76600000e-04  1.54727305e-07 
 3.76700000e-04  1.54335427e-07 
 3.76800000e-04  1.54128425e-07 
 3.76900000e-04  1.53985878e-07 
 3.77000000e-04  1.53909719e-07 
 3.77100000e-04  1.67281407e-07 
 3.77200000e-04  1.67076371e-07 
 3.77300000e-04  1.66996071e-07 
 3.77400000e-04  1.66923999e-07 
 3.77500000e-04  1.66901741e-07 
 3.77600000e-04  1.53188739e-07 
 3.77700000e-04  1.52777421e-07 
 3.77800000e-04  1.52532154e-07 
 3.77900000e-04  1.52347293e-07 
 3.78000000e-04  1.52224644e-07 
 3.78100000e-04  1.68653927e-07 
 3.78200000e-04  1.68361188e-07 
 3.78300000e-04  1.68263441e-07 
 3.78400000e-04  1.68179338e-07 
 3.78500000e-04  1.68136041e-07 
 3.78600000e-04  1.56955900e-07 
 3.78700000e-04  1.56565760e-07 
 3.78800000e-04  1.56371466e-07 
 3.78900000e-04  1.56234445e-07 
 3.79000000e-04  1.56156407e-07 
 3.79100000e-04  1.67369537e-07 
 3.79200000e-04  1.67098152e-07 
 3.79300000e-04  1.67009568e-07 
 3.79400000e-04  1.66933795e-07 
 3.79500000e-04  1.66926191e-07 
 3.79600000e-04  1.53231484e-07 
 3.79700000e-04  1.52767968e-07 
 3.79800000e-04  1.52525692e-07 
 3.79900000e-04  1.52342818e-07 
 3.80000000e-04  1.52221112e-07 
 3.80100000e-04  1.68134335e-07 
 3.80200000e-04  1.67936934e-07 
 3.80300000e-04  1.67858470e-07 
 3.80400000e-04  1.67789173e-07 
 3.80500000e-04  1.67767101e-07 
 3.80600000e-04  1.55295853e-07 
 3.80700000e-04  1.54913654e-07 
 3.80800000e-04  1.54712171e-07 
 3.80900000e-04  1.54565019e-07 
 3.81000000e-04  1.54473812e-07 
 3.81100000e-04  1.67878303e-07 
 3.81200000e-04  1.67664564e-07 
 3.81300000e-04  1.67589503e-07 
 3.81400000e-04  1.67524035e-07 
 3.81500000e-04  1.67496654e-07 
 3.81600000e-04  1.53768566e-07 
 3.81700000e-04  1.53343611e-07 
 3.81800000e-04  1.53116064e-07 
 3.81900000e-04  1.52942070e-07 
 3.82000000e-04  1.52823212e-07 
 3.82100000e-04  1.69789990e-07 
 3.82200000e-04  1.69396733e-07 
 3.82300000e-04  1.69261821e-07 
 3.82400000e-04  1.69144038e-07 
 3.82500000e-04  1.69109873e-07 
 3.82600000e-04  1.59208093e-07 
 3.82700000e-04  1.58805638e-07 
 3.82800000e-04  1.58622810e-07 
 3.82900000e-04  1.58497639e-07 
 3.83000000e-04  1.58431838e-07 
 3.83100000e-04  1.67472871e-07 
 3.83200000e-04  1.67192645e-07 
 3.83300000e-04  1.67087880e-07 
 3.83400000e-04  1.66994122e-07 
 3.83500000e-04  1.66952437e-07 
 3.83600000e-04  1.53322719e-07 
 3.83700000e-04  1.52819301e-07 
 3.83800000e-04  1.52565480e-07 
 3.83900000e-04  1.52374901e-07 
 3.84000000e-04  1.52249452e-07 
 3.84100000e-04  1.68148815e-07 
 3.84200000e-04  1.67974076e-07 
 3.84300000e-04  1.67885986e-07 
 3.84400000e-04  1.67803771e-07 
 3.84500000e-04  1.67769259e-07 
 3.84600000e-04  1.55296741e-07 
 3.84700000e-04  1.54896583e-07 
 3.84800000e-04  1.54698260e-07 
 3.84900000e-04  1.54563370e-07 
 3.85000000e-04  1.54493806e-07 
 3.85100000e-04  1.67900496e-07 
 3.85200000e-04  1.67672743e-07 
 3.85300000e-04  1.67597205e-07 
 3.85400000e-04  1.67532855e-07 
 3.85500000e-04  1.67518060e-07 
 3.85600000e-04  1.53776429e-07 
 3.85700000e-04  1.53355788e-07 
 3.85800000e-04  1.53125533e-07 
 3.85900000e-04  1.52943904e-07 
 3.86000000e-04  1.52812325e-07 
 3.86100000e-04  1.69263804e-07 
 3.86200000e-04  1.68991189e-07 
 3.86300000e-04  1.68883128e-07 
 3.86400000e-04  1.68785484e-07 
 3.86500000e-04  1.68741713e-07 
 3.86600000e-04  1.57541693e-07 
 3.86700000e-04  1.57167409e-07 
 3.86800000e-04  1.56971702e-07 
 3.86900000e-04  1.56837470e-07 
 3.87000000e-04  1.56766541e-07 
 3.87100000e-04  1.67978197e-07 
 3.87200000e-04  1.67718547e-07 
 3.87300000e-04  1.67631999e-07 
 3.87400000e-04  1.67557489e-07 
 3.87500000e-04  1.67527691e-07 
 3.87600000e-04  1.53825774e-07 
 3.87700000e-04  1.53359570e-07 
 3.87800000e-04  1.53121243e-07 
 3.87900000e-04  1.52938645e-07 
 3.88000000e-04  1.52813422e-07 
 3.88100000e-04  1.68743444e-07 
 3.88200000e-04  1.68557860e-07 
 3.88300000e-04  1.68487331e-07 
 3.88400000e-04  1.68425242e-07 
 3.88500000e-04  1.68375243e-07 
 3.88600000e-04  1.55868280e-07 
 3.88700000e-04  1.55508864e-07 
 3.88800000e-04  1.55303864e-07 
 3.88900000e-04  1.55156317e-07 
 3.89000000e-04  1.55067926e-07 
 3.89100000e-04  1.68524492e-07 
 3.89200000e-04  1.68298271e-07 
 3.89300000e-04  1.68213785e-07 
 3.89400000e-04  1.68139625e-07 
 3.89500000e-04  1.68132293e-07 
 3.89600000e-04  1.54359391e-07 
 3.89700000e-04  1.53933545e-07 
 3.89800000e-04  1.53706499e-07 
 3.89900000e-04  1.53529238e-07 
 3.90000000e-04  1.53403215e-07 
 3.90100000e-04  1.72534244e-07 
 3.90200000e-04  1.71709547e-07 
 3.90300000e-04  1.71463175e-07 
 3.90400000e-04  1.71254953e-07 
 3.90500000e-04  1.71168155e-07 
 3.90600000e-04  1.66437869e-07 
 3.90700000e-04  1.66057639e-07 
 3.90800000e-04  1.65881459e-07 
 3.90900000e-04  1.65778521e-07 
 3.91000000e-04  1.65751025e-07 
 3.91100000e-04  1.66736138e-07 
 3.91200000e-04  1.65782184e-07 
 3.91300000e-04  1.65531766e-07 
 3.91400000e-04  1.65325364e-07 
 3.91500000e-04  1.65236180e-07 
 3.91600000e-04  1.51805670e-07 
 3.91700000e-04  1.51136717e-07 
 3.91800000e-04  1.50842284e-07 
 3.91900000e-04  1.50621052e-07 
 3.92000000e-04  1.50475216e-07 
 3.92100000e-04  1.66316000e-07 
 3.92200000e-04  1.66154185e-07 
 3.92300000e-04  1.66073695e-07 
 3.92400000e-04  1.65998449e-07 
 3.92500000e-04  1.65964128e-07 
 3.92600000e-04  1.53539404e-07 
 3.92700000e-04  1.53144158e-07 
 3.92800000e-04  1.52947784e-07 
 3.92900000e-04  1.52804952e-07 
 3.93000000e-04  1.52717234e-07 
 3.93100000e-04  1.66050370e-07 
 3.93200000e-04  1.65828914e-07 
 3.93300000e-04  1.65757969e-07 
 3.93400000e-04  1.65698461e-07 
 3.93500000e-04  1.65665450e-07 
 3.93600000e-04  1.52031181e-07 
 3.93700000e-04  1.51595932e-07 
 3.93800000e-04  1.51350910e-07 
 3.93900000e-04  1.51162031e-07 
 3.94000000e-04  1.51030948e-07 
 3.94100000e-04  1.67403604e-07 
 3.94200000e-04  1.67129700e-07 
 3.94300000e-04  1.67031800e-07 
 3.94400000e-04  1.66945753e-07 
 3.94500000e-04  1.66898196e-07 
 3.94600000e-04  1.55795588e-07 
 3.94700000e-04  1.55386362e-07 
 3.94800000e-04  1.55181460e-07 
 3.94900000e-04  1.55046920e-07 
 3.95000000e-04  1.54984843e-07 
 3.95100000e-04  1.66097001e-07 
 3.95200000e-04  1.65873759e-07 
 3.95300000e-04  1.65788560e-07 
 3.95400000e-04  1.65711635e-07 
 3.95500000e-04  1.65677192e-07 
 3.95600000e-04  1.52059970e-07 
 3.95700000e-04  1.51584803e-07 
 3.95800000e-04  1.51339698e-07 
 3.95900000e-04  1.51153715e-07 
 3.96000000e-04  1.51028601e-07 
 3.96100000e-04  1.66875043e-07 
 3.96200000e-04  1.66702768e-07 
 3.96300000e-04  1.66623598e-07 
 3.96400000e-04  1.66551209e-07 
 3.96500000e-04  1.66525815e-07 
 3.96600000e-04  1.54124262e-07 
 3.96700000e-04  1.53727352e-07 
 3.96800000e-04  1.53519017e-07 
 3.96900000e-04  1.53369929e-07 
 3.97000000e-04  1.53281837e-07 
 3.97100000e-04  1.66639194e-07 
 3.97200000e-04  1.66413857e-07 
 3.97300000e-04  1.66351401e-07 
 3.97400000e-04  1.66301507e-07 
 3.97500000e-04  1.66260939e-07 
 3.97600000e-04  1.52601079e-07 
 3.97700000e-04  1.52158706e-07 
 3.97800000e-04  1.51924316e-07 
 3.97900000e-04  1.51743121e-07 
 3.98000000e-04  1.51616678e-07 
 3.98100000e-04  1.68540693e-07 
 3.98200000e-04  1.68153510e-07 
 3.98300000e-04  1.68024007e-07 
 3.98400000e-04  1.67911719e-07 
 3.98500000e-04  1.67873028e-07 
 3.98600000e-04  1.58023160e-07 
 3.98700000e-04  1.57633540e-07 
 3.98800000e-04  1.57432222e-07 
 3.98900000e-04  1.57301099e-07 
 3.99000000e-04  1.57242265e-07 
 3.99100000e-04  1.66231290e-07 
 3.99200000e-04  1.65954442e-07 
 3.99300000e-04  1.65852071e-07 
 3.99400000e-04  1.65761077e-07 
 3.99500000e-04  1.65723467e-07 
 3.99600000e-04  1.52146119e-07 
 3.99700000e-04  1.51621748e-07 
 3.99800000e-04  1.51367040e-07 
 3.99900000e-04  1.51173294e-07 
 4.00000000e-04  1.51042311e-07 
 4.00100000e-04  1.66890221e-07 
 4.00200000e-04  1.66718126e-07 
 4.00300000e-04  1.66638237e-07 
 4.00400000e-04  1.66565106e-07 
 4.00500000e-04  1.66540520e-07 
 4.00600000e-04  1.54125550e-07 
 4.00700000e-04  1.53718801e-07 
 4.00800000e-04  1.53521458e-07 
 4.00900000e-04  1.53377537e-07 
 4.01000000e-04  1.53288598e-07 
 4.01100000e-04  1.66644535e-07 
 4.01200000e-04  1.66425229e-07 
 4.01300000e-04  1.66351905e-07 
 4.01400000e-04  1.66289220e-07 
 4.01500000e-04  1.66258648e-07 
 4.01600000e-04  1.52597627e-07 
 4.01700000e-04  1.52175896e-07 
 4.01800000e-04  1.51927197e-07 
 4.01900000e-04  1.51740276e-07 
 4.02000000e-04  1.51616957e-07 
 4.02100000e-04  1.68018983e-07 
 4.02200000e-04  1.67728373e-07 
 4.02300000e-04  1.67624968e-07 
 4.02400000e-04  1.67534796e-07 
 4.02500000e-04  1.67495390e-07 
 4.02600000e-04  1.56358398e-07 
 4.02700000e-04  1.55979947e-07 
 4.02800000e-04  1.55777749e-07 
 4.02900000e-04  1.55633594e-07 
 4.03000000e-04  1.55549188e-07 
 4.03100000e-04  1.66721222e-07 
 4.03200000e-04  1.66469499e-07 
 4.03300000e-04  1.66391611e-07 
 4.03400000e-04  1.66325492e-07 
 4.03500000e-04  1.66292643e-07 
 4.03600000e-04  1.52640802e-07 
 4.03700000e-04  1.52176368e-07 
 4.03800000e-04  1.51930696e-07 
 4.03900000e-04  1.51748670e-07 
 4.04000000e-04  1.51632173e-07 
 4.04100000e-04  1.67494823e-07 
 4.04200000e-04  1.67324094e-07 
 4.04300000e-04  1.67244174e-07 
 4.04400000e-04  1.67170616e-07 
 4.04500000e-04  1.67142571e-07 
 4.04600000e-04  1.54703113e-07 
 4.04700000e-04  1.54296722e-07 
 4.04800000e-04  1.54102451e-07 
 4.04900000e-04  1.53964917e-07 
 4.05000000e-04  1.53885786e-07 
 4.05100000e-04  1.67253203e-07 
 4.05200000e-04  1.67032856e-07 
 4.05300000e-04  1.66963704e-07 
 4.05400000e-04  1.66905404e-07 
 4.05500000e-04  1.66876087e-07 
 4.05600000e-04  1.53174657e-07 
 4.05700000e-04  1.52749092e-07 
 4.05800000e-04  1.52509600e-07 
 4.05900000e-04  1.52331468e-07 
 4.06000000e-04  1.52216504e-07 
 4.06100000e-04  1.69695961e-07 
 4.06200000e-04  1.69201182e-07 
 4.06300000e-04  1.69037412e-07 
 4.06400000e-04  1.68895307e-07 
 4.06500000e-04  1.68841977e-07 
 4.06600000e-04  1.60276458e-07 
 4.06700000e-04  1.59873291e-07 
 4.06800000e-04  1.59684525e-07 
 4.06900000e-04  1.59569241e-07 
 4.07000000e-04  1.59529627e-07 
 4.07100000e-04  1.66501316e-07 
 4.07200000e-04  1.66120131e-07 
 4.07300000e-04  1.65984193e-07 
 4.07400000e-04  1.65864826e-07 
 4.07500000e-04  1.65795950e-07 
 4.07600000e-04  1.52251424e-07 
 4.07700000e-04  1.51690804e-07 
 4.07800000e-04  1.51411286e-07 
 4.07900000e-04  1.51205307e-07 
 4.08000000e-04  1.51075060e-07 
 4.08100000e-04  1.66923834e-07 
 4.08200000e-04  1.66752057e-07 
 4.08300000e-04  1.66670775e-07 
 4.08400000e-04  1.66595975e-07 
 4.08500000e-04  1.66553883e-07 
 4.08600000e-04  1.54131685e-07 
 4.08700000e-04  1.53743102e-07 
 4.08800000e-04  1.53535717e-07 
 4.08900000e-04  1.53387490e-07 
 4.09000000e-04  1.53300153e-07 
 4.09100000e-04  1.66643003e-07 
 4.09200000e-04  1.66447545e-07 
 4.09300000e-04  1.66375106e-07 
 4.09400000e-04  1.66310937e-07 
 4.09500000e-04  1.66279466e-07 
 4.09600000e-04  1.52614352e-07 
 4.09700000e-04  1.52165532e-07 
 4.09800000e-04  1.51923006e-07 
 4.09900000e-04  1.51742322e-07 
 4.10000000e-04  1.51625304e-07 
 4.10100000e-04  1.68027716e-07 
 4.10200000e-04  1.67734421e-07 
 4.10300000e-04  1.67628784e-07 
 4.10400000e-04  1.67536554e-07 
 4.10500000e-04  1.67495505e-07 
 4.10600000e-04  1.56364517e-07 
 4.10700000e-04  1.55979711e-07 
 4.10800000e-04  1.55773375e-07 
 4.10900000e-04  1.55635039e-07 
 4.11000000e-04  1.55566575e-07 
 4.11100000e-04  1.68635777e-07 
 4.11200000e-04  1.68012852e-07 
 4.11300000e-04  1.67801383e-07 
 4.11400000e-04  1.67700087e-07 
 4.11500000e-04  1.67634390e-07 
 4.11600000e-04  1.53515366e-07 
 4.11700000e-04  1.52885877e-07 
 4.11800000e-04  1.52595589e-07 
 4.11900000e-04  1.52392031e-07 
 4.12000000e-04  1.52276915e-07 
 4.12100000e-04  1.03754416e-04 
 4.12200000e-04  1.03754034e-04 
 4.12300000e-04  1.03753915e-04 
 4.12400000e-04  1.03753813e-04 
 4.12500000e-04  1.03753781e-04 
 4.12600000e-04  1.03741344e-04 
 4.12700000e-04  1.03740940e-04 
 4.12800000e-04  1.03740734e-04 
 4.12900000e-04  1.03740587e-04 
 4.13000000e-04  1.03740499e-04 
 4.13100000e-04  1.70420517e-07 
 4.13200000e-04  1.69741226e-07 
 4.13300000e-04  1.69516017e-07 
 4.13400000e-04  1.69418011e-07 
 4.13500000e-04  1.69361107e-07 
 4.13600000e-04  1.55180986e-07 
 4.13700000e-04  1.54552334e-07 
 4.13800000e-04  1.54289611e-07 
 4.13900000e-04  1.54089842e-07 
 4.14000000e-04  1.53954229e-07 
 4.14100000e-04  1.03757258e-04 
 4.14200000e-04  1.03756653e-04 
 4.14300000e-04  1.03756477e-04 
 4.14400000e-04  1.03756330e-04 
 4.14500000e-04  1.03756277e-04 
 4.14600000e-04  1.03746354e-04 
 4.14700000e-04  1.03745960e-04 
 4.14800000e-04  1.03745751e-04 
 4.14900000e-04  1.03745623e-04 
 4.15000000e-04  1.03745579e-04 
 4.15100000e-04  1.69147553e-07 
 4.15200000e-04  1.68826877e-07 
 4.15300000e-04  1.68715743e-07 
 4.15400000e-04  1.68618015e-07 
 4.15500000e-04  1.68588123e-07 
 4.15600000e-04  1.54895185e-07 
 4.15700000e-04  1.54366472e-07 
 4.15800000e-04  1.54117410e-07 
 4.15900000e-04  1.53937553e-07 
 4.16000000e-04  1.53828950e-07 
 4.16100000e-04  1.69808234e-07 
 4.16200000e-04  1.69616585e-07 
 4.16300000e-04  1.69534102e-07 
 4.16400000e-04  1.69459331e-07 
 4.16500000e-04  1.69414861e-07 
 4.16600000e-04  1.56874186e-07 
 4.16700000e-04  1.56492686e-07 
 4.16800000e-04  1.56297352e-07 
 4.16900000e-04  1.56157838e-07 
 4.17000000e-04  1.56075760e-07 
 4.17100000e-04  1.69560144e-07 
 4.17200000e-04  1.69347605e-07 
 4.17300000e-04  1.69267767e-07 
 4.17400000e-04  1.69196652e-07 
 4.17500000e-04  1.69157171e-07 
 4.17600000e-04  1.55337491e-07 
 4.17700000e-04  1.54913601e-07 
 4.17800000e-04  1.54692396e-07 
 4.17900000e-04  1.54519170e-07 
 4.18000000e-04  1.54395295e-07 
 4.18100000e-04  1.70945037e-07 
 4.18200000e-04  1.70649096e-07 
 4.18300000e-04  1.70536593e-07 
 4.18400000e-04  1.70436887e-07 
 4.18500000e-04  1.70386202e-07 
 4.18600000e-04  1.59109975e-07 
 4.18700000e-04  1.58722988e-07 
 4.18800000e-04  1.58532974e-07 
 4.18900000e-04  1.58398618e-07 
 4.19000000e-04  1.58321534e-07 
 4.19100000e-04  1.69648923e-07 
 4.19200000e-04  1.69392267e-07 
 4.19300000e-04  1.69292704e-07 
 4.19400000e-04  1.69203548e-07 
 4.19500000e-04  1.69185864e-07 
 4.19600000e-04  1.55375253e-07 
 4.19700000e-04  1.54924139e-07 
 4.19800000e-04  1.54695429e-07 
 4.19900000e-04  1.54521635e-07 
 4.20000000e-04  1.54404344e-07 
 4.20100000e-04  1.70422540e-07 
 4.20200000e-04  1.70220875e-07 
 4.20300000e-04  1.70140409e-07 
 4.20400000e-04  1.70069324e-07 
 4.20500000e-04  1.70030681e-07 
 4.20600000e-04  1.57417041e-07 
 4.20700000e-04  1.57060930e-07 
 4.20800000e-04  1.56858838e-07 
 4.20900000e-04  1.56722689e-07 
 4.21000000e-04  1.56654416e-07 
 4.21100000e-04  1.70173534e-07 
 4.21200000e-04  1.69936948e-07 
 4.21300000e-04  1.69852868e-07 
 4.21400000e-04  1.69779919e-07 
 4.21500000e-04  1.69754184e-07 
 4.21600000e-04  1.55904420e-07 
 4.21700000e-04  1.55505736e-07 
 4.21800000e-04  1.55277137e-07 
 4.21900000e-04  1.55100490e-07 
 4.22000000e-04  1.54977286e-07 
 4.22100000e-04  1.73150775e-07 
 4.22200000e-04  1.72529989e-07 
 4.22300000e-04  1.72335442e-07 
 4.22400000e-04  1.72169363e-07 
 4.22500000e-04  1.72082175e-07 
 4.22600000e-04  1.64652068e-07 
 4.22700000e-04  1.64286336e-07 
 4.22800000e-04  1.64107956e-07 
 4.22900000e-04  1.64003427e-07 
 4.23000000e-04  1.63974939e-07 
 4.23100000e-04  1.69425515e-07 
 4.23200000e-04  1.68638102e-07 
 4.23300000e-04  1.68393512e-07 
 4.23400000e-04  1.68185102e-07 
 4.23500000e-04  1.68101522e-07 
 4.23600000e-04  1.54446541e-07 
 4.23700000e-04  1.53847730e-07 
 4.23800000e-04  1.53576836e-07 
 4.23900000e-04  1.53378458e-07 
 4.24000000e-04  1.53254739e-07 
 4.24100000e-04  1.69222611e-07 
 4.24200000e-04  1.69025708e-07 
 4.24300000e-04  1.68947817e-07 
 4.24400000e-04  1.68878507e-07 
 4.24500000e-04  1.68827688e-07 
 4.24600000e-04  1.56274585e-07 
 4.24700000e-04  1.55889697e-07 
 4.24800000e-04  1.55694649e-07 
 4.24900000e-04  1.55557177e-07 
 4.25000000e-04  1.55478951e-07 
 4.25100000e-04  1.68955618e-07 
 4.25200000e-04  1.68737290e-07 
 4.25300000e-04  1.68648744e-07 
 4.25400000e-04  1.68569136e-07 
 4.25500000e-04  1.68531887e-07 
 4.25600000e-04  1.54752407e-07 
 4.25700000e-04  1.54325648e-07 
 4.25800000e-04  1.54096213e-07 
 4.25900000e-04  1.53924279e-07 
 4.26000000e-04  1.53811509e-07 
 4.26100000e-04  1.70315736e-07 
 4.26200000e-04  1.70011088e-07 
 4.26300000e-04  1.69908351e-07 
 4.26400000e-04  1.69819808e-07 
 4.26500000e-04  1.69761506e-07 
 4.26600000e-04  1.58493006e-07 
 4.26700000e-04  1.58124430e-07 
 4.26800000e-04  1.57938625e-07 
 4.26900000e-04  1.57809566e-07 
 4.27000000e-04  1.57738896e-07 
 4.27100000e-04  1.69008094e-07 
 4.27200000e-04  1.68748966e-07 
 4.27300000e-04  1.68661437e-07 
 4.27400000e-04  1.68585528e-07 
 4.27500000e-04  1.68556751e-07 
 4.27600000e-04  1.54802675e-07 
 4.27700000e-04  1.54326788e-07 
 4.27800000e-04  1.54086635e-07 
 4.27900000e-04  1.53908690e-07 
 4.28000000e-04  1.53794765e-07 
 4.28100000e-04  1.69783542e-07 
 4.28200000e-04  1.69606440e-07 
 4.28300000e-04  1.69524929e-07 
 4.28400000e-04  1.69449867e-07 
 4.28500000e-04  1.69389039e-07 
 4.28600000e-04  1.56822394e-07 
 4.28700000e-04  1.56463465e-07 
 4.28800000e-04  1.56267544e-07 
 4.28900000e-04  1.56126530e-07 
 4.29000000e-04  1.56042006e-07 
 4.29100000e-04  1.69540750e-07 
 4.29200000e-04  1.69317778e-07 
 4.29300000e-04  1.69238965e-07 
 4.29400000e-04  1.69170078e-07 
 4.29500000e-04  1.69147328e-07 
 4.29600000e-04  1.55328043e-07 
 4.29700000e-04  1.54894612e-07 
 4.29800000e-04  1.54666552e-07 
 4.29900000e-04  1.54496855e-07 
 4.30000000e-04  1.54387212e-07 
 4.30100000e-04  1.71467278e-07 
 4.30200000e-04  1.71054963e-07 
 4.30300000e-04  1.70908289e-07 
 4.30400000e-04  1.70779908e-07 
 4.30500000e-04  1.70742944e-07 
 4.30600000e-04  1.60739102e-07 
 4.30700000e-04  1.60382049e-07 
 4.30800000e-04  1.60195950e-07 
 4.30900000e-04  1.60070209e-07 
 4.31000000e-04  1.60006579e-07 
 4.31100000e-04  1.69144314e-07 
 4.31200000e-04  1.68841620e-07 
 4.31300000e-04  1.68734707e-07 
 4.31400000e-04  1.68641005e-07 
 4.31500000e-04  1.68601804e-07 
 4.31600000e-04  1.54869355e-07 
 4.31700000e-04  1.54374058e-07 
 4.31800000e-04  1.54126393e-07 
 4.31900000e-04  1.53936247e-07 
 4.32000000e-04  1.53805281e-07 
 4.32100000e-04  1.69799746e-07 
 4.32200000e-04  1.69612191e-07 
 4.32300000e-04  1.69530383e-07 
 4.32400000e-04  1.69455927e-07 
 4.32500000e-04  1.69403937e-07 
 4.32600000e-04  1.56844287e-07 
 4.32700000e-04  1.56456328e-07 
 4.32800000e-04  1.56274699e-07 
 4.32900000e-04  1.56139414e-07 
 4.33000000e-04  1.56051605e-07 
 4.33100000e-04  1.71297184e-07 
 4.33200000e-04  1.70806607e-07 
 4.33300000e-04  1.70623865e-07 
 4.33400000e-04  1.70539416e-07 
 4.33500000e-04  1.70486727e-07 
 4.33600000e-04  1.56188499e-07 
 4.33700000e-04  1.55588713e-07 
 4.33800000e-04  1.55342495e-07 
 4.33900000e-04  1.55157346e-07 
 4.34000000e-04  1.55034410e-07 
 4.34100000e-04  1.03757855e-04 
 4.34200000e-04  1.03757364e-04 
 4.34300000e-04  1.03757214e-04 
 4.34400000e-04  1.03757087e-04 
 4.34500000e-04  1.03757023e-04 
 4.34600000e-04  1.03745745e-04 
 4.34700000e-04  1.03745361e-04 
 4.34800000e-04  1.03745169e-04 
 4.34900000e-04  1.03745038e-04 
 4.35000000e-04  1.03744970e-04 
 4.35100000e-04  1.70785451e-07 
 4.35200000e-04  1.70491600e-07 
 4.35300000e-04  1.70395072e-07 
 4.35400000e-04  1.70311413e-07 
 4.35500000e-04  1.70275945e-07 
 4.35600000e-04  1.56473307e-07 
 4.35700000e-04  1.56006846e-07 
 4.35800000e-04  1.55772528e-07 
 4.35900000e-04  1.55593993e-07 
 4.36000000e-04  1.55472840e-07 
 4.36100000e-04  1.71569147e-07 
 4.36200000e-04  1.71365805e-07 
 4.36300000e-04  1.71279139e-07 
 4.36400000e-04  1.71201646e-07 
 4.36500000e-04  1.71145187e-07 
 4.36600000e-04  1.58511423e-07 
 4.36700000e-04  1.58129955e-07 
 4.36800000e-04  1.57950365e-07 
 4.36900000e-04  1.57823734e-07 
 4.37000000e-04  1.57751572e-07 
 4.37100000e-04  1.71338105e-07 
 4.37200000e-04  1.71098228e-07 
 4.37300000e-04  1.71006825e-07 
 4.37400000e-04  1.70926445e-07 
 4.37500000e-04  1.70883460e-07 
 4.37600000e-04  1.56995089e-07 
 4.37700000e-04  1.56586676e-07 
 4.37800000e-04  1.56354186e-07 
 4.37900000e-04  1.56182812e-07 
 4.38000000e-04  1.56074321e-07 
 4.38100000e-04  1.73769267e-07 
 4.38200000e-04  1.73252361e-07 
 4.38300000e-04  1.73079533e-07 
 4.38400000e-04  1.72929619e-07 
 4.38500000e-04  1.72856088e-07 
 4.38600000e-04  1.64080528e-07 
 4.38700000e-04  1.63698782e-07 
 4.38800000e-04  1.63525341e-07 
 4.38900000e-04  1.63415684e-07 
 4.39000000e-04  1.63371666e-07 
 4.39100000e-04  1.70587128e-07 
 4.39200000e-04  1.70173155e-07 
 4.39300000e-04  1.70020783e-07 
 4.39400000e-04  1.69886348e-07 
 4.39500000e-04  1.69809422e-07 
 4.39600000e-04  1.56041490e-07 
 4.39700000e-04  1.55504434e-07 
 4.39800000e-04  1.55245621e-07 
 4.39900000e-04  1.55050445e-07 
 4.40000000e-04  1.54920755e-07 
 4.40100000e-04  1.70984645e-07 
 4.40200000e-04  1.70774637e-07 
 4.40300000e-04  1.70685904e-07 
 4.40400000e-04  1.70606036e-07 
 4.40500000e-04  1.70559812e-07 
 4.40600000e-04  1.57930100e-07 
 4.40700000e-04  1.57566199e-07 
 4.40800000e-04  1.57365046e-07 
 4.40900000e-04  1.57222102e-07 
 4.41000000e-04  1.57139041e-07 
 4.41100000e-04  1.70712035e-07 
 4.41200000e-04  1.70478276e-07 
 4.41300000e-04  1.70394317e-07 
 4.41400000e-04  1.70320953e-07 
 4.41500000e-04  1.70282935e-07 
 4.41600000e-04  1.56398258e-07 
 4.41700000e-04  1.55992743e-07 
 4.41800000e-04  1.55764753e-07 
 4.41900000e-04  1.55596288e-07 
 4.42000000e-04  1.55489065e-07 
 4.42100000e-04  1.72084315e-07 
 4.42200000e-04  1.71780096e-07 
 4.42300000e-04  1.71668466e-07 
 4.42400000e-04  1.71570213e-07 
 4.42500000e-04  1.71520063e-07 
 4.42600000e-04  1.60153294e-07 
 4.42700000e-04  1.59793003e-07 
 4.42800000e-04  1.59612862e-07 
 4.42900000e-04  1.59486576e-07 
 4.43000000e-04  1.59415681e-07 
 4.43100000e-04  1.70782223e-07 
 4.43200000e-04  1.70515912e-07 
 4.43300000e-04  1.70419572e-07 
 4.43400000e-04  1.70334618e-07 
 4.43500000e-04  1.70304714e-07 
 4.43600000e-04  1.56447219e-07 
 4.43700000e-04  1.55996168e-07 
 4.43800000e-04  1.55769472e-07 
 4.43900000e-04  1.55597496e-07 
 4.44000000e-04  1.55481800e-07 
 4.44100000e-04  1.71555512e-07 
 4.44200000e-04  1.71356101e-07 
 4.44300000e-04  1.71271123e-07 
 4.44400000e-04  1.71194326e-07 
 4.44500000e-04  1.71139362e-07 
 4.44600000e-04  1.58492689e-07 
 4.44700000e-04  1.58117494e-07 
 4.44800000e-04  1.57938801e-07 
 4.44900000e-04  1.57807473e-07 
 4.45000000e-04  1.57724838e-07 
 4.45100000e-04  1.71309582e-07 
 4.45200000e-04  1.71082223e-07 
 4.45300000e-04  1.70995002e-07 
 4.45400000e-04  1.70917576e-07 
 4.45500000e-04  1.70883988e-07 
 4.45600000e-04  1.56986240e-07 
 4.45700000e-04  1.56572012e-07 
 4.45800000e-04  1.56341340e-07 
 4.45900000e-04  1.56172347e-07 
 4.46000000e-04  1.56066818e-07 
 4.46100000e-04  1.73230624e-07 
 4.46200000e-04  1.72812385e-07 
 4.46300000e-04  1.72671745e-07 
 4.46400000e-04  1.72550119e-07 
 4.46500000e-04  1.72489811e-07 
 4.46600000e-04  1.62404384e-07 
 4.46700000e-04  1.62037481e-07 
 4.46800000e-04  1.61861114e-07 
 4.46900000e-04  1.61740976e-07 
 4.47000000e-04  1.61678486e-07 
 4.47100000e-04  1.73001840e-07 
 4.47200000e-04  1.72170518e-07 
 4.47300000e-04  1.71889938e-07 
 4.47400000e-04  1.71762852e-07 
 4.47500000e-04  1.71685364e-07 
 4.47600000e-04  1.57381484e-07 
 4.47700000e-04  1.56721408e-07 
 4.47800000e-04  1.56458243e-07 
 4.47900000e-04  1.56267393e-07 
 4.48000000e-04  1.56150229e-07 
 4.48100000e-04  1.03758512e-04 
 4.48200000e-04  1.03758110e-04 
 4.48300000e-04  1.03757979e-04 
 4.48400000e-04  1.03757865e-04 
 4.48500000e-04  1.03757821e-04 
 4.48600000e-04  1.03745162e-04 
 4.48700000e-04  1.03744782e-04 
 4.48800000e-04  1.03744596e-04 
 4.48900000e-04  1.03744462e-04 
 4.49000000e-04  1.03744383e-04 
 4.49100000e-04  1.72475643e-07 
 4.49200000e-04  1.72198969e-07 
 4.49300000e-04  1.72107992e-07 
 4.49400000e-04  1.72030266e-07 
 4.49500000e-04  1.72011143e-07 
 4.49600000e-04  1.58089301e-07 
 4.49700000e-04  1.57663614e-07 
 4.49800000e-04  1.57432250e-07 
 4.49900000e-04  1.57265124e-07 
 4.50000000e-04  1.57164095e-07 
 4.50100000e-04  1.73858270e-07 
 4.50200000e-04  1.73551276e-07 
 4.50300000e-04  1.73432343e-07 
 4.50400000e-04  1.73326403e-07 
 4.50500000e-04  1.73265085e-07 
 4.50600000e-04  1.61842118e-07 
 4.50700000e-04  1.61477870e-07 
 4.50800000e-04  1.61293177e-07 
 4.50900000e-04  1.61170533e-07 
 4.51000000e-04  1.61111725e-07 
 4.51100000e-04  1.72567298e-07 
 4.51200000e-04  1.72273904e-07 
 4.51300000e-04  1.72172453e-07 
 4.51400000e-04  1.72084538e-07 
 4.51500000e-04  1.72060358e-07 
 4.51600000e-04  1.58108673e-07 
 4.51700000e-04  1.57662158e-07 
 4.51800000e-04  1.57435464e-07 
 4.51900000e-04  1.57270548e-07 
 4.52000000e-04  1.57169186e-07 
 4.52100000e-04  1.73340779e-07 
 4.52200000e-04  1.73120109e-07 
 4.52300000e-04  1.73025247e-07 
 4.52400000e-04  1.72939831e-07 
 4.52500000e-04  1.72902038e-07 
 4.52600000e-04  1.60138948e-07 
 4.52700000e-04  1.59811010e-07 
 4.52800000e-04  1.59621519e-07 
 4.52900000e-04  1.59491458e-07 
 4.53000000e-04  1.59422527e-07 
 4.53100000e-04  1.73082729e-07 
 4.53200000e-04  1.72850215e-07 
 4.53300000e-04  1.72760704e-07 
 4.53400000e-04  1.72680926e-07 
 4.53500000e-04  1.72643753e-07 
 4.53600000e-04  1.58625081e-07 
 4.53700000e-04  1.58245736e-07 
 4.53800000e-04  1.58025568e-07 
 4.53900000e-04  1.57863014e-07 
 4.54000000e-04  1.57759718e-07 
 4.54100000e-04  1.76597543e-07 
 4.54200000e-04  1.75839475e-07 
 4.54300000e-04  1.75610711e-07 
 4.54400000e-04  1.75417819e-07 
 4.54500000e-04  1.75338381e-07 
 4.54600000e-04  1.69047887e-07 
 4.54700000e-04  1.68698313e-07 
 4.54800000e-04  1.68530852e-07 
 4.54900000e-04  1.68438179e-07 
 4.55000000e-04  1.68422481e-07 
 4.55100000e-04  1.71870121e-07 
 4.55200000e-04  1.70905351e-07 
 4.55300000e-04  1.70651635e-07 
 4.55400000e-04  1.70443821e-07 
 4.55500000e-04  1.70357482e-07 
 4.55600000e-04  1.56616819e-07 
 4.55700000e-04  1.56008517e-07 
 4.55800000e-04  1.55732298e-07 
 4.55900000e-04  1.55533279e-07 
 4.56000000e-04  1.55413723e-07 
 4.56100000e-04  1.71523391e-07 
 4.56200000e-04  1.71303946e-07 
 4.56300000e-04  1.71211370e-07 
 4.56400000e-04  1.71128305e-07 
 4.56500000e-04  1.71078782e-07 
 4.56600000e-04  1.58393524e-07 
 4.56700000e-04  1.58038434e-07 
 4.56800000e-04  1.57847132e-07 
 4.56900000e-04  1.57711041e-07 
 4.57000000e-04  1.57631721e-07 
 4.57100000e-04  1.71242580e-07 
 4.57200000e-04  1.71016640e-07 
 4.57300000e-04  1.70923477e-07 
 4.57400000e-04  1.70839523e-07 
 4.57500000e-04  1.70802141e-07 
 4.57600000e-04  1.56895582e-07 
 4.57700000e-04  1.56473170e-07 
 4.57800000e-04  1.56249267e-07 
 4.57900000e-04  1.56078777e-07 
 4.58000000e-04  1.55963203e-07 
 4.58100000e-04  1.72611240e-07 
 4.58200000e-04  1.72310210e-07 
 4.58300000e-04  1.72190754e-07 
 4.58400000e-04  1.72083396e-07 
 4.58500000e-04  1.72024144e-07 
 4.58600000e-04  1.60650946e-07 
 4.58700000e-04  1.60287801e-07 
 4.58800000e-04  1.60105128e-07 
 4.58900000e-04  1.59974042e-07 
 4.59000000e-04  1.59895990e-07 
 4.59100000e-04  1.71314729e-07 
 4.59200000e-04  1.71046179e-07 
 4.59300000e-04  1.70944522e-07 
 4.59400000e-04  1.70854058e-07 
 4.59500000e-04  1.70803858e-07 
 4.59600000e-04  1.56940058e-07 
 4.59700000e-04  1.56486349e-07 
 4.59800000e-04  1.56255386e-07 
 4.59900000e-04  1.56082655e-07 
 4.60000000e-04  1.55969811e-07 
 4.60100000e-04  1.72074537e-07 
 4.60200000e-04  1.71881133e-07 
 4.60300000e-04  1.71788670e-07 
 4.60400000e-04  1.71703480e-07 
 4.60500000e-04  1.71659886e-07 
 4.60600000e-04  1.58971224e-07 
 4.60700000e-04  1.58617108e-07 
 4.60800000e-04  1.58428732e-07 
 4.60900000e-04  1.58296365e-07 
 4.61000000e-04  1.58221592e-07 
 4.61100000e-04  1.71830848e-07 
 4.61200000e-04  1.71607610e-07 
 4.61300000e-04  1.71519342e-07 
 4.61400000e-04  1.71440282e-07 
 4.61500000e-04  1.71395870e-07 
 4.61600000e-04  1.57446223e-07 
 4.61700000e-04  1.57045164e-07 
 4.61800000e-04  1.56836745e-07 
 4.61900000e-04  1.56672980e-07 
 4.62000000e-04  1.56555092e-07 
 4.62100000e-04  1.73743049e-07 
 4.62200000e-04  1.73333235e-07 
 4.62300000e-04  1.73191641e-07 
 4.62400000e-04  1.73067820e-07 
 4.62500000e-04  1.73001846e-07 
 4.62600000e-04  1.62885661e-07 
 4.62700000e-04  1.62520307e-07 
 4.62800000e-04  1.62340274e-07 
 4.62900000e-04  1.62227487e-07 
 4.63000000e-04  1.62183884e-07 
 4.63100000e-04  1.71420773e-07 
 4.63200000e-04  1.71109055e-07 
 4.63300000e-04  1.70998177e-07 
 4.63400000e-04  1.70900456e-07 
 4.63500000e-04  1.70858540e-07 
 4.63600000e-04  1.57001574e-07 
 4.63700000e-04  1.56518808e-07 
 4.63800000e-04  1.56280487e-07 
 4.63900000e-04  1.56100308e-07 
 4.64000000e-04  1.55979922e-07 
 4.64100000e-04  1.72092504e-07 
 4.64200000e-04  1.71893703e-07 
 4.64300000e-04  1.71796418e-07 
 4.64400000e-04  1.71706081e-07 
 4.64500000e-04  1.71673858e-07 
 4.64600000e-04  1.58965886e-07 
 4.64700000e-04  1.58617491e-07 
 4.64800000e-04  1.58424322e-07 
 4.64900000e-04  1.58294639e-07 
 4.65000000e-04  1.58230261e-07 
 4.65100000e-04  1.71850437e-07 
 4.65200000e-04  1.71610382e-07 
 4.65300000e-04  1.71524005e-07 
 4.65400000e-04  1.71449101e-07 
 4.65500000e-04  1.71396255e-07 
 4.65600000e-04  1.57459010e-07 
 4.65700000e-04  1.57059642e-07 
 4.65800000e-04  1.56831025e-07 
 4.65900000e-04  1.56660357e-07 
 4.66000000e-04  1.56549284e-07 
 4.66100000e-04  1.73215724e-07 
 4.66200000e-04  1.72899747e-07 
 4.66300000e-04  1.72791940e-07 
 4.66400000e-04  1.72698608e-07 
 4.66500000e-04  1.72629070e-07 
 4.66600000e-04  1.61223112e-07 
 4.66700000e-04  1.60864765e-07 
 4.66800000e-04  1.60682878e-07 
 4.66900000e-04  1.60561954e-07 
 4.67000000e-04  1.60503724e-07 
 4.67100000e-04  1.71918937e-07 
 4.67200000e-04  1.71639629e-07 
 4.67300000e-04  1.71543407e-07 
 4.67400000e-04  1.71459736e-07 
 4.67500000e-04  1.71423728e-07 
 4.67600000e-04  1.57512274e-07 
 4.67700000e-04  1.57061267e-07 
 4.67800000e-04  1.56844645e-07 
 4.67900000e-04  1.56673074e-07 
 4.68000000e-04  1.56547785e-07 
 4.68100000e-04  1.72697010e-07 
 4.68200000e-04  1.72502900e-07 
 4.68300000e-04  1.72403847e-07 
 4.68400000e-04  1.72311581e-07 
 4.68500000e-04  1.72266835e-07 
 4.68600000e-04  1.59547300e-07 
 4.68700000e-04  1.59197075e-07 
 4.68800000e-04  1.59014576e-07 
 4.68900000e-04  1.58887438e-07 
 4.69000000e-04  1.58817212e-07 
 4.69100000e-04  1.72459354e-07 
 4.69200000e-04  1.72211455e-07 
 4.69300000e-04  1.72125431e-07 
 4.69400000e-04  1.72051555e-07 
 4.69500000e-04  1.72011292e-07 
 4.69600000e-04  1.58052484e-07 
 4.69700000e-04  1.57653822e-07 
 4.69800000e-04  1.57422563e-07 
 4.69900000e-04  1.57255147e-07 
 4.70000000e-04  1.57153398e-07 
 4.70100000e-04  1.74902037e-07 
 4.70200000e-04  1.74376250e-07 
 4.70300000e-04  1.74198555e-07 
 4.70400000e-04  1.74044070e-07 
 4.70500000e-04  1.73966723e-07 
 4.70600000e-04  1.65128685e-07 
 4.70700000e-04  1.64780925e-07 
 4.70800000e-04  1.64609224e-07 
 4.70900000e-04  1.64499349e-07 
 4.71000000e-04  1.64453059e-07 
 4.71100000e-04  1.71718233e-07 
 4.71200000e-04  1.71307990e-07 
 4.71300000e-04  1.71151499e-07 
 4.71400000e-04  1.71012179e-07 
 4.71500000e-04  1.70942609e-07 
 4.71600000e-04  1.57096646e-07 
 4.71700000e-04  1.56566431e-07 
 4.71800000e-04  1.56317872e-07 
 4.71900000e-04  1.56132326e-07 
 4.72000000e-04  1.56011591e-07 
 4.72100000e-04  1.72119720e-07 
 4.72200000e-04  1.71930602e-07 
 4.72300000e-04  1.71831116e-07 
 4.72400000e-04  1.71737451e-07 
 4.72500000e-04  1.71689539e-07 
 4.72600000e-04  1.58984490e-07 
 4.72700000e-04  1.58624306e-07 
 4.72800000e-04  1.58435689e-07 
 4.72900000e-04  1.58306566e-07 
 4.73000000e-04  1.58238617e-07 
 4.73100000e-04  1.71851898e-07 
 4.73200000e-04  1.71610096e-07 
 4.73300000e-04  1.71525516e-07 
 4.73400000e-04  1.71452548e-07 
 4.73500000e-04  1.71421149e-07 
 4.73600000e-04  1.57453714e-07 
 4.73700000e-04  1.57050128e-07 
 4.73800000e-04  1.56837442e-07 
 4.73900000e-04  1.56671323e-07 
 4.74000000e-04  1.56553046e-07 
 4.74100000e-04  1.73219191e-07 
 4.74200000e-04  1.72918412e-07 
 4.74300000e-04  1.72799303e-07 
 4.74400000e-04  1.72692497e-07 
 4.74500000e-04  1.72630561e-07 
 4.74600000e-04  1.61229135e-07 
 4.74700000e-04  1.60870152e-07 
 4.74800000e-04  1.60682454e-07 
 4.74900000e-04  1.60560247e-07 
 4.75000000e-04  1.60505401e-07 
 4.75100000e-04  1.71920262e-07 
 4.75200000e-04  1.71642145e-07 
 4.75300000e-04  1.71547594e-07 
 4.75400000e-04  1.71465324e-07 
 4.75500000e-04  1.71430809e-07 
 4.75600000e-04  1.57512965e-07 
 4.75700000e-04  1.57063833e-07 
 4.75800000e-04  1.56834446e-07 
 4.75900000e-04  1.56667914e-07 
 4.76000000e-04  1.56566024e-07 
 4.76100000e-04  1.72698710e-07 
 4.76200000e-04  1.72489558e-07 
 4.76300000e-04  1.72401481e-07 
 4.76400000e-04  1.72322692e-07 
 4.76500000e-04  1.72282712e-07 
 4.76600000e-04  1.59545942e-07 
 4.76700000e-04  1.59205870e-07 
 4.76800000e-04  1.59020847e-07 
 4.76900000e-04  1.58886182e-07 
 4.77000000e-04  1.58803267e-07 
 4.77100000e-04  1.72452389e-07 
 4.77200000e-04  1.72209471e-07 
 4.77300000e-04  1.72129932e-07 
 4.77400000e-04  1.72062073e-07 
 4.77500000e-04  1.72008082e-07 
 4.77600000e-04  1.58042469e-07 
 4.77700000e-04  1.57653947e-07 
 4.77800000e-04  1.57435044e-07 
 4.77900000e-04  1.57267604e-07 
 4.78000000e-04  1.57153050e-07 
 4.78100000e-04  1.74372231e-07 
 4.78200000e-04  1.73941274e-07 
 4.78300000e-04  1.73791204e-07 
 4.78400000e-04  1.73660748e-07 
 4.78500000e-04  1.73602388e-07 
 4.78600000e-04  1.63464896e-07 
 4.78700000e-04  1.63104506e-07 
 4.78800000e-04  1.62929123e-07 
 4.78900000e-04  1.62820270e-07 
 4.79000000e-04  1.62779852e-07 
 4.79100000e-04  1.72047016e-07 
 4.79200000e-04  1.71741474e-07 
 4.79300000e-04  1.71630502e-07 
 4.79400000e-04  1.71532018e-07 
 4.79500000e-04  1.71482081e-07 
 4.79600000e-04  1.57590638e-07 
 4.79700000e-04  1.57112377e-07 
 4.79800000e-04  1.56871102e-07 
 4.79900000e-04  1.56689703e-07 
 4.80000000e-04  1.56569872e-07 
 4.80100000e-04  1.72723555e-07 
 4.80200000e-04  1.72514484e-07 
 4.80300000e-04  1.72422980e-07 
 4.80400000e-04  1.72340082e-07 
 4.80500000e-04  1.72298637e-07 
 4.80600000e-04  1.59555493e-07 
 4.80700000e-04  1.59209221e-07 
 4.80800000e-04  1.59021362e-07 
 4.80900000e-04  1.58893891e-07 
 4.81000000e-04  1.58828513e-07 
 4.81100000e-04  1.72466151e-07 
 4.81200000e-04  1.72225801e-07 
 4.81300000e-04  1.72144430e-07 
 4.81400000e-04  1.72074743e-07 
 4.81500000e-04  1.72017961e-07 
 4.81600000e-04  1.58047077e-07 
 4.81700000e-04  1.57639224e-07 
 4.81800000e-04  1.57424021e-07 
 4.81900000e-04  1.57263032e-07 
 4.82000000e-04  1.57157768e-07 
 4.82100000e-04  1.73841092e-07 
 4.82200000e-04  1.73530691e-07 
 4.82300000e-04  1.73403831e-07 
 4.82400000e-04  1.73289325e-07 
 4.82500000e-04  1.73254264e-07 
 4.82600000e-04  1.61812594e-07 
 4.82700000e-04  1.61461856e-07 
 4.82800000e-04  1.61286517e-07 
 4.82900000e-04  1.61163543e-07 
 4.83000000e-04  1.61094381e-07 
 4.83100000e-04  1.72555454e-07 
 4.83200000e-04  1.72262459e-07 
 4.83300000e-04  1.72164655e-07 
 4.83400000e-04  1.72080363e-07 
 4.83500000e-04  1.72056848e-07 
 4.83600000e-04  1.58099990e-07 
 4.83700000e-04  1.57648297e-07 
 4.83800000e-04  1.57424358e-07 
 4.83900000e-04  1.57257899e-07 
 4.84000000e-04  1.57150527e-07 
 4.84100000e-04  1.73321765e-07 
 4.84200000e-04  1.73117359e-07 
 4.84300000e-04  1.73026407e-07 
 4.84400000e-04  1.72943958e-07 
 4.84500000e-04  1.72894491e-07 
 4.84600000e-04  1.60143850e-07 
 4.84700000e-04  1.59788303e-07 
 4.84800000e-04  1.59604654e-07 
 4.84900000e-04  1.59473988e-07 
 4.85000000e-04  1.59397771e-07 
 4.85100000e-04  1.73081293e-07 
 4.85200000e-04  1.72833336e-07 
 4.85300000e-04  1.72748756e-07 
 4.85400000e-04  1.72676091e-07 
 4.85500000e-04  1.72643898e-07 
 4.85600000e-04  1.58619147e-07 
 4.85700000e-04  1.58244965e-07 
 4.85800000e-04  1.58023087e-07 
 4.85900000e-04  1.57859257e-07 
 4.86000000e-04  1.57755103e-07 
 4.86100000e-04  1.76058825e-07 
 4.86200000e-04  1.75430994e-07 
 4.86300000e-04  1.75221574e-07 
 4.86400000e-04  1.75039582e-07 
 4.86500000e-04  1.74969586e-07 
 4.86600000e-04  1.67374183e-07 
 4.86700000e-04  1.67020187e-07 
 4.86800000e-04  1.66865716e-07 
 4.86900000e-04  1.66767211e-07 
 4.87000000e-04  1.66726235e-07 
 4.87100000e-04  1.72353036e-07 
 4.87200000e-04  1.71534541e-07 
 4.87300000e-04  1.71289941e-07 
 4.87400000e-04  1.71084537e-07 
 4.87500000e-04  1.70990431e-07 
 4.87600000e-04  1.57175456e-07 
 4.87700000e-04  1.56593885e-07 
 4.87800000e-04  1.56339580e-07 
 4.87900000e-04  1.56147413e-07 
 4.88000000e-04  1.56019134e-07 
 4.88100000e-04  1.72150637e-07 
 4.88200000e-04  1.71929125e-07 
 4.88300000e-04  1.71834683e-07 
 4.88400000e-04  1.71750137e-07 
 4.88500000e-04  1.71701755e-07 
 4.88600000e-04  1.58991252e-07 
 4.88700000e-04  1.58638532e-07 
 4.88800000e-04  1.58440182e-07 
 4.88900000e-04  1.58307842e-07 
 4.89000000e-04  1.58243657e-07 
 4.89100000e-04  1.72019011e-07 
 4.89200000e-04  1.71675243e-07 
 4.89300000e-04  1.71544880e-07 
 4.89400000e-04  1.71479606e-07 
 4.89500000e-04  1.71425674e-07 
 4.89600000e-04  1.57488183e-07 
 4.89700000e-04  1.57088044e-07 
 4.89800000e-04  1.56865778e-07 
 4.89900000e-04  1.56691972e-07 
 4.90000000e-04  1.56567982e-07 
 4.90100000e-04  1.73229466e-07 
 4.90200000e-04  1.72915574e-07 
 4.90300000e-04  1.72805083e-07 
 4.90400000e-04  1.72709447e-07 
 4.90500000e-04  1.72633991e-07 
 4.90600000e-04  1.61219465e-07 
 4.90700000e-04  1.60882023e-07 
 4.90800000e-04  1.60692657e-07 
 4.90900000e-04  1.60564996e-07 
 4.91000000e-04  1.60500832e-07 
 4.91100000e-04  1.71923004e-07 
 4.91200000e-04  1.71656487e-07 
 4.91300000e-04  1.71560350e-07 
 4.91400000e-04  1.71475497e-07 
 4.91500000e-04  1.71434962e-07 
 4.91600000e-04  1.57518983e-07 
 4.91700000e-04  1.57086977e-07 
 4.91800000e-04  1.56850374e-07 
 4.91900000e-04  1.56676913e-07 
 4.92000000e-04  1.56568451e-07 
 4.92100000e-04  1.72692304e-07 
 4.92200000e-04  1.72506247e-07 
 4.92300000e-04  1.72410307e-07 
 4.92400000e-04  1.72320383e-07 
 4.92500000e-04  1.72268923e-07 
 4.92600000e-04  1.59547511e-07 
 4.92700000e-04  1.59200438e-07 
 4.92800000e-04  1.59017941e-07 
 4.92900000e-04  1.58892953e-07 
 4.93000000e-04  1.58827177e-07 
 4.93100000e-04  1.72463728e-07 
 4.93200000e-04  1.72238908e-07 
 4.93300000e-04  1.72139497e-07 
 4.93400000e-04  1.72048657e-07 
 4.93500000e-04  1.72021235e-07 
 4.93600000e-04  1.58054179e-07 
 4.93700000e-04  1.57658275e-07 
 4.93800000e-04  1.57437017e-07 
 4.93900000e-04  1.57266967e-07 
 4.94000000e-04  1.57149778e-07 
 4.94100000e-04  1.74802301e-07 
 4.94200000e-04  1.74151458e-07 
 4.94300000e-04  1.73950962e-07 
 4.94400000e-04  1.73881240e-07 
 4.94500000e-04  1.73833758e-07 
 4.94600000e-04  1.63772839e-07 
 4.94700000e-04  1.63425365e-07 
 4.94800000e-04  1.63219321e-07 
 4.94900000e-04  1.63067957e-07 
 4.95000000e-04  1.62972920e-07 
 4.95100000e-04  1.72054654e-07 
 4.95200000e-04  1.71730275e-07 
 4.95300000e-04  1.71616732e-07 
 4.95400000e-04  1.71517770e-07 
 4.95500000e-04  1.71469474e-07 
 4.95600000e-04  1.57584899e-07 
 4.95700000e-04  1.57111947e-07 
 4.95800000e-04  1.56864475e-07 
 4.95900000e-04  1.56683446e-07 
 4.96000000e-04  1.56570902e-07 
 4.96100000e-04  1.72711063e-07 
 4.96200000e-04  1.72507199e-07 
 4.96300000e-04  1.72417660e-07 
 4.96400000e-04  1.72336316e-07 
 4.96500000e-04  1.72289750e-07 
 4.96600000e-04  1.59555901e-07 
 4.96700000e-04  1.59204060e-07 
 4.96800000e-04  1.59026009e-07 
 4.96900000e-04  1.58895641e-07 
 4.97000000e-04  1.58814426e-07 
 4.97100000e-04  1.72478421e-07 
 4.97200000e-04  1.72229035e-07 
 4.97300000e-04  1.72135106e-07 
 4.97400000e-04  1.72052561e-07 
 4.97500000e-04  1.72016238e-07 
 4.97600000e-04  1.58048652e-07 
 4.97700000e-04  1.57641629e-07 
 4.97800000e-04  1.57436544e-07 
 4.97900000e-04  1.57273485e-07 
 4.98000000e-04  1.57153764e-07 
 4.98100000e-04  1.73846063e-07 
 4.98200000e-04  1.73531914e-07 
 4.98300000e-04  1.73416237e-07 
 4.98400000e-04  1.73314616e-07 
 4.98500000e-04  1.73249218e-07 
 4.98600000e-04  1.61806190e-07 
 4.98700000e-04  1.61452025e-07 
 4.98800000e-04  1.61275825e-07 
 4.98900000e-04  1.61154024e-07 
 4.99000000e-04  1.61088348e-07 
 4.99100000e-04  1.72553609e-07 
 4.99200000e-04  1.72265012e-07 
 4.99300000e-04  1.72167045e-07 
 4.99400000e-04  1.72082220e-07 
 4.99500000e-04  1.72053247e-07 
 4.99600000e-04  1.58109860e-07 
 4.99700000e-04  1.57666670e-07 
 4.99800000e-04  1.57433897e-07 
 4.99900000e-04  1.57261426e-07 
 5.00000000e-04  1.57151171e-07 
 5.00100000e-04  1.73322003e-07 
 5.00200000e-04  1.73115651e-07 
 5.00300000e-04  1.73023283e-07 
 5.00400000e-04  1.72939365e-07 
 5.00500000e-04  1.72889914e-07 
 5.00600000e-04  1.60135906e-07 
 5.00700000e-04  1.59785115e-07 
 5.00800000e-04  1.59605214e-07 
 5.00900000e-04  1.59473682e-07 
 5.01000000e-04  1.59392052e-07 
 5.01100000e-04  1.73088443e-07 
 5.01200000e-04  1.72833332e-07 
 5.01300000e-04  1.72740099e-07 
 5.01400000e-04  1.72658676e-07 
 5.01500000e-04  1.72624317e-07 
 5.01600000e-04  1.58621450e-07 
 5.01700000e-04  1.58243586e-07 
 5.01800000e-04  1.58021917e-07 
 5.01900000e-04  1.57856002e-07 
 5.02000000e-04  1.57747608e-07 
 5.02100000e-04  1.75513754e-07 
 5.02200000e-04  1.75000651e-07 
 5.02300000e-04  1.74823316e-07 
 5.02400000e-04  1.74667879e-07 
 5.02500000e-04  1.74590206e-07 
 5.02600000e-04  1.65721877e-07 
 5.02700000e-04  1.65366324e-07 
 5.02800000e-04  1.65203375e-07 
 5.02900000e-04  1.65093603e-07 
 5.03000000e-04  1.65038692e-07 
 5.03100000e-04  1.72348883e-07 
 5.03200000e-04  1.71920979e-07 
 5.03300000e-04  1.71765431e-07 
 5.03400000e-04  1.71628743e-07 
 5.03500000e-04  1.71553070e-07 
 5.03600000e-04  1.57691094e-07 
 5.03700000e-04  1.57165297e-07 
 5.03800000e-04  1.56922658e-07 
 5.03900000e-04  1.56738809e-07 
 5.04000000e-04  1.56615613e-07 
 5.04100000e-04  1.74693505e-07 
 5.04200000e-04  1.74133209e-07 
 5.04300000e-04  1.73946983e-07 
 5.04400000e-04  1.73853130e-07 
 5.04500000e-04  1.73789127e-07 
 5.04600000e-04  1.60588306e-07 
 5.04700000e-04  1.60069495e-07 
 5.04800000e-04  1.59843200e-07 
 5.04900000e-04  1.59675141e-07 
 5.05000000e-04  1.59566565e-07 
 5.05100000e-04  1.03759441e-04 
 5.05200000e-04  1.03758991e-04 
 5.05300000e-04  1.03758851e-04 
 5.05400000e-04  1.03758733e-04 
 5.05500000e-04  1.03758699e-04 
 5.05600000e-04  1.03744747e-04 
 5.05700000e-04  1.03744313e-04 
 5.05800000e-04  1.03744094e-04 
 5.05900000e-04  1.03743929e-04 
 5.06000000e-04  1.03743822e-04 
 5.06100000e-04  1.75029347e-07 
 5.06200000e-04  1.74658469e-07 
 5.06300000e-04  1.74526883e-07 
 5.06400000e-04  1.74412120e-07 
 5.06500000e-04  1.74376776e-07 
 5.06600000e-04  1.62926084e-07 
 5.06700000e-04  1.62548394e-07 
 5.06800000e-04  1.62368776e-07 
 5.06900000e-04  1.62246040e-07 
 5.07000000e-04  1.62181991e-07 
 5.07100000e-04  1.73710568e-07 
 5.07200000e-04  1.73428866e-07 
 5.07300000e-04  1.73322065e-07 
 5.07400000e-04  1.73227146e-07 
 5.07500000e-04  1.73184888e-07 
 5.07600000e-04  1.59194760e-07 
 5.07700000e-04  1.58748812e-07 
 5.07800000e-04  1.58520893e-07 
 5.07900000e-04  1.58359413e-07 
 5.08000000e-04  1.58266478e-07 
 5.08100000e-04  1.74492008e-07 
 5.08200000e-04  1.74260685e-07 
 5.08300000e-04  1.74172659e-07 
 5.08400000e-04  1.74095850e-07 
 5.08500000e-04  1.74032777e-07 
 5.08600000e-04  1.61226684e-07 
 5.08700000e-04  1.60869629e-07 
 5.08800000e-04  1.60702495e-07 
 5.08900000e-04  1.60581404e-07 
 5.09000000e-04  1.60507815e-07 
 5.09100000e-04  1.74252239e-07 
 5.09200000e-04  1.73987824e-07 
 5.09300000e-04  1.73898092e-07 
 5.09400000e-04  1.73821858e-07 
 5.09500000e-04  1.73777621e-07 
 5.09600000e-04  1.59724035e-07 
 5.09700000e-04  1.59325185e-07 
 5.09800000e-04  1.59106519e-07 
 5.09900000e-04  1.58946013e-07 
 5.10000000e-04  1.58845510e-07 
 5.10100000e-04  1.76148318e-07 
 5.10200000e-04  1.75710262e-07 
 5.10300000e-04  1.75558240e-07 
 5.10400000e-04  1.75426022e-07 
 5.10500000e-04  1.75360583e-07 
 5.10600000e-04  1.65128123e-07 
 5.10700000e-04  1.64788324e-07 
 5.10800000e-04  1.64626283e-07 
 5.10900000e-04  1.64517693e-07 
 5.11000000e-04  1.64464248e-07 
 5.11100000e-04  1.73837846e-07 
 5.11200000e-04  1.73506588e-07 
 5.11300000e-04  1.73383208e-07 
 5.11400000e-04  1.73273717e-07 
 5.11500000e-04  1.73231028e-07 
 5.11600000e-04  1.59250523e-07 
 5.11700000e-04  1.58774946e-07 
 5.11800000e-04  1.58546454e-07 
 5.11900000e-04  1.58377756e-07 
 5.12000000e-04  1.58270749e-07 
 5.12100000e-04  1.74486609e-07 
 5.12200000e-04  1.74279683e-07 
 5.12300000e-04  1.74176562e-07 
 5.12400000e-04  1.74080595e-07 
 5.12500000e-04  1.74051782e-07 
 5.12600000e-04  1.61210971e-07 
 5.12700000e-04  1.60882062e-07 
 5.12800000e-04  1.60702892e-07 
 5.12900000e-04  1.60573793e-07 
 5.13000000e-04  1.60496354e-07 
 5.13100000e-04  1.74248062e-07 
 5.13200000e-04  1.73979980e-07 
 5.13300000e-04  1.73889504e-07 
 5.13400000e-04  1.73812623e-07 
 5.13500000e-04  1.73770772e-07 
 5.13600000e-04  1.59697860e-07 
 5.13700000e-04  1.59309854e-07 
 5.13800000e-04  1.59099911e-07 
 5.13900000e-04  1.58940388e-07 
 5.14000000e-04  1.58832884e-07 
 5.14100000e-04  1.75613605e-07 
 5.14200000e-04  1.75287810e-07 
 5.14300000e-04  1.75168234e-07 
 5.14400000e-04  1.75063228e-07 
 5.14500000e-04  1.74999399e-07 
 5.14600000e-04  1.63478889e-07 
 5.14700000e-04  1.63133540e-07 
 5.14800000e-04  1.62950554e-07 
 5.14900000e-04  1.62832549e-07 
 5.15000000e-04  1.62781586e-07 
 5.15100000e-04  1.74315787e-07 
 5.15200000e-04  1.74043680e-07 
 5.15300000e-04  1.73935075e-07 
 5.15400000e-04  1.73837122e-07 
 5.15500000e-04  1.73790678e-07 
 5.15600000e-04  1.59765152e-07 
 5.15700000e-04  1.59333374e-07 
 5.15800000e-04  1.59106929e-07 
 5.15900000e-04  1.58941885e-07 
 5.16000000e-04  1.58840189e-07 
 5.16100000e-04  1.75089320e-07 
 5.16200000e-04  1.74887553e-07 
 5.16300000e-04  1.74787300e-07 
 5.16400000e-04  1.74694059e-07 
 5.16500000e-04  1.74638913e-07 
 5.16600000e-04  1.61807210e-07 
 5.16700000e-04  1.61456485e-07 
 5.16800000e-04  1.61282175e-07 
 5.16900000e-04  1.61161350e-07 
 5.17000000e-04  1.61095705e-07 
 5.17100000e-04  1.74854080e-07 
 5.17200000e-04  1.74594259e-07 
 5.17300000e-04  1.74507229e-07 
 5.17400000e-04  1.74432933e-07 
 5.17500000e-04  1.74395488e-07 
 5.17600000e-04  1.60296849e-07 
 5.17700000e-04  1.59898085e-07 
 5.17800000e-04  1.59682881e-07 
 5.17900000e-04  1.59525122e-07 
 5.18000000e-04  1.59426631e-07 
 5.18100000e-04  1.88933005e-07 
 5.18200000e-04  1.86316970e-07 
 5.18300000e-04  1.85506073e-07 
 5.18400000e-04  1.85260286e-07 
 5.18500000e-04  1.85014499e-07 
 5.18600000e-04  1.75741845e-07 
 5.18700000e-04  1.74592961e-07 
 5.18800000e-04  1.74271847e-07 
 5.18900000e-04  1.74066096e-07 
 5.19000000e-04  1.73977787e-07 
 5.19100000e-04  1.71283393e-07 
 5.19200000e-04  1.70512208e-07 
 5.19300000e-04  1.70302260e-07 
 5.19400000e-04  1.70128016e-07 
 5.19500000e-04  1.70054687e-07 
 5.19600000e-04  1.57648419e-07 
 5.19700000e-04  1.56967683e-07 
 5.19800000e-04  1.56706983e-07 
 5.19900000e-04 -0.00000000e+00 
 5.20000000e-04  1.56574598e-07 
