 time            -i(vdd)        
 2.60000000e-04 -1.26577369e-04 
 2.60100000e-04  1.83731712e-07 
 2.60200000e-04  1.75017117e-07 
 2.60300000e-04  1.72689517e-07 
 2.60400000e-04  1.70727119e-07 
 2.60500000e-04  1.70076527e-07 
 2.60600000e-04  1.76680986e-07 
 2.60700000e-04  1.75910958e-07 
 2.60800000e-04  1.75485314e-07 
 2.60900000e-04  1.75139239e-07 
 2.61000000e-04  1.74874458e-07 
 2.61100000e-04  1.56450103e-07 
 2.61200000e-04  1.54082744e-07 
 2.61300000e-04  1.53475259e-07 
 2.61400000e-04  1.52983735e-07 
 2.61500000e-04  1.52783116e-07 
 2.61600000e-04  1.38889791e-07 
 2.61700000e-04  1.37641163e-07 
 2.61800000e-04  1.37195107e-07 
 2.61900000e-04  1.36877318e-07 
 2.62000000e-04  1.36691867e-07 
 2.62100000e-04  1.61891388e-07 
 2.62200000e-04  1.60617266e-07 
 2.62300000e-04  1.60331926e-07 
 2.62400000e-04  1.60126578e-07 
 2.62500000e-04  1.60043485e-07 
 2.62600000e-04  1.48503572e-07 
 2.62700000e-04  1.47917100e-07 
 2.62800000e-04  1.47634453e-07 
 2.62900000e-04  1.47421315e-07 
 2.63000000e-04  1.47279172e-07 
 2.63100000e-04  1.99994730e-07 
 2.63200000e-04  1.94212340e-07 
 2.63300000e-04  1.92920736e-07 
 2.63400000e-04  1.91924472e-07 
 2.63500000e-04  1.91649474e-07 
 2.63600000e-04  1.78192959e-07 
 2.63700000e-04  1.77570189e-07 
 2.63800000e-04  1.77247874e-07 
 2.63900000e-04  1.77000023e-07 
 2.64000000e-04  1.76828996e-07 
 2.64100000e-04  1.72661499e-07 
 2.64200000e-04  1.68076759e-07 
 2.64300000e-04  1.67028805e-07 
 2.64400000e-04  1.66211324e-07 
 2.64500000e-04  1.65972130e-07 
 2.64600000e-04  1.53759586e-07 
 2.64700000e-04  1.53121741e-07 
 2.64800000e-04  1.52814117e-07 
 2.64900000e-04  1.52582425e-07 
 2.65000000e-04  1.52429070e-07 
 2.65100000e-04  1.66021029e-07 
 2.65200000e-04  1.65521502e-07 
 2.65300000e-04  1.65362777e-07 
 2.65400000e-04  1.65226940e-07 
 2.65500000e-04  1.65176983e-07 
 2.65600000e-04  1.51587360e-07 
 2.65700000e-04  1.51138413e-07 
 2.65800000e-04  1.50913689e-07 
 2.65900000e-04  1.50743030e-07 
 2.66000000e-04  1.50628148e-07 
 2.66100000e-04  1.67004846e-07 
 2.66200000e-04  1.66733339e-07 
 2.66300000e-04  1.66636869e-07 
 2.66400000e-04  1.66552521e-07 
 2.66500000e-04  1.66508491e-07 
 2.66600000e-04  1.55444941e-07 
 2.66700000e-04  1.55022829e-07 
 2.66800000e-04  1.54813791e-07 
 2.66900000e-04  1.54666524e-07 
 2.67000000e-04  1.54582983e-07 
 2.67100000e-04  1.66084306e-07 
 2.67200000e-04  1.65567120e-07 
 2.67300000e-04  1.65412664e-07 
 2.67400000e-04  1.65281044e-07 
 2.67500000e-04  1.65226270e-07 
 2.67600000e-04  1.51672046e-07 
 2.67700000e-04  1.51176440e-07 
 2.67800000e-04  1.50919181e-07 
 2.67900000e-04  1.50723426e-07 
 2.68000000e-04  1.50591122e-07 
 2.68100000e-04  1.66386014e-07 
 2.68200000e-04  1.66214794e-07 
 2.68300000e-04  1.66134722e-07 
 2.68400000e-04  1.66061006e-07 
 2.68500000e-04  1.66028757e-07 
 2.68600000e-04  1.53648948e-07 
 2.68700000e-04  1.53255996e-07 
 2.68800000e-04  1.53047529e-07 
 2.68900000e-04  1.52891947e-07 
 2.69000000e-04  1.52790923e-07 
 2.69100000e-04  1.66107088e-07 
 2.69200000e-04  1.65901283e-07 
 2.69300000e-04  1.65831376e-07 
 2.69400000e-04  1.65770776e-07 
 2.69500000e-04  1.65754505e-07 
 2.69600000e-04  1.52107151e-07 
 2.69700000e-04  1.51662785e-07 
 2.69800000e-04  1.51426792e-07 
 2.69900000e-04  1.51249033e-07 
 2.70000000e-04  1.51131346e-07 
 2.70100000e-04  1.68005366e-07 
 2.70200000e-04  1.67616711e-07 
 2.70300000e-04  1.67493501e-07 
 2.70400000e-04  1.67388280e-07 
 2.70500000e-04  1.67319845e-07 
 2.70600000e-04  1.57533290e-07 
 2.70700000e-04  1.57126807e-07 
 2.70800000e-04  1.56923766e-07 
 2.70900000e-04  1.56793781e-07 
 2.71000000e-04  1.56739162e-07 
 2.71100000e-04  1.66098958e-07 
 2.71200000e-04  1.65545945e-07 
 2.71300000e-04  1.65378011e-07 
 2.71400000e-04  1.65234213e-07 
 2.71500000e-04  1.65188928e-07 
 2.71600000e-04  1.51646170e-07 
 2.71700000e-04  1.51104383e-07 
 2.71800000e-04  1.50845953e-07 
 2.71900000e-04  1.50646058e-07 
 2.72000000e-04  1.50506548e-07 
 2.72100000e-04  1.66320988e-07 
 2.72200000e-04  1.66150529e-07 
 2.72300000e-04  1.66075953e-07 
 2.72400000e-04  1.66008158e-07 
 2.72500000e-04  1.65980966e-07 
 2.72600000e-04  1.53580844e-07 
 2.72700000e-04  1.53195473e-07 
 2.72800000e-04  1.52985427e-07 
 2.72900000e-04  1.52833265e-07 
 2.73000000e-04  1.52740812e-07 
 2.73100000e-04  1.66064394e-07 
 2.73200000e-04  1.65855928e-07 
 2.73300000e-04  1.65791641e-07 
 2.73400000e-04  1.65737318e-07 
 2.73500000e-04  1.65689026e-07 
 2.73600000e-04  1.52057990e-07 
 2.73700000e-04  1.51616334e-07 
 2.73800000e-04  1.51387676e-07 
 2.73900000e-04  1.51209436e-07 
 2.74000000e-04  1.51083205e-07 
 2.74100000e-04  1.67433814e-07 
 2.74200000e-04  1.67156434e-07 
 2.74300000e-04  1.67059057e-07 
 2.74400000e-04  1.66973763e-07 
 2.74500000e-04  1.66919690e-07 
 2.74600000e-04  1.55826376e-07 
 2.74700000e-04  1.55434523e-07 
 2.74800000e-04  1.55216089e-07 
 2.74900000e-04  1.55069285e-07 
 2.75000000e-04  1.54996371e-07 
 2.75100000e-04  1.66139700e-07 
 2.75200000e-04  1.65905080e-07 
 2.75300000e-04  1.65819148e-07 
 2.75400000e-04  1.65742773e-07 
 2.75500000e-04  1.65710778e-07 
 2.75600000e-04  1.52109304e-07 
 2.75700000e-04  1.51634645e-07 
 2.75800000e-04  1.51383184e-07 
 2.75900000e-04  1.51193874e-07 
 2.76000000e-04  1.51068672e-07 
 2.76100000e-04  1.66899716e-07 
 2.76200000e-04  1.66723711e-07 
 2.76300000e-04  1.66651949e-07 
 2.76400000e-04  1.66587520e-07 
 2.76500000e-04  1.66549607e-07 
 2.76600000e-04  1.54149067e-07 
 2.76700000e-04  1.53740639e-07 
 2.76800000e-04  1.53541164e-07 
 2.76900000e-04  1.53400483e-07 
 2.77000000e-04  1.53320444e-07 
 2.77100000e-04  1.66672083e-07 
 2.77200000e-04  1.66456885e-07 
 2.77300000e-04  1.66380313e-07 
 2.77400000e-04  1.66313938e-07 
 2.77500000e-04  1.66289804e-07 
 2.77600000e-04  1.52618114e-07 
 2.77700000e-04  1.52187649e-07 
 2.77800000e-04  1.51958990e-07 
 2.77900000e-04  1.51781276e-07 
 2.78000000e-04  1.51656108e-07 
 2.78100000e-04  1.69106311e-07 
 2.78200000e-04  1.68605274e-07 
 2.78300000e-04  1.68447732e-07 
 2.78400000e-04  1.68313216e-07 
 2.78500000e-04  1.68253532e-07 
 2.78600000e-04  1.59720101e-07 
 2.78700000e-04  1.59319329e-07 
 2.78800000e-04  1.59126466e-07 
 2.78900000e-04  1.59006359e-07 
 2.79000000e-04  1.58961299e-07 
 2.79100000e-04  1.66278231e-07 
 2.79200000e-04  1.65618845e-07 
 2.79300000e-04  1.65434712e-07 
 2.79400000e-04  1.65281452e-07 
 2.79500000e-04  1.65199039e-07 
 2.79600000e-04  1.51667447e-07 
 2.79700000e-04  1.51112997e-07 
 2.79800000e-04  1.50843684e-07 
 2.79900000e-04  1.50634748e-07 
 2.80000000e-04  1.50488082e-07 
 2.80100000e-04  1.66317589e-07 
 2.80200000e-04  1.66134721e-07 
 2.80300000e-04  1.66059598e-07 
 2.80400000e-04  1.65992561e-07 
 2.80500000e-04  1.65954118e-07 
 2.80600000e-04  1.53560938e-07 
 2.80700000e-04  1.53162359e-07 
 2.80800000e-04  1.52960285e-07 
 2.80900000e-04  1.52810455e-07 
 2.81000000e-04  1.52714509e-07 
 2.81100000e-04  1.66044380e-07 
 2.81200000e-04  1.65841809e-07 
 2.81300000e-04  1.65765070e-07 
 2.81400000e-04  1.65696730e-07 
 2.81500000e-04  1.65680201e-07 
 2.81600000e-04  1.52027818e-07 
 2.81700000e-04  1.51607300e-07 
 2.81800000e-04  1.51363787e-07 
 2.81900000e-04  1.51175317e-07 
 2.82000000e-04  1.51043613e-07 
 2.82100000e-04  1.67415334e-07 
 2.82200000e-04  1.67141879e-07 
 2.82300000e-04  1.67040255e-07 
 2.82400000e-04  1.66949936e-07 
 2.82500000e-04  1.66901411e-07 
 2.82600000e-04  1.55800932e-07 
 2.82700000e-04  1.55403046e-07 
 2.82800000e-04  1.55204378e-07 
 2.82900000e-04  1.55060832e-07 
 2.83000000e-04  1.54974135e-07 
 2.83100000e-04  1.66121277e-07 
 2.83200000e-04  1.65881416e-07 
 2.83300000e-04  1.65790169e-07 
 2.83400000e-04  1.65708730e-07 
 2.83500000e-04  1.65684802e-07 
 2.83600000e-04  1.52077236e-07 
 2.83700000e-04  1.51598015e-07 
 2.83800000e-04  1.51350313e-07 
 2.83900000e-04  1.51163715e-07 
 2.84000000e-04  1.51040137e-07 
 2.84100000e-04  1.66881567e-07 
 2.84200000e-04  1.66719493e-07 
 2.84300000e-04  1.66638613e-07 
 2.84400000e-04  1.66562700e-07 
 2.84500000e-04  1.66533488e-07 
 2.84600000e-04  1.54129983e-07 
 2.84700000e-04  1.53743858e-07 
 2.84800000e-04  1.53533876e-07 
 2.84900000e-04  1.53381570e-07 
 2.85000000e-04  1.53288727e-07 
 2.85100000e-04  1.68397845e-07 
 2.85200000e-04  1.67918979e-07 
 2.85300000e-04  1.67747000e-07 
 2.85400000e-04  1.67666682e-07 
 2.85500000e-04  1.67615982e-07 
 2.85600000e-04  1.53472564e-07 
 2.85700000e-04  1.52871710e-07 
 2.85800000e-04  1.52606244e-07 
 2.85900000e-04  1.52410888e-07 
 2.86000000e-04  1.52287116e-07 
 2.86100000e-04  1.03755468e-04 
 2.86200000e-04  1.03754895e-04 
 2.86300000e-04  1.03754724e-04 
 2.86400000e-04  1.03754578e-04 
 2.86500000e-04  1.03754503e-04 
 2.86600000e-04  1.03744692e-04 
 2.86700000e-04  1.03744259e-04 
 2.86800000e-04  1.03744064e-04 
 2.86900000e-04  1.03743934e-04 
 2.87000000e-04  1.03743872e-04 
 2.87100000e-04  1.67371985e-07 
 2.87200000e-04  1.67057266e-07 
 2.87300000e-04  1.66962681e-07 
 2.87400000e-04  1.66882362e-07 
 2.87500000e-04  1.66827492e-07 
 2.87600000e-04  1.53246574e-07 
 2.87700000e-04  1.52723693e-07 
 2.87800000e-04  1.52469547e-07 
 2.87900000e-04  1.52278110e-07 
 2.88000000e-04  1.52151349e-07 
 2.88100000e-04  1.68053551e-07 
 2.88200000e-04  1.67869756e-07 
 2.88300000e-04  1.67795821e-07 
 2.88400000e-04  1.67730090e-07 
 2.88500000e-04  1.67679323e-07 
 2.88600000e-04  1.55215690e-07 
 2.88700000e-04  1.54813613e-07 
 2.88800000e-04  1.54612267e-07 
 2.88900000e-04  1.54468976e-07 
 2.89000000e-04  1.54385553e-07 
 2.89100000e-04  1.67810915e-07 
 2.89200000e-04  1.67580689e-07 
 2.89300000e-04  1.67510801e-07 
 2.89400000e-04  1.67453141e-07 
 2.89500000e-04  1.67409304e-07 
 2.89600000e-04  1.53701994e-07 
 2.89700000e-04  1.53260073e-07 
 2.89800000e-04  1.53029346e-07 
 2.89900000e-04  1.52855833e-07 
 2.90000000e-04  1.52741322e-07 
 2.90100000e-04  1.69186677e-07 
 2.90200000e-04  1.68887526e-07 
 2.90300000e-04  1.68778829e-07 
 2.90400000e-04  1.68683431e-07 
 2.90500000e-04  1.68646541e-07 
 2.90600000e-04  1.57450465e-07 
 2.90700000e-04  1.57067269e-07 
 2.90800000e-04  1.56871862e-07 
 2.90900000e-04  1.56735271e-07 
 2.91000000e-04  1.56659334e-07 
 2.91100000e-04  1.67891554e-07 
 2.91200000e-04  1.67647104e-07 
 2.91300000e-04  1.67555280e-07 
 2.91400000e-04  1.67473389e-07 
 2.91500000e-04  1.67430021e-07 
 2.91600000e-04  1.53739109e-07 
 2.91700000e-04  1.53271639e-07 
 2.91800000e-04  1.53023236e-07 
 2.91900000e-04  1.52845205e-07 
 2.92000000e-04  1.52739748e-07 
 2.92100000e-04  1.68646425e-07 
 2.92200000e-04  1.68472049e-07 
 2.92300000e-04  1.68396508e-07 
 2.92400000e-04  1.68327653e-07 
 2.92500000e-04  1.68276007e-07 
 2.92600000e-04  1.55781953e-07 
 2.92700000e-04  1.55404037e-07 
 2.92800000e-04  1.55203463e-07 
 2.92900000e-04  1.55061993e-07 
 2.93000000e-04  1.54981471e-07 
 2.93100000e-04  1.68421170e-07 
 2.93200000e-04  1.68204816e-07 
 2.93300000e-04  1.68122168e-07 
 2.93400000e-04  1.68048623e-07 
 2.93500000e-04  1.68019090e-07 
 2.93600000e-04  1.54278771e-07 
 2.93700000e-04  1.53839588e-07 
 2.93800000e-04  1.53603789e-07 
 2.93900000e-04  1.53430054e-07 
 2.94000000e-04  1.53320318e-07 
 2.94100000e-04  1.71381634e-07 
 2.94200000e-04  1.70765338e-07 
 2.94300000e-04  1.70577671e-07 
 2.94400000e-04  1.70418604e-07 
 2.94500000e-04  1.70339366e-07 
 2.94600000e-04  1.63016035e-07 
 2.94700000e-04  1.62635899e-07 
 2.94800000e-04  1.62452835e-07 
 2.94900000e-04  1.62338070e-07 
 2.95000000e-04  1.62293739e-07 
 2.95100000e-04  1.67730378e-07 
 2.95200000e-04  1.66870920e-07 
 2.95300000e-04  1.66628133e-07 
 2.95400000e-04  1.66424924e-07 
 2.95500000e-04  1.66340545e-07 
 2.95600000e-04  1.52788691e-07 
 2.95700000e-04  1.52179544e-07 
 2.95800000e-04  1.51907310e-07 
 2.95900000e-04  1.51703247e-07 
 2.96000000e-04  1.51569488e-07 
 2.96100000e-04  1.67461583e-07 
 2.96200000e-04  1.67284560e-07 
 2.96300000e-04  1.67203941e-07 
 2.96400000e-04  1.67129990e-07 
 2.96500000e-04  1.67073956e-07 
 2.96600000e-04  1.54602317e-07 
 2.96700000e-04  1.54234172e-07 
 2.96800000e-04  1.54025982e-07 
 2.96900000e-04  1.53881202e-07 
 2.97000000e-04  1.53801807e-07 
 2.97100000e-04  1.67188150e-07 
 2.97200000e-04  1.66957647e-07 
 2.97300000e-04  1.66881260e-07 
 2.97400000e-04  1.66816257e-07 
 2.97500000e-04  1.66804995e-07 
 2.97600000e-04  1.53100712e-07 
 2.97700000e-04  1.52662240e-07 
 2.97800000e-04  1.52421322e-07 
 2.97900000e-04  1.52239169e-07 
 2.98000000e-04  1.52117611e-07 
 2.98100000e-04  1.68545864e-07 
 2.98200000e-04  1.68271895e-07 
 2.98300000e-04  1.68164670e-07 
 2.98400000e-04  1.68068272e-07 
 2.98500000e-04  1.68031681e-07 
 2.98600000e-04  1.56860889e-07 
 2.98700000e-04  1.56462576e-07 
 2.98800000e-04  1.56266034e-07 
 2.98900000e-04  1.56131954e-07 
 2.99000000e-04  1.56062283e-07 
 2.99100000e-04  1.67260423e-07 
 2.99200000e-04  1.67004487e-07 
 2.99300000e-04  1.66919962e-07 
 2.99400000e-04  1.66847267e-07 
 2.99500000e-04  1.66821496e-07 
 2.99600000e-04  1.53152839e-07 
 2.99700000e-04  1.52672960e-07 
 2.99800000e-04  1.52423327e-07 
 2.99900000e-04  1.52240158e-07 
 3.00000000e-04  1.52125526e-07 
 3.00100000e-04  1.68011207e-07 
 3.00200000e-04  1.67849757e-07 
 3.00300000e-04  1.67770432e-07 
 3.00400000e-04  1.67696273e-07 
 3.00500000e-04  1.67650195e-07 
 3.00600000e-04  1.55191443e-07 
 3.00700000e-04  1.54804003e-07 
 3.00800000e-04  1.54604428e-07 
 3.00900000e-04  1.54463467e-07 
 3.01000000e-04  1.54382942e-07 
 3.01100000e-04  1.67785615e-07 
 3.01200000e-04  1.67561678e-07 
 3.01300000e-04  1.67490456e-07 
 3.01400000e-04  1.67430503e-07 
 3.01500000e-04  1.67403128e-07 
 3.01600000e-04  1.53667700e-07 
 3.01700000e-04  1.53239722e-07 
 3.01800000e-04  1.53007120e-07 
 3.01900000e-04  1.52829061e-07 
 3.02000000e-04  1.52707235e-07 
 3.02100000e-04  1.69687554e-07 
 3.02200000e-04  1.69290793e-07 
 3.02300000e-04  1.69153385e-07 
 3.02400000e-04  1.69033215e-07 
 3.02500000e-04  1.68998746e-07 
 3.02600000e-04  1.59104330e-07 
 3.02700000e-04  1.58702070e-07 
 3.02800000e-04  1.58512069e-07 
 3.02900000e-04  1.58383956e-07 
 3.03000000e-04  1.58319654e-07 
 3.03100000e-04  1.67365303e-07 
 3.03200000e-04  1.67089203e-07 
 3.03300000e-04  1.66992099e-07 
 3.03400000e-04  1.66906442e-07 
 3.03500000e-04  1.66846784e-07 
 3.03600000e-04  1.53220114e-07 
 3.03700000e-04  1.52706533e-07 
 3.03800000e-04  1.52443651e-07 
 3.03900000e-04  1.52249329e-07 
 3.04000000e-04  1.52125700e-07 
 3.04100000e-04  1.68041586e-07 
 3.04200000e-04  1.67854192e-07 
 3.04300000e-04  1.67775557e-07 
 3.04400000e-04  1.67705090e-07 
 3.04500000e-04  1.67658334e-07 
 3.04600000e-04  1.55184940e-07 
 3.04700000e-04  1.54799505e-07 
 3.04800000e-04  1.54608325e-07 
 3.04900000e-04  1.54469922e-07 
 3.05000000e-04  1.54385928e-07 
 3.05100000e-04  1.67782738e-07 
 3.05200000e-04  1.67580496e-07 
 3.05300000e-04  1.67507796e-07 
 3.05400000e-04  1.67443767e-07 
 3.05500000e-04  1.67408276e-07 
 3.05600000e-04  1.53677863e-07 
 3.05700000e-04  1.53250212e-07 
 3.05800000e-04  1.53007887e-07 
 3.05900000e-04  1.52828023e-07 
 3.06000000e-04  1.52712557e-07 
 3.06100000e-04  1.69154912e-07 
 3.06200000e-04  1.68869378e-07 
 3.06300000e-04  1.68764792e-07 
 3.06400000e-04  1.68672369e-07 
 3.06500000e-04  1.68636379e-07 
 3.06600000e-04  1.57431224e-07 
 3.06700000e-04  1.57043565e-07 
 3.06800000e-04  1.56850084e-07 
 3.06900000e-04  1.56716563e-07 
 3.07000000e-04  1.56644861e-07 
 3.07100000e-04  1.67864822e-07 
 3.07200000e-04  1.67617314e-07 
 3.07300000e-04  1.67532090e-07 
 3.07400000e-04  1.67457435e-07 
 3.07500000e-04  1.67433820e-07 
 3.07600000e-04  1.53729655e-07 
 3.07700000e-04  1.53270244e-07 
 3.07800000e-04  1.53017535e-07 
 3.07900000e-04  1.52829171e-07 
 3.08000000e-04  1.52707148e-07 
 3.08100000e-04  1.68633109e-07 
 3.08200000e-04  1.68457232e-07 
 3.08300000e-04  1.68379040e-07 
 3.08400000e-04  1.68307715e-07 
 3.08500000e-04  1.68282544e-07 
 3.08600000e-04  1.55760883e-07 
 3.08700000e-04  1.55393860e-07 
 3.08800000e-04  1.55198066e-07 
 3.08900000e-04  1.55055767e-07 
 3.09000000e-04  1.54968612e-07 
 3.09100000e-04  1.68404712e-07 
 3.09200000e-04  1.68177080e-07 
 3.09300000e-04  1.68103129e-07 
 3.09400000e-04  1.68040317e-07 
 3.09500000e-04  1.68008676e-07 
 3.09600000e-04  1.54264801e-07 
 3.09700000e-04  1.53825997e-07 
 3.09800000e-04  1.53601905e-07 
 3.09900000e-04  1.53426808e-07 
 3.10000000e-04  1.53302214e-07 
 3.10100000e-04  1.70845677e-07 
 3.10200000e-04  1.70335279e-07 
 3.10300000e-04  1.70173848e-07 
 3.10400000e-04  1.70035702e-07 
 3.10500000e-04  1.69980862e-07 
 3.10600000e-04  1.61345717e-07 
 3.10700000e-04  1.60971937e-07 
 3.10800000e-04  1.60772675e-07 
 3.10900000e-04  1.60652905e-07 
 3.11000000e-04  1.60615103e-07 
 3.11100000e-04  1.67656246e-07 
 3.11200000e-04  1.67273218e-07 
 3.11300000e-04  1.67128158e-07 
 3.11400000e-04  1.66998705e-07 
 3.11500000e-04  1.66926633e-07 
 3.11600000e-04  1.53316116e-07 
 3.11700000e-04  1.52760777e-07 
 3.11800000e-04  1.52493578e-07 
 3.11900000e-04  1.52291026e-07 
 3.12000000e-04  1.52155126e-07 
 3.12100000e-04  1.68070876e-07 
 3.12200000e-04  1.67886580e-07 
 3.12300000e-04  1.67808482e-07 
 3.12400000e-04  1.67738008e-07 
 3.12500000e-04  1.67697512e-07 
 3.12600000e-04  1.55199027e-07 
 3.12700000e-04  1.54823538e-07 
 3.12800000e-04  1.54623216e-07 
 3.12900000e-04  1.54478750e-07 
 3.13000000e-04  1.54391861e-07 
 3.13100000e-04  1.67793563e-07 
 3.13200000e-04  1.67593501e-07 
 3.13300000e-04  1.67514464e-07 
 3.13400000e-04  1.67443280e-07 
 3.13500000e-04  1.67412157e-07 
 3.13600000e-04  1.53693064e-07 
 3.13700000e-04  1.53242127e-07 
 3.13800000e-04  1.53019137e-07 
 3.13900000e-04  1.52846674e-07 
 3.14000000e-04  1.52726292e-07 
 3.14100000e-04  1.69165993e-07 
 3.14200000e-04  1.68892038e-07 
 3.14300000e-04  1.68787479e-07 
 3.14400000e-04  1.68693647e-07 
 3.14500000e-04  1.68646470e-07 
 3.14600000e-04  1.57429774e-07 
 3.14700000e-04  1.57047670e-07 
 3.14800000e-04  1.56856318e-07 
 3.14900000e-04  1.56721880e-07 
 3.15000000e-04  1.56646109e-07 
 3.15100000e-04  1.67870497e-07 
 3.15200000e-04  1.67628617e-07 
 3.15300000e-04  1.67540195e-07 
 3.15400000e-04  1.67461567e-07 
 3.15500000e-04  1.67427368e-07 
 3.15600000e-04  1.53717794e-07 
 3.15700000e-04  1.53263951e-07 
 3.15800000e-04  1.53016934e-07 
 3.15900000e-04  1.52836748e-07 
 3.16000000e-04  1.52725461e-07 
 3.16100000e-04  1.68654527e-07 
 3.16200000e-04  1.68464966e-07 
 3.16300000e-04  1.68380956e-07 
 3.16400000e-04  1.68304846e-07 
 3.16500000e-04  1.68269702e-07 
 3.16600000e-04  1.55760211e-07 
 3.16700000e-04  1.55388032e-07 
 3.16800000e-04  1.55185055e-07 
 3.16900000e-04  1.55045476e-07 
 3.17000000e-04  1.54971254e-07 
 3.17100000e-04  1.68416614e-07 
 3.17200000e-04  1.68174323e-07 
 3.17300000e-04  1.68111237e-07 
 3.17400000e-04  1.68061972e-07 
 3.17500000e-04  1.68010907e-07 
 3.17600000e-04  1.54255339e-07 
 3.17700000e-04  1.53822662e-07 
 3.17800000e-04  1.53602063e-07 
 3.17900000e-04  1.53431529e-07 
 3.18000000e-04  1.53312591e-07 
 3.18100000e-04  1.70307807e-07 
 3.18200000e-04  1.69928453e-07 
 3.18300000e-04  1.69792535e-07 
 3.18400000e-04  1.69672518e-07 
 3.18500000e-04  1.69612563e-07 
 3.18600000e-04  1.59686973e-07 
 3.18700000e-04  1.59293637e-07 
 3.18800000e-04  1.59112674e-07 
 3.18900000e-04  1.58991335e-07 
 3.19000000e-04  1.58931456e-07 
 3.19100000e-04  1.67995516e-07 
 3.19200000e-04  1.67696390e-07 
 3.19300000e-04  1.67596787e-07 
 3.19400000e-04  1.67510474e-07 
 3.19500000e-04  1.67473744e-07 
 3.19600000e-04  1.53805253e-07 
 3.19700000e-04  1.53300743e-07 
 3.19800000e-04  1.53038046e-07 
 3.19900000e-04  1.52844006e-07 
 3.20000000e-04  1.52720746e-07 
 3.20100000e-04  1.68662568e-07 
 3.20200000e-04  1.68492421e-07 
 3.20300000e-04  1.68410391e-07 
 3.20400000e-04  1.68334038e-07 
 3.20500000e-04  1.68278883e-07 
 3.20600000e-04  1.55778983e-07 
 3.20700000e-04  1.55387789e-07 
 3.20800000e-04  1.55185531e-07 
 3.20900000e-04  1.55048717e-07 
 3.21000000e-04  1.54979366e-07 
 3.21100000e-04  1.68413136e-07 
 3.21200000e-04  1.68197147e-07 
 3.21300000e-04  1.68118528e-07 
 3.21400000e-04  1.68049653e-07 
 3.21500000e-04  1.68013164e-07 
 3.21600000e-04  1.54272046e-07 
 3.21700000e-04  1.53829615e-07 
 3.21800000e-04  1.53593716e-07 
 3.21900000e-04  1.53418151e-07 
 3.22000000e-04  1.53304777e-07 
 3.22100000e-04  1.69783627e-07 
 3.22200000e-04  1.69497172e-07 
 3.22300000e-04  1.69394216e-07 
 3.22400000e-04  1.69303554e-07 
 3.22500000e-04  1.69247986e-07 
 3.22600000e-04  1.58014761e-07 
 3.22700000e-04  1.57653373e-07 
 3.22800000e-04  1.57455322e-07 
 3.22900000e-04  1.57323007e-07 
 3.23000000e-04  1.57258457e-07 
 3.23100000e-04  1.68485548e-07 
 3.23200000e-04  1.68240363e-07 
 3.23300000e-04  1.68155865e-07 
 3.23400000e-04  1.68081952e-07 
 3.23500000e-04  1.68033931e-07 
 3.23600000e-04  1.54298116e-07 
 3.23700000e-04  1.53838969e-07 
 3.23800000e-04  1.53606790e-07 
 3.23900000e-04  1.53434541e-07 
 3.24000000e-04  1.53324066e-07 
 3.24100000e-04  1.69257102e-07 
 3.24200000e-04  1.69073281e-07 
 3.24300000e-04  1.68997987e-07 
 3.24400000e-04  1.68930504e-07 
 3.24500000e-04  1.68898665e-07 
 3.24600000e-04  1.56348674e-07 
 3.24700000e-04  1.55971172e-07 
 3.24800000e-04  1.55781802e-07 
 3.24900000e-04  1.55649751e-07 
 3.25000000e-04  1.55576778e-07 
 3.25100000e-04  1.69032807e-07 
 3.25200000e-04  1.68808066e-07 
 3.25300000e-04  1.68733945e-07 
 3.25400000e-04  1.68670929e-07 
 3.25500000e-04  1.68639712e-07 
 3.25600000e-04  1.54852499e-07 
 3.25700000e-04  1.54430517e-07 
 3.25800000e-04  1.54193730e-07 
 3.25900000e-04  1.54019277e-07 
 3.26000000e-04  1.53909074e-07 
 3.26100000e-04  1.72527836e-07 
 3.26200000e-04  1.71797868e-07 
 3.26300000e-04  1.71587298e-07 
 3.26400000e-04  1.71411778e-07 
 3.26500000e-04  1.71331027e-07 
 3.26600000e-04  1.65261957e-07 
 3.26700000e-04  1.64875532e-07 
 3.26800000e-04  1.64706340e-07 
 3.26900000e-04  1.64604008e-07 
 3.27000000e-04  1.64570595e-07 
 3.27100000e-04  1.67807215e-07 
 3.27200000e-04  1.66870790e-07 
 3.27300000e-04  1.66630213e-07 
 3.27400000e-04  1.66433673e-07 
 3.27500000e-04  1.66354034e-07 
 3.27600000e-04  1.52831531e-07 
 3.27700000e-04  1.52199185e-07 
 3.27800000e-04  1.51903150e-07 
 3.27900000e-04  1.51687077e-07 
 3.28000000e-04  1.51553438e-07 
 3.28100000e-04  1.67464889e-07 
 3.28200000e-04  1.67278269e-07 
 3.28300000e-04  1.67199823e-07 
 3.28400000e-04  1.67129120e-07 
 3.28500000e-04  1.67065659e-07 
 3.28600000e-04  1.54611648e-07 
 3.28700000e-04  1.54224538e-07 
 3.28800000e-04  1.54018273e-07 
 3.28900000e-04  1.53875885e-07 
 3.29000000e-04  1.53799338e-07 
 3.29100000e-04  1.67173064e-07 
 3.29200000e-04  1.66967103e-07 
 3.29300000e-04  1.66888657e-07 
 3.29400000e-04  1.66818507e-07 
 3.29500000e-04  1.66805461e-07 
 3.29600000e-04  1.53097521e-07 
 3.29700000e-04  1.52662037e-07 
 3.29800000e-04  1.52417408e-07 
 3.29900000e-04  1.52233583e-07 
 3.30000000e-04  1.52112424e-07 
 3.30100000e-04  1.68556130e-07 
 3.30200000e-04  1.68269572e-07 
 3.30300000e-04  1.68165418e-07 
 3.30400000e-04  1.68073939e-07 
 3.30500000e-04  1.68014431e-07 
 3.30600000e-04  1.56847943e-07 
 3.30700000e-04  1.56473770e-07 
 3.30800000e-04  1.56270744e-07 
 3.30900000e-04  1.56128309e-07 
 3.31000000e-04  1.56048255e-07 
 3.31100000e-04  1.69181698e-07 
 3.31200000e-04  1.68529644e-07 
 3.31300000e-04  1.68318121e-07 
 3.31400000e-04  1.68219555e-07 
 3.31500000e-04  1.68157488e-07 
 3.31600000e-04  1.53997778e-07 
 3.31700000e-04  1.53365062e-07 
 3.31800000e-04  1.53085026e-07 
 3.31900000e-04  1.52887600e-07 
 3.32000000e-04  1.52774486e-07 
 3.32100000e-04  1.03754939e-04 
 3.32200000e-04  1.03754568e-04 
 3.32300000e-04  1.03754447e-04 
 3.32400000e-04  1.03754342e-04 
 3.32500000e-04  1.03754307e-04 
 3.32600000e-04  1.03741833e-04 
 3.32700000e-04  1.03741420e-04 
 3.32800000e-04  1.03741227e-04 
 3.32900000e-04  1.03741087e-04 
 3.33000000e-04  1.03741000e-04 
 3.33100000e-04  1.68933778e-07 
 3.33200000e-04  1.68682139e-07 
 3.33300000e-04  1.68595182e-07 
 3.33400000e-04  1.68519703e-07 
 3.33500000e-04  1.68497312e-07 
 3.33600000e-04  1.54766611e-07 
 3.33700000e-04  1.54332603e-07 
 3.33800000e-04  1.54086162e-07 
 3.33900000e-04  1.53910619e-07 
 3.34000000e-04  1.53808154e-07 
 3.34100000e-04  1.70835402e-07 
 3.34200000e-04  1.70430078e-07 
 3.34300000e-04  1.70296497e-07 
 3.34400000e-04  1.70181375e-07 
 3.34500000e-04  1.70127796e-07 
 3.34600000e-04  1.60163077e-07 
 3.34700000e-04  1.59790149e-07 
 3.34800000e-04  1.59607547e-07 
 3.34900000e-04  1.59481730e-07 
 3.35000000e-04  1.59414423e-07 
 3.35100000e-04  1.68516210e-07 
 3.35200000e-04  1.68219969e-07 
 3.35300000e-04  1.68111258e-07 
 3.35400000e-04  1.68014867e-07 
 3.35500000e-04  1.67976692e-07 
 3.35600000e-04  1.54292254e-07 
 3.35700000e-04  1.53790874e-07 
 3.35800000e-04  1.53539333e-07 
 3.35900000e-04  1.53348804e-07 
 3.36000000e-04  1.53221153e-07 
 3.36100000e-04  1.69188876e-07 
 3.36200000e-04  1.68986219e-07 
 3.36300000e-04  1.68911550e-07 
 3.36400000e-04  1.68846815e-07 
 3.36500000e-04  1.68805711e-07 
 3.36600000e-04  1.56246145e-07 
 3.36700000e-04  1.55872889e-07 
 3.36800000e-04  1.55683247e-07 
 3.36900000e-04  1.55545586e-07 
 3.37000000e-04  1.55461484e-07 
 3.37100000e-04  1.68925581e-07 
 3.37200000e-04  1.68700489e-07 
 3.37300000e-04  1.68624772e-07 
 3.37400000e-04  1.68559655e-07 
 3.37500000e-04  1.68536445e-07 
 3.37600000e-04  1.54740938e-07 
 3.37700000e-04  1.54331330e-07 
 3.37800000e-04  1.54093558e-07 
 3.37900000e-04  1.53913854e-07 
 3.38000000e-04  1.53793987e-07 
 3.38100000e-04  1.70314366e-07 
 3.38200000e-04  1.70007570e-07 
 3.38300000e-04  1.69897305e-07 
 3.38400000e-04  1.69801151e-07 
 3.38500000e-04  1.69750454e-07 
 3.38600000e-04  1.58489573e-07 
 3.38700000e-04  1.58112220e-07 
 3.38800000e-04  1.57930952e-07 
 3.38900000e-04  1.57802625e-07 
 3.39000000e-04  1.57728849e-07 
 3.39100000e-04  1.69014576e-07 
 3.39200000e-04  1.68755213e-07 
 3.39300000e-04  1.68667255e-07 
 3.39400000e-04  1.68590701e-07 
 3.39500000e-04  1.68543714e-07 
 3.39600000e-04  1.54801929e-07 
 3.39700000e-04  1.54331346e-07 
 3.39800000e-04  1.54094511e-07 
 3.39900000e-04  1.53917291e-07 
 3.40000000e-04  1.53801501e-07 
 3.40100000e-04  1.69779386e-07 
 3.40200000e-04  1.69599506e-07 
 3.40300000e-04  1.69521175e-07 
 3.40400000e-04  1.69449768e-07 
 3.40500000e-04  1.69403099e-07 
 3.40600000e-04  1.56841211e-07 
 3.40700000e-04  1.56462085e-07 
 3.40800000e-04  1.56265826e-07 
 3.40900000e-04  1.56128564e-07 
 3.41000000e-04  1.56052094e-07 
 3.41100000e-04  1.69536312e-07 
 3.41200000e-04  1.69308982e-07 
 3.41300000e-04  1.69235830e-07 
 3.41400000e-04  1.69173810e-07 
 3.41500000e-04  1.69150748e-07 
 3.41600000e-04  1.55319128e-07 
 3.41700000e-04  1.54897108e-07 
 3.41800000e-04  1.54673743e-07 
 3.41900000e-04  1.54500799e-07 
 3.42000000e-04  1.54379800e-07 
 3.42100000e-04  1.71983237e-07 
 3.42200000e-04  1.71472682e-07 
 3.42300000e-04  1.71307788e-07 
 3.42400000e-04  1.71165650e-07 
 3.42500000e-04  1.71091069e-07 
 3.42600000e-04  1.62410025e-07 
 3.42700000e-04  1.62031914e-07 
 3.42800000e-04  1.61848534e-07 
 3.42900000e-04  1.61735156e-07 
 3.43000000e-04  1.61693920e-07 
 3.43100000e-04  1.68801277e-07 
 3.43200000e-04  1.68399544e-07 
 3.43300000e-04  1.68251442e-07 
 3.43400000e-04  1.68120585e-07 
 3.43500000e-04  1.68069816e-07 
 3.43600000e-04  1.54384482e-07 
 3.43700000e-04  1.53826867e-07 
 3.43800000e-04  1.53567631e-07 
 3.43900000e-04  1.53368687e-07 
 3.44000000e-04  1.53231868e-07 
 3.44100000e-04  1.69204232e-07 
 3.44200000e-04  1.69013410e-07 
 3.44300000e-04  1.68929864e-07 
 3.44400000e-04  1.68853918e-07 
 3.44500000e-04  1.68810526e-07 
 3.44600000e-04  1.56259992e-07 
 3.44700000e-04  1.55886714e-07 
 3.44800000e-04  1.55698154e-07 
 3.44900000e-04  1.55560644e-07 
 3.45000000e-04  1.55475723e-07 
 3.45100000e-04  1.68951306e-07 
 3.45200000e-04  1.68715105e-07 
 3.45300000e-04  1.68639341e-07 
 3.45400000e-04  1.68575911e-07 
 3.45500000e-04  1.68529332e-07 
 3.45600000e-04  1.54751597e-07 
 3.45700000e-04  1.54334966e-07 
 3.45800000e-04  1.54098154e-07 
 3.45900000e-04  1.53918295e-07 
 3.46000000e-04  1.53797114e-07 
 3.46100000e-04  1.70320093e-07 
 3.46200000e-04  1.70011358e-07 
 3.46300000e-04  1.69909424e-07 
 3.46400000e-04  1.69822534e-07 
 3.46500000e-04  1.69757237e-07 
 3.46600000e-04  1.58490627e-07 
 3.46700000e-04  1.58115794e-07 
 3.46800000e-04  1.57930212e-07 
 3.46900000e-04  1.57799344e-07 
 3.47000000e-04  1.57724845e-07 
 3.47100000e-04  1.69015789e-07 
 3.47200000e-04  1.68748875e-07 
 3.47300000e-04  1.68664204e-07 
 3.47400000e-04  1.68591934e-07 
 3.47500000e-04  1.68551386e-07 
 3.47600000e-04  1.54790647e-07 
 3.47700000e-04  1.54319148e-07 
 3.47800000e-04  1.54090407e-07 
 3.47900000e-04  1.53916961e-07 
 3.48000000e-04  1.53800482e-07 
 3.48100000e-04  1.69780063e-07 
 3.48200000e-04  1.69613016e-07 
 3.48300000e-04  1.69528438e-07 
 3.48400000e-04  1.69449024e-07 
 3.48500000e-04  1.69396276e-07 
 3.48600000e-04  1.56822734e-07 
 3.48700000e-04  1.56458382e-07 
 3.48800000e-04  1.56271861e-07 
 3.48900000e-04  1.56131385e-07 
 3.49000000e-04  1.56038329e-07 
 3.49100000e-04  1.69536555e-07 
 3.49200000e-04  1.69326262e-07 
 3.49300000e-04  1.69247013e-07 
 3.49400000e-04  1.69176739e-07 
 3.49500000e-04  1.69128601e-07 
 3.49600000e-04  1.55318101e-07 
 3.49700000e-04  1.54892340e-07 
 3.49800000e-04  1.54673699e-07 
 3.49900000e-04  1.54507236e-07 
 3.50000000e-04  1.54394524e-07 
 3.50100000e-04  1.71448607e-07 
 3.50200000e-04  1.71047443e-07 
 3.50300000e-04  1.70912661e-07 
 3.50400000e-04  1.70795503e-07 
 3.50500000e-04  1.70747101e-07 
 3.50600000e-04  1.60746700e-07 
 3.50700000e-04  1.60360478e-07 
 3.50800000e-04  1.60174559e-07 
 3.50900000e-04  1.60054303e-07 
 3.51000000e-04  1.60001704e-07 
 3.51100000e-04  1.69142293e-07 
 3.51200000e-04  1.68832753e-07 
 3.51300000e-04  1.68722765e-07 
 3.51400000e-04  1.68626197e-07 
 3.51500000e-04  1.68610122e-07 
 3.51600000e-04  1.54859871e-07 
 3.51700000e-04  1.54374264e-07 
 3.51800000e-04  1.54117886e-07 
 3.51900000e-04  1.53926940e-07 
 3.52000000e-04  1.53803414e-07 
 3.52100000e-04  1.69808390e-07 
 3.52200000e-04  1.69602245e-07 
 3.52300000e-04  1.69520047e-07 
 3.52400000e-04  1.69447291e-07 
 3.52500000e-04  1.69399511e-07 
 3.52600000e-04  1.56846231e-07 
 3.52700000e-04  1.56454610e-07 
 3.52800000e-04  1.56269989e-07 
 3.52900000e-04  1.56140161e-07 
 3.53000000e-04  1.56066779e-07 
 3.53100000e-04  1.69558880e-07 
 3.53200000e-04  1.69323801e-07 
 3.53300000e-04  1.69243121e-07 
 3.53400000e-04  1.69173844e-07 
 3.53500000e-04  1.69152429e-07 
 3.53600000e-04  1.55317513e-07 
 3.53700000e-04  1.54916748e-07 
 3.53800000e-04  1.54688572e-07 
 3.53900000e-04  1.54515362e-07 
 3.54000000e-04  1.54398773e-07 
 3.54100000e-04  1.70928424e-07 
 3.54200000e-04  1.70623006e-07 
 3.54300000e-04  1.70516263e-07 
 3.54400000e-04  1.70423653e-07 
 3.54500000e-04  1.70382036e-07 
 3.54600000e-04  1.59088610e-07 
 3.54700000e-04  1.58704464e-07 
 3.54800000e-04  1.58525545e-07 
 3.54900000e-04  1.58399553e-07 
 3.55000000e-04  1.58328076e-07 
 3.55100000e-04  1.69631651e-07 
 3.55200000e-04  1.69381478e-07 
 3.55300000e-04  1.69285258e-07 
 3.55400000e-04  1.69198817e-07 
 3.55500000e-04  1.69171774e-07 
 3.55600000e-04  1.55375869e-07 
 3.55700000e-04  1.54925744e-07 
 3.55800000e-04  1.54687967e-07 
 3.55900000e-04  1.54507510e-07 
 3.56000000e-04  1.54386099e-07 
 3.56100000e-04  1.70401362e-07 
 3.56200000e-04  1.70227378e-07 
 3.56300000e-04  1.70144226e-07 
 3.56400000e-04  1.70067090e-07 
 3.56500000e-04  1.70005008e-07 
 3.56600000e-04  1.57411237e-07 
 3.56700000e-04  1.57052966e-07 
 3.56800000e-04  1.56864012e-07 
 3.56900000e-04  1.56723700e-07 
 3.57000000e-04  1.56633483e-07 
 3.57100000e-04  1.70178166e-07 
 3.57200000e-04  1.69934820e-07 
 3.57300000e-04  1.69858903e-07 
 3.57400000e-04  1.69795823e-07 
 3.57500000e-04  1.69771462e-07 
 3.57600000e-04  1.55897384e-07 
 3.57700000e-04  1.55501763e-07 
 3.57800000e-04  1.55268843e-07 
 3.57900000e-04  1.55091363e-07 
 3.58000000e-04  1.54970987e-07 
 3.58100000e-04  1.73136257e-07 
 3.58200000e-04  1.72518453e-07 
 3.58300000e-04  1.72327484e-07 
 3.58400000e-04  1.72164609e-07 
 3.58500000e-04  1.72082537e-07 
 3.58600000e-04  1.64666264e-07 
 3.58700000e-04  1.64279180e-07 
 3.58800000e-04  1.64103102e-07 
 3.58900000e-04  1.63999973e-07 
 3.59000000e-04  1.63972013e-07 
 3.59100000e-04  1.69428949e-07 
 3.59200000e-04  1.68635060e-07 
 3.59300000e-04  1.68394079e-07 
 3.59400000e-04  1.68190400e-07 
 3.59500000e-04  1.68097244e-07 
 3.59600000e-04  1.54448618e-07 
 3.59700000e-04  1.53867771e-07 
 3.59800000e-04  1.53590108e-07 
 3.59900000e-04  1.53387588e-07 
 3.60000000e-04  1.53262500e-07 
 3.60100000e-04  1.69224006e-07 
 3.60200000e-04  1.69037543e-07 
 3.60300000e-04  1.68947328e-07 
 3.60400000e-04  1.68863462e-07 
 3.60500000e-04  1.68823502e-07 
 3.60600000e-04  1.56266583e-07 
 3.60700000e-04  1.55893961e-07 
 3.60800000e-04  1.55694003e-07 
 3.60900000e-04  1.55550547e-07 
 3.61000000e-04  1.55465289e-07 
 3.61100000e-04  1.68956752e-07 
 3.61200000e-04  1.68728343e-07 
 3.61300000e-04  1.68649508e-07 
 3.61400000e-04  1.68581239e-07 
 3.61500000e-04  1.68556104e-07 
 3.61600000e-04  1.54741162e-07 
 3.61700000e-04  1.54315516e-07 
 3.61800000e-04  1.54090901e-07 
 3.61900000e-04  1.53922618e-07 
 3.62000000e-04  1.53812357e-07 
 3.62100000e-04  1.70323344e-07 
 3.62200000e-04  1.70028913e-07 
 3.62300000e-04  1.69919995e-07 
 3.62400000e-04  1.69824082e-07 
 3.62500000e-04  1.69761537e-07 
 3.62600000e-04  1.58519755e-07 
 3.62700000e-04  1.58138711e-07 
 3.62800000e-04  1.57946286e-07 
 3.62900000e-04  1.57815695e-07 
 3.63000000e-04  1.57748802e-07 
 3.63100000e-04  1.69016745e-07 
 3.63200000e-04  1.68753534e-07 
 3.63300000e-04  1.68667473e-07 
 3.63400000e-04  1.68593528e-07 
 3.63500000e-04  1.68546312e-07 
 3.63600000e-04  1.54785651e-07 
 3.63700000e-04  1.54345456e-07 
 3.63800000e-04  1.54091756e-07 
 3.63900000e-04  1.53912283e-07 
 3.64000000e-04  1.53809292e-07 
 3.64100000e-04  1.69783030e-07 
 3.64200000e-04  1.69609136e-07 
 3.64300000e-04  1.69518168e-07 
 3.64400000e-04  1.69432758e-07 
 3.64500000e-04  1.69395992e-07 
 3.64600000e-04  1.56847593e-07 
 3.64700000e-04  1.56456370e-07 
 3.64800000e-04  1.56269745e-07 
 3.64900000e-04  1.56130482e-07 
 3.65000000e-04  1.56039986e-07 
 3.65100000e-04  1.69556060e-07 
 3.65200000e-04  1.69321642e-07 
 3.65300000e-04  1.69236186e-07 
 3.65400000e-04  1.69161902e-07 
 3.65500000e-04  1.69145881e-07 
 3.65600000e-04  1.55329404e-07 
 3.65700000e-04  1.54895676e-07 
 3.65800000e-04  1.54668769e-07 
 3.65900000e-04  1.54501693e-07 
 3.66000000e-04  1.54396243e-07 
 3.66100000e-04  1.71449122e-07 
 3.66200000e-04  1.71052582e-07 
 3.66300000e-04  1.70916439e-07 
 3.66400000e-04  1.70797511e-07 
 3.66500000e-04  1.70731965e-07 
 3.66600000e-04  1.60749225e-07 
 3.66700000e-04  1.60386039e-07 
 3.66800000e-04  1.60198539e-07 
 3.66900000e-04  1.60070068e-07 
 3.67000000e-04  1.60002399e-07 
 3.67100000e-04  1.69140888e-07 
 3.67200000e-04  1.68844681e-07 
 3.67300000e-04  1.68737001e-07 
 3.67400000e-04  1.68641802e-07 
 3.67500000e-04  1.68608155e-07 
 3.67600000e-04  1.54869743e-07 
 3.67700000e-04  1.54355260e-07 
 3.67800000e-04  1.54118411e-07 
 3.67900000e-04  1.53940065e-07 
 3.68000000e-04  1.53821977e-07 
 3.68100000e-04  1.69805453e-07 
 3.68200000e-04  1.69608270e-07 
 3.68300000e-04  1.69531813e-07 
 3.68400000e-04  1.69464531e-07 
 3.68500000e-04  1.69421949e-07 
 3.68600000e-04  1.56836159e-07 
 3.68700000e-04  1.56474936e-07 
 3.68800000e-04  1.56281091e-07 
 3.68900000e-04  1.56138887e-07 
 3.69000000e-04  1.56049859e-07 
 3.69100000e-04  1.69546990e-07 
 3.69200000e-04  1.69329692e-07 
 3.69300000e-04  1.69247048e-07 
 3.69400000e-04  1.69173644e-07 
 3.69500000e-04  1.69140194e-07 
 3.69600000e-04  1.55335996e-07 
 3.69700000e-04  1.54912247e-07 
 3.69800000e-04  1.54679739e-07 
 3.69900000e-04  1.54507373e-07 
 3.70000000e-04  1.54396954e-07 
 3.70100000e-04  1.70943121e-07 
 3.70200000e-04  1.70641195e-07 
 3.70300000e-04  1.70530693e-07 
 3.70400000e-04  1.70433653e-07 
 3.70500000e-04  1.70379108e-07 
 3.70600000e-04  1.59090708e-07 
 3.70700000e-04  1.58725436e-07 
 3.70800000e-04  1.58520720e-07 
 3.70900000e-04  1.58383169e-07 
 3.71000000e-04  1.58314810e-07 
 3.71100000e-04  1.69631128e-07 
 3.71200000e-04  1.69371394e-07 
 3.71300000e-04  1.69276723e-07 
 3.71400000e-04  1.69192777e-07 
 3.71500000e-04  1.69166404e-07 
 3.71600000e-04  1.55390363e-07 
 3.71700000e-04  1.54929885e-07 
 3.71800000e-04  1.54679492e-07 
 3.71900000e-04  1.54498781e-07 
 3.72000000e-04  1.54389857e-07 
 3.72100000e-04  1.70418919e-07 
 3.72200000e-04  1.70227020e-07 
 3.72300000e-04  1.70142523e-07 
 3.72400000e-04  1.70065917e-07 
 3.72500000e-04  1.70015891e-07 
 3.72600000e-04  1.57426091e-07 
 3.72700000e-04  1.57038876e-07 
 3.72800000e-04  1.56850047e-07 
 3.72900000e-04  1.56712852e-07 
 3.73000000e-04  1.56628825e-07 
 3.73100000e-04  1.70176350e-07 
 3.73200000e-04  1.69940079e-07 
 3.73300000e-04  1.69860533e-07 
 3.73400000e-04  1.69792690e-07 
 3.73500000e-04  1.69754320e-07 
 3.73600000e-04  1.55922253e-07 
 3.73700000e-04  1.55491628e-07 
 3.73800000e-04  1.55275823e-07 
 3.73900000e-04  1.55109947e-07 
 3.74000000e-04  1.54995476e-07 
 3.74100000e-04  1.72605178e-07 
 3.74200000e-04  1.72104283e-07 
 3.74300000e-04  1.71936691e-07 
 3.74400000e-04  1.71791025e-07 
 3.74500000e-04  1.71719928e-07 
 3.74600000e-04  1.62997649e-07 
 3.74700000e-04  1.62624640e-07 
 3.74800000e-04  1.62448933e-07 
 3.74900000e-04  1.62331639e-07 
 3.75000000e-04  1.62274500e-07 
 3.75100000e-04  1.69422305e-07 
 3.75200000e-04  1.69028518e-07 
 3.75300000e-04  1.68878388e-07 
 3.75400000e-04  1.68744544e-07 
 3.75500000e-04  1.68678024e-07 
 3.75600000e-04  1.54973364e-07 
 3.75700000e-04  1.54411824e-07 
 3.75800000e-04  1.54162865e-07 
 3.75900000e-04  1.53974708e-07 
 3.76000000e-04  1.53849175e-07 
 3.76100000e-04  1.69842098e-07 
 3.76200000e-04  1.69639566e-07 
 3.76300000e-04  1.69549158e-07 
 3.76400000e-04  1.69466984e-07 
 3.76500000e-04  1.69423516e-07 
 3.76600000e-04  1.56852805e-07 
 3.76700000e-04  1.56476609e-07 
 3.76800000e-04  1.56286542e-07 
 3.76900000e-04  1.56153604e-07 
 3.77000000e-04  1.56079500e-07 
 3.77100000e-04  1.69577938e-07 
 3.77200000e-04  1.69340545e-07 
 3.77300000e-04  1.69253310e-07 
 3.77400000e-04  1.69177402e-07 
 3.77500000e-04  1.69148142e-07 
 3.77600000e-04  1.55332219e-07 
 3.77700000e-04  1.54903186e-07 
 3.77800000e-04  1.54676487e-07 
 3.77900000e-04  1.54509365e-07 
 3.78000000e-04  1.54403597e-07 
 3.78100000e-04  1.70935345e-07 
 3.78200000e-04  1.70646040e-07 
 3.78300000e-04  1.70533764e-07 
 3.78400000e-04  1.70433338e-07 
 3.78500000e-04  1.70383903e-07 
 3.78600000e-04  1.59087232e-07 
 3.78700000e-04  1.58714219e-07 
 3.78800000e-04  1.58526624e-07 
 3.78900000e-04  1.58398904e-07 
 3.79000000e-04  1.58332847e-07 
 3.79100000e-04  1.69634284e-07 
 3.79200000e-04  1.69370405e-07 
 3.79300000e-04  1.69279345e-07 
 3.79400000e-04  1.69199837e-07 
 3.79500000e-04  1.69168206e-07 
 3.79600000e-04  1.55390177e-07 
 3.79700000e-04  1.54919445e-07 
 3.79800000e-04  1.54691239e-07 
 3.79900000e-04  1.54519372e-07 
 3.80000000e-04  1.54405512e-07 
 3.80100000e-04  1.70419305e-07 
 3.80200000e-04  1.70219103e-07 
 3.80300000e-04  1.70134809e-07 
 3.80400000e-04  1.70059212e-07 
 3.80500000e-04  1.70023167e-07 
 3.80600000e-04  1.57414582e-07 
 3.80700000e-04  1.57045819e-07 
 3.80800000e-04  1.56854398e-07 
 3.80900000e-04  1.56715422e-07 
 3.81000000e-04  1.56630440e-07 
 3.81100000e-04  1.70180936e-07 
 3.81200000e-04  1.69947292e-07 
 3.81300000e-04  1.69866226e-07 
 3.81400000e-04  1.69796421e-07 
 3.81500000e-04  1.69772827e-07 
 3.81600000e-04  1.55901027e-07 
 3.81700000e-04  1.55488925e-07 
 3.81800000e-04  1.55263010e-07 
 3.81900000e-04  1.55097268e-07 
 3.82000000e-04  1.54993490e-07 
 3.82100000e-04  1.72081036e-07 
 3.82200000e-04  1.71688784e-07 
 3.82300000e-04  1.71545167e-07 
 3.82400000e-04  1.71417302e-07 
 3.82500000e-04  1.71353454e-07 
 3.82600000e-04  1.61326224e-07 
 3.82700000e-04  1.60965201e-07 
 3.82800000e-04  1.60777004e-07 
 3.82900000e-04  1.60660284e-07 
 3.83000000e-04  1.60617194e-07 
 3.83100000e-04  1.69760040e-07 
 3.83200000e-04  1.69461229e-07 
 3.83300000e-04  1.69353565e-07 
 3.83400000e-04  1.69258542e-07 
 3.83500000e-04  1.69218128e-07 
 3.83600000e-04  1.55451416e-07 
 3.83700000e-04  1.54947850e-07 
 3.83800000e-04  1.54701553e-07 
 3.83900000e-04  1.54523091e-07 
 3.84000000e-04  1.54414380e-07 
 3.84100000e-04  1.72372389e-07 
 3.84200000e-04  1.71824126e-07 
 3.84300000e-04  1.71648212e-07 
 3.84400000e-04  1.71564200e-07 
 3.84500000e-04  1.71509883e-07 
 3.84600000e-04  1.58453287e-07 
 3.84700000e-04  1.57914633e-07 
 3.84800000e-04  1.57667758e-07 
 3.84900000e-04  1.57489130e-07 
 3.85000000e-04  1.57380093e-07 
 3.85100000e-04  1.03757110e-04 
 3.85200000e-04  1.03756697e-04 
 3.85300000e-04  1.03756574e-04 
 3.85400000e-04  1.03756471e-04 
 3.85500000e-04  1.03756423e-04 
 3.85600000e-04  1.03742578e-04 
 3.85700000e-04  1.03742137e-04 
 3.85800000e-04  1.03741903e-04 
 3.85900000e-04  1.03741731e-04 
 3.86000000e-04  1.03741623e-04 
 3.86100000e-04  1.72719281e-07 
 3.86200000e-04  1.72385280e-07 
 3.86300000e-04  1.72259229e-07 
 3.86400000e-04  1.72147182e-07 
 3.86500000e-04  1.72114518e-07 
 3.86600000e-04  1.60784746e-07 
 3.86700000e-04  1.60401447e-07 
 3.86800000e-04  1.60209125e-07 
 3.86900000e-04  1.60085920e-07 
 3.87000000e-04  1.60033904e-07 
 3.87100000e-04  1.71424852e-07 
 3.87200000e-04  1.71151853e-07 
 3.87300000e-04  1.71049524e-07 
 3.87400000e-04  1.70958892e-07 
 3.87500000e-04  1.70930303e-07 
 3.87600000e-04  1.57065799e-07 
 3.87700000e-04  1.56616541e-07 
 3.87800000e-04  1.56381053e-07 
 3.87900000e-04  1.56204782e-07 
 3.88000000e-04  1.56089483e-07 
 3.88100000e-04  1.72191194e-07 
 3.88200000e-04  1.71996461e-07 
 3.88300000e-04  1.71902981e-07 
 3.88400000e-04  1.71816339e-07 
 3.88500000e-04  1.71782485e-07 
 3.88600000e-04  1.59084348e-07 
 3.88700000e-04  1.58735955e-07 
 3.88800000e-04  1.58545404e-07 
 3.88900000e-04  1.58411000e-07 
 3.89000000e-04  1.58334402e-07 
 3.89100000e-04  1.71944923e-07 
 3.89200000e-04  1.71706511e-07 
 3.89300000e-04  1.71618203e-07 
 3.89400000e-04  1.71540750e-07 
 3.89500000e-04  1.71507205e-07 
 3.89600000e-04  1.57582590e-07 
 3.89700000e-04  1.57181504e-07 
 3.89800000e-04  1.56948263e-07 
 3.89900000e-04  1.56779379e-07 
 3.90000000e-04  1.56676773e-07 
 3.90100000e-04  1.75977401e-07 
 3.90200000e-04  1.75133324e-07 
 3.90300000e-04  1.74872897e-07 
 3.90400000e-04  1.74650956e-07 
 3.90500000e-04  1.74571522e-07 
 3.90600000e-04  1.69640371e-07 
 3.90700000e-04  1.69275046e-07 
 3.90800000e-04  1.69118213e-07 
 3.90900000e-04  1.69034581e-07 
 3.91000000e-04  1.69026345e-07 
 3.91100000e-04  1.70181007e-07 
 3.91200000e-04  1.69208467e-07 
 3.91300000e-04  1.68947838e-07 
 3.91400000e-04  1.68731969e-07 
 3.91500000e-04  1.68626998e-07 
 3.91600000e-04  1.55009693e-07 
 3.91700000e-04  1.54358889e-07 
 3.91800000e-04  1.54072476e-07 
 3.91900000e-04  1.53867556e-07 
 3.92000000e-04  1.53746589e-07 
 3.92100000e-04  1.69751268e-07 
 3.92200000e-04  1.69564234e-07 
 3.92300000e-04  1.69474075e-07 
 3.92400000e-04  1.69390518e-07 
 3.92500000e-04  1.69338784e-07 
 3.92600000e-04  1.56744660e-07 
 3.92700000e-04  1.56378983e-07 
 3.92800000e-04  1.56186685e-07 
 3.92900000e-04  1.56050880e-07 
 3.93000000e-04  1.55973234e-07 
 3.93100000e-04  1.69470798e-07 
 3.93200000e-04  1.69243948e-07 
 3.93300000e-04  1.69167166e-07 
 3.93400000e-04  1.69101065e-07 
 3.93500000e-04  1.69067491e-07 
 3.93600000e-04  1.55230315e-07 
 3.93700000e-04  1.54810164e-07 
 3.93800000e-04  1.54581880e-07 
 3.93900000e-04  1.54408863e-07 
 3.94000000e-04  1.54292742e-07 
 3.94100000e-04  1.70834816e-07 
 3.94200000e-04  1.70529640e-07 
 3.94300000e-04  1.70423240e-07 
 3.94400000e-04  1.70330868e-07 
 3.94500000e-04  1.70272982e-07 
 3.94600000e-04  1.58990875e-07 
 3.94700000e-04  1.58615165e-07 
 3.94800000e-04  1.58426992e-07 
 3.94900000e-04  1.58293770e-07 
 3.95000000e-04  1.58217114e-07 
 3.95100000e-04  1.69544442e-07 
 3.95200000e-04  1.69268802e-07 
 3.95300000e-04  1.69185840e-07 
 3.95400000e-04  1.69116506e-07 
 3.95500000e-04  1.69075249e-07 
 3.95600000e-04  1.55273392e-07 
 3.95700000e-04  1.54815116e-07 
 3.95800000e-04  1.54575160e-07 
 3.95900000e-04  1.54402046e-07 
 3.96000000e-04  1.54297762e-07 
 3.96100000e-04  1.70296483e-07 
 3.96200000e-04  1.70109572e-07 
 3.96300000e-04  1.70031977e-07 
 3.96400000e-04  1.69962299e-07 
 3.96500000e-04  1.69918311e-07 
 3.96600000e-04  1.57318370e-07 
 3.96700000e-04  1.56941065e-07 
 3.96800000e-04  1.56756428e-07 
 3.96900000e-04  1.56620150e-07 
 3.97000000e-04  1.56533634e-07 
 3.97100000e-04  1.70060241e-07 
 3.97200000e-04  1.69832837e-07 
 3.97300000e-04  1.69758950e-07 
 3.97400000e-04  1.69696153e-07 
 3.97500000e-04  1.69648847e-07 
 3.97600000e-04  1.55797297e-07 
 3.97700000e-04  1.55394992e-07 
 3.97800000e-04  1.55169260e-07 
 3.97900000e-04  1.55000437e-07 
 3.98000000e-04  1.54890198e-07 
 3.98100000e-04  1.71981859e-07 
 3.98200000e-04  1.71561829e-07 
 3.98300000e-04  1.71425938e-07 
 3.98400000e-04  1.71309921e-07 
 3.98500000e-04  1.71249848e-07 
 3.98600000e-04  1.61220715e-07 
 3.98700000e-04  1.60855728e-07 
 3.98800000e-04  1.60676927e-07 
 3.98900000e-04  1.60557328e-07 
 3.99000000e-04  1.60498681e-07 
 3.99100000e-04  1.69650734e-07 
 3.99200000e-04  1.69348245e-07 
 3.99300000e-04  1.69249732e-07 
 3.99400000e-04  1.69164907e-07 
 3.99500000e-04  1.69105441e-07 
 3.99600000e-04  1.55360612e-07 
 3.99700000e-04  1.54841136e-07 
 3.99800000e-04  1.54602624e-07 
 3.99900000e-04  1.54417607e-07 
 4.00000000e-04  1.54287648e-07 
 4.00100000e-04  1.70314605e-07 
 4.00200000e-04  1.70122912e-07 
 4.00300000e-04  1.70043157e-07 
 4.00400000e-04  1.69971120e-07 
 4.00500000e-04  1.69934896e-07 
 4.00600000e-04  1.57327251e-07 
 4.00700000e-04  1.56934297e-07 
 4.00800000e-04  1.56746346e-07 
 4.00900000e-04  1.56615241e-07 
 4.01000000e-04  1.56542654e-07 
 4.01100000e-04  1.70073593e-07 
 4.01200000e-04  1.69848625e-07 
 4.01300000e-04  1.69764609e-07 
 4.01400000e-04  1.69690753e-07 
 4.01500000e-04  1.69651077e-07 
 4.01600000e-04  1.55804995e-07 
 4.01700000e-04  1.55380315e-07 
 4.01800000e-04  1.55155329e-07 
 4.01900000e-04  1.54986364e-07 
 4.02000000e-04  1.54875060e-07 
 4.02100000e-04  1.71457195e-07 
 4.02200000e-04  1.71152700e-07 
 4.02300000e-04  1.71040875e-07 
 4.02400000e-04  1.70942529e-07 
 4.02500000e-04  1.70886076e-07 
 4.02600000e-04  1.59566808e-07 
 4.02700000e-04  1.59203711e-07 
 4.02800000e-04  1.59016079e-07 
 4.02900000e-04  1.58887776e-07 
 4.03000000e-04  1.58820550e-07 
 4.03100000e-04  1.70158639e-07 
 4.03200000e-04  1.69893654e-07 
 4.03300000e-04  1.69793778e-07 
 4.03400000e-04  1.69705064e-07 
 4.03500000e-04  1.69681117e-07 
 4.03600000e-04  1.55861940e-07 
 4.03700000e-04  1.55398671e-07 
 4.03800000e-04  1.55164954e-07 
 4.03900000e-04  1.54994678e-07 
 4.04000000e-04  1.54889715e-07 
 4.04100000e-04  1.70914428e-07 
 4.04200000e-04  1.70736323e-07 
 4.04300000e-04  1.70654051e-07 
 4.04400000e-04  1.70578154e-07 
 4.04500000e-04  1.70524905e-07 
 4.04600000e-04  1.57900442e-07 
 4.04700000e-04  1.57532554e-07 
 4.04800000e-04  1.57346022e-07 
 4.04900000e-04  1.57210765e-07 
 4.05000000e-04  1.57128135e-07 
 4.05100000e-04  1.72442275e-07 
 4.05200000e-04  1.71934777e-07 
 4.05300000e-04  1.71759393e-07 
 4.05400000e-04  1.71668467e-07 
 4.05500000e-04  1.71604831e-07 
 4.05600000e-04  1.57236325e-07 
 4.05700000e-04  1.56674271e-07 
 4.05800000e-04  1.56418193e-07 
 4.05900000e-04  1.56228695e-07 
 4.06000000e-04  1.56107067e-07 
 4.06100000e-04  1.03760063e-04 
 4.06200000e-04  1.03759347e-04 
 4.06300000e-04  1.03759143e-04 
 4.06400000e-04  1.03758973e-04 
 4.06500000e-04  1.03758885e-04 
 4.06600000e-04  1.03750152e-04 
 4.06700000e-04  1.03749763e-04 
 4.06800000e-04  1.03749576e-04 
 4.06900000e-04  1.03749458e-04 
 4.07000000e-04  1.03749411e-04 
 4.07100000e-04  1.71091962e-07 
 4.07200000e-04  1.70655674e-07 
 4.07300000e-04  1.70499385e-07 
 4.07400000e-04  1.70361705e-07 
 4.07500000e-04  1.70302705e-07 
 4.07600000e-04  1.56548829e-07 
 4.07700000e-04  1.55967372e-07 
 4.07800000e-04  1.55727659e-07 
 4.07900000e-04  1.55538927e-07 
 4.08000000e-04  1.55402656e-07 
 4.08100000e-04  1.71503948e-07 
 4.08200000e-04  1.71303534e-07 
 4.08300000e-04  1.71207476e-07 
 4.08400000e-04  1.71119144e-07 
 4.08500000e-04  1.71074036e-07 
 4.08600000e-04  1.58405431e-07 
 4.08700000e-04  1.58049876e-07 
 4.08800000e-04  1.57857950e-07 
 4.08900000e-04  1.57720748e-07 
 4.09000000e-04  1.57639864e-07 
 4.09100000e-04  1.71238724e-07 
 4.09200000e-04  1.70997406e-07 
 4.09300000e-04  1.70908708e-07 
 4.09400000e-04  1.70830783e-07 
 4.09500000e-04  1.70794817e-07 
 4.09600000e-04  1.56893756e-07 
 4.09700000e-04  1.56491274e-07 
 4.09800000e-04  1.56264354e-07 
 4.09900000e-04  1.56092911e-07 
 4.10000000e-04  1.55978558e-07 
 4.10100000e-04  1.72608027e-07 
 4.10200000e-04  1.72312159e-07 
 4.10300000e-04  1.72193422e-07 
 4.10400000e-04  1.72086581e-07 
 4.10500000e-04  1.72021467e-07 
 4.10600000e-04  1.60630784e-07 
 4.10700000e-04  1.60270752e-07 
 4.10800000e-04  1.60098079e-07 
 4.10900000e-04  1.59974808e-07 
 4.11000000e-04  1.59902363e-07 
 4.11100000e-04  1.71305214e-07 
 4.11200000e-04  1.71042482e-07 
 4.11300000e-04  1.70944016e-07 
 4.11400000e-04  1.70856400e-07 
 4.11500000e-04  1.70821998e-07 
 4.11600000e-04  1.56943039e-07 
 4.11700000e-04  1.56491021e-07 
 4.11800000e-04  1.56262166e-07 
 4.11900000e-04  1.56086436e-07 
 4.12000000e-04  1.55965370e-07 
 4.12100000e-04  1.72072466e-07 
 4.12200000e-04  1.71880961e-07 
 4.12300000e-04  1.71787651e-07 
 4.12400000e-04  1.71701082e-07 
 4.12500000e-04  1.71657721e-07 
 4.12600000e-04  1.58971217e-07 
 4.12700000e-04  1.58604690e-07 
 4.12800000e-04  1.58413001e-07 
 4.12900000e-04  1.58279884e-07 
 4.13000000e-04  1.58207051e-07 
 4.13100000e-04  1.71845057e-07 
 4.13200000e-04  1.71605859e-07 
 4.13300000e-04  1.71518417e-07 
 4.13400000e-04  1.71441903e-07 
 4.13500000e-04  1.71411605e-07 
 4.13600000e-04  1.57465938e-07 
 4.13700000e-04  1.57041624e-07 
 4.13800000e-04  1.56829135e-07 
 4.13900000e-04  1.56661424e-07 
 4.14000000e-04  1.56539766e-07 
 4.14100000e-04  1.73756801e-07 
 4.14200000e-04  1.73336781e-07 
 4.14300000e-04  1.73191748e-07 
 4.14400000e-04  1.73065642e-07 
 4.14500000e-04  1.73006496e-07 
 4.14600000e-04  1.62874326e-07 
 4.14700000e-04  1.62527249e-07 
 4.14800000e-04  1.62343860e-07 
 4.14900000e-04  1.62221914e-07 
 4.15000000e-04  1.62163214e-07 
 4.15100000e-04  1.71437298e-07 
 4.15200000e-04  1.71123437e-07 
 4.15300000e-04  1.71004772e-07 
 4.15400000e-04  1.70899231e-07 
 4.15500000e-04  1.70860294e-07 
 4.15600000e-04  1.56996251e-07 
 4.15700000e-04  1.56515877e-07 
 4.15800000e-04  1.56272172e-07 
 4.15900000e-04  1.56092975e-07 
 4.16000000e-04  1.55980189e-07 
 4.16100000e-04  1.72093286e-07 
 4.16200000e-04  1.71881560e-07 
 4.16300000e-04  1.71795207e-07 
 4.16400000e-04  1.71718473e-07 
 4.16500000e-04  1.71658651e-07 
 4.16600000e-04  1.58982843e-07 
 4.16700000e-04  1.58624567e-07 
 4.16800000e-04  1.58427054e-07 
 4.16900000e-04  1.58291531e-07 
 4.17000000e-04  1.58219816e-07 
 4.17100000e-04  1.71854252e-07 
 4.17200000e-04  1.71612226e-07 
 4.17300000e-04  1.71519343e-07 
 4.17400000e-04  1.71437702e-07 
 4.17500000e-04  1.71394275e-07 
 4.17600000e-04  1.57453420e-07 
 4.17700000e-04  1.57044724e-07 
 4.17800000e-04  1.56833247e-07 
 4.17900000e-04  1.56669089e-07 
 4.18000000e-04  1.56553600e-07 
 4.18100000e-04  1.73215404e-07 
 4.18200000e-04  1.72907345e-07 
 4.18300000e-04  1.72791960e-07 
 4.18400000e-04  1.72690072e-07 
 4.18500000e-04  1.72636543e-07 
 4.18600000e-04  1.61224665e-07 
 4.18700000e-04  1.60851033e-07 
 4.18800000e-04  1.60674227e-07 
 4.18900000e-04  1.60550921e-07 
 4.19000000e-04  1.60482660e-07 
 4.19100000e-04  1.71913616e-07 
 4.19200000e-04  1.71647162e-07 
 4.19300000e-04  1.71551372e-07 
 4.19400000e-04  1.71466853e-07 
 4.19500000e-04  1.71428746e-07 
 4.19600000e-04  1.57511309e-07 
 4.19700000e-04  1.57072597e-07 
 4.19800000e-04  1.56839553e-07 
 4.19900000e-04  1.56665664e-07 
 4.20000000e-04  1.56552659e-07 
 4.20100000e-04  1.72696639e-07 
 4.20200000e-04  1.72491136e-07 
 4.20300000e-04  1.72397656e-07 
 4.20400000e-04  1.72312578e-07 
 4.20500000e-04  1.72255602e-07 
 4.20600000e-04  1.59558817e-07 
 4.20700000e-04  1.59205859e-07 
 4.20800000e-04  1.59008951e-07 
 4.20900000e-04  1.58880511e-07 
 4.21000000e-04  1.58822562e-07 
 4.21100000e-04  1.72456088e-07 
 4.21200000e-04  1.72233254e-07 
 4.21300000e-04  1.72133179e-07 
 4.21400000e-04  1.72041014e-07 
 4.21500000e-04  1.72009095e-07 
 4.21600000e-04  1.58048112e-07 
 4.21700000e-04  1.57635302e-07 
 4.21800000e-04  1.57423258e-07 
 4.21900000e-04  1.57259998e-07 
 4.22000000e-04  1.57146914e-07 
 4.22100000e-04  1.75420055e-07 
 4.22200000e-04  1.74796588e-07 
 4.22300000e-04  1.74593673e-07 
 4.22400000e-04  1.74418386e-07 
 4.22500000e-04  1.74345706e-07 
 4.22600000e-04  1.66796047e-07 
 4.22700000e-04  1.66431187e-07 
 4.22800000e-04  1.66259776e-07 
 4.22900000e-04  1.66163899e-07 
 4.23000000e-04  1.66145796e-07 
 4.23100000e-04  1.71716762e-07 
 4.23200000e-04  1.70908758e-07 
 4.23300000e-04  1.70658844e-07 
 4.23400000e-04  1.70446615e-07 
 4.23500000e-04  1.70367353e-07 
 4.23600000e-04  1.56577429e-07 
 4.23700000e-04  1.56012581e-07 
 4.23800000e-04  1.55739688e-07 
 4.23900000e-04  1.55541267e-07 
 4.24000000e-04  1.55419528e-07 
 4.24100000e-04  1.71504196e-07 
 4.24200000e-04  1.71299927e-07 
 4.24300000e-04  1.71215507e-07 
 4.24400000e-04  1.71139767e-07 
 4.24500000e-04  1.71089681e-07 
 4.24600000e-04  1.58394335e-07 
 4.24700000e-04  1.58033863e-07 
 4.24800000e-04  1.57847876e-07 
 4.24900000e-04  1.57718461e-07 
 4.25000000e-04  1.57647257e-07 
 4.25100000e-04  1.71246569e-07 
 4.25200000e-04  1.71001737e-07 
 4.25300000e-04  1.70910163e-07 
 4.25400000e-04  1.70829700e-07 
 4.25500000e-04  1.70805510e-07 
 4.25600000e-04  1.56887016e-07 
 4.25700000e-04  1.56469905e-07 
 4.25800000e-04  1.56257277e-07 
 4.25900000e-04  1.56085885e-07 
 4.26000000e-04  1.55956883e-07 
 4.26100000e-04  1.72619967e-07 
 4.26200000e-04  1.72290220e-07 
 4.26300000e-04  1.72169963e-07 
 4.26400000e-04  1.72065006e-07 
 4.26500000e-04  1.72024683e-07 
 4.26600000e-04  1.60647632e-07 
 4.26700000e-04  1.60266544e-07 
 4.26800000e-04  1.60086218e-07 
 4.26900000e-04  1.59966726e-07 
 4.27000000e-04  1.59909838e-07 
 4.27100000e-04  1.71304206e-07 
 4.27200000e-04  1.71021116e-07 
 4.27300000e-04  1.70925139e-07 
 4.27400000e-04  1.70841889e-07 
 4.27500000e-04  1.70813948e-07 
 4.27600000e-04  1.56927208e-07 
 4.27700000e-04  1.56463500e-07 
 4.27800000e-04  1.56246528e-07 
 4.27900000e-04  1.56082693e-07 
 4.28000000e-04  1.55973517e-07 
 4.28100000e-04  1.72071147e-07 
 4.28200000e-04  1.71878420e-07 
 4.28300000e-04  1.71787292e-07 
 4.28400000e-04  1.71703417e-07 
 4.28500000e-04  1.71654676e-07 
 4.28600000e-04  1.58966144e-07 
 4.28700000e-04  1.58599668e-07 
 4.28800000e-04  1.58421668e-07 
 4.28900000e-04  1.58288920e-07 
 4.29000000e-04  1.58202699e-07 
 4.29100000e-04  1.71828589e-07 
 4.29200000e-04  1.71596333e-07 
 4.29300000e-04  1.71510015e-07 
 4.29400000e-04  1.71434182e-07 
 4.29500000e-04  1.71390473e-07 
 4.29600000e-04  1.57466463e-07 
 4.29700000e-04  1.57044399e-07 
 4.29800000e-04  1.56834377e-07 
 4.29900000e-04  1.56672908e-07 
 4.30000000e-04  1.56561367e-07 
 4.30100000e-04  1.73748896e-07 
 4.30200000e-04  1.73333502e-07 
 4.30300000e-04  1.73182525e-07 
 4.30400000e-04  1.73049267e-07 
 4.30500000e-04  1.72993832e-07 
 4.30600000e-04  1.62879133e-07 
 4.30700000e-04  1.62515932e-07 
 4.30800000e-04  1.62338287e-07 
 4.30900000e-04  1.62219412e-07 
 4.31000000e-04  1.62161008e-07 
 4.31100000e-04  1.71424143e-07 
 4.31200000e-04  1.71104745e-07 
 4.31300000e-04  1.70994169e-07 
 4.31400000e-04  1.70897495e-07 
 4.31500000e-04  1.70859022e-07 
 4.31600000e-04  1.56994835e-07 
 4.31700000e-04  1.56503257e-07 
 4.31800000e-04  1.56267242e-07 
 4.31900000e-04  1.56091802e-07 
 4.32000000e-04  1.55978693e-07 
 4.32100000e-04  1.72097778e-07 
 4.32200000e-04  1.71899938e-07 
 4.32300000e-04  1.71806455e-07 
 4.32400000e-04  1.71720274e-07 
 4.32500000e-04  1.71662998e-07 
 4.32600000e-04  1.58971697e-07 
 4.32700000e-04  1.58604417e-07 
 4.32800000e-04  1.58415633e-07 
 4.32900000e-04  1.58285380e-07 
 4.33000000e-04  1.58215187e-07 
 4.33100000e-04  1.73596035e-07 
 4.33200000e-04  1.73087687e-07 
 4.33300000e-04  1.72895221e-07 
 4.33400000e-04  1.72801995e-07 
 4.33500000e-04  1.72740836e-07 
 4.33600000e-04  1.58320590e-07 
 4.33700000e-04  1.57737509e-07 
 4.33800000e-04  1.57491320e-07 
 4.33900000e-04  1.57310418e-07 
 4.34000000e-04  1.57196038e-07 
 4.34100000e-04  1.03760170e-04 
 4.34200000e-04  1.03759661e-04 
 4.34300000e-04  1.03759504e-04 
 4.34400000e-04  1.03759371e-04 
 4.34500000e-04  1.03759297e-04 
 4.34600000e-04  1.03747887e-04 
 4.34700000e-04  1.03747514e-04 
 4.34800000e-04  1.03747340e-04 
 4.34900000e-04  1.03747216e-04 
 4.35000000e-04  1.03747145e-04 
 4.35100000e-04  1.73077872e-07 
 4.35200000e-04  1.72761637e-07 
 4.35300000e-04  1.72656526e-07 
 4.35400000e-04  1.72565169e-07 
 4.35500000e-04  1.72524006e-07 
 4.35600000e-04  1.58617724e-07 
 4.35700000e-04  1.58162397e-07 
 4.35800000e-04  1.57925789e-07 
 4.35900000e-04  1.57749518e-07 
 4.36000000e-04  1.57635327e-07 
 4.36100000e-04  1.73842236e-07 
 4.36200000e-04  1.73635948e-07 
 4.36300000e-04  1.73543233e-07 
 4.36400000e-04  1.73458630e-07 
 4.36500000e-04  1.73406579e-07 
 4.36600000e-04  1.60637901e-07 
 4.36700000e-04  1.60285246e-07 
 4.36800000e-04  1.60103259e-07 
 4.36900000e-04  1.59976577e-07 
 4.37000000e-04  1.59906790e-07 
 4.37100000e-04  1.73615674e-07 
 4.37200000e-04  1.73374050e-07 
 4.37300000e-04  1.73273131e-07 
 4.37400000e-04  1.73182137e-07 
 4.37500000e-04  1.73147823e-07 
 4.37600000e-04  1.59125929e-07 
 4.37700000e-04  1.58723496e-07 
 4.37800000e-04  1.58515110e-07 
 4.37900000e-04  1.58352760e-07 
 4.38000000e-04  1.58237739e-07 
 4.38100000e-04  1.76062924e-07 
 4.38200000e-04  1.75522246e-07 
 4.38300000e-04  1.75340145e-07 
 4.38400000e-04  1.75182653e-07 
 4.38500000e-04  1.75117730e-07 
 4.38600000e-04  1.66208973e-07 
 4.38700000e-04  1.65862250e-07 
 4.38800000e-04  1.65689923e-07 
 4.38900000e-04  1.65587041e-07 
 4.39000000e-04  1.65555640e-07 
 4.39100000e-04  1.72858025e-07 
 4.39200000e-04  1.72448719e-07 
 4.39300000e-04  1.72282968e-07 
 4.39400000e-04  1.72133286e-07 
 4.39500000e-04  1.72081305e-07 
 4.39600000e-04  1.58164947e-07 
 4.39700000e-04  1.57659726e-07 
 4.39800000e-04  1.57407369e-07 
 4.39900000e-04  1.57220625e-07 
 4.40000000e-04  1.57101407e-07 
 4.40100000e-04  1.73273722e-07 
 4.40200000e-04  1.73069184e-07 
 4.40300000e-04  1.72966709e-07 
 4.40400000e-04  1.72871382e-07 
 4.40500000e-04  1.72820195e-07 
 4.40600000e-04  1.60059414e-07 
 4.40700000e-04  1.59695071e-07 
 4.40800000e-04  1.59522394e-07 
 4.40900000e-04  1.59397690e-07 
 4.41000000e-04  1.59322308e-07 
 4.41100000e-04  1.73014981e-07 
 4.41200000e-04  1.72752531e-07 
 4.41300000e-04  1.72659597e-07 
 4.41400000e-04  1.72579632e-07 
 4.41500000e-04  1.72540306e-07 
 4.41600000e-04  1.58529355e-07 
 4.41700000e-04  1.58136696e-07 
 4.41800000e-04  1.57917968e-07 
 4.41900000e-04  1.57756570e-07 
 4.42000000e-04  1.57654146e-07 
 4.42100000e-04  1.74374147e-07 
 4.42200000e-04  1.74059732e-07 
 4.42300000e-04  1.73930669e-07 
 4.42400000e-04  1.73814496e-07 
 4.42500000e-04  1.73770331e-07 
 4.42600000e-04  1.62285697e-07 
 4.42700000e-04  1.61948937e-07 
 4.42800000e-04  1.61769176e-07 
 4.42900000e-04  1.61649844e-07 
 4.43000000e-04  1.61592684e-07 
 4.43100000e-04  1.73086285e-07 
 4.43200000e-04  1.72785868e-07 
 4.43300000e-04  1.72682084e-07 
 4.43400000e-04  1.72592075e-07 
 4.43500000e-04  1.72558636e-07 
 4.43600000e-04  1.58581580e-07 
 4.43700000e-04  1.58151327e-07 
 4.43800000e-04  1.57921117e-07 
 4.43900000e-04  1.57753428e-07 
 4.44000000e-04  1.57650071e-07 
 4.44100000e-04  1.73849144e-07 
 4.44200000e-04  1.73642158e-07 
 4.44300000e-04  1.73539683e-07 
 4.44400000e-04  1.73444962e-07 
 4.44500000e-04  1.73396945e-07 
 4.44600000e-04  1.60626551e-07 
 4.44700000e-04  1.60275991e-07 
 4.44800000e-04  1.60090156e-07 
 4.44900000e-04  1.59963012e-07 
 4.45000000e-04  1.59896242e-07 
 4.45100000e-04  1.73605369e-07 
 4.45200000e-04  1.73353480e-07 
 4.45300000e-04  1.73268591e-07 
 4.45400000e-04  1.73196328e-07 
 4.45500000e-04  1.73143901e-07 
 4.45600000e-04  1.59118033e-07 
 4.45700000e-04  1.58728034e-07 
 4.45800000e-04  1.58506523e-07 
 4.45900000e-04  1.58338986e-07 
 4.46000000e-04  1.58226964e-07 
 4.46100000e-04  1.75523691e-07 
 4.46200000e-04  1.75095370e-07 
 4.46300000e-04  1.74938951e-07 
 4.46400000e-04  1.74801207e-07 
 4.46500000e-04  1.74734927e-07 
 4.46600000e-04  1.64535357e-07 
 4.46700000e-04  1.64194891e-07 
 4.46800000e-04  1.64022255e-07 
 4.46900000e-04  1.63905145e-07 
 4.47000000e-04  1.63845144e-07 
 4.47100000e-04  1.73194710e-07 
 4.47200000e-04  1.72883357e-07 
 4.47300000e-04  1.72765555e-07 
 4.47400000e-04  1.72660254e-07 
 4.47500000e-04  1.72600039e-07 
 4.47600000e-04  1.58657871e-07 
 4.47700000e-04  1.58176312e-07 
 4.47800000e-04  1.57940165e-07 
 4.47900000e-04  1.57768680e-07 
 4.48000000e-04  1.57663727e-07 
 4.48100000e-04  1.73869408e-07 
 4.48200000e-04  1.73644724e-07 
 4.48300000e-04  1.73554891e-07 
 4.48400000e-04  1.73475506e-07 
 4.48500000e-04  1.73421958e-07 
 4.48600000e-04  1.60622079e-07 
 4.48700000e-04  1.60280117e-07 
 4.48800000e-04  1.60104725e-07 
 4.48900000e-04  1.59982009e-07 
 4.49000000e-04  1.59913458e-07 
 4.49100000e-04  1.73604390e-07 
 4.49200000e-04  1.73356176e-07 
 4.49300000e-04  1.73272288e-07 
 4.49400000e-04  1.73200187e-07 
 4.49500000e-04  1.73148026e-07 
 4.49600000e-04  1.59111993e-07 
 4.49700000e-04  1.58729241e-07 
 4.49800000e-04  1.58517145e-07 
 4.49900000e-04  1.58350381e-07 
 4.50000000e-04  1.58230211e-07 
 4.50100000e-04  1.74995703e-07 
 4.50200000e-04  1.74673811e-07 
 4.50300000e-04  1.74554346e-07 
 4.50400000e-04  1.74449454e-07 
 4.50500000e-04  1.74373023e-07 
 4.50600000e-04  1.62871555e-07 
 4.50700000e-04  1.62534717e-07 
 4.50800000e-04  1.62355409e-07 
 4.50900000e-04  1.62232467e-07 
 4.51000000e-04  1.62167499e-07 
 4.51100000e-04  1.73700129e-07 
 4.51200000e-04  1.73405495e-07 
 4.51300000e-04  1.73308921e-07 
 4.51400000e-04  1.73226166e-07 
 4.51500000e-04  1.73177141e-07 
 4.51600000e-04  1.59170042e-07 
 4.51700000e-04  1.58735391e-07 
 4.51800000e-04  1.58516476e-07 
 4.51900000e-04  1.58354634e-07 
 4.52000000e-04  1.58251492e-07 
 4.52100000e-04  1.74471333e-07 
 4.52200000e-04  1.74247944e-07 
 4.52300000e-04  1.74155932e-07 
 4.52400000e-04  1.74073822e-07 
 4.52500000e-04  1.74019193e-07 
 4.52600000e-04  1.61214886e-07 
 4.52700000e-04  1.60868762e-07 
 4.52800000e-04  1.60682302e-07 
 4.52900000e-04  1.60550964e-07 
 4.53000000e-04  1.60476318e-07 
 4.53100000e-04  1.74225145e-07 
 4.53200000e-04  1.73978389e-07 
 4.53300000e-04  1.73877649e-07 
 4.53400000e-04  1.73787146e-07 
 4.53500000e-04  1.73764403e-07 
 4.53600000e-04  1.59692673e-07 
 4.53700000e-04  1.59309776e-07 
 4.53800000e-04  1.59097753e-07 
 4.53900000e-04  1.58938289e-07 
 4.54000000e-04  1.58832865e-07 
 4.54100000e-04  1.77720140e-07 
 4.54200000e-04  1.76974353e-07 
 4.54300000e-04  1.76744829e-07 
 4.54400000e-04  1.76549319e-07 
 4.54500000e-04  1.76456057e-07 
 4.54600000e-04  1.70103876e-07 
 4.54700000e-04  1.69753403e-07 
 4.54800000e-04  1.69594212e-07 
 4.54900000e-04  1.69505008e-07 
 4.55000000e-04  1.69487826e-07 
 4.55100000e-04  1.73015554e-07 
 4.55200000e-04  1.72043465e-07 
 4.55300000e-04  1.71786415e-07 
 4.55400000e-04  1.71575277e-07 
 4.55500000e-04  1.71476995e-07 
 4.55600000e-04  1.57671584e-07 
 4.55700000e-04  1.57085756e-07 
 4.55800000e-04  1.56808839e-07 
 4.55900000e-04  1.56611195e-07 
 4.56000000e-04  1.56495155e-07 
 4.56100000e-04  1.72655771e-07 
 4.56200000e-04  1.72445271e-07 
 4.56300000e-04  1.72352965e-07 
 4.56400000e-04  1.72269330e-07 
 4.56500000e-04  1.72202525e-07 
 4.56600000e-04  1.59460350e-07 
 4.56700000e-04  1.59114468e-07 
 4.56800000e-04  1.58931577e-07 
 4.56900000e-04  1.58797296e-07 
 4.57000000e-04  1.58712986e-07 
 4.57100000e-04  1.72380689e-07 
 4.57200000e-04  1.72147377e-07 
 4.57300000e-04  1.72055794e-07 
 4.57400000e-04  1.71974203e-07 
 4.57500000e-04  1.71925092e-07 
 4.57600000e-04  1.57943507e-07 
 4.57700000e-04  1.57541943e-07 
 4.57800000e-04  1.57332212e-07 
 4.57900000e-04  1.57168968e-07 
 4.58000000e-04  1.57053499e-07 
 4.58100000e-04  1.73751842e-07 
 4.58200000e-04  1.73444263e-07 
 4.58300000e-04  1.73320287e-07 
 4.58400000e-04  1.73208542e-07 
 4.58500000e-04  1.73154960e-07 
 4.58600000e-04  1.61708113e-07 
 4.58700000e-04  1.61352729e-07 
 4.58800000e-04  1.61174319e-07 
 4.58900000e-04  1.61050123e-07 
 4.59000000e-04  1.60981671e-07 
 4.59100000e-04  1.72445088e-07 
 4.59200000e-04  1.72167513e-07 
 4.59300000e-04  1.72072912e-07 
 4.59400000e-04  1.71990805e-07 
 4.59500000e-04  1.71952154e-07 
 4.59600000e-04  1.57993545e-07 
 4.59700000e-04  1.57551751e-07 
 4.59800000e-04  1.57327303e-07 
 4.59900000e-04  1.57163351e-07 
 4.60000000e-04  1.57061624e-07 
 4.60100000e-04  1.73215105e-07 
 4.60200000e-04  1.73008546e-07 
 4.60300000e-04  1.72916779e-07 
 4.60400000e-04  1.72833108e-07 
 4.60500000e-04  1.72789791e-07 
 4.60600000e-04  1.60043051e-07 
 4.60700000e-04  1.59673473e-07 
 4.60800000e-04  1.59498027e-07 
 4.60900000e-04  1.59374705e-07 
 4.61000000e-04  1.59304971e-07 
 4.61100000e-04  1.72975094e-07 
 4.61200000e-04  1.72737512e-07 
 4.61300000e-04  1.72648846e-07 
 4.61400000e-04  1.72570857e-07 
 4.61500000e-04  1.72530776e-07 
 4.61600000e-04  1.58531332e-07 
 4.61700000e-04  1.58123012e-07 
 4.61800000e-04  1.57914199e-07 
 4.61900000e-04  1.57753265e-07 
 4.62000000e-04  1.57641534e-07 
 4.62100000e-04  1.74892850e-07 
 4.62200000e-04  1.74462184e-07 
 4.62300000e-04  1.74316166e-07 
 4.62400000e-04  1.74189667e-07 
 4.62500000e-04  1.74131567e-07 
 4.62600000e-04  1.63958256e-07 
 4.62700000e-04  1.63600883e-07 
 4.62800000e-04  1.63418149e-07 
 4.62900000e-04  1.63306831e-07 
 4.63000000e-04  1.63269007e-07 
 4.63100000e-04  1.72577179e-07 
 4.63200000e-04  1.72254457e-07 
 4.63300000e-04  1.72135355e-07 
 4.63400000e-04  1.72030316e-07 
 4.63500000e-04  1.71983295e-07 
 4.63600000e-04  1.58059268e-07 
 4.63700000e-04  1.57583618e-07 
 4.63800000e-04  1.57349645e-07 
 4.63900000e-04  1.57172557e-07 
 4.64000000e-04  1.57053965e-07 
 4.64100000e-04  1.73236374e-07 
 4.64200000e-04  1.73028294e-07 
 4.64300000e-04  1.72932106e-07 
 4.64400000e-04  1.72844009e-07 
 4.64500000e-04  1.72801255e-07 
 4.64600000e-04  1.60035807e-07 
 4.64700000e-04  1.59697889e-07 
 4.64800000e-04  1.59507404e-07 
 4.64900000e-04  1.59374842e-07 
 4.65000000e-04  1.59301848e-07 
 4.65100000e-04  1.72978935e-07 
 4.65200000e-04  1.72738203e-07 
 4.65300000e-04  1.72646291e-07 
 4.65400000e-04  1.72564615e-07 
 4.65500000e-04  1.72528705e-07 
 4.65600000e-04  1.58531002e-07 
 4.65700000e-04  1.58134101e-07 
 4.65800000e-04  1.57912759e-07 
 4.65900000e-04  1.57746609e-07 
 4.66000000e-04  1.57637206e-07 
 4.66100000e-04  1.74358143e-07 
 4.66200000e-04  1.74043606e-07 
 4.66300000e-04  1.73929599e-07 
 4.66400000e-04  1.73829517e-07 
 4.66500000e-04  1.73765781e-07 
 4.66600000e-04  1.62275018e-07 
 4.66700000e-04  1.61926711e-07 
 4.66800000e-04  1.61750124e-07 
 4.66900000e-04  1.61634764e-07 
 4.67000000e-04  1.61582374e-07 
 4.67100000e-04  1.73068372e-07 
 4.67200000e-04  1.72792609e-07 
 4.67300000e-04  1.72690321e-07 
 4.67400000e-04  1.72599613e-07 
 4.67500000e-04  1.72547973e-07 
 4.67600000e-04  1.58582665e-07 
 4.67700000e-04  1.58139755e-07 
 4.67800000e-04  1.57918307e-07 
 4.67900000e-04  1.57749384e-07 
 4.68000000e-04  1.57634457e-07 
 4.68100000e-04  1.73831431e-07 
 4.68200000e-04  1.73622455e-07 
 4.68300000e-04  1.73532927e-07 
 4.68400000e-04  1.73451704e-07 
 4.68500000e-04  1.73402341e-07 
 4.68600000e-04  1.60618999e-07 
 4.68700000e-04  1.60266619e-07 
 4.68800000e-04  1.60092051e-07 
 4.68900000e-04  1.59966211e-07 
 4.69000000e-04  1.59890444e-07 
 4.69100000e-04  1.73610540e-07 
 4.69200000e-04  1.73353943e-07 
 4.69300000e-04  1.73257220e-07 
 4.69400000e-04  1.73172136e-07 
 4.69500000e-04  1.73136835e-07 
 4.69600000e-04  1.59107574e-07 
 4.69700000e-04  1.58723823e-07 
 4.69800000e-04  1.58504522e-07 
 4.69900000e-04  1.58338219e-07 
 4.70000000e-04  1.58226392e-07 
 4.70100000e-04  1.76042269e-07 
 4.70200000e-04  1.75502349e-07 
 4.70300000e-04  1.75328327e-07 
 4.70400000e-04  1.75179267e-07 
 4.70500000e-04  1.75094486e-07 
 4.70600000e-04  1.66204482e-07 
 4.70700000e-04  1.65852293e-07 
 4.70800000e-04  1.65678945e-07 
 4.70900000e-04  1.65574372e-07 
 4.71000000e-04  1.65540555e-07 
 4.71100000e-04  1.72860356e-07 
 4.71200000e-04  1.72452474e-07 
 4.71300000e-04  1.72284856e-07 
 4.71400000e-04  1.72133433e-07 
 4.71500000e-04  1.72065082e-07 
 4.71600000e-04  1.58164011e-07 
 4.71700000e-04  1.57642622e-07 
 4.71800000e-04  1.57393958e-07 
 4.71900000e-04  1.57208704e-07 
 4.72000000e-04  1.57088671e-07 
 4.72100000e-04  1.73258772e-07 
 4.72200000e-04  1.73056146e-07 
 4.72300000e-04  1.72961015e-07 
 4.72400000e-04  1.72873267e-07 
 4.72500000e-04  1.72819881e-07 
 4.72600000e-04  1.60050655e-07 
 4.72700000e-04  1.59696676e-07 
 4.72800000e-04  1.59509857e-07 
 4.72900000e-04  1.59380081e-07 
 4.73000000e-04  1.59308954e-07 
 4.73100000e-04  1.72992082e-07 
 4.73200000e-04  1.72756029e-07 
 4.73300000e-04  1.72659657e-07 
 4.73400000e-04  1.72573040e-07 
 4.73500000e-04  1.72538755e-07 
 4.73600000e-04  1.58533646e-07 
 4.73700000e-04  1.58133296e-07 
 4.73800000e-04  1.57916959e-07 
 4.73900000e-04  1.57754403e-07 
 4.74000000e-04  1.57647129e-07 
 4.74100000e-04  1.74372233e-07 
 4.74200000e-04  1.74051206e-07 
 4.74300000e-04  1.73931550e-07 
 4.74400000e-04  1.73826124e-07 
 4.74500000e-04  1.73764663e-07 
 4.74600000e-04  1.62300548e-07 
 4.74700000e-04  1.61928220e-07 
 4.74800000e-04  1.61763380e-07 
 4.74900000e-04  1.61645913e-07 
 4.75000000e-04  1.61577123e-07 
 4.75100000e-04  1.73084843e-07 
 4.75200000e-04  1.72788127e-07 
 4.75300000e-04  1.72685158e-07 
 4.75400000e-04  1.72595636e-07 
 4.75500000e-04  1.72552283e-07 
 4.75600000e-04  1.58584846e-07 
 4.75700000e-04  1.58141506e-07 
 4.75800000e-04  1.57930068e-07 
 4.75900000e-04  1.57764462e-07 
 4.76000000e-04  1.57645935e-07 
 4.76100000e-04  1.73851925e-07 
 4.76200000e-04  1.73640669e-07 
 4.76300000e-04  1.73541930e-07 
 4.76400000e-04  1.73451308e-07 
 4.76500000e-04  1.73403278e-07 
 4.76600000e-04  1.60614998e-07 
 4.76700000e-04  1.60270481e-07 
 4.76800000e-04  1.60092889e-07 
 4.76900000e-04  1.59962552e-07 
 4.77000000e-04  1.59880763e-07 
 4.77100000e-04  1.73595264e-07 
 4.77200000e-04  1.73357193e-07 
 4.77300000e-04  1.73269817e-07 
 4.77400000e-04  1.73193213e-07 
 4.77500000e-04  1.73145834e-07 
 4.77600000e-04  1.59110409e-07 
 4.77700000e-04  1.58715425e-07 
 4.77800000e-04  1.58509119e-07 
 4.77900000e-04  1.58347094e-07 
 4.78000000e-04  1.58230549e-07 
 4.78100000e-04  1.75508546e-07 
 4.78200000e-04  1.75091308e-07 
 4.78300000e-04  1.74942893e-07 
 4.78400000e-04  1.74812561e-07 
 4.78500000e-04  1.74736676e-07 
 4.78600000e-04  1.64531223e-07 
 4.78700000e-04  1.64197141e-07 
 4.78800000e-04  1.64022595e-07 
 4.78900000e-04  1.63909836e-07 
 4.79000000e-04  1.63860616e-07 
 4.79100000e-04  1.73191198e-07 
 4.79200000e-04  1.72886830e-07 
 4.79300000e-04  1.72758613e-07 
 4.79400000e-04  1.72641581e-07 
 4.79500000e-04  1.72598207e-07 
 4.79600000e-04  1.58658939e-07 
 4.79700000e-04  1.58182507e-07 
 4.79800000e-04  1.57942609e-07 
 4.79900000e-04  1.57769401e-07 
 4.80000000e-04  1.57664790e-07 
 4.80100000e-04  1.73869485e-07 
 4.80200000e-04  1.73647650e-07 
 4.80300000e-04  1.73547362e-07 
 4.80400000e-04  1.73456079e-07 
 4.80500000e-04  1.73409950e-07 
 4.80600000e-04  1.60624440e-07 
 4.80700000e-04  1.60290077e-07 
 4.80800000e-04  1.60098775e-07 
 4.80900000e-04  1.59970996e-07 
 4.81000000e-04  1.59908545e-07 
 4.81100000e-04  1.73609145e-07 
 4.81200000e-04  1.73352878e-07 
 4.81300000e-04  1.73259659e-07 
 4.81400000e-04  1.73178056e-07 
 4.81500000e-04  1.73148539e-07 
 4.81600000e-04  1.59120019e-07 
 4.81700000e-04  1.58726443e-07 
 4.81800000e-04  1.58507000e-07 
 4.81900000e-04  1.58340447e-07 
 4.82000000e-04  1.58228247e-07 
 4.82100000e-04  1.74993300e-07 
 4.82200000e-04  1.74664560e-07 
 4.82300000e-04  1.74546751e-07 
 4.82400000e-04  1.74444129e-07 
 4.82500000e-04  1.74377136e-07 
 4.82600000e-04  1.62883057e-07 
 4.82700000e-04  1.62522859e-07 
 4.82800000e-04  1.62353122e-07 
 4.82900000e-04  1.62234174e-07 
 4.83000000e-04  1.62167414e-07 
 4.83100000e-04  1.73683759e-07 
 4.83200000e-04  1.73410173e-07 
 4.83300000e-04  1.73303674e-07 
 4.83400000e-04  1.73208114e-07 
 4.83500000e-04  1.73174200e-07 
 4.83600000e-04  1.59166596e-07 
 4.83700000e-04  1.58723552e-07 
 4.83800000e-04  1.58514308e-07 
 4.83900000e-04  1.58351066e-07 
 4.84000000e-04  1.58235075e-07 
 4.84100000e-04  1.74464127e-07 
 4.84200000e-04  1.74240799e-07 
 4.84300000e-04  1.74154171e-07 
 4.84400000e-04  1.74077704e-07 
 4.84500000e-04  1.74018288e-07 
 4.84600000e-04  1.61210335e-07 
 4.84700000e-04  1.60876747e-07 
 4.84800000e-04  1.60692004e-07 
 4.84900000e-04  1.60564245e-07 
 4.85000000e-04  1.60495063e-07 
 4.85100000e-04  1.74228877e-07 
 4.85200000e-04  1.73981999e-07 
 4.85300000e-04  1.73888697e-07 
 4.85400000e-04  1.73806088e-07 
 4.85500000e-04  1.73766078e-07 
 4.85600000e-04  1.59691523e-07 
 4.85700000e-04  1.59294811e-07 
 4.85800000e-04  1.59087363e-07 
 4.85900000e-04  1.58932893e-07 
 4.86000000e-04  1.58832862e-07 
 4.86100000e-04  1.77208299e-07 
 4.86200000e-04  1.76553956e-07 
 4.86300000e-04  1.76341135e-07 
 4.86400000e-04  1.76158020e-07 
 4.86500000e-04  1.76074032e-07 
 4.86600000e-04  1.68440937e-07 
 4.86700000e-04  1.68103241e-07 
 4.86800000e-04  1.67938523e-07 
 4.86900000e-04  1.67845600e-07 
 4.87000000e-04  1.67826531e-07 
 4.87100000e-04  1.73494930e-07 
 4.87200000e-04  1.72686604e-07 
 4.87300000e-04  1.72430470e-07 
 4.87400000e-04  1.72211684e-07 
 4.87500000e-04  1.72115117e-07 
 4.87600000e-04  1.58234165e-07 
 4.87700000e-04  1.57666645e-07 
 4.87800000e-04  1.57409450e-07 
 4.87900000e-04  1.57219579e-07 
 4.88000000e-04  1.57098949e-07 
 4.88100000e-04  1.73280212e-07 
 4.88200000e-04  1.73060042e-07 
 4.88300000e-04  1.72967769e-07 
 4.88400000e-04  1.72884890e-07 
 4.88500000e-04  1.72828158e-07 
 4.88600000e-04  1.60057986e-07 
 4.88700000e-04  1.59699185e-07 
 4.88800000e-04  1.59520096e-07 
 4.88900000e-04  1.59392502e-07 
 4.89000000e-04  1.59318084e-07 
 4.89100000e-04  1.73162993e-07 
 4.89200000e-04  1.72811668e-07 
 4.89300000e-04  1.72676666e-07 
 4.89400000e-04  1.72606941e-07 
 4.89500000e-04  1.72551438e-07 
 4.89600000e-04  1.58550936e-07 
 4.89700000e-04  1.58163498e-07 
 4.89800000e-04  1.57941976e-07 
 4.89900000e-04  1.57768627e-07 
 4.90000000e-04  1.57644791e-07 
 4.90100000e-04  1.74369344e-07 
 4.90200000e-04  1.74045607e-07 
 4.90300000e-04  1.73926461e-07 
 4.90400000e-04  1.73821635e-07 
 4.90500000e-04  1.73778156e-07 
 4.90600000e-04  1.62302203e-07 
 4.90700000e-04  1.61948632e-07 
 4.90800000e-04  1.61764747e-07 
 4.90900000e-04  1.61641097e-07 
 4.91000000e-04  1.61579422e-07 
 4.91100000e-04  1.73075092e-07 
 4.91200000e-04  1.72795122e-07 
 4.91300000e-04  1.72687982e-07 
 4.91400000e-04  1.72592119e-07 
 4.91500000e-04  1.72551206e-07 
 4.91600000e-04  1.58578864e-07 
 4.91700000e-04  1.58139512e-07 
 4.91800000e-04  1.57924544e-07 
 4.91900000e-04  1.57763579e-07 
 4.92000000e-04  1.57658185e-07 
 4.92100000e-04  1.73839406e-07 
 4.92200000e-04  1.73639131e-07 
 4.92300000e-04  1.73541685e-07 
 4.92400000e-04  1.73451084e-07 
 4.92500000e-04  1.73403399e-07 
 4.92600000e-04  1.60633174e-07 
 4.92700000e-04  1.60279912e-07 
 4.92800000e-04  1.60099199e-07 
 4.92900000e-04  1.59965280e-07 
 4.93000000e-04  1.59879519e-07 
 4.93100000e-04  1.73598919e-07 
 4.93200000e-04  1.73357156e-07 
 4.93300000e-04  1.73261831e-07 
 4.93400000e-04  1.73176700e-07 
 4.93500000e-04  1.73154194e-07 
 4.93600000e-04  1.59115518e-07 
 4.93700000e-04  1.58726692e-07 
 4.93800000e-04  1.58513497e-07 
 4.93900000e-04  1.58345423e-07 
 4.94000000e-04  1.58223926e-07 
 4.94100000e-04  1.75941320e-07 
 4.94200000e-04  1.75292393e-07 
 4.94300000e-04  1.75093486e-07 
 4.94400000e-04  1.75015427e-07 
 4.94500000e-04  1.74966428e-07 
 4.94600000e-04  1.64820106e-07 
 4.94700000e-04  1.64486830e-07 
 4.94800000e-04  1.64302246e-07 
 4.94900000e-04  1.64156084e-07 
 4.95000000e-04  1.64049489e-07 
 4.95100000e-04  1.73194985e-07 
 4.95200000e-04  1.72870964e-07 
 4.95300000e-04  1.72762569e-07 
 4.95400000e-04  1.72668604e-07 
 4.95500000e-04  1.72612246e-07 
 4.95600000e-04  1.58659025e-07 
 4.95700000e-04  1.58172975e-07 
 4.95800000e-04  1.57938769e-07 
 4.95900000e-04  1.57769480e-07 
 4.96000000e-04  1.57667110e-07 
 4.96100000e-04  1.73854843e-07 
 4.96200000e-04  1.73646363e-07 
 4.96300000e-04  1.73556921e-07 
 4.96400000e-04  1.73475948e-07 
 4.96500000e-04  1.73417308e-07 
 4.96600000e-04  1.60624836e-07 
 4.96700000e-04  1.60279846e-07 
 4.96800000e-04  1.60099279e-07 
 4.96900000e-04  1.59970742e-07 
 4.97000000e-04  1.59895848e-07 
 4.97100000e-04  1.73607659e-07 
 4.97200000e-04  1.73358157e-07 
 4.97300000e-04  1.73262566e-07 
 4.97400000e-04  1.73178231e-07 
 4.97500000e-04  1.73142667e-07 
 4.97600000e-04  1.59128091e-07 
 4.97700000e-04  1.58729306e-07 
 4.97800000e-04  1.58511901e-07 
 4.97900000e-04  1.58345970e-07 
 4.98000000e-04  1.58233124e-07 
 4.98100000e-04  1.74984298e-07 
 4.98200000e-04  1.74664924e-07 
 4.98300000e-04  1.74545349e-07 
 4.98400000e-04  1.74439303e-07 
 4.98500000e-04  1.74389686e-07 
 4.98600000e-04  1.62869636e-07 
 4.98700000e-04  1.62536289e-07 
 4.98800000e-04  1.62357367e-07 
 4.98900000e-04  1.62234507e-07 
 4.99000000e-04  1.62169488e-07 
 4.99100000e-04  1.73705688e-07 
 4.99200000e-04  1.73398696e-07 
 4.99300000e-04  1.73295144e-07 
 4.99400000e-04  1.73205854e-07 
 4.99500000e-04  1.73179445e-07 
 4.99600000e-04  1.59171191e-07 
 4.99700000e-04  1.58732589e-07 
 4.99800000e-04  1.58503152e-07 
 4.99900000e-04  1.58335777e-07 
 5.00000000e-04  1.58232432e-07 
 5.00100000e-04  1.74460530e-07 
 5.00200000e-04  1.74261855e-07 
 5.00300000e-04  1.74168704e-07 
 5.00400000e-04  1.74082986e-07 
 5.00500000e-04  1.74028888e-07 
 5.00600000e-04  1.61204779e-07 
 5.00700000e-04  1.60864768e-07 
 5.00800000e-04  1.60688382e-07 
 5.00900000e-04  1.60562901e-07 
 5.01000000e-04  1.60489941e-07 
 5.01100000e-04  1.74238613e-07 
 5.01200000e-04  1.73990325e-07 
 5.01300000e-04  1.73894435e-07 
 5.01400000e-04  1.73809641e-07 
 5.01500000e-04  1.73768105e-07 
 5.01600000e-04  1.59696150e-07 
 5.01700000e-04  1.59301756e-07 
 5.01800000e-04  1.59104384e-07 
 5.01900000e-04  1.58943974e-07 
 5.02000000e-04  1.58821701e-07 
 5.02100000e-04  1.76684309e-07 
 5.02200000e-04  1.76131201e-07 
 5.02300000e-04  1.75956281e-07 
 5.02400000e-04  1.75807511e-07 
 5.02500000e-04  1.75709890e-07 
 5.02600000e-04  1.66779319e-07 
 5.02700000e-04  1.66442310e-07 
 5.02800000e-04  1.66276860e-07 
 5.02900000e-04  1.66171715e-07 
 5.03000000e-04  1.66128785e-07 
 5.03100000e-04  1.73482590e-07 
 5.03200000e-04  1.73063784e-07 
 5.03300000e-04  1.72898313e-07 
 5.03400000e-04  1.72750160e-07 
 5.03500000e-04  1.72682814e-07 
 5.03600000e-04  1.58760629e-07 
 5.03700000e-04  1.58240500e-07 
 5.03800000e-04  1.57997608e-07 
 5.03900000e-04  1.57812240e-07 
 5.04000000e-04  1.57686220e-07 
 5.04100000e-04  1.73903890e-07 
 5.04200000e-04  1.73688132e-07 
 5.04300000e-04  1.73579053e-07 
 5.04400000e-04  1.73477720e-07 
 5.04500000e-04  1.73432745e-07 
 5.04600000e-04  1.60638297e-07 
 5.04700000e-04  1.60295794e-07 
 5.04800000e-04  1.60113604e-07 
 5.04900000e-04  1.59982040e-07 
 5.05000000e-04  1.59902706e-07 
 5.05100000e-04  1.73619125e-07 
 5.05200000e-04  1.73376352e-07 
 5.05300000e-04  1.73279445e-07 
 5.05400000e-04  1.73192930e-07 
 5.05500000e-04  1.73156808e-07 
 5.05600000e-04  1.59119155e-07 
 5.05700000e-04  1.58728500e-07 
 5.05800000e-04  1.58510504e-07 
 5.05900000e-04  1.58346565e-07 
 5.06000000e-04  1.58238399e-07 
 5.06100000e-04  1.75005009e-07 
 5.06200000e-04  1.74669756e-07 
 5.06300000e-04  1.74550325e-07 
 5.06400000e-04  1.74446499e-07 
 5.06500000e-04  1.74383414e-07 
 5.06600000e-04  1.62872125e-07 
 5.06700000e-04  1.62522892e-07 
 5.06800000e-04  1.62347231e-07 
 5.06900000e-04  1.62228850e-07 
 5.07000000e-04  1.62169564e-07 
 5.07100000e-04  1.73698182e-07 
 5.07200000e-04  1.73418904e-07 
 5.07300000e-04  1.73314440e-07 
 5.07400000e-04  1.73221718e-07 
 5.07500000e-04  1.73178946e-07 
 5.07600000e-04  1.59178578e-07 
 5.07700000e-04  1.58739946e-07 
 5.07800000e-04  1.58520082e-07 
 5.07900000e-04  1.58352535e-07 
 5.08000000e-04  1.58238965e-07 
 5.08100000e-04  1.74469216e-07 
 5.08200000e-04  1.74270544e-07 
 5.08300000e-04  1.74170235e-07 
 5.08400000e-04  1.74076583e-07 
 5.08500000e-04  1.74018181e-07 
 5.08600000e-04  1.61200560e-07 
 5.08700000e-04  1.60873852e-07 
 5.08800000e-04  1.60699113e-07 
 5.08900000e-04  1.60572767e-07 
 5.09000000e-04  1.60496351e-07 
 5.09100000e-04  1.74234818e-07 
 5.09200000e-04  1.73987223e-07 
 5.09300000e-04  1.73890962e-07 
 5.09400000e-04  1.73805703e-07 
 5.09500000e-04  1.73760810e-07 
 5.09600000e-04  1.59697644e-07 
 5.09700000e-04  1.59304472e-07 
 5.09800000e-04  1.59091753e-07 
 5.09900000e-04  1.58930488e-07 
 5.10000000e-04  1.58822310e-07 
 5.10100000e-04  1.76141216e-07 
 5.10200000e-04  1.75715026e-07 
 5.10300000e-04  1.75566037e-07 
 5.10400000e-04  1.75435719e-07 
 5.10500000e-04  1.75355399e-07 
 5.10600000e-04  1.65123119e-07 
 5.10700000e-04  1.64777237e-07 
 5.10800000e-04  1.64617884e-07 
 5.10900000e-04  1.64510096e-07 
 5.11000000e-04  1.64455509e-07 
 5.11100000e-04  1.73821681e-07 
 5.11200000e-04  1.73500761e-07 
 5.11300000e-04  1.73377155e-07 
 5.11400000e-04  1.73266461e-07 
 5.11500000e-04  1.73218345e-07 
 5.11600000e-04  1.59241777e-07 
 5.11700000e-04  1.58770316e-07 
 5.11800000e-04  1.58540235e-07 
 5.11900000e-04  1.58370644e-07 
 5.12000000e-04  1.58263462e-07 
 5.12100000e-04  1.74486863e-07 
 5.12200000e-04  1.74264947e-07 
 5.12300000e-04  1.74165840e-07 
 5.12400000e-04  1.74075614e-07 
 5.12500000e-04  1.74051899e-07 
 5.12600000e-04  1.61203573e-07 
 5.12700000e-04  1.60872499e-07 
 5.12800000e-04  1.60703028e-07 
 5.12900000e-04  1.60579464e-07 
 5.13000000e-04  1.60503263e-07 
 5.13100000e-04  1.74243805e-07 
 5.13200000e-04  1.73993071e-07 
 5.13300000e-04  1.73896283e-07 
 5.13400000e-04  1.73810882e-07 
 5.13500000e-04  1.73771511e-07 
 5.13600000e-04  1.59693033e-07 
 5.13700000e-04  1.59318227e-07 
 5.13800000e-04  1.59108236e-07 
 5.13900000e-04  1.58945214e-07 
 5.14000000e-04  1.58830649e-07 
 5.14100000e-04  1.75619353e-07 
 5.14200000e-04  1.75293669e-07 
 5.14300000e-04  1.75169164e-07 
 5.14400000e-04  1.75058995e-07 
 5.14500000e-04  1.75003448e-07 
 5.14600000e-04  1.63457050e-07 
 5.14700000e-04  1.63113845e-07 
 5.14800000e-04  1.62950764e-07 
 5.14900000e-04  1.62836243e-07 
 5.15000000e-04  1.62771824e-07 
 5.15100000e-04  1.74329304e-07 
 5.15200000e-04  1.74040309e-07 
 5.15300000e-04  1.73932993e-07 
 5.15400000e-04  1.73838340e-07 
 5.15500000e-04  1.73788259e-07 
 5.15600000e-04  1.59761792e-07 
 5.15700000e-04  1.59323316e-07 
 5.15800000e-04  1.59103696e-07 
 5.15900000e-04  1.58936942e-07 
 5.16000000e-04  1.58824731e-07 
 5.16100000e-04  1.75091634e-07 
 5.16200000e-04  1.74888507e-07 
 5.16300000e-04  1.74788088e-07 
 5.16400000e-04  1.74694289e-07 
 5.16500000e-04  1.74647306e-07 
 5.16600000e-04  1.61793284e-07 
 5.16700000e-04  1.61456983e-07 
 5.16800000e-04  1.61276854e-07 
 5.16900000e-04  1.61155997e-07 
 5.17000000e-04  1.61096292e-07 
 5.17100000e-04  1.74853615e-07 
 5.17200000e-04  1.74598053e-07 
 5.17300000e-04  1.74509276e-07 
 5.17400000e-04  1.74432853e-07 
 5.17500000e-04  1.74383021e-07 
 5.17600000e-04  1.60292158e-07 
 5.17700000e-04  1.59909920e-07 
 5.17800000e-04  1.59698342e-07 
 5.17900000e-04  1.59537035e-07 
 5.18000000e-04  1.59427594e-07 
 5.18100000e-04  1.88940891e-07 
 5.18200000e-04  1.86324118e-07 
 5.18300000e-04  1.85518152e-07 
 5.18400000e-04  1.85264024e-07 
 5.18500000e-04  1.85009897e-07 
 5.18600000e-04  1.75732754e-07 
 5.18700000e-04  1.74614379e-07 
 5.18800000e-04  1.74276014e-07 
 5.18900000e-04  1.74062674e-07 
 5.19000000e-04  1.73976612e-07 
 5.19100000e-04  1.71284565e-07 
 5.19200000e-04  1.70507845e-07 
 5.19300000e-04  1.70299524e-07 
 5.19400000e-04  1.70127748e-07 
 5.19500000e-04  1.70065233e-07 
 5.19600000e-04  1.57647994e-07 
 5.19700000e-04  1.56967379e-07 
 5.19800000e-04  1.56706692e-07 
 5.19900000e-04 -0.00000000e+00 
 5.20000000e-04  1.56574314e-07 
