 time            -i(vdd)        
 2.60000000e-04 -1.26577369e-04 
 2.60100000e-04  1.83731630e-07 
 2.60200000e-04  1.75017539e-07 
 2.60300000e-04  1.72693871e-07 
 2.60400000e-04  1.70735737e-07 
 2.60500000e-04  1.70077313e-07 
 2.60600000e-04  1.76680948e-07 
 2.60700000e-04  1.75913368e-07 
 2.60800000e-04  1.75486206e-07 
 2.60900000e-04  1.75137019e-07 
 2.61000000e-04  1.74867501e-07 
 2.61100000e-04  1.56450504e-07 
 2.61200000e-04  1.54079176e-07 
 2.61300000e-04  1.53473617e-07 
 2.61400000e-04  1.52984852e-07 
 2.61500000e-04  1.52782323e-07 
 2.61600000e-04  1.38890083e-07 
 2.61700000e-04  1.37642384e-07 
 2.61800000e-04  1.37194989e-07 
 2.61900000e-04  1.36876703e-07 
 2.62000000e-04  1.36691622e-07 
 2.62100000e-04  1.61889746e-07 
 2.62200000e-04  1.60619734e-07 
 2.62300000e-04  1.60335256e-07 
 2.62400000e-04  1.60129945e-07 
 2.62500000e-04  1.60037819e-07 
 2.62600000e-04  1.48509209e-07 
 2.62700000e-04  1.47916445e-07 
 2.62800000e-04  1.47636009e-07 
 2.62900000e-04  1.47423751e-07 
 2.63000000e-04  1.47281128e-07 
 2.63100000e-04  1.99994841e-07 
 2.63200000e-04  1.94211039e-07 
 2.63300000e-04  1.92919629e-07 
 2.63400000e-04  1.91923684e-07 
 2.63500000e-04  1.91648453e-07 
 2.63600000e-04  1.78200099e-07 
 2.63700000e-04  1.77573369e-07 
 2.63800000e-04  1.77244566e-07 
 2.63900000e-04  1.76995483e-07 
 2.64000000e-04  1.76828644e-07 
 2.64100000e-04  1.72669498e-07 
 2.64200000e-04  1.68077346e-07 
 2.64300000e-04  1.67029971e-07 
 2.64400000e-04  1.66213886e-07 
 2.64500000e-04  1.65972206e-07 
 2.64600000e-04  1.53754681e-07 
 2.64700000e-04  1.53133047e-07 
 2.64800000e-04  1.52816672e-07 
 2.64900000e-04  1.52579637e-07 
 2.65000000e-04  1.52424457e-07 
 2.65100000e-04  1.66019667e-07 
 2.65200000e-04  1.65522451e-07 
 2.65300000e-04  1.65362758e-07 
 2.65400000e-04  1.65225630e-07 
 2.65500000e-04  1.65183559e-07 
 2.65600000e-04  1.51582184e-07 
 2.65700000e-04  1.51136948e-07 
 2.65800000e-04  1.50913329e-07 
 2.65900000e-04  1.50742976e-07 
 2.66000000e-04  1.50627573e-07 
 2.66100000e-04  1.66991846e-07 
 2.66200000e-04  1.66739318e-07 
 2.66300000e-04  1.66641827e-07 
 2.66400000e-04  1.66554141e-07 
 2.66500000e-04  1.66503219e-07 
 2.66600000e-04  1.55434604e-07 
 2.66700000e-04  1.55026707e-07 
 2.66800000e-04  1.54816815e-07 
 2.66900000e-04  1.54667779e-07 
 2.67000000e-04  1.54581524e-07 
 2.67100000e-04  1.66084846e-07 
 2.67200000e-04  1.65565390e-07 
 2.67300000e-04  1.65412041e-07 
 2.67400000e-04  1.65281821e-07 
 2.67500000e-04  1.65228310e-07 
 2.67600000e-04  1.51669280e-07 
 2.67700000e-04  1.51175858e-07 
 2.67800000e-04  1.50915377e-07 
 2.67900000e-04  1.50719418e-07 
 2.68000000e-04  1.50590020e-07 
 2.68100000e-04  1.66388195e-07 
 2.68200000e-04  1.66215153e-07 
 2.68300000e-04  1.66136093e-07 
 2.68400000e-04  1.66063713e-07 
 2.68500000e-04  1.66025684e-07 
 2.68600000e-04  1.53660199e-07 
 2.68700000e-04  1.53261001e-07 
 2.68800000e-04  1.53049019e-07 
 2.68900000e-04  1.52895997e-07 
 2.69000000e-04  1.52803800e-07 
 2.69100000e-04  1.66134554e-07 
 2.69200000e-04  1.65905821e-07 
 2.69300000e-04  1.65832582e-07 
 2.69400000e-04  1.65770951e-07 
 2.69500000e-04  1.65756804e-07 
 2.69600000e-04  1.52109740e-07 
 2.69700000e-04  1.51661816e-07 
 2.69800000e-04  1.51425519e-07 
 2.69900000e-04  1.51247717e-07 
 2.70000000e-04  1.51130262e-07 
 2.70100000e-04  1.68003792e-07 
 2.70200000e-04  1.67639939e-07 
 2.70300000e-04  1.67507240e-07 
 2.70400000e-04  1.67389193e-07 
 2.70500000e-04  1.67320596e-07 
 2.70600000e-04  1.57536235e-07 
 2.70700000e-04  1.57127494e-07 
 2.70800000e-04  1.56925410e-07 
 2.70900000e-04  1.56795236e-07 
 2.71000000e-04  1.56739244e-07 
 2.71100000e-04  1.66101204e-07 
 2.71200000e-04  1.65546610e-07 
 2.71300000e-04  1.65377903e-07 
 2.71400000e-04  1.65233080e-07 
 2.71500000e-04  1.65194063e-07 
 2.71600000e-04  1.51639508e-07 
 2.71700000e-04  1.51106595e-07 
 2.71800000e-04  1.50846232e-07 
 2.71900000e-04  1.50647038e-07 
 2.72000000e-04  1.50510946e-07 
 2.72100000e-04  1.66322900e-07 
 2.72200000e-04  1.66151296e-07 
 2.72300000e-04  1.66075281e-07 
 2.72400000e-04  1.66006044e-07 
 2.72500000e-04  1.65970265e-07 
 2.72600000e-04  1.53578925e-07 
 2.72700000e-04  1.53186837e-07 
 2.72800000e-04  1.52983524e-07 
 2.72900000e-04  1.52831600e-07 
 2.73000000e-04  1.52732685e-07 
 2.73100000e-04  1.66062696e-07 
 2.73200000e-04  1.65857039e-07 
 2.73300000e-04  1.65782273e-07 
 2.73400000e-04  1.65716362e-07 
 2.73500000e-04  1.65687378e-07 
 2.73600000e-04  1.52062642e-07 
 2.73700000e-04  1.51614490e-07 
 2.73800000e-04  1.51386663e-07 
 2.73900000e-04  1.51209249e-07 
 2.74000000e-04  1.51083837e-07 
 2.74100000e-04  1.67432059e-07 
 2.74200000e-04  1.67155764e-07 
 2.74300000e-04  1.67058077e-07 
 2.74400000e-04  1.66972356e-07 
 2.74500000e-04  1.66919123e-07 
 2.74600000e-04  1.55807587e-07 
 2.74700000e-04  1.55428142e-07 
 2.74800000e-04  1.55216443e-07 
 2.74900000e-04  1.55071070e-07 
 2.75000000e-04  1.54994115e-07 
 2.75100000e-04  1.66138449e-07 
 2.75200000e-04  1.65904510e-07 
 2.75300000e-04  1.65818888e-07 
 2.75400000e-04  1.65742781e-07 
 2.75500000e-04  1.65712631e-07 
 2.75600000e-04  1.52113176e-07 
 2.75700000e-04  1.51638760e-07 
 2.75800000e-04  1.51381034e-07 
 2.75900000e-04  1.51189326e-07 
 2.76000000e-04  1.51065718e-07 
 2.76100000e-04  1.66899123e-07 
 2.76200000e-04  1.66723698e-07 
 2.76300000e-04  1.66648813e-07 
 2.76400000e-04  1.66580937e-07 
 2.76500000e-04  1.66551704e-07 
 2.76600000e-04  1.54134836e-07 
 2.76700000e-04  1.53746399e-07 
 2.76800000e-04  1.53546772e-07 
 2.76900000e-04  1.53404633e-07 
 2.77000000e-04  1.53321787e-07 
 2.77100000e-04  1.66669537e-07 
 2.77200000e-04  1.66455485e-07 
 2.77300000e-04  1.66379476e-07 
 2.77400000e-04  1.66313552e-07 
 2.77500000e-04  1.66280765e-07 
 2.77600000e-04  1.52641209e-07 
 2.77700000e-04  1.52189099e-07 
 2.77800000e-04  1.51960892e-07 
 2.77900000e-04  1.51781705e-07 
 2.78000000e-04  1.51653076e-07 
 2.78100000e-04  1.69093440e-07 
 2.78200000e-04  1.68606508e-07 
 2.78300000e-04  1.68451091e-07 
 2.78400000e-04  1.68317443e-07 
 2.78500000e-04  1.68258666e-07 
 2.78600000e-04  1.59714189e-07 
 2.78700000e-04  1.59318751e-07 
 2.78800000e-04  1.59125320e-07 
 2.78900000e-04  1.59005415e-07 
 2.79000000e-04  1.58961354e-07 
 2.79100000e-04  1.66277587e-07 
 2.79200000e-04  1.65617355e-07 
 2.79300000e-04  1.65431890e-07 
 2.79400000e-04  1.65277239e-07 
 2.79500000e-04  1.65212038e-07 
 2.79600000e-04  1.51668509e-07 
 2.79700000e-04  1.51114861e-07 
 2.79800000e-04  1.50842778e-07 
 2.79900000e-04  1.50633260e-07 
 2.80000000e-04  1.50488274e-07 
 2.80100000e-04  1.66314086e-07 
 2.80200000e-04  1.66131569e-07 
 2.80300000e-04  1.66055951e-07 
 2.80400000e-04  1.65988051e-07 
 2.80500000e-04  1.65954257e-07 
 2.80600000e-04  1.53566550e-07 
 2.80700000e-04  1.53161708e-07 
 2.80800000e-04  1.52958492e-07 
 2.80900000e-04  1.52813366e-07 
 2.81000000e-04  1.52728155e-07 
 2.81100000e-04  1.66042739e-07 
 2.81200000e-04  1.65839982e-07 
 2.81300000e-04  1.65769259e-07 
 2.81400000e-04  1.65707355e-07 
 2.81500000e-04  1.65679945e-07 
 2.81600000e-04  1.52030865e-07 
 2.81700000e-04  1.51606693e-07 
 2.81800000e-04  1.51362838e-07 
 2.81900000e-04  1.51174866e-07 
 2.82000000e-04  1.51044532e-07 
 2.82100000e-04  1.67416072e-07 
 2.82200000e-04  1.67140033e-07 
 2.82300000e-04  1.67038889e-07 
 2.82400000e-04  1.66949487e-07 
 2.82500000e-04  1.66913421e-07 
 2.82600000e-04  1.55800583e-07 
 2.82700000e-04  1.55400641e-07 
 2.82800000e-04  1.55193934e-07 
 2.82900000e-04  1.55056786e-07 
 2.83000000e-04  1.54991383e-07 
 2.83100000e-04  1.66121272e-07 
 2.83200000e-04  1.65881740e-07 
 2.83300000e-04  1.65792216e-07 
 2.83400000e-04  1.65712631e-07 
 2.83500000e-04  1.65684430e-07 
 2.83600000e-04  1.52076476e-07 
 2.83700000e-04  1.51598186e-07 
 2.83800000e-04  1.51348192e-07 
 2.83900000e-04  1.51163514e-07 
 2.84000000e-04  1.51046201e-07 
 2.84100000e-04  1.66875976e-07 
 2.84200000e-04  1.66716901e-07 
 2.84300000e-04  1.66638107e-07 
 2.84400000e-04  1.66564563e-07 
 2.84500000e-04  1.66529008e-07 
 2.84600000e-04  1.54114965e-07 
 2.84700000e-04  1.53742354e-07 
 2.84800000e-04  1.53534347e-07 
 2.84900000e-04  1.53386921e-07 
 2.85000000e-04  1.53301977e-07 
 2.85100000e-04  1.66644649e-07 
 2.85200000e-04  1.66438809e-07 
 2.85300000e-04  1.66364635e-07 
 2.85400000e-04  1.66299361e-07 
 2.85500000e-04  1.66280629e-07 
 2.85600000e-04  1.52612931e-07 
 2.85700000e-04  1.52172657e-07 
 2.85800000e-04  1.51939608e-07 
 2.85900000e-04  1.51756304e-07 
 2.86000000e-04  1.51624301e-07 
 2.86100000e-04  1.68552465e-07 
 2.86200000e-04  1.68164417e-07 
 2.86300000e-04  1.68033964e-07 
 2.86400000e-04  1.67920582e-07 
 2.86500000e-04  1.67864016e-07 
 2.86600000e-04  1.58038023e-07 
 2.86700000e-04  1.57646065e-07 
 2.86800000e-04  1.57451307e-07 
 2.86900000e-04  1.57322611e-07 
 2.87000000e-04  1.57262019e-07 
 2.87100000e-04  1.68339131e-07 
 2.87200000e-04  1.67532459e-07 
 2.87300000e-04  1.67269538e-07 
 2.87400000e-04  1.67146188e-07 
 2.87500000e-04  1.67067937e-07 
 2.87600000e-04  1.53024336e-07 
 2.87700000e-04  1.52341225e-07 
 2.87800000e-04  1.52040986e-07 
 2.87900000e-04  1.51832877e-07 
 2.88000000e-04  1.51718847e-07 
 2.88100000e-04  1.03753812e-04 
 2.88200000e-04  1.03753455e-04 
 2.88300000e-04  1.03753329e-04 
 2.88400000e-04  1.03753218e-04 
 2.88500000e-04  1.03753191e-04 
 2.88600000e-04  1.03740784e-04 
 2.88700000e-04  1.03740349e-04 
 2.88800000e-04  1.03740149e-04 
 2.88900000e-04  1.03740006e-04 
 2.89000000e-04  1.03739921e-04 
 2.89100000e-04  1.67807903e-07 
 2.89200000e-04  1.67540042e-07 
 2.89300000e-04  1.67461298e-07 
 2.89400000e-04  1.67396441e-07 
 2.89500000e-04  1.67367392e-07 
 2.89600000e-04  1.53704442e-07 
 2.89700000e-04  1.53255082e-07 
 2.89800000e-04  1.53015517e-07 
 2.89900000e-04  1.52841353e-07 
 2.90000000e-04  1.52734637e-07 
 2.90100000e-04  1.69167140e-07 
 2.90200000e-04  1.68887955e-07 
 2.90300000e-04  1.68789635e-07 
 2.90400000e-04  1.68703597e-07 
 2.90500000e-04  1.68644672e-07 
 2.90600000e-04  1.57460677e-07 
 2.90700000e-04  1.57062493e-07 
 2.90800000e-04  1.56868095e-07 
 2.90900000e-04  1.56736019e-07 
 2.91000000e-04  1.56668218e-07 
 2.91100000e-04  1.67874584e-07 
 2.91200000e-04  1.67634698e-07 
 2.91300000e-04  1.67547215e-07 
 2.91400000e-04  1.67469209e-07 
 2.91500000e-04  1.67434168e-07 
 2.91600000e-04  1.53754129e-07 
 2.91700000e-04  1.53273731e-07 
 2.91800000e-04  1.53034856e-07 
 2.91900000e-04  1.52849219e-07 
 2.92000000e-04  1.52718480e-07 
 2.92100000e-04  1.68649241e-07 
 2.92200000e-04  1.68473060e-07 
 2.92300000e-04  1.68391541e-07 
 2.92400000e-04  1.68316515e-07 
 2.92500000e-04  1.68281808e-07 
 2.92600000e-04  1.55789111e-07 
 2.92700000e-04  1.55410030e-07 
 2.92800000e-04  1.55197182e-07 
 2.92900000e-04  1.55054982e-07 
 2.93000000e-04  1.54985642e-07 
 2.93100000e-04  1.68425294e-07 
 2.93200000e-04  1.68186179e-07 
 2.93300000e-04  1.68109158e-07 
 2.93400000e-04  1.68044468e-07 
 2.93500000e-04  1.68025848e-07 
 2.93600000e-04  1.54274162e-07 
 2.93700000e-04  1.53844518e-07 
 2.93800000e-04  1.53605935e-07 
 2.93900000e-04  1.53429283e-07 
 2.94000000e-04  1.53316495e-07 
 2.94100000e-04  1.71397630e-07 
 2.94200000e-04  1.70781807e-07 
 2.94300000e-04  1.70585597e-07 
 2.94400000e-04  1.70417223e-07 
 2.94500000e-04  1.70344346e-07 
 2.94600000e-04  1.63031258e-07 
 2.94700000e-04  1.62637031e-07 
 2.94800000e-04  1.62451668e-07 
 2.94900000e-04  1.62337780e-07 
 2.95000000e-04  1.62297601e-07 
 2.95100000e-04  1.67725645e-07 
 2.95200000e-04  1.66861387e-07 
 2.95300000e-04  1.66622160e-07 
 2.95400000e-04  1.66423075e-07 
 2.95500000e-04  1.66343059e-07 
 2.95600000e-04  1.52780684e-07 
 2.95700000e-04  1.52180245e-07 
 2.95800000e-04  1.51908117e-07 
 2.95900000e-04  1.51701190e-07 
 2.96000000e-04  1.51561501e-07 
 2.96100000e-04  1.67462734e-07 
 2.96200000e-04  1.67287028e-07 
 2.96300000e-04  1.67205975e-07 
 2.96400000e-04  1.67131647e-07 
 2.96500000e-04  1.67073832e-07 
 2.96600000e-04  1.54608885e-07 
 2.96700000e-04  1.54241717e-07 
 2.96800000e-04  1.54039657e-07 
 2.96900000e-04  1.53888330e-07 
 2.97000000e-04  1.53789314e-07 
 2.97100000e-04  1.67176223e-07 
 2.97200000e-04  1.66976244e-07 
 2.97300000e-04  1.66903892e-07 
 2.97400000e-04  1.66840163e-07 
 2.97500000e-04  1.66801945e-07 
 2.97600000e-04  1.53091988e-07 
 2.97700000e-04  1.52665462e-07 
 2.97800000e-04  1.52436815e-07 
 2.97900000e-04  1.52254306e-07 
 2.98000000e-04  1.52119364e-07 
 2.98100000e-04  1.68553466e-07 
 2.98200000e-04  1.68261169e-07 
 2.98300000e-04  1.68157798e-07 
 2.98400000e-04  1.68067549e-07 
 2.98500000e-04  1.68008590e-07 
 2.98600000e-04  1.56845088e-07 
 2.98700000e-04  1.56460541e-07 
 2.98800000e-04  1.56265797e-07 
 2.98900000e-04  1.56132474e-07 
 2.99000000e-04  1.56062486e-07 
 2.99100000e-04  1.67262231e-07 
 2.99200000e-04  1.67000577e-07 
 2.99300000e-04  1.66913812e-07 
 2.99400000e-04  1.66839187e-07 
 2.99500000e-04  1.66801826e-07 
 2.99600000e-04  1.53136589e-07 
 2.99700000e-04  1.52673277e-07 
 2.99800000e-04  1.52424897e-07 
 2.99900000e-04  1.52240253e-07 
 3.00000000e-04  1.52121331e-07 
 3.00100000e-04  1.68019680e-07 
 3.00200000e-04  1.67854824e-07 
 3.00300000e-04  1.67774330e-07 
 3.00400000e-04  1.67699407e-07 
 3.00500000e-04  1.67649683e-07 
 3.00600000e-04  1.55191733e-07 
 3.00700000e-04  1.54793420e-07 
 3.00800000e-04  1.54588249e-07 
 3.00900000e-04  1.54445272e-07 
 3.01000000e-04  1.54366425e-07 
 3.01100000e-04  1.67774402e-07 
 3.01200000e-04  1.67566454e-07 
 3.01300000e-04  1.67491224e-07 
 3.01400000e-04  1.67424906e-07 
 3.01500000e-04  1.67404347e-07 
 3.01600000e-04  1.53681069e-07 
 3.01700000e-04  1.53234252e-07 
 3.01800000e-04  1.53003796e-07 
 3.01900000e-04  1.52827566e-07 
 3.02000000e-04  1.52707244e-07 
 3.02100000e-04  1.69689226e-07 
 3.02200000e-04  1.69295391e-07 
 3.02300000e-04  1.69156578e-07 
 3.02400000e-04  1.69034795e-07 
 3.02500000e-04  1.68999058e-07 
 3.02600000e-04  1.59100207e-07 
 3.02700000e-04  1.58710376e-07 
 3.02800000e-04  1.58526439e-07 
 3.02900000e-04  1.58400442e-07 
 3.03000000e-04  1.58334185e-07 
 3.03100000e-04  1.67370040e-07 
 3.03200000e-04  1.67090797e-07 
 3.03300000e-04  1.66991720e-07 
 3.03400000e-04  1.66904319e-07 
 3.03500000e-04  1.66848396e-07 
 3.03600000e-04  1.53219555e-07 
 3.03700000e-04  1.52702190e-07 
 3.03800000e-04  1.52446624e-07 
 3.03900000e-04  1.52255519e-07 
 3.04000000e-04  1.52130838e-07 
 3.04100000e-04  1.69975983e-07 
 3.04200000e-04  1.69443394e-07 
 3.04300000e-04  1.69267466e-07 
 3.04400000e-04  1.69196441e-07 
 3.04500000e-04  1.69159311e-07 
 3.04600000e-04  1.56213967e-07 
 3.04700000e-04  1.55665680e-07 
 3.04800000e-04  1.55408523e-07 
 3.04900000e-04  1.55220161e-07 
 3.05000000e-04  1.55102027e-07 
 3.05100000e-04  1.03754724e-04 
 3.05200000e-04  1.03754289e-04 
 3.05300000e-04  1.03754175e-04 
 3.05400000e-04  1.03754084e-04 
 3.05500000e-04  1.03754041e-04 
 3.05600000e-04  1.03740331e-04 
 3.05700000e-04  1.03739874e-04 
 3.05800000e-04  1.03739639e-04 
 3.05900000e-04  1.03739462e-04 
 3.06000000e-04  1.03739345e-04 
 3.06100000e-04  1.70328304e-07 
 3.06200000e-04  1.69986569e-07 
 3.06300000e-04  1.69880026e-07 
 3.06400000e-04  1.69790080e-07 
 3.06500000e-04  1.69726054e-07 
 3.06600000e-04  1.58515643e-07 
 3.06700000e-04  1.58127699e-07 
 3.06800000e-04  1.57943463e-07 
 3.06900000e-04  1.57812665e-07 
 3.07000000e-04  1.57736954e-07 
 3.07100000e-04  1.69022458e-07 
 3.07200000e-04  1.68760622e-07 
 3.07300000e-04  1.68666823e-07 
 3.07400000e-04  1.68584373e-07 
 3.07500000e-04  1.68568859e-07 
 3.07600000e-04  1.54815769e-07 
 3.07700000e-04  1.54354942e-07 
 3.07800000e-04  1.54113458e-07 
 3.07900000e-04  1.53930476e-07 
 3.08000000e-04  1.53807807e-07 
 3.08100000e-04  1.69801565e-07 
 3.08200000e-04  1.69615171e-07 
 3.08300000e-04  1.69525077e-07 
 3.08400000e-04  1.69441954e-07 
 3.08500000e-04  1.69412081e-07 
 3.08600000e-04  1.56858104e-07 
 3.08700000e-04  1.56466583e-07 
 3.08800000e-04  1.56268857e-07 
 3.08900000e-04  1.56134242e-07 
 3.09000000e-04  1.56064694e-07 
 3.09100000e-04  1.69546989e-07 
 3.09200000e-04  1.69326413e-07 
 3.09300000e-04  1.69252692e-07 
 3.09400000e-04  1.69189434e-07 
 3.09500000e-04  1.69145904e-07 
 3.09600000e-04  1.55341751e-07 
 3.09700000e-04  1.54907134e-07 
 3.09800000e-04  1.54685069e-07 
 3.09900000e-04  1.54511765e-07 
 3.10000000e-04  1.54388728e-07 
 3.10100000e-04  1.71997080e-07 
 3.10200000e-04  1.71483339e-07 
 3.10300000e-04  1.71320287e-07 
 3.10400000e-04  1.71180629e-07 
 3.10500000e-04  1.71103860e-07 
 3.10600000e-04  1.62423763e-07 
 3.10700000e-04  1.62043018e-07 
 3.10800000e-04  1.61850550e-07 
 3.10900000e-04  1.61732190e-07 
 3.11000000e-04  1.61690242e-07 
 3.11100000e-04  1.68829601e-07 
 3.11200000e-04  1.68406969e-07 
 3.11300000e-04  1.68255281e-07 
 3.11400000e-04  1.68122753e-07 
 3.11500000e-04  1.68069217e-07 
 3.11600000e-04  1.54389842e-07 
 3.11700000e-04  1.53834185e-07 
 3.11800000e-04  1.53575086e-07 
 3.11900000e-04  1.53380363e-07 
 3.12000000e-04  1.53252012e-07 
 3.12100000e-04  1.69226929e-07 
 3.12200000e-04  1.69022967e-07 
 3.12300000e-04  1.68936151e-07 
 3.12400000e-04  1.68858348e-07 
 3.12500000e-04  1.68821638e-07 
 3.12600000e-04  1.56266340e-07 
 3.12700000e-04  1.55901915e-07 
 3.12800000e-04  1.55699915e-07 
 3.12900000e-04  1.55558627e-07 
 3.13000000e-04  1.55479926e-07 
 3.13100000e-04  1.68951110e-07 
 3.13200000e-04  1.68721620e-07 
 3.13300000e-04  1.68641585e-07 
 3.13400000e-04  1.68572421e-07 
 3.13500000e-04  1.68535547e-07 
 3.13600000e-04  1.54750044e-07 
 3.13700000e-04  1.54325841e-07 
 3.13800000e-04  1.54091260e-07 
 3.13900000e-04  1.53917965e-07 
 3.14000000e-04  1.53807852e-07 
 3.14100000e-04  1.70327925e-07 
 3.14200000e-04  1.70020127e-07 
 3.14300000e-04  1.69913219e-07 
 3.14400000e-04  1.69820968e-07 
 3.14500000e-04  1.69780601e-07 
 3.14600000e-04  1.58499467e-07 
 3.14700000e-04  1.58129476e-07 
 3.14800000e-04  1.57934150e-07 
 3.14900000e-04  1.57806654e-07 
 3.15000000e-04  1.57749087e-07 
 3.15100000e-04  1.69020050e-07 
 3.15200000e-04  1.68753605e-07 
 3.15300000e-04  1.68669904e-07 
 3.15400000e-04  1.68598681e-07 
 3.15500000e-04  1.68564331e-07 
 3.15600000e-04  1.54797118e-07 
 3.15700000e-04  1.54326911e-07 
 3.15800000e-04  1.54088675e-07 
 3.15900000e-04  1.53914335e-07 
 3.16000000e-04  1.53805866e-07 
 3.16100000e-04  1.69791092e-07 
 3.16200000e-04  1.69594143e-07 
 3.16300000e-04  1.69518609e-07 
 3.16400000e-04  1.69452248e-07 
 3.16500000e-04  1.69398814e-07 
 3.16600000e-04  1.56843474e-07 
 3.16700000e-04  1.56454772e-07 
 3.16800000e-04  1.56264812e-07 
 3.16900000e-04  1.56132153e-07 
 3.17000000e-04  1.56058560e-07 
 3.17100000e-04  1.69543876e-07 
 3.17200000e-04  1.69327620e-07 
 3.17300000e-04  1.69247919e-07 
 3.17400000e-04  1.69177676e-07 
 3.17500000e-04  1.69142854e-07 
 3.17600000e-04  1.55325278e-07 
 3.17700000e-04  1.54898342e-07 
 3.17800000e-04  1.54670855e-07 
 3.17900000e-04  1.54498925e-07 
 3.18000000e-04  1.54384258e-07 
 3.18100000e-04  1.71458475e-07 
 3.18200000e-04  1.71050421e-07 
 3.18300000e-04  1.70915588e-07 
 3.18400000e-04  1.70799484e-07 
 3.18500000e-04  1.70743076e-07 
 3.18600000e-04  1.60745356e-07 
 3.18700000e-04  1.60384049e-07 
 3.18800000e-04  1.60194986e-07 
 3.18900000e-04  1.60071927e-07 
 3.19000000e-04  1.60016912e-07 
 3.19100000e-04  1.69140122e-07 
 3.19200000e-04  1.68839009e-07 
 3.19300000e-04  1.68738977e-07 
 3.19400000e-04  1.68652321e-07 
 3.19500000e-04  1.68596195e-07 
 3.19600000e-04  1.54871499e-07 
 3.19700000e-04  1.54376979e-07 
 3.19800000e-04  1.54115591e-07 
 3.19900000e-04  1.53926036e-07 
 3.20000000e-04  1.53810538e-07 
 3.20100000e-04  1.69809824e-07 
 3.20200000e-04  1.69626849e-07 
 3.20300000e-04  1.69534099e-07 
 3.20400000e-04  1.69447382e-07 
 3.20500000e-04  1.69420357e-07 
 3.20600000e-04  1.56837687e-07 
 3.20700000e-04  1.56470102e-07 
 3.20800000e-04  1.56274872e-07 
 3.20900000e-04  1.56135797e-07 
 3.21000000e-04  1.56054599e-07 
 3.21100000e-04  1.69563402e-07 
 3.21200000e-04  1.69328645e-07 
 3.21300000e-04  1.69245911e-07 
 3.21400000e-04  1.69174479e-07 
 3.21500000e-04  1.69158397e-07 
 3.21600000e-04  1.55337925e-07 
 3.21700000e-04  1.54903809e-07 
 3.21800000e-04  1.54686267e-07 
 3.21900000e-04  1.54514896e-07 
 3.22000000e-04  1.54391101e-07 
 3.22100000e-04  1.70940861e-07 
 3.22200000e-04  1.70628257e-07 
 3.22300000e-04  1.70523366e-07 
 3.22400000e-04  1.70433195e-07 
 3.22500000e-04  1.70382068e-07 
 3.22600000e-04  1.59097649e-07 
 3.22700000e-04  1.58706891e-07 
 3.22800000e-04  1.58513102e-07 
 3.22900000e-04  1.58387960e-07 
 3.23000000e-04  1.58333588e-07 
 3.23100000e-04  1.69644103e-07 
 3.23200000e-04  1.69370000e-07 
 3.23300000e-04  1.69278130e-07 
 3.23400000e-04  1.69198844e-07 
 3.23500000e-04  1.69172503e-07 
 3.23600000e-04  1.55377191e-07 
 3.23700000e-04  1.54911717e-07 
 3.23800000e-04  1.54678375e-07 
 3.23900000e-04  1.54502055e-07 
 3.24000000e-04  1.54384507e-07 
 3.24100000e-04  1.70410279e-07 
 3.24200000e-04  1.70209007e-07 
 3.24300000e-04  1.70132528e-07 
 3.24400000e-04  1.70065482e-07 
 3.24500000e-04  1.70020229e-07 
 3.24600000e-04  1.57413219e-07 
 3.24700000e-04  1.57046461e-07 
 3.24800000e-04  1.56856067e-07 
 3.24900000e-04  1.56724280e-07 
 3.25000000e-04  1.56652899e-07 
 3.25100000e-04  1.70175306e-07 
 3.25200000e-04  1.69933492e-07 
 3.25300000e-04  1.69852241e-07 
 3.25400000e-04  1.69783088e-07 
 3.25500000e-04  1.69752874e-07 
 3.25600000e-04  1.55903765e-07 
 3.25700000e-04  1.55510228e-07 
 3.25800000e-04  1.55284060e-07 
 3.25900000e-04  1.55113380e-07 
 3.26000000e-04  1.54999885e-07 
 3.26100000e-04  1.73667549e-07 
 3.26200000e-04  1.72941545e-07 
 3.26300000e-04  1.72721102e-07 
 3.26400000e-04  1.72533627e-07 
 3.26500000e-04  1.72454442e-07 
 3.26600000e-04  1.66321323e-07 
 3.26700000e-04  1.65951537e-07 
 3.26800000e-04  1.65781575e-07 
 3.26900000e-04  1.65685328e-07 
 3.27000000e-04  1.65665071e-07 
 3.27100000e-04  1.68963355e-07 
 3.27200000e-04  1.68001904e-07 
 3.27300000e-04  1.67756972e-07 
 3.27400000e-04  1.67558294e-07 
 3.27500000e-04  1.67489154e-07 
 3.27600000e-04  1.53883492e-07 
 3.27700000e-04  1.53256453e-07 
 3.27800000e-04  1.52981611e-07 
 3.27900000e-04  1.52777045e-07 
 3.28000000e-04  1.52644866e-07 
 3.28100000e-04  1.70535132e-07 
 3.28200000e-04  1.69998537e-07 
 3.28300000e-04  1.69827022e-07 
 3.28400000e-04  1.69744828e-07 
 3.28500000e-04  1.69691497e-07 
 3.28600000e-04  1.56709231e-07 
 3.28700000e-04  1.56149262e-07 
 3.28800000e-04  1.55905806e-07 
 3.28900000e-04  1.55723753e-07 
 3.29000000e-04  1.55604351e-07 
 3.29100000e-04  1.03755250e-04 
 3.29200000e-04  1.03754839e-04 
 3.29300000e-04  1.03754720e-04 
 3.29400000e-04  1.03754620e-04 
 3.29500000e-04  1.03754584e-04 
 3.29600000e-04  1.03740826e-04 
 3.29700000e-04  1.03740361e-04 
 3.29800000e-04  1.03740121e-04 
 3.29900000e-04  1.03739948e-04 
 3.30000000e-04  1.03739842e-04 
 3.30100000e-04  1.70841841e-07 
 3.30200000e-04  1.70507694e-07 
 3.30300000e-04  1.70394875e-07 
 3.30400000e-04  1.70296922e-07 
 3.30500000e-04  1.70251106e-07 
 3.30600000e-04  1.59001210e-07 
 3.30700000e-04  1.58612552e-07 
 3.30800000e-04  1.58422648e-07 
 3.30900000e-04  1.58291789e-07 
 3.31000000e-04  1.58221782e-07 
 3.31100000e-04  1.69526342e-07 
 3.31200000e-04  1.69273030e-07 
 3.31300000e-04  1.69179635e-07 
 3.31400000e-04  1.69096597e-07 
 3.31500000e-04  1.69076832e-07 
 3.31600000e-04  1.55298907e-07 
 3.31700000e-04  1.54823917e-07 
 3.31800000e-04  1.54585960e-07 
 3.31900000e-04  1.54407433e-07 
 3.32000000e-04  1.54290156e-07 
 3.32100000e-04  1.70302935e-07 
 3.32200000e-04  1.70114563e-07 
 3.32300000e-04  1.70031701e-07 
 3.32400000e-04  1.69956098e-07 
 3.32500000e-04  1.69930877e-07 
 3.32600000e-04  1.57319711e-07 
 3.32700000e-04  1.56944108e-07 
 3.32800000e-04  1.56754101e-07 
 3.32900000e-04  1.56622298e-07 
 3.33000000e-04  1.56550477e-07 
 3.33100000e-04  1.70081356e-07 
 3.33200000e-04  1.69854814e-07 
 3.33300000e-04  1.69767009e-07 
 3.33400000e-04  1.69689012e-07 
 3.33500000e-04  1.69665001e-07 
 3.33600000e-04  1.55815528e-07 
 3.33700000e-04  1.55383505e-07 
 3.33800000e-04  1.55164427e-07 
 3.33900000e-04  1.54994525e-07 
 3.34000000e-04  1.54875289e-07 
 3.34100000e-04  1.71990278e-07 
 3.34200000e-04  1.71582737e-07 
 3.34300000e-04  1.71437429e-07 
 3.34400000e-04  1.71310094e-07 
 3.34500000e-04  1.71251059e-07 
 3.34600000e-04  1.61225774e-07 
 3.34700000e-04  1.60848492e-07 
 3.34800000e-04  1.60670126e-07 
 3.34900000e-04  1.60552351e-07 
 3.35000000e-04  1.60497015e-07 
 3.35100000e-04  1.69665502e-07 
 3.35200000e-04  1.69354126e-07 
 3.35300000e-04  1.69243335e-07 
 3.35400000e-04  1.69145982e-07 
 3.35500000e-04  1.69108003e-07 
 3.35600000e-04  1.55354799e-07 
 3.35700000e-04  1.54858200e-07 
 3.35800000e-04  1.54609368e-07 
 3.35900000e-04  1.54421417e-07 
 3.36000000e-04  1.54296208e-07 
 3.36100000e-04  1.70334226e-07 
 3.36200000e-04  1.70127391e-07 
 3.36300000e-04  1.70049007e-07 
 3.36400000e-04  1.69980390e-07 
 3.36500000e-04  1.69918530e-07 
 3.36600000e-04  1.57332000e-07 
 3.36700000e-04  1.56941845e-07 
 3.36800000e-04  1.56752722e-07 
 3.36900000e-04  1.56617850e-07 
 3.37000000e-04  1.56538881e-07 
 3.37100000e-04  1.70067125e-07 
 3.37200000e-04  1.69838400e-07 
 3.37300000e-04  1.69757556e-07 
 3.37400000e-04  1.69687166e-07 
 3.37500000e-04  1.69664852e-07 
 3.37600000e-04  1.55814563e-07 
 3.37700000e-04  1.55386591e-07 
 3.37800000e-04  1.55169609e-07 
 3.37900000e-04  1.55003371e-07 
 3.38000000e-04  1.54889415e-07 
 3.38100000e-04  1.71461094e-07 
 3.38200000e-04  1.71150667e-07 
 3.38300000e-04  1.71037854e-07 
 3.38400000e-04  1.70939100e-07 
 3.38500000e-04  1.70886475e-07 
 3.38600000e-04  1.59555736e-07 
 3.38700000e-04  1.59209523e-07 
 3.38800000e-04  1.59013178e-07 
 3.38900000e-04  1.58883215e-07 
 3.39000000e-04  1.58821669e-07 
 3.39100000e-04  1.70153391e-07 
 3.39200000e-04  1.69890524e-07 
 3.39300000e-04  1.69796004e-07 
 3.39400000e-04  1.69712847e-07 
 3.39500000e-04  1.69676673e-07 
 3.39600000e-04  1.55855913e-07 
 3.39700000e-04  1.55395652e-07 
 3.39800000e-04  1.55167151e-07 
 3.39900000e-04  1.54996698e-07 
 3.40000000e-04  1.54886060e-07 
 3.40100000e-04  1.70933378e-07 
 3.40200000e-04  1.70728626e-07 
 3.40300000e-04  1.70645708e-07 
 3.40400000e-04  1.70572398e-07 
 3.40500000e-04  1.70523572e-07 
 3.40600000e-04  1.57908161e-07 
 3.40700000e-04  1.57546204e-07 
 3.40800000e-04  1.57344528e-07 
 3.40900000e-04  1.57209002e-07 
 3.41000000e-04  1.57141647e-07 
 3.41100000e-04  1.70686592e-07 
 3.41200000e-04  1.70465099e-07 
 3.41300000e-04  1.70373542e-07 
 3.41400000e-04  1.70290656e-07 
 3.41500000e-04  1.70261797e-07 
 3.41600000e-04  1.56393550e-07 
 3.41700000e-04  1.55974522e-07 
 3.41800000e-04  1.55749204e-07 
 3.41900000e-04  1.55583129e-07 
 3.42000000e-04  1.55478100e-07 
 3.42100000e-04  1.73121300e-07 
 3.42200000e-04  1.72620258e-07 
 3.42300000e-04  1.72450356e-07 
 3.42400000e-04  1.72301977e-07 
 3.42500000e-04  1.72224962e-07 
 3.42600000e-04  1.63468429e-07 
 3.42700000e-04  1.63100747e-07 
 3.42800000e-04  1.62926405e-07 
 3.42900000e-04  1.62820416e-07 
 3.43000000e-04  1.62784870e-07 
 3.43100000e-04  1.69954382e-07 
 3.43200000e-04  1.69541991e-07 
 3.43300000e-04  1.69389654e-07 
 3.43400000e-04  1.69255033e-07 
 3.43500000e-04  1.69200153e-07 
 3.43600000e-04  1.55445899e-07 
 3.43700000e-04  1.54912492e-07 
 3.43800000e-04  1.54657017e-07 
 3.43900000e-04  1.54463323e-07 
 3.44000000e-04  1.54333291e-07 
 3.44100000e-04  1.70362504e-07 
 3.44200000e-04  1.70162106e-07 
 3.44300000e-04  1.70068888e-07 
 3.44400000e-04  1.69983372e-07 
 3.44500000e-04  1.69947987e-07 
 3.44600000e-04  1.57331027e-07 
 3.44700000e-04  1.56967610e-07 
 3.44800000e-04  1.56774631e-07 
 3.44900000e-04  1.56640296e-07 
 3.45000000e-04  1.56566387e-07 
 3.45100000e-04  1.70088349e-07 
 3.45200000e-04  1.69849854e-07 
 3.45300000e-04  1.69768702e-07 
 3.45400000e-04  1.69699203e-07 
 3.45500000e-04  1.69672040e-07 
 3.45600000e-04  1.55819016e-07 
 3.45700000e-04  1.55408964e-07 
 3.45800000e-04  1.55176764e-07 
 3.45900000e-04  1.54997635e-07 
 3.46000000e-04  1.54873177e-07 
 3.46100000e-04  1.71452700e-07 
 3.46200000e-04  1.71166448e-07 
 3.46300000e-04  1.71049962e-07 
 3.46400000e-04  1.70944292e-07 
 3.46500000e-04  1.70892170e-07 
 3.46600000e-04  1.59566491e-07 
 3.46700000e-04  1.59193775e-07 
 3.46800000e-04  1.59013589e-07 
 3.46900000e-04  1.58890100e-07 
 3.47000000e-04  1.58825022e-07 
 3.47100000e-04  1.70154629e-07 
 3.47200000e-04  1.69895398e-07 
 3.47300000e-04  1.69805263e-07 
 3.47400000e-04  1.69726429e-07 
 3.47500000e-04  1.69680429e-07 
 3.47600000e-04  1.55858169e-07 
 3.47700000e-04  1.55401211e-07 
 3.47800000e-04  1.55164203e-07 
 3.47900000e-04  1.54990074e-07 
 3.48000000e-04  1.54880738e-07 
 3.48100000e-04  1.70927188e-07 
 3.48200000e-04  1.70733960e-07 
 3.48300000e-04  1.70652855e-07 
 3.48400000e-04  1.70580050e-07 
 3.48500000e-04  1.70530539e-07 
 3.48600000e-04  1.57909776e-07 
 3.48700000e-04  1.57539582e-07 
 3.48800000e-04  1.57339071e-07 
 3.48900000e-04  1.57203281e-07 
 3.49000000e-04  1.57134183e-07 
 3.49100000e-04  1.70686533e-07 
 3.49200000e-04  1.70447775e-07 
 3.49300000e-04  1.70367392e-07 
 3.49400000e-04  1.70298569e-07 
 3.49500000e-04  1.70271342e-07 
 3.49600000e-04  1.56399420e-07 
 3.49700000e-04  1.55981585e-07 
 3.49800000e-04  1.55754475e-07 
 3.49900000e-04  1.55587816e-07 
 3.50000000e-04  1.55483439e-07 
 3.50100000e-04  1.72590373e-07 
 3.50200000e-04  1.72185412e-07 
 3.50300000e-04  1.72050288e-07 
 3.50400000e-04  1.71933211e-07 
 3.50500000e-04  1.71874434e-07 
 3.50600000e-04  1.61809493e-07 
 3.50700000e-04  1.61457220e-07 
 3.50800000e-04  1.61272989e-07 
 3.50900000e-04  1.61147585e-07 
 3.51000000e-04  1.61082788e-07 
 3.51100000e-04  1.70278027e-07 
 3.51200000e-04  1.69968349e-07 
 3.51300000e-04  1.69869672e-07 
 3.51400000e-04  1.69785332e-07 
 3.51500000e-04  1.69732920e-07 
 3.51600000e-04  1.55936576e-07 
 3.51700000e-04  1.55433590e-07 
 3.51800000e-04  1.55185562e-07 
 3.51900000e-04  1.55007932e-07 
 3.52000000e-04  1.54902843e-07 
 3.52100000e-04  1.70945060e-07 
 3.52200000e-04  1.70755913e-07 
 3.52300000e-04  1.70665528e-07 
 3.52400000e-04  1.70582076e-07 
 3.52500000e-04  1.70536540e-07 
 3.52600000e-04  1.57912372e-07 
 3.52700000e-04  1.57550129e-07 
 3.52800000e-04  1.57351791e-07 
 3.52900000e-04  1.57216425e-07 
 3.53000000e-04  1.57145939e-07 
 3.53100000e-04  1.70693120e-07 
 3.53200000e-04  1.70472180e-07 
 3.53300000e-04  1.70388680e-07 
 3.53400000e-04  1.70314761e-07 
 3.53500000e-04  1.70279790e-07 
 3.53600000e-04  1.56380872e-07 
 3.53700000e-04  1.55977292e-07 
 3.53800000e-04  1.55753523e-07 
 3.53900000e-04  1.55588787e-07 
 3.54000000e-04  1.55484864e-07 
 3.54100000e-04  1.72080299e-07 
 3.54200000e-04  1.71774767e-07 
 3.54300000e-04  1.71659331e-07 
 3.54400000e-04  1.71557063e-07 
 3.54500000e-04  1.71502102e-07 
 3.54600000e-04  1.60163119e-07 
 3.54700000e-04  1.59785769e-07 
 3.54800000e-04  1.59599074e-07 
 3.54900000e-04  1.59474779e-07 
 3.55000000e-04  1.59414771e-07 
 3.55100000e-04  1.70789682e-07 
 3.55200000e-04  1.70512735e-07 
 3.55300000e-04  1.70413129e-07 
 3.55400000e-04  1.70325759e-07 
 3.55500000e-04  1.70299970e-07 
 3.55600000e-04  1.56444995e-07 
 3.55700000e-04  1.55993495e-07 
 3.55800000e-04  1.55761569e-07 
 3.55900000e-04  1.55589982e-07 
 3.56000000e-04  1.55480560e-07 
 3.56100000e-04  1.71554863e-07 
 3.56200000e-04  1.71341422e-07 
 3.56300000e-04  1.71260238e-07 
 3.56400000e-04  1.71189481e-07 
 3.56500000e-04  1.71138372e-07 
 3.56600000e-04  1.58490880e-07 
 3.56700000e-04  1.58133755e-07 
 3.56800000e-04  1.57933900e-07 
 3.56900000e-04  1.57798260e-07 
 3.57000000e-04  1.57728779e-07 
 3.57100000e-04  1.71321738e-07 
 3.57200000e-04  1.71086562e-07 
 3.57300000e-04  1.70998639e-07 
 3.57400000e-04  1.70921164e-07 
 3.57500000e-04  1.70893786e-07 
 3.57600000e-04  1.56964705e-07 
 3.57700000e-04  1.56568005e-07 
 3.57800000e-04  1.56340698e-07 
 3.57900000e-04  1.56173827e-07 
 3.58000000e-04  1.56069124e-07 
 3.58100000e-04  1.77259896e-07 
 3.58200000e-04  1.75755052e-07 
 3.58300000e-04  1.75282011e-07 
 3.58400000e-04  1.75100243e-07 
 3.58500000e-04  1.75012592e-07 
 3.58600000e-04  1.67083277e-07 
 3.58700000e-04  1.66564837e-07 
 3.58800000e-04  1.66325463e-07 
 3.58900000e-04  1.66156072e-07 
 3.59000000e-04  1.66058072e-07 
 3.59100000e-04  1.03757502e-04 
 3.59200000e-04  1.03756531e-04 
 3.59300000e-04  1.03756238e-04 
 3.59400000e-04  1.03755989e-04 
 3.59500000e-04  1.03755900e-04 
 3.59600000e-04  1.03742200e-04 
 3.59700000e-04  1.03741593e-04 
 3.59800000e-04  1.03741315e-04 
 3.59900000e-04  1.03741108e-04 
 3.60000000e-04  1.03740975e-04 
 3.60100000e-04  1.71543016e-07 
 3.60200000e-04  1.71291058e-07 
 3.60300000e-04  1.71194967e-07 
 3.60400000e-04  1.71110589e-07 
 3.60500000e-04  1.71065766e-07 
 3.60600000e-04  1.58428619e-07 
 3.60700000e-04  1.58044374e-07 
 3.60800000e-04  1.57866590e-07 
 3.60900000e-04  1.57737557e-07 
 3.61000000e-04  1.57658725e-07 
 3.61100000e-04  1.71235807e-07 
 3.61200000e-04  1.71007779e-07 
 3.61300000e-04  1.70918007e-07 
 3.61400000e-04  1.70837879e-07 
 3.61500000e-04  1.70805683e-07 
 3.61600000e-04  1.56893482e-07 
 3.61700000e-04  1.56497880e-07 
 3.61800000e-04  1.56276356e-07 
 3.61900000e-04  1.56103990e-07 
 3.62000000e-04  1.55982240e-07 
 3.62100000e-04  1.72605919e-07 
 3.62200000e-04  1.72300593e-07 
 3.62300000e-04  1.72185867e-07 
 3.62400000e-04  1.72084386e-07 
 3.62500000e-04  1.72045053e-07 
 3.62600000e-04  1.60660693e-07 
 3.62700000e-04  1.60294783e-07 
 3.62800000e-04  1.60096923e-07 
 3.62900000e-04  1.59969932e-07 
 3.63000000e-04  1.59915961e-07 
 3.63100000e-04  1.71322161e-07 
 3.63200000e-04  1.71049894e-07 
 3.63300000e-04  1.70942903e-07 
 3.63400000e-04  1.70846970e-07 
 3.63500000e-04  1.70825558e-07 
 3.63600000e-04  1.56929606e-07 
 3.63700000e-04  1.56488560e-07 
 3.63800000e-04  1.56254425e-07 
 3.63900000e-04  1.56077275e-07 
 3.64000000e-04  1.55958819e-07 
 3.64100000e-04  1.72082407e-07 
 3.64200000e-04  1.71875452e-07 
 3.64300000e-04  1.71782839e-07 
 3.64400000e-04  1.71698785e-07 
 3.64500000e-04  1.71656525e-07 
 3.64600000e-04  1.58977224e-07 
 3.64700000e-04  1.58608602e-07 
 3.64800000e-04  1.58424713e-07 
 3.64900000e-04  1.58291466e-07 
 3.65000000e-04  1.58210369e-07 
 3.65100000e-04  1.71849650e-07 
 3.65200000e-04  1.71595040e-07 
 3.65300000e-04  1.71511378e-07 
 3.65400000e-04  1.71440742e-07 
 3.65500000e-04  1.71395075e-07 
 3.65600000e-04  1.57469556e-07 
 3.65700000e-04  1.57069877e-07 
 3.65800000e-04  1.56837151e-07 
 3.65900000e-04  1.56660919e-07 
 3.66000000e-04  1.56542873e-07 
 3.66100000e-04  1.73739716e-07 
 3.66200000e-04  1.73327740e-07 
 3.66300000e-04  1.73187429e-07 
 3.66400000e-04  1.73065408e-07 
 3.66500000e-04  1.72992228e-07 
 3.66600000e-04  1.62884778e-07 
 3.66700000e-04  1.62530483e-07 
 3.66800000e-04  1.62350410e-07 
 3.66900000e-04  1.62234484e-07 
 3.67000000e-04  1.62184639e-07 
 3.67100000e-04  1.71423336e-07 
 3.67200000e-04  1.71121312e-07 
 3.67300000e-04  1.71004822e-07 
 3.67400000e-04  1.70900401e-07 
 3.67500000e-04  1.70864599e-07 
 3.67600000e-04  1.56999609e-07 
 3.67700000e-04  1.56515525e-07 
 3.67800000e-04  1.56272358e-07 
 3.67900000e-04  1.56094112e-07 
 3.68000000e-04  1.55982743e-07 
 3.68100000e-04  1.72094933e-07 
 3.68200000e-04  1.71880314e-07 
 3.68300000e-04  1.71795293e-07 
 3.68400000e-04  1.71720020e-07 
 3.68500000e-04  1.71666368e-07 
 3.68600000e-04  1.58972622e-07 
 3.68700000e-04  1.58624664e-07 
 3.68800000e-04  1.58429688e-07 
 3.68900000e-04  1.58298015e-07 
 3.69000000e-04  1.58231549e-07 
 3.69100000e-04  1.71847633e-07 
 3.69200000e-04  1.71610395e-07 
 3.69300000e-04  1.71523787e-07 
 3.69400000e-04  1.71448199e-07 
 3.69500000e-04  1.71412826e-07 
 3.69600000e-04  1.57455746e-07 
 3.69700000e-04  1.57050478e-07 
 3.69800000e-04  1.56829206e-07 
 3.69900000e-04  1.56660783e-07 
 3.70000000e-04  1.56546783e-07 
 3.70100000e-04  1.73217129e-07 
 3.70200000e-04  1.72901869e-07 
 3.70300000e-04  1.72790360e-07 
 3.70400000e-04  1.72692962e-07 
 3.70500000e-04  1.72644180e-07 
 3.70600000e-04  1.61214672e-07 
 3.70700000e-04  1.60859014e-07 
 3.70800000e-04  1.60679261e-07 
 3.70900000e-04  1.60560229e-07 
 3.71000000e-04  1.60503738e-07 
 3.71100000e-04  1.71922742e-07 
 3.71200000e-04  1.71651319e-07 
 3.71300000e-04  1.71548062e-07 
 3.71400000e-04  1.71456088e-07 
 3.71500000e-04  1.71416505e-07 
 3.71600000e-04  1.57512497e-07 
 3.71700000e-04  1.57058278e-07 
 3.71800000e-04  1.56836099e-07 
 3.71900000e-04  1.56671513e-07 
 3.72000000e-04  1.56566241e-07 
 3.72100000e-04  1.72704762e-07 
 3.72200000e-04  1.72492274e-07 
 3.72300000e-04  1.72400249e-07 
 3.72400000e-04  1.72317100e-07 
 3.72500000e-04  1.72261680e-07 
 3.72600000e-04  1.59546856e-07 
 3.72700000e-04  1.59209683e-07 
 3.72800000e-04  1.59019560e-07 
 3.72900000e-04  1.58884581e-07 
 3.73000000e-04  1.58806388e-07 
 3.73100000e-04  1.72454887e-07 
 3.73200000e-04  1.72208288e-07 
 3.73300000e-04  1.72121095e-07 
 3.73400000e-04  1.72045720e-07 
 3.73500000e-04  1.72017219e-07 
 3.73600000e-04  1.58048237e-07 
 3.73700000e-04  1.57634485e-07 
 3.73800000e-04  1.57424619e-07 
 3.73900000e-04  1.57266540e-07 
 3.74000000e-04  1.57161782e-07 
 3.74100000e-04  1.74908578e-07 
 3.74200000e-04  1.74381007e-07 
 3.74300000e-04  1.74198459e-07 
 3.74400000e-04  1.74039263e-07 
 3.74500000e-04  1.73974968e-07 
 3.74600000e-04  1.65136189e-07 
 3.74700000e-04  1.64769712e-07 
 3.74800000e-04  1.64604688e-07 
 3.74900000e-04  1.64495982e-07 
 3.75000000e-04  1.64445273e-07 
 3.75100000e-04  1.71718988e-07 
 3.75200000e-04  1.71314661e-07 
 3.75300000e-04  1.71158722e-07 
 3.75400000e-04  1.71019162e-07 
 3.75500000e-04  1.70938052e-07 
 3.75600000e-04  1.57112430e-07 
 3.75700000e-04  1.56575897e-07 
 3.75800000e-04  1.56320042e-07 
 3.75900000e-04  1.56130803e-07 
 3.76000000e-04  1.56010184e-07 
 3.76100000e-04  1.72129996e-07 
 3.76200000e-04  1.71935348e-07 
 3.76300000e-04  1.71831647e-07 
 3.76400000e-04  1.71734247e-07 
 3.76500000e-04  1.71692798e-07 
 3.76600000e-04  1.58985379e-07 
 3.76700000e-04  1.58639669e-07 
 3.76800000e-04  1.58450862e-07 
 3.76900000e-04  1.58316994e-07 
 3.77000000e-04  1.58239697e-07 
 3.77100000e-04  1.71848989e-07 
 3.77200000e-04  1.71619831e-07 
 3.77300000e-04  1.71533256e-07 
 3.77400000e-04  1.71456522e-07 
 3.77500000e-04  1.71405967e-07 
 3.77600000e-04  1.57470872e-07 
 3.77700000e-04  1.57076528e-07 
 3.77800000e-04  1.56851046e-07 
 3.77900000e-04  1.56684530e-07 
 3.78000000e-04  1.56578741e-07 
 3.78100000e-04  1.73222639e-07 
 3.78200000e-04  1.72908522e-07 
 3.78300000e-04  1.72790872e-07 
 3.78400000e-04  1.72687086e-07 
 3.78500000e-04  1.72648334e-07 
 3.78600000e-04  1.61219054e-07 
 3.78700000e-04  1.60865034e-07 
 3.78800000e-04  1.60683360e-07 
 3.78900000e-04  1.60562899e-07 
 3.79000000e-04  1.60505483e-07 
 3.79100000e-04  1.71921100e-07 
 3.79200000e-04  1.71646253e-07 
 3.79300000e-04  1.71550510e-07 
 3.79400000e-04  1.71466866e-07 
 3.79500000e-04  1.71425012e-07 
 3.79600000e-04  1.57512775e-07 
 3.79700000e-04  1.57065587e-07 
 3.79800000e-04  1.56844223e-07 
 3.79900000e-04  1.56678734e-07 
 3.80000000e-04  1.56570781e-07 
 3.80100000e-04  1.72696635e-07 
 3.80200000e-04  1.72506223e-07 
 3.80300000e-04  1.72417331e-07 
 3.80400000e-04  1.72335101e-07 
 3.80500000e-04  1.72288364e-07 
 3.80600000e-04  1.59563454e-07 
 3.80700000e-04  1.59210248e-07 
 3.80800000e-04  1.59021440e-07 
 3.80900000e-04  1.58888751e-07 
 3.81000000e-04  1.58813846e-07 
 3.81100000e-04  1.72462491e-07 
 3.81200000e-04  1.72214537e-07 
 3.81300000e-04  1.72126539e-07 
 3.81400000e-04  1.72050133e-07 
 3.81500000e-04  1.72008104e-07 
 3.81600000e-04  1.58043118e-07 
 3.81700000e-04  1.57637185e-07 
 3.81800000e-04  1.57420758e-07 
 3.81900000e-04  1.57255606e-07 
 3.82000000e-04  1.57143244e-07 
 3.82100000e-04  1.74376133e-07 
 3.82200000e-04  1.73964624e-07 
 3.82300000e-04  1.73818229e-07 
 3.82400000e-04  1.73689466e-07 
 3.82500000e-04  1.73614595e-07 
 3.82600000e-04  1.63469667e-07 
 3.82700000e-04  1.63119734e-07 
 3.82800000e-04  1.62934014e-07 
 3.82900000e-04  1.62815332e-07 
 3.83000000e-04  1.62765694e-07 
 3.83100000e-04  1.72048496e-07 
 3.83200000e-04  1.71742004e-07 
 3.83300000e-04  1.71626620e-07 
 3.83400000e-04  1.71523413e-07 
 3.83500000e-04  1.71471972e-07 
 3.83600000e-04  1.57594784e-07 
 3.83700000e-04  1.57096154e-07 
 3.83800000e-04  1.56863519e-07 
 3.83900000e-04  1.56685090e-07 
 3.84000000e-04  1.56562468e-07 
 3.84100000e-04  1.72712354e-07 
 3.84200000e-04  1.72505566e-07 
 3.84300000e-04  1.72414400e-07 
 3.84400000e-04  1.72331633e-07 
 3.84500000e-04  1.72294648e-07 
 3.84600000e-04  1.59567923e-07 
 3.84700000e-04  1.59213136e-07 
 3.84800000e-04  1.59026476e-07 
 3.84900000e-04  1.58893885e-07 
 3.85000000e-04  1.58816960e-07 
 3.85100000e-04  1.72468076e-07 
 3.85200000e-04  1.72229345e-07 
 3.85300000e-04  1.72134433e-07 
 3.85400000e-04  1.72049749e-07 
 3.85500000e-04  1.72009088e-07 
 3.85600000e-04  1.58043874e-07 
 3.85700000e-04  1.57637792e-07 
 3.85800000e-04  1.57420846e-07 
 3.85900000e-04  1.57258307e-07 
 3.86000000e-04  1.57151781e-07 
 3.86100000e-04  1.73844538e-07 
 3.86200000e-04  1.73553130e-07 
 3.86300000e-04  1.73423840e-07 
 3.86400000e-04  1.73305100e-07 
 3.86500000e-04  1.73255530e-07 
 3.86600000e-04  1.61817974e-07 
 3.86700000e-04  1.61460039e-07 
 3.86800000e-04  1.61284810e-07 
 3.86900000e-04  1.61161163e-07 
 3.87000000e-04  1.61090613e-07 
 3.87100000e-04  1.72545664e-07 
 3.87200000e-04  1.72265618e-07 
 3.87300000e-04  1.72164736e-07 
 3.87400000e-04  1.72076030e-07 
 3.87500000e-04  1.72054849e-07 
 3.87600000e-04  1.58091443e-07 
 3.87700000e-04  1.57673667e-07 
 3.87800000e-04  1.57448208e-07 
 3.87900000e-04  1.57274137e-07 
 3.88000000e-04  1.57152963e-07 
 3.88100000e-04  1.73329742e-07 
 3.88200000e-04  1.73121130e-07 
 3.88300000e-04  1.73031509e-07 
 3.88400000e-04  1.72950913e-07 
 3.88500000e-04  1.72891717e-07 
 3.88600000e-04  1.60147004e-07 
 3.88700000e-04  1.59785117e-07 
 3.88800000e-04  1.59617617e-07 
 3.88900000e-04  1.59494439e-07 
 3.89000000e-04  1.59416865e-07 
 3.89100000e-04  1.73081334e-07 
 3.89200000e-04  1.72832893e-07 
 3.89300000e-04  1.72743141e-07 
 3.89400000e-04  1.72664821e-07 
 3.89500000e-04  1.72632049e-07 
 3.89600000e-04  1.58637943e-07 
 3.89700000e-04  1.58249310e-07 
 3.89800000e-04  1.58028057e-07 
 3.89900000e-04  1.57864770e-07 
 3.90000000e-04  1.57761168e-07 
 3.90100000e-04  1.77118158e-07 
 3.90200000e-04  1.76269760e-07 
 3.90300000e-04  1.76009389e-07 
 3.90400000e-04  1.75787657e-07 
 3.90500000e-04  1.75696394e-07 
 3.90600000e-04  1.70704368e-07 
 3.90700000e-04  1.70361091e-07 
 3.90800000e-04  1.70198292e-07 
 3.90900000e-04  1.70107670e-07 
 3.91000000e-04  1.70091392e-07 
 3.91100000e-04  1.71326220e-07 
 3.91200000e-04  1.70327773e-07 
 3.91300000e-04  1.70062362e-07 
 3.91400000e-04  1.69844069e-07 
 3.91500000e-04  1.69762934e-07 
 3.91600000e-04  1.56072417e-07 
 3.91700000e-04  1.55428384e-07 
 3.91800000e-04  1.55152227e-07 
 3.91900000e-04  1.54948261e-07 
 3.92000000e-04  1.54818649e-07 
 3.92100000e-04  1.70907548e-07 
 3.92200000e-04  1.70701942e-07 
 3.92300000e-04  1.70605182e-07 
 3.92400000e-04  1.70516399e-07 
 3.92500000e-04  1.70470519e-07 
 3.92600000e-04  1.57809602e-07 
 3.92700000e-04  1.57436807e-07 
 3.92800000e-04  1.57260137e-07 
 3.92900000e-04  1.57132833e-07 
 3.93000000e-04  1.57056331e-07 
 3.93100000e-04  1.70628056e-07 
 3.93200000e-04  1.70393378e-07 
 3.93300000e-04  1.70305818e-07 
 3.93400000e-04  1.70229176e-07 
 3.93500000e-04  1.70183295e-07 
 3.93600000e-04  1.56289899e-07 
 3.93700000e-04  1.55899572e-07 
 3.93800000e-04  1.55664064e-07 
 3.93900000e-04  1.55488795e-07 
 3.94000000e-04  1.55375549e-07 
 3.94100000e-04  1.71977339e-07 
 3.94200000e-04  1.71686500e-07 
 3.94300000e-04  1.71564040e-07 
 3.94400000e-04  1.71452552e-07 
 3.94500000e-04  1.71416953e-07 
 3.94600000e-04  1.60043218e-07 
 3.94700000e-04  1.59674017e-07 
 3.94800000e-04  1.59496809e-07 
 3.94900000e-04  1.59371950e-07 
 3.95000000e-04  1.59300972e-07 
 3.95100000e-04  1.70693170e-07 
 3.95200000e-04  1.70410465e-07 
 3.95300000e-04  1.70311879e-07 
 3.95400000e-04  1.70226020e-07 
 3.95500000e-04  1.70186803e-07 
 3.95600000e-04  1.56341441e-07 
 3.95700000e-04  1.55892505e-07 
 3.95800000e-04  1.55658289e-07 
 3.95900000e-04  1.55480895e-07 
 3.96000000e-04  1.55361997e-07 
 3.96100000e-04  1.71449012e-07 
 3.96200000e-04  1.71264327e-07 
 3.96300000e-04  1.71175783e-07 
 3.96400000e-04  1.71093979e-07 
 3.96500000e-04  1.71048318e-07 
 3.96600000e-04  1.58379137e-07 
 3.96700000e-04  1.58021062e-07 
 3.96800000e-04  1.57825931e-07 
 3.96900000e-04  1.57694006e-07 
 3.97000000e-04  1.57627166e-07 
 3.97100000e-04  1.71215936e-07 
 3.97200000e-04  1.70987810e-07 
 3.97300000e-04  1.70892920e-07 
 3.97400000e-04  1.70807122e-07 
 3.97500000e-04  1.70773219e-07 
 3.97600000e-04  1.56880931e-07 
 3.97700000e-04  1.56450674e-07 
 3.97800000e-04  1.56237000e-07 
 3.97900000e-04  1.56071841e-07 
 3.98000000e-04  1.55956608e-07 
 3.98100000e-04  1.73118670e-07 
 3.98200000e-04  1.72706797e-07 
 3.98300000e-04  1.72559027e-07 
 3.98400000e-04  1.72428778e-07 
 3.98500000e-04  1.72368979e-07 
 3.98600000e-04  1.62283523e-07 
 3.98700000e-04  1.61938286e-07 
 3.98800000e-04  1.61758145e-07 
 3.98900000e-04  1.61640952e-07 
 3.99000000e-04  1.61588574e-07 
 3.99100000e-04  1.70802571e-07 
 3.99200000e-04  1.70495951e-07 
 3.99300000e-04  1.70386604e-07 
 3.99400000e-04  1.70290289e-07 
 3.99500000e-04  1.70247956e-07 
 3.99600000e-04  1.56406381e-07 
 3.99700000e-04  1.55902993e-07 
 3.99800000e-04  1.55665147e-07 
 3.99900000e-04  1.55489883e-07 
 4.00000000e-04  1.55379055e-07 
 4.00100000e-04  1.71469231e-07 
 4.00200000e-04  1.71263001e-07 
 4.00300000e-04  1.71177475e-07 
 4.00400000e-04  1.71101165e-07 
 4.00500000e-04  1.71043190e-07 
 4.00600000e-04  1.58382020e-07 
 4.00700000e-04  1.58024716e-07 
 4.00800000e-04  1.57833617e-07 
 4.00900000e-04  1.57702641e-07 
 4.01000000e-04  1.57633563e-07 
 4.01100000e-04  1.71219766e-07 
 4.01200000e-04  1.70978323e-07 
 4.01300000e-04  1.70895705e-07 
 4.01400000e-04  1.70825087e-07 
 4.01500000e-04  1.70775370e-07 
 4.01600000e-04  1.56864668e-07 
 4.01700000e-04  1.56462103e-07 
 4.01800000e-04  1.56240257e-07 
 4.01900000e-04  1.56073552e-07 
 4.02000000e-04  1.55963605e-07 
 4.02100000e-04  1.72602585e-07 
 4.02200000e-04  1.72291839e-07 
 4.02300000e-04  1.72166872e-07 
 4.02400000e-04  1.72055029e-07 
 4.02500000e-04  1.72013872e-07 
 4.02600000e-04  1.60637405e-07 
 4.02700000e-04  1.60256459e-07 
 4.02800000e-04  1.60075906e-07 
 4.02900000e-04  1.59954077e-07 
 4.03000000e-04  1.59892700e-07 
 4.03100000e-04  1.71307944e-07 
 4.03200000e-04  1.71016889e-07 
 4.03300000e-04  1.70922779e-07 
 4.03400000e-04  1.70842565e-07 
 4.03500000e-04  1.70799252e-07 
 4.03600000e-04  1.56919074e-07 
 4.03700000e-04  1.56485186e-07 
 4.03800000e-04  1.56246319e-07 
 4.03900000e-04  1.56069791e-07 
 4.04000000e-04  1.55957441e-07 
 4.04100000e-04  1.72064269e-07 
 4.04200000e-04  1.71878778e-07 
 4.04300000e-04  1.71783946e-07 
 4.04400000e-04  1.71695213e-07 
 4.04500000e-04  1.71650432e-07 
 4.04600000e-04  1.58961627e-07 
 4.04700000e-04  1.58612043e-07 
 4.04800000e-04  1.58423945e-07 
 4.04900000e-04  1.58288366e-07 
 4.05000000e-04  1.58206831e-07 
 4.05100000e-04  1.71832893e-07 
 4.05200000e-04  1.71591991e-07 
 4.05300000e-04  1.71506078e-07 
 4.05400000e-04  1.71431772e-07 
 4.05500000e-04  1.71397377e-07 
 4.05600000e-04  1.57462832e-07 
 4.05700000e-04  1.57057119e-07 
 4.05800000e-04  1.56824758e-07 
 4.05900000e-04  1.56656062e-07 
 4.06000000e-04  1.56552911e-07 
 4.06100000e-04  1.74266251e-07 
 4.06200000e-04  1.73744487e-07 
 4.06300000e-04  1.73569878e-07 
 4.06400000e-04  1.73418482e-07 
 4.06500000e-04  1.73354261e-07 
 4.06600000e-04  1.64533320e-07 
 4.06700000e-04  1.64179825e-07 
 4.06800000e-04  1.63998319e-07 
 4.06900000e-04  1.63888506e-07 
 4.07000000e-04  1.63852519e-07 
 4.07100000e-04  1.71094316e-07 
 4.07200000e-04  1.70674915e-07 
 4.07300000e-04  1.70523044e-07 
 4.07400000e-04  1.70389608e-07 
 4.07500000e-04  1.70328063e-07 
 4.07600000e-04  1.56510222e-07 
 4.07700000e-04  1.55969561e-07 
 4.07800000e-04  1.55722938e-07 
 4.07900000e-04  1.55534463e-07 
 4.08000000e-04  1.55405839e-07 
 4.08100000e-04  1.71507989e-07 
 4.08200000e-04  1.71287826e-07 
 4.08300000e-04  1.71201294e-07 
 4.08400000e-04  1.71125173e-07 
 4.08500000e-04  1.71062800e-07 
 4.08600000e-04  1.58395816e-07 
 4.08700000e-04  1.58030038e-07 
 4.08800000e-04  1.57840684e-07 
 4.08900000e-04  1.57705859e-07 
 4.09000000e-04  1.57627152e-07 
 4.09100000e-04  1.71220606e-07 
 4.09200000e-04  1.70989345e-07 
 4.09300000e-04  1.70899181e-07 
 4.09400000e-04  1.70818883e-07 
 4.09500000e-04  1.70799464e-07 
 4.09600000e-04  1.56890128e-07 
 4.09700000e-04  1.56461118e-07 
 4.09800000e-04  1.56246533e-07 
 4.09900000e-04  1.56083312e-07 
 4.10000000e-04  1.55972941e-07 
 4.10100000e-04  1.72594946e-07 
 4.10200000e-04  1.72298287e-07 
 4.10300000e-04  1.72177666e-07 
 4.10400000e-04  1.72068491e-07 
 4.10500000e-04  1.72018894e-07 
 4.10600000e-04  1.60628683e-07 
 4.10700000e-04  1.60270800e-07 
 4.10800000e-04  1.60092869e-07 
 4.10900000e-04  1.59969202e-07 
 4.11000000e-04  1.59901372e-07 
 4.11100000e-04  1.71309861e-07 
 4.11200000e-04  1.71023443e-07 
 4.11300000e-04  1.70931565e-07 
 4.11400000e-04  1.70853358e-07 
 4.11500000e-04  1.70798961e-07 
 4.11600000e-04  1.56918209e-07 
 4.11700000e-04  1.56483227e-07 
 4.11800000e-04  1.56250593e-07 
 4.11900000e-04  1.56081184e-07 
 4.12000000e-04  1.55976860e-07 
 4.12100000e-04  1.72069678e-07 
 4.12200000e-04  1.71880262e-07 
 4.12300000e-04  1.71787185e-07 
 4.12400000e-04  1.71700526e-07 
 4.12500000e-04  1.71645786e-07 
 4.12600000e-04  1.58967022e-07 
 4.12700000e-04  1.58608690e-07 
 4.12800000e-04  1.58429437e-07 
 4.12900000e-04  1.58296962e-07 
 4.13000000e-04  1.58212604e-07 
 4.13100000e-04  1.71830018e-07 
 4.13200000e-04  1.71596730e-07 
 4.13300000e-04  1.71511688e-07 
 4.13400000e-04  1.71437053e-07 
 4.13500000e-04  1.71404207e-07 
 4.13600000e-04  1.57456320e-07 
 4.13700000e-04  1.57059452e-07 
 4.13800000e-04  1.56827076e-07 
 4.13900000e-04  1.56654459e-07 
 4.14000000e-04  1.56543351e-07 
 4.14100000e-04  1.73747700e-07 
 4.14200000e-04  1.73327881e-07 
 4.14300000e-04  1.73183496e-07 
 4.14400000e-04  1.73058248e-07 
 4.14500000e-04  1.73002720e-07 
 4.14600000e-04  1.62886420e-07 
 4.14700000e-04  1.62519901e-07 
 4.14800000e-04  1.62351271e-07 
 4.14900000e-04  1.62233847e-07 
 4.15000000e-04  1.62169105e-07 
 4.15100000e-04  1.71416049e-07 
 4.15200000e-04  1.71111739e-07 
 4.15300000e-04  1.70997299e-07 
 4.15400000e-04  1.70895199e-07 
 4.15500000e-04  1.70861195e-07 
 4.15600000e-04  1.56989628e-07 
 4.15700000e-04  1.56512364e-07 
 4.15800000e-04  1.56267295e-07 
 4.15900000e-04  1.56089463e-07 
 4.16000000e-04  1.55980850e-07 
 4.16100000e-04  1.72093142e-07 
 4.16200000e-04  1.71878516e-07 
 4.16300000e-04  1.71792036e-07 
 4.16400000e-04  1.71715063e-07 
 4.16500000e-04  1.71664592e-07 
 4.16600000e-04  1.58959113e-07 
 4.16700000e-04  1.58605892e-07 
 4.16800000e-04  1.58419617e-07 
 4.16900000e-04  1.58293067e-07 
 4.17000000e-04  1.58227987e-07 
 4.17100000e-04  1.71842780e-07 
 4.17200000e-04  1.71600412e-07 
 4.17300000e-04  1.71506087e-07 
 4.17400000e-04  1.71422226e-07 
 4.17500000e-04  1.71392624e-07 
 4.17600000e-04  1.57462711e-07 
 4.17700000e-04  1.57063777e-07 
 4.17800000e-04  1.56838009e-07 
 4.17900000e-04  1.56666729e-07 
 4.18000000e-04  1.56551518e-07 
 4.18100000e-04  1.73216172e-07 
 4.18200000e-04  1.72901836e-07 
 4.18300000e-04  1.72788415e-07 
 4.18400000e-04  1.72689417e-07 
 4.18500000e-04  1.72623347e-07 
 4.18600000e-04  1.61223945e-07 
 4.18700000e-04  1.60862576e-07 
 4.18800000e-04  1.60681414e-07 
 4.18900000e-04  1.60557548e-07 
 4.19000000e-04  1.60492650e-07 
 4.19100000e-04  1.71928566e-07 
 4.19200000e-04  1.71641773e-07 
 4.19300000e-04  1.71547590e-07 
 4.19400000e-04  1.71467045e-07 
 4.19500000e-04  1.71423078e-07 
 4.19600000e-04  1.57518875e-07 
 4.19700000e-04  1.57077900e-07 
 4.19800000e-04  1.56840458e-07 
 4.19900000e-04  1.56665011e-07 
 4.20000000e-04  1.56553373e-07 
 4.20100000e-04  1.72701370e-07 
 4.20200000e-04  1.72480778e-07 
 4.20300000e-04  1.72392132e-07 
 4.20400000e-04  1.72313976e-07 
 4.20500000e-04  1.72255212e-07 
 4.20600000e-04  1.59555924e-07 
 4.20700000e-04  1.59189185e-07 
 4.20800000e-04  1.59011809e-07 
 4.20900000e-04  1.58889606e-07 
 4.21000000e-04  1.58824175e-07 
 4.21100000e-04  1.72465041e-07 
 4.21200000e-04  1.72212598e-07 
 4.21300000e-04  1.72123988e-07 
 4.21400000e-04  1.72047392e-07 
 4.21500000e-04  1.72004799e-07 
 4.21600000e-04  1.58048975e-07 
 4.21700000e-04  1.57630843e-07 
 4.21800000e-04  1.57426625e-07 
 4.21900000e-04  1.57264894e-07 
 4.22000000e-04  1.57146843e-07 
 4.22100000e-04  1.75419049e-07 
 4.22200000e-04  1.74794661e-07 
 4.22300000e-04  1.74594547e-07 
 4.22400000e-04  1.74422415e-07 
 4.22500000e-04  1.74347721e-07 
 4.22600000e-04  1.66789942e-07 
 4.22700000e-04  1.66417013e-07 
 4.22800000e-04  1.66253453e-07 
 4.22900000e-04  1.66161331e-07 
 4.23000000e-04  1.66142758e-07 
 4.23100000e-04  1.71724362e-07 
 4.23200000e-04  1.70926672e-07 
 4.23300000e-04  1.70668488e-07 
 4.23400000e-04  1.70446868e-07 
 4.23500000e-04  1.70355975e-07 
 4.23600000e-04  1.56578802e-07 
 4.23700000e-04  1.56011365e-07 
 4.23800000e-04  1.55736903e-07 
 4.23900000e-04  1.55539408e-07 
 4.24000000e-04  1.55421166e-07 
 4.24100000e-04  1.71507171e-07 
 4.24200000e-04  1.71299629e-07 
 4.24300000e-04  1.71215043e-07 
 4.24400000e-04  1.71139264e-07 
 4.24500000e-04  1.71089070e-07 
 4.24600000e-04  1.58409507e-07 
 4.24700000e-04  1.58032712e-07 
 4.24800000e-04  1.57846504e-07 
 4.24900000e-04  1.57713217e-07 
 4.25000000e-04  1.57634371e-07 
 4.25100000e-04  1.71240226e-07 
 4.25200000e-04  1.71000139e-07 
 4.25300000e-04  1.70909858e-07 
 4.25400000e-04  1.70830705e-07 
 4.25500000e-04  1.70805409e-07 
 4.25600000e-04  1.56886520e-07 
 4.25700000e-04  1.56473242e-07 
 4.25800000e-04  1.56243846e-07 
 4.25900000e-04  1.56074486e-07 
 4.26000000e-04  1.55966909e-07 
 4.26100000e-04  1.72620299e-07 
 4.26200000e-04  1.72285410e-07 
 4.26300000e-04  1.72166930e-07 
 4.26400000e-04  1.72064375e-07 
 4.26500000e-04  1.72014453e-07 
 4.26600000e-04  1.60643654e-07 
 4.26700000e-04  1.60262491e-07 
 4.26800000e-04  1.60079276e-07 
 4.26900000e-04  1.59959450e-07 
 4.27000000e-04  1.59904861e-07 
 4.27100000e-04  1.71299738e-07 
 4.27200000e-04  1.71023479e-07 
 4.27300000e-04  1.70925541e-07 
 4.27400000e-04  1.70839455e-07 
 4.27500000e-04  1.70803739e-07 
 4.27600000e-04  1.56929907e-07 
 4.27700000e-04  1.56465357e-07 
 4.27800000e-04  1.56247274e-07 
 4.27900000e-04  1.56077423e-07 
 4.28000000e-04  1.55957174e-07 
 4.28100000e-04  1.72072312e-07 
 4.28200000e-04  1.71882264e-07 
 4.28300000e-04  1.71787926e-07 
 4.28400000e-04  1.71700120e-07 
 4.28500000e-04  1.71654799e-07 
 4.28600000e-04  1.58965638e-07 
 4.28700000e-04  1.58617287e-07 
 4.28800000e-04  1.58422683e-07 
 4.28900000e-04  1.58288008e-07 
 4.29000000e-04  1.58214995e-07 
 4.29100000e-04  1.71836143e-07 
 4.29200000e-04  1.71596503e-07 
 4.29300000e-04  1.71510471e-07 
 4.29400000e-04  1.71435502e-07 
 4.29500000e-04  1.71391675e-07 
 4.29600000e-04  1.57466183e-07 
 4.29700000e-04  1.57044939e-07 
 4.29800000e-04  1.56825657e-07 
 4.29900000e-04  1.56658141e-07 
 4.30000000e-04  1.56543873e-07 
 4.30100000e-04  1.73744300e-07 
 4.30200000e-04  1.73333538e-07 
 4.30300000e-04  1.73180963e-07 
 4.30400000e-04  1.73045687e-07 
 4.30500000e-04  1.72992725e-07 
 4.30600000e-04  1.62875504e-07 
 4.30700000e-04  1.62512968e-07 
 4.30800000e-04  1.62336790e-07 
 4.30900000e-04  1.62225801e-07 
 4.31000000e-04  1.62181905e-07 
 4.31100000e-04  1.71420061e-07 
 4.31200000e-04  1.71108866e-07 
 4.31300000e-04  1.70995784e-07 
 4.31400000e-04  1.70895877e-07 
 4.31500000e-04  1.70866256e-07 
 4.31600000e-04  1.56993340e-07 
 4.31700000e-04  1.56503981e-07 
 4.31800000e-04  1.56273345e-07 
 4.31900000e-04  1.56098877e-07 
 4.32000000e-04  1.55982196e-07 
 4.32100000e-04  1.72094071e-07 
 4.32200000e-04  1.71899804e-07 
 4.32300000e-04  1.71805607e-07 
 4.32400000e-04  1.71718624e-07 
 4.32500000e-04  1.71665426e-07 
 4.32600000e-04  1.58981000e-07 
 4.32700000e-04  1.58616283e-07 
 4.32800000e-04  1.58436715e-07 
 4.32900000e-04  1.58305033e-07 
 4.33000000e-04  1.58222591e-07 
 4.33100000e-04  1.71835226e-07 
 4.33200000e-04  1.71595726e-07 
 4.33300000e-04  1.71514661e-07 
 4.33400000e-04  1.71445127e-07 
 4.33500000e-04  1.71414429e-07 
 4.33600000e-04  1.57458526e-07 
 4.33700000e-04  1.57048552e-07 
 4.33800000e-04  1.56834291e-07 
 4.33900000e-04  1.56671441e-07 
 4.34000000e-04  1.56561470e-07 
 4.34100000e-04  1.73212843e-07 
 4.34200000e-04  1.72900078e-07 
 4.34300000e-04  1.72784271e-07 
 4.34400000e-04  1.72681961e-07 
 4.34500000e-04  1.72624803e-07 
 4.34600000e-04  1.61221733e-07 
 4.34700000e-04  1.60861142e-07 
 4.34800000e-04  1.60676808e-07 
 4.34900000e-04  1.60551159e-07 
 4.35000000e-04  1.60485889e-07 
 4.35100000e-04  1.71914613e-07 
 4.35200000e-04  1.71638904e-07 
 4.35300000e-04  1.71548470e-07 
 4.35400000e-04  1.71470476e-07 
 4.35500000e-04  1.71421687e-07 
 4.35600000e-04  1.57504836e-07 
 4.35700000e-04  1.57079732e-07 
 4.35800000e-04  1.56838465e-07 
 4.35900000e-04  1.56666384e-07 
 4.36000000e-04  1.56565520e-07 
 4.36100000e-04  1.72687350e-07 
 4.36200000e-04  1.72484736e-07 
 4.36300000e-04  1.72392864e-07 
 4.36400000e-04  1.72308929e-07 
 4.36500000e-04  1.72268566e-07 
 4.36600000e-04  1.59561299e-07 
 4.36700000e-04  1.59206106e-07 
 4.36800000e-04  1.59020690e-07 
 4.36900000e-04  1.58891677e-07 
 4.37000000e-04  1.58820690e-07 
 4.37100000e-04  1.72454075e-07 
 4.37200000e-04  1.72206923e-07 
 4.37300000e-04  1.72118867e-07 
 4.37400000e-04  1.72042496e-07 
 4.37500000e-04  1.72027993e-07 
 4.37600000e-04  1.58051483e-07 
 4.37700000e-04  1.57630412e-07 
 4.37800000e-04  1.57412706e-07 
 4.37900000e-04  1.57250810e-07 
 4.38000000e-04  1.57146324e-07 
 4.38100000e-04  1.74905990e-07 
 4.38200000e-04  1.74363717e-07 
 4.38300000e-04  1.74196063e-07 
 4.38400000e-04  1.74054273e-07 
 4.38500000e-04  1.73970949e-07 
 4.38600000e-04  1.65120683e-07 
 4.38700000e-04  1.64773718e-07 
 4.38800000e-04  1.64603568e-07 
 4.38900000e-04  1.64493624e-07 
 4.39000000e-04  1.64445623e-07 
 4.39100000e-04  1.71708624e-07 
 4.39200000e-04  1.71299473e-07 
 4.39300000e-04  1.71147569e-07 
 4.39400000e-04  1.71012910e-07 
 4.39500000e-04  1.70938760e-07 
 4.39600000e-04  1.57110691e-07 
 4.39700000e-04  1.56567565e-07 
 4.39800000e-04  1.56312610e-07 
 4.39900000e-04  1.56121832e-07 
 4.40000000e-04  1.55997096e-07 
 4.40100000e-04  1.72125973e-07 
 4.40200000e-04  1.71929106e-07 
 4.40300000e-04  1.71833948e-07 
 4.40400000e-04  1.71746108e-07 
 4.40500000e-04  1.71684552e-07 
 4.40600000e-04  1.58982948e-07 
 4.40700000e-04  1.58620716e-07 
 4.40800000e-04  1.58436383e-07 
 4.40900000e-04  1.58301605e-07 
 4.41000000e-04  1.58217780e-07 
 4.41100000e-04  1.71855271e-07 
 4.41200000e-04  1.71622388e-07 
 4.41300000e-04  1.71524747e-07 
 4.41400000e-04  1.71436380e-07 
 4.41500000e-04  1.71418834e-07 
 4.41600000e-04  1.57472322e-07 
 4.41700000e-04  1.57051489e-07 
 4.41800000e-04  1.56835361e-07 
 4.41900000e-04  1.56668485e-07 
 4.42000000e-04  1.56552250e-07 
 4.42100000e-04  1.73222897e-07 
 4.42200000e-04  1.72920693e-07 
 4.42300000e-04  1.72799869e-07 
 4.42400000e-04  1.72691459e-07 
 4.42500000e-04  1.72650952e-07 
 4.42600000e-04  1.61230455e-07 
 4.42700000e-04  1.60861361e-07 
 4.42800000e-04  1.60680317e-07 
 4.42900000e-04  1.60560438e-07 
 4.43000000e-04  1.60503490e-07 
 4.43100000e-04  1.71924114e-07 
 4.43200000e-04  1.71644382e-07 
 4.43300000e-04  1.71555503e-07 
 4.43400000e-04  1.71479859e-07 
 4.43500000e-04  1.71433147e-07 
 4.43600000e-04  1.57510728e-07 
 4.43700000e-04  1.57085185e-07 
 4.43800000e-04  1.56853362e-07 
 4.43900000e-04  1.56676179e-07 
 4.44000000e-04  1.56555195e-07 
 4.44100000e-04  1.72709679e-07 
 4.44200000e-04  1.72496426e-07 
 4.44300000e-04  1.72403670e-07 
 4.44400000e-04  1.72319865e-07 
 4.44500000e-04  1.72280511e-07 
 4.44600000e-04  1.59550124e-07 
 4.44700000e-04  1.59205416e-07 
 4.44800000e-04  1.59017220e-07 
 4.44900000e-04  1.58889393e-07 
 4.45000000e-04  1.58823674e-07 
 4.45100000e-04  1.72461122e-07 
 4.45200000e-04  1.72219402e-07 
 4.45300000e-04  1.72126164e-07 
 4.45400000e-04  1.72043820e-07 
 4.45500000e-04  1.72013713e-07 
 4.45600000e-04  1.58034001e-07 
 4.45700000e-04  1.57630694e-07 
 4.45800000e-04  1.57411567e-07 
 4.45900000e-04  1.57252032e-07 
 4.46000000e-04  1.57153803e-07 
 4.46100000e-04  1.74365495e-07 
 4.46200000e-04  1.73966637e-07 
 4.46300000e-04  1.73817863e-07 
 4.46400000e-04  1.73685309e-07 
 4.46500000e-04  1.73628594e-07 
 4.46600000e-04  1.63471798e-07 
 4.46700000e-04  1.63103353e-07 
 4.46800000e-04  1.62937300e-07 
 4.46900000e-04  1.62826549e-07 
 4.47000000e-04  1.62772679e-07 
 4.47100000e-04  1.72045049e-07 
 4.47200000e-04  1.71739797e-07 
 4.47300000e-04  1.71620408e-07 
 4.47400000e-04  1.71512741e-07 
 4.47500000e-04  1.71469503e-07 
 4.47600000e-04  1.57580667e-07 
 4.47700000e-04  1.57111496e-07 
 4.47800000e-04  1.56865977e-07 
 4.47900000e-04  1.56687919e-07 
 4.48000000e-04  1.56579286e-07 
 4.48100000e-04  1.72729841e-07 
 4.48200000e-04  1.72508987e-07 
 4.48300000e-04  1.72414524e-07 
 4.48400000e-04  1.72329740e-07 
 4.48500000e-04  1.72275682e-07 
 4.48600000e-04  1.59560914e-07 
 4.48700000e-04  1.59204851e-07 
 4.48800000e-04  1.59013782e-07 
 4.48900000e-04  1.58882047e-07 
 4.49000000e-04  1.58811350e-07 
 4.49100000e-04  1.72464297e-07 
 4.49200000e-04  1.72228064e-07 
 4.49300000e-04  1.72140092e-07 
 4.49400000e-04  1.72062854e-07 
 4.49500000e-04  1.72015632e-07 
 4.49600000e-04  1.58038714e-07 
 4.49700000e-04  1.57634116e-07 
 4.49800000e-04  1.57414454e-07 
 4.49900000e-04  1.57255359e-07 
 4.50000000e-04  1.57158574e-07 
 4.50100000e-04  1.73841666e-07 
 4.50200000e-04  1.73538370e-07 
 4.50300000e-04  1.73410708e-07 
 4.50400000e-04  1.73294823e-07 
 4.50500000e-04  1.73247444e-07 
 4.50600000e-04  1.61795949e-07 
 4.50700000e-04  1.61445298e-07 
 4.50800000e-04  1.61265064e-07 
 4.50900000e-04  1.61145590e-07 
 4.51000000e-04  1.61088622e-07 
 4.51100000e-04  1.72549805e-07 
 4.51200000e-04  1.72277480e-07 
 4.51300000e-04  1.72182838e-07 
 4.51400000e-04  1.72099813e-07 
 4.51500000e-04  1.72046865e-07 
 4.51600000e-04  1.58095130e-07 
 4.51700000e-04  1.57660487e-07 
 4.51800000e-04  1.57429083e-07 
 4.51900000e-04  1.57258367e-07 
 4.52000000e-04  1.57150080e-07 
 4.52100000e-04  1.73329807e-07 
 4.52200000e-04  1.73114099e-07 
 4.52300000e-04  1.73025307e-07 
 4.52400000e-04  1.72945956e-07 
 4.52500000e-04  1.72895961e-07 
 4.52600000e-04  1.60149684e-07 
 4.52700000e-04  1.59786141e-07 
 4.52800000e-04  1.59609397e-07 
 4.52900000e-04  1.59482995e-07 
 4.53000000e-04  1.59408351e-07 
 4.53100000e-04  1.73081607e-07 
 4.53200000e-04  1.72830661e-07 
 4.53300000e-04  1.72736699e-07 
 4.53400000e-04  1.72653986e-07 
 4.53500000e-04  1.72629584e-07 
 4.53600000e-04  1.58614206e-07 
 4.53700000e-04  1.58238823e-07 
 4.53800000e-04  1.58023434e-07 
 4.53900000e-04  1.57862809e-07 
 4.54000000e-04  1.57758500e-07 
 4.54100000e-04  1.76577806e-07 
 4.54200000e-04  1.75833801e-07 
 4.54300000e-04  1.75600615e-07 
 4.54400000e-04  1.75401066e-07 
 4.54500000e-04  1.75329416e-07 
 4.54600000e-04  1.69046012e-07 
 4.54700000e-04  1.68682788e-07 
 4.54800000e-04  1.68519019e-07 
 4.54900000e-04  1.68425618e-07 
 4.55000000e-04  1.68404625e-07 
 4.55100000e-04  1.71862128e-07 
 4.55200000e-04  1.70914776e-07 
 4.55300000e-04  1.70656839e-07 
 4.55400000e-04  1.70442129e-07 
 4.55500000e-04  1.70353756e-07 
 4.55600000e-04  1.56610311e-07 
 4.55700000e-04  1.56002176e-07 
 4.55800000e-04  1.55736463e-07 
 4.55900000e-04  1.55534182e-07 
 4.56000000e-04  1.55397160e-07 
 4.56100000e-04  1.71519588e-07 
 4.56200000e-04  1.71317254e-07 
 4.56300000e-04  1.71216084e-07 
 4.56400000e-04  1.71122256e-07 
 4.56500000e-04  1.71071754e-07 
 4.56600000e-04  1.58393923e-07 
 4.56700000e-04  1.58053156e-07 
 4.56800000e-04  1.57858258e-07 
 4.56900000e-04  1.57721215e-07 
 4.57000000e-04  1.57643672e-07 
 4.57100000e-04  1.71242484e-07 
 4.57200000e-04  1.70996911e-07 
 4.57300000e-04  1.70913617e-07 
 4.57400000e-04  1.70842126e-07 
 4.57500000e-04  1.70799508e-07 
 4.57600000e-04  1.56872369e-07 
 4.57700000e-04  1.56478288e-07 
 4.57800000e-04  1.56260397e-07 
 4.57900000e-04  1.56092159e-07 
 4.58000000e-04  1.55974963e-07 
 4.58100000e-04  1.72603321e-07 
 4.58200000e-04  1.72302887e-07 
 4.58300000e-04  1.72185112e-07 
 4.58400000e-04  1.72079868e-07 
 4.58500000e-04  1.72023291e-07 
 4.58600000e-04  1.60649447e-07 
 4.58700000e-04  1.60283517e-07 
 4.58800000e-04  1.60098968e-07 
 4.58900000e-04  1.59968833e-07 
 4.59000000e-04  1.59894647e-07 
 4.59100000e-04  1.71307366e-07 
 4.59200000e-04  1.71043700e-07 
 4.59300000e-04  1.70945659e-07 
 4.59400000e-04  1.70858851e-07 
 4.59500000e-04  1.70811556e-07 
 4.59600000e-04  1.56942739e-07 
 4.59700000e-04  1.56487822e-07 
 4.59800000e-04  1.56252847e-07 
 4.59900000e-04  1.56080479e-07 
 4.60000000e-04  1.55972508e-07 
 4.60100000e-04  1.72073199e-07 
 4.60200000e-04  1.71878167e-07 
 4.60300000e-04  1.71786235e-07 
 4.60400000e-04  1.71701243e-07 
 4.60500000e-04  1.71657202e-07 
 4.60600000e-04  1.58969184e-07 
 4.60700000e-04  1.58600656e-07 
 4.60800000e-04  1.58419819e-07 
 4.60900000e-04  1.58291476e-07 
 4.61000000e-04  1.58217098e-07 
 4.61100000e-04  1.71833789e-07 
 4.61200000e-04  1.71599722e-07 
 4.61300000e-04  1.71514555e-07 
 4.61400000e-04  1.71439764e-07 
 4.61500000e-04  1.71396500e-07 
 4.61600000e-04  1.57454612e-07 
 4.61700000e-04  1.57042754e-07 
 4.61800000e-04  1.56829409e-07 
 4.61900000e-04  1.56666173e-07 
 4.62000000e-04  1.56554439e-07 
 4.62100000e-04  1.73741109e-07 
 4.62200000e-04  1.73341786e-07 
 4.62300000e-04  1.73195829e-07 
 4.62400000e-04  1.73066397e-07 
 4.62500000e-04  1.72990023e-07 
 4.62600000e-04  1.62874811e-07 
 4.62700000e-04  1.62531468e-07 
 4.62800000e-04  1.62349196e-07 
 4.62900000e-04  1.62231292e-07 
 4.63000000e-04  1.62179603e-07 
 4.63100000e-04  1.71418358e-07 
 4.63200000e-04  1.71108964e-07 
 4.63300000e-04  1.70995066e-07 
 4.63400000e-04  1.70894135e-07 
 4.63500000e-04  1.70854296e-07 
 4.63600000e-04  1.57000045e-07 
 4.63700000e-04  1.56505255e-07 
 4.63800000e-04  1.56272687e-07 
 4.63900000e-04  1.56094775e-07 
 4.64000000e-04  1.55973062e-07 
 4.64100000e-04  1.72093511e-07 
 4.64200000e-04  1.71892273e-07 
 4.64300000e-04  1.71794874e-07 
 4.64400000e-04  1.71704665e-07 
 4.64500000e-04  1.71672714e-07 
 4.64600000e-04  1.58973712e-07 
 4.64700000e-04  1.58620581e-07 
 4.64800000e-04  1.58426479e-07 
 4.64900000e-04  1.58295348e-07 
 4.65000000e-04  1.58228989e-07 
 4.65100000e-04  1.71836491e-07 
 4.65200000e-04  1.71598149e-07 
 4.65300000e-04  1.71511604e-07 
 4.65400000e-04  1.71435841e-07 
 4.65500000e-04  1.71397464e-07 
 4.65600000e-04  1.57459130e-07 
 4.65700000e-04  1.57051275e-07 
 4.65800000e-04  1.56844758e-07 
 4.65900000e-04  1.56678865e-07 
 4.66000000e-04  1.56554687e-07 
 4.66100000e-04  1.73208012e-07 
 4.66200000e-04  1.72898323e-07 
 4.66300000e-04  1.72790701e-07 
 4.66400000e-04  1.72697240e-07 
 4.66500000e-04  1.72628483e-07 
 4.66600000e-04  1.61206765e-07 
 4.66700000e-04  1.60862901e-07 
 4.66800000e-04  1.60680123e-07 
 4.66900000e-04  1.60556787e-07 
 4.67000000e-04  1.60494583e-07 
 4.67100000e-04  1.71918882e-07 
 4.67200000e-04  1.71640759e-07 
 4.67300000e-04  1.71543998e-07 
 4.67400000e-04  1.71459641e-07 
 4.67500000e-04  1.71433904e-07 
 4.67600000e-04  1.57512786e-07 
 4.67700000e-04  1.57060432e-07 
 4.67800000e-04  1.56833353e-07 
 4.67900000e-04  1.56664843e-07 
 4.68000000e-04  1.56556560e-07 
 4.68100000e-04  1.72687741e-07 
 4.68200000e-04  1.72501804e-07 
 4.68300000e-04  1.72403821e-07 
 4.68400000e-04  1.72311220e-07 
 4.68500000e-04  1.72266474e-07 
 4.68600000e-04  1.59544512e-07 
 4.68700000e-04  1.59193341e-07 
 4.68800000e-04  1.59013433e-07 
 4.68900000e-04  1.58888609e-07 
 4.69000000e-04  1.58820413e-07 
 4.69100000e-04  1.72461452e-07 
 4.69200000e-04  1.72222374e-07 
 4.69300000e-04  1.72132044e-07 
 4.69400000e-04  1.72052293e-07 
 4.69500000e-04  1.72010928e-07 
 4.69600000e-04  1.58054219e-07 
 4.69700000e-04  1.57633202e-07 
 4.69800000e-04  1.57415739e-07 
 4.69900000e-04  1.57252986e-07 
 4.70000000e-04  1.57146481e-07 
 4.70100000e-04  1.74899855e-07 
 4.70200000e-04  1.74375471e-07 
 4.70300000e-04  1.74197854e-07 
 4.70400000e-04  1.74043466e-07 
 4.70500000e-04  1.73966465e-07 
 4.70600000e-04  1.65133594e-07 
 4.70700000e-04  1.64771858e-07 
 4.70800000e-04  1.64594968e-07 
 4.70900000e-04  1.64485133e-07 
 4.71000000e-04  1.64444280e-07 
 4.71100000e-04  1.71708726e-07 
 4.71200000e-04  1.71306861e-07 
 4.71300000e-04  1.71149040e-07 
 4.71400000e-04  1.71007465e-07 
 4.71500000e-04  1.70943942e-07 
 4.71600000e-04  1.57094867e-07 
 4.71700000e-04  1.56569562e-07 
 4.71800000e-04  1.56315211e-07 
 4.71900000e-04  1.56129769e-07 
 4.72000000e-04  1.56015219e-07 
 4.72100000e-04  1.72118334e-07 
 4.72200000e-04  1.71930154e-07 
 4.72300000e-04  1.71830284e-07 
 4.72400000e-04  1.71736163e-07 
 4.72500000e-04  1.71689069e-07 
 4.72600000e-04  1.58986720e-07 
 4.72700000e-04  1.58616992e-07 
 4.72800000e-04  1.58436733e-07 
 4.72900000e-04  1.58308766e-07 
 4.73000000e-04  1.58234549e-07 
 4.73100000e-04  1.71854591e-07 
 4.73200000e-04  1.71605891e-07 
 4.73300000e-04  1.71525934e-07 
 4.73400000e-04  1.71458351e-07 
 4.73500000e-04  1.71402997e-07 
 4.73600000e-04  1.57453574e-07 
 4.73700000e-04  1.57052177e-07 
 4.73800000e-04  1.56839712e-07 
 4.73900000e-04  1.56672741e-07 
 4.74000000e-04  1.56552304e-07 
 4.74100000e-04  1.75429765e-07 
 4.74200000e-04  1.74630418e-07 
 4.74300000e-04  1.74369802e-07 
 4.74400000e-04  1.74267231e-07 
 4.74500000e-04  1.74215728e-07 
 4.74600000e-04  1.62330534e-07 
 4.74700000e-04  1.61797732e-07 
 4.74800000e-04  1.61563441e-07 
 4.74900000e-04  1.61395351e-07 
 4.75000000e-04  1.61294675e-07 
 4.75100000e-04  1.03758877e-04 
 4.75200000e-04  1.03758415e-04 
 4.75300000e-04  1.03758268e-04 
 4.75400000e-04  1.03758141e-04 
 4.75500000e-04  1.03758092e-04 
 4.75600000e-04  1.03744196e-04 
 4.75700000e-04  1.03743721e-04 
 4.75800000e-04  1.03743486e-04 
 4.75900000e-04  1.03743315e-04 
 4.76000000e-04  1.03743209e-04 
 4.76100000e-04  1.73857641e-07 
 4.76200000e-04  1.73625455e-07 
 4.76300000e-04  1.73523352e-07 
 4.76400000e-04  1.73430039e-07 
 4.76500000e-04  1.73367624e-07 
 4.76600000e-04  1.60649670e-07 
 4.76700000e-04  1.60289355e-07 
 4.76800000e-04  1.60107426e-07 
 4.76900000e-04  1.59976291e-07 
 4.77000000e-04  1.59897358e-07 
 4.77100000e-04  1.73617874e-07 
 4.77200000e-04  1.73373020e-07 
 4.77300000e-04  1.73282893e-07 
 4.77400000e-04  1.73204308e-07 
 4.77500000e-04  1.73167024e-07 
 4.77600000e-04  1.59130726e-07 
 4.77700000e-04  1.58730916e-07 
 4.77800000e-04  1.58523955e-07 
 4.77900000e-04  1.58364370e-07 
 4.78000000e-04  1.58253457e-07 
 4.78100000e-04  1.75533744e-07 
 4.78200000e-04  1.75105370e-07 
 4.78300000e-04  1.74952744e-07 
 4.78400000e-04  1.74819235e-07 
 4.78500000e-04  1.74752577e-07 
 4.78600000e-04  1.64555381e-07 
 4.78700000e-04  1.64195309e-07 
 4.78800000e-04  1.64018178e-07 
 4.78900000e-04  1.63906364e-07 
 4.79000000e-04  1.63861738e-07 
 4.79100000e-04  1.73209771e-07 
 4.79200000e-04  1.72883173e-07 
 4.79300000e-04  1.72762105e-07 
 4.79400000e-04  1.72654649e-07 
 4.79500000e-04  1.72622006e-07 
 4.79600000e-04  1.58661781e-07 
 4.79700000e-04  1.58193523e-07 
 4.79800000e-04  1.57949675e-07 
 4.79900000e-04  1.57772532e-07 
 4.80000000e-04  1.57664001e-07 
 4.80100000e-04  1.73876435e-07 
 4.80200000e-04  1.73650596e-07 
 4.80300000e-04  1.73548882e-07 
 4.80400000e-04  1.73456427e-07 
 4.80500000e-04  1.73411968e-07 
 4.80600000e-04  1.60632808e-07 
 4.80700000e-04  1.60280239e-07 
 4.80800000e-04  1.60105901e-07 
 4.80900000e-04  1.59979159e-07 
 4.81000000e-04  1.59901315e-07 
 4.81100000e-04  1.73609708e-07 
 4.81200000e-04  1.73368597e-07 
 4.81300000e-04  1.73280512e-07 
 4.81400000e-04  1.73203350e-07 
 4.81500000e-04  1.73144432e-07 
 4.81600000e-04  1.59112622e-07 
 4.81700000e-04  1.58733182e-07 
 4.81800000e-04  1.58505813e-07 
 4.81900000e-04  1.58340415e-07 
 4.82000000e-04  1.58238741e-07 
 4.82100000e-04  1.74995673e-07 
 4.82200000e-04  1.74673236e-07 
 4.82300000e-04  1.74554567e-07 
 4.82400000e-04  1.74450532e-07 
 4.82500000e-04  1.74380786e-07 
 4.82600000e-04  1.62874374e-07 
 4.82700000e-04  1.62537244e-07 
 4.82800000e-04  1.62355942e-07 
 4.82900000e-04  1.62231530e-07 
 4.83000000e-04  1.62165605e-07 
 4.83100000e-04  1.73701259e-07 
 4.83200000e-04  1.73416189e-07 
 4.83300000e-04  1.73308198e-07 
 4.83400000e-04  1.73212211e-07 
 4.83500000e-04  1.73182689e-07 
 4.83600000e-04  1.59173391e-07 
 4.83700000e-04  1.58725152e-07 
 4.83800000e-04  1.58502613e-07 
 4.83900000e-04  1.58345431e-07 
 4.84000000e-04  1.58255464e-07 
 4.84100000e-04  1.74465093e-07 
 4.84200000e-04  1.74243134e-07 
 4.84300000e-04  1.74156214e-07 
 4.84400000e-04  1.74079645e-07 
 4.84500000e-04  1.74024015e-07 
 4.84600000e-04  1.61217666e-07 
 4.84700000e-04  1.60855737e-07 
 4.84800000e-04  1.60683028e-07 
 4.84900000e-04  1.60561015e-07 
 4.85000000e-04  1.60491087e-07 
 4.85100000e-04  1.74231966e-07 
 4.85200000e-04  1.73986407e-07 
 4.85300000e-04  1.73892235e-07 
 4.85400000e-04  1.73809129e-07 
 4.85500000e-04  1.73769552e-07 
 4.85600000e-04  1.59712377e-07 
 4.85700000e-04  1.59312211e-07 
 4.85800000e-04  1.59098744e-07 
 4.85900000e-04  1.58939156e-07 
 4.86000000e-04  1.58834940e-07 
 4.86100000e-04  1.77208794e-07 
 4.86200000e-04  1.76556033e-07 
 4.86300000e-04  1.76342493e-07 
 4.86400000e-04  1.76158490e-07 
 4.86500000e-04  1.76096431e-07 
 4.86600000e-04  1.68440525e-07 
 4.86700000e-04  1.68108573e-07 
 4.86800000e-04  1.67944780e-07 
 4.86900000e-04  1.67842848e-07 
 4.87000000e-04  1.67804526e-07 
 4.87100000e-04  1.73500657e-07 
 4.87200000e-04  1.72675407e-07 
 4.87300000e-04  1.72419514e-07 
 4.87400000e-04  1.72202511e-07 
 4.87500000e-04  1.72120569e-07 
 4.87600000e-04  1.58235952e-07 
 4.87700000e-04  1.57676998e-07 
 4.87800000e-04  1.57414655e-07 
 4.87900000e-04  1.57223684e-07 
 4.88000000e-04  1.57106129e-07 
 4.88100000e-04  1.73282626e-07 
 4.88200000e-04  1.73061978e-07 
 4.88300000e-04  1.72969633e-07 
 4.88400000e-04  1.72886666e-07 
 4.88500000e-04  1.72829368e-07 
 4.88600000e-04  1.60060153e-07 
 4.88700000e-04  1.59714958e-07 
 4.88800000e-04  1.59531731e-07 
 4.88900000e-04  1.59399513e-07 
 4.89000000e-04  1.59319972e-07 
 4.89100000e-04  1.73164127e-07 
 4.89200000e-04  1.72812484e-07 
 4.89300000e-04  1.72677217e-07 
 4.89400000e-04  1.72606919e-07 
 4.89500000e-04  1.72546175e-07 
 4.89600000e-04  1.58550374e-07 
 4.89700000e-04  1.58142554e-07 
 4.89800000e-04  1.57925518e-07 
 4.89900000e-04  1.57762694e-07 
 4.90000000e-04  1.57655620e-07 
 4.90100000e-04  1.74356117e-07 
 4.90200000e-04  1.74057566e-07 
 4.90300000e-04  1.73932739e-07 
 4.90400000e-04  1.73819154e-07 
 4.90500000e-04  1.73768680e-07 
 4.90600000e-04  1.62284353e-07 
 4.90700000e-04  1.61932774e-07 
 4.90800000e-04  1.61768772e-07 
 4.90900000e-04  1.61654022e-07 
 4.91000000e-04  1.61589924e-07 
 4.91100000e-04  1.73071096e-07 
 4.91200000e-04  1.72796088e-07 
 4.91300000e-04  1.72692119e-07 
 4.91400000e-04  1.72599457e-07 
 4.91500000e-04  1.72557228e-07 
 4.91600000e-04  1.58580947e-07 
 4.91700000e-04  1.58138398e-07 
 4.91800000e-04  1.57915725e-07 
 4.91900000e-04  1.57754397e-07 
 4.92000000e-04  1.57656217e-07 
 4.92100000e-04  1.73840757e-07 
 4.92200000e-04  1.73621512e-07 
 4.92300000e-04  1.73531489e-07 
 4.92400000e-04  1.73450856e-07 
 4.92500000e-04  1.73404046e-07 
 4.92600000e-04  1.60621417e-07 
 4.92700000e-04  1.60273991e-07 
 4.92800000e-04  1.60091055e-07 
 4.92900000e-04  1.59968348e-07 
 4.93000000e-04  1.59907660e-07 
 4.93100000e-04  1.73597234e-07 
 4.93200000e-04  1.73357715e-07 
 4.93300000e-04  1.73261150e-07 
 4.93400000e-04  1.73174404e-07 
 4.93500000e-04  1.73143038e-07 
 4.93600000e-04  1.59119043e-07 
 4.93700000e-04  1.58716770e-07 
 4.93800000e-04  1.58506875e-07 
 4.93900000e-04  1.58342511e-07 
 4.94000000e-04  1.58225147e-07 
 4.94100000e-04  1.75946296e-07 
 4.94200000e-04  1.75290631e-07 
 4.94300000e-04  1.75090778e-07 
 4.94400000e-04  1.75013253e-07 
 4.94500000e-04  1.74956555e-07 
 4.94600000e-04  1.64820980e-07 
 4.94700000e-04  1.64488123e-07 
 4.94800000e-04  1.64297931e-07 
 4.94900000e-04  1.64154083e-07 
 4.95000000e-04  1.64057965e-07 
 4.95100000e-04  1.73200610e-07 
 4.95200000e-04  1.72872084e-07 
 4.95300000e-04  1.72762776e-07 
 4.95400000e-04  1.72668773e-07 
 4.95500000e-04  1.72611927e-07 
 4.95600000e-04  1.58660370e-07 
 4.95700000e-04  1.58176920e-07 
 4.95800000e-04  1.57940357e-07 
 4.95900000e-04  1.57767433e-07 
 4.96000000e-04  1.57660111e-07 
 4.96100000e-04  1.73855494e-07 
 4.96200000e-04  1.73644806e-07 
 4.96300000e-04  1.73555843e-07 
 4.96400000e-04  1.73475586e-07 
 4.96500000e-04  1.73417323e-07 
 4.96600000e-04  1.60615482e-07 
 4.96700000e-04  1.60278391e-07 
 4.96800000e-04  1.60098961e-07 
 4.96900000e-04  1.59970992e-07 
 4.97000000e-04  1.59896079e-07 
 4.97100000e-04  1.73607905e-07 
 4.97200000e-04  1.73358594e-07 
 4.97300000e-04  1.73262913e-07 
 4.97400000e-04  1.73178453e-07 
 4.97500000e-04  1.73153076e-07 
 4.97600000e-04  1.59127758e-07 
 4.97700000e-04  1.58729376e-07 
 4.97800000e-04  1.58512143e-07 
 4.97900000e-04  1.58346050e-07 
 4.98000000e-04  1.58232705e-07 
 4.98100000e-04  1.74985511e-07 
 4.98200000e-04  1.74665080e-07 
 4.98300000e-04  1.74545482e-07 
 4.98400000e-04  1.74439445e-07 
 4.98500000e-04  1.74372403e-07 
 4.98600000e-04  1.62871072e-07 
 4.98700000e-04  1.62535801e-07 
 4.98800000e-04  1.62348117e-07 
 4.98900000e-04  1.62229216e-07 
 4.99000000e-04  1.62181280e-07 
 4.99100000e-04  1.73709113e-07 
 4.99200000e-04  1.73407017e-07 
 4.99300000e-04  1.73299317e-07 
 4.99400000e-04  1.73205224e-07 
 4.99500000e-04  1.73176244e-07 
 4.99600000e-04  1.59171617e-07 
 4.99700000e-04  1.58734190e-07 
 4.99800000e-04  1.58515082e-07 
 4.99900000e-04  1.58353105e-07 
 5.00000000e-04  1.58250069e-07 
 5.00100000e-04  1.74460814e-07 
 5.00200000e-04  1.74267895e-07 
 5.00300000e-04  1.74172217e-07 
 5.00400000e-04  1.74083106e-07 
 5.00500000e-04  1.74029533e-07 
 5.00600000e-04  1.61200763e-07 
 5.00700000e-04  1.60874552e-07 
 5.00800000e-04  1.60683585e-07 
 5.00900000e-04  1.60555754e-07 
 5.01000000e-04  1.60493061e-07 
 5.01100000e-04  1.74227578e-07 
 5.01200000e-04  1.73988779e-07 
 5.01300000e-04  1.73894345e-07 
 5.01400000e-04  1.73809811e-07 
 5.01500000e-04  1.73768423e-07 
 5.01600000e-04  1.59696331e-07 
 5.01700000e-04  1.59317212e-07 
 5.01800000e-04  1.59109542e-07 
 5.01900000e-04  1.58946577e-07 
 5.02000000e-04  1.58829737e-07 
 5.02100000e-04  1.76683249e-07 
 5.02200000e-04  1.76131713e-07 
 5.02300000e-04  1.75956987e-07 
 5.02400000e-04  1.75808376e-07 
 5.02500000e-04  1.75735519e-07 
 5.02600000e-04  1.66778786e-07 
 5.02700000e-04  1.66443037e-07 
 5.02800000e-04  1.66279799e-07 
 5.02900000e-04  1.66177229e-07 
 5.03000000e-04  1.66137251e-07 
 5.03100000e-04  1.73499160e-07 
 5.03200000e-04  1.73065014e-07 
 5.03300000e-04  1.72898208e-07 
 5.03400000e-04  1.72750061e-07 
 5.03500000e-04  1.72682988e-07 
 5.03600000e-04  1.58760100e-07 
 5.03700000e-04  1.58250382e-07 
 5.03800000e-04  1.58001272e-07 
 5.03900000e-04  1.57811213e-07 
 5.04000000e-04  1.57682077e-07 
 5.04100000e-04  1.73901900e-07 
 5.04200000e-04  1.73688367e-07 
 5.04300000e-04  1.73579148e-07 
 5.04400000e-04  1.73477693e-07 
 5.04500000e-04  1.73443107e-07 
 5.04600000e-04  1.60637276e-07 
 5.04700000e-04  1.60295612e-07 
 5.04800000e-04  1.60113420e-07 
 5.04900000e-04  1.59984835e-07 
 5.05000000e-04  1.59911557e-07 
 5.05100000e-04  1.73630661e-07 
 5.05200000e-04  1.73377532e-07 
 5.05300000e-04  1.73279010e-07 
 5.05400000e-04  1.73192043e-07 
 5.05500000e-04  1.73156538e-07 
 5.05600000e-04  1.59122018e-07 
 5.05700000e-04  1.58733887e-07 
 5.05800000e-04  1.58512617e-07 
 5.05900000e-04  1.58348075e-07 
 5.06000000e-04  1.58242062e-07 
 5.06100000e-04  1.75001844e-07 
 5.06200000e-04  1.74674186e-07 
 5.06300000e-04  1.74553133e-07 
 5.06400000e-04  1.74447073e-07 
 5.06500000e-04  1.74389408e-07 
 5.06600000e-04  1.62891877e-07 
 5.06700000e-04  1.62522807e-07 
 5.06800000e-04  1.62347250e-07 
 5.06900000e-04  1.62228963e-07 
 5.07000000e-04  1.62169763e-07 
 5.07100000e-04  1.73698328e-07 
 5.07200000e-04  1.73412218e-07 
 5.07300000e-04  1.73316352e-07 
 5.07400000e-04  1.73233620e-07 
 5.07500000e-04  1.73173425e-07 
 5.07600000e-04  1.59178479e-07 
 5.07700000e-04  1.58734599e-07 
 5.07800000e-04  1.58518176e-07 
 5.07900000e-04  1.58352486e-07 
 5.08000000e-04  1.58239138e-07 
 5.08100000e-04  1.74472015e-07 
 5.08200000e-04  1.74246872e-07 
 5.08300000e-04  1.74156202e-07 
 5.08400000e-04  1.74075491e-07 
 5.08500000e-04  1.74018039e-07 
 5.08600000e-04  1.61218834e-07 
 5.08700000e-04  1.60872797e-07 
 5.08800000e-04  1.60687495e-07 
 5.08900000e-04  1.60559715e-07 
 5.09000000e-04  1.60491283e-07 
 5.09100000e-04  1.74237180e-07 
 5.09200000e-04  1.73987377e-07 
 5.09300000e-04  1.73890860e-07 
 5.09400000e-04  1.73805298e-07 
 5.09500000e-04  1.73760315e-07 
 5.09600000e-04  1.59697236e-07 
 5.09700000e-04  1.59317891e-07 
 5.09800000e-04  1.59107875e-07 
 5.09900000e-04  1.58946665e-07 
 5.10000000e-04  1.58835808e-07 
 5.10100000e-04  1.76139420e-07 
 5.10200000e-04  1.75709831e-07 
 5.10300000e-04  1.75563530e-07 
 5.10400000e-04  1.75436665e-07 
 5.10500000e-04  1.75356065e-07 
 5.10600000e-04  1.65119368e-07 
 5.10700000e-04  1.64771568e-07 
 5.10800000e-04  1.64602918e-07 
 5.10900000e-04  1.64496902e-07 
 5.11000000e-04  1.64455507e-07 
 5.11100000e-04  1.73819308e-07 
 5.11200000e-04  1.73494423e-07 
 5.11300000e-04  1.73375155e-07 
 5.11400000e-04  1.73269815e-07 
 5.11500000e-04  1.73222059e-07 
 5.11600000e-04  1.59241823e-07 
 5.11700000e-04  1.58770021e-07 
 5.11800000e-04  1.58538305e-07 
 5.11900000e-04  1.58364652e-07 
 5.12000000e-04  1.58250904e-07 
 5.12100000e-04  1.74488396e-07 
 5.12200000e-04  1.74269113e-07 
 5.12300000e-04  1.74168140e-07 
 5.12400000e-04  1.74075445e-07 
 5.12500000e-04  1.74051596e-07 
 5.12600000e-04  1.61221398e-07 
 5.12700000e-04  1.60872659e-07 
 5.12800000e-04  1.60703109e-07 
 5.12900000e-04  1.60577488e-07 
 5.13000000e-04  1.60497191e-07 
 5.13100000e-04  1.74247537e-07 
 5.13200000e-04  1.73993162e-07 
 5.13300000e-04  1.73896141e-07 
 5.13400000e-04  1.73810467e-07 
 5.13500000e-04  1.73772090e-07 
 5.13600000e-04  1.59692988e-07 
 5.13700000e-04  1.59318345e-07 
 5.13800000e-04  1.59108307e-07 
 5.13900000e-04  1.58949169e-07 
 5.14000000e-04  1.58842546e-07 
 5.14100000e-04  1.75619960e-07 
 5.14200000e-04  1.75292054e-07 
 5.14300000e-04  1.75168442e-07 
 5.14400000e-04  1.75059418e-07 
 5.14500000e-04  1.75003886e-07 
 5.14600000e-04  1.63472777e-07 
 5.14700000e-04  1.63117160e-07 
 5.14800000e-04  1.62951885e-07 
 5.14900000e-04  1.62836288e-07 
 5.15000000e-04  1.62771944e-07 
 5.15100000e-04  1.74329394e-07 
 5.15200000e-04  1.74037727e-07 
 5.15300000e-04  1.73931640e-07 
 5.15400000e-04  1.73838574e-07 
 5.15500000e-04  1.73788457e-07 
 5.15600000e-04  1.59761851e-07 
 5.15700000e-04  1.59321556e-07 
 5.15800000e-04  1.59103102e-07 
 5.15900000e-04  1.58936954e-07 
 5.16000000e-04  1.58824772e-07 
 5.16100000e-04  1.75085975e-07 
 5.16200000e-04  1.74888557e-07 
 5.16300000e-04  1.74788278e-07 
 5.16400000e-04  1.74694655e-07 
 5.16500000e-04  1.74647333e-07 
 5.16600000e-04  1.61793366e-07 
 5.16700000e-04  1.61458302e-07 
 5.16800000e-04  1.61286511e-07 
 5.16900000e-04  1.61162647e-07 
 5.17000000e-04  1.61088230e-07 
 5.17100000e-04  1.74857078e-07 
 5.17200000e-04  1.74597994e-07 
 5.17300000e-04  1.74509398e-07 
 5.17400000e-04  1.74433178e-07 
 5.17500000e-04  1.74383067e-07 
 5.17600000e-04  1.60292203e-07 
 5.17700000e-04  1.59908270e-07 
 5.17800000e-04  1.59685664e-07 
 5.17900000e-04  1.59527680e-07 
 5.18000000e-04  1.59436369e-07 
 5.18100000e-04  1.88939366e-07 
 5.18200000e-04  1.86323154e-07 
 5.18300000e-04  1.85518705e-07 
 5.18400000e-04  1.85265802e-07 
 5.18500000e-04  1.85012899e-07 
 5.18600000e-04  1.75732757e-07 
 5.18700000e-04  1.74614829e-07 
 5.18800000e-04  1.74280017e-07 
 5.18900000e-04  1.74066526e-07 
 5.19000000e-04  1.73976540e-07 
 5.19100000e-04  1.71284600e-07 
 5.19200000e-04  1.70507582e-07 
 5.19300000e-04  1.70299497e-07 
 5.19400000e-04  1.70128002e-07 
 5.19500000e-04  1.70052519e-07 
 5.19600000e-04  1.57647976e-07 
 5.19700000e-04  1.56967621e-07 
 5.19800000e-04  1.56706969e-07 
 5.19900000e-04 -0.00000000e+00 
 5.20000000e-04  1.56574608e-07 
