 time            -i(vdd)        
 2.60000000e-04 -1.26577369e-04 
 2.60100000e-04  1.83731590e-07 
 2.60200000e-04  1.75017505e-07 
 2.60300000e-04  1.72689866e-07 
 2.60400000e-04  1.70727393e-07 
 2.60500000e-04  1.70078479e-07 
 2.60600000e-04  1.76681048e-07 
 2.60700000e-04  1.75913371e-07 
 2.60800000e-04  1.75485944e-07 
 2.60900000e-04  1.75136759e-07 
 2.61000000e-04  1.74867516e-07 
 2.61100000e-04  1.56450296e-07 
 2.61200000e-04  1.54083584e-07 
 2.61300000e-04  1.53475631e-07 
 2.61400000e-04  1.52983769e-07 
 2.61500000e-04  1.52783926e-07 
 2.61600000e-04  1.38889524e-07 
 2.61700000e-04  1.37638636e-07 
 2.61800000e-04  1.37193420e-07 
 2.61900000e-04  1.36877122e-07 
 2.62000000e-04  1.36693832e-07 
 2.62100000e-04  1.61887712e-07 
 2.62200000e-04  1.60616050e-07 
 2.62300000e-04  1.60333209e-07 
 2.62400000e-04  1.60129132e-07 
 2.62500000e-04  1.60043214e-07 
 2.62600000e-04  1.48509775e-07 
 2.62700000e-04  1.47915512e-07 
 2.62800000e-04  1.47634887e-07 
 2.62900000e-04  1.47422557e-07 
 2.63000000e-04  1.47279980e-07 
 2.63100000e-04  1.99991864e-07 
 2.63200000e-04  1.94210537e-07 
 2.63300000e-04  1.92919320e-07 
 2.63400000e-04  1.91923288e-07 
 2.63500000e-04  1.91649401e-07 
 2.63600000e-04  1.78196910e-07 
 2.63700000e-04  1.77556678e-07 
 2.63800000e-04  1.77240507e-07 
 2.63900000e-04  1.76992759e-07 
 2.64000000e-04  1.76815602e-07 
 2.64100000e-04  1.72665197e-07 
 2.64200000e-04  1.68075743e-07 
 2.64300000e-04  1.67029297e-07 
 2.64400000e-04  1.66213892e-07 
 2.64500000e-04  1.65974075e-07 
 2.64600000e-04  1.53760066e-07 
 2.64700000e-04  1.53121845e-07 
 2.64800000e-04  1.52812051e-07 
 2.64900000e-04  1.52579872e-07 
 2.65000000e-04  1.52427768e-07 
 2.65100000e-04  1.66019058e-07 
 2.65200000e-04  1.65520078e-07 
 2.65300000e-04  1.65364019e-07 
 2.65400000e-04  1.65231046e-07 
 2.65500000e-04  1.65178270e-07 
 2.65600000e-04  1.51587580e-07 
 2.65700000e-04  1.51153833e-07 
 2.65800000e-04  1.50918262e-07 
 2.65900000e-04  1.50741756e-07 
 2.66000000e-04  1.50626184e-07 
 2.66100000e-04  1.66978714e-07 
 2.66200000e-04  1.66731254e-07 
 2.66300000e-04  1.66637423e-07 
 2.66400000e-04  1.66552878e-07 
 2.66500000e-04  1.66497965e-07 
 2.66600000e-04  1.55425956e-07 
 2.66700000e-04  1.55022385e-07 
 2.66800000e-04  1.54821699e-07 
 2.66900000e-04  1.54674620e-07 
 2.67000000e-04  1.54582844e-07 
 2.67100000e-04  1.66082794e-07 
 2.67200000e-04  1.65566156e-07 
 2.67300000e-04  1.65413025e-07 
 2.67400000e-04  1.65282722e-07 
 2.67500000e-04  1.65220809e-07 
 2.67600000e-04  1.51672508e-07 
 2.67700000e-04  1.51174956e-07 
 2.67800000e-04  1.50915232e-07 
 2.67900000e-04  1.50719081e-07 
 2.68000000e-04  1.50588514e-07 
 2.68100000e-04  1.66396172e-07 
 2.68200000e-04  1.66215189e-07 
 2.68300000e-04  1.66134607e-07 
 2.68400000e-04  1.66061056e-07 
 2.68500000e-04  1.66027809e-07 
 2.68600000e-04  1.53641336e-07 
 2.68700000e-04  1.53248769e-07 
 2.68800000e-04  1.53036119e-07 
 2.68900000e-04  1.52887062e-07 
 2.69000000e-04  1.52803608e-07 
 2.69100000e-04  1.66134174e-07 
 2.69200000e-04  1.65904247e-07 
 2.69300000e-04  1.65831821e-07 
 2.69400000e-04  1.65771192e-07 
 2.69500000e-04  1.65752387e-07 
 2.69600000e-04  1.52110056e-07 
 2.69700000e-04  1.51666098e-07 
 2.69800000e-04  1.51426677e-07 
 2.69900000e-04  1.51247771e-07 
 2.70000000e-04  1.51131296e-07 
 2.70100000e-04  1.68006212e-07 
 2.70200000e-04  1.67640976e-07 
 2.70300000e-04  1.67507990e-07 
 2.70400000e-04  1.67389846e-07 
 2.70500000e-04  1.67323392e-07 
 2.70600000e-04  1.57514783e-07 
 2.70700000e-04  1.57122294e-07 
 2.70800000e-04  1.56922089e-07 
 2.70900000e-04  1.56784810e-07 
 2.71000000e-04  1.56712442e-07 
 2.71100000e-04  1.66102112e-07 
 2.71200000e-04  1.65547232e-07 
 2.71300000e-04  1.65378682e-07 
 2.71400000e-04  1.65234100e-07 
 2.71500000e-04  1.65191945e-07 
 2.71600000e-04  1.51639078e-07 
 2.71700000e-04  1.51105879e-07 
 2.71800000e-04  1.50844784e-07 
 2.71900000e-04  1.50645077e-07 
 2.72000000e-04  1.50508697e-07 
 2.72100000e-04  1.66321884e-07 
 2.72200000e-04  1.66151646e-07 
 2.72300000e-04  1.66075435e-07 
 2.72400000e-04  1.66005838e-07 
 2.72500000e-04  1.65970060e-07 
 2.72600000e-04  1.53579420e-07 
 2.72700000e-04  1.53189102e-07 
 2.72800000e-04  1.52984077e-07 
 2.72900000e-04  1.52834111e-07 
 2.73000000e-04  1.52740940e-07 
 2.73100000e-04  1.66058615e-07 
 2.73200000e-04  1.65851023e-07 
 2.73300000e-04  1.65777960e-07 
 2.73400000e-04  1.65714485e-07 
 2.73500000e-04  1.65692194e-07 
 2.73600000e-04  1.52059365e-07 
 2.73700000e-04  1.51616223e-07 
 2.73800000e-04  1.51387436e-07 
 2.73900000e-04  1.51209734e-07 
 2.74000000e-04  1.51084729e-07 
 2.74100000e-04  1.67433895e-07 
 2.74200000e-04  1.67158593e-07 
 2.74300000e-04  1.67059762e-07 
 2.74400000e-04  1.66972702e-07 
 2.74500000e-04  1.66920383e-07 
 2.74600000e-04  1.55822586e-07 
 2.74700000e-04  1.55431905e-07 
 2.74800000e-04  1.55218191e-07 
 2.74900000e-04  1.55072120e-07 
 2.75000000e-04  1.54995824e-07 
 2.75100000e-04  1.66137587e-07 
 2.75200000e-04  1.65904866e-07 
 2.75300000e-04  1.65817326e-07 
 2.75400000e-04  1.65738981e-07 
 2.75500000e-04  1.65709426e-07 
 2.75600000e-04  1.52107078e-07 
 2.75700000e-04  1.51639086e-07 
 2.75800000e-04  1.51383603e-07 
 2.75900000e-04  1.51191336e-07 
 2.76000000e-04  1.51064281e-07 
 2.76100000e-04  1.66900529e-07 
 2.76200000e-04  1.66722715e-07 
 2.76300000e-04  1.66651589e-07 
 2.76400000e-04  1.66588043e-07 
 2.76500000e-04  1.66549925e-07 
 2.76600000e-04  1.54137727e-07 
 2.76700000e-04  1.53742459e-07 
 2.76800000e-04  1.53547175e-07 
 2.76900000e-04  1.53405962e-07 
 2.77000000e-04  1.53320517e-07 
 2.77100000e-04  1.66673086e-07 
 2.77200000e-04  1.66455190e-07 
 2.77300000e-04  1.66380435e-07 
 2.77400000e-04  1.66316296e-07 
 2.77500000e-04  1.66282075e-07 
 2.77600000e-04  1.52618220e-07 
 2.77700000e-04  1.52212221e-07 
 2.77800000e-04  1.51967468e-07 
 2.77900000e-04  1.51780483e-07 
 2.78000000e-04  1.51653081e-07 
 2.78100000e-04  1.69109105e-07 
 2.78200000e-04  1.68607676e-07 
 2.78300000e-04  1.68450259e-07 
 2.78400000e-04  1.68315919e-07 
 2.78500000e-04  1.68249795e-07 
 2.78600000e-04  1.59721577e-07 
 2.78700000e-04  1.59309421e-07 
 2.78800000e-04  1.59121688e-07 
 2.78900000e-04  1.58997336e-07 
 2.79000000e-04  1.58938359e-07 
 2.79100000e-04  1.66276782e-07 
 2.79200000e-04  1.65616143e-07 
 2.79300000e-04  1.65430702e-07 
 2.79400000e-04  1.65276138e-07 
 2.79500000e-04  1.65194950e-07 
 2.79600000e-04  1.51668156e-07 
 2.79700000e-04  1.51114079e-07 
 2.79800000e-04  1.50843673e-07 
 2.79900000e-04  1.50634328e-07 
 2.80000000e-04  1.50487965e-07 
 2.80100000e-04  1.66314158e-07 
 2.80200000e-04  1.66151504e-07 
 2.80300000e-04  1.66065755e-07 
 2.80400000e-04  1.65984958e-07 
 2.80500000e-04  1.65954291e-07 
 2.80600000e-04  1.53560942e-07 
 2.80700000e-04  1.53163801e-07 
 2.80800000e-04  1.52961653e-07 
 2.80900000e-04  1.52815627e-07 
 2.81000000e-04  1.52727484e-07 
 2.81100000e-04  1.66040363e-07 
 2.81200000e-04  1.65839907e-07 
 2.81300000e-04  1.65769305e-07 
 2.81400000e-04  1.65707348e-07 
 2.81500000e-04  1.65678184e-07 
 2.81600000e-04  1.52026439e-07 
 2.81700000e-04  1.51590328e-07 
 2.81800000e-04  1.51350959e-07 
 2.81900000e-04  1.51168176e-07 
 2.82000000e-04  1.51043752e-07 
 2.82100000e-04  1.67415624e-07 
 2.82200000e-04  1.67140708e-07 
 2.82300000e-04  1.67039323e-07 
 2.82400000e-04  1.66949501e-07 
 2.82500000e-04  1.66902463e-07 
 2.82600000e-04  1.55802049e-07 
 2.82700000e-04  1.55407530e-07 
 2.82800000e-04  1.55203987e-07 
 2.82900000e-04  1.55061258e-07 
 2.83000000e-04  1.54981253e-07 
 2.83100000e-04  1.66121204e-07 
 2.83200000e-04  1.65872649e-07 
 2.83300000e-04  1.65787199e-07 
 2.83400000e-04  1.65712883e-07 
 2.83500000e-04  1.65683313e-07 
 2.83600000e-04  1.52076576e-07 
 2.83700000e-04  1.51598929e-07 
 2.83800000e-04  1.51352336e-07 
 2.83900000e-04  1.51164939e-07 
 2.84000000e-04  1.51038593e-07 
 2.84100000e-04  1.66877126e-07 
 2.84200000e-04  1.66718895e-07 
 2.84300000e-04  1.66638982e-07 
 2.84400000e-04  1.66564048e-07 
 2.84500000e-04  1.66534055e-07 
 2.84600000e-04  1.54112316e-07 
 2.84700000e-04  1.53745168e-07 
 2.84800000e-04  1.53535527e-07 
 2.84900000e-04  1.53382921e-07 
 2.85000000e-04  1.53289138e-07 
 2.85100000e-04  1.66644541e-07 
 2.85200000e-04  1.66439400e-07 
 2.85300000e-04  1.66363767e-07 
 2.85400000e-04  1.66296807e-07 
 2.85500000e-04  1.66280306e-07 
 2.85600000e-04  1.52613127e-07 
 2.85700000e-04  1.52172616e-07 
 2.85800000e-04  1.51937476e-07 
 2.85900000e-04  1.51756935e-07 
 2.86000000e-04  1.51632701e-07 
 2.86100000e-04  1.68551034e-07 
 2.86200000e-04  1.68176199e-07 
 2.86300000e-04  1.68040684e-07 
 2.86400000e-04  1.67920557e-07 
 2.86500000e-04  1.67866996e-07 
 2.86600000e-04  1.58034883e-07 
 2.86700000e-04  1.57649901e-07 
 2.86800000e-04  1.57451771e-07 
 2.86900000e-04  1.57320330e-07 
 2.87000000e-04  1.57257668e-07 
 2.87100000e-04  1.66228695e-07 
 2.87200000e-04  1.65962571e-07 
 2.87300000e-04  1.65861498e-07 
 2.87400000e-04  1.65770624e-07 
 2.87500000e-04  1.65731694e-07 
 2.87600000e-04  1.52160903e-07 
 2.87700000e-04  1.51628495e-07 
 2.87800000e-04  1.51382250e-07 
 2.87900000e-04  1.51194203e-07 
 2.88000000e-04  1.51066178e-07 
 2.88100000e-04  1.66896806e-07 
 2.88200000e-04  1.66726181e-07 
 2.88300000e-04  1.66655150e-07 
 2.88400000e-04  1.66591150e-07 
 2.88500000e-04  1.66541765e-07 
 2.88600000e-04  1.54129116e-07 
 2.88700000e-04  1.53742578e-07 
 2.88800000e-04  1.53531037e-07 
 2.88900000e-04  1.53385932e-07 
 2.89000000e-04  1.53309344e-07 
 2.89100000e-04  1.66644706e-07 
 2.89200000e-04  1.66440869e-07 
 2.89300000e-04  1.66370207e-07 
 2.89400000e-04  1.66308397e-07 
 2.89500000e-04  1.66280047e-07 
 2.89600000e-04  1.52625519e-07 
 2.89700000e-04  1.52172107e-07 
 2.89800000e-04  1.51938903e-07 
 2.89900000e-04  1.51760247e-07 
 2.90000000e-04  1.51637844e-07 
 2.90100000e-04  1.68019311e-07 
 2.90200000e-04  1.67737941e-07 
 2.90300000e-04  1.67640769e-07 
 2.90400000e-04  1.67556213e-07 
 2.90500000e-04  1.67503957e-07 
 2.90600000e-04  1.56372907e-07 
 2.90700000e-04  1.55974525e-07 
 2.90800000e-04  1.55775375e-07 
 2.90900000e-04  1.55636215e-07 
 2.91000000e-04  1.55558920e-07 
 2.91100000e-04  1.66728188e-07 
 2.91200000e-04  1.66493154e-07 
 2.91300000e-04  1.66413467e-07 
 2.91400000e-04  1.66343708e-07 
 2.91500000e-04  1.66296735e-07 
 2.91600000e-04  1.52679244e-07 
 2.91700000e-04  1.52185146e-07 
 2.91800000e-04  1.51938834e-07 
 2.91900000e-04  1.51754770e-07 
 2.92000000e-04  1.51634897e-07 
 2.92100000e-04  1.67500625e-07 
 2.92200000e-04  1.67321181e-07 
 2.92300000e-04  1.67244403e-07 
 2.92400000e-04  1.67174701e-07 
 2.92500000e-04  1.67137710e-07 
 2.92600000e-04  1.54697145e-07 
 2.92700000e-04  1.54310099e-07 
 2.92800000e-04  1.54115869e-07 
 2.92900000e-04  1.53971972e-07 
 2.93000000e-04  1.53879974e-07 
 2.93100000e-04  1.67266458e-07 
 2.93200000e-04  1.67062057e-07 
 2.93300000e-04  1.66985543e-07 
 2.93400000e-04  1.66918027e-07 
 2.93500000e-04  1.66886003e-07 
 2.93600000e-04  1.53205958e-07 
 2.93700000e-04  1.52758604e-07 
 2.93800000e-04  1.52524047e-07 
 2.93900000e-04  1.52344816e-07 
 2.94000000e-04  1.52222633e-07 
 2.94100000e-04  1.70229392e-07 
 2.94200000e-04  1.69620711e-07 
 2.94300000e-04  1.69441748e-07 
 2.94400000e-04  1.69291176e-07 
 2.94500000e-04  1.69217087e-07 
 2.94600000e-04  1.61954197e-07 
 2.94700000e-04  1.61554212e-07 
 2.94800000e-04  1.61370309e-07 
 2.94900000e-04  1.61259497e-07 
 2.95000000e-04  1.61224065e-07 
 2.95100000e-04  1.66592654e-07 
 2.95200000e-04  1.65710827e-07 
 2.95300000e-04  1.65483381e-07 
 2.95400000e-04  1.65299354e-07 
 2.95500000e-04  1.65216754e-07 
 2.95600000e-04  1.51710036e-07 
 2.95700000e-04  1.51116460e-07 
 2.95800000e-04  1.50822035e-07 
 2.95900000e-04  1.50613949e-07 
 2.96000000e-04  1.50494905e-07 
 2.96100000e-04  1.66305829e-07 
 2.96200000e-04  1.66129703e-07 
 2.96300000e-04  1.66057554e-07 
 2.96400000e-04  1.65992738e-07 
 2.96500000e-04  1.65934085e-07 
 2.96600000e-04  1.53546259e-07 
 2.96700000e-04  1.53155644e-07 
 2.96800000e-04  1.52957538e-07 
 2.96900000e-04  1.52810245e-07 
 2.97000000e-04  1.52715341e-07 
 2.97100000e-04  1.66038132e-07 
 2.97200000e-04  1.65831763e-07 
 2.97300000e-04  1.65757352e-07 
 2.97400000e-04  1.65692187e-07 
 2.97500000e-04  1.65667886e-07 
 2.97600000e-04  1.52020613e-07 
 2.97700000e-04  1.51578523e-07 
 2.97800000e-04  1.51347067e-07 
 2.97900000e-04  1.51165557e-07 
 2.98000000e-04  1.51035541e-07 
 2.98100000e-04  1.67410143e-07 
 2.98200000e-04  1.67124767e-07 
 2.98300000e-04  1.67027972e-07 
 2.98400000e-04  1.66944312e-07 
 2.98500000e-04  1.66904353e-07 
 2.98600000e-04  1.55778756e-07 
 2.98700000e-04  1.55383558e-07 
 2.98800000e-04  1.55181442e-07 
 2.98900000e-04  1.55040823e-07 
 2.99000000e-04  1.54963619e-07 
 2.99100000e-04  1.66106468e-07 
 2.99200000e-04  1.65860636e-07 
 2.99300000e-04  1.65781831e-07 
 2.99400000e-04  1.65714503e-07 
 2.99500000e-04  1.65675479e-07 
 2.99600000e-04  1.52073946e-07 
 2.99700000e-04  1.51605470e-07 
 2.99800000e-04  1.51356485e-07 
 2.99900000e-04  1.51170165e-07 
 3.00000000e-04  1.51048461e-07 
 3.00100000e-04  1.66873202e-07 
 3.00200000e-04  1.66707367e-07 
 3.00300000e-04  1.66636602e-07 
 3.00400000e-04  1.66572218e-07 
 3.00500000e-04  1.66521263e-07 
 3.00600000e-04  1.54107820e-07 
 3.00700000e-04  1.53719864e-07 
 3.00800000e-04  1.53518961e-07 
 3.00900000e-04  1.53377541e-07 
 3.01000000e-04  1.53297455e-07 
 3.01100000e-04  1.66637361e-07 
 3.01200000e-04  1.66424187e-07 
 3.01300000e-04  1.66352648e-07 
 3.01400000e-04  1.66291062e-07 
 3.01500000e-04  1.66274961e-07 
 3.01600000e-04  1.52611642e-07 
 3.01700000e-04  1.52177905e-07 
 3.01800000e-04  1.51932583e-07 
 3.01900000e-04  1.51750888e-07 
 3.02000000e-04  1.51634801e-07 
 3.02100000e-04  1.68560316e-07 
 3.02200000e-04  1.68158695e-07 
 3.02300000e-04  1.68030955e-07 
 3.02400000e-04  1.67922392e-07 
 3.02500000e-04  1.67860531e-07 
 3.02600000e-04  1.58030099e-07 
 3.02700000e-04  1.57635718e-07 
 3.02800000e-04  1.57446847e-07 
 3.02900000e-04  1.57315235e-07 
 3.03000000e-04  1.57242658e-07 
 3.03100000e-04  1.66217560e-07 
 3.03200000e-04  1.65933777e-07 
 3.03300000e-04  1.65838432e-07 
 3.03400000e-04  1.65755426e-07 
 3.03500000e-04  1.65718166e-07 
 3.03600000e-04  1.52154001e-07 
 3.03700000e-04  1.51620332e-07 
 3.03800000e-04  1.51372554e-07 
 3.03900000e-04  1.51178391e-07 
 3.04000000e-04  1.51039503e-07 
 3.04100000e-04  1.66889789e-07 
 3.04200000e-04  1.66709783e-07 
 3.04300000e-04  1.66639809e-07 
 3.04400000e-04  1.66577611e-07 
 3.04500000e-04  1.66534554e-07 
 3.04600000e-04  1.54110247e-07 
 3.04700000e-04  1.53724898e-07 
 3.04800000e-04  1.53519410e-07 
 3.04900000e-04  1.53379264e-07 
 3.05000000e-04  1.53306493e-07 
 3.05100000e-04  1.66645347e-07 
 3.05200000e-04  1.66435588e-07 
 3.05300000e-04  1.66360534e-07 
 3.05400000e-04  1.66294820e-07 
 3.05500000e-04  1.66271171e-07 
 3.05600000e-04  1.52618901e-07 
 3.05700000e-04  1.52158780e-07 
 3.05800000e-04  1.51929975e-07 
 3.05900000e-04  1.51755849e-07 
 3.06000000e-04  1.51638096e-07 
 3.06100000e-04  1.68029702e-07 
 3.06200000e-04  1.67728592e-07 
 3.06300000e-04  1.67631728e-07 
 3.06400000e-04  1.67549918e-07 
 3.06500000e-04  1.67509660e-07 
 3.06600000e-04  1.56364570e-07 
 3.06700000e-04  1.55967534e-07 
 3.06800000e-04  1.55774500e-07 
 3.06900000e-04  1.55637058e-07 
 3.07000000e-04  1.55556927e-07 
 3.07100000e-04  1.66723625e-07 
 3.07200000e-04  1.66473560e-07 
 3.07300000e-04  1.66397444e-07 
 3.07400000e-04  1.66332963e-07 
 3.07500000e-04  1.66302599e-07 
 3.07600000e-04  1.52654605e-07 
 3.07700000e-04  1.52176634e-07 
 3.07800000e-04  1.51941502e-07 
 3.07900000e-04  1.51757305e-07 
 3.08000000e-04  1.51625567e-07 
 3.08100000e-04  1.69439421e-07 
 3.08200000e-04  1.68921651e-07 
 3.08300000e-04  1.68744772e-07 
 3.08400000e-04  1.68663815e-07 
 3.08500000e-04  1.68613854e-07 
 3.08600000e-04  1.55730404e-07 
 3.08700000e-04  1.55158172e-07 
 3.08800000e-04  1.54907219e-07 
 3.08900000e-04  1.54717658e-07 
 3.09000000e-04  1.54590754e-07 
 3.09100000e-04  1.03754189e-04 
 3.09200000e-04  1.03753774e-04 
 3.09300000e-04  1.03753653e-04 
 3.09400000e-04  1.03753552e-04 
 3.09500000e-04  1.03753512e-04 
 3.09600000e-04  1.03739851e-04 
 3.09700000e-04  1.03739396e-04 
 3.09800000e-04  1.03739140e-04 
 3.09900000e-04  1.03738953e-04 
 3.10000000e-04  1.03738837e-04 
 3.10100000e-04  1.70857770e-07 
 3.10200000e-04  1.70313580e-07 
 3.10300000e-04  1.70150614e-07 
 3.10400000e-04  1.70013159e-07 
 3.10500000e-04  1.69958078e-07 
 3.10600000e-04  1.61371164e-07 
 3.10700000e-04  1.60962653e-07 
 3.10800000e-04  1.60774254e-07 
 3.10900000e-04  1.60658874e-07 
 3.11000000e-04  1.60618782e-07 
 3.11100000e-04  1.67659310e-07 
 3.11200000e-04  1.67279800e-07 
 3.11300000e-04  1.67131049e-07 
 3.11400000e-04  1.66997646e-07 
 3.11500000e-04  1.66955368e-07 
 3.11600000e-04  1.53335672e-07 
 3.11700000e-04  1.52770562e-07 
 3.11800000e-04  1.52498042e-07 
 3.11900000e-04  1.52293339e-07 
 3.12000000e-04  1.52158554e-07 
 3.12100000e-04  1.68074715e-07 
 3.12200000e-04  1.67891337e-07 
 3.12300000e-04  1.67812782e-07 
 3.12400000e-04  1.67741809e-07 
 3.12500000e-04  1.67683308e-07 
 3.12600000e-04  1.55198630e-07 
 3.12700000e-04  1.54814432e-07 
 3.12800000e-04  1.54614283e-07 
 3.12900000e-04  1.54474221e-07 
 3.13000000e-04  1.54396101e-07 
 3.13100000e-04  1.67805442e-07 
 3.13200000e-04  1.67584546e-07 
 3.13300000e-04  1.67509916e-07 
 3.13400000e-04  1.67445640e-07 
 3.13500000e-04  1.67410715e-07 
 3.13600000e-04  1.53693212e-07 
 3.13700000e-04  1.53262607e-07 
 3.13800000e-04  1.53023909e-07 
 3.13900000e-04  1.52844711e-07 
 3.14000000e-04  1.52726848e-07 
 3.14100000e-04  1.69168505e-07 
 3.14200000e-04  1.68881313e-07 
 3.14300000e-04  1.68781925e-07 
 3.14400000e-04  1.68695537e-07 
 3.14500000e-04  1.68636055e-07 
 3.14600000e-04  1.57450303e-07 
 3.14700000e-04  1.57062353e-07 
 3.14800000e-04  1.56869205e-07 
 3.14900000e-04  1.56729069e-07 
 3.15000000e-04  1.56643575e-07 
 3.15100000e-04  1.67888423e-07 
 3.15200000e-04  1.67624993e-07 
 3.15300000e-04  1.67540881e-07 
 3.15400000e-04  1.67469242e-07 
 3.15500000e-04  1.67424735e-07 
 3.15600000e-04  1.53739610e-07 
 3.15700000e-04  1.53256832e-07 
 3.15800000e-04  1.53021484e-07 
 3.15900000e-04  1.52839888e-07 
 3.16000000e-04  1.52713698e-07 
 3.16100000e-04  1.68649287e-07 
 3.16200000e-04  1.68458199e-07 
 3.16300000e-04  1.68380661e-07 
 3.16400000e-04  1.68311621e-07 
 3.16500000e-04  1.68267373e-07 
 3.16600000e-04  1.55781970e-07 
 3.16700000e-04  1.55394431e-07 
 3.16800000e-04  1.55195188e-07 
 3.16900000e-04  1.55054386e-07 
 3.17000000e-04  1.54973828e-07 
 3.17100000e-04  1.68405566e-07 
 3.17200000e-04  1.68196588e-07 
 3.17300000e-04  1.68118233e-07 
 3.17400000e-04  1.68048959e-07 
 3.17500000e-04  1.68011436e-07 
 3.17600000e-04  1.54260958e-07 
 3.17700000e-04  1.53820680e-07 
 3.17800000e-04  1.53602609e-07 
 3.17900000e-04  1.53431614e-07 
 3.18000000e-04  1.53309133e-07 
 3.18100000e-04  1.70315982e-07 
 3.18200000e-04  1.69931153e-07 
 3.18300000e-04  1.69794701e-07 
 3.18400000e-04  1.69674410e-07 
 3.18500000e-04  1.69611677e-07 
 3.18600000e-04  1.59684980e-07 
 3.18700000e-04  1.59303355e-07 
 3.18800000e-04  1.59116713e-07 
 3.18900000e-04  1.58990729e-07 
 3.19000000e-04  1.58927271e-07 
 3.19100000e-04  1.68002489e-07 
 3.19200000e-04  1.67709471e-07 
 3.19300000e-04  1.67603976e-07 
 3.19400000e-04  1.67510862e-07 
 3.19500000e-04  1.67481277e-07 
 3.19600000e-04  1.53802616e-07 
 3.19700000e-04  1.53304736e-07 
 3.19800000e-04  1.53046540e-07 
 3.19900000e-04  1.52853255e-07 
 3.20000000e-04  1.52726887e-07 
 3.20100000e-04  1.68664452e-07 
 3.20200000e-04  1.68478305e-07 
 3.20300000e-04  1.68403040e-07 
 3.20400000e-04  1.68336060e-07 
 3.20500000e-04  1.68284263e-07 
 3.20600000e-04  1.55786903e-07 
 3.20700000e-04  1.55384091e-07 
 3.20800000e-04  1.55193985e-07 
 3.20900000e-04  1.55055306e-07 
 3.21000000e-04  1.54969632e-07 
 3.21100000e-04  1.68409696e-07 
 3.21200000e-04  1.68195625e-07 
 3.21300000e-04  1.68114686e-07 
 3.21400000e-04  1.68042929e-07 
 3.21500000e-04  1.68015006e-07 
 3.21600000e-04  1.54259241e-07 
 3.21700000e-04  1.53843832e-07 
 3.21800000e-04  1.53612979e-07 
 3.21900000e-04  1.53432297e-07 
 3.22000000e-04  1.53303317e-07 
 3.22100000e-04  1.69784478e-07 
 3.22200000e-04  1.69497187e-07 
 3.22300000e-04  1.69394246e-07 
 3.22400000e-04  1.69303772e-07 
 3.22500000e-04  1.69257345e-07 
 3.22600000e-04  1.58026050e-07 
 3.22700000e-04  1.57644198e-07 
 3.22800000e-04  1.57446725e-07 
 3.22900000e-04  1.57315344e-07 
 3.23000000e-04  1.57252096e-07 
 3.23100000e-04  1.68504144e-07 
 3.23200000e-04  1.68251592e-07 
 3.23300000e-04  1.68161189e-07 
 3.23400000e-04  1.68081562e-07 
 3.23500000e-04  1.68050575e-07 
 3.23600000e-04  1.54323682e-07 
 3.23700000e-04  1.53860219e-07 
 3.23800000e-04  1.53616552e-07 
 3.23900000e-04  1.53430705e-07 
 3.24000000e-04  1.53304452e-07 
 3.24100000e-04  1.69260235e-07 
 3.24200000e-04  1.69073452e-07 
 3.24300000e-04  1.68999746e-07 
 3.24400000e-04  1.68934010e-07 
 3.24500000e-04  1.68897059e-07 
 3.24600000e-04  1.56368897e-07 
 3.24700000e-04  1.55973385e-07 
 3.24800000e-04  1.55791200e-07 
 3.24900000e-04  1.55650649e-07 
 3.25000000e-04  1.55552993e-07 
 3.25100000e-04  1.69025749e-07 
 3.25200000e-04  1.68808383e-07 
 3.25300000e-04  1.68734394e-07 
 3.25400000e-04  1.68670581e-07 
 3.25500000e-04  1.68627844e-07 
 3.25600000e-04  1.54840603e-07 
 3.25700000e-04  1.54426809e-07 
 3.25800000e-04  1.54195134e-07 
 3.25900000e-04  1.54021885e-07 
 3.26000000e-04  1.53908852e-07 
 3.26100000e-04  1.72533071e-07 
 3.26200000e-04  1.71798623e-07 
 3.26300000e-04  1.71587797e-07 
 3.26400000e-04  1.71412241e-07 
 3.26500000e-04  1.71331118e-07 
 3.26600000e-04  1.65244295e-07 
 3.26700000e-04  1.64882678e-07 
 3.26800000e-04  1.64707172e-07 
 3.26900000e-04  1.64604427e-07 
 3.27000000e-04  1.64576688e-07 
 3.27100000e-04  1.67797484e-07 
 3.27200000e-04  1.66872085e-07 
 3.27300000e-04  1.66633198e-07 
 3.27400000e-04  1.66437688e-07 
 3.27500000e-04  1.66338324e-07 
 3.27600000e-04  1.52817335e-07 
 3.27700000e-04  1.52194214e-07 
 3.27800000e-04  1.51909133e-07 
 3.27900000e-04  1.51700912e-07 
 3.28000000e-04  1.51571927e-07 
 3.28100000e-04  1.67461130e-07 
 3.28200000e-04  1.67288654e-07 
 3.28300000e-04  1.67204795e-07 
 3.28400000e-04  1.67127240e-07 
 3.28500000e-04  1.67069521e-07 
 3.28600000e-04  1.54601366e-07 
 3.28700000e-04  1.54226432e-07 
 3.28800000e-04  1.54026198e-07 
 3.28900000e-04  1.53880324e-07 
 3.29000000e-04  1.53790470e-07 
 3.29100000e-04  1.67175989e-07 
 3.29200000e-04  1.66965889e-07 
 3.29300000e-04  1.66888797e-07 
 3.29400000e-04  1.66820795e-07 
 3.29500000e-04  1.66786947e-07 
 3.29600000e-04  1.53097237e-07 
 3.29700000e-04  1.52663656e-07 
 3.29800000e-04  1.52429095e-07 
 3.29900000e-04  1.52247672e-07 
 3.30000000e-04  1.52121011e-07 
 3.30100000e-04  1.68554657e-07 
 3.30200000e-04  1.68273472e-07 
 3.30300000e-04  1.68169563e-07 
 3.30400000e-04  1.68077631e-07 
 3.30500000e-04  1.68015251e-07 
 3.30600000e-04  1.56856453e-07 
 3.30700000e-04  1.56468496e-07 
 3.30800000e-04  1.56264310e-07 
 3.30900000e-04  1.56127041e-07 
 3.31000000e-04  1.56058741e-07 
 3.31100000e-04  1.67255667e-07 
 3.31200000e-04  1.67004297e-07 
 3.31300000e-04  1.66914342e-07 
 3.31400000e-04  1.66835203e-07 
 3.31500000e-04  1.66797198e-07 
 3.31600000e-04  1.53144871e-07 
 3.31700000e-04  1.52666653e-07 
 3.31800000e-04  1.52423941e-07 
 3.31900000e-04  1.52244052e-07 
 3.32000000e-04  1.52128912e-07 
 3.32100000e-04  1.68011774e-07 
 3.32200000e-04  1.67845360e-07 
 3.32300000e-04  1.67763312e-07 
 3.32400000e-04  1.67686842e-07 
 3.32500000e-04  1.67653483e-07 
 3.32600000e-04  1.55184046e-07 
 3.32700000e-04  1.54804787e-07 
 3.32800000e-04  1.54602047e-07 
 3.32900000e-04  1.54451678e-07 
 3.33000000e-04  1.54355273e-07 
 3.33100000e-04  1.67772886e-07 
 3.33200000e-04  1.67550535e-07 
 3.33300000e-04  1.67480830e-07 
 3.33400000e-04  1.67421954e-07 
 3.33500000e-04  1.67398468e-07 
 3.33600000e-04  1.53669854e-07 
 3.33700000e-04  1.53226866e-07 
 3.33800000e-04  1.53003857e-07 
 3.33900000e-04  1.52832941e-07 
 3.34000000e-04  1.52715636e-07 
 3.34100000e-04  1.72145213e-07 
 3.34200000e-04  1.71130248e-07 
 3.34300000e-04  1.70812223e-07 
 3.34400000e-04  1.70690009e-07 
 3.34500000e-04  1.70631065e-07 
 3.34600000e-04  1.60290573e-07 
 3.34700000e-04  1.59738596e-07 
 3.34800000e-04  1.59487365e-07 
 3.34900000e-04  1.59299210e-07 
 3.35000000e-04  1.59175412e-07 
 3.35100000e-04  1.03754285e-04 
 3.35200000e-04  1.03753807e-04 
 3.35300000e-04  1.03753666e-04 
 3.35400000e-04  1.03753546e-04 
 3.35500000e-04  1.03753501e-04 
 3.35600000e-04  1.03739866e-04 
 3.35700000e-04  1.03739336e-04 
 3.35800000e-04  1.03739068e-04 
 3.35900000e-04  1.03738871e-04 
 3.36000000e-04  1.03738745e-04 
 3.36100000e-04  1.69196672e-07 
 3.36200000e-04  1.68976006e-07 
 3.36300000e-04  1.68885356e-07 
 3.36400000e-04  1.68803918e-07 
 3.36500000e-04  1.68762208e-07 
 3.36600000e-04  1.56272801e-07 
 3.36700000e-04  1.55884759e-07 
 3.36800000e-04  1.55681455e-07 
 3.36900000e-04  1.55540810e-07 
 3.37000000e-04  1.55464740e-07 
 3.37100000e-04  1.68924283e-07 
 3.37200000e-04  1.68704602e-07 
 3.37300000e-04  1.68631863e-07 
 3.37400000e-04  1.68569545e-07 
 3.37500000e-04  1.68542877e-07 
 3.37600000e-04  1.54758021e-07 
 3.37700000e-04  1.54321774e-07 
 3.37800000e-04  1.54097669e-07 
 3.37900000e-04  1.53925966e-07 
 3.38000000e-04  1.53808257e-07 
 3.38100000e-04  1.70306011e-07 
 3.38200000e-04  1.70009538e-07 
 3.38300000e-04  1.69899414e-07 
 3.38400000e-04  1.69802242e-07 
 3.38500000e-04  1.69755525e-07 
 3.38600000e-04  1.58513959e-07 
 3.38700000e-04  1.58147545e-07 
 3.38800000e-04  1.57955928e-07 
 3.38900000e-04  1.57814463e-07 
 3.39000000e-04  1.57724669e-07 
 3.39100000e-04  1.69022617e-07 
 3.39200000e-04  1.68769646e-07 
 3.39300000e-04  1.68678204e-07 
 3.39400000e-04  1.68597610e-07 
 3.39500000e-04  1.68556204e-07 
 3.39600000e-04  1.54803203e-07 
 3.39700000e-04  1.54331033e-07 
 3.39800000e-04  1.54097717e-07 
 3.39900000e-04  1.53922709e-07 
 3.40000000e-04  1.53807783e-07 
 3.40100000e-04  1.69784013e-07 
 3.40200000e-04  1.69602232e-07 
 3.40300000e-04  1.69522477e-07 
 3.40400000e-04  1.69449843e-07 
 3.40500000e-04  1.69391791e-07 
 3.40600000e-04  1.56830708e-07 
 3.40700000e-04  1.56465122e-07 
 3.40800000e-04  1.56263733e-07 
 3.40900000e-04  1.56122542e-07 
 3.41000000e-04  1.56043383e-07 
 3.41100000e-04  1.69554214e-07 
 3.41200000e-04  1.69320463e-07 
 3.41300000e-04  1.69243294e-07 
 3.41400000e-04  1.69177828e-07 
 3.41500000e-04  1.69129963e-07 
 3.41600000e-04  1.55331509e-07 
 3.41700000e-04  1.54918846e-07 
 3.41800000e-04  1.54683037e-07 
 3.41900000e-04  1.54504556e-07 
 3.42000000e-04  1.54385141e-07 
 3.42100000e-04  1.71986909e-07 
 3.42200000e-04  1.71477699e-07 
 3.42300000e-04  1.71311685e-07 
 3.42400000e-04  1.71168308e-07 
 3.42500000e-04  1.71105651e-07 
 3.42600000e-04  1.62410421e-07 
 3.42700000e-04  1.62031217e-07 
 3.42800000e-04  1.61854518e-07 
 3.42900000e-04  1.61743687e-07 
 3.43000000e-04  1.61700735e-07 
 3.43100000e-04  1.68801438e-07 
 3.43200000e-04  1.68408911e-07 
 3.43300000e-04  1.68256442e-07 
 3.43400000e-04  1.68119964e-07 
 3.43500000e-04  1.68074121e-07 
 3.43600000e-04  1.54386272e-07 
 3.43700000e-04  1.53846411e-07 
 3.43800000e-04  1.53574921e-07 
 3.43900000e-04  1.53370787e-07 
 3.44000000e-04  1.53236066e-07 
 3.44100000e-04  1.69215567e-07 
 3.44200000e-04  1.69015611e-07 
 3.44300000e-04  1.68931597e-07 
 3.44400000e-04  1.68856334e-07 
 3.44500000e-04  1.68820664e-07 
 3.44600000e-04  1.56262945e-07 
 3.44700000e-04  1.55882237e-07 
 3.44800000e-04  1.55689639e-07 
 3.44900000e-04  1.55553871e-07 
 3.45000000e-04  1.55476657e-07 
 3.45100000e-04  1.68943590e-07 
 3.45200000e-04  1.68712497e-07 
 3.45300000e-04  1.68637422e-07 
 3.45400000e-04  1.68574000e-07 
 3.45500000e-04  1.68550348e-07 
 3.45600000e-04  1.54753916e-07 
 3.45700000e-04  1.54313388e-07 
 3.45800000e-04  1.54088049e-07 
 3.45900000e-04  1.53911660e-07 
 3.46000000e-04  1.53785692e-07 
 3.46100000e-04  1.70312551e-07 
 3.46200000e-04  1.70010637e-07 
 3.46300000e-04  1.69910120e-07 
 3.46400000e-04  1.69824071e-07 
 3.46500000e-04  1.69768509e-07 
 3.46600000e-04  1.58494327e-07 
 3.46700000e-04  1.58128267e-07 
 3.46800000e-04  1.57938791e-07 
 3.46900000e-04  1.57809345e-07 
 3.47000000e-04  1.57741749e-07 
 3.47100000e-04  1.69020619e-07 
 3.47200000e-04  1.68767309e-07 
 3.47300000e-04  1.68675816e-07 
 3.47400000e-04  1.68595140e-07 
 3.47500000e-04  1.68561802e-07 
 3.47600000e-04  1.54785440e-07 
 3.47700000e-04  1.54343449e-07 
 3.47800000e-04  1.54096690e-07 
 3.47900000e-04  1.53915347e-07 
 3.48000000e-04  1.53801412e-07 
 3.48100000e-04  1.69778935e-07 
 3.48200000e-04  1.69602462e-07 
 3.48300000e-04  1.69520660e-07 
 3.48400000e-04  1.69445494e-07 
 3.48500000e-04  1.69400762e-07 
 3.48600000e-04  1.56826039e-07 
 3.48700000e-04  1.56463963e-07 
 3.48800000e-04  1.56264372e-07 
 3.48900000e-04  1.56122416e-07 
 3.49000000e-04  1.56039839e-07 
 3.49100000e-04  1.69558939e-07 
 3.49200000e-04  1.69326445e-07 
 3.49300000e-04  1.69247523e-07 
 3.49400000e-04  1.69179990e-07 
 3.49500000e-04  1.69129438e-07 
 3.49600000e-04  1.55314220e-07 
 3.49700000e-04  1.54913956e-07 
 3.49800000e-04  1.54682340e-07 
 3.49900000e-04  1.54508024e-07 
 3.50000000e-04  1.54392744e-07 
 3.50100000e-04  1.71449430e-07 
 3.50200000e-04  1.71050547e-07 
 3.50300000e-04  1.70914685e-07 
 3.50400000e-04  1.70796443e-07 
 3.50500000e-04  1.70745991e-07 
 3.50600000e-04  1.60741374e-07 
 3.50700000e-04  1.60356916e-07 
 3.50800000e-04  1.60187113e-07 
 3.50900000e-04  1.60070776e-07 
 3.51000000e-04  1.60009517e-07 
 3.51100000e-04  1.69143523e-07 
 3.51200000e-04  1.68832855e-07 
 3.51300000e-04  1.68734724e-07 
 3.51400000e-04  1.68651176e-07 
 3.51500000e-04  1.68613077e-07 
 3.51600000e-04  1.54865996e-07 
 3.51700000e-04  1.54369787e-07 
 3.51800000e-04  1.54113404e-07 
 3.51900000e-04  1.53922128e-07 
 3.52000000e-04  1.53797938e-07 
 3.52100000e-04  1.69805647e-07 
 3.52200000e-04  1.69604078e-07 
 3.52300000e-04  1.69520513e-07 
 3.52400000e-04  1.69446026e-07 
 3.52500000e-04  1.69408426e-07 
 3.52600000e-04  1.56846509e-07 
 3.52700000e-04  1.56468701e-07 
 3.52800000e-04  1.56270034e-07 
 3.52900000e-04  1.56133138e-07 
 3.53000000e-04  1.56059887e-07 
 3.53100000e-04  1.69545067e-07 
 3.53200000e-04  1.69323108e-07 
 3.53300000e-04  1.69242367e-07 
 3.53400000e-04  1.69171550e-07 
 3.53500000e-04  1.69152130e-07 
 3.53600000e-04  1.55316823e-07 
 3.53700000e-04  1.54914655e-07 
 3.53800000e-04  1.54675615e-07 
 3.53900000e-04  1.54498116e-07 
 3.54000000e-04  1.54384020e-07 
 3.54100000e-04  1.70929343e-07 
 3.54200000e-04  1.70623266e-07 
 3.54300000e-04  1.70515956e-07 
 3.54400000e-04  1.70422798e-07 
 3.54500000e-04  1.70376145e-07 
 3.54600000e-04  1.59080653e-07 
 3.54700000e-04  1.58707516e-07 
 3.54800000e-04  1.58517060e-07 
 3.54900000e-04  1.58391183e-07 
 3.55000000e-04  1.58331842e-07 
 3.55100000e-04  1.69628722e-07 
 3.55200000e-04  1.69380986e-07 
 3.55300000e-04  1.69283205e-07 
 3.55400000e-04  1.69194928e-07 
 3.55500000e-04  1.69160872e-07 
 3.55600000e-04  1.55376942e-07 
 3.55700000e-04  1.54931690e-07 
 3.55800000e-04  1.54691861e-07 
 3.55900000e-04  1.54515007e-07 
 3.56000000e-04  1.54403034e-07 
 3.56100000e-04  1.70401047e-07 
 3.56200000e-04  1.70207353e-07 
 3.56300000e-04  1.70131116e-07 
 3.56400000e-04  1.70063407e-07 
 3.56500000e-04  1.70003661e-07 
 3.56600000e-04  1.57409698e-07 
 3.56700000e-04  1.57056603e-07 
 3.56800000e-04  1.56858141e-07 
 3.56900000e-04  1.56717012e-07 
 3.57000000e-04  1.56634945e-07 
 3.57100000e-04  1.70176664e-07 
 3.57200000e-04  1.69934552e-07 
 3.57300000e-04  1.69860092e-07 
 3.57400000e-04  1.69798038e-07 
 3.57500000e-04  1.69768689e-07 
 3.57600000e-04  1.55909399e-07 
 3.57700000e-04  1.55506311e-07 
 3.57800000e-04  1.55275125e-07 
 3.57900000e-04  1.55102967e-07 
 3.58000000e-04  1.54991621e-07 
 3.58100000e-04  1.73138226e-07 
 3.58200000e-04  1.72523173e-07 
 3.58300000e-04  1.72328581e-07 
 3.58400000e-04  1.72161578e-07 
 3.58500000e-04  1.72081165e-07 
 3.58600000e-04  1.64650862e-07 
 3.58700000e-04  1.64295439e-07 
 3.58800000e-04  1.64111557e-07 
 3.58900000e-04  1.64005573e-07 
 3.59000000e-04  1.63979864e-07 
 3.59100000e-04  1.69428785e-07 
 3.59200000e-04  1.68634113e-07 
 3.59300000e-04  1.68394019e-07 
 3.59400000e-04  1.68191283e-07 
 3.59500000e-04  1.68102447e-07 
 3.59600000e-04  1.54454947e-07 
 3.59700000e-04  1.53865968e-07 
 3.59800000e-04  1.53592387e-07 
 3.59900000e-04  1.53383847e-07 
 3.60000000e-04  1.53242318e-07 
 3.60100000e-04  1.69235634e-07 
 3.60200000e-04  1.69046565e-07 
 3.60300000e-04  1.68952514e-07 
 3.60400000e-04  1.68865110e-07 
 3.60500000e-04  1.68823299e-07 
 3.60600000e-04  1.56268225e-07 
 3.60700000e-04  1.55890999e-07 
 3.60800000e-04  1.55695279e-07 
 3.60900000e-04  1.55555273e-07 
 3.61000000e-04  1.55472653e-07 
 3.61100000e-04  1.68948165e-07 
 3.61200000e-04  1.68725843e-07 
 3.61300000e-04  1.68648627e-07 
 3.61400000e-04  1.68581561e-07 
 3.61500000e-04  1.68554727e-07 
 3.61600000e-04  1.54742104e-07 
 3.61700000e-04  1.54316130e-07 
 3.61800000e-04  1.54095355e-07 
 3.61900000e-04  1.53925498e-07 
 3.62000000e-04  1.53808074e-07 
 3.62100000e-04  1.70321656e-07 
 3.62200000e-04  1.70035928e-07 
 3.62300000e-04  1.69924572e-07 
 3.62400000e-04  1.69825119e-07 
 3.62500000e-04  1.69758456e-07 
 3.62600000e-04  1.58503839e-07 
 3.62700000e-04  1.58122103e-07 
 3.62800000e-04  1.57930255e-07 
 3.62900000e-04  1.57797048e-07 
 3.63000000e-04  1.57724248e-07 
 3.63100000e-04  1.69016968e-07 
 3.63200000e-04  1.68752919e-07 
 3.63300000e-04  1.68666525e-07 
 3.63400000e-04  1.68592306e-07 
 3.63500000e-04  1.68565260e-07 
 3.63600000e-04  1.54803845e-07 
 3.63700000e-04  1.54338539e-07 
 3.63800000e-04  1.54096448e-07 
 3.63900000e-04  1.53915129e-07 
 3.64000000e-04  1.53796407e-07 
 3.64100000e-04  1.69786625e-07 
 3.64200000e-04  1.69609526e-07 
 3.64300000e-04  1.69519599e-07 
 3.64400000e-04  1.69435388e-07 
 3.64500000e-04  1.69402824e-07 
 3.64600000e-04  1.56826280e-07 
 3.64700000e-04  1.56462562e-07 
 3.64800000e-04  1.56259041e-07 
 3.64900000e-04  1.56124466e-07 
 3.65000000e-04  1.56060926e-07 
 3.65100000e-04  1.69550432e-07 
 3.65200000e-04  1.69321146e-07 
 3.65300000e-04  1.69236501e-07 
 3.65400000e-04  1.69162359e-07 
 3.65500000e-04  1.69141294e-07 
 3.65600000e-04  1.55329677e-07 
 3.65700000e-04  1.54899503e-07 
 3.65800000e-04  1.54675932e-07 
 3.65900000e-04  1.54505068e-07 
 3.66000000e-04  1.54388484e-07 
 3.66100000e-04  1.71451209e-07 
 3.66200000e-04  1.71048144e-07 
 3.66300000e-04  1.70913834e-07 
 3.66400000e-04  1.70797617e-07 
 3.66500000e-04  1.70730969e-07 
 3.66600000e-04  1.60744486e-07 
 3.66700000e-04  1.60379941e-07 
 3.66800000e-04  1.60182733e-07 
 3.66900000e-04  1.60056397e-07 
 3.67000000e-04  1.60003079e-07 
 3.67100000e-04  1.69141714e-07 
 3.67200000e-04  1.68844844e-07 
 3.67300000e-04  1.68739000e-07 
 3.67400000e-04  1.68645827e-07 
 3.67500000e-04  1.68605379e-07 
 3.67600000e-04  1.54854032e-07 
 3.67700000e-04  1.54353053e-07 
 3.67800000e-04  1.54104220e-07 
 3.67900000e-04  1.53918950e-07 
 3.68000000e-04  1.53799158e-07 
 3.68100000e-04  1.69809454e-07 
 3.68200000e-04  1.69630606e-07 
 3.68300000e-04  1.69544680e-07 
 3.68400000e-04  1.69465214e-07 
 3.68500000e-04  1.69423137e-07 
 3.68600000e-04  1.56851291e-07 
 3.68700000e-04  1.56466137e-07 
 3.68800000e-04  1.56264513e-07 
 3.68900000e-04  1.56130086e-07 
 3.69000000e-04  1.56064884e-07 
 3.69100000e-04  1.69549170e-07 
 3.69200000e-04  1.69330313e-07 
 3.69300000e-04  1.69247474e-07 
 3.69400000e-04  1.69174148e-07 
 3.69500000e-04  1.69141589e-07 
 3.69600000e-04  1.55336022e-07 
 3.69700000e-04  1.54912129e-07 
 3.69800000e-04  1.54679429e-07 
 3.69900000e-04  1.54506115e-07 
 3.70000000e-04  1.54393966e-07 
 3.70100000e-04  1.70924938e-07 
 3.70200000e-04  1.70638773e-07 
 3.70300000e-04  1.70530405e-07 
 3.70400000e-04  1.70433594e-07 
 3.70500000e-04  1.70377424e-07 
 3.70600000e-04  1.59091141e-07 
 3.70700000e-04  1.58727957e-07 
 3.70800000e-04  1.58533185e-07 
 3.70900000e-04  1.58400540e-07 
 3.71000000e-04  1.58331888e-07 
 3.71100000e-04  1.69631737e-07 
 3.71200000e-04  1.69371746e-07 
 3.71300000e-04  1.69286632e-07 
 3.71400000e-04  1.69213064e-07 
 3.71500000e-04  1.69182107e-07 
 3.71600000e-04  1.55372832e-07 
 3.71700000e-04  1.54929446e-07 
 3.71800000e-04  1.54683381e-07 
 3.71900000e-04  1.54500384e-07 
 3.72000000e-04  1.54382349e-07 
 3.72100000e-04  1.70415012e-07 
 3.72200000e-04  1.70226891e-07 
 3.72300000e-04  1.70142802e-07 
 3.72400000e-04  1.70066289e-07 
 3.72500000e-04  1.70016208e-07 
 3.72600000e-04  1.57433018e-07 
 3.72700000e-04  1.57056783e-07 
 3.72800000e-04  1.56853553e-07 
 3.72900000e-04  1.56711154e-07 
 3.73000000e-04  1.56631407e-07 
 3.73100000e-04  1.70172592e-07 
 3.73200000e-04  1.69939966e-07 
 3.73300000e-04  1.69863273e-07 
 3.73400000e-04  1.69797819e-07 
 3.73500000e-04  1.69754821e-07 
 3.73600000e-04  1.55915039e-07 
 3.73700000e-04  1.55490605e-07 
 3.73800000e-04  1.55261568e-07 
 3.73900000e-04  1.55089091e-07 
 3.74000000e-04  1.54974861e-07 
 3.74100000e-04  1.72604806e-07 
 3.74200000e-04  1.72103007e-07 
 3.74300000e-04  1.71935831e-07 
 3.74400000e-04  1.71790685e-07 
 3.74500000e-04  1.71729612e-07 
 3.74600000e-04  1.63011545e-07 
 3.74700000e-04  1.62615773e-07 
 3.74800000e-04  1.62437134e-07 
 3.74900000e-04  1.62327667e-07 
 3.75000000e-04  1.62289350e-07 
 3.75100000e-04  1.71696063e-07 
 3.75200000e-04  1.70667812e-07 
 3.75300000e-04  1.70311338e-07 
 3.75400000e-04  1.70144907e-07 
 3.75500000e-04  1.70039884e-07 
 3.75600000e-04  1.55839990e-07 
 3.75700000e-04  1.55111451e-07 
 3.75800000e-04  1.54826819e-07 
 3.75900000e-04  1.54620903e-07 
 3.76000000e-04  1.54495277e-07 
 3.76100000e-04  1.03756765e-04 
 3.76200000e-04  1.03756392e-04 
 3.76300000e-04  1.03756262e-04 
 3.76400000e-04  1.03756148e-04 
 3.76500000e-04  1.03756085e-04 
 3.76600000e-04  1.03743511e-04 
 3.76700000e-04  1.03743121e-04 
 3.76800000e-04  1.03742916e-04 
 3.76900000e-04  1.03742772e-04 
 3.77000000e-04  1.03742693e-04 
 3.77100000e-04  1.70730369e-07 
 3.77200000e-04  1.70451583e-07 
 3.77300000e-04  1.70360227e-07 
 3.77400000e-04  1.70282344e-07 
 3.77500000e-04  1.70256049e-07 
 3.77600000e-04  1.56436881e-07 
 3.77700000e-04  1.55993065e-07 
 3.77800000e-04  1.55770907e-07 
 3.77900000e-04  1.55605976e-07 
 3.78000000e-04  1.55499972e-07 
 3.78100000e-04  1.72087182e-07 
 3.78200000e-04  1.71794516e-07 
 3.78300000e-04  1.71679550e-07 
 3.78400000e-04  1.71576670e-07 
 3.78500000e-04  1.71521739e-07 
 3.78600000e-04  1.60186402e-07 
 3.78700000e-04  1.59799962e-07 
 3.78800000e-04  1.59621657e-07 
 3.78900000e-04  1.59500004e-07 
 3.79000000e-04  1.59436690e-07 
 3.79100000e-04  1.70805277e-07 
 3.79200000e-04  1.70525319e-07 
 3.79300000e-04  1.70426905e-07 
 3.79400000e-04  1.70341225e-07 
 3.79500000e-04  1.70314549e-07 
 3.79600000e-04  1.56452118e-07 
 3.79700000e-04  1.56015499e-07 
 3.79800000e-04  1.55775697e-07 
 3.79900000e-04  1.55601274e-07 
 3.80000000e-04  1.55494190e-07 
 3.80100000e-04  1.71562722e-07 
 3.80200000e-04  1.71351490e-07 
 3.80300000e-04  1.71275093e-07 
 3.80400000e-04  1.71208831e-07 
 3.80500000e-04  1.71166906e-07 
 3.80600000e-04  1.58496240e-07 
 3.80700000e-04  1.58131815e-07 
 3.80800000e-04  1.57939429e-07 
 3.80900000e-04  1.57808240e-07 
 3.81000000e-04  1.57740072e-07 
 3.81100000e-04  1.71314309e-07 
 3.81200000e-04  1.71091551e-07 
 3.81300000e-04  1.71004575e-07 
 3.81400000e-04  1.70926474e-07 
 3.81500000e-04  1.70888285e-07 
 3.81600000e-04  1.56978222e-07 
 3.81700000e-04  1.56581356e-07 
 3.81800000e-04  1.56350873e-07 
 3.81900000e-04  1.56181499e-07 
 3.82000000e-04  1.56075057e-07 
 3.82100000e-04  1.73238058e-07 
 3.82200000e-04  1.72819315e-07 
 3.82300000e-04  1.72674700e-07 
 3.82400000e-04  1.72548608e-07 
 3.82500000e-04  1.72495194e-07 
 3.82600000e-04  1.62406792e-07 
 3.82700000e-04  1.62042497e-07 
 3.82800000e-04  1.61869335e-07 
 3.82900000e-04  1.61751956e-07 
 3.83000000e-04  1.61692011e-07 
 3.83100000e-04  1.70903928e-07 
 3.83200000e-04  1.70601637e-07 
 3.83300000e-04  1.70491606e-07 
 3.83400000e-04  1.70394242e-07 
 3.83500000e-04  1.70358345e-07 
 3.83600000e-04  1.56519526e-07 
 3.83700000e-04  1.56032068e-07 
 3.83800000e-04  1.55795472e-07 
 3.83900000e-04  1.55615310e-07 
 3.84000000e-04  1.55493140e-07 
 3.84100000e-04  1.73523578e-07 
 3.84200000e-04  1.72970578e-07 
 3.84300000e-04  1.72784424e-07 
 3.84400000e-04  1.72699101e-07 
 3.84500000e-04  1.72646360e-07 
 3.84600000e-04  1.59519531e-07 
 3.84700000e-04  1.58985090e-07 
 3.84800000e-04  1.58749713e-07 
 3.84900000e-04  1.58573108e-07 
 3.85000000e-04  1.58456416e-07 
 3.85100000e-04  1.03758265e-04 
 3.85200000e-04  1.03757835e-04 
 3.85300000e-04  1.03757703e-04 
 3.85400000e-04  1.03757591e-04 
 3.85500000e-04  1.03757563e-04 
 3.85600000e-04  1.03743654e-04 
 3.85700000e-04  1.03743234e-04 
 3.85800000e-04  1.03743005e-04 
 3.85900000e-04  1.03742836e-04 
 3.86000000e-04  1.03742727e-04 
 3.86100000e-04  1.73864067e-07 
 3.86200000e-04  1.73536571e-07 
 3.86300000e-04  1.73404201e-07 
 3.86400000e-04  1.73284412e-07 
 3.86500000e-04  1.73233336e-07 
 3.86600000e-04  1.61839771e-07 
 3.86700000e-04  1.61461940e-07 
 3.86800000e-04  1.61280207e-07 
 3.86900000e-04  1.61157157e-07 
 3.87000000e-04  1.61094531e-07 
 3.87100000e-04  1.72554568e-07 
 3.87200000e-04  1.72275009e-07 
 3.87300000e-04  1.72182291e-07 
 3.87400000e-04  1.72102118e-07 
 3.87500000e-04  1.72059943e-07 
 3.87600000e-04  1.58129619e-07 
 3.87700000e-04  1.57684619e-07 
 3.87800000e-04  1.57446092e-07 
 3.87900000e-04  1.57273607e-07 
 3.88000000e-04  1.57169136e-07 
 3.88100000e-04  1.73327323e-07 
 3.88200000e-04  1.73123253e-07 
 3.88300000e-04  1.73038213e-07 
 3.88400000e-04  1.72961924e-07 
 3.88500000e-04  1.72905582e-07 
 3.88600000e-04  1.60147220e-07 
 3.88700000e-04  1.59809706e-07 
 3.88800000e-04  1.59618462e-07 
 3.88900000e-04  1.59488371e-07 
 3.89000000e-04  1.59421251e-07 
 3.89100000e-04  1.73102947e-07 
 3.89200000e-04  1.72850672e-07 
 3.89300000e-04  1.72765653e-07 
 3.89400000e-04  1.72693305e-07 
 3.89500000e-04  1.72653969e-07 
 3.89600000e-04  1.58639251e-07 
 3.89700000e-04  1.58241449e-07 
 3.89800000e-04  1.58033197e-07 
 3.89900000e-04  1.57872361e-07 
 3.90000000e-04  1.57760326e-07 
 3.90100000e-04  1.77119913e-07 
 3.90200000e-04  1.76270674e-07 
 3.90300000e-04  1.76013255e-07 
 3.90400000e-04  1.75794719e-07 
 3.90500000e-04  1.75701319e-07 
 3.90600000e-04  1.70730474e-07 
 3.90700000e-04  1.70367374e-07 
 3.90800000e-04  1.70197827e-07 
 3.90900000e-04  1.70112629e-07 
 3.91000000e-04  1.70114335e-07 
 3.91100000e-04  1.71330579e-07 
 3.91200000e-04  1.70330350e-07 
 3.91300000e-04  1.70064194e-07 
 3.91400000e-04  1.69845051e-07 
 3.91500000e-04  1.69756979e-07 
 3.91600000e-04  1.56073181e-07 
 3.91700000e-04  1.55430010e-07 
 3.91800000e-04  1.55153157e-07 
 3.91900000e-04  1.54949142e-07 
 3.92000000e-04  1.54820148e-07 
 3.92100000e-04  1.70911870e-07 
 3.92200000e-04  1.70706998e-07 
 3.92300000e-04  1.70610308e-07 
 3.92400000e-04  1.70521654e-07 
 3.92500000e-04  1.70477708e-07 
 3.92600000e-04  1.57803418e-07 
 3.92700000e-04  1.57461829e-07 
 3.92800000e-04  1.57263776e-07 
 3.92900000e-04  1.57128140e-07 
 3.93000000e-04  1.57056771e-07 
 3.93100000e-04  1.70625194e-07 
 3.93200000e-04  1.70396199e-07 
 3.93300000e-04  1.70309059e-07 
 3.93400000e-04  1.70231623e-07 
 3.93500000e-04  1.70183006e-07 
 3.93600000e-04  1.56291626e-07 
 3.93700000e-04  1.55894343e-07 
 3.93800000e-04  1.55665933e-07 
 3.93900000e-04  1.55492967e-07 
 3.94000000e-04  1.55377080e-07 
 3.94100000e-04  1.71980868e-07 
 3.94200000e-04  1.71673610e-07 
 3.94300000e-04  1.71558165e-07 
 3.94400000e-04  1.71455776e-07 
 3.94500000e-04  1.71413401e-07 
 3.94600000e-04  1.60046365e-07 
 3.94700000e-04  1.59677591e-07 
 3.94800000e-04  1.59499409e-07 
 3.94900000e-04  1.59377750e-07 
 3.95000000e-04  1.59314281e-07 
 3.95100000e-04  1.70688681e-07 
 3.95200000e-04  1.70424771e-07 
 3.95300000e-04  1.70320300e-07 
 3.95400000e-04  1.70226173e-07 
 3.95500000e-04  1.70202424e-07 
 3.95600000e-04  1.56337883e-07 
 3.95700000e-04  1.55884149e-07 
 3.95800000e-04  1.55658494e-07 
 3.95900000e-04  1.55487639e-07 
 3.96000000e-04  1.55373195e-07 
 3.96100000e-04  1.71441804e-07 
 3.96200000e-04  1.71266083e-07 
 3.96300000e-04  1.71178330e-07 
 3.96400000e-04  1.71096129e-07 
 3.96500000e-04  1.71050362e-07 
 3.96600000e-04  1.58377642e-07 
 3.96700000e-04  1.58028433e-07 
 3.96800000e-04  1.57830401e-07 
 3.96900000e-04  1.57694919e-07 
 3.97000000e-04  1.57623841e-07 
 3.97100000e-04  1.71210485e-07 
 3.97200000e-04  1.70965160e-07 
 3.97300000e-04  1.70878202e-07 
 3.97400000e-04  1.70802709e-07 
 3.97500000e-04  1.70785577e-07 
 3.97600000e-04  1.56882885e-07 
 3.97700000e-04  1.56453305e-07 
 3.97800000e-04  1.56240559e-07 
 3.97900000e-04  1.56076612e-07 
 3.98000000e-04  1.55962882e-07 
 3.98100000e-04  1.73120299e-07 
 3.98200000e-04  1.72707162e-07 
 3.98300000e-04  1.72560445e-07 
 3.98400000e-04  1.72431575e-07 
 3.98500000e-04  1.72371543e-07 
 3.98600000e-04  1.62301860e-07 
 3.98700000e-04  1.61932273e-07 
 3.98800000e-04  1.61753382e-07 
 3.98900000e-04  1.61634389e-07 
 3.99000000e-04  1.61577063e-07 
 3.99100000e-04  1.70809706e-07 
 3.99200000e-04  1.70497569e-07 
 3.99300000e-04  1.70387076e-07 
 3.99400000e-04  1.70290456e-07 
 3.99500000e-04  1.70240384e-07 
 3.99600000e-04  1.56407046e-07 
 3.99700000e-04  1.55928725e-07 
 3.99800000e-04  1.55681204e-07 
 3.99900000e-04  1.55497015e-07 
 4.00000000e-04  1.55378034e-07 
 4.00100000e-04  1.71471662e-07 
 4.00200000e-04  1.71264876e-07 
 4.00300000e-04  1.71179775e-07 
 4.00400000e-04  1.71103727e-07 
 4.00500000e-04  1.71042354e-07 
 4.00600000e-04  1.58376401e-07 
 4.00700000e-04  1.58025019e-07 
 4.00800000e-04  1.57835494e-07 
 4.00900000e-04  1.57698914e-07 
 4.01000000e-04  1.57616826e-07 
 4.01100000e-04  1.71220915e-07 
 4.01200000e-04  1.70979871e-07 
 4.01300000e-04  1.70897489e-07 
 4.01400000e-04  1.70827061e-07 
 4.01500000e-04  1.70787001e-07 
 4.01600000e-04  1.56870205e-07 
 4.01700000e-04  1.56465433e-07 
 4.01800000e-04  1.56243344e-07 
 4.01900000e-04  1.56075605e-07 
 4.02000000e-04  1.55963804e-07 
 4.02100000e-04  1.72606313e-07 
 4.02200000e-04  1.72287091e-07 
 4.02300000e-04  1.72164622e-07 
 4.02400000e-04  1.72056052e-07 
 4.02500000e-04  1.72011848e-07 
 4.02600000e-04  1.60621924e-07 
 4.02700000e-04  1.60268022e-07 
 4.02800000e-04  1.60078265e-07 
 4.02900000e-04  1.59954751e-07 
 4.03000000e-04  1.59899447e-07 
 4.03100000e-04  1.71308674e-07 
 4.03200000e-04  1.71016755e-07 
 4.03300000e-04  1.70916872e-07 
 4.03400000e-04  1.70830487e-07 
 4.03500000e-04  1.70811425e-07 
 4.03600000e-04  1.56920996e-07 
 4.03700000e-04  1.56483245e-07 
 4.03800000e-04  1.56247713e-07 
 4.03900000e-04  1.56072739e-07 
 4.04000000e-04  1.55960111e-07 
 4.04100000e-04  1.72068405e-07 
 4.04200000e-04  1.71879597e-07 
 4.04300000e-04  1.71784528e-07 
 4.04400000e-04  1.71695665e-07 
 4.04500000e-04  1.71650994e-07 
 4.04600000e-04  1.58971232e-07 
 4.04700000e-04  1.58599752e-07 
 4.04800000e-04  1.58425170e-07 
 4.04900000e-04  1.58293892e-07 
 4.05000000e-04  1.58207150e-07 
 4.05100000e-04  1.71848053e-07 
 4.05200000e-04  1.71593624e-07 
 4.05300000e-04  1.71508790e-07 
 4.05400000e-04  1.71436915e-07 
 4.05500000e-04  1.71397704e-07 
 4.05600000e-04  1.57464459e-07 
 4.05700000e-04  1.57055393e-07 
 4.05800000e-04  1.56832704e-07 
 4.05900000e-04  1.56664919e-07 
 4.06000000e-04  1.56553643e-07 
 4.06100000e-04  1.74270986e-07 
 4.06200000e-04  1.73745405e-07 
 4.06300000e-04  1.73570428e-07 
 4.06400000e-04  1.73418618e-07 
 4.06500000e-04  1.73354484e-07 
 4.06600000e-04  1.64551574e-07 
 4.06700000e-04  1.64184388e-07 
 4.06800000e-04  1.64012717e-07 
 4.06900000e-04  1.63903496e-07 
 4.07000000e-04  1.63858569e-07 
 4.07100000e-04  1.71087054e-07 
 4.07200000e-04  1.70679684e-07 
 4.07300000e-04  1.70524322e-07 
 4.07400000e-04  1.70385851e-07 
 4.07500000e-04  1.70331842e-07 
 4.07600000e-04  1.56510603e-07 
 4.07700000e-04  1.55969691e-07 
 4.07800000e-04  1.55720195e-07 
 4.07900000e-04  1.55531988e-07 
 4.08000000e-04  1.55406877e-07 
 4.08100000e-04  1.71505540e-07 
 4.08200000e-04  1.71287435e-07 
 4.08300000e-04  1.71201172e-07 
 4.08400000e-04  1.71125452e-07 
 4.08500000e-04  1.71063102e-07 
 4.08600000e-04  1.58395879e-07 
 4.08700000e-04  1.58039709e-07 
 4.08800000e-04  1.57852084e-07 
 4.08900000e-04  1.57714149e-07 
 4.09000000e-04  1.57627341e-07 
 4.09100000e-04  1.71227885e-07 
 4.09200000e-04  1.70990241e-07 
 4.09300000e-04  1.70899440e-07 
 4.09400000e-04  1.70818890e-07 
 4.09500000e-04  1.70783879e-07 
 4.09600000e-04  1.56891227e-07 
 4.09700000e-04  1.56461132e-07 
 4.09800000e-04  1.56243653e-07 
 4.09900000e-04  1.56080553e-07 
 4.10000000e-04  1.55973417e-07 
 4.10100000e-04  1.72595273e-07 
 4.10200000e-04  1.72291868e-07 
 4.10300000e-04  1.72173621e-07 
 4.10400000e-04  1.72067695e-07 
 4.10500000e-04  1.72019159e-07 
 4.10600000e-04  1.60640045e-07 
 4.10700000e-04  1.60266252e-07 
 4.10800000e-04  1.60090854e-07 
 4.10900000e-04  1.59971356e-07 
 4.11000000e-04  1.59909384e-07 
 4.11100000e-04  1.71310860e-07 
 4.11200000e-04  1.71021567e-07 
 4.11300000e-04  1.70930418e-07 
 4.11400000e-04  1.70853172e-07 
 4.11500000e-04  1.70806080e-07 
 4.11600000e-04  1.56917777e-07 
 4.11700000e-04  1.56483589e-07 
 4.11800000e-04  1.56253836e-07 
 4.11900000e-04  1.56076988e-07 
 4.12000000e-04  1.55954581e-07 
 4.12100000e-04  1.72067813e-07 
 4.12200000e-04  1.71878237e-07 
 4.12300000e-04  1.71786092e-07 
 4.12400000e-04  1.71700657e-07 
 4.12500000e-04  1.71645861e-07 
 4.12600000e-04  1.58965737e-07 
 4.12700000e-04  1.58613034e-07 
 4.12800000e-04  1.58430354e-07 
 4.12900000e-04  1.58299056e-07 
 4.13000000e-04  1.58220622e-07 
 4.13100000e-04  1.71828744e-07 
 4.13200000e-04  1.71596755e-07 
 4.13300000e-04  1.71512069e-07 
 4.13400000e-04  1.71437728e-07 
 4.13500000e-04  1.71404848e-07 
 4.13600000e-04  1.57456564e-07 
 4.13700000e-04  1.57059925e-07 
 4.13800000e-04  1.56833354e-07 
 4.13900000e-04  1.56660681e-07 
 4.14000000e-04  1.56543472e-07 
 4.14100000e-04  1.73751313e-07 
 4.14200000e-04  1.73328010e-07 
 4.14300000e-04  1.73185468e-07 
 4.14400000e-04  1.73062224e-07 
 4.14500000e-04  1.73003088e-07 
 4.14600000e-04  1.62887599e-07 
 4.14700000e-04  1.62524841e-07 
 4.14800000e-04  1.62336216e-07 
 4.14900000e-04  1.62217024e-07 
 4.15000000e-04  1.62169322e-07 
 4.15100000e-04  1.71417402e-07 
 4.15200000e-04  1.71112036e-07 
 4.15300000e-04  1.70997510e-07 
 4.15400000e-04  1.70895290e-07 
 4.15500000e-04  1.70847958e-07 
 4.15600000e-04  1.56992012e-07 
 4.15700000e-04  1.56506597e-07 
 4.15800000e-04  1.56267748e-07 
 4.15900000e-04  1.56091977e-07 
 4.16000000e-04  1.55981137e-07 
 4.16100000e-04  1.72091613e-07 
 4.16200000e-04  1.71878194e-07 
 4.16300000e-04  1.71791397e-07 
 4.16400000e-04  1.71714121e-07 
 4.16500000e-04  1.71664044e-07 
 4.16600000e-04  1.58959163e-07 
 4.16700000e-04  1.58609106e-07 
 4.16800000e-04  1.58418252e-07 
 4.16900000e-04  1.58290617e-07 
 4.17000000e-04  1.58228058e-07 
 4.17100000e-04  1.71841342e-07 
 4.17200000e-04  1.71606587e-07 
 4.17300000e-04  1.71512126e-07 
 4.17400000e-04  1.71427626e-07 
 4.17500000e-04  1.71392889e-07 
 4.17600000e-04  1.57463049e-07 
 4.17700000e-04  1.57064107e-07 
 4.17800000e-04  1.56840021e-07 
 4.17900000e-04  1.56668763e-07 
 4.18000000e-04  1.56551856e-07 
 4.18100000e-04  1.73218962e-07 
 4.18200000e-04  1.72901887e-07 
 4.18300000e-04  1.72788081e-07 
 4.18400000e-04  1.72688657e-07 
 4.18500000e-04  1.72622691e-07 
 4.18600000e-04  1.61222575e-07 
 4.18700000e-04  1.60850179e-07 
 4.18800000e-04  1.60671470e-07 
 4.18900000e-04  1.60551686e-07 
 4.19000000e-04  1.60492544e-07 
 4.19100000e-04  1.71928724e-07 
 4.19200000e-04  1.71641490e-07 
 4.19300000e-04  1.71547793e-07 
 4.19400000e-04  1.71467817e-07 
 4.19500000e-04  1.71429802e-07 
 4.19600000e-04  1.57519139e-07 
 4.19700000e-04  1.57080756e-07 
 4.19800000e-04  1.56836164e-07 
 4.19900000e-04  1.56659702e-07 
 4.20000000e-04  1.56553380e-07 
 4.20100000e-04  1.72705181e-07 
 4.20200000e-04  1.72481116e-07 
 4.20300000e-04  1.72392120e-07 
 4.20400000e-04  1.72313558e-07 
 4.20500000e-04  1.72280440e-07 
 4.20600000e-04  1.59555635e-07 
 4.20700000e-04  1.59193224e-07 
 4.20800000e-04  1.59015080e-07 
 4.20900000e-04  1.58888841e-07 
 4.21000000e-04  1.58816000e-07 
 4.21100000e-04  1.72443925e-07 
 4.21200000e-04  1.72210800e-07 
 4.21300000e-04  1.72124362e-07 
 4.21400000e-04  1.72048145e-07 
 4.21500000e-04  1.72005060e-07 
 4.21600000e-04  1.58048974e-07 
 4.21700000e-04  1.57633176e-07 
 4.21800000e-04  1.57423720e-07 
 4.21900000e-04  1.57261237e-07 
 4.22000000e-04  1.57147063e-07 
 4.22100000e-04  1.75421082e-07 
 4.22200000e-04  1.74794827e-07 
 4.22300000e-04  1.74594459e-07 
 4.22400000e-04  1.74422040e-07 
 4.22500000e-04  1.74347907e-07 
 4.22600000e-04  1.66783623e-07 
 4.22700000e-04  1.66422499e-07 
 4.22800000e-04  1.66257062e-07 
 4.22900000e-04  1.66163096e-07 
 4.23000000e-04  1.66142712e-07 
 4.23100000e-04  1.71715364e-07 
 4.23200000e-04  1.70908530e-07 
 4.23300000e-04  1.70658534e-07 
 4.23400000e-04  1.70445986e-07 
 4.23500000e-04  1.70365006e-07 
 4.23600000e-04  1.56578680e-07 
 4.23700000e-04  1.55993640e-07 
 4.23800000e-04  1.55737791e-07 
 4.23900000e-04  1.55546304e-07 
 4.24000000e-04  1.55421059e-07 
 4.24100000e-04  1.71506331e-07 
 4.24200000e-04  1.71299720e-07 
 4.24300000e-04  1.71215475e-07 
 4.24400000e-04  1.71140071e-07 
 4.24500000e-04  1.71089278e-07 
 4.24600000e-04  1.58394251e-07 
 4.24700000e-04  1.58034505e-07 
 4.24800000e-04  1.57845291e-07 
 4.24900000e-04  1.57716243e-07 
 4.25000000e-04  1.57649115e-07 
 4.25100000e-04  1.71244052e-07 
 4.25200000e-04  1.71000447e-07 
 4.25300000e-04  1.70910089e-07 
 4.25400000e-04  1.70831105e-07 
 4.25500000e-04  1.70807632e-07 
 4.25600000e-04  1.56886382e-07 
 4.25700000e-04  1.56462728e-07 
 4.25800000e-04  1.56251268e-07 
 4.25900000e-04  1.56088148e-07 
 4.26000000e-04  1.55974746e-07 
 4.26100000e-04  1.72617130e-07 
 4.26200000e-04  1.72285037e-07 
 4.26300000e-04  1.72166470e-07 
 4.26400000e-04  1.72063880e-07 
 4.26500000e-04  1.72013781e-07 
 4.26600000e-04  1.60624734e-07 
 4.26700000e-04  1.60270684e-07 
 4.26800000e-04  1.60095320e-07 
 4.26900000e-04  1.59972996e-07 
 4.27000000e-04  1.59905234e-07 
 4.27100000e-04  1.71299875e-07 
 4.27200000e-04  1.71027541e-07 
 4.27300000e-04  1.70928309e-07 
 4.27400000e-04  1.70840444e-07 
 4.27500000e-04  1.70809780e-07 
 4.27600000e-04  1.56931454e-07 
 4.27700000e-04  1.56465256e-07 
 4.27800000e-04  1.56247797e-07 
 4.27900000e-04  1.56084363e-07 
 4.28000000e-04  1.55976512e-07 
 4.28100000e-04  1.72074583e-07 
 4.28200000e-04  1.71883738e-07 
 4.28300000e-04  1.71789084e-07 
 4.28400000e-04  1.71700806e-07 
 4.28500000e-04  1.71654970e-07 
 4.28600000e-04  1.58965397e-07 
 4.28700000e-04  1.58598078e-07 
 4.28800000e-04  1.58415095e-07 
 4.28900000e-04  1.58287539e-07 
 4.29000000e-04  1.58217009e-07 
 4.29100000e-04  1.71838306e-07 
 4.29200000e-04  1.71597148e-07 
 4.29300000e-04  1.71510629e-07 
 4.29400000e-04  1.71435703e-07 
 4.29500000e-04  1.71391713e-07 
 4.29600000e-04  1.57465536e-07 
 4.29700000e-04  1.57059908e-07 
 4.29800000e-04  1.56828507e-07 
 4.29900000e-04  1.56661640e-07 
 4.30000000e-04  1.56561196e-07 
 4.30100000e-04  1.73745501e-07 
 4.30200000e-04  1.73333651e-07 
 4.30300000e-04  1.73180945e-07 
 4.30400000e-04  1.73045503e-07 
 4.30500000e-04  1.72992886e-07 
 4.30600000e-04  1.62880730e-07 
 4.30700000e-04  1.62526140e-07 
 4.30800000e-04  1.62355064e-07 
 4.30900000e-04  1.62233031e-07 
 4.31000000e-04  1.62161427e-07 
 4.31100000e-04  1.71420060e-07 
 4.31200000e-04  1.71103416e-07 
 4.31300000e-04  1.70993041e-07 
 4.31400000e-04  1.70896592e-07 
 4.31500000e-04  1.70858683e-07 
 4.31600000e-04  1.56993110e-07 
 4.31700000e-04  1.56507224e-07 
 4.31800000e-04  1.56268556e-07 
 4.31900000e-04  1.56092920e-07 
 4.32000000e-04  1.55982153e-07 
 4.32100000e-04  1.72095334e-07 
 4.32200000e-04  1.71899542e-07 
 4.32300000e-04  1.71805670e-07 
 4.32400000e-04  1.71719121e-07 
 4.32500000e-04  1.71665653e-07 
 4.32600000e-04  1.58980912e-07 
 4.32700000e-04  1.58621465e-07 
 4.32800000e-04  1.58432384e-07 
 4.32900000e-04  1.58299011e-07 
 4.33000000e-04  1.58222946e-07 
 4.33100000e-04  1.71845965e-07 
 4.33200000e-04  1.71596875e-07 
 4.33300000e-04  1.71512670e-07 
 4.33400000e-04  1.71440909e-07 
 4.33500000e-04  1.71399947e-07 
 4.33600000e-04  1.57457952e-07 
 4.33700000e-04  1.57047744e-07 
 4.33800000e-04  1.56828626e-07 
 4.33900000e-04  1.56663404e-07 
 4.34000000e-04  1.56553618e-07 
 4.34100000e-04  1.73211779e-07 
 4.34200000e-04  1.72899895e-07 
 4.34300000e-04  1.72784349e-07 
 4.34400000e-04  1.72682371e-07 
 4.34500000e-04  1.72624843e-07 
 4.34600000e-04  1.61226329e-07 
 4.34700000e-04  1.60860531e-07 
 4.34800000e-04  1.60678165e-07 
 4.34900000e-04  1.60558470e-07 
 4.35000000e-04  1.60503266e-07 
 4.35100000e-04  1.71914842e-07 
 4.35200000e-04  1.71644102e-07 
 4.35300000e-04  1.71551294e-07 
 4.35400000e-04  1.71470252e-07 
 4.35500000e-04  1.71430572e-07 
 4.35600000e-04  1.57504922e-07 
 4.35700000e-04  1.57079479e-07 
 4.35800000e-04  1.56835742e-07 
 4.35900000e-04  1.56663453e-07 
 4.36000000e-04  1.56564713e-07 
 4.36100000e-04  1.72690134e-07 
 4.36200000e-04  1.72488478e-07 
 4.36300000e-04  1.72395280e-07 
 4.36400000e-04  1.72309542e-07 
 4.36500000e-04  1.72268256e-07 
 4.36600000e-04  1.59554243e-07 
 4.36700000e-04  1.59200853e-07 
 4.36800000e-04  1.59003584e-07 
 4.36900000e-04  1.58876159e-07 
 4.37000000e-04  1.58820622e-07 
 4.37100000e-04  1.72457989e-07 
 4.37200000e-04  1.72207556e-07 
 4.37300000e-04  1.72118919e-07 
 4.37400000e-04  1.72042225e-07 
 4.37500000e-04  1.72028104e-07 
 4.37600000e-04  1.58051532e-07 
 4.37700000e-04  1.57650389e-07 
 4.37800000e-04  1.57431436e-07 
 4.37900000e-04  1.57262922e-07 
 4.38000000e-04  1.57146275e-07 
 4.38100000e-04  1.74904339e-07 
 4.38200000e-04  1.74361913e-07 
 4.38300000e-04  1.74194495e-07 
 4.38400000e-04  1.74053132e-07 
 4.38500000e-04  1.73970940e-07 
 4.38600000e-04  1.65118464e-07 
 4.38700000e-04  1.64774992e-07 
 4.38800000e-04  1.64602052e-07 
 4.38900000e-04  1.64498151e-07 
 4.39000000e-04  1.64465309e-07 
 4.39100000e-04  1.71708478e-07 
 4.39200000e-04  1.71299369e-07 
 4.39300000e-04  1.71147657e-07 
 4.39400000e-04  1.71013212e-07 
 4.39500000e-04  1.70938488e-07 
 4.39600000e-04  1.57110646e-07 
 4.39700000e-04  1.56567514e-07 
 4.39800000e-04  1.56312967e-07 
 4.39900000e-04  1.56122189e-07 
 4.40000000e-04  1.55997032e-07 
 4.40100000e-04  1.72128400e-07 
 4.40200000e-04  1.71927628e-07 
 4.40300000e-04  1.71832809e-07 
 4.40400000e-04  1.71745494e-07 
 4.40500000e-04  1.71685348e-07 
 4.40600000e-04  1.58975607e-07 
 4.40700000e-04  1.58631288e-07 
 4.40800000e-04  1.58436317e-07 
 4.40900000e-04  1.58297982e-07 
 4.41000000e-04  1.58217908e-07 
 4.41100000e-04  1.71845765e-07 
 4.41200000e-04  1.71621781e-07 
 4.41300000e-04  1.71528172e-07 
 4.41400000e-04  1.71443411e-07 
 4.41500000e-04  1.71419168e-07 
 4.41600000e-04  1.57472278e-07 
 4.41700000e-04  1.57051198e-07 
 4.41800000e-04  1.56831887e-07 
 4.41900000e-04  1.56665074e-07 
 4.42000000e-04  1.56552254e-07 
 4.42100000e-04  1.73226936e-07 
 4.42200000e-04  1.72922661e-07 
 4.42300000e-04  1.72801079e-07 
 4.42400000e-04  1.72691644e-07 
 4.42500000e-04  1.72625843e-07 
 4.42600000e-04  1.61230516e-07 
 4.42700000e-04  1.60870099e-07 
 4.42800000e-04  1.60676351e-07 
 4.42900000e-04  1.60548338e-07 
 4.43000000e-04  1.60487971e-07 
 4.43100000e-04  1.71924779e-07 
 4.43200000e-04  1.71651308e-07 
 4.43300000e-04  1.71559499e-07 
 4.43400000e-04  1.71480090e-07 
 4.43500000e-04  1.71426505e-07 
 4.43600000e-04  1.57510613e-07 
 4.43700000e-04  1.57084855e-07 
 4.43800000e-04  1.56850176e-07 
 4.43900000e-04  1.56673171e-07 
 4.44000000e-04  1.56555497e-07 
 4.44100000e-04  1.72705227e-07 
 4.44200000e-04  1.72496399e-07 
 4.44300000e-04  1.72403906e-07 
 4.44400000e-04  1.72320379e-07 
 4.44500000e-04  1.72280845e-07 
 4.44600000e-04  1.59562987e-07 
 4.44700000e-04  1.59201019e-07 
 4.44800000e-04  1.59011182e-07 
 4.44900000e-04  1.58877921e-07 
 4.45000000e-04  1.58802848e-07 
 4.45100000e-04  1.72456830e-07 
 4.45200000e-04  1.72219050e-07 
 4.45300000e-04  1.72126105e-07 
 4.45400000e-04  1.72043509e-07 
 4.45500000e-04  1.72004077e-07 
 4.45600000e-04  1.58034168e-07 
 4.45700000e-04  1.57632525e-07 
 4.45800000e-04  1.57425815e-07 
 4.45900000e-04  1.57264785e-07 
 4.46000000e-04  1.57150708e-07 
 4.46100000e-04  1.74367056e-07 
 4.46200000e-04  1.73940421e-07 
 4.46300000e-04  1.73802141e-07 
 4.46400000e-04  1.73683726e-07 
 4.46500000e-04  1.73628596e-07 
 4.46600000e-04  1.63468987e-07 
 4.46700000e-04  1.63106812e-07 
 4.46800000e-04  1.62934038e-07 
 4.46900000e-04  1.62822027e-07 
 4.47000000e-04  1.62772533e-07 
 4.47100000e-04  1.72043104e-07 
 4.47200000e-04  1.71739862e-07 
 4.47300000e-04  1.71619116e-07 
 4.47400000e-04  1.71509997e-07 
 4.47500000e-04  1.71474662e-07 
 4.47600000e-04  1.57580780e-07 
 4.47700000e-04  1.57092792e-07 
 4.47800000e-04  1.56856690e-07 
 4.47900000e-04  1.56684622e-07 
 4.48000000e-04  1.56578441e-07 
 4.48100000e-04  1.72726781e-07 
 4.48200000e-04  1.72508854e-07 
 4.48300000e-04  1.72414274e-07 
 4.48400000e-04  1.72329386e-07 
 4.48500000e-04  1.72275143e-07 
 4.48600000e-04  1.59560578e-07 
 4.48700000e-04  1.59209765e-07 
 4.48800000e-04  1.59027643e-07 
 4.48900000e-04  1.58898327e-07 
 4.49000000e-04  1.58823312e-07 
 4.49100000e-04  1.72466989e-07 
 4.49200000e-04  1.72228339e-07 
 4.49300000e-04  1.72139555e-07 
 4.49400000e-04  1.72061600e-07 
 4.49500000e-04  1.72015185e-07 
 4.49600000e-04  1.58040160e-07 
 4.49700000e-04  1.57635977e-07 
 4.49800000e-04  1.57430167e-07 
 4.49900000e-04  1.57265492e-07 
 4.50000000e-04  1.57143077e-07 
 4.50100000e-04  1.73842148e-07 
 4.50200000e-04  1.73538142e-07 
 4.50300000e-04  1.73410355e-07 
 4.50400000e-04  1.73294414e-07 
 4.50500000e-04  1.73247009e-07 
 4.50600000e-04  1.61800985e-07 
 4.50700000e-04  1.61445853e-07 
 4.50800000e-04  1.61262357e-07 
 4.50900000e-04  1.61142167e-07 
 4.51000000e-04  1.61087108e-07 
 4.51100000e-04  1.72545334e-07 
 4.51200000e-04  1.72277802e-07 
 4.51300000e-04  1.72183049e-07 
 4.51400000e-04  1.72099883e-07 
 4.51500000e-04  1.72054650e-07 
 4.51600000e-04  1.58097658e-07 
 4.51700000e-04  1.57670082e-07 
 4.51800000e-04  1.57431954e-07 
 4.51900000e-04  1.57258059e-07 
 4.52000000e-04  1.57150250e-07 
 4.52100000e-04  1.73326530e-07 
 4.52200000e-04  1.73106874e-07 
 4.52300000e-04  1.73021080e-07 
 4.52400000e-04  1.72945721e-07 
 4.52500000e-04  1.72895533e-07 
 4.52600000e-04  1.60132912e-07 
 4.52700000e-04  1.59786977e-07 
 4.52800000e-04  1.59608479e-07 
 4.52900000e-04  1.59482385e-07 
 4.53000000e-04  1.59410174e-07 
 4.53100000e-04  1.73086219e-07 
 4.53200000e-04  1.72831318e-07 
 4.53300000e-04  1.72736656e-07 
 4.53400000e-04  1.72653936e-07 
 4.53500000e-04  1.72621566e-07 
 4.53600000e-04  1.58614247e-07 
 4.53700000e-04  1.58238599e-07 
 4.53800000e-04  1.58021382e-07 
 4.53900000e-04  1.57854912e-07 
 4.54000000e-04  1.57740615e-07 
 4.54100000e-04  1.76577836e-07 
 4.54200000e-04  1.75833812e-07 
 4.54300000e-04  1.75600480e-07 
 4.54400000e-04  1.75400773e-07 
 4.54500000e-04  1.75328978e-07 
 4.54600000e-04  1.69047517e-07 
 4.54700000e-04  1.68682066e-07 
 4.54800000e-04  1.68521066e-07 
 4.54900000e-04  1.68429327e-07 
 4.55000000e-04  1.68408864e-07 
 4.55100000e-04  1.71857768e-07 
 4.55200000e-04  1.70914454e-07 
 4.55300000e-04  1.70656160e-07 
 4.55400000e-04  1.70441043e-07 
 4.55500000e-04  1.70356331e-07 
 4.55600000e-04  1.56610238e-07 
 4.55700000e-04  1.56001499e-07 
 4.55800000e-04  1.55732594e-07 
 4.55900000e-04  1.55538806e-07 
 4.56000000e-04  1.55422327e-07 
 4.56100000e-04  1.71523314e-07 
 4.56200000e-04  1.71317576e-07 
 4.56300000e-04  1.71215807e-07 
 4.56400000e-04  1.71121283e-07 
 4.56500000e-04  1.71071404e-07 
 4.56600000e-04  1.58392606e-07 
 4.56700000e-04  1.58037547e-07 
 4.56800000e-04  1.57853832e-07 
 4.56900000e-04  1.57719367e-07 
 4.57000000e-04  1.57635526e-07 
 4.57100000e-04  1.71234094e-07 
 4.57200000e-04  1.71010631e-07 
 4.57300000e-04  1.70920009e-07 
 4.57400000e-04  1.70838471e-07 
 4.57500000e-04  1.70806795e-07 
 4.57600000e-04  1.56871915e-07 
 4.57700000e-04  1.56477335e-07 
 4.57800000e-04  1.56254144e-07 
 4.57900000e-04  1.56083526e-07 
 4.58000000e-04  1.55966962e-07 
 4.58100000e-04  1.72603279e-07 
 4.58200000e-04  1.72302746e-07 
 4.58300000e-04  1.72184564e-07 
 4.58400000e-04  1.72078886e-07 
 4.58500000e-04  1.72022655e-07 
 4.58600000e-04  1.60646903e-07 
 4.58700000e-04  1.60278720e-07 
 4.58800000e-04  1.60090929e-07 
 4.58900000e-04  1.59962476e-07 
 4.59000000e-04  1.59895055e-07 
 4.59100000e-04  1.71307319e-07 
 4.59200000e-04  1.71043463e-07 
 4.59300000e-04  1.70945516e-07 
 4.59400000e-04  1.70858824e-07 
 4.59500000e-04  1.70822775e-07 
 4.59600000e-04  1.56922210e-07 
 4.59700000e-04  1.56471366e-07 
 4.59800000e-04  1.56241530e-07 
 4.59900000e-04  1.56073283e-07 
 4.60000000e-04  1.55968387e-07 
 4.60100000e-04  1.72071520e-07 
 4.60200000e-04  1.71878243e-07 
 4.60300000e-04  1.71786360e-07 
 4.60400000e-04  1.71701404e-07 
 4.60500000e-04  1.71657080e-07 
 4.60600000e-04  1.58968897e-07 
 4.60700000e-04  1.58607181e-07 
 4.60800000e-04  1.58419535e-07 
 4.60900000e-04  1.58291028e-07 
 4.61000000e-04  1.58223344e-07 
 4.61100000e-04  1.71832831e-07 
 4.61200000e-04  1.71605979e-07 
 4.61300000e-04  1.71519023e-07 
 4.61400000e-04  1.71441531e-07 
 4.61500000e-04  1.71397477e-07 
 4.61600000e-04  1.57454546e-07 
 4.61700000e-04  1.57062280e-07 
 4.61800000e-04  1.56830795e-07 
 4.61900000e-04  1.56661853e-07 
 4.62000000e-04  1.56557245e-07 
 4.62100000e-04  1.73741169e-07 
 4.62200000e-04  1.73341925e-07 
 4.62300000e-04  1.73195919e-07 
 4.62400000e-04  1.73066424e-07 
 4.62500000e-04  1.72989961e-07 
 4.62600000e-04  1.62874997e-07 
 4.62700000e-04  1.62526929e-07 
 4.62800000e-04  1.62342745e-07 
 4.62900000e-04  1.62225838e-07 
 4.63000000e-04  1.62178150e-07 
 4.63100000e-04  1.71419139e-07 
 4.63200000e-04  1.71109162e-07 
 4.63300000e-04  1.70997059e-07 
 4.63400000e-04  1.70898070e-07 
 4.63500000e-04  1.70854806e-07 
 4.63600000e-04  1.56994504e-07 
 4.63700000e-04  1.56502209e-07 
 4.63800000e-04  1.56267640e-07 
 4.63900000e-04  1.56090938e-07 
 4.64000000e-04  1.55973744e-07 
 4.64100000e-04  1.72090188e-07 
 4.64200000e-04  1.71892263e-07 
 4.64300000e-04  1.71794947e-07 
 4.64400000e-04  1.71704827e-07 
 4.64500000e-04  1.71672910e-07 
 4.64600000e-04  1.58973478e-07 
 4.64700000e-04  1.58619423e-07 
 4.64800000e-04  1.58424789e-07 
 4.64900000e-04  1.58289835e-07 
 4.65000000e-04  1.58216256e-07 
 4.65100000e-04  1.71841515e-07 
 4.65200000e-04  1.71598537e-07 
 4.65300000e-04  1.71511613e-07 
 4.65400000e-04  1.71435823e-07 
 4.65500000e-04  1.71397305e-07 
 4.65600000e-04  1.57458565e-07 
 4.65700000e-04  1.57050196e-07 
 4.65800000e-04  1.56837724e-07 
 4.65900000e-04  1.56672121e-07 
 4.66000000e-04  1.56554677e-07 
 4.66100000e-04  1.73212883e-07 
 4.66200000e-04  1.72897879e-07 
 4.66300000e-04  1.72790289e-07 
 4.66400000e-04  1.72696930e-07 
 4.66500000e-04  1.72629813e-07 
 4.66600000e-04  1.61208191e-07 
 4.66700000e-04  1.60874138e-07 
 4.66800000e-04  1.60685919e-07 
 4.66900000e-04  1.60561570e-07 
 4.67000000e-04  1.60502914e-07 
 4.67100000e-04  1.71922109e-07 
 4.67200000e-04  1.71640627e-07 
 4.67300000e-04  1.71544376e-07 
 4.67400000e-04  1.71460539e-07 
 4.67500000e-04  1.71424062e-07 
 4.67600000e-04  1.57512995e-07 
 4.67700000e-04  1.57057226e-07 
 4.67800000e-04  1.56832543e-07 
 4.67900000e-04  1.56665100e-07 
 4.68000000e-04  1.56556521e-07 
 4.68100000e-04  1.72684846e-07 
 4.68200000e-04  1.72490491e-07 
 4.68300000e-04  1.72397094e-07 
 4.68400000e-04  1.72310657e-07 
 4.68500000e-04  1.72266220e-07 
 4.68600000e-04  1.59544227e-07 
 4.68700000e-04  1.59196293e-07 
 4.68800000e-04  1.59019198e-07 
 4.68900000e-04  1.58888069e-07 
 4.69000000e-04  1.58804163e-07 
 4.69100000e-04  1.72461075e-07 
 4.69200000e-04  1.72222473e-07 
 4.69300000e-04  1.72132302e-07 
 4.69400000e-04  1.72052603e-07 
 4.69500000e-04  1.72010961e-07 
 4.69600000e-04  1.58052554e-07 
 4.69700000e-04  1.57632656e-07 
 4.69800000e-04  1.57412227e-07 
 4.69900000e-04  1.57249643e-07 
 4.70000000e-04  1.57146538e-07 
 4.70100000e-04  1.74902275e-07 
 4.70200000e-04  1.74375474e-07 
 4.70300000e-04  1.74198034e-07 
 4.70400000e-04  1.74043829e-07 
 4.70500000e-04  1.73966596e-07 
 4.70600000e-04  1.65136110e-07 
 4.70700000e-04  1.64783900e-07 
 4.70800000e-04  1.64610345e-07 
 4.70900000e-04  1.64499434e-07 
 4.71000000e-04  1.64452953e-07 
 4.71100000e-04  1.71708573e-07 
 4.71200000e-04  1.71306720e-07 
 4.71300000e-04  1.71149545e-07 
 4.71400000e-04  1.71008672e-07 
 4.71500000e-04  1.70943991e-07 
 4.71600000e-04  1.57095225e-07 
 4.71700000e-04  1.56569801e-07 
 4.71800000e-04  1.56318803e-07 
 4.71900000e-04  1.56132879e-07 
 4.72000000e-04  1.56013893e-07 
 4.72100000e-04  1.72118179e-07 
 4.72200000e-04  1.71929887e-07 
 4.72300000e-04  1.71830369e-07 
 4.72400000e-04  1.71736652e-07 
 4.72500000e-04  1.71689329e-07 
 4.72600000e-04  1.58993634e-07 
 4.72700000e-04  1.58623006e-07 
 4.72800000e-04  1.58435262e-07 
 4.72900000e-04  1.58306629e-07 
 4.73000000e-04  1.58238784e-07 
 4.73100000e-04  1.71846323e-07 
 4.73200000e-04  1.71609257e-07 
 4.73300000e-04  1.71525251e-07 
 4.73400000e-04  1.71452233e-07 
 4.73500000e-04  1.71403655e-07 
 4.73600000e-04  1.57454359e-07 
 4.73700000e-04  1.57051511e-07 
 4.73800000e-04  1.56833325e-07 
 4.73900000e-04  1.56666546e-07 
 4.74000000e-04  1.56552606e-07 
 4.74100000e-04  1.73223631e-07 
 4.74200000e-04  1.72918236e-07 
 4.74300000e-04  1.72799353e-07 
 4.74400000e-04  1.72692870e-07 
 4.74500000e-04  1.72650904e-07 
 4.74600000e-04  1.61216020e-07 
 4.74700000e-04  1.60870297e-07 
 4.74800000e-04  1.60682371e-07 
 4.74900000e-04  1.60560082e-07 
 4.75000000e-04  1.60505305e-07 
 4.75100000e-04  1.71920125e-07 
 4.75200000e-04  1.71653714e-07 
 4.75300000e-04  1.71554342e-07 
 4.75400000e-04  1.71465724e-07 
 4.75500000e-04  1.71430532e-07 
 4.75600000e-04  1.57513852e-07 
 4.75700000e-04  1.57063677e-07 
 4.75800000e-04  1.56834107e-07 
 4.75900000e-04  1.56667666e-07 
 4.76000000e-04  1.56566145e-07 
 4.76100000e-04  1.72702730e-07 
 4.76200000e-04  1.72489346e-07 
 4.76300000e-04  1.72401656e-07 
 4.76400000e-04  1.72323284e-07 
 4.76500000e-04  1.72283493e-07 
 4.76600000e-04  1.59556044e-07 
 4.76700000e-04  1.59195904e-07 
 4.76800000e-04  1.59017503e-07 
 4.76900000e-04  1.58886182e-07 
 4.77000000e-04  1.58803225e-07 
 4.77100000e-04  1.72452560e-07 
 4.77200000e-04  1.72209602e-07 
 4.77300000e-04  1.72129844e-07 
 4.77400000e-04  1.72061737e-07 
 4.77500000e-04  1.72008784e-07 
 4.77600000e-04  1.58042428e-07 
 4.77700000e-04  1.57652894e-07 
 4.77800000e-04  1.57429029e-07 
 4.77900000e-04  1.57258495e-07 
 4.78000000e-04  1.57142775e-07 
 4.78100000e-04  1.74367032e-07 
 4.78200000e-04  1.73940169e-07 
 4.78300000e-04  1.73790632e-07 
 4.78400000e-04  1.73660112e-07 
 4.78500000e-04  1.73604193e-07 
 4.78600000e-04  1.63460444e-07 
 4.78700000e-04  1.63106636e-07 
 4.78800000e-04  1.62929483e-07 
 4.78900000e-04  1.62819878e-07 
 4.79000000e-04  1.62779756e-07 
 4.79100000e-04  1.72047052e-07 
 4.79200000e-04  1.71741418e-07 
 4.79300000e-04  1.71629082e-07 
 4.79400000e-04  1.71529131e-07 
 4.79500000e-04  1.71474438e-07 
 4.79600000e-04  1.57590522e-07 
 4.79700000e-04  1.57094944e-07 
 4.79800000e-04  1.56865138e-07 
 4.79900000e-04  1.56689616e-07 
 4.80000000e-04  1.56569893e-07 
 4.80100000e-04  1.72720181e-07 
 4.80200000e-04  1.72514178e-07 
 4.80300000e-04  1.72422726e-07 
 4.80400000e-04  1.72339890e-07 
 4.80500000e-04  1.72298571e-07 
 4.80600000e-04  1.59555489e-07 
 4.80700000e-04  1.59214099e-07 
 4.80800000e-04  1.59023027e-07 
 4.80900000e-04  1.58893939e-07 
 4.81000000e-04  1.58828591e-07 
 4.81100000e-04  1.72465530e-07 
 4.81200000e-04  1.72221008e-07 
 4.81300000e-04  1.72141498e-07 
 4.81400000e-04  1.72074344e-07 
 4.81500000e-04  1.72018193e-07 
 4.81600000e-04  1.58046980e-07 
 4.81700000e-04  1.57639356e-07 
 4.81800000e-04  1.57424180e-07 
 4.81900000e-04  1.57261125e-07 
 4.82000000e-04  1.57151636e-07 
 4.82100000e-04  1.73843354e-07 
 4.82200000e-04  1.73530574e-07 
 4.82300000e-04  1.73403898e-07 
 4.82400000e-04  1.73289621e-07 
 4.82500000e-04  1.73253951e-07 
 4.82600000e-04  1.61815413e-07 
 4.82700000e-04  1.61457709e-07 
 4.82800000e-04  1.61285293e-07 
 4.82900000e-04  1.61163771e-07 
 4.83000000e-04  1.61094547e-07 
 4.83100000e-04  1.72554797e-07 
 4.83200000e-04  1.72262503e-07 
 4.83300000e-04  1.72164807e-07 
 4.83400000e-04  1.72080547e-07 
 4.83500000e-04  1.72056515e-07 
 4.83600000e-04  1.58100354e-07 
 4.83700000e-04  1.57648126e-07 
 4.83800000e-04  1.57424251e-07 
 4.83900000e-04  1.57261103e-07 
 4.84000000e-04  1.57160386e-07 
 4.84100000e-04  1.73323580e-07 
 4.84200000e-04  1.73115805e-07 
 4.84300000e-04  1.73025557e-07 
 4.84400000e-04  1.72944041e-07 
 4.84500000e-04  1.72894818e-07 
 4.84600000e-04  1.60144218e-07 
 4.84700000e-04  1.59785268e-07 
 4.84800000e-04  1.59614426e-07 
 4.84900000e-04  1.59488077e-07 
 4.85000000e-04  1.59407417e-07 
 4.85100000e-04  1.73081197e-07 
 4.85200000e-04  1.72833538e-07 
 4.85300000e-04  1.72738551e-07 
 4.85400000e-04  1.72654486e-07 
 4.85500000e-04  1.72643992e-07 
 4.85600000e-04  1.58619299e-07 
 4.85700000e-04  1.58245045e-07 
 4.85800000e-04  1.58023139e-07 
 4.85900000e-04  1.57852857e-07 
 4.86000000e-04  1.57735624e-07 
 4.86100000e-04  1.76058711e-07 
 4.86200000e-04  1.75411723e-07 
 4.86300000e-04  1.75210275e-07 
 4.86400000e-04  1.75038935e-07 
 4.86500000e-04  1.74969608e-07 
 4.86600000e-04  1.67374443e-07 
 4.86700000e-04  1.67018303e-07 
 4.86800000e-04  1.66853501e-07 
 4.86900000e-04  1.66758965e-07 
 4.87000000e-04  1.66736704e-07 
 4.87100000e-04  1.72351233e-07 
 4.87200000e-04  1.71535190e-07 
 4.87300000e-04  1.71291037e-07 
 4.87400000e-04  1.71085883e-07 
 4.87500000e-04  1.70991657e-07 
 4.87600000e-04  1.57175741e-07 
 4.87700000e-04  1.56586927e-07 
 4.87800000e-04  1.56331626e-07 
 4.87900000e-04  1.56142598e-07 
 4.88000000e-04  1.56021727e-07 
 4.88100000e-04  1.72145221e-07 
 4.88200000e-04  1.71924557e-07 
 4.88300000e-04  1.71831885e-07 
 4.88400000e-04  1.71748985e-07 
 4.88500000e-04  1.71701056e-07 
 4.88600000e-04  1.58988308e-07 
 4.88700000e-04  1.58638417e-07 
 4.88800000e-04  1.58454605e-07 
 4.88900000e-04  1.58322799e-07 
 4.89000000e-04  1.58244699e-07 
 4.89100000e-04  1.72022095e-07 
 4.89200000e-04  1.71677891e-07 
 4.89300000e-04  1.71544669e-07 
 4.89400000e-04  1.71478617e-07 
 4.89500000e-04  1.71418408e-07 
 4.89600000e-04  1.57488815e-07 
 4.89700000e-04  1.57088397e-07 
 4.89800000e-04  1.56865700e-07 
 4.89900000e-04  1.56691760e-07 
 4.90000000e-04  1.56567939e-07 
 4.90100000e-04  1.73229630e-07 
 4.90200000e-04  1.72915970e-07 
 4.90300000e-04  1.72806533e-07 
 4.90400000e-04  1.72712024e-07 
 4.90500000e-04  1.72634399e-07 
 4.90600000e-04  1.61219294e-07 
 4.90700000e-04  1.60881245e-07 
 4.90800000e-04  1.60687805e-07 
 4.90900000e-04  1.60560393e-07 
 4.91000000e-04  1.60500782e-07 
 4.91100000e-04  1.73847243e-07 
 4.91200000e-04  1.73175623e-07 
 4.91300000e-04  1.72951208e-07 
 4.91400000e-04  1.72842821e-07 
 4.91500000e-04  1.72771925e-07 
 4.91600000e-04  1.58382436e-07 
 4.91700000e-04  1.57769446e-07 
 4.91800000e-04  1.57507581e-07 
 4.91900000e-04  1.57316598e-07 
 4.92000000e-04  1.57197871e-07 
 4.92100000e-04  1.03759649e-04 
 4.92200000e-04  1.03759245e-04 
 4.92300000e-04  1.03759107e-04 
 4.92400000e-04  1.03758986e-04 
 4.92500000e-04  1.03758947e-04 
 4.92600000e-04  1.03746231e-04 
 4.92700000e-04  1.03745851e-04 
 4.92800000e-04  1.03745675e-04 
 4.92900000e-04  1.03745543e-04 
 4.93000000e-04  1.03745455e-04 
 4.93100000e-04  1.73617435e-07 
 4.93200000e-04  1.73348681e-07 
 4.93300000e-04  1.73252329e-07 
 4.93400000e-04  1.73167467e-07 
 4.93500000e-04  1.73134031e-07 
 4.93600000e-04  1.59148406e-07 
 4.93700000e-04  1.58737472e-07 
 4.93800000e-04  1.58517638e-07 
 4.93900000e-04  1.58355828e-07 
 4.94000000e-04  1.58253905e-07 
 4.94100000e-04  1.75955601e-07 
 4.94200000e-04  1.75304690e-07 
 4.94300000e-04  1.75111358e-07 
 4.94400000e-04  1.75041286e-07 
 4.94500000e-04  1.74978573e-07 
 4.94600000e-04  1.64857349e-07 
 4.94700000e-04  1.64520687e-07 
 4.94800000e-04  1.64324295e-07 
 4.94900000e-04  1.64173376e-07 
 4.95000000e-04  1.64069284e-07 
 4.95100000e-04  1.73207048e-07 
 4.95200000e-04  1.72876809e-07 
 4.95300000e-04  1.72763374e-07 
 4.95400000e-04  1.72665034e-07 
 4.95500000e-04  1.72606346e-07 
 4.95600000e-04  1.58672077e-07 
 4.95700000e-04  1.58188175e-07 
 4.95800000e-04  1.57948500e-07 
 4.95900000e-04  1.57775695e-07 
 4.96000000e-04  1.57671817e-07 
 4.96100000e-04  1.73864304e-07 
 4.96200000e-04  1.73646797e-07 
 4.96300000e-04  1.73554393e-07 
 4.96400000e-04  1.73471067e-07 
 4.96500000e-04  1.73432712e-07 
 4.96600000e-04  1.60645724e-07 
 4.96700000e-04  1.60291603e-07 
 4.96800000e-04  1.60113955e-07 
 4.96900000e-04  1.59988561e-07 
 4.97000000e-04  1.59917040e-07 
 4.97100000e-04  1.73610697e-07 
 4.97200000e-04  1.73363522e-07 
 4.97300000e-04  1.73277657e-07 
 4.97400000e-04  1.73203181e-07 
 4.97500000e-04  1.73164776e-07 
 4.97600000e-04  1.59126152e-07 
 4.97700000e-04  1.58736720e-07 
 4.97800000e-04  1.58519199e-07 
 4.97900000e-04  1.58358425e-07 
 4.98000000e-04  1.58256181e-07 
 4.98100000e-04  1.75000240e-07 
 4.98200000e-04  1.74687498e-07 
 4.98300000e-04  1.74562797e-07 
 4.98400000e-04  1.74451087e-07 
 4.98500000e-04  1.74388663e-07 
 4.98600000e-04  1.62877621e-07 
 4.98700000e-04  1.62543304e-07 
 4.98800000e-04  1.62359954e-07 
 4.98900000e-04  1.62239121e-07 
 4.99000000e-04  1.62182787e-07 
 4.99100000e-04  1.73707547e-07 
 4.99200000e-04  1.73414621e-07 
 4.99300000e-04  1.73312805e-07 
 4.99400000e-04  1.73224041e-07 
 4.99500000e-04  1.73186522e-07 
 4.99600000e-04  1.59172390e-07 
 4.99700000e-04  1.58747419e-07 
 4.99800000e-04  1.58520470e-07 
 4.99900000e-04  1.58350052e-07 
 5.00000000e-04  1.58237959e-07 
 5.00100000e-04  1.74470958e-07 
 5.00200000e-04  1.74266859e-07 
 5.00300000e-04  1.74170656e-07 
 5.00400000e-04  1.74081847e-07 
 5.00500000e-04  1.74024707e-07 
 5.00600000e-04  1.61223015e-07 
 5.00700000e-04  1.60861716e-07 
 5.00800000e-04  1.60688071e-07 
 5.00900000e-04  1.60565092e-07 
 5.01000000e-04  1.60494387e-07 
 5.01100000e-04  1.74223724e-07 
 5.01200000e-04  1.73982748e-07 
 5.01300000e-04  1.73887231e-07 
 5.01400000e-04  1.73801993e-07 
 5.01500000e-04  1.73761870e-07 
 5.01600000e-04  1.59692131e-07 
 5.01700000e-04  1.59300119e-07 
 5.01800000e-04  1.59097787e-07 
 5.01900000e-04  1.58944164e-07 
 5.02000000e-04  1.58840797e-07 
 5.02100000e-04  1.76679594e-07 
 5.02200000e-04  1.76135694e-07 
 5.02300000e-04  1.75961578e-07 
 5.02400000e-04  1.75812813e-07 
 5.02500000e-04  1.75716588e-07 
 5.02600000e-04  1.66794454e-07 
 5.02700000e-04  1.66443808e-07 
 5.02800000e-04  1.66278703e-07 
 5.02900000e-04  1.66176478e-07 
 5.03000000e-04  1.66139129e-07 
 5.03100000e-04  1.73490002e-07 
 5.03200000e-04  1.73064631e-07 
 5.03300000e-04  1.72903518e-07 
 5.03400000e-04  1.72760554e-07 
 5.03500000e-04  1.72705798e-07 
 5.03600000e-04  1.58760078e-07 
 5.03700000e-04  1.58231465e-07 
 5.03800000e-04  1.57985881e-07 
 5.03900000e-04  1.57807665e-07 
 5.04000000e-04  1.57698954e-07 
 5.04100000e-04  1.73902375e-07 
 5.04200000e-04  1.73692129e-07 
 5.04300000e-04  1.73583272e-07 
 5.04400000e-04  1.73481370e-07 
 5.04500000e-04  1.73445438e-07 
 5.04600000e-04  1.60645112e-07 
 5.04700000e-04  1.60297187e-07 
 5.04800000e-04  1.60123210e-07 
 5.04900000e-04  1.59993736e-07 
 5.05000000e-04  1.59910176e-07 
 5.05100000e-04  1.73624871e-07 
 5.05200000e-04  1.73378889e-07 
 5.05300000e-04  1.73290745e-07 
 5.05400000e-04  1.73213663e-07 
 5.05500000e-04  1.73164597e-07 
 5.05600000e-04  1.59117525e-07 
 5.05700000e-04  1.58725213e-07 
 5.05800000e-04  1.58513431e-07 
 5.05900000e-04  1.58350182e-07 
 5.06000000e-04  1.58237003e-07 
 5.06100000e-04  1.75005962e-07 
 5.06200000e-04  1.74685596e-07 
 5.06300000e-04  1.74559717e-07 
 5.06400000e-04  1.74447204e-07 
 5.06500000e-04  1.74391678e-07 
 5.06600000e-04  1.62877682e-07 
 5.06700000e-04  1.62543910e-07 
 5.06800000e-04  1.62367836e-07 
 5.06900000e-04  1.62242963e-07 
 5.07000000e-04  1.62170915e-07 
 5.07100000e-04  1.73714657e-07 
 5.07200000e-04  1.73413764e-07 
 5.07300000e-04  1.73313479e-07 
 5.07400000e-04  1.73227329e-07 
 5.07500000e-04  1.73180605e-07 
 5.07600000e-04  1.59165367e-07 
 5.07700000e-04  1.58739307e-07 
 5.07800000e-04  1.58508790e-07 
 5.07900000e-04  1.58340136e-07 
 5.08000000e-04  1.58235307e-07 
 5.08100000e-04  1.74467544e-07 
 5.08200000e-04  1.74246657e-07 
 5.08300000e-04  1.74156835e-07 
 5.08400000e-04  1.74076701e-07 
 5.08500000e-04  1.74032389e-07 
 5.08600000e-04  1.61198837e-07 
 5.08700000e-04  1.60871647e-07 
 5.08800000e-04  1.60684793e-07 
 5.08900000e-04  1.60556302e-07 
 5.09000000e-04  1.60488025e-07 
 5.09100000e-04  1.74237587e-07 
 5.09200000e-04  1.73989497e-07 
 5.09300000e-04  1.73892636e-07 
 5.09400000e-04  1.73806566e-07 
 5.09500000e-04  1.73761862e-07 
 5.09600000e-04  1.59698796e-07 
 5.09700000e-04  1.59310686e-07 
 5.09800000e-04  1.59095585e-07 
 5.09900000e-04  1.58936466e-07 
 5.10000000e-04  1.58835107e-07 
 5.10100000e-04  1.76157690e-07 
 5.10200000e-04  1.75709657e-07 
 5.10300000e-04  1.75562757e-07 
 5.10400000e-04  1.75437406e-07 
 5.10500000e-04  1.75356458e-07 
 5.10600000e-04  1.65124579e-07 
 5.10700000e-04  1.64782828e-07 
 5.10800000e-04  1.64616295e-07 
 5.10900000e-04  1.64504594e-07 
 5.11000000e-04  1.64449463e-07 
 5.11100000e-04  1.73816066e-07 
 5.11200000e-04  1.73495006e-07 
 5.11300000e-04  1.73377643e-07 
 5.11400000e-04  1.73273928e-07 
 5.11500000e-04  1.73228459e-07 
 5.11600000e-04  1.59242810e-07 
 5.11700000e-04  1.58770747e-07 
 5.11800000e-04  1.58538772e-07 
 5.11900000e-04  1.58364169e-07 
 5.12000000e-04  1.58248758e-07 
 5.12100000e-04  1.74484351e-07 
 5.12200000e-04  1.74269384e-07 
 5.12300000e-04  1.74168973e-07 
 5.12400000e-04  1.74076854e-07 
 5.12500000e-04  1.74029700e-07 
 5.12600000e-04  1.61203547e-07 
 5.12700000e-04  1.60868762e-07 
 5.12800000e-04  1.60695386e-07 
 5.12900000e-04  1.60569667e-07 
 5.13000000e-04  1.60493118e-07 
 5.13100000e-04  1.74236920e-07 
 5.13200000e-04  1.73979195e-07 
 5.13300000e-04  1.73888545e-07 
 5.13400000e-04  1.73810026e-07 
 5.13500000e-04  1.73773900e-07 
 5.13600000e-04  1.59693344e-07 
 5.13700000e-04  1.59319085e-07 
 5.13800000e-04  1.59099017e-07 
 5.13900000e-04  1.58935921e-07 
 5.14000000e-04  1.58831603e-07 
 5.14100000e-04  1.75622051e-07 
 5.14200000e-04  1.75291555e-07 
 5.14300000e-04  1.75168366e-07 
 5.14400000e-04  1.75059830e-07 
 5.14500000e-04  1.75017706e-07 
 5.14600000e-04  1.63472712e-07 
 5.14700000e-04  1.63110877e-07 
 5.14800000e-04  1.62952663e-07 
 5.14900000e-04  1.62839991e-07 
 5.15000000e-04  1.62774306e-07 
 5.15100000e-04  1.74329449e-07 
 5.15200000e-04  1.74033023e-07 
 5.15300000e-04  1.73929365e-07 
 5.15400000e-04  1.73839387e-07 
 5.15500000e-04  1.73788635e-07 
 5.15600000e-04  1.59761978e-07 
 5.15700000e-04  1.59323819e-07 
 5.15800000e-04  1.59104651e-07 
 5.15900000e-04  1.58944778e-07 
 5.16000000e-04  1.58846079e-07 
 5.16100000e-04  1.75102853e-07 
 5.16200000e-04  1.74874285e-07 
 5.16300000e-04  1.74779134e-07 
 5.16400000e-04  1.74694014e-07 
 5.16500000e-04  1.74641562e-07 
 5.16600000e-04  1.61800173e-07 
 5.16700000e-04  1.61469040e-07 
 5.16800000e-04  1.61288132e-07 
 5.16900000e-04  1.61156843e-07 
 5.17000000e-04  1.61076746e-07 
 5.17100000e-04  1.74851686e-07 
 5.17200000e-04  1.74612193e-07 
 5.17300000e-04  1.74508892e-07 
 5.17400000e-04  1.74415026e-07 
 5.17500000e-04  1.74381324e-07 
 5.17600000e-04  1.60293511e-07 
 5.17700000e-04  1.59907891e-07 
 5.17800000e-04  1.59685529e-07 
 5.17900000e-04  1.59527728e-07 
 5.18000000e-04  1.59436535e-07 
 5.18100000e-04  1.88940979e-07 
 5.18200000e-04  1.86324156e-07 
 5.18300000e-04  1.85520932e-07 
 5.18400000e-04  1.85273318e-07 
 5.18500000e-04  1.85025705e-07 
 5.18600000e-04  1.75732371e-07 
 5.18700000e-04  1.74600939e-07 
 5.18800000e-04  1.74275378e-07 
 5.18900000e-04  1.74066610e-07 
 5.19000000e-04  1.73976738e-07 
 5.19100000e-04  1.71283102e-07 
 5.19200000e-04  1.70507606e-07 
 5.19300000e-04  1.70299423e-07 
 5.19400000e-04  1.70127827e-07 
 5.19500000e-04  1.70065589e-07 
 5.19600000e-04  1.57648075e-07 
 5.19700000e-04  1.56967429e-07 
 5.19800000e-04  1.56706925e-07 
 5.19900000e-04 -0.00000000e+00 
 5.20000000e-04  1.56574640e-07 
