 time            -i(vdd)        
 2.60000000e-04 -1.26577364e-04 
 2.60100000e-04  1.83721549e-07 
 2.60200000e-04  1.75016496e-07 
 2.60300000e-04  1.72693753e-07 
 2.60400000e-04  1.70735485e-07 
 2.60500000e-04  1.70077187e-07 
 2.60600000e-04  1.76681366e-07 
 2.60700000e-04  1.75910822e-07 
 2.60800000e-04  1.75485274e-07 
 2.60900000e-04  1.75139089e-07 
 2.61000000e-04  1.74873988e-07 
 2.61100000e-04  1.56450965e-07 
 2.61200000e-04  1.54079805e-07 
 2.61300000e-04  1.53473804e-07 
 2.61400000e-04  1.52984536e-07 
 2.61500000e-04  1.52783488e-07 
 2.61600000e-04  1.38888329e-07 
 2.61700000e-04  1.37639829e-07 
 2.61800000e-04  1.37194915e-07 
 2.61900000e-04  1.36877273e-07 
 2.62000000e-04  1.36690941e-07 
 2.62100000e-04  1.61894016e-07 
 2.62200000e-04  1.60620609e-07 
 2.62300000e-04  1.60336283e-07 
 2.62400000e-04  1.60131589e-07 
 2.62500000e-04  1.60037005e-07 
 2.62600000e-04  1.48510215e-07 
 2.62700000e-04  1.47915034e-07 
 2.62800000e-04  1.47635769e-07 
 2.62900000e-04  1.47422980e-07 
 2.63000000e-04  1.47278087e-07 
 2.63100000e-04  1.99994795e-07 
 2.63200000e-04  1.94211974e-07 
 2.63300000e-04  1.92920602e-07 
 2.63400000e-04  1.91924610e-07 
 2.63500000e-04  1.91648097e-07 
 2.63600000e-04  1.78201678e-07 
 2.63700000e-04  1.77570036e-07 
 2.63800000e-04  1.77244058e-07 
 2.63900000e-04  1.76997240e-07 
 2.64000000e-04  1.76832090e-07 
 2.64100000e-04  1.72666879e-07 
 2.64200000e-04  1.68074983e-07 
 2.64300000e-04  1.67028273e-07 
 2.64400000e-04  1.66213073e-07 
 2.64500000e-04  1.65973877e-07 
 2.64600000e-04  1.53752724e-07 
 2.64700000e-04  1.53129064e-07 
 2.64800000e-04  1.52825918e-07 
 2.64900000e-04  1.52590980e-07 
 2.65000000e-04  1.52426409e-07 
 2.65100000e-04  1.66019935e-07 
 2.65200000e-04  1.65521651e-07 
 2.65300000e-04  1.65363800e-07 
 2.65400000e-04  1.65228816e-07 
 2.65500000e-04  1.65173418e-07 
 2.65600000e-04  1.51583547e-07 
 2.65700000e-04  1.51144311e-07 
 2.65800000e-04  1.50901239e-07 
 2.65900000e-04  1.50728339e-07 
 2.66000000e-04  1.50627830e-07 
 2.66100000e-04  1.66989056e-07 
 2.66200000e-04  1.66721940e-07 
 2.66300000e-04  1.66631738e-07 
 2.66400000e-04  1.66553386e-07 
 2.66500000e-04  1.66496924e-07 
 2.66600000e-04  1.55434268e-07 
 2.66700000e-04  1.55030291e-07 
 2.66800000e-04  1.54816942e-07 
 2.66900000e-04  1.54667247e-07 
 2.67000000e-04  1.54583221e-07 
 2.67100000e-04  1.66086141e-07 
 2.67200000e-04  1.65565059e-07 
 2.67300000e-04  1.65411146e-07 
 2.67400000e-04  1.65280320e-07 
 2.67500000e-04  1.65219769e-07 
 2.67600000e-04  1.51669645e-07 
 2.67700000e-04  1.51176245e-07 
 2.67800000e-04  1.50920705e-07 
 2.67900000e-04  1.50722334e-07 
 2.68000000e-04  1.50582942e-07 
 2.68100000e-04  1.66406616e-07 
 2.68200000e-04  1.66217647e-07 
 2.68300000e-04  1.66140370e-07 
 2.68400000e-04  1.66071654e-07 
 2.68500000e-04  1.66021425e-07 
 2.68600000e-04  1.53645612e-07 
 2.68700000e-04  1.53253197e-07 
 2.68800000e-04  1.53035494e-07 
 2.68900000e-04  1.52885910e-07 
 2.69000000e-04  1.52806598e-07 
 2.69100000e-04  1.66133979e-07 
 2.69200000e-04  1.65903457e-07 
 2.69300000e-04  1.65831557e-07 
 2.69400000e-04  1.65771590e-07 
 2.69500000e-04  1.65753700e-07 
 2.69600000e-04  1.52110271e-07 
 2.69700000e-04  1.51662082e-07 
 2.69800000e-04  1.51423734e-07 
 2.69900000e-04  1.51238816e-07 
 2.70000000e-04  1.51109015e-07 
 2.70100000e-04  1.68005882e-07 
 2.70200000e-04  1.67640022e-07 
 2.70300000e-04  1.67506547e-07 
 2.70400000e-04  1.67387901e-07 
 2.70500000e-04  1.67319735e-07 
 2.70600000e-04  1.57538434e-07 
 2.70700000e-04  1.57115801e-07 
 2.70800000e-04  1.56920424e-07 
 2.70900000e-04  1.56785252e-07 
 2.71000000e-04  1.56712186e-07 
 2.71100000e-04  1.66103477e-07 
 2.71200000e-04  1.65539363e-07 
 2.71300000e-04  1.65384841e-07 
 2.71400000e-04  1.65256369e-07 
 2.71500000e-04  1.65198122e-07 
 2.71600000e-04  1.51640547e-07 
 2.71700000e-04  1.51104830e-07 
 2.71800000e-04  1.50847218e-07 
 2.71900000e-04  1.50646867e-07 
 2.72000000e-04  1.50505580e-07 
 2.72100000e-04  1.66334572e-07 
 2.72200000e-04  1.66151966e-07 
 2.72300000e-04  1.66075285e-07 
 2.72400000e-04  1.66006613e-07 
 2.72500000e-04  1.65981800e-07 
 2.72600000e-04  1.53576029e-07 
 2.72700000e-04  1.53183516e-07 
 2.72800000e-04  1.52981771e-07 
 2.72900000e-04  1.52832983e-07 
 2.73000000e-04  1.52738819e-07 
 2.73100000e-04  1.66060213e-07 
 2.73200000e-04  1.65855187e-07 
 2.73300000e-04  1.65780441e-07 
 2.73400000e-04  1.65714738e-07 
 2.73500000e-04  1.65694972e-07 
 2.73600000e-04  1.52064381e-07 
 2.73700000e-04  1.51620913e-07 
 2.73800000e-04  1.51389063e-07 
 2.73900000e-04  1.51209354e-07 
 2.74000000e-04  1.51083427e-07 
 2.74100000e-04  1.67435160e-07 
 2.74200000e-04  1.67156157e-07 
 2.74300000e-04  1.67057623e-07 
 2.74400000e-04  1.66971317e-07 
 2.74500000e-04  1.66919843e-07 
 2.74600000e-04  1.55818381e-07 
 2.74700000e-04  1.55418047e-07 
 2.74800000e-04  1.55213697e-07 
 2.74900000e-04  1.55071954e-07 
 2.75000000e-04  1.54994792e-07 
 2.75100000e-04  1.66140175e-07 
 2.75200000e-04  1.65905165e-07 
 2.75300000e-04  1.65816359e-07 
 2.75400000e-04  1.65736885e-07 
 2.75500000e-04  1.65709534e-07 
 2.75600000e-04  1.52106744e-07 
 2.75700000e-04  1.51631827e-07 
 2.75800000e-04  1.51378067e-07 
 2.75900000e-04  1.51188575e-07 
 2.76000000e-04  1.51065375e-07 
 2.76100000e-04  1.66899853e-07 
 2.76200000e-04  1.66723014e-07 
 2.76300000e-04  1.66651510e-07 
 2.76400000e-04  1.66587561e-07 
 2.76500000e-04  1.66555371e-07 
 2.76600000e-04  1.54155688e-07 
 2.76700000e-04  1.53762671e-07 
 2.76800000e-04  1.53551854e-07 
 2.76900000e-04  1.53404435e-07 
 2.77000000e-04  1.53322411e-07 
 2.77100000e-04  1.66672319e-07 
 2.77200000e-04  1.66457304e-07 
 2.77300000e-04  1.66382589e-07 
 2.77400000e-04  1.66318236e-07 
 2.77500000e-04  1.66280226e-07 
 2.77600000e-04  1.52618758e-07 
 2.77700000e-04  1.52187898e-07 
 2.77800000e-04  1.51960609e-07 
 2.77900000e-04  1.51781700e-07 
 2.78000000e-04  1.51652694e-07 
 2.78100000e-04  1.69105089e-07 
 2.78200000e-04  1.68606092e-07 
 2.78300000e-04  1.68449603e-07 
 2.78400000e-04  1.68316321e-07 
 2.78500000e-04  1.68256310e-07 
 2.78600000e-04  1.59704129e-07 
 2.78700000e-04  1.59316546e-07 
 2.78800000e-04  1.59123508e-07 
 2.78900000e-04  1.58999161e-07 
 2.79000000e-04  1.58945669e-07 
 2.79100000e-04  1.66277544e-07 
 2.79200000e-04  1.65620184e-07 
 2.79300000e-04  1.65432872e-07 
 2.79400000e-04  1.65275935e-07 
 2.79500000e-04  1.65196718e-07 
 2.79600000e-04  1.51668811e-07 
 2.79700000e-04  1.51113692e-07 
 2.79800000e-04  1.50843290e-07 
 2.79900000e-04  1.50634073e-07 
 2.80000000e-04  1.50487967e-07 
 2.80100000e-04  1.66318154e-07 
 2.80200000e-04  1.66132134e-07 
 2.80300000e-04  1.66054860e-07 
 2.80400000e-04  1.65985729e-07 
 2.80500000e-04  1.65953709e-07 
 2.80600000e-04  1.53556620e-07 
 2.80700000e-04  1.53165295e-07 
 2.80800000e-04  1.52959567e-07 
 2.80900000e-04  1.52812940e-07 
 2.81000000e-04  1.52727269e-07 
 2.81100000e-04  1.66036664e-07 
 2.81200000e-04  1.65840844e-07 
 2.81300000e-04  1.65763854e-07 
 2.81400000e-04  1.65694849e-07 
 2.81500000e-04  1.65679252e-07 
 2.81600000e-04  1.52029810e-07 
 2.81700000e-04  1.51581888e-07 
 2.81800000e-04  1.51346707e-07 
 2.81900000e-04  1.51172347e-07 
 2.82000000e-04  1.51060718e-07 
 2.82100000e-04  1.67416527e-07 
 2.82200000e-04  1.67139026e-07 
 2.82300000e-04  1.67038273e-07 
 2.82400000e-04  1.66949376e-07 
 2.82500000e-04  1.66902986e-07 
 2.82600000e-04  1.55802243e-07 
 2.82700000e-04  1.55398013e-07 
 2.82800000e-04  1.55202190e-07 
 2.82900000e-04  1.55059622e-07 
 2.83000000e-04  1.54971978e-07 
 2.83100000e-04  1.66121613e-07 
 2.83200000e-04  1.65875895e-07 
 2.83300000e-04  1.65788732e-07 
 2.83400000e-04  1.65712302e-07 
 2.83500000e-04  1.65682937e-07 
 2.83600000e-04  1.52075771e-07 
 2.83700000e-04  1.51597605e-07 
 2.83800000e-04  1.51347612e-07 
 2.83900000e-04  1.51162985e-07 
 2.84000000e-04  1.51045775e-07 
 2.84100000e-04  1.66881337e-07 
 2.84200000e-04  1.66715579e-07 
 2.84300000e-04  1.66637141e-07 
 2.84400000e-04  1.66564336e-07 
 2.84500000e-04  1.66535489e-07 
 2.84600000e-04  1.54130350e-07 
 2.84700000e-04  1.53745031e-07 
 2.84800000e-04  1.53536921e-07 
 2.84900000e-04  1.53383857e-07 
 2.85000000e-04  1.53287564e-07 
 2.85100000e-04  1.66645571e-07 
 2.85200000e-04  1.66437354e-07 
 2.85300000e-04  1.66362925e-07 
 2.85400000e-04  1.66297618e-07 
 2.85500000e-04  1.66281118e-07 
 2.85600000e-04  1.52612968e-07 
 2.85700000e-04  1.52171781e-07 
 2.85800000e-04  1.51939279e-07 
 2.85900000e-04  1.51757730e-07 
 2.86000000e-04  1.51628729e-07 
 2.86100000e-04  1.68549903e-07 
 2.86200000e-04  1.68162861e-07 
 2.86300000e-04  1.68032785e-07 
 2.86400000e-04  1.67919615e-07 
 2.86500000e-04  1.67865447e-07 
 2.86600000e-04  1.58030842e-07 
 2.86700000e-04  1.57647279e-07 
 2.86800000e-04  1.57450808e-07 
 2.86900000e-04  1.57321237e-07 
 2.87000000e-04  1.57260665e-07 
 2.87100000e-04  1.66228714e-07 
 2.87200000e-04  1.65963000e-07 
 2.87300000e-04  1.65862323e-07 
 2.87400000e-04  1.65771835e-07 
 2.87500000e-04  1.65727640e-07 
 2.87600000e-04  1.52158183e-07 
 2.87700000e-04  1.51626485e-07 
 2.87800000e-04  1.51382049e-07 
 2.87900000e-04  1.51188742e-07 
 2.88000000e-04  1.51048159e-07 
 2.88100000e-04  1.66900065e-07 
 2.88200000e-04  1.66727902e-07 
 2.88300000e-04  1.66655922e-07 
 2.88400000e-04  1.66590890e-07 
 2.88500000e-04  1.66542595e-07 
 2.88600000e-04  1.54133923e-07 
 2.88700000e-04  1.53742123e-07 
 2.88800000e-04  1.53527061e-07 
 2.88900000e-04  1.53380365e-07 
 2.89000000e-04  1.53304178e-07 
 2.89100000e-04  1.66650488e-07 
 2.89200000e-04  1.66441226e-07 
 2.89300000e-04  1.66371317e-07 
 2.89400000e-04  1.66311131e-07 
 2.89500000e-04  1.66280371e-07 
 2.89600000e-04  1.52627784e-07 
 2.89700000e-04  1.52176556e-07 
 2.89800000e-04  1.51938611e-07 
 2.89900000e-04  1.51757167e-07 
 2.90000000e-04  1.51633991e-07 
 2.90100000e-04  1.68021381e-07 
 2.90200000e-04  1.67738722e-07 
 2.90300000e-04  1.67642154e-07 
 2.90400000e-04  1.67558380e-07 
 2.90500000e-04  1.67500028e-07 
 2.90600000e-04  1.56374568e-07 
 2.90700000e-04  1.55975818e-07 
 2.90800000e-04  1.55774666e-07 
 2.90900000e-04  1.55638533e-07 
 2.91000000e-04  1.55569454e-07 
 2.91100000e-04  1.66730623e-07 
 2.91200000e-04  1.66492402e-07 
 2.91300000e-04  1.66412837e-07 
 2.91400000e-04  1.66343455e-07 
 2.91500000e-04  1.66300489e-07 
 2.91600000e-04  1.52664874e-07 
 2.91700000e-04  1.52182039e-07 
 2.91800000e-04  1.51938065e-07 
 2.91900000e-04  1.51754430e-07 
 2.92000000e-04  1.51633024e-07 
 2.92100000e-04  1.67498430e-07 
 2.92200000e-04  1.67316460e-07 
 2.92300000e-04  1.67252009e-07 
 2.92400000e-04  1.67196474e-07 
 2.92500000e-04  1.67148004e-07 
 2.92600000e-04  1.54698976e-07 
 2.92700000e-04  1.54312896e-07 
 2.92800000e-04  1.54111175e-07 
 2.92900000e-04  1.53970688e-07 
 2.93000000e-04  1.53893346e-07 
 2.93100000e-04  1.67256819e-07 
 2.93200000e-04  1.67040806e-07 
 2.93300000e-04  1.66973773e-07 
 2.93400000e-04  1.66917531e-07 
 2.93500000e-04  1.66890310e-07 
 2.93600000e-04  1.53205933e-07 
 2.93700000e-04  1.52757111e-07 
 2.93800000e-04  1.52523370e-07 
 2.93900000e-04  1.52345762e-07 
 2.94000000e-04  1.52226040e-07 
 2.94100000e-04  1.70227669e-07 
 2.94200000e-04  1.69622599e-07 
 2.94300000e-04  1.69441553e-07 
 2.94400000e-04  1.69288284e-07 
 2.94500000e-04  1.69201572e-07 
 2.94600000e-04  1.61958831e-07 
 2.94700000e-04  1.61563736e-07 
 2.94800000e-04  1.61370772e-07 
 2.94900000e-04  1.61252916e-07 
 2.95000000e-04  1.61212519e-07 
 2.95100000e-04  1.66592870e-07 
 2.95200000e-04  1.65712073e-07 
 2.95300000e-04  1.65484505e-07 
 2.95400000e-04  1.65300182e-07 
 2.95500000e-04  1.65210864e-07 
 2.95600000e-04  1.51709458e-07 
 2.95700000e-04  1.51115881e-07 
 2.95800000e-04  1.50821524e-07 
 2.95900000e-04  1.50612843e-07 
 2.96000000e-04  1.50492525e-07 
 2.96100000e-04  1.66303531e-07 
 2.96200000e-04  1.66133861e-07 
 2.96300000e-04  1.66058190e-07 
 2.96400000e-04  1.65989003e-07 
 2.96500000e-04  1.65956024e-07 
 2.96600000e-04  1.53545643e-07 
 2.96700000e-04  1.53165459e-07 
 2.96800000e-04  1.52960062e-07 
 2.96900000e-04  1.52805885e-07 
 2.97000000e-04  1.52704519e-07 
 2.97100000e-04  1.66026195e-07 
 2.97200000e-04  1.65829665e-07 
 2.97300000e-04  1.65758578e-07 
 2.97400000e-04  1.65695626e-07 
 2.97500000e-04  1.65667449e-07 
 2.97600000e-04  1.52023712e-07 
 2.97700000e-04  1.51579814e-07 
 2.97800000e-04  1.51342013e-07 
 2.97900000e-04  1.51160948e-07 
 2.98000000e-04  1.51038385e-07 
 2.98100000e-04  1.67407764e-07 
 2.98200000e-04  1.67123656e-07 
 2.98300000e-04  1.67027654e-07 
 2.98400000e-04  1.66944584e-07 
 2.98500000e-04  1.66907619e-07 
 2.98600000e-04  1.55794854e-07 
 2.98700000e-04  1.55381341e-07 
 2.98800000e-04  1.55181139e-07 
 2.98900000e-04  1.55047731e-07 
 2.99000000e-04  1.54983200e-07 
 2.99100000e-04  1.66106444e-07 
 2.99200000e-04  1.65860570e-07 
 2.99300000e-04  1.65781397e-07 
 2.99400000e-04  1.65713654e-07 
 2.99500000e-04  1.65673874e-07 
 2.99600000e-04  1.52083313e-07 
 2.99700000e-04  1.51606103e-07 
 2.99800000e-04  1.51360465e-07 
 2.99900000e-04  1.51171893e-07 
 3.00000000e-04  1.51042158e-07 
 3.00100000e-04  1.66873032e-07 
 3.00200000e-04  1.66708251e-07 
 3.00300000e-04  1.66636943e-07 
 3.00400000e-04  1.66571823e-07 
 3.00500000e-04  1.66526758e-07 
 3.00600000e-04  1.54123077e-07 
 3.00700000e-04  1.53714713e-07 
 3.00800000e-04  1.53518245e-07 
 3.00900000e-04  1.53375219e-07 
 3.01000000e-04  1.53287294e-07 
 3.01100000e-04  1.66636454e-07 
 3.01200000e-04  1.66422221e-07 
 3.01300000e-04  1.66352258e-07 
 3.01400000e-04  1.66292513e-07 
 3.01500000e-04  1.66274150e-07 
 3.01600000e-04  1.52613314e-07 
 3.01700000e-04  1.52175700e-07 
 3.01800000e-04  1.51938546e-07 
 3.01900000e-04  1.51758572e-07 
 3.02000000e-04  1.51637552e-07 
 3.02100000e-04  1.68559667e-07 
 3.02200000e-04  1.68168448e-07 
 3.02300000e-04  1.68036428e-07 
 3.02400000e-04  1.67922218e-07 
 3.02500000e-04  1.67859334e-07 
 3.02600000e-04  1.58016920e-07 
 3.02700000e-04  1.57635820e-07 
 3.02800000e-04  1.57447116e-07 
 3.02900000e-04  1.57316399e-07 
 3.03000000e-04  1.57245468e-07 
 3.03100000e-04  1.66217085e-07 
 3.03200000e-04  1.65934877e-07 
 3.03300000e-04  1.65840198e-07 
 3.03400000e-04  1.65757766e-07 
 3.03500000e-04  1.65713410e-07 
 3.03600000e-04  1.52154326e-07 
 3.03700000e-04  1.51619730e-07 
 3.03800000e-04  1.51372037e-07 
 3.03900000e-04  1.51178180e-07 
 3.04000000e-04  1.51039824e-07 
 3.04100000e-04  1.66887688e-07 
 3.04200000e-04  1.66710924e-07 
 3.04300000e-04  1.66640750e-07 
 3.04400000e-04  1.66578363e-07 
 3.04500000e-04  1.66535529e-07 
 3.04600000e-04  1.54105636e-07 
 3.04700000e-04  1.53718712e-07 
 3.04800000e-04  1.53517885e-07 
 3.04900000e-04  1.53377816e-07 
 3.05000000e-04  1.53300389e-07 
 3.05100000e-04  1.66638397e-07 
 3.05200000e-04  1.66432492e-07 
 3.05300000e-04  1.66361692e-07 
 3.05400000e-04  1.66300278e-07 
 3.05500000e-04  1.66268774e-07 
 3.05600000e-04  1.52619237e-07 
 3.05700000e-04  1.52165953e-07 
 3.05800000e-04  1.51932076e-07 
 3.05900000e-04  1.51755900e-07 
 3.06000000e-04  1.51639210e-07 
 3.06100000e-04  1.68030414e-07 
 3.06200000e-04  1.67751434e-07 
 3.06300000e-04  1.67644906e-07 
 3.06400000e-04  1.67550234e-07 
 3.06500000e-04  1.67508617e-07 
 3.06600000e-04  1.56372099e-07 
 3.06700000e-04  1.55982257e-07 
 3.06800000e-04  1.55772230e-07 
 3.06900000e-04  1.55633454e-07 
 3.07000000e-04  1.55568147e-07 
 3.07100000e-04  1.66723647e-07 
 3.07200000e-04  1.66478492e-07 
 3.07300000e-04  1.66400155e-07 
 3.07400000e-04  1.66332778e-07 
 3.07500000e-04  1.66302993e-07 
 3.07600000e-04  1.52659392e-07 
 3.07700000e-04  1.52177301e-07 
 3.07800000e-04  1.51936531e-07 
 3.07900000e-04  1.51753556e-07 
 3.08000000e-04  1.51630164e-07 
 3.08100000e-04  1.67507639e-07 
 3.08200000e-04  1.67320053e-07 
 3.08300000e-04  1.67244846e-07 
 3.08400000e-04  1.67178374e-07 
 3.08500000e-04  1.67135772e-07 
 3.08600000e-04  1.54707624e-07 
 3.08700000e-04  1.54320181e-07 
 3.08800000e-04  1.54119602e-07 
 3.08900000e-04  1.53975551e-07 
 3.09000000e-04  1.53889777e-07 
 3.09100000e-04  1.67254266e-07 
 3.09200000e-04  1.67043807e-07 
 3.09300000e-04  1.66973187e-07 
 3.09400000e-04  1.66912543e-07 
 3.09500000e-04  1.66881083e-07 
 3.09600000e-04  1.53175757e-07 
 3.09700000e-04  1.52770470e-07 
 3.09800000e-04  1.52526023e-07 
 3.09900000e-04  1.52346735e-07 
 3.10000000e-04  1.52234630e-07 
 3.10100000e-04  1.69701125e-07 
 3.10200000e-04  1.69214855e-07 
 3.10300000e-04  1.69052368e-07 
 3.10400000e-04  1.68910926e-07 
 3.10500000e-04  1.68854697e-07 
 3.10600000e-04  1.60266684e-07 
 3.10700000e-04  1.59898469e-07 
 3.10800000e-04  1.59708345e-07 
 3.10900000e-04  1.59584078e-07 
 3.11000000e-04  1.59527710e-07 
 3.11100000e-04  1.66524712e-07 
 3.11200000e-04  1.66123878e-07 
 3.11300000e-04  1.65987748e-07 
 3.11400000e-04  1.65870331e-07 
 3.11500000e-04  1.65822413e-07 
 3.11600000e-04  1.52255802e-07 
 3.11700000e-04  1.51680948e-07 
 3.11800000e-04  1.51418089e-07 
 3.11900000e-04  1.51214638e-07 
 3.12000000e-04  1.51072433e-07 
 3.12100000e-04  1.66918990e-07 
 3.12200000e-04  1.66746454e-07 
 3.12300000e-04  1.66673526e-07 
 3.12400000e-04  1.66607657e-07 
 3.12500000e-04  1.66560633e-07 
 3.12600000e-04  1.54123373e-07 
 3.12700000e-04  1.53740285e-07 
 3.12800000e-04  1.53539161e-07 
 3.12900000e-04  1.53390783e-07 
 3.13000000e-04  1.53296774e-07 
 3.13100000e-04  1.66653494e-07 
 3.13200000e-04  1.66449034e-07 
 3.13300000e-04  1.66373558e-07 
 3.13400000e-04  1.66306889e-07 
 3.13500000e-04  1.66270228e-07 
 3.13600000e-04  1.52609892e-07 
 3.13700000e-04  1.52187676e-07 
 3.13800000e-04  1.51946056e-07 
 3.13900000e-04  1.51760294e-07 
 3.14000000e-04  1.51632110e-07 
 3.14100000e-04  1.68019501e-07 
 3.14200000e-04  1.67748874e-07 
 3.14300000e-04  1.67640617e-07 
 3.14400000e-04  1.67542745e-07 
 3.14500000e-04  1.67503090e-07 
 3.14600000e-04  1.56367952e-07 
 3.14700000e-04  1.55972341e-07 
 3.14800000e-04  1.55777060e-07 
 3.14900000e-04  1.55641058e-07 
 3.15000000e-04  1.55566166e-07 
 3.15100000e-04  1.66725932e-07 
 3.15200000e-04  1.66481726e-07 
 3.15300000e-04  1.66396630e-07 
 3.15400000e-04  1.66322134e-07 
 3.15500000e-04  1.66292045e-07 
 3.15600000e-04  1.52654981e-07 
 3.15700000e-04  1.52191119e-07 
 3.15800000e-04  1.51943369e-07 
 3.15900000e-04  1.51760042e-07 
 3.16000000e-04  1.51643132e-07 
 3.16100000e-04  1.67501714e-07 
 3.16200000e-04  1.67333698e-07 
 3.16300000e-04  1.67256590e-07 
 3.16400000e-04  1.67185526e-07 
 3.16500000e-04  1.67125934e-07 
 3.16600000e-04  1.54700083e-07 
 3.16700000e-04  1.54308807e-07 
 3.16800000e-04  1.54103227e-07 
 3.16900000e-04  1.53962289e-07 
 3.17000000e-04  1.53887992e-07 
 3.17100000e-04  1.67266257e-07 
 3.17200000e-04  1.67043648e-07 
 3.17300000e-04  1.66973673e-07 
 3.17400000e-04  1.66915030e-07 
 3.17500000e-04  1.66881117e-07 
 3.17600000e-04  1.53191906e-07 
 3.17700000e-04  1.52766831e-07 
 3.17800000e-04  1.52525731e-07 
 3.17900000e-04  1.52341717e-07 
 3.18000000e-04  1.52216547e-07 
 3.18100000e-04  1.69174247e-07 
 3.18200000e-04  1.68789802e-07 
 3.18300000e-04  1.68657468e-07 
 3.18400000e-04  1.68541744e-07 
 3.18500000e-04  1.68494063e-07 
 3.18600000e-04  1.58616701e-07 
 3.18700000e-04  1.58216530e-07 
 3.18800000e-04  1.58032070e-07 
 3.18900000e-04  1.57906727e-07 
 3.19000000e-04  1.57842322e-07 
 3.19100000e-04  1.66855828e-07 
 3.19200000e-04  1.66567530e-07 
 3.19300000e-04  1.66473160e-07 
 3.19400000e-04  1.66391632e-07 
 3.19500000e-04  1.66351757e-07 
 3.19600000e-04  1.52733855e-07 
 3.19700000e-04  1.52210706e-07 
 3.19800000e-04  1.51967445e-07 
 3.19900000e-04  1.51781143e-07 
 3.20000000e-04  1.51653548e-07 
 3.20100000e-04  1.67510505e-07 
 3.20200000e-04  1.67342990e-07 
 3.20300000e-04  1.67264978e-07 
 3.20400000e-04  1.67192943e-07 
 3.20500000e-04  1.67155611e-07 
 3.20600000e-04  1.54697382e-07 
 3.20700000e-04  1.54319951e-07 
 3.20800000e-04  1.54122574e-07 
 3.20900000e-04  1.53978201e-07 
 3.21000000e-04  1.53888458e-07 
 3.21100000e-04  1.67280352e-07 
 3.21200000e-04  1.67064400e-07 
 3.21300000e-04  1.66988561e-07 
 3.21400000e-04  1.66922718e-07 
 3.21500000e-04  1.66893501e-07 
 3.21600000e-04  1.53201418e-07 
 3.21700000e-04  1.52777045e-07 
 3.21800000e-04  1.52535860e-07 
 3.21900000e-04  1.52355972e-07 
 3.22000000e-04  1.52239267e-07 
 3.22100000e-04  1.68644580e-07 
 3.22200000e-04  1.68371330e-07 
 3.22300000e-04  1.68268195e-07 
 3.22400000e-04  1.68176117e-07 
 3.22500000e-04  1.68118880e-07 
 3.22600000e-04  1.56952722e-07 
 3.22700000e-04  1.56565479e-07 
 3.22800000e-04  1.56372862e-07 
 3.22900000e-04  1.56237440e-07 
 3.23000000e-04  1.56160972e-07 
 3.23100000e-04  1.67346122e-07 
 3.23200000e-04  1.67104402e-07 
 3.23300000e-04  1.67014034e-07 
 3.23400000e-04  1.66933390e-07 
 3.23500000e-04  1.66918381e-07 
 3.23600000e-04  1.53256424e-07 
 3.23700000e-04  1.52776998e-07 
 3.23800000e-04  1.52527495e-07 
 3.23900000e-04  1.52339868e-07 
 3.24000000e-04  1.52216019e-07 
 3.24100000e-04  1.68134073e-07 
 3.24200000e-04  1.67934172e-07 
 3.24300000e-04  1.67866284e-07 
 3.24400000e-04  1.67808640e-07 
 3.24500000e-04  1.67767138e-07 
 3.24600000e-04  1.55296410e-07 
 3.24700000e-04  1.54913579e-07 
 3.24800000e-04  1.54707889e-07 
 3.24900000e-04  1.54562726e-07 
 3.25000000e-04  1.54479949e-07 
 3.25100000e-04  1.67878978e-07 
 3.25200000e-04  1.67670690e-07 
 3.25300000e-04  1.67595937e-07 
 3.25400000e-04  1.67530202e-07 
 3.25500000e-04  1.67502350e-07 
 3.25600000e-04  1.53785250e-07 
 3.25700000e-04  1.53358638e-07 
 3.25800000e-04  1.53114000e-07 
 3.25900000e-04  1.52935701e-07 
 3.26000000e-04  1.52825779e-07 
 3.26100000e-04  1.71377685e-07 
 3.26200000e-04  1.70667546e-07 
 3.26300000e-04  1.70456054e-07 
 3.26400000e-04  1.70277126e-07 
 3.26500000e-04  1.70188470e-07 
 3.26600000e-04  1.64184642e-07 
 3.26700000e-04  1.63799710e-07 
 3.26800000e-04  1.63622842e-07 
 3.26900000e-04  1.63517176e-07 
 3.27000000e-04  1.63484909e-07 
 3.27100000e-04  1.66666006e-07 
 3.27200000e-04  1.65727737e-07 
 3.27300000e-04  1.65491204e-07 
 3.27400000e-04  1.65299802e-07 
 3.27500000e-04  1.65225665e-07 
 3.27600000e-04  1.51768993e-07 
 3.27700000e-04  1.51100436e-07 
 3.27800000e-04  1.50813825e-07 
 3.27900000e-04  1.50604920e-07 
 3.28000000e-04  1.50476122e-07 
 3.28100000e-04  1.66316466e-07 
 3.28200000e-04  1.66137810e-07 
 3.28300000e-04  1.66062269e-07 
 3.28400000e-04  1.65994014e-07 
 3.28500000e-04  1.65953775e-07 
 3.28600000e-04  1.53549171e-07 
 3.28700000e-04  1.53157052e-07 
 3.28800000e-04  1.52941649e-07 
 3.28900000e-04  1.52796543e-07 
 3.29000000e-04  1.52723898e-07 
 3.29100000e-04  1.66033765e-07 
 3.29200000e-04  1.65822690e-07 
 3.29300000e-04  1.65753435e-07 
 3.29400000e-04  1.65694158e-07 
 3.29500000e-04  1.65658671e-07 
 3.29600000e-04  1.52018807e-07 
 3.29700000e-04  1.51594944e-07 
 3.29800000e-04  1.51353896e-07 
 3.29900000e-04  1.51167510e-07 
 3.30000000e-04  1.51037458e-07 
 3.30100000e-04  1.67406737e-07 
 3.30200000e-04  1.67130041e-07 
 3.30300000e-04  1.67020535e-07 
 3.30400000e-04  1.66922217e-07 
 3.30500000e-04  1.66883043e-07 
 3.30600000e-04  1.55788442e-07 
 3.30700000e-04  1.55380943e-07 
 3.30800000e-04  1.55176866e-07 
 3.30900000e-04  1.55037555e-07 
 3.31000000e-04  1.54964999e-07 
 3.31100000e-04  1.66108311e-07 
 3.31200000e-04  1.65872942e-07 
 3.31300000e-04  1.65790082e-07 
 3.31400000e-04  1.65717137e-07 
 3.31500000e-04  1.65672962e-07 
 3.31600000e-04  1.52076823e-07 
 3.31700000e-04  1.51606813e-07 
 3.31800000e-04  1.51349665e-07 
 3.31900000e-04  1.51154657e-07 
 3.32000000e-04  1.51023693e-07 
 3.32100000e-04  1.66875033e-07 
 3.32200000e-04  1.66711839e-07 
 3.32300000e-04  1.66631646e-07 
 3.32400000e-04  1.66557164e-07 
 3.32500000e-04  1.66521268e-07 
 3.32600000e-04  1.54127061e-07 
 3.32700000e-04  1.53727851e-07 
 3.32800000e-04  1.53515658e-07 
 3.32900000e-04  1.53369501e-07 
 3.33000000e-04  1.53291401e-07 
 3.33100000e-04  1.66644307e-07 
 3.33200000e-04  1.66423694e-07 
 3.33300000e-04  1.66351414e-07 
 3.33400000e-04  1.66290342e-07 
 3.33500000e-04  1.66254560e-07 
 3.33600000e-04  1.52613460e-07 
 3.33700000e-04  1.52164650e-07 
 3.33800000e-04  1.51918692e-07 
 3.33900000e-04  1.51736309e-07 
 3.34000000e-04  1.51619448e-07 
 3.34100000e-04  1.68545934e-07 
 3.34200000e-04  1.68148379e-07 
 3.34300000e-04  1.68025330e-07 
 3.34400000e-04  1.67921029e-07 
 3.34500000e-04  1.67865057e-07 
 3.34600000e-04  1.58020447e-07 
 3.34700000e-04  1.57640322e-07 
 3.34800000e-04  1.57439956e-07 
 3.34900000e-04  1.57310043e-07 
 3.35000000e-04  1.57252749e-07 
 3.35100000e-04  1.66227948e-07 
 3.35200000e-04  1.65937149e-07 
 3.35300000e-04  1.65844576e-07 
 3.35400000e-04  1.65765661e-07 
 3.35500000e-04  1.65720325e-07 
 3.35600000e-04  1.52145531e-07 
 3.35700000e-04  1.51631259e-07 
 3.35800000e-04  1.51370823e-07 
 3.35900000e-04  1.51178676e-07 
 3.36000000e-04  1.51056911e-07 
 3.36100000e-04  1.66898442e-07 
 3.36200000e-04  1.66720344e-07 
 3.36300000e-04  1.66640726e-07 
 3.36400000e-04  1.66568389e-07 
 3.36500000e-04  1.66530745e-07 
 3.36600000e-04  1.54117606e-07 
 3.36700000e-04  1.53732500e-07 
 3.36800000e-04  1.53517414e-07 
 3.36900000e-04  1.53368357e-07 
 3.37000000e-04  1.53287353e-07 
 3.37100000e-04  1.66638143e-07 
 3.37200000e-04  1.66428391e-07 
 3.37300000e-04  1.66361671e-07 
 3.37400000e-04  1.66304904e-07 
 3.37500000e-04  1.66281313e-07 
 3.37600000e-04  1.52607650e-07 
 3.37700000e-04  1.52167005e-07 
 3.37800000e-04  1.51931450e-07 
 3.37900000e-04  1.51747220e-07 
 3.38000000e-04  1.51615870e-07 
 3.38100000e-04  1.68021326e-07 
 3.38200000e-04  1.67727433e-07 
 3.38300000e-04  1.67629386e-07 
 3.38400000e-04  1.67545245e-07 
 3.38500000e-04  1.67492962e-07 
 3.38600000e-04  1.56363060e-07 
 3.38700000e-04  1.55969278e-07 
 3.38800000e-04  1.55770371e-07 
 3.38900000e-04  1.55637698e-07 
 3.39000000e-04  1.55573286e-07 
 3.39100000e-04  1.66717705e-07 
 3.39200000e-04  1.66475635e-07 
 3.39300000e-04  1.66398644e-07 
 3.39400000e-04  1.66332701e-07 
 3.39500000e-04  1.66279601e-07 
 3.39600000e-04  1.52654736e-07 
 3.39700000e-04  1.52176259e-07 
 3.39800000e-04  1.51933438e-07 
 3.39900000e-04  1.51749470e-07 
 3.40000000e-04  1.51626145e-07 
 3.40100000e-04  1.67494905e-07 
 3.40200000e-04  1.67325095e-07 
 3.40300000e-04  1.67250684e-07 
 3.40400000e-04  1.67183166e-07 
 3.40500000e-04  1.67138038e-07 
 3.40600000e-04  1.54710071e-07 
 3.40700000e-04  1.54300233e-07 
 3.40800000e-04  1.54108116e-07 
 3.40900000e-04  1.53966945e-07 
 3.41000000e-04  1.53878261e-07 
 3.41100000e-04  1.67261677e-07 
 3.41200000e-04  1.67049782e-07 
 3.41300000e-04  1.66976756e-07 
 3.41400000e-04  1.66913564e-07 
 3.41500000e-04  1.66879920e-07 
 3.41600000e-04  1.53199481e-07 
 3.41700000e-04  1.52769675e-07 
 3.41800000e-04  1.52526735e-07 
 3.41900000e-04  1.52337401e-07 
 3.42000000e-04  1.52203295e-07 
 3.42100000e-04  1.69688502e-07 
 3.42200000e-04  1.69206094e-07 
 3.42300000e-04  1.69045906e-07 
 3.42400000e-04  1.68906106e-07 
 3.42500000e-04  1.68846108e-07 
 3.42600000e-04  1.60281532e-07 
 3.42700000e-04  1.59877654e-07 
 3.42800000e-04  1.59682321e-07 
 3.42900000e-04  1.59559606e-07 
 3.43000000e-04  1.59511732e-07 
 3.43100000e-04  1.66525072e-07 
 3.43200000e-04  1.66135706e-07 
 3.43300000e-04  1.65989652e-07 
 3.43400000e-04  1.65860129e-07 
 3.43500000e-04  1.65799947e-07 
 3.43600000e-04  1.52237156e-07 
 3.43700000e-04  1.51673188e-07 
 3.43800000e-04  1.51412440e-07 
 3.43900000e-04  1.51215821e-07 
 3.44000000e-04  1.51085285e-07 
 3.44100000e-04  1.66920030e-07 
 3.44200000e-04  1.66739675e-07 
 3.44300000e-04  1.66669271e-07 
 3.44400000e-04  1.66606563e-07 
 3.44500000e-04  1.66557347e-07 
 3.44600000e-04  1.54139636e-07 
 3.44700000e-04  1.53739093e-07 
 3.44800000e-04  1.53536246e-07 
 3.44900000e-04  1.53394234e-07 
 3.45000000e-04  1.53314906e-07 
 3.45100000e-04  1.66651034e-07 
 3.45200000e-04  1.66442859e-07 
 3.45300000e-04  1.66372649e-07 
 3.45400000e-04  1.66312172e-07 
 3.45500000e-04  1.66276199e-07 
 3.45600000e-04  1.52619860e-07 
 3.45700000e-04  1.52174858e-07 
 3.45800000e-04  1.51940447e-07 
 3.45900000e-04  1.51758145e-07 
 3.46000000e-04  1.51629523e-07 
 3.46100000e-04  1.68029504e-07 
 3.46200000e-04  1.67748272e-07 
 3.46300000e-04  1.67641705e-07 
 3.46400000e-04  1.67547212e-07 
 3.46500000e-04  1.67496258e-07 
 3.46600000e-04  1.56361923e-07 
 3.46700000e-04  1.55980244e-07 
 3.46800000e-04  1.55776758e-07 
 3.46900000e-04  1.55639766e-07 
 3.47000000e-04  1.55571295e-07 
 3.47100000e-04  1.66720339e-07 
 3.47200000e-04  1.66471235e-07 
 3.47300000e-04  1.66397908e-07 
 3.47400000e-04  1.66336526e-07 
 3.47500000e-04  1.66285431e-07 
 3.47600000e-04  1.52650519e-07 
 3.47700000e-04  1.52189720e-07 
 3.47800000e-04  1.51943283e-07 
 3.47900000e-04  1.51754301e-07 
 3.48000000e-04  1.51624516e-07 
 3.48100000e-04  1.67484613e-07 
 3.48200000e-04  1.67328212e-07 
 3.48300000e-04  1.67248122e-07 
 3.48400000e-04  1.67172819e-07 
 3.48500000e-04  1.67128044e-07 
 3.48600000e-04  1.54699810e-07 
 3.48700000e-04  1.54307807e-07 
 3.48800000e-04  1.54101739e-07 
 3.48900000e-04  1.53959604e-07 
 3.49000000e-04  1.53883343e-07 
 3.49100000e-04  1.67259724e-07 
 3.49200000e-04  1.67038466e-07 
 3.49300000e-04  1.66967795e-07 
 3.49400000e-04  1.66907923e-07 
 3.49500000e-04  1.66884101e-07 
 3.49600000e-04  1.53180555e-07 
 3.49700000e-04  1.52765592e-07 
 3.49800000e-04  1.52526924e-07 
 3.49900000e-04  1.52346016e-07 
 3.50000000e-04  1.52224617e-07 
 3.50100000e-04  1.69162005e-07 
 3.50200000e-04  1.68784804e-07 
 3.50300000e-04  1.68652326e-07 
 3.50400000e-04  1.68535507e-07 
 3.50500000e-04  1.68469789e-07 
 3.50600000e-04  1.58607257e-07 
 3.50700000e-04  1.58213488e-07 
 3.50800000e-04  1.58020410e-07 
 3.50900000e-04  1.57898131e-07 
 3.51000000e-04  1.57848810e-07 
 3.51100000e-04  1.66847373e-07 
 3.51200000e-04  1.66557396e-07 
 3.51300000e-04  1.66457126e-07 
 3.51400000e-04  1.66369238e-07 
 3.51500000e-04  1.66341353e-07 
 3.51600000e-04  1.52723078e-07 
 3.51700000e-04  1.52212784e-07 
 3.51800000e-04  1.51963615e-07 
 3.51900000e-04  1.51773891e-07 
 3.52000000e-04  1.51645411e-07 
 3.52100000e-04  1.67513483e-07 
 3.52200000e-04  1.67327605e-07 
 3.52300000e-04  1.67249824e-07 
 3.52400000e-04  1.67180090e-07 
 3.52500000e-04  1.67147158e-07 
 3.52600000e-04  1.54695282e-07 
 3.52700000e-04  1.54319697e-07 
 3.52800000e-04  1.54116702e-07 
 3.52900000e-04  1.53974124e-07 
 3.53000000e-04  1.53893788e-07 
 3.53100000e-04  1.67262542e-07 
 3.53200000e-04  1.67055168e-07 
 3.53300000e-04  1.66983570e-07 
 3.53400000e-04  1.66921061e-07 
 3.53500000e-04  1.66893739e-07 
 3.53600000e-04  1.53180270e-07 
 3.53700000e-04  1.52765081e-07 
 3.53800000e-04  1.52519073e-07 
 3.53900000e-04  1.52332276e-07 
 3.54000000e-04  1.52206479e-07 
 3.54100000e-04  1.68654319e-07 
 3.54200000e-04  1.68375867e-07 
 3.54300000e-04  1.68265407e-07 
 3.54400000e-04  1.68166229e-07 
 3.54500000e-04  1.68123522e-07 
 3.54600000e-04  1.56948524e-07 
 3.54700000e-04  1.56556713e-07 
 3.54800000e-04  1.56364570e-07 
 3.54900000e-04  1.56232556e-07 
 3.55000000e-04  1.56162487e-07 
 3.55100000e-04  1.67334253e-07 
 3.55200000e-04  1.67102131e-07 
 3.55300000e-04  1.67020901e-07 
 3.55400000e-04  1.66949051e-07 
 3.55500000e-04  1.66912579e-07 
 3.55600000e-04  1.53236654e-07 
 3.55700000e-04  1.52780370e-07 
 3.55800000e-04  1.52535251e-07 
 3.55900000e-04  1.52349362e-07 
 3.56000000e-04  1.52224489e-07 
 3.56100000e-04  1.68121903e-07 
 3.56200000e-04  1.67950450e-07 
 3.56300000e-04  1.67875184e-07 
 3.56400000e-04  1.67806789e-07 
 3.56500000e-04  1.67749610e-07 
 3.56600000e-04  1.55282841e-07 
 3.56700000e-04  1.54907705e-07 
 3.56800000e-04  1.54706621e-07 
 3.56900000e-04  1.54559098e-07 
 3.57000000e-04  1.54466747e-07 
 3.57100000e-04  1.67876261e-07 
 3.57200000e-04  1.67651586e-07 
 3.57300000e-04  1.67588911e-07 
 3.57400000e-04  1.67537821e-07 
 3.57500000e-04  1.67499131e-07 
 3.57600000e-04  1.53767056e-07 
 3.57700000e-04  1.53349134e-07 
 3.57800000e-04  1.53117771e-07 
 3.57900000e-04  1.52937883e-07 
 3.58000000e-04  1.52811012e-07 
 3.58100000e-04  1.70856459e-07 
 3.58200000e-04  1.70238538e-07 
 3.58300000e-04  1.70050219e-07 
 3.58400000e-04  1.69890721e-07 
 3.58500000e-04  1.69818290e-07 
 3.58600000e-04  1.62515095e-07 
 3.58700000e-04  1.62137158e-07 
 3.58800000e-04  1.61953046e-07 
 3.58900000e-04  1.61845148e-07 
 3.59000000e-04  1.61815791e-07 
 3.59100000e-04  1.67152824e-07 
 3.59200000e-04  1.66361395e-07 
 3.59300000e-04  1.66125749e-07 
 3.59400000e-04  1.65927824e-07 
 3.59500000e-04  1.65846014e-07 
 3.59600000e-04  1.52319039e-07 
 3.59700000e-04  1.51724183e-07 
 3.59800000e-04  1.51440581e-07 
 3.59900000e-04  1.51231153e-07 
 3.60000000e-04  1.51098160e-07 
 3.60100000e-04  1.66947826e-07 
 3.60200000e-04  1.66761787e-07 
 3.60300000e-04  1.66685650e-07 
 3.60400000e-04  1.66617546e-07 
 3.60500000e-04  1.66561634e-07 
 3.60600000e-04  1.54143354e-07 
 3.60700000e-04  1.53738704e-07 
 3.60800000e-04  1.53541019e-07 
 3.60900000e-04  1.53396566e-07 
 3.61000000e-04  1.53306939e-07 
 3.61100000e-04  1.66660269e-07 
 3.61200000e-04  1.66460976e-07 
 3.61300000e-04  1.66389574e-07 
 3.61400000e-04  1.66326614e-07 
 3.61500000e-04  1.66286447e-07 
 3.61600000e-04  1.52613072e-07 
 3.61700000e-04  1.52174429e-07 
 3.61800000e-04  1.51934797e-07 
 3.61900000e-04  1.51752899e-07 
 3.62000000e-04  1.51630472e-07 
 3.62100000e-04  1.68034356e-07 
 3.62200000e-04  1.67737952e-07 
 3.62300000e-04  1.67636631e-07 
 3.62400000e-04  1.67549319e-07 
 3.62500000e-04  1.67512855e-07 
 3.62600000e-04  1.56371668e-07 
 3.62700000e-04  1.55978012e-07 
 3.62800000e-04  1.55779821e-07 
 3.62900000e-04  1.55646625e-07 
 3.63000000e-04  1.55580388e-07 
 3.63100000e-04  1.66729960e-07 
 3.63200000e-04  1.66483502e-07 
 3.63300000e-04  1.66401075e-07 
 3.63400000e-04  1.66329610e-07 
 3.63500000e-04  1.66305951e-07 
 3.63600000e-04  1.52663342e-07 
 3.63700000e-04  1.52176358e-07 
 3.63800000e-04  1.51944183e-07 
 3.63900000e-04  1.51761120e-07 
 3.64000000e-04  1.51628628e-07 
 3.64100000e-04  1.67494540e-07 
 3.64200000e-04  1.67331278e-07 
 3.64300000e-04  1.67256311e-07 
 3.64400000e-04  1.67186998e-07 
 3.64500000e-04  1.67131283e-07 
 3.64600000e-04  1.54692115e-07 
 3.64700000e-04  1.54320594e-07 
 3.64800000e-04  1.54109529e-07 
 3.64900000e-04  1.53960493e-07 
 3.65000000e-04  1.53875353e-07 
 3.65100000e-04  1.67257460e-07 
 3.65200000e-04  1.67058142e-07 
 3.65300000e-04  1.66982753e-07 
 3.65400000e-04  1.66915885e-07 
 3.65500000e-04  1.66881862e-07 
 3.65600000e-04  1.53175835e-07 
 3.65700000e-04  1.52768770e-07 
 3.65800000e-04  1.52531932e-07 
 3.65900000e-04  1.52344636e-07 
 3.66000000e-04  1.52208354e-07 
 3.66100000e-04  1.69159955e-07 
 3.66200000e-04  1.68767878e-07 
 3.66300000e-04  1.68642922e-07 
 3.66400000e-04  1.68536010e-07 
 3.66500000e-04  1.68482056e-07 
 3.66600000e-04  1.58620611e-07 
 3.66700000e-04  1.58234098e-07 
 3.66800000e-04  1.58031923e-07 
 3.66900000e-04  1.57902929e-07 
 3.67000000e-04  1.57849337e-07 
 3.67100000e-04  1.66852276e-07 
 3.67200000e-04  1.66578913e-07 
 3.67300000e-04  1.66477076e-07 
 3.67400000e-04  1.66386340e-07 
 3.67500000e-04  1.66338462e-07 
 3.67600000e-04  1.52726447e-07 
 3.67700000e-04  1.52210733e-07 
 3.67800000e-04  1.51966483e-07 
 3.67900000e-04  1.51773405e-07 
 3.68000000e-04  1.51633021e-07 
 3.68100000e-04  1.67517710e-07 
 3.68200000e-04  1.67345940e-07 
 3.68300000e-04  1.67268410e-07 
 3.68400000e-04  1.67197205e-07 
 3.68500000e-04  1.67148588e-07 
 3.68600000e-04  1.54691307e-07 
 3.68700000e-04  1.54315216e-07 
 3.68800000e-04  1.54119183e-07 
 3.68900000e-04  1.53975672e-07 
 3.69000000e-04  1.53886246e-07 
 3.69100000e-04  1.67260423e-07 
 3.69200000e-04  1.67043040e-07 
 3.69300000e-04  1.66974825e-07 
 3.69400000e-04  1.66917364e-07 
 3.69500000e-04  1.66884826e-07 
 3.69600000e-04  1.53207302e-07 
 3.69700000e-04  1.52754509e-07 
 3.69800000e-04  1.52517833e-07 
 3.69900000e-04  1.52344516e-07 
 3.70000000e-04  1.52236462e-07 
 3.70100000e-04  1.68639241e-07 
 3.70200000e-04  1.68347127e-07 
 3.70300000e-04  1.68245832e-07 
 3.70400000e-04  1.68157616e-07 
 3.70500000e-04  1.68115843e-07 
 3.70600000e-04  1.56951068e-07 
 3.70700000e-04  1.56565011e-07 
 3.70800000e-04  1.56360760e-07 
 3.70900000e-04  1.56220609e-07 
 3.71000000e-04  1.56146488e-07 
 3.71100000e-04  1.67353932e-07 
 3.71200000e-04  1.67096664e-07 
 3.71300000e-04  1.67014387e-07 
 3.71400000e-04  1.66944279e-07 
 3.71500000e-04  1.66903495e-07 
 3.71600000e-04  1.53234630e-07 
 3.71700000e-04  1.52775049e-07 
 3.71800000e-04  1.52536997e-07 
 3.71900000e-04  1.52350329e-07 
 3.72000000e-04  1.52216570e-07 
 3.72100000e-04  1.68121325e-07 
 3.72200000e-04  1.67937722e-07 
 3.72300000e-04  1.67865710e-07 
 3.72400000e-04  1.67802057e-07 
 3.72500000e-04  1.67762621e-07 
 3.72600000e-04  1.55291787e-07 
 3.72700000e-04  1.54901004e-07 
 3.72800000e-04  1.54703534e-07 
 3.72900000e-04  1.54561101e-07 
 3.73000000e-04  1.54475343e-07 
 3.73100000e-04  1.67892882e-07 
 3.73200000e-04  1.67662202e-07 
 3.73300000e-04  1.67586171e-07 
 3.73400000e-04  1.67521921e-07 
 3.73500000e-04  1.67500065e-07 
 3.73600000e-04  1.53774471e-07 
 3.73700000e-04  1.53341796e-07 
 3.73800000e-04  1.53105145e-07 
 3.73900000e-04  1.52926439e-07 
 3.74000000e-04  1.52807409e-07 
 3.74100000e-04  1.70332197e-07 
 3.74200000e-04  1.69817476e-07 
 3.74300000e-04  1.69658234e-07 
 3.74400000e-04  1.69523516e-07 
 3.74500000e-04  1.69462070e-07 
 3.74600000e-04  1.60863375e-07 
 3.74700000e-04  1.60485919e-07 
 3.74800000e-04  1.60286307e-07 
 3.74900000e-04  1.60159843e-07 
 3.75000000e-04  1.60108739e-07 
 3.75100000e-04  1.67136985e-07 
 3.75200000e-04  1.66752874e-07 
 3.75300000e-04  1.66606470e-07 
 3.75400000e-04  1.66475707e-07 
 3.75500000e-04  1.66432779e-07 
 3.75600000e-04  1.52848437e-07 
 3.75700000e-04  1.52281888e-07 
 3.75800000e-04  1.52001995e-07 
 3.75900000e-04  1.51797391e-07 
 3.76000000e-04  1.51670358e-07 
 3.76100000e-04  1.67549852e-07 
 3.76200000e-04  1.67372513e-07 
 3.76300000e-04  1.67287733e-07 
 3.76400000e-04  1.67209550e-07 
 3.76500000e-04  1.67177207e-07 
 3.76600000e-04  1.54710293e-07 
 3.76700000e-04  1.54338213e-07 
 3.76800000e-04  1.54129661e-07 
 3.76900000e-04  1.53985503e-07 
 3.77000000e-04  1.53907669e-07 
 3.77100000e-04  1.67290054e-07 
 3.77200000e-04  1.67078890e-07 
 3.77300000e-04  1.66998979e-07 
 3.77400000e-04  1.66928142e-07 
 3.77500000e-04  1.66899365e-07 
 3.77600000e-04  1.53187192e-07 
 3.77700000e-04  1.52771118e-07 
 3.77800000e-04  1.52536415e-07 
 3.77900000e-04  1.52354826e-07 
 3.78000000e-04  1.52227921e-07 
 3.78100000e-04  1.68652054e-07 
 3.78200000e-04  1.68376850e-07 
 3.78300000e-04  1.68261742e-07 
 3.78400000e-04  1.68157000e-07 
 3.78500000e-04  1.68131478e-07 
 3.78600000e-04  1.56951192e-07 
 3.78700000e-04  1.56576360e-07 
 3.78800000e-04  1.56374933e-07 
 3.78900000e-04  1.56233158e-07 
 3.79000000e-04  1.56152817e-07 
 3.79100000e-04  1.67368809e-07 
 3.79200000e-04  1.67109679e-07 
 3.79300000e-04  1.67027656e-07 
 3.79400000e-04  1.66957883e-07 
 3.79500000e-04  1.66908443e-07 
 3.79600000e-04  1.53266187e-07 
 3.79700000e-04  1.52770114e-07 
 3.79800000e-04  1.52535205e-07 
 3.79900000e-04  1.52357850e-07 
 3.80000000e-04  1.52239760e-07 
 3.80100000e-04  1.68133318e-07 
 3.80200000e-04  1.67940483e-07 
 3.80300000e-04  1.67860633e-07 
 3.80400000e-04  1.67789266e-07 
 3.80500000e-04  1.67767016e-07 
 3.80600000e-04  1.55294975e-07 
 3.80700000e-04  1.54904406e-07 
 3.80800000e-04  1.54707019e-07 
 3.80900000e-04  1.54566983e-07 
 3.81000000e-04  1.54486003e-07 
 3.81100000e-04  1.67891954e-07 
 3.81200000e-04  1.67663760e-07 
 3.81300000e-04  1.67590571e-07 
 3.81400000e-04  1.67528913e-07 
 3.81500000e-04  1.67493824e-07 
 3.81600000e-04  1.53786024e-07 
 3.81700000e-04  1.53343766e-07 
 3.81800000e-04  1.53115230e-07 
 3.81900000e-04  1.52938491e-07 
 3.82000000e-04  1.52815076e-07 
 3.82100000e-04  1.69794674e-07 
 3.82200000e-04  1.69394218e-07 
 3.82300000e-04  1.69261398e-07 
 3.82400000e-04  1.69146819e-07 
 3.82500000e-04  1.69105992e-07 
 3.82600000e-04  1.59197877e-07 
 3.82700000e-04  1.58803524e-07 
 3.82800000e-04  1.58613222e-07 
 3.82900000e-04  1.58492287e-07 
 3.83000000e-04  1.58442802e-07 
 3.83100000e-04  1.67471795e-07 
 3.83200000e-04  1.67189605e-07 
 3.83300000e-04  1.67086458e-07 
 3.83400000e-04  1.66994651e-07 
 3.83500000e-04  1.66952505e-07 
 3.83600000e-04  1.53313135e-07 
 3.83700000e-04  1.52818136e-07 
 3.83800000e-04  1.52565171e-07 
 3.83900000e-04  1.52369608e-07 
 3.84000000e-04  1.52233147e-07 
 3.84100000e-04  1.68151904e-07 
 3.84200000e-04  1.67975099e-07 
 3.84300000e-04  1.67897605e-07 
 3.84400000e-04  1.67826940e-07 
 3.84500000e-04  1.67769242e-07 
 3.84600000e-04  1.55287813e-07 
 3.84700000e-04  1.54890902e-07 
 3.84800000e-04  1.54696978e-07 
 3.84900000e-04  1.54558373e-07 
 3.85000000e-04  1.54476719e-07 
 3.85100000e-04  1.67893554e-07 
 3.85200000e-04  1.67672806e-07 
 3.85300000e-04  1.67598762e-07 
 3.85400000e-04  1.67535480e-07 
 3.85500000e-04  1.67516970e-07 
 3.85600000e-04  1.53776871e-07 
 3.85700000e-04  1.53354092e-07 
 3.85800000e-04  1.53124161e-07 
 3.85900000e-04  1.52946795e-07 
 3.86000000e-04  1.52823544e-07 
 3.86100000e-04  1.69264731e-07 
 3.86200000e-04  1.68989381e-07 
 3.86300000e-04  1.68882060e-07 
 3.86400000e-04  1.68785450e-07 
 3.86500000e-04  1.68738101e-07 
 3.86600000e-04  1.57536508e-07 
 3.86700000e-04  1.57157750e-07 
 3.86800000e-04  1.56958100e-07 
 3.86900000e-04  1.56825918e-07 
 3.87000000e-04  1.56763226e-07 
 3.87100000e-04  1.67974978e-07 
 3.87200000e-04  1.67721532e-07 
 3.87300000e-04  1.67633760e-07 
 3.87400000e-04  1.67557276e-07 
 3.87500000e-04  1.67525323e-07 
 3.87600000e-04  1.53824377e-07 
 3.87700000e-04  1.53357640e-07 
 3.87800000e-04  1.53119451e-07 
 3.87900000e-04  1.52940405e-07 
 3.88000000e-04  1.52822258e-07 
 3.88100000e-04  1.68740855e-07 
 3.88200000e-04  1.68560700e-07 
 3.88300000e-04  1.68486919e-07 
 3.88400000e-04  1.68420952e-07 
 3.88500000e-04  1.68378075e-07 
 3.88600000e-04  1.55871501e-07 
 3.88700000e-04  1.55501383e-07 
 3.88800000e-04  1.55303756e-07 
 3.88900000e-04  1.55164979e-07 
 3.89000000e-04  1.55086799e-07 
 3.89100000e-04  1.68523957e-07 
 3.89200000e-04  1.68297853e-07 
 3.89300000e-04  1.68214768e-07 
 3.89400000e-04  1.68142002e-07 
 3.89500000e-04  1.68111574e-07 
 3.89600000e-04  1.54362046e-07 
 3.89700000e-04  1.53934815e-07 
 3.89800000e-04  1.53706645e-07 
 3.89900000e-04  1.53536232e-07 
 3.90000000e-04  1.53425285e-07 
 3.90100000e-04  1.72538819e-07 
 3.90200000e-04  1.71709514e-07 
 3.90300000e-04  1.71462952e-07 
 3.90400000e-04  1.71254542e-07 
 3.90500000e-04  1.71170504e-07 
 3.90600000e-04  1.66437214e-07 
 3.90700000e-04  1.66051450e-07 
 3.90800000e-04  1.65872800e-07 
 3.90900000e-04  1.65779217e-07 
 3.91000000e-04  1.65773272e-07 
 3.91100000e-04  1.66738161e-07 
 3.91200000e-04  1.65783427e-07 
 3.91300000e-04  1.65530944e-07 
 3.91400000e-04  1.65322528e-07 
 3.91500000e-04  1.65233281e-07 
 3.91600000e-04  1.51809108e-07 
 3.91700000e-04  1.51137898e-07 
 3.91800000e-04  1.50844262e-07 
 3.91900000e-04  1.50624814e-07 
 3.92000000e-04  1.50481783e-07 
 3.92100000e-04  1.66319348e-07 
 3.92200000e-04  1.66154365e-07 
 3.92300000e-04  1.66073807e-07 
 3.92400000e-04  1.65998553e-07 
 3.92500000e-04  1.65947133e-07 
 3.92600000e-04  1.53530180e-07 
 3.92700000e-04  1.53136363e-07 
 3.92800000e-04  1.52945269e-07 
 3.92900000e-04  1.52804883e-07 
 3.93000000e-04  1.52716686e-07 
 3.93100000e-04  1.66050526e-07 
 3.93200000e-04  1.65829681e-07 
 3.93300000e-04  1.65758687e-07 
 3.93400000e-04  1.65699035e-07 
 3.93500000e-04  1.65668026e-07 
 3.93600000e-04  1.52033580e-07 
 3.93700000e-04  1.51598136e-07 
 3.93800000e-04  1.51353572e-07 
 3.93900000e-04  1.51166182e-07 
 3.94000000e-04  1.51037655e-07 
 3.94100000e-04  1.67402080e-07 
 3.94200000e-04  1.67132900e-07 
 3.94300000e-04  1.67032837e-07 
 3.94400000e-04  1.66943930e-07 
 3.94500000e-04  1.66898716e-07 
 3.94600000e-04  1.55784206e-07 
 3.94700000e-04  1.55387699e-07 
 3.94800000e-04  1.55182401e-07 
 3.94900000e-04  1.55046432e-07 
 3.95000000e-04  1.54981864e-07 
 3.95100000e-04  1.66095934e-07 
 3.95200000e-04  1.65874818e-07 
 3.95300000e-04  1.65790546e-07 
 3.95400000e-04  1.65714500e-07 
 3.95500000e-04  1.65677313e-07 
 3.95600000e-04  1.52082302e-07 
 3.95700000e-04  1.51582203e-07 
 3.95800000e-04  1.51338597e-07 
 3.95900000e-04  1.51152949e-07 
 3.96000000e-04  1.51026969e-07 
 3.96100000e-04  1.66875944e-07 
 3.96200000e-04  1.66702303e-07 
 3.96300000e-04  1.66623683e-07 
 3.96400000e-04  1.66552032e-07 
 3.96500000e-04  1.66524347e-07 
 3.96600000e-04  1.54123443e-07 
 3.96700000e-04  1.53709642e-07 
 3.96800000e-04  1.53511636e-07 
 3.96900000e-04  1.53367982e-07 
 3.97000000e-04  1.53280274e-07 
 3.97100000e-04  1.66638905e-07 
 3.97200000e-04  1.66413938e-07 
 3.97300000e-04  1.66348527e-07 
 3.97400000e-04  1.66295356e-07 
 3.97500000e-04  1.66258808e-07 
 3.97600000e-04  1.52599412e-07 
 3.97700000e-04  1.52158935e-07 
 3.97800000e-04  1.51923930e-07 
 3.97900000e-04  1.51744860e-07 
 3.98000000e-04  1.51623368e-07 
 3.98100000e-04  1.68543735e-07 
 3.98200000e-04  1.68157057e-07 
 3.98300000e-04  1.68025726e-07 
 3.98400000e-04  1.67911075e-07 
 3.98500000e-04  1.67870377e-07 
 3.98600000e-04  1.58026516e-07 
 3.98700000e-04  1.57631942e-07 
 3.98800000e-04  1.57431470e-07 
 3.98900000e-04  1.57299659e-07 
 3.99000000e-04  1.57238555e-07 
 3.99100000e-04  1.66229313e-07 
 3.99200000e-04  1.65932767e-07 
 3.99300000e-04  1.65839095e-07 
 3.99400000e-04  1.65759393e-07 
 3.99500000e-04  1.65723297e-07 
 3.99600000e-04  1.52144580e-07 
 3.99700000e-04  1.51616629e-07 
 3.99800000e-04  1.51366250e-07 
 3.99900000e-04  1.51178212e-07 
 4.00000000e-04  1.51054358e-07 
 4.00100000e-04  1.66892807e-07 
 4.00200000e-04  1.66712656e-07 
 4.00300000e-04  1.66635188e-07 
 4.00400000e-04  1.66565427e-07 
 4.00500000e-04  1.66539641e-07 
 4.00600000e-04  1.54100829e-07 
 4.00700000e-04  1.53717828e-07 
 4.00800000e-04  1.53520465e-07 
 4.00900000e-04  1.53378712e-07 
 4.01000000e-04  1.53294199e-07 
 4.01100000e-04  1.66630928e-07 
 4.01200000e-04  1.66417888e-07 
 4.01300000e-04  1.66346930e-07 
 4.01400000e-04  1.66285896e-07 
 4.01500000e-04  1.66264706e-07 
 4.01600000e-04  1.52600748e-07 
 4.01700000e-04  1.52165302e-07 
 4.01800000e-04  1.51921585e-07 
 4.01900000e-04  1.51743550e-07 
 4.02000000e-04  1.51633143e-07 
 4.02100000e-04  1.68020988e-07 
 4.02200000e-04  1.67736107e-07 
 4.02300000e-04  1.67633001e-07 
 4.02400000e-04  1.67542652e-07 
 4.02500000e-04  1.67492384e-07 
 4.02600000e-04  1.56374435e-07 
 4.02700000e-04  1.55967100e-07 
 4.02800000e-04  1.55773159e-07 
 4.02900000e-04  1.55634990e-07 
 4.03000000e-04  1.55554226e-07 
 4.03100000e-04  1.66729025e-07 
 4.03200000e-04  1.66471146e-07 
 4.03300000e-04  1.66392379e-07 
 4.03400000e-04  1.66325916e-07 
 4.03500000e-04  1.66297284e-07 
 4.03600000e-04  1.52642169e-07 
 4.03700000e-04  1.52175678e-07 
 4.03800000e-04  1.51930359e-07 
 4.03900000e-04  1.51748764e-07 
 4.04000000e-04  1.51632779e-07 
 4.04100000e-04  1.67492353e-07 
 4.04200000e-04  1.67303045e-07 
 4.04300000e-04  1.67230740e-07 
 4.04400000e-04  1.67167455e-07 
 4.04500000e-04  1.67139144e-07 
 4.04600000e-04  1.54684335e-07 
 4.04700000e-04  1.54317823e-07 
 4.04800000e-04  1.54109489e-07 
 4.04900000e-04  1.53964164e-07 
 4.05000000e-04  1.53883708e-07 
 4.05100000e-04  1.67257616e-07 
 4.05200000e-04  1.67037957e-07 
 4.05300000e-04  1.66968010e-07 
 4.05400000e-04  1.66909139e-07 
 4.05500000e-04  1.66882028e-07 
 4.05600000e-04  1.53174067e-07 
 4.05700000e-04  1.52748817e-07 
 4.05800000e-04  1.52510629e-07 
 4.05900000e-04  1.52335153e-07 
 4.06000000e-04  1.52224242e-07 
 4.06100000e-04  1.69695732e-07 
 4.06200000e-04  1.69205673e-07 
 4.06300000e-04  1.69041413e-07 
 4.06400000e-04  1.68898307e-07 
 4.06500000e-04  1.68842323e-07 
 4.06600000e-04  1.60262483e-07 
 4.06700000e-04  1.59875375e-07 
 4.06800000e-04  1.59687483e-07 
 4.06900000e-04  1.59571909e-07 
 4.07000000e-04  1.59530810e-07 
 4.07100000e-04  1.66501645e-07 
 4.07200000e-04  1.66122689e-07 
 4.07300000e-04  1.65986301e-07 
 4.07400000e-04  1.65866003e-07 
 4.07500000e-04  1.65796573e-07 
 4.07600000e-04  1.52250401e-07 
 4.07700000e-04  1.51687446e-07 
 4.07800000e-04  1.51411523e-07 
 4.07900000e-04  1.51206315e-07 
 4.08000000e-04  1.51073920e-07 
 4.08100000e-04  1.66925628e-07 
 4.08200000e-04  1.66752692e-07 
 4.08300000e-04  1.66671560e-07 
 4.08400000e-04  1.66596913e-07 
 4.08500000e-04  1.66557529e-07 
 4.08600000e-04  1.54115572e-07 
 4.08700000e-04  1.53743761e-07 
 4.08800000e-04  1.53536732e-07 
 4.08900000e-04  1.53387679e-07 
 4.09000000e-04  1.53298302e-07 
 4.09100000e-04  1.66649174e-07 
 4.09200000e-04  1.66443808e-07 
 4.09300000e-04  1.66373545e-07 
 4.09400000e-04  1.66312507e-07 
 4.09500000e-04  1.66279264e-07 
 4.09600000e-04  1.52612950e-07 
 4.09700000e-04  1.52168835e-07 
 4.09800000e-04  1.51924629e-07 
 4.09900000e-04  1.51743006e-07 
 4.10000000e-04  1.51625809e-07 
 4.10100000e-04  1.68028923e-07 
 4.10200000e-04  1.67737486e-07 
 4.10300000e-04  1.67631023e-07 
 4.10400000e-04  1.67537496e-07 
 4.10500000e-04  1.67497491e-07 
 4.10600000e-04  1.56362240e-07 
 4.10700000e-04  1.55982720e-07 
 4.10800000e-04  1.55774324e-07 
 4.10900000e-04  1.55636323e-07 
 4.11000000e-04  1.55570806e-07 
 4.11100000e-04  1.66730403e-07 
 4.11200000e-04  1.66476417e-07 
 4.11300000e-04  1.66396563e-07 
 4.11400000e-04  1.66328550e-07 
 4.11500000e-04  1.66295441e-07 
 4.11600000e-04  1.52653010e-07 
 4.11700000e-04  1.52170952e-07 
 4.11800000e-04  1.51927793e-07 
 4.11900000e-04  1.51742434e-07 
 4.12000000e-04  1.51616565e-07 
 4.12100000e-04  1.67482352e-07 
 4.12200000e-04  1.67313554e-07 
 4.12300000e-04  1.67239712e-07 
 4.12400000e-04  1.67172273e-07 
 4.12500000e-04  1.67129637e-07 
 4.12600000e-04  1.54684418e-07 
 4.12700000e-04  1.54323376e-07 
 4.12800000e-04  1.54115465e-07 
 4.12900000e-04  1.53969311e-07 
 4.13000000e-04  1.53886727e-07 
 4.13100000e-04  1.67252562e-07 
 4.13200000e-04  1.67041125e-07 
 4.13300000e-04  1.66971774e-07 
 4.13400000e-04  1.66912669e-07 
 4.13500000e-04  1.66876767e-07 
 4.13600000e-04  1.53175153e-07 
 4.13700000e-04  1.52749857e-07 
 4.13800000e-04  1.52513945e-07 
 4.13900000e-04  1.52332930e-07 
 4.14000000e-04  1.52208408e-07 
 4.14100000e-04  1.69162115e-07 
 4.14200000e-04  1.68786451e-07 
 4.14300000e-04  1.68655787e-07 
 4.14400000e-04  1.68540794e-07 
 4.14500000e-04  1.68484343e-07 
 4.14600000e-04  1.58609187e-07 
 4.14700000e-04  1.58213495e-07 
 4.14800000e-04  1.58031075e-07 
 4.14900000e-04  1.57906150e-07 
 4.15000000e-04  1.57840400e-07 
 4.15100000e-04  1.66852122e-07 
 4.15200000e-04  1.66558678e-07 
 4.15300000e-04  1.66464883e-07 
 4.15400000e-04  1.66384522e-07 
 4.15500000e-04  1.66332724e-07 
 4.15600000e-04  1.52738765e-07 
 4.15700000e-04  1.52231626e-07 
 4.15800000e-04  1.51969390e-07 
 4.15900000e-04  1.51773959e-07 
 4.16000000e-04  1.51647303e-07 
 4.16100000e-04  1.67508476e-07 
 4.16200000e-04  1.67324316e-07 
 4.16300000e-04  1.67252602e-07 
 4.16400000e-04  1.67188859e-07 
 4.16500000e-04  1.67148519e-07 
 4.16600000e-04  1.54696225e-07 
 4.16700000e-04  1.54301070e-07 
 4.16800000e-04  1.54113620e-07 
 4.16900000e-04  1.53975560e-07 
 4.17000000e-04  1.53888308e-07 
 4.17100000e-04  1.67268735e-07 
 4.17200000e-04  1.67050551e-07 
 4.17300000e-04  1.66976769e-07 
 4.17400000e-04  1.66913684e-07 
 4.17500000e-04  1.66891874e-07 
 4.17600000e-04  1.53178676e-07 
 4.17700000e-04  1.52748453e-07 
 4.17800000e-04  1.52519263e-07 
 4.17900000e-04  1.52338303e-07 
 4.18000000e-04  1.52206951e-07 
 4.18100000e-04  1.68641209e-07 
 4.18200000e-04  1.68349734e-07 
 4.18300000e-04  1.68242449e-07 
 4.18400000e-04  1.68147761e-07 
 4.18500000e-04  1.68107170e-07 
 4.18600000e-04  1.56953239e-07 
 4.18700000e-04  1.56559031e-07 
 4.18800000e-04  1.56363674e-07 
 4.18900000e-04  1.56232094e-07 
 4.19000000e-04  1.56166163e-07 
 4.19100000e-04  1.67353516e-07 
 4.19200000e-04  1.67100745e-07 
 4.19300000e-04  1.67014452e-07 
 4.19400000e-04  1.66939330e-07 
 4.19500000e-04  1.66903862e-07 
 4.19600000e-04  1.53238855e-07 
 4.19700000e-04  1.52774915e-07 
 4.19800000e-04  1.52534344e-07 
 4.19900000e-04  1.52353021e-07 
 4.20000000e-04  1.52232673e-07 
 4.20100000e-04  1.68126059e-07 
 4.20200000e-04  1.67942192e-07 
 4.20300000e-04  1.67866411e-07 
 4.20400000e-04  1.67798464e-07 
 4.20500000e-04  1.67749757e-07 
 4.20600000e-04  1.55276135e-07 
 4.20700000e-04  1.54897701e-07 
 4.20800000e-04  1.54698965e-07 
 4.20900000e-04  1.54558386e-07 
 4.21000000e-04  1.54477497e-07 
 4.21100000e-04  1.69623260e-07 
 4.21200000e-04  1.69137486e-07 
 4.21300000e-04  1.68982035e-07 
 4.21400000e-04  1.68896007e-07 
 4.21500000e-04  1.68832412e-07 
 4.21600000e-04  1.54621541e-07 
 4.21700000e-04  1.54043059e-07 
 4.21800000e-04  1.53775587e-07 
 4.21900000e-04  1.53583710e-07 
 4.22000000e-04  1.53468889e-07 
 4.22100000e-04  1.03757774e-04 
 4.22200000e-04  1.03756965e-04 
 4.22300000e-04  1.03756730e-04 
 4.22400000e-04  1.03756534e-04 
 4.22500000e-04  1.03756469e-04 
 4.22600000e-04  1.03749184e-04 
 4.22700000e-04  1.03748764e-04 
 4.22800000e-04  1.03748575e-04 
 4.22900000e-04  1.03748461e-04 
 4.23000000e-04  1.03748426e-04 
 4.23100000e-04  1.68277846e-07 
 4.23200000e-04  1.67470436e-07 
 4.23300000e-04  1.67227880e-07 
 4.23400000e-04  1.67022881e-07 
 4.23500000e-04  1.66953059e-07 
 4.23600000e-04  1.53396008e-07 
 4.23700000e-04  1.52783597e-07 
 4.23800000e-04  1.52505492e-07 
 4.23900000e-04  1.52300837e-07 
 4.24000000e-04  1.52171808e-07 
 4.24100000e-04  1.68080281e-07 
 4.24200000e-04  1.67900826e-07 
 4.24300000e-04  1.67819752e-07 
 4.24400000e-04  1.67745457e-07 
 4.24500000e-04  1.67692832e-07 
 4.24600000e-04  1.55207146e-07 
 4.24700000e-04  1.54831403e-07 
 4.24800000e-04  1.54623225e-07 
 4.24900000e-04  1.54480759e-07 
 4.25000000e-04  1.54405932e-07 
 4.25100000e-04  1.67807899e-07 
 4.25200000e-04  1.67604873e-07 
 4.25300000e-04  1.67527500e-07 
 4.25400000e-04  1.67458393e-07 
 4.25500000e-04  1.67426084e-07 
 4.25600000e-04  1.53696082e-07 
 4.25700000e-04  1.53254213e-07 
 4.25800000e-04  1.53021776e-07 
 4.25900000e-04  1.52848831e-07 
 4.26000000e-04  1.52737115e-07 
 4.26100000e-04  1.69188156e-07 
 4.26200000e-04  1.68892765e-07 
 4.26300000e-04  1.68788223e-07 
 4.26400000e-04  1.68697304e-07 
 4.26500000e-04  1.68650223e-07 
 4.26600000e-04  1.57438334e-07 
 4.26700000e-04  1.57063239e-07 
 4.26800000e-04  1.56865520e-07 
 4.26900000e-04  1.56726725e-07 
 4.27000000e-04  1.56648564e-07 
 4.27100000e-04  1.67874246e-07 
 4.27200000e-04  1.67624329e-07 
 4.27300000e-04  1.67533686e-07 
 4.27400000e-04  1.67453592e-07 
 4.27500000e-04  1.67433641e-07 
 4.27600000e-04  1.53734906e-07 
 4.27700000e-04  1.53250543e-07 
 4.27800000e-04  1.53009065e-07 
 4.27900000e-04  1.52832200e-07 
 4.28000000e-04  1.52721835e-07 
 4.28100000e-04  1.68646584e-07 
 4.28200000e-04  1.68458605e-07 
 4.28300000e-04  1.68382317e-07 
 4.28400000e-04  1.68314392e-07 
 4.28500000e-04  1.68273401e-07 
 4.28600000e-04  1.55765855e-07 
 4.28700000e-04  1.55401700e-07 
 4.28800000e-04  1.55195692e-07 
 4.28900000e-04  1.55052353e-07 
 4.29000000e-04  1.54973513e-07 
 4.29100000e-04  1.68410986e-07 
 4.29200000e-04  1.68194850e-07 
 4.29300000e-04  1.68117513e-07 
 4.29400000e-04  1.68050301e-07 
 4.29500000e-04  1.68011960e-07 
 4.29600000e-04  1.54262178e-07 
 4.29700000e-04  1.53832117e-07 
 4.29800000e-04  1.53598136e-07 
 4.29900000e-04  1.53419539e-07 
 4.30000000e-04  1.53297922e-07 
 4.30100000e-04  1.70320666e-07 
 4.30200000e-04  1.69910065e-07 
 4.30300000e-04  1.69778400e-07 
 4.30400000e-04  1.69666135e-07 
 4.30500000e-04  1.69606446e-07 
 4.30600000e-04  1.59684480e-07 
 4.30700000e-04  1.59313052e-07 
 4.30800000e-04  1.59120989e-07 
 4.30900000e-04  1.58992030e-07 
 4.31000000e-04  1.58928010e-07 
 4.31100000e-04  1.68007831e-07 
 4.31200000e-04  1.67695476e-07 
 4.31300000e-04  1.67594640e-07 
 4.31400000e-04  1.67508403e-07 
 4.31500000e-04  1.67470379e-07 
 4.31600000e-04  1.53803988e-07 
 4.31700000e-04  1.53297617e-07 
 4.31800000e-04  1.53037070e-07 
 4.31900000e-04  1.52844328e-07 
 4.32000000e-04  1.52721380e-07 
 4.32100000e-04  1.68657930e-07 
 4.32200000e-04  1.68476603e-07 
 4.32300000e-04  1.68395053e-07 
 4.32400000e-04  1.68320167e-07 
 4.32500000e-04  1.68280201e-07 
 4.32600000e-04  1.55766789e-07 
 4.32700000e-04  1.55383870e-07 
 4.32800000e-04  1.55189755e-07 
 4.32900000e-04  1.55052191e-07 
 4.33000000e-04  1.54972806e-07 
 4.33100000e-04  1.68421560e-07 
 4.33200000e-04  1.68184184e-07 
 4.33300000e-04  1.68112076e-07 
 4.33400000e-04  1.68052703e-07 
 4.33500000e-04  1.68013965e-07 
 4.33600000e-04  1.54265359e-07 
 4.33700000e-04  1.53832395e-07 
 4.33800000e-04  1.53603936e-07 
 4.33900000e-04  1.53428241e-07 
 4.34000000e-04  1.53306818e-07 
 4.34100000e-04  1.69779992e-07 
 4.34200000e-04  1.69500734e-07 
 4.34300000e-04  1.69394200e-07 
 4.34400000e-04  1.69298812e-07 
 4.34500000e-04  1.69239994e-07 
 4.34600000e-04  1.58018907e-07 
 4.34700000e-04  1.57623163e-07 
 4.34800000e-04  1.57436970e-07 
 4.34900000e-04  1.57304992e-07 
 4.35000000e-04  1.57228779e-07 
 4.35100000e-04  1.68488240e-07 
 4.35200000e-04  1.68230224e-07 
 4.35300000e-04  1.68143306e-07 
 4.35400000e-04  1.68067821e-07 
 4.35500000e-04  1.68030188e-07 
 4.35600000e-04  1.54293549e-07 
 4.35700000e-04  1.53837759e-07 
 4.35800000e-04  1.53605651e-07 
 4.35900000e-04  1.53430599e-07 
 4.36000000e-04  1.53314247e-07 
 4.36100000e-04  1.69257975e-07 
 4.36200000e-04  1.69069725e-07 
 4.36300000e-04  1.68987993e-07 
 4.36400000e-04  1.68914003e-07 
 4.36500000e-04  1.68874020e-07 
 4.36600000e-04  1.56344826e-07 
 4.36700000e-04  1.55969229e-07 
 4.36800000e-04  1.55771934e-07 
 4.36900000e-04  1.55637806e-07 
 4.37000000e-04  1.55568678e-07 
 4.37100000e-04  1.69033502e-07 
 4.37200000e-04  1.68801992e-07 
 4.37300000e-04  1.68729129e-07 
 4.37400000e-04  1.68668118e-07 
 4.37500000e-04  1.68618153e-07 
 4.37600000e-04  1.54845510e-07 
 4.37700000e-04  1.54418202e-07 
 4.37800000e-04  1.54194229e-07 
 4.37900000e-04  1.54021640e-07 
 4.38000000e-04  1.53901897e-07 
 4.38100000e-04  1.71457384e-07 
 4.38200000e-04  1.70951404e-07 
 4.38300000e-04  1.70790957e-07 
 4.38400000e-04  1.70653614e-07 
 4.38500000e-04  1.70580818e-07 
 4.38600000e-04  1.61932559e-07 
 4.38700000e-04  1.61546929e-07 
 4.38800000e-04  1.61366009e-07 
 4.38900000e-04  1.61246190e-07 
 4.39000000e-04  1.61189238e-07 
 4.39100000e-04  1.68302771e-07 
 4.39200000e-04  1.67889455e-07 
 4.39300000e-04  1.67739650e-07 
 4.39400000e-04  1.67608121e-07 
 4.39500000e-04  1.67558015e-07 
 4.39600000e-04  1.53911176e-07 
 4.39700000e-04  1.53331826e-07 
 4.39800000e-04  1.53070038e-07 
 4.39900000e-04  1.52879213e-07 
 4.40000000e-04  1.52761434e-07 
 4.40100000e-04  1.68689965e-07 
 4.40200000e-04  1.68507311e-07 
 4.40300000e-04  1.68424596e-07 
 4.40400000e-04  1.68348788e-07 
 4.40500000e-04  1.68308665e-07 
 4.40600000e-04  1.55772817e-07 
 4.40700000e-04  1.55408369e-07 
 4.40800000e-04  1.55212929e-07 
 4.40900000e-04  1.55072373e-07 
 4.41000000e-04  1.54988268e-07 
 4.41100000e-04  1.68411471e-07 
 4.41200000e-04  1.68206406e-07 
 4.41300000e-04  1.68131113e-07 
 4.41400000e-04  1.68064419e-07 
 4.41500000e-04  1.68022481e-07 
 4.41600000e-04  1.54272177e-07 
 4.41700000e-04  1.53847482e-07 
 4.41800000e-04  1.53610110e-07 
 4.41900000e-04  1.53434622e-07 
 4.42000000e-04  1.53322805e-07 
 4.42100000e-04  1.69790856e-07 
 4.42200000e-04  1.69507986e-07 
 4.42300000e-04  1.69395352e-07 
 4.42400000e-04  1.69293842e-07 
 4.42500000e-04  1.69243322e-07 
 4.42600000e-04  1.58023318e-07 
 4.42700000e-04  1.57632391e-07 
 4.42800000e-04  1.57450362e-07 
 4.42900000e-04  1.57317867e-07 
 4.43000000e-04  1.57236304e-07 
 4.43100000e-04  1.68504583e-07 
 4.43200000e-04  1.68232372e-07 
 4.43300000e-04  1.68148686e-07 
 4.43400000e-04  1.68078202e-07 
 4.43500000e-04  1.68050459e-07 
 4.43600000e-04  1.54307462e-07 
 4.43700000e-04  1.53843693e-07 
 4.43800000e-04  1.53598429e-07 
 4.43900000e-04  1.53422563e-07 
 4.44000000e-04  1.53317934e-07 
 4.44100000e-04  1.71208468e-07 
 4.44200000e-04  1.70665423e-07 
 4.44300000e-04  1.70501513e-07 
 4.44400000e-04  1.70424550e-07 
 4.44500000e-04  1.70375682e-07 
 4.44600000e-04  1.57375829e-07 
 4.44700000e-04  1.56822293e-07 
 4.44800000e-04  1.56569608e-07 
 4.44900000e-04  1.56390147e-07 
 4.45000000e-04  1.56285303e-07 
 4.45100000e-04  1.03755955e-04 
 4.45200000e-04  1.03755526e-04 
 4.45300000e-04  1.03755407e-04 
 4.45400000e-04  1.03755311e-04 
 4.45500000e-04  1.03755274e-04 
 4.45600000e-04  1.03741522e-04 
 4.45700000e-04  1.03741068e-04 
 4.45800000e-04  1.03740821e-04 
 4.45900000e-04  1.03740641e-04 
 4.46000000e-04  1.03740529e-04 
 4.46100000e-04  1.72096890e-07 
 4.46200000e-04  1.71674192e-07 
 4.46300000e-04  1.71520028e-07 
 4.46400000e-04  1.71383180e-07 
 4.46500000e-04  1.71324077e-07 
 4.46600000e-04  1.61359554e-07 
 4.46700000e-04  1.60967160e-07 
 4.46800000e-04  1.60790981e-07 
 4.46900000e-04  1.60674066e-07 
 4.47000000e-04  1.60618121e-07 
 4.47100000e-04  1.69774070e-07 
 4.47200000e-04  1.69463952e-07 
 4.47300000e-04  1.69356500e-07 
 4.47400000e-04  1.69262914e-07 
 4.47500000e-04  1.69238020e-07 
 4.47600000e-04  1.55462905e-07 
 4.47700000e-04  1.54963563e-07 
 4.47800000e-04  1.54723071e-07 
 4.47900000e-04  1.54540865e-07 
 4.48000000e-04  1.54418618e-07 
 4.48100000e-04  1.70438940e-07 
 4.48200000e-04  1.70245177e-07 
 4.48300000e-04  1.70162221e-07 
 4.48400000e-04  1.70087298e-07 
 4.48500000e-04  1.70033337e-07 
 4.48600000e-04  1.57449883e-07 
 4.48700000e-04  1.57064989e-07 
 4.48800000e-04  1.56879552e-07 
 4.48900000e-04  1.56741683e-07 
 4.49000000e-04  1.56652714e-07 
 4.49100000e-04  1.70188466e-07 
 4.49200000e-04  1.69966488e-07 
 4.49300000e-04  1.69880580e-07 
 4.49400000e-04  1.69803967e-07 
 4.49500000e-04  1.69770269e-07 
 4.49600000e-04  1.55922513e-07 
 4.49700000e-04  1.55515063e-07 
 4.49800000e-04  1.55278378e-07 
 4.49900000e-04  1.55104894e-07 
 4.50000000e-04  1.54996435e-07 
 4.50100000e-04  1.71561068e-07 
 4.50200000e-04  1.71269496e-07 
 4.50300000e-04  1.71150225e-07 
 4.50400000e-04  1.71042223e-07 
 4.50500000e-04  1.70989597e-07 
 4.50600000e-04  1.59681214e-07 
 4.50700000e-04  1.59316777e-07 
 4.50800000e-04  1.59131027e-07 
 4.50900000e-04  1.58998626e-07 
 4.51000000e-04  1.58921079e-07 
 4.51100000e-04  1.70265726e-07 
 4.51200000e-04  1.69994312e-07 
 4.51300000e-04  1.69906489e-07 
 4.51400000e-04  1.69831360e-07 
 4.51500000e-04  1.69799585e-07 
 4.51600000e-04  1.55984119e-07 
 4.51700000e-04  1.55530662e-07 
 4.51800000e-04  1.55286728e-07 
 4.51900000e-04  1.55102992e-07 
 4.52000000e-04  1.54981176e-07 
 4.52100000e-04  1.71034167e-07 
 4.52200000e-04  1.70841828e-07 
 4.52300000e-04  1.70756193e-07 
 4.52400000e-04  1.70678286e-07 
 4.52500000e-04  1.70645322e-07 
 4.52600000e-04  1.58005815e-07 
 4.52700000e-04  1.57651888e-07 
 4.52800000e-04  1.57450877e-07 
 4.52900000e-04  1.57314619e-07 
 4.53000000e-04  1.57244983e-07 
 4.53100000e-04  1.70789123e-07 
 4.53200000e-04  1.70563483e-07 
 4.53300000e-04  1.70489278e-07 
 4.53400000e-04  1.70425655e-07 
 4.53500000e-04  1.70378131e-07 
 4.53600000e-04  1.56495433e-07 
 4.53700000e-04  1.56103328e-07 
 4.53800000e-04  1.55873571e-07 
 4.53900000e-04  1.55701160e-07 
 4.54000000e-04  1.55587728e-07 
 4.54100000e-04  1.74304506e-07 
 4.54200000e-04  1.73560716e-07 
 4.54300000e-04  1.73330111e-07 
 4.54400000e-04  1.73133951e-07 
 4.54500000e-04  1.73057097e-07 
 4.54600000e-04  1.66921079e-07 
 4.54700000e-04  1.66527452e-07 
 4.54800000e-04  1.66361824e-07 
 4.54900000e-04  1.66267771e-07 
 4.55000000e-04  1.66247382e-07 
 4.55100000e-04  1.69572751e-07 
 4.55200000e-04  1.68625936e-07 
 4.55300000e-04  1.68379920e-07 
 4.55400000e-04  1.68178408e-07 
 4.55500000e-04  1.68087668e-07 
 4.55600000e-04  1.54471045e-07 
 4.55700000e-04  1.53846031e-07 
 4.55800000e-04  1.53570071e-07 
 4.55900000e-04  1.53368153e-07 
 4.56000000e-04  1.53242439e-07 
 4.56100000e-04  1.69226040e-07 
 4.56200000e-04  1.69035463e-07 
 4.56300000e-04  1.68948421e-07 
 4.56400000e-04  1.68868901e-07 
 4.56500000e-04  1.68825416e-07 
 4.56600000e-04  1.56265711e-07 
 4.56700000e-04  1.55876917e-07 
 4.56800000e-04  1.55684642e-07 
 4.56900000e-04  1.55554387e-07 
 4.57000000e-04  1.55487932e-07 
 4.57100000e-04  1.68948749e-07 
 4.57200000e-04  1.68730143e-07 
 4.57300000e-04  1.68649260e-07 
 4.57400000e-04  1.68577806e-07 
 4.57500000e-04  1.68539474e-07 
 4.57600000e-04  1.54737486e-07 
 4.57700000e-04  1.54333797e-07 
 4.57800000e-04  1.54093273e-07 
 4.57900000e-04  1.53914849e-07 
 4.58000000e-04  1.53800304e-07 
 4.58100000e-04  1.70323636e-07 
 4.58200000e-04  1.70013911e-07 
 4.58300000e-04  1.69906187e-07 
 4.58400000e-04  1.69813165e-07 
 4.58500000e-04  1.69762104e-07 
 4.58600000e-04  1.58514287e-07 
 4.58700000e-04  1.58142181e-07 
 4.58800000e-04  1.57947471e-07 
 4.58900000e-04  1.57807791e-07 
 4.59000000e-04  1.57724703e-07 
 4.59100000e-04  1.69027609e-07 
 4.59200000e-04  1.68754585e-07 
 4.59300000e-04  1.68669709e-07 
 4.59400000e-04  1.68598184e-07 
 4.59500000e-04  1.68564865e-07 
 4.59600000e-04  1.54796228e-07 
 4.59700000e-04  1.54326942e-07 
 4.59800000e-04  1.54096183e-07 
 4.59900000e-04  1.53918498e-07 
 4.60000000e-04  1.53795192e-07 
 4.60100000e-04  1.71725382e-07 
 4.60200000e-04  1.71191073e-07 
 4.60300000e-04  1.71006982e-07 
 4.60400000e-04  1.70927577e-07 
 4.60500000e-04  1.70881998e-07 
 4.60600000e-04  1.57851566e-07 
 4.60700000e-04  1.57316321e-07 
 4.60800000e-04  1.57069352e-07 
 4.60900000e-04  1.56889532e-07 
 4.61000000e-04  1.56778103e-07 
 4.61100000e-04  1.03756487e-04 
 4.61200000e-04  1.03756065e-04 
 4.61300000e-04  1.03755940e-04 
 4.61400000e-04  1.03755834e-04 
 4.61500000e-04  1.03755792e-04 
 4.61600000e-04  1.03742000e-04 
 4.61700000e-04  1.03741540e-04 
 4.61800000e-04  1.03741312e-04 
 4.61900000e-04  1.03741140e-04 
 4.62000000e-04  1.03741026e-04 
 4.62100000e-04  1.72611896e-07 
 4.62200000e-04  1.72169367e-07 
 4.62300000e-04  1.72020450e-07 
 4.62400000e-04  1.71891244e-07 
 4.62500000e-04  1.71850849e-07 
 4.62600000e-04  1.61848715e-07 
 4.62700000e-04  1.61453619e-07 
 4.62800000e-04  1.61277459e-07 
 4.62900000e-04  1.61156076e-07 
 4.63000000e-04  1.61091016e-07 
 4.63100000e-04  1.70278459e-07 
 4.63200000e-04  1.69987123e-07 
 4.63300000e-04  1.69882986e-07 
 4.63400000e-04  1.69791061e-07 
 4.63500000e-04  1.69745426e-07 
 4.63600000e-04  1.55946270e-07 
 4.63700000e-04  1.55456683e-07 
 4.63800000e-04  1.55209869e-07 
 4.63900000e-04  1.55028372e-07 
 4.64000000e-04  1.54914073e-07 
 4.64100000e-04  1.70958981e-07 
 4.64200000e-04  1.70749063e-07 
 4.64300000e-04  1.70665220e-07 
 4.64400000e-04  1.70591159e-07 
 4.64500000e-04  1.70537154e-07 
 4.64600000e-04  1.57913317e-07 
 4.64700000e-04  1.57540521e-07 
 4.64800000e-04  1.57365633e-07 
 4.64900000e-04  1.57230292e-07 
 4.65000000e-04  1.57135553e-07 
 4.65100000e-04  1.70708803e-07 
 4.65200000e-04  1.70470264e-07 
 4.65300000e-04  1.70387406e-07 
 4.65400000e-04  1.70316025e-07 
 4.65500000e-04  1.70278908e-07 
 4.65600000e-04  1.56404916e-07 
 4.65700000e-04  1.55986376e-07 
 4.65800000e-04  1.55764706e-07 
 4.65900000e-04  1.55593539e-07 
 4.66000000e-04  1.55474286e-07 
 4.66100000e-04  1.72074015e-07 
 4.66200000e-04  1.71776388e-07 
 4.66300000e-04  1.71665270e-07 
 4.66400000e-04  1.71566923e-07 
 4.66500000e-04  1.71500073e-07 
 4.66600000e-04  1.60159667e-07 
 4.66700000e-04  1.59803697e-07 
 4.66800000e-04  1.59613638e-07 
 4.66900000e-04  1.59486247e-07 
 4.67000000e-04  1.59423308e-07 
 4.67100000e-04  1.70777417e-07 
 4.67200000e-04  1.70517429e-07 
 4.67300000e-04  1.70421970e-07 
 4.67400000e-04  1.70337237e-07 
 4.67500000e-04  1.70311979e-07 
 4.67600000e-04  1.56456910e-07 
 4.67700000e-04  1.55997113e-07 
 4.67800000e-04  1.55769437e-07 
 4.67900000e-04  1.55597865e-07 
 4.68000000e-04  1.55483981e-07 
 4.68100000e-04  1.71570281e-07 
 4.68200000e-04  1.71366302e-07 
 4.68300000e-04  1.71274465e-07 
 4.68400000e-04  1.71190877e-07 
 4.68500000e-04  1.71148376e-07 
 4.68600000e-04  1.58482272e-07 
 4.68700000e-04  1.58122643e-07 
 4.68800000e-04  1.57943747e-07 
 4.68900000e-04  1.57814044e-07 
 4.69000000e-04  1.57734892e-07 
 4.69100000e-04  1.71316554e-07 
 4.69200000e-04  1.71079890e-07 
 4.69300000e-04  1.70994949e-07 
 4.69400000e-04  1.70921103e-07 
 4.69500000e-04  1.70893503e-07 
 4.69600000e-04  1.56969739e-07 
 4.69700000e-04  1.56563579e-07 
 4.69800000e-04  1.56347424e-07 
 4.69900000e-04  1.56179366e-07 
 4.70000000e-04  1.56060732e-07 
 4.70100000e-04  1.73757153e-07 
 4.70200000e-04  1.73228519e-07 
 4.70300000e-04  1.73065072e-07 
 4.70400000e-04  1.72926382e-07 
 4.70500000e-04  1.72852851e-07 
 4.70600000e-04  1.64070481e-07 
 4.70700000e-04  1.63709013e-07 
 4.70800000e-04  1.63520194e-07 
 4.70900000e-04  1.63407540e-07 
 4.71000000e-04  1.63373066e-07 
 4.71100000e-04  1.72852909e-07 
 4.71200000e-04  1.71803433e-07 
 4.71300000e-04  1.71442581e-07 
 4.71400000e-04  1.71271109e-07 
 4.71500000e-04  1.71160831e-07 
 4.71600000e-04  1.56896326e-07 
 4.71700000e-04  1.56203466e-07 
 4.71800000e-04  1.55902627e-07 
 4.71900000e-04  1.55691953e-07 
 4.72000000e-04  1.55573172e-07 
 4.72100000e-04  1.03757923e-04 
 4.72200000e-04  1.03757526e-04 
 4.72300000e-04  1.03757394e-04 
 4.72400000e-04  1.03757280e-04 
 4.72500000e-04  1.03757238e-04 
 4.72600000e-04  1.03744597e-04 
 4.72700000e-04  1.03744202e-04 
 4.72800000e-04  1.03744014e-04 
 4.72900000e-04  1.03743877e-04 
 4.73000000e-04  1.03743792e-04 
 4.73100000e-04  1.71878774e-07 
 4.73200000e-04  1.71594724e-07 
 4.73300000e-04  1.71500538e-07 
 4.73400000e-04  1.71420474e-07 
 4.73500000e-04  1.71379479e-07 
 4.73600000e-04  1.57508466e-07 
 4.73700000e-04  1.57081668e-07 
 4.73800000e-04  1.56848000e-07 
 4.73900000e-04  1.56680222e-07 
 4.74000000e-04  1.56580221e-07 
 4.74100000e-04  1.73229114e-07 
 4.74200000e-04  1.72936782e-07 
 4.74300000e-04  1.72811496e-07 
 4.74400000e-04  1.72696716e-07 
 4.74500000e-04  1.72658085e-07 
 4.74600000e-04  1.61234698e-07 
 4.74700000e-04  1.60880504e-07 
 4.74800000e-04  1.60702906e-07 
 4.74900000e-04  1.60576319e-07 
 4.75000000e-04  1.60502157e-07 
 4.75100000e-04  1.71947445e-07 
 4.75200000e-04  1.71670391e-07 
 4.75300000e-04  1.71569949e-07 
 4.75400000e-04  1.71481272e-07 
 4.75500000e-04  1.71442340e-07 
 4.75600000e-04  1.57534311e-07 
 4.75700000e-04  1.57089162e-07 
 4.75800000e-04  1.56851029e-07 
 4.75900000e-04  1.56677730e-07 
 4.76000000e-04  1.56571119e-07 
 4.76100000e-04  1.72702551e-07 
 4.76200000e-04  1.72510695e-07 
 4.76300000e-04  1.72422006e-07 
 4.76400000e-04  1.72340234e-07 
 4.76500000e-04  1.72287897e-07 
 4.76600000e-04  1.59560207e-07 
 4.76700000e-04  1.59211530e-07 
 4.76800000e-04  1.59027205e-07 
 4.76900000e-04  1.58899323e-07 
 4.77000000e-04  1.58829469e-07 
 4.77100000e-04  1.72466437e-07 
 4.77200000e-04  1.72225224e-07 
 4.77300000e-04  1.72131247e-07 
 4.77400000e-04  1.72047720e-07 
 4.77500000e-04  1.72014142e-07 
 4.77600000e-04  1.58042147e-07 
 4.77700000e-04  1.57644294e-07 
 4.77800000e-04  1.57430688e-07 
 4.77900000e-04  1.57265610e-07 
 4.78000000e-04  1.57150389e-07 
 4.78100000e-04  1.74373354e-07 
 4.78200000e-04  1.73948074e-07 
 4.78300000e-04  1.73810587e-07 
 4.78400000e-04  1.73692740e-07 
 4.78500000e-04  1.73615146e-07 
 4.78600000e-04  1.63478118e-07 
 4.78700000e-04  1.63103860e-07 
 4.78800000e-04  1.62936018e-07 
 4.78900000e-04  1.62822282e-07 
 4.79000000e-04  1.62764163e-07 
 4.79100000e-04  1.72062248e-07 
 4.79200000e-04  1.71733817e-07 
 4.79300000e-04  1.71618471e-07 
 4.79400000e-04  1.71517656e-07 
 4.79500000e-04  1.71475572e-07 
 4.79600000e-04  1.57590844e-07 
 4.79700000e-04  1.57095111e-07 
 4.79800000e-04  1.56860344e-07 
 4.79900000e-04  1.56686773e-07 
 4.80000000e-04  1.56576135e-07 
 4.80100000e-04  1.72710812e-07 
 4.80200000e-04  1.72511771e-07 
 4.80300000e-04  1.72421953e-07 
 4.80400000e-04  1.72339802e-07 
 4.80500000e-04  1.72274468e-07 
 4.80600000e-04  1.59554848e-07 
 4.80700000e-04  1.59209264e-07 
 4.80800000e-04  1.59024612e-07 
 4.80900000e-04  1.58895320e-07 
 4.81000000e-04  1.58822932e-07 
 4.81100000e-04  1.72476875e-07 
 4.81200000e-04  1.72231012e-07 
 4.81300000e-04  1.72146065e-07 
 4.81400000e-04  1.72073301e-07 
 4.81500000e-04  1.72026997e-07 
 4.81600000e-04  1.58042335e-07 
 4.81700000e-04  1.57654152e-07 
 4.81800000e-04  1.57434442e-07 
 4.81900000e-04  1.57266522e-07 
 4.82000000e-04  1.57151824e-07 
 4.82100000e-04  1.73838896e-07 
 4.82200000e-04  1.73540448e-07 
 4.82300000e-04  1.73421580e-07 
 4.82400000e-04  1.73314674e-07 
 4.82500000e-04  1.73268769e-07 
 4.82600000e-04  1.61795111e-07 
 4.82700000e-04  1.61459504e-07 
 4.82800000e-04  1.61285596e-07 
 4.82900000e-04  1.61163759e-07 
 4.83000000e-04  1.61095432e-07 
 4.83100000e-04  1.72557263e-07 
 4.83200000e-04  1.72269763e-07 
 4.83300000e-04  1.72171562e-07 
 4.83400000e-04  1.72086411e-07 
 4.83500000e-04  1.72042401e-07 
 4.83600000e-04  1.58100802e-07 
 4.83700000e-04  1.57673570e-07 
 4.83800000e-04  1.57437501e-07 
 4.83900000e-04  1.57266099e-07 
 4.84000000e-04  1.57161203e-07 
 4.84100000e-04  1.73311535e-07 
 4.84200000e-04  1.73124721e-07 
 4.84300000e-04  1.73029302e-07 
 4.84400000e-04  1.72939705e-07 
 4.84500000e-04  1.72887784e-07 
 4.84600000e-04  1.60149525e-07 
 4.84700000e-04  1.59784226e-07 
 4.84800000e-04  1.59610631e-07 
 4.84900000e-04  1.59487125e-07 
 4.85000000e-04  1.59415084e-07 
 4.85100000e-04  1.73082201e-07 
 4.85200000e-04  1.72835371e-07 
 4.85300000e-04  1.72750247e-07 
 4.85400000e-04  1.72677134e-07 
 4.85500000e-04  1.72640859e-07 
 4.85600000e-04  1.58621441e-07 
 4.85700000e-04  1.58242696e-07 
 4.85800000e-04  1.58021944e-07 
 4.85900000e-04  1.57860584e-07 
 4.86000000e-04  1.57760290e-07 
 4.86100000e-04  1.76056914e-07 
 4.86200000e-04  1.75426202e-07 
 4.86300000e-04  1.75214395e-07 
 4.86400000e-04  1.75030137e-07 
 4.86500000e-04  1.74966303e-07 
 4.86600000e-04  1.67373108e-07 
 4.86700000e-04  1.67029698e-07 
 4.86800000e-04  1.66859890e-07 
 4.86900000e-04  1.66764671e-07 
 4.87000000e-04  1.66746190e-07 
 4.87100000e-04  1.72346435e-07 
 4.87200000e-04  1.71543853e-07 
 4.87300000e-04  1.71294802e-07 
 4.87400000e-04  1.71082710e-07 
 4.87500000e-04  1.70974490e-07 
 4.87600000e-04  1.57175888e-07 
 4.87700000e-04  1.56603897e-07 
 4.87800000e-04  1.56333814e-07 
 4.87900000e-04  1.56138466e-07 
 4.88000000e-04  1.56020011e-07 
 4.88100000e-04  1.72149901e-07 
 4.88200000e-04  1.71928594e-07 
 4.88300000e-04  1.71835207e-07 
 4.88400000e-04  1.71751770e-07 
 4.88500000e-04  1.71705858e-07 
 4.88600000e-04  1.58999163e-07 
 4.88700000e-04  1.58641820e-07 
 4.88800000e-04  1.58448473e-07 
 4.88900000e-04  1.58313160e-07 
 4.89000000e-04  1.58237773e-07 
 4.89100000e-04  1.72012719e-07 
 4.89200000e-04  1.71675799e-07 
 4.89300000e-04  1.71543372e-07 
 4.89400000e-04  1.71473744e-07 
 4.89500000e-04  1.71413783e-07 
 4.89600000e-04  1.57491729e-07 
 4.89700000e-04  1.57075428e-07 
 4.89800000e-04  1.56859105e-07 
 4.89900000e-04  1.56694320e-07 
 4.90000000e-04  1.56582523e-07 
 4.90100000e-04  1.73229992e-07 
 4.90200000e-04  1.72919104e-07 
 4.90300000e-04  1.72794087e-07 
 4.90400000e-04  1.72682217e-07 
 4.90500000e-04  1.72639558e-07 
 4.90600000e-04  1.61232757e-07 
 4.90700000e-04  1.60872742e-07 
 4.90800000e-04  1.60691774e-07 
 4.90900000e-04  1.60564074e-07 
 4.91000000e-04  1.60491169e-07 
 4.91100000e-04  1.71926532e-07 
 4.91200000e-04  1.71650249e-07 
 4.91300000e-04  1.71557126e-07 
 4.91400000e-04  1.71476297e-07 
 4.91500000e-04  1.71437236e-07 
 4.91600000e-04  1.57524152e-07 
 4.91700000e-04  1.57066106e-07 
 4.91800000e-04  1.56849817e-07 
 4.91900000e-04  1.56683370e-07 
 4.92000000e-04  1.56568209e-07 
 4.92100000e-04  1.72694794e-07 
 4.92200000e-04  1.72504919e-07 
 4.92300000e-04  1.72413119e-07 
 4.92400000e-04  1.72327664e-07 
 4.92500000e-04  1.72269988e-07 
 4.92600000e-04  1.59565291e-07 
 4.92700000e-04  1.59204929e-07 
 4.92800000e-04  1.59015682e-07 
 4.92900000e-04  1.58881525e-07 
 4.93000000e-04  1.58804085e-07 
 4.93100000e-04  1.72461877e-07 
 4.93200000e-04  1.72238987e-07 
 4.93300000e-04  1.72138732e-07 
 4.93400000e-04  1.72046787e-07 
 4.93500000e-04  1.72010630e-07 
 4.93600000e-04  1.58040920e-07 
 4.93700000e-04  1.57652650e-07 
 4.93800000e-04  1.57435131e-07 
 4.93900000e-04  1.57266610e-07 
 4.94000000e-04  1.57148667e-07 
 4.94100000e-04  1.74806393e-07 
 4.94200000e-04  1.74163667e-07 
 4.94300000e-04  1.73965914e-07 
 4.94400000e-04  1.73886222e-07 
 4.94500000e-04  1.73831633e-07 
 4.94600000e-04  1.63766838e-07 
 4.94700000e-04  1.63428200e-07 
 4.94800000e-04  1.63231490e-07 
 4.94900000e-04  1.63081116e-07 
 4.95000000e-04  1.62978470e-07 
 4.95100000e-04  1.72054518e-07 
 4.95200000e-04  1.71730607e-07 
 4.95300000e-04  1.71616318e-07 
 4.95400000e-04  1.71516529e-07 
 4.95500000e-04  1.71471202e-07 
 4.95600000e-04  1.57596750e-07 
 4.95700000e-04  1.57113315e-07 
 4.95800000e-04  1.56877868e-07 
 4.95900000e-04  1.56695999e-07 
 4.96000000e-04  1.56569346e-07 
 4.96100000e-04  1.72714838e-07 
 4.96200000e-04  1.72511787e-07 
 4.96300000e-04  1.72419571e-07 
 4.96400000e-04  1.72334952e-07 
 4.96500000e-04  1.72291578e-07 
 4.96600000e-04  1.59554149e-07 
 4.96700000e-04  1.59208131e-07 
 4.96800000e-04  1.59031337e-07 
 4.96900000e-04  1.58898875e-07 
 4.97000000e-04  1.58812117e-07 
 4.97100000e-04  1.72479439e-07 
 4.97200000e-04  1.72230088e-07 
 4.97300000e-04  1.72136847e-07 
 4.97400000e-04  1.72055026e-07 
 4.97500000e-04  1.72029325e-07 
 4.97600000e-04  1.58048939e-07 
 4.97700000e-04  1.57643790e-07 
 4.97800000e-04  1.57437946e-07 
 4.97900000e-04  1.57273687e-07 
 4.98000000e-04  1.57152314e-07 
 4.98100000e-04  1.73849019e-07 
 4.98200000e-04  1.73530105e-07 
 4.98300000e-04  1.73415504e-07 
 4.98400000e-04  1.73315187e-07 
 4.98500000e-04  1.73260227e-07 
 4.98600000e-04  1.61800624e-07 
 4.98700000e-04  1.61450032e-07 
 4.98800000e-04  1.61283658e-07 
 4.98900000e-04  1.61163198e-07 
 4.99000000e-04  1.61090108e-07 
 4.99100000e-04  1.72548994e-07 
 4.99200000e-04  1.72266918e-07 
 4.99300000e-04  1.72168527e-07 
 4.99400000e-04  1.72082247e-07 
 4.99500000e-04  1.72052046e-07 
 4.99600000e-04  1.58108483e-07 
 4.99700000e-04  1.57673870e-07 
 4.99800000e-04  1.57434649e-07 
 4.99900000e-04  1.57260303e-07 
 5.00000000e-04  1.57152891e-07 
 5.00100000e-04  1.73323292e-07 
 5.00200000e-04  1.73110310e-07 
 5.00300000e-04  1.73020406e-07 
 5.00400000e-04  1.72939718e-07 
 5.00500000e-04  1.72889010e-07 
 5.00600000e-04  1.60149887e-07 
 5.00700000e-04  1.59784879e-07 
 5.00800000e-04  1.59603547e-07 
 5.00900000e-04  1.59480937e-07 
 5.01000000e-04  1.59418912e-07 
 5.01100000e-04  1.73082831e-07 
 5.01200000e-04  1.72831673e-07 
 5.01300000e-04  1.72737409e-07 
 5.01400000e-04  1.72654828e-07 
 5.01500000e-04  1.72621689e-07 
 5.01600000e-04  1.58622567e-07 
 5.01700000e-04  1.58237416e-07 
 5.01800000e-04  1.58020388e-07 
 5.01900000e-04  1.57858756e-07 
 5.02000000e-04  1.57754277e-07 
 5.02100000e-04  1.75512254e-07 
 5.02200000e-04  1.74993229e-07 
 5.02300000e-04  1.74819945e-07 
 5.02400000e-04  1.74669443e-07 
 5.02500000e-04  1.74594643e-07 
 5.02600000e-04  1.65714127e-07 
 5.02700000e-04  1.65365967e-07 
 5.02800000e-04  1.65191476e-07 
 5.02900000e-04  1.65086246e-07 
 5.03000000e-04  1.65052473e-07 
 5.03100000e-04  1.74665004e-07 
 5.03200000e-04  1.73585866e-07 
 5.03300000e-04  1.73203874e-07 
 5.03400000e-04  1.73051243e-07 
 5.03500000e-04  1.72898611e-07 
 5.03600000e-04  1.58562386e-07 
 5.03700000e-04  1.57851239e-07 
 5.03800000e-04  1.57574228e-07 
 5.03900000e-04  1.57371158e-07 
 5.04000000e-04  1.57243610e-07 
 5.04100000e-04  1.03759695e-04 
 5.04200000e-04  1.03759285e-04 
 5.04300000e-04  1.03759152e-04 
 5.04400000e-04  1.03759039e-04 
 5.04500000e-04  1.03758981e-04 
 5.04600000e-04  1.03746258e-04 
 5.04700000e-04  1.03745886e-04 
 5.04800000e-04  1.03745693e-04 
 5.04900000e-04  1.03745558e-04 
 5.05000000e-04  1.03745482e-04 
 5.05100000e-04  1.73662268e-07 
 5.05200000e-04  1.73360971e-07 
 5.05300000e-04  1.73258196e-07 
 5.05400000e-04  1.73170166e-07 
 5.05500000e-04  1.73141952e-07 
 5.05600000e-04  1.59165366e-07 
 5.05700000e-04  1.58747487e-07 
 5.05800000e-04  1.58523279e-07 
 5.05900000e-04  1.58361299e-07 
 5.06000000e-04  1.58263521e-07 
 5.06100000e-04  1.75002818e-07 
 5.06200000e-04  1.74695504e-07 
 5.06300000e-04  1.74572923e-07 
 5.06400000e-04  1.74462928e-07 
 5.06500000e-04  1.74406771e-07 
 5.06600000e-04  1.62898433e-07 
 5.06700000e-04  1.62541524e-07 
 5.06800000e-04  1.62365849e-07 
 5.06900000e-04  1.62247348e-07 
 5.07000000e-04  1.62187833e-07 
 5.07100000e-04  1.73720229e-07 
 5.07200000e-04  1.73424020e-07 
 5.07300000e-04  1.73313983e-07 
 5.07400000e-04  1.73216727e-07 
 5.07500000e-04  1.73190068e-07 
 5.07600000e-04  1.59186058e-07 
 5.07700000e-04  1.58749371e-07 
 5.07800000e-04  1.58523423e-07 
 5.07900000e-04  1.58355361e-07 
 5.08000000e-04  1.58247020e-07 
 5.08100000e-04  1.74471042e-07 
 5.08200000e-04  1.74268662e-07 
 5.08300000e-04  1.74174314e-07 
 5.08400000e-04  1.74087527e-07 
 5.08500000e-04  1.74023232e-07 
 5.08600000e-04  1.61231322e-07 
 5.08700000e-04  1.60875678e-07 
 5.08800000e-04  1.60692696e-07 
 5.08900000e-04  1.60567315e-07 
 5.09000000e-04  1.60501364e-07 
 5.09100000e-04  1.74231722e-07 
 5.09200000e-04  1.73987462e-07 
 5.09300000e-04  1.73894031e-07 
 5.09400000e-04  1.73811052e-07 
 5.09500000e-04  1.73772921e-07 
 5.09600000e-04  1.59719935e-07 
 5.09700000e-04  1.59327825e-07 
 5.09800000e-04  1.59102831e-07 
 5.09900000e-04  1.58941291e-07 
 5.10000000e-04  1.58845216e-07 
 5.10100000e-04  1.76144045e-07 
 5.10200000e-04  1.75719756e-07 
 5.10300000e-04  1.75565348e-07 
 5.10400000e-04  1.75429075e-07 
 5.10500000e-04  1.75374550e-07 
 5.10600000e-04  1.65128491e-07 
 5.10700000e-04  1.64788506e-07 
 5.10800000e-04  1.64618531e-07 
 5.10900000e-04  1.64508380e-07 
 5.11000000e-04  1.64459951e-07 
 5.11100000e-04  1.73822489e-07 
 5.11200000e-04  1.73507018e-07 
 5.11300000e-04  1.73391215e-07 
 5.11400000e-04  1.73288694e-07 
 5.11500000e-04  1.73225347e-07 
 5.11600000e-04  1.59238007e-07 
 5.11700000e-04  1.58770169e-07 
 5.11800000e-04  1.58542677e-07 
 5.11900000e-04  1.58370597e-07 
 5.12000000e-04  1.58255686e-07 
 5.12100000e-04  1.74485755e-07 
 5.12200000e-04  1.74286354e-07 
 5.12300000e-04  1.74190050e-07 
 5.12400000e-04  1.74100831e-07 
 5.12500000e-04  1.74047610e-07 
 5.12600000e-04  1.61213119e-07 
 5.12700000e-04  1.60867670e-07 
 5.12800000e-04  1.60690922e-07 
 5.12900000e-04  1.60567224e-07 
 5.13000000e-04  1.60498258e-07 
 5.13100000e-04  1.74238595e-07 
 5.13200000e-04  1.73981763e-07 
 5.13300000e-04  1.73887847e-07 
 5.13400000e-04  1.73805913e-07 
 5.13500000e-04  1.73771800e-07 
 5.13600000e-04  1.59709055e-07 
 5.13700000e-04  1.59320557e-07 
 5.13800000e-04  1.59101607e-07 
 5.13900000e-04  1.58938023e-07 
 5.14000000e-04  1.58831560e-07 
 5.14100000e-04  1.75625694e-07 
 5.14200000e-04  1.75288658e-07 
 5.14300000e-04  1.75165282e-07 
 5.14400000e-04  1.75057583e-07 
 5.14500000e-04  1.75011531e-07 
 5.14600000e-04  1.63457430e-07 
 5.14700000e-04  1.63111320e-07 
 5.14800000e-04  1.62946182e-07 
 5.14900000e-04  1.62836956e-07 
 5.15000000e-04  1.62785417e-07 
 5.15100000e-04  1.74312780e-07 
 5.15200000e-04  1.74044564e-07 
 5.15300000e-04  1.73937971e-07 
 5.15400000e-04  1.73841335e-07 
 5.15500000e-04  1.73793459e-07 
 5.15600000e-04  1.59748790e-07 
 5.15700000e-04  1.59325930e-07 
 5.15800000e-04  1.59105172e-07 
 5.15900000e-04  1.58939562e-07 
 5.16000000e-04  1.58830850e-07 
 5.16100000e-04  1.75094680e-07 
 5.16200000e-04  1.74877471e-07 
 5.16300000e-04  1.74782554e-07 
 5.16400000e-04  1.74696915e-07 
 5.16500000e-04  1.74641884e-07 
 5.16600000e-04  1.61794649e-07 
 5.16700000e-04  1.61461069e-07 
 5.16800000e-04  1.61281976e-07 
 5.16900000e-04  1.61155024e-07 
 5.17000000e-04  1.61081866e-07 
 5.17100000e-04  1.74865090e-07 
 5.17200000e-04  1.74610295e-07 
 5.17300000e-04  1.74513683e-07 
 5.17400000e-04  1.74428922e-07 
 5.17500000e-04  1.74379860e-07 
 5.17600000e-04  1.60290521e-07 
 5.17700000e-04  1.59900202e-07 
 5.17800000e-04  1.59696365e-07 
 5.17900000e-04  1.59541460e-07 
 5.18000000e-04  1.59437040e-07 
 5.18100000e-04  1.88936777e-07 
 5.18200000e-04  1.86316661e-07 
 5.18300000e-04  1.85511717e-07 
 5.18400000e-04  1.85263651e-07 
 5.18500000e-04  1.85015585e-07 
 5.18600000e-04  1.75716614e-07 
 5.18700000e-04  1.74618253e-07 
 5.18800000e-04  1.74277903e-07 
 5.18900000e-04  1.74060155e-07 
 5.19000000e-04  1.73967219e-07 
 5.19100000e-04  1.71284316e-07 
 5.19200000e-04  1.70527401e-07 
 5.19300000e-04  1.70310972e-07 
 5.19400000e-04  1.70128546e-07 
 5.19500000e-04  1.70059361e-07 
 5.19600000e-04  1.57648294e-07 
 5.19700000e-04  1.56968106e-07 
 5.19800000e-04  1.56707258e-07 
 5.19900000e-04 -0.00000000e+00 
 5.20000000e-04  1.56574799e-07 
