 time            -i(vdd)        
 2.60000000e-04 -1.26577368e-04 
 2.60100000e-04  1.83731578e-07 
 2.60200000e-04  1.75017972e-07 
 2.60300000e-04  1.72694037e-07 
 2.60400000e-04  1.70735561e-07 
 2.60500000e-04  1.70077279e-07 
 2.60600000e-04  1.76681116e-07 
 2.60700000e-04  1.75911176e-07 
 2.60800000e-04  1.75485334e-07 
 2.60900000e-04  1.75139038e-07 
 2.61000000e-04  1.74874014e-07 
 2.61100000e-04  1.56440177e-07 
 2.61200000e-04  1.54080037e-07 
 2.61300000e-04  1.53485647e-07 
 2.61400000e-04  1.53007406e-07 
 2.61500000e-04  1.52781898e-07 
 2.61600000e-04  1.38890423e-07 
 2.61700000e-04  1.37640758e-07 
 2.61800000e-04  1.37194415e-07 
 2.61900000e-04  1.36877129e-07 
 2.62000000e-04  1.36692994e-07 
 2.62100000e-04  1.61883060e-07 
 2.62200000e-04  1.60619819e-07 
 2.62300000e-04  1.60336483e-07 
 2.62400000e-04  1.60131675e-07 
 2.62500000e-04  1.60040464e-07 
 2.62600000e-04  1.48509495e-07 
 2.62700000e-04  1.47915324e-07 
 2.62800000e-04  1.47633930e-07 
 2.62900000e-04  1.47422660e-07 
 2.63000000e-04  1.47283015e-07 
 2.63100000e-04  1.99993479e-07 
 2.63200000e-04  1.94210900e-07 
 2.63300000e-04  1.92920873e-07 
 2.63400000e-04  1.91926296e-07 
 2.63500000e-04  1.91648513e-07 
 2.63600000e-04  1.78192986e-07 
 2.63700000e-04  1.77578808e-07 
 2.63800000e-04  1.77246505e-07 
 2.63900000e-04  1.76996704e-07 
 2.64000000e-04  1.76832019e-07 
 2.64100000e-04  1.72668263e-07 
 2.64200000e-04  1.68075911e-07 
 2.64300000e-04  1.67028009e-07 
 2.64400000e-04  1.66211493e-07 
 2.64500000e-04  1.65973080e-07 
 2.64600000e-04  1.53762035e-07 
 2.64700000e-04  1.53126420e-07 
 2.64800000e-04  1.52814363e-07 
 2.64900000e-04  1.52586858e-07 
 2.65000000e-04  1.52446583e-07 
 2.65100000e-04  1.66019809e-07 
 2.65200000e-04  1.65523677e-07 
 2.65300000e-04  1.65365990e-07 
 2.65400000e-04  1.65230875e-07 
 2.65500000e-04  1.65175445e-07 
 2.65600000e-04  1.51596132e-07 
 2.65700000e-04  1.51153244e-07 
 2.65800000e-04  1.50918353e-07 
 2.65900000e-04  1.50742570e-07 
 2.66000000e-04  1.50627763e-07 
 2.66100000e-04  1.66993362e-07 
 2.66200000e-04  1.66737870e-07 
 2.66300000e-04  1.66640952e-07 
 2.66400000e-04  1.66554183e-07 
 2.66500000e-04  1.66499263e-07 
 2.66600000e-04  1.55434806e-07 
 2.66700000e-04  1.55021539e-07 
 2.66800000e-04  1.54822101e-07 
 2.66900000e-04  1.54675549e-07 
 2.67000000e-04  1.54583555e-07 
 2.67100000e-04  1.66081043e-07 
 2.67200000e-04  1.65565087e-07 
 2.67300000e-04  1.65411676e-07 
 2.67400000e-04  1.65280943e-07 
 2.67500000e-04  1.65221359e-07 
 2.67600000e-04  1.51672009e-07 
 2.67700000e-04  1.51176518e-07 
 2.67800000e-04  1.50920814e-07 
 2.67900000e-04  1.50723949e-07 
 2.68000000e-04  1.50587789e-07 
 2.68100000e-04  1.66389430e-07 
 2.68200000e-04  1.66215299e-07 
 2.68300000e-04  1.66137715e-07 
 2.68400000e-04  1.66067089e-07 
 2.68500000e-04  1.66035268e-07 
 2.68600000e-04  1.53640322e-07 
 2.68700000e-04  1.53251631e-07 
 2.68800000e-04  1.53045285e-07 
 2.68900000e-04  1.52896549e-07 
 2.69000000e-04  1.52807246e-07 
 2.69100000e-04  1.66134199e-07 
 2.69200000e-04  1.65903773e-07 
 2.69300000e-04  1.65832032e-07 
 2.69400000e-04  1.65772209e-07 
 2.69500000e-04  1.65749838e-07 
 2.69600000e-04  1.52108908e-07 
 2.69700000e-04  1.51661658e-07 
 2.69800000e-04  1.51425888e-07 
 2.69900000e-04  1.51248066e-07 
 2.70000000e-04  1.51130024e-07 
 2.70100000e-04  1.68004600e-07 
 2.70200000e-04  1.67639088e-07 
 2.70300000e-04  1.67504931e-07 
 2.70400000e-04  1.67385478e-07 
 2.70500000e-04  1.67319934e-07 
 2.70600000e-04  1.57534499e-07 
 2.70700000e-04  1.57129862e-07 
 2.70800000e-04  1.56925557e-07 
 2.70900000e-04  1.56786389e-07 
 2.71000000e-04  1.56714417e-07 
 2.71100000e-04  1.66101867e-07 
 2.71200000e-04  1.65545349e-07 
 2.71300000e-04  1.65377292e-07 
 2.71400000e-04  1.65233353e-07 
 2.71500000e-04  1.65195738e-07 
 2.71600000e-04  1.51640129e-07 
 2.71700000e-04  1.51105918e-07 
 2.71800000e-04  1.50846235e-07 
 2.71900000e-04  1.50646766e-07 
 2.72000000e-04  1.50509413e-07 
 2.72100000e-04  1.66320430e-07 
 2.72200000e-04  1.66149837e-07 
 2.72300000e-04  1.66075314e-07 
 2.72400000e-04  1.66007568e-07 
 2.72500000e-04  1.65968598e-07 
 2.72600000e-04  1.53582565e-07 
 2.72700000e-04  1.53180166e-07 
 2.72800000e-04  1.52980078e-07 
 2.72900000e-04  1.52830317e-07 
 2.73000000e-04  1.52732472e-07 
 2.73100000e-04  1.66064131e-07 
 2.73200000e-04  1.65857184e-07 
 2.73300000e-04  1.65792453e-07 
 2.73400000e-04  1.65737694e-07 
 2.73500000e-04  1.65697882e-07 
 2.73600000e-04  1.52061477e-07 
 2.73700000e-04  1.51615959e-07 
 2.73800000e-04  1.51386230e-07 
 2.73900000e-04  1.51207792e-07 
 2.74000000e-04  1.51082260e-07 
 2.74100000e-04  1.67446508e-07 
 2.74200000e-04  1.67157141e-07 
 2.74300000e-04  1.67057075e-07 
 2.74400000e-04  1.66970423e-07 
 2.74500000e-04  1.66919986e-07 
 2.74600000e-04  1.55813007e-07 
 2.74700000e-04  1.55433559e-07 
 2.74800000e-04  1.55216110e-07 
 2.74900000e-04  1.55068809e-07 
 2.75000000e-04  1.54993865e-07 
 2.75100000e-04  1.66138136e-07 
 2.75200000e-04  1.65905746e-07 
 2.75300000e-04  1.65816963e-07 
 2.75400000e-04  1.65737252e-07 
 2.75500000e-04  1.65705367e-07 
 2.75600000e-04  1.52106109e-07 
 2.75700000e-04  1.51635929e-07 
 2.75800000e-04  1.51380208e-07 
 2.75900000e-04  1.51189216e-07 
 2.76000000e-04  1.51064992e-07 
 2.76100000e-04  1.66896160e-07 
 2.76200000e-04  1.66721938e-07 
 2.76300000e-04  1.66651109e-07 
 2.76400000e-04  1.66587473e-07 
 2.76500000e-04  1.66553485e-07 
 2.76600000e-04  1.54145346e-07 
 2.76700000e-04  1.53740593e-07 
 2.76800000e-04  1.53541822e-07 
 2.76900000e-04  1.53401429e-07 
 2.77000000e-04  1.53321251e-07 
 2.77100000e-04  1.66671197e-07 
 2.77200000e-04  1.66448203e-07 
 2.77300000e-04  1.66376634e-07 
 2.77400000e-04  1.66316477e-07 
 2.77500000e-04  1.66290313e-07 
 2.77600000e-04  1.52638761e-07 
 2.77700000e-04  1.52189682e-07 
 2.77800000e-04  1.51961297e-07 
 2.77900000e-04  1.51782669e-07 
 2.78000000e-04  1.51655360e-07 
 2.78100000e-04  1.69106044e-07 
 2.78200000e-04  1.68608637e-07 
 2.78300000e-04  1.68450442e-07 
 2.78400000e-04  1.68315107e-07 
 2.78500000e-04  1.68253864e-07 
 2.78600000e-04  1.59711469e-07 
 2.78700000e-04  1.59312779e-07 
 2.78800000e-04  1.59121272e-07 
 2.78900000e-04  1.59003797e-07 
 2.79000000e-04  1.58962688e-07 
 2.79100000e-04  1.66278077e-07 
 2.79200000e-04  1.65616877e-07 
 2.79300000e-04  1.65431649e-07 
 2.79400000e-04  1.65277332e-07 
 2.79500000e-04  1.65196763e-07 
 2.79600000e-04  1.51667056e-07 
 2.79700000e-04  1.51111198e-07 
 2.79800000e-04  1.50841730e-07 
 2.79900000e-04  1.50633330e-07 
 2.80000000e-04  1.50487917e-07 
 2.80100000e-04  1.66318669e-07 
 2.80200000e-04  1.66131441e-07 
 2.80300000e-04  1.66056128e-07 
 2.80400000e-04  1.65989289e-07 
 2.80500000e-04  1.65956264e-07 
 2.80600000e-04  1.53553515e-07 
 2.80700000e-04  1.53162135e-07 
 2.80800000e-04  1.52961065e-07 
 2.80900000e-04  1.52810884e-07 
 2.81000000e-04  1.52713190e-07 
 2.81100000e-04  1.66043462e-07 
 2.81200000e-04  1.65839776e-07 
 2.81300000e-04  1.65768709e-07 
 2.81400000e-04  1.65706646e-07 
 2.81500000e-04  1.65678175e-07 
 2.81600000e-04  1.52030822e-07 
 2.81700000e-04  1.51585271e-07 
 2.81800000e-04  1.51347736e-07 
 2.81900000e-04  1.51166458e-07 
 2.82000000e-04  1.51043206e-07 
 2.82100000e-04  1.67416577e-07 
 2.82200000e-04  1.67138892e-07 
 2.82300000e-04  1.67037784e-07 
 2.82400000e-04  1.66948607e-07 
 2.82500000e-04  1.66900448e-07 
 2.82600000e-04  1.55785683e-07 
 2.82700000e-04  1.55399071e-07 
 2.82800000e-04  1.55201711e-07 
 2.82900000e-04  1.55059798e-07 
 2.83000000e-04  1.54975075e-07 
 2.83100000e-04  1.66117232e-07 
 2.83200000e-04  1.65877854e-07 
 2.83300000e-04  1.65790003e-07 
 2.83400000e-04  1.65712145e-07 
 2.83500000e-04  1.65682757e-07 
 2.83600000e-04  1.52075299e-07 
 2.83700000e-04  1.51597600e-07 
 2.83800000e-04  1.51348892e-07 
 2.83900000e-04  1.51166776e-07 
 2.84000000e-04  1.51053344e-07 
 2.84100000e-04  1.66881390e-07 
 2.84200000e-04  1.66720253e-07 
 2.84300000e-04  1.66639404e-07 
 2.84400000e-04  1.66563394e-07 
 2.84500000e-04  1.66535926e-07 
 2.84600000e-04  1.54114095e-07 
 2.84700000e-04  1.53741793e-07 
 2.84800000e-04  1.53537294e-07 
 2.84900000e-04  1.53385991e-07 
 2.85000000e-04  1.53289548e-07 
 2.85100000e-04  1.66647036e-07 
 2.85200000e-04  1.66431229e-07 
 2.85300000e-04  1.66358843e-07 
 2.85400000e-04  1.66297055e-07 
 2.85500000e-04  1.66283618e-07 
 2.85600000e-04  1.52612849e-07 
 2.85700000e-04  1.52172601e-07 
 2.85800000e-04  1.51937456e-07 
 2.85900000e-04  1.51756838e-07 
 2.86000000e-04  1.51632447e-07 
 2.86100000e-04  1.68552197e-07 
 2.86200000e-04  1.68165517e-07 
 2.86300000e-04  1.68034580e-07 
 2.86400000e-04  1.67920612e-07 
 2.86500000e-04  1.67872623e-07 
 2.86600000e-04  1.58032822e-07 
 2.86700000e-04  1.57647662e-07 
 2.86800000e-04  1.57452772e-07 
 2.86900000e-04  1.57323913e-07 
 2.87000000e-04  1.57263155e-07 
 2.87100000e-04  1.66225395e-07 
 2.87200000e-04  1.65943543e-07 
 2.87300000e-04  1.65850916e-07 
 2.87400000e-04  1.65770883e-07 
 2.87500000e-04  1.65730603e-07 
 2.87600000e-04  1.52162864e-07 
 2.87700000e-04  1.51626873e-07 
 2.87800000e-04  1.51382313e-07 
 2.87900000e-04  1.51189927e-07 
 2.88000000e-04  1.51051347e-07 
 2.88100000e-04  1.66900235e-07 
 2.88200000e-04  1.66727141e-07 
 2.88300000e-04  1.66655660e-07 
 2.88400000e-04  1.66591249e-07 
 2.88500000e-04  1.66540781e-07 
 2.88600000e-04  1.54133711e-07 
 2.88700000e-04  1.53743174e-07 
 2.88800000e-04  1.53530513e-07 
 2.88900000e-04  1.53384722e-07 
 2.89000000e-04  1.53307896e-07 
 2.89100000e-04  1.66650078e-07 
 2.89200000e-04  1.66444753e-07 
 2.89300000e-04  1.66373412e-07 
 2.89400000e-04  1.66311432e-07 
 2.89500000e-04  1.66286987e-07 
 2.89600000e-04  1.52625163e-07 
 2.89700000e-04  1.52175741e-07 
 2.89800000e-04  1.51940212e-07 
 2.89900000e-04  1.51759502e-07 
 2.90000000e-04  1.51635323e-07 
 2.90100000e-04  1.68021134e-07 
 2.90200000e-04  1.67741426e-07 
 2.90300000e-04  1.67644435e-07 
 2.90400000e-04  1.67559983e-07 
 2.90500000e-04  1.67502615e-07 
 2.90600000e-04  1.56373071e-07 
 2.90700000e-04  1.55974182e-07 
 2.90800000e-04  1.55774133e-07 
 2.90900000e-04  1.55639886e-07 
 2.91000000e-04  1.55573501e-07 
 2.91100000e-04  1.66729398e-07 
 2.91200000e-04  1.66495760e-07 
 2.91300000e-04  1.66414632e-07 
 2.91400000e-04  1.66343237e-07 
 2.91500000e-04  1.66296282e-07 
 2.91600000e-04  1.52679113e-07 
 2.91700000e-04  1.52181359e-07 
 2.91800000e-04  1.51931805e-07 
 2.91900000e-04  1.51748413e-07 
 2.92000000e-04  1.51633250e-07 
 2.92100000e-04  1.67497956e-07 
 2.92200000e-04  1.67317073e-07 
 2.92300000e-04  1.67240667e-07 
 2.92400000e-04  1.67171850e-07 
 2.92500000e-04  1.67139014e-07 
 2.92600000e-04  1.54711725e-07 
 2.92700000e-04  1.54306570e-07 
 2.92800000e-04  1.54114842e-07 
 2.92900000e-04  1.53976401e-07 
 2.93000000e-04  1.53892907e-07 
 2.93100000e-04  1.67255716e-07 
 2.93200000e-04  1.67040357e-07 
 2.93300000e-04  1.66972427e-07 
 2.93400000e-04  1.66915073e-07 
 2.93500000e-04  1.66893307e-07 
 2.93600000e-04  1.53205726e-07 
 2.93700000e-04  1.52756097e-07 
 2.93800000e-04  1.52522991e-07 
 2.93900000e-04  1.52344015e-07 
 2.94000000e-04  1.52220853e-07 
 2.94100000e-04  1.70225252e-07 
 2.94200000e-04  1.69622578e-07 
 2.94300000e-04  1.69443572e-07 
 2.94400000e-04  1.69292683e-07 
 2.94500000e-04  1.69224809e-07 
 2.94600000e-04  1.61953094e-07 
 2.94700000e-04  1.61553207e-07 
 2.94800000e-04  1.61371998e-07 
 2.94900000e-04  1.61257055e-07 
 2.95000000e-04  1.61210448e-07 
 2.95100000e-04  1.66575416e-07 
 2.95200000e-04  1.65708761e-07 
 2.95300000e-04  1.65482795e-07 
 2.95400000e-04  1.65298524e-07 
 2.95500000e-04  1.65211742e-07 
 2.95600000e-04  1.51711845e-07 
 2.95700000e-04  1.51115272e-07 
 2.95800000e-04  1.50821301e-07 
 2.95900000e-04  1.50611183e-07 
 2.96000000e-04  1.50487546e-07 
 2.96100000e-04  1.66305481e-07 
 2.96200000e-04  1.66129302e-07 
 2.96300000e-04  1.66056581e-07 
 2.96400000e-04  1.65991106e-07 
 2.96500000e-04  1.65953579e-07 
 2.96600000e-04  1.53554347e-07 
 2.96700000e-04  1.53147850e-07 
 2.96800000e-04  1.52936350e-07 
 2.96900000e-04  1.52790328e-07 
 2.97000000e-04  1.52711829e-07 
 2.97100000e-04  1.66040854e-07 
 2.97200000e-04  1.65834304e-07 
 2.97300000e-04  1.65758969e-07 
 2.97400000e-04  1.65692624e-07 
 2.97500000e-04  1.65666705e-07 
 2.97600000e-04  1.52022373e-07 
 2.97700000e-04  1.51581319e-07 
 2.97800000e-04  1.51347920e-07 
 2.97900000e-04  1.51166623e-07 
 2.98000000e-04  1.51039046e-07 
 2.98100000e-04  1.67409437e-07 
 2.98200000e-04  1.67126281e-07 
 2.98300000e-04  1.67029216e-07 
 2.98400000e-04  1.66945028e-07 
 2.98500000e-04  1.66905475e-07 
 2.98600000e-04  1.55792192e-07 
 2.98700000e-04  1.55385883e-07 
 2.98800000e-04  1.55187275e-07 
 2.98900000e-04  1.55052369e-07 
 2.99000000e-04  1.54983150e-07 
 2.99100000e-04  1.66108203e-07 
 2.99200000e-04  1.65859455e-07 
 2.99300000e-04  1.65780989e-07 
 2.99400000e-04  1.65714340e-07 
 2.99500000e-04  1.65673921e-07 
 2.99600000e-04  1.52068581e-07 
 2.99700000e-04  1.51604314e-07 
 2.99800000e-04  1.51348483e-07 
 2.99900000e-04  1.51159831e-07 
 3.00000000e-04  1.51040453e-07 
 3.00100000e-04  1.66870293e-07 
 3.00200000e-04  1.66707887e-07 
 3.00300000e-04  1.66635492e-07 
 3.00400000e-04  1.66569357e-07 
 3.00500000e-04  1.66527522e-07 
 3.00600000e-04  1.54102108e-07 
 3.00700000e-04  1.53716892e-07 
 3.00800000e-04  1.53519137e-07 
 3.00900000e-04  1.53375108e-07 
 3.01000000e-04  1.53286473e-07 
 3.01100000e-04  1.66633841e-07 
 3.01200000e-04  1.66423367e-07 
 3.01300000e-04  1.66353392e-07 
 3.01400000e-04  1.66293278e-07 
 3.01500000e-04  1.66274059e-07 
 3.01600000e-04  1.52610889e-07 
 3.01700000e-04  1.52177975e-07 
 3.01800000e-04  1.51934539e-07 
 3.01900000e-04  1.51753737e-07 
 3.02000000e-04  1.51637520e-07 
 3.02100000e-04  1.68539553e-07 
 3.02200000e-04  1.68156375e-07 
 3.02300000e-04  1.68032347e-07 
 3.02400000e-04  1.67925518e-07 
 3.02500000e-04  1.67863938e-07 
 3.02600000e-04  1.58036037e-07 
 3.02700000e-04  1.57640048e-07 
 3.02800000e-04  1.57449360e-07 
 3.02900000e-04  1.57316449e-07 
 3.03000000e-04  1.57243107e-07 
 3.03100000e-04  1.66216526e-07 
 3.03200000e-04  1.65931119e-07 
 3.03300000e-04  1.65837517e-07 
 3.03400000e-04  1.65756584e-07 
 3.03500000e-04  1.65736355e-07 
 3.03600000e-04  1.52152323e-07 
 3.03700000e-04  1.51619334e-07 
 3.03800000e-04  1.51365555e-07 
 3.03900000e-04  1.51178309e-07 
 3.04000000e-04  1.51059664e-07 
 3.04100000e-04  1.66887004e-07 
 3.04200000e-04  1.66711516e-07 
 3.04300000e-04  1.66640944e-07 
 3.04400000e-04  1.66578036e-07 
 3.04500000e-04  1.66533750e-07 
 3.04600000e-04  1.54126918e-07 
 3.04700000e-04  1.53722030e-07 
 3.04800000e-04  1.53520752e-07 
 3.04900000e-04  1.53379328e-07 
 3.05000000e-04  1.53299617e-07 
 3.05100000e-04  1.66651577e-07 
 3.05200000e-04  1.66436436e-07 
 3.05300000e-04  1.66361095e-07 
 3.05400000e-04  1.66295999e-07 
 3.05500000e-04  1.66266020e-07 
 3.05600000e-04  1.52617853e-07 
 3.05700000e-04  1.52165183e-07 
 3.05800000e-04  1.51931596e-07 
 3.05900000e-04  1.51750901e-07 
 3.06000000e-04  1.51624732e-07 
 3.06100000e-04  1.68029720e-07 
 3.06200000e-04  1.67751244e-07 
 3.06300000e-04  1.67645805e-07 
 3.06400000e-04  1.67552255e-07 
 3.06500000e-04  1.67496251e-07 
 3.06600000e-04  1.56373562e-07 
 3.06700000e-04  1.55973203e-07 
 3.06800000e-04  1.55781709e-07 
 3.06900000e-04  1.55640753e-07 
 3.07000000e-04  1.55551895e-07 
 3.07100000e-04  1.66723597e-07 
 3.07200000e-04  1.66471468e-07 
 3.07300000e-04  1.66397642e-07 
 3.07400000e-04  1.66335829e-07 
 3.07500000e-04  1.66302156e-07 
 3.07600000e-04  1.52655996e-07 
 3.07700000e-04  1.52176289e-07 
 3.07800000e-04  1.51926149e-07 
 3.07900000e-04  1.51744582e-07 
 3.08000000e-04  1.51633719e-07 
 3.08100000e-04  1.67510864e-07 
 3.08200000e-04  1.67316377e-07 
 3.08300000e-04  1.67243140e-07 
 3.08400000e-04  1.67179267e-07 
 3.08500000e-04  1.67141387e-07 
 3.08600000e-04  1.54693570e-07 
 3.08700000e-04  1.54297868e-07 
 3.08800000e-04  1.54100380e-07 
 3.08900000e-04  1.53963570e-07 
 3.09000000e-04  1.53889314e-07 
 3.09100000e-04  1.67263218e-07 
 3.09200000e-04  1.67045448e-07 
 3.09300000e-04  1.66974315e-07 
 3.09400000e-04  1.66913855e-07 
 3.09500000e-04  1.66882522e-07 
 3.09600000e-04  1.53177265e-07 
 3.09700000e-04  1.52770481e-07 
 3.09800000e-04  1.52526010e-07 
 3.09900000e-04  1.52345280e-07 
 3.10000000e-04  1.52230268e-07 
 3.10100000e-04  1.69700850e-07 
 3.10200000e-04  1.69190893e-07 
 3.10300000e-04  1.69038381e-07 
 3.10400000e-04  1.68910027e-07 
 3.10500000e-04  1.68852194e-07 
 3.10600000e-04  1.60273323e-07 
 3.10700000e-04  1.59880838e-07 
 3.10800000e-04  1.59700943e-07 
 3.10900000e-04  1.59581671e-07 
 3.11000000e-04  1.59524896e-07 
 3.11100000e-04  1.66525035e-07 
 3.11200000e-04  1.66123961e-07 
 3.11300000e-04  1.65988012e-07 
 3.11400000e-04  1.65870803e-07 
 3.11500000e-04  1.65821796e-07 
 3.11600000e-04  1.52256835e-07 
 3.11700000e-04  1.51679492e-07 
 3.11800000e-04  1.51416263e-07 
 3.11900000e-04  1.51210797e-07 
 3.12000000e-04  1.51064880e-07 
 3.12100000e-04  1.66921554e-07 
 3.12200000e-04  1.66745724e-07 
 3.12300000e-04  1.66673358e-07 
 3.12400000e-04  1.66608091e-07 
 3.12500000e-04  1.66563532e-07 
 3.12600000e-04  1.54134069e-07 
 3.12700000e-04  1.53733145e-07 
 3.12800000e-04  1.53537705e-07 
 3.12900000e-04  1.53392196e-07 
 3.13000000e-04  1.53298153e-07 
 3.13100000e-04  1.66658824e-07 
 3.13200000e-04  1.66446560e-07 
 3.13300000e-04  1.66367187e-07 
 3.13400000e-04  1.66297213e-07 
 3.13500000e-04  1.66275214e-07 
 3.13600000e-04  1.52612515e-07 
 3.13700000e-04  1.52182277e-07 
 3.13800000e-04  1.51944805e-07 
 3.13900000e-04  1.51761405e-07 
 3.14000000e-04  1.51633744e-07 
 3.14100000e-04  1.68019194e-07 
 3.14200000e-04  1.67738190e-07 
 3.14300000e-04  1.67635528e-07 
 3.14400000e-04  1.67545007e-07 
 3.14500000e-04  1.67505390e-07 
 3.14600000e-04  1.56380868e-07 
 3.14700000e-04  1.55971329e-07 
 3.14800000e-04  1.55778321e-07 
 3.14900000e-04  1.55642771e-07 
 3.15000000e-04  1.55566450e-07 
 3.15100000e-04  1.66728414e-07 
 3.15200000e-04  1.66480489e-07 
 3.15300000e-04  1.66395219e-07 
 3.15400000e-04  1.66320871e-07 
 3.15500000e-04  1.66286579e-07 
 3.15600000e-04  1.52668087e-07 
 3.15700000e-04  1.52191144e-07 
 3.15800000e-04  1.51936447e-07 
 3.15900000e-04  1.51747137e-07 
 3.16000000e-04  1.51625235e-07 
 3.16100000e-04  1.67498652e-07 
 3.16200000e-04  1.67331294e-07 
 3.16300000e-04  1.67254942e-07 
 3.16400000e-04  1.67184866e-07 
 3.16500000e-04  1.67149924e-07 
 3.16600000e-04  1.54695884e-07 
 3.16700000e-04  1.54313177e-07 
 3.16800000e-04  1.54117969e-07 
 3.16900000e-04  1.53973693e-07 
 3.17000000e-04  1.53881910e-07 
 3.17100000e-04  1.67266948e-07 
 3.17200000e-04  1.67042745e-07 
 3.17300000e-04  1.66973263e-07 
 3.17400000e-04  1.66915208e-07 
 3.17500000e-04  1.66886166e-07 
 3.17600000e-04  1.53193892e-07 
 3.17700000e-04  1.52769517e-07 
 3.17800000e-04  1.52526703e-07 
 3.17900000e-04  1.52342358e-07 
 3.18000000e-04  1.52218286e-07 
 3.18100000e-04  1.69172055e-07 
 3.18200000e-04  1.68782299e-07 
 3.18300000e-04  1.68653810e-07 
 3.18400000e-04  1.68543080e-07 
 3.18500000e-04  1.68471039e-07 
 3.18600000e-04  1.58620509e-07 
 3.18700000e-04  1.58237840e-07 
 3.18800000e-04  1.58039971e-07 
 3.18900000e-04  1.57910088e-07 
 3.19000000e-04  1.57850293e-07 
 3.19100000e-04  1.66855354e-07 
 3.19200000e-04  1.66568099e-07 
 3.19300000e-04  1.66473648e-07 
 3.19400000e-04  1.66391919e-07 
 3.19500000e-04  1.66352236e-07 
 3.19600000e-04  1.52724665e-07 
 3.19700000e-04  1.52210880e-07 
 3.19800000e-04  1.51967645e-07 
 3.19900000e-04  1.51781024e-07 
 3.20000000e-04  1.51652756e-07 
 3.20100000e-04  1.67510072e-07 
 3.20200000e-04  1.67344914e-07 
 3.20300000e-04  1.67264535e-07 
 3.20400000e-04  1.67189700e-07 
 3.20500000e-04  1.67158072e-07 
 3.20600000e-04  1.54710221e-07 
 3.20700000e-04  1.54316793e-07 
 3.20800000e-04  1.54116133e-07 
 3.20900000e-04  1.53972402e-07 
 3.21000000e-04  1.53887347e-07 
 3.21100000e-04  1.67268061e-07 
 3.21200000e-04  1.67063312e-07 
 3.21300000e-04  1.66989839e-07 
 3.21400000e-04  1.66925137e-07 
 3.21500000e-04  1.66894426e-07 
 3.21600000e-04  1.53206060e-07 
 3.21700000e-04  1.52776178e-07 
 3.21800000e-04  1.52535944e-07 
 3.21900000e-04  1.52350845e-07 
 3.22000000e-04  1.52222571e-07 
 3.22100000e-04  1.68640863e-07 
 3.22200000e-04  1.68379818e-07 
 3.22300000e-04  1.68272792e-07 
 3.22400000e-04  1.68175340e-07 
 3.22500000e-04  1.68118751e-07 
 3.22600000e-04  1.56952165e-07 
 3.22700000e-04  1.56569890e-07 
 3.22800000e-04  1.56373295e-07 
 3.22900000e-04  1.56238770e-07 
 3.23000000e-04  1.56168227e-07 
 3.23100000e-04  1.67346080e-07 
 3.23200000e-04  1.67094797e-07 
 3.23300000e-04  1.67008738e-07 
 3.23400000e-04  1.66933693e-07 
 3.23500000e-04  1.66920218e-07 
 3.23600000e-04  1.53258348e-07 
 3.23700000e-04  1.52778913e-07 
 3.23800000e-04  1.52528803e-07 
 3.23900000e-04  1.52341448e-07 
 3.24000000e-04  1.52218778e-07 
 3.24100000e-04  1.68108662e-07 
 3.24200000e-04  1.67932970e-07 
 3.24300000e-04  1.67866304e-07 
 3.24400000e-04  1.67807300e-07 
 3.24500000e-04  1.67770184e-07 
 3.24600000e-04  1.55287997e-07 
 3.24700000e-04  1.54892698e-07 
 3.24800000e-04  1.54700896e-07 
 3.24900000e-04  1.54564098e-07 
 3.25000000e-04  1.54483992e-07 
 3.25100000e-04  1.67883331e-07 
 3.25200000e-04  1.67671328e-07 
 3.25300000e-04  1.67598488e-07 
 3.25400000e-04  1.67535334e-07 
 3.25500000e-04  1.67501672e-07 
 3.25600000e-04  1.53787011e-07 
 3.25700000e-04  1.53360304e-07 
 3.25800000e-04  1.53116655e-07 
 3.25900000e-04  1.52937785e-07 
 3.26000000e-04  1.52825686e-07 
 3.26100000e-04  1.71377195e-07 
 3.26200000e-04  1.70669273e-07 
 3.26300000e-04  1.70460185e-07 
 3.26400000e-04  1.70283639e-07 
 3.26500000e-04  1.70186980e-07 
 3.26600000e-04  1.64187215e-07 
 3.26700000e-04  1.63794338e-07 
 3.26800000e-04  1.63620986e-07 
 3.26900000e-04  1.63518398e-07 
 3.27000000e-04  1.63488759e-07 
 3.27100000e-04  1.66671572e-07 
 3.27200000e-04  1.65729748e-07 
 3.27300000e-04  1.65486310e-07 
 3.27400000e-04  1.65287816e-07 
 3.27500000e-04  1.65211447e-07 
 3.27600000e-04  1.51768629e-07 
 3.27700000e-04  1.51098789e-07 
 3.27800000e-04  1.50812830e-07 
 3.27900000e-04  1.50607340e-07 
 3.28000000e-04  1.50484809e-07 
 3.28100000e-04  1.66311646e-07 
 3.28200000e-04  1.66131455e-07 
 3.28300000e-04  1.66057672e-07 
 3.28400000e-04  1.65991777e-07 
 3.28500000e-04  1.65952276e-07 
 3.28600000e-04  1.53534019e-07 
 3.28700000e-04  1.53156271e-07 
 3.28800000e-04  1.52939745e-07 
 3.28900000e-04  1.52785982e-07 
 3.29000000e-04  1.52696909e-07 
 3.29100000e-04  1.66041351e-07 
 3.29200000e-04  1.65822846e-07 
 3.29300000e-04  1.65752464e-07 
 3.29400000e-04  1.65693123e-07 
 3.29500000e-04  1.65657058e-07 
 3.29600000e-04  1.52019256e-07 
 3.29700000e-04  1.51595011e-07 
 3.29800000e-04  1.51352508e-07 
 3.29900000e-04  1.51168253e-07 
 3.30000000e-04  1.51044029e-07 
 3.30100000e-04  1.67407190e-07 
 3.30200000e-04  1.67134612e-07 
 3.30300000e-04  1.67022903e-07 
 3.30400000e-04  1.66921531e-07 
 3.30500000e-04  1.66883942e-07 
 3.30600000e-04  1.55775537e-07 
 3.30700000e-04  1.55389341e-07 
 3.30800000e-04  1.55181323e-07 
 3.30900000e-04  1.55044298e-07 
 3.31000000e-04  1.54980453e-07 
 3.31100000e-04  1.66106527e-07 
 3.31200000e-04  1.65874352e-07 
 3.31300000e-04  1.65788743e-07 
 3.31400000e-04  1.65712469e-07 
 3.31500000e-04  1.65675201e-07 
 3.31600000e-04  1.52065305e-07 
 3.31700000e-04  1.51605495e-07 
 3.31800000e-04  1.51349308e-07 
 3.31900000e-04  1.51159812e-07 
 3.32000000e-04  1.51039053e-07 
 3.32100000e-04  1.66876134e-07 
 3.32200000e-04  1.66697124e-07 
 3.32300000e-04  1.66623308e-07 
 3.32400000e-04  1.66557364e-07 
 3.32500000e-04  1.66521162e-07 
 3.32600000e-04  1.54105671e-07 
 3.32700000e-04  1.53708429e-07 
 3.32800000e-04  1.53508645e-07 
 3.32900000e-04  1.53366924e-07 
 3.33000000e-04  1.53285042e-07 
 3.33100000e-04  1.66636815e-07 
 3.33200000e-04  1.66422375e-07 
 3.33300000e-04  1.66351971e-07 
 3.33400000e-04  1.66292146e-07 
 3.33500000e-04  1.66264396e-07 
 3.33600000e-04  1.52614869e-07 
 3.33700000e-04  1.52166932e-07 
 3.33800000e-04  1.51924215e-07 
 3.33900000e-04  1.51740503e-07 
 3.34000000e-04  1.51617531e-07 
 3.34100000e-04  1.70990558e-07 
 3.34200000e-04  1.69990105e-07 
 3.34300000e-04  1.69678363e-07 
 3.34400000e-04  1.69557620e-07 
 3.34500000e-04  1.69498593e-07 
 3.34600000e-04  1.59226641e-07 
 3.34700000e-04  1.58658952e-07 
 3.34800000e-04  1.58411146e-07 
 3.34900000e-04  1.58227076e-07 
 3.35000000e-04  1.58108035e-07 
 3.35100000e-04  1.03753142e-04 
 3.35200000e-04  1.03752651e-04 
 3.35300000e-04  1.03752510e-04 
 3.35400000e-04  1.03752391e-04 
 3.35500000e-04  1.03752363e-04 
 3.35600000e-04  1.03738797e-04 
 3.35700000e-04  1.03738240e-04 
 3.35800000e-04  1.03737976e-04 
 3.35900000e-04  1.03737781e-04 
 3.36000000e-04  1.03737658e-04 
 3.36100000e-04  1.68048458e-07 
 3.36200000e-04  1.67834029e-07 
 3.36300000e-04  1.67752311e-07 
 3.36400000e-04  1.67680131e-07 
 3.36500000e-04  1.67627118e-07 
 3.36600000e-04  1.55216091e-07 
 3.36700000e-04  1.54810663e-07 
 3.36800000e-04  1.54605599e-07 
 3.36900000e-04  1.54464067e-07 
 3.37000000e-04  1.54388010e-07 
 3.37100000e-04  1.67778811e-07 
 3.37200000e-04  1.67569477e-07 
 3.37300000e-04  1.67498920e-07 
 3.37400000e-04  1.67437951e-07 
 3.37500000e-04  1.67404684e-07 
 3.37600000e-04  1.53693605e-07 
 3.37700000e-04  1.53249551e-07 
 3.37800000e-04  1.53017808e-07 
 3.37900000e-04  1.52839744e-07 
 3.38000000e-04  1.52716988e-07 
 3.38100000e-04  1.69176275e-07 
 3.38200000e-04  1.68876057e-07 
 3.38300000e-04  1.68767743e-07 
 3.38400000e-04  1.68672851e-07 
 3.38500000e-04  1.68632142e-07 
 3.38600000e-04  1.57443052e-07 
 3.38700000e-04  1.57063294e-07 
 3.38800000e-04  1.56863484e-07 
 3.38900000e-04  1.56724773e-07 
 3.39000000e-04  1.56649026e-07 
 3.39100000e-04  1.67878585e-07 
 3.39200000e-04  1.67625505e-07 
 3.39300000e-04  1.67531579e-07 
 3.39400000e-04  1.67448173e-07 
 3.39500000e-04  1.67423024e-07 
 3.39600000e-04  1.53721166e-07 
 3.39700000e-04  1.53257045e-07 
 3.39800000e-04  1.53012061e-07 
 3.39900000e-04  1.52829113e-07 
 3.40000000e-04  1.52710090e-07 
 3.40100000e-04  1.68635184e-07 
 3.40200000e-04  1.68471134e-07 
 3.40300000e-04  1.68387150e-07 
 3.40400000e-04  1.68308277e-07 
 3.40500000e-04  1.68276730e-07 
 3.40600000e-04  1.55766354e-07 
 3.40700000e-04  1.55387141e-07 
 3.40800000e-04  1.55192102e-07 
 3.40900000e-04  1.55052824e-07 
 3.41000000e-04  1.54971001e-07 
 3.41100000e-04  1.68396196e-07 
 3.41200000e-04  1.68191492e-07 
 3.41300000e-04  1.68113663e-07 
 3.41400000e-04  1.68043992e-07 
 3.41500000e-04  1.68008236e-07 
 3.41600000e-04  1.54253675e-07 
 3.41700000e-04  1.53840233e-07 
 3.41800000e-04  1.53602774e-07 
 3.41900000e-04  1.53425012e-07 
 3.42000000e-04  1.53308767e-07 
 3.42100000e-04  1.70844397e-07 
 3.42200000e-04  1.70343561e-07 
 3.42300000e-04  1.70177819e-07 
 3.42400000e-04  1.70034258e-07 
 3.42500000e-04  1.69973137e-07 
 3.42600000e-04  1.61349622e-07 
 3.42700000e-04  1.60971320e-07 
 3.42800000e-04  1.60781596e-07 
 3.42900000e-04  1.60659019e-07 
 3.43000000e-04  1.60605641e-07 
 3.43100000e-04  1.67658421e-07 
 3.43200000e-04  1.67275519e-07 
 3.43300000e-04  1.67129501e-07 
 3.43400000e-04  1.66999114e-07 
 3.43500000e-04  1.66945044e-07 
 3.43600000e-04  1.53309791e-07 
 3.43700000e-04  1.52761995e-07 
 3.43800000e-04  1.52494537e-07 
 3.43900000e-04  1.52291634e-07 
 3.44000000e-04  1.52155252e-07 
 3.44100000e-04  1.68068159e-07 
 3.44200000e-04  1.67882360e-07 
 3.44300000e-04  1.67803937e-07 
 3.44400000e-04  1.67733432e-07 
 3.44500000e-04  1.67677502e-07 
 3.44600000e-04  1.55194348e-07 
 3.44700000e-04  1.54810662e-07 
 3.44800000e-04  1.54614813e-07 
 3.44900000e-04  1.54470629e-07 
 3.45000000e-04  1.54379672e-07 
 3.45100000e-04  1.67793310e-07 
 3.45200000e-04  1.67590838e-07 
 3.45300000e-04  1.67507168e-07 
 3.45400000e-04  1.67430978e-07 
 3.45500000e-04  1.67409798e-07 
 3.45600000e-04  1.53674566e-07 
 3.45700000e-04  1.53257096e-07 
 3.45800000e-04  1.53014087e-07 
 3.45900000e-04  1.52835892e-07 
 3.46000000e-04  1.52724484e-07 
 3.46100000e-04  1.69159781e-07 
 3.46200000e-04  1.68876460e-07 
 3.46300000e-04  1.68775150e-07 
 3.46400000e-04  1.68686061e-07 
 3.46500000e-04  1.68645381e-07 
 3.46600000e-04  1.57442289e-07 
 3.46700000e-04  1.57062754e-07 
 3.46800000e-04  1.56856301e-07 
 3.46900000e-04  1.56717627e-07 
 3.47000000e-04  1.56648797e-07 
 3.47100000e-04  1.67866988e-07 
 3.47200000e-04  1.67609894e-07 
 3.47300000e-04  1.67523116e-07 
 3.47400000e-04  1.67447638e-07 
 3.47500000e-04  1.67425222e-07 
 3.47600000e-04  1.53726963e-07 
 3.47700000e-04  1.53260316e-07 
 3.47800000e-04  1.53016554e-07 
 3.47900000e-04  1.52831746e-07 
 3.48000000e-04  1.52707681e-07 
 3.48100000e-04  1.68646835e-07 
 3.48200000e-04  1.68464130e-07 
 3.48300000e-04  1.68380736e-07 
 3.48400000e-04  1.68304383e-07 
 3.48500000e-04  1.68273718e-07 
 3.48600000e-04  1.55780226e-07 
 3.48700000e-04  1.55389298e-07 
 3.48800000e-04  1.55186439e-07 
 3.48900000e-04  1.55046301e-07 
 3.49000000e-04  1.54970790e-07 
 3.49100000e-04  1.68413867e-07 
 3.49200000e-04  1.68179812e-07 
 3.49300000e-04  1.68102992e-07 
 3.49400000e-04  1.68038071e-07 
 3.49500000e-04  1.68006385e-07 
 3.49600000e-04  1.54252431e-07 
 3.49700000e-04  1.53836872e-07 
 3.49800000e-04  1.53604842e-07 
 3.49900000e-04  1.53428176e-07 
 3.50000000e-04  1.53308546e-07 
 3.50100000e-04  1.70302344e-07 
 3.50200000e-04  1.69906575e-07 
 3.50300000e-04  1.69776186e-07 
 3.50400000e-04  1.69663501e-07 
 3.50500000e-04  1.69616065e-07 
 3.50600000e-04  1.59688645e-07 
 3.50700000e-04  1.59306983e-07 
 3.50800000e-04  1.59113648e-07 
 3.50900000e-04  1.58985839e-07 
 3.51000000e-04  1.58925548e-07 
 3.51100000e-04  1.67989089e-07 
 3.51200000e-04  1.67690616e-07 
 3.51300000e-04  1.67596034e-07 
 3.51400000e-04  1.67515050e-07 
 3.51500000e-04  1.67472491e-07 
 3.51600000e-04  1.53794671e-07 
 3.51700000e-04  1.53295335e-07 
 3.51800000e-04  1.53033776e-07 
 3.51900000e-04  1.52848261e-07 
 3.52000000e-04  1.52741118e-07 
 3.52100000e-04  1.68660008e-07 
 3.52200000e-04  1.68473008e-07 
 3.52300000e-04  1.68396295e-07 
 3.52400000e-04  1.68327659e-07 
 3.52500000e-04  1.68296901e-07 
 3.52600000e-04  1.55769636e-07 
 3.52700000e-04  1.55380493e-07 
 3.52800000e-04  1.55193615e-07 
 3.52900000e-04  1.55055199e-07 
 3.53000000e-04  1.54966692e-07 
 3.53100000e-04  1.68400907e-07 
 3.53200000e-04  1.68193018e-07 
 3.53300000e-04  1.68115252e-07 
 3.53400000e-04  1.68046034e-07 
 3.53500000e-04  1.68026675e-07 
 3.53600000e-04  1.54252426e-07 
 3.53700000e-04  1.53835625e-07 
 3.53800000e-04  1.53596693e-07 
 3.53900000e-04  1.53421275e-07 
 3.54000000e-04  1.53311300e-07 
 3.54100000e-04  1.69790982e-07 
 3.54200000e-04  1.69497426e-07 
 3.54300000e-04  1.69391034e-07 
 3.54400000e-04  1.69297704e-07 
 3.54500000e-04  1.69256799e-07 
 3.54600000e-04  1.58009412e-07 
 3.54700000e-04  1.57627651e-07 
 3.54800000e-04  1.57435151e-07 
 3.54900000e-04  1.57310601e-07 
 3.55000000e-04  1.57256062e-07 
 3.55100000e-04  1.68499859e-07 
 3.55200000e-04  1.68237163e-07 
 3.55300000e-04  1.68147262e-07 
 3.55400000e-04  1.68069356e-07 
 3.55500000e-04  1.68039199e-07 
 3.55600000e-04  1.54303199e-07 
 3.55700000e-04  1.53857455e-07 
 3.55800000e-04  1.53614637e-07 
 3.55900000e-04  1.53432457e-07 
 3.56000000e-04  1.53312747e-07 
 3.56100000e-04  1.69257290e-07 
 3.56200000e-04  1.69089822e-07 
 3.56300000e-04  1.69003810e-07 
 3.56400000e-04  1.68922996e-07 
 3.56500000e-04  1.68879749e-07 
 3.56600000e-04  1.56342951e-07 
 3.56700000e-04  1.55969820e-07 
 3.56800000e-04  1.55773677e-07 
 3.56900000e-04  1.55632950e-07 
 3.57000000e-04  1.55549310e-07 
 3.57100000e-04  1.69032255e-07 
 3.57200000e-04  1.68810029e-07 
 3.57300000e-04  1.68727409e-07 
 3.57400000e-04  1.68654526e-07 
 3.57500000e-04  1.68623237e-07 
 3.57600000e-04  1.54832065e-07 
 3.57700000e-04  1.54421665e-07 
 3.57800000e-04  1.54192991e-07 
 3.57900000e-04  1.54015726e-07 
 3.58000000e-04  1.53891405e-07 
 3.58100000e-04  1.72002578e-07 
 3.58200000e-04  1.71379910e-07 
 3.58300000e-04  1.71191942e-07 
 3.58400000e-04  1.71033436e-07 
 3.58500000e-04  1.70964279e-07 
 3.58600000e-04  1.63584511e-07 
 3.58700000e-04  1.63206117e-07 
 3.58800000e-04  1.63038393e-07 
 3.58900000e-04  1.62933259e-07 
 3.59000000e-04  1.62892608e-07 
 3.59100000e-04  1.68284694e-07 
 3.59200000e-04  1.67504855e-07 
 3.59300000e-04  1.67261247e-07 
 3.59400000e-04  1.67053558e-07 
 3.59500000e-04  1.66985758e-07 
 3.59600000e-04  1.53387486e-07 
 3.59700000e-04  1.52790132e-07 
 3.59800000e-04  1.52515171e-07 
 3.59900000e-04  1.52310986e-07 
 3.60000000e-04  1.52179727e-07 
 3.60100000e-04  1.68079703e-07 
 3.60200000e-04  1.67903997e-07 
 3.60300000e-04  1.67822575e-07 
 3.60400000e-04  1.67747506e-07 
 3.60500000e-04  1.67686874e-07 
 3.60600000e-04  1.55187674e-07 
 3.60700000e-04  1.54809624e-07 
 3.60800000e-04  1.54619252e-07 
 3.60900000e-04  1.54479145e-07 
 3.61000000e-04  1.54390804e-07 
 3.61100000e-04  1.67808504e-07 
 3.61200000e-04  1.67599247e-07 
 3.61300000e-04  1.67517700e-07 
 3.61400000e-04  1.67444875e-07 
 3.61500000e-04  1.67399295e-07 
 3.61600000e-04  1.53686344e-07 
 3.61700000e-04  1.53249994e-07 
 3.61800000e-04  1.53015943e-07 
 3.61900000e-04  1.52840381e-07 
 3.62000000e-04  1.52725066e-07 
 3.62100000e-04  1.69181869e-07 
 3.62200000e-04  1.68888468e-07 
 3.62300000e-04  1.68783621e-07 
 3.62400000e-04  1.68692099e-07 
 3.62500000e-04  1.68646942e-07 
 3.62600000e-04  1.57430797e-07 
 3.62700000e-04  1.57056579e-07 
 3.62800000e-04  1.56866685e-07 
 3.62900000e-04  1.56732564e-07 
 3.63000000e-04  1.56655888e-07 
 3.63100000e-04  1.67874741e-07 
 3.63200000e-04  1.67631889e-07 
 3.63300000e-04  1.67540100e-07 
 3.63400000e-04  1.67457942e-07 
 3.63500000e-04  1.67432069e-07 
 3.63600000e-04  1.53730912e-07 
 3.63700000e-04  1.53265827e-07 
 3.63800000e-04  1.53014897e-07 
 3.63900000e-04  1.52829404e-07 
 3.64000000e-04  1.52711326e-07 
 3.64100000e-04  1.68637013e-07 
 3.64200000e-04  1.68465551e-07 
 3.64300000e-04  1.68387453e-07 
 3.64400000e-04  1.68315541e-07 
 3.64500000e-04  1.68262290e-07 
 3.64600000e-04  1.55771985e-07 
 3.64700000e-04  1.55374579e-07 
 3.64800000e-04  1.55181888e-07 
 3.64900000e-04  1.55047307e-07 
 3.65000000e-04  1.54972579e-07 
 3.65100000e-04  1.68408741e-07 
 3.65200000e-04  1.68195491e-07 
 3.65300000e-04  1.68117509e-07 
 3.65400000e-04  1.68049144e-07 
 3.65500000e-04  1.68017014e-07 
 3.65600000e-04  1.54267231e-07 
 3.65700000e-04  1.53829226e-07 
 3.65800000e-04  1.53592608e-07 
 3.65900000e-04  1.53418001e-07 
 3.66000000e-04  1.53307269e-07 
 3.66100000e-04  1.70316570e-07 
 3.66200000e-04  1.69910619e-07 
 3.66300000e-04  1.69779466e-07 
 3.66400000e-04  1.69667064e-07 
 3.66500000e-04  1.69608516e-07 
 3.66600000e-04  1.59685706e-07 
 3.66700000e-04  1.59311914e-07 
 3.66800000e-04  1.59120091e-07 
 3.66900000e-04  1.58989851e-07 
 3.67000000e-04  1.58923049e-07 
 3.67100000e-04  1.67993213e-07 
 3.67200000e-04  1.67703850e-07 
 3.67300000e-04  1.67598839e-07 
 3.67400000e-04  1.67505720e-07 
 3.67500000e-04  1.67479058e-07 
 3.67600000e-04  1.53799326e-07 
 3.67700000e-04  1.53282980e-07 
 3.67800000e-04  1.53044933e-07 
 3.67900000e-04  1.52860629e-07 
 3.68000000e-04  1.52731671e-07 
 3.68100000e-04  1.68659957e-07 
 3.68200000e-04  1.68476891e-07 
 3.68300000e-04  1.68395763e-07 
 3.68400000e-04  1.68322026e-07 
 3.68500000e-04  1.68287056e-07 
 3.68600000e-04  1.55766175e-07 
 3.68700000e-04  1.55384783e-07 
 3.68800000e-04  1.55187748e-07 
 3.68900000e-04  1.55051142e-07 
 3.69000000e-04  1.54976780e-07 
 3.69100000e-04  1.68423336e-07 
 3.69200000e-04  1.68203711e-07 
 3.69300000e-04  1.68119994e-07 
 3.69400000e-04  1.68046236e-07 
 3.69500000e-04  1.68010900e-07 
 3.69600000e-04  1.54254142e-07 
 3.69700000e-04  1.53831586e-07 
 3.69800000e-04  1.53599858e-07 
 3.69900000e-04  1.53427994e-07 
 3.70000000e-04  1.53317792e-07 
 3.70100000e-04  1.69787557e-07 
 3.70200000e-04  1.69500531e-07 
 3.70300000e-04  1.69395138e-07 
 3.70400000e-04  1.69301960e-07 
 3.70500000e-04  1.69242466e-07 
 3.70600000e-04  1.58015374e-07 
 3.70700000e-04  1.57642930e-07 
 3.70800000e-04  1.57441559e-07 
 3.70900000e-04  1.57308952e-07 
 3.71000000e-04  1.57247184e-07 
 3.71100000e-04  1.68490657e-07 
 3.71200000e-04  1.68241439e-07 
 3.71300000e-04  1.68152019e-07 
 3.71400000e-04  1.68073209e-07 
 3.71500000e-04  1.68035726e-07 
 3.71600000e-04  1.54309422e-07 
 3.71700000e-04  1.53854005e-07 
 3.71800000e-04  1.53605049e-07 
 3.71900000e-04  1.53420894e-07 
 3.72000000e-04  1.53303491e-07 
 3.72100000e-04  1.69268717e-07 
 3.72200000e-04  1.69071651e-07 
 3.72300000e-04  1.68989787e-07 
 3.72400000e-04  1.68916775e-07 
 3.72500000e-04  1.68895662e-07 
 3.72600000e-04  1.56362426e-07 
 3.72700000e-04  1.55964916e-07 
 3.72800000e-04  1.55780628e-07 
 3.72900000e-04  1.55647806e-07 
 3.73000000e-04  1.55567971e-07 
 3.73100000e-04  1.69027732e-07 
 3.73200000e-04  1.68797956e-07 
 3.73300000e-04  1.68718420e-07 
 3.73400000e-04  1.68649978e-07 
 3.73500000e-04  1.68634702e-07 
 3.73600000e-04  1.54834434e-07 
 3.73700000e-04  1.54430491e-07 
 3.73800000e-04  1.54194969e-07 
 3.73900000e-04  1.54015183e-07 
 3.74000000e-04  1.53892794e-07 
 3.74100000e-04  1.71459729e-07 
 3.74200000e-04  1.70959332e-07 
 3.74300000e-04  1.70795124e-07 
 3.74400000e-04  1.70653048e-07 
 3.74500000e-04  1.70600495e-07 
 3.74600000e-04  1.61934594e-07 
 3.74700000e-04  1.61547986e-07 
 3.74800000e-04  1.61366131e-07 
 3.74900000e-04  1.61254266e-07 
 3.75000000e-04  1.61214501e-07 
 3.75100000e-04  1.68290642e-07 
 3.75200000e-04  1.67896114e-07 
 3.75300000e-04  1.67744543e-07 
 3.75400000e-04  1.67609315e-07 
 3.75500000e-04  1.67554392e-07 
 3.75600000e-04  1.53909112e-07 
 3.75700000e-04  1.53338798e-07 
 3.75800000e-04  1.53079322e-07 
 3.75900000e-04  1.52882961e-07 
 3.76000000e-04  1.52751609e-07 
 3.76100000e-04  1.68700647e-07 
 3.76200000e-04  1.68512202e-07 
 3.76300000e-04  1.68429582e-07 
 3.76400000e-04  1.68354348e-07 
 3.76500000e-04  1.68309304e-07 
 3.76600000e-04  1.55791378e-07 
 3.76700000e-04  1.55417704e-07 
 3.76800000e-04  1.55211163e-07 
 3.76900000e-04  1.55066122e-07 
 3.77000000e-04  1.54984422e-07 
 3.77100000e-04  1.68416568e-07 
 3.77200000e-04  1.68214475e-07 
 3.77300000e-04  1.68132285e-07 
 3.77400000e-04  1.68057845e-07 
 3.77500000e-04  1.68034053e-07 
 3.77600000e-04  1.54270867e-07 
 3.77700000e-04  1.53846969e-07 
 3.77800000e-04  1.53603745e-07 
 3.77900000e-04  1.53427681e-07 
 3.78000000e-04  1.53320793e-07 
 3.78100000e-04  1.69792872e-07 
 3.78200000e-04  1.69492534e-07 
 3.78300000e-04  1.69388302e-07 
 3.78400000e-04  1.69298003e-07 
 3.78500000e-04  1.69246041e-07 
 3.78600000e-04  1.58013500e-07 
 3.78700000e-04  1.57650585e-07 
 3.78800000e-04  1.57446974e-07 
 3.78900000e-04  1.57308169e-07 
 3.79000000e-04  1.57236116e-07 
 3.79100000e-04  1.68501124e-07 
 3.79200000e-04  1.68232495e-07 
 3.79300000e-04  1.68151500e-07 
 3.79400000e-04  1.68083616e-07 
 3.79500000e-04  1.68045435e-07 
 3.79600000e-04  1.54310922e-07 
 3.79700000e-04  1.53843080e-07 
 3.79800000e-04  1.53614185e-07 
 3.79900000e-04  1.53433784e-07 
 3.80000000e-04  1.53303302e-07 
 3.80100000e-04  1.69277031e-07 
 3.80200000e-04  1.69074395e-07 
 3.80300000e-04  1.69002231e-07 
 3.80400000e-04  1.68940043e-07 
 3.80500000e-04  1.68893718e-07 
 3.80600000e-04  1.56345649e-07 
 3.80700000e-04  1.55988248e-07 
 3.80800000e-04  1.55780928e-07 
 3.80900000e-04  1.55634729e-07 
 3.81000000e-04  1.55551474e-07 
 3.81100000e-04  1.69034236e-07 
 3.81200000e-04  1.68801527e-07 
 3.81300000e-04  1.68722875e-07 
 3.81400000e-04  1.68655497e-07 
 3.81500000e-04  1.68636129e-07 
 3.81600000e-04  1.54852714e-07 
 3.81700000e-04  1.54429141e-07 
 3.81800000e-04  1.54193951e-07 
 3.81900000e-04  1.54020958e-07 
 3.82000000e-04  1.53912019e-07 
 3.82100000e-04  1.70949933e-07 
 3.82200000e-04  1.70540911e-07 
 3.82300000e-04  1.70401663e-07 
 3.82400000e-04  1.70281000e-07 
 3.82500000e-04  1.70221838e-07 
 3.82600000e-04  1.60271851e-07 
 3.82700000e-04  1.59898651e-07 
 3.82800000e-04  1.59709539e-07 
 3.82900000e-04  1.59580628e-07 
 3.83000000e-04  1.59513712e-07 
 3.83100000e-04  1.68629226e-07 
 3.83200000e-04  1.68319045e-07 
 3.83300000e-04  1.68224011e-07 
 3.83400000e-04  1.68143836e-07 
 3.83500000e-04  1.68093055e-07 
 3.83600000e-04  1.54395883e-07 
 3.83700000e-04  1.53869316e-07 
 3.83800000e-04  1.53620745e-07 
 3.83900000e-04  1.53435685e-07 
 3.84000000e-04  1.53316034e-07 
 3.84100000e-04  1.69282727e-07 
 3.84200000e-04  1.69087769e-07 
 3.84300000e-04  1.69015993e-07 
 3.84400000e-04  1.68953143e-07 
 3.84500000e-04  1.68901733e-07 
 3.84600000e-04  1.56368521e-07 
 3.84700000e-04  1.55973856e-07 
 3.84800000e-04  1.55786198e-07 
 3.84900000e-04  1.55653614e-07 
 3.85000000e-04  1.55577732e-07 
 3.85100000e-04  1.69032144e-07 
 3.85200000e-04  1.68814701e-07 
 3.85300000e-04  1.68736173e-07 
 3.85400000e-04  1.68667207e-07 
 3.85500000e-04  1.68630595e-07 
 3.85600000e-04  1.54848714e-07 
 3.85700000e-04  1.54437103e-07 
 3.85800000e-04  1.54200419e-07 
 3.85900000e-04  1.54022613e-07 
 3.86000000e-04  1.53905438e-07 
 3.86100000e-04  1.70420750e-07 
 3.86200000e-04  1.70129014e-07 
 3.86300000e-04  1.70015991e-07 
 3.86400000e-04  1.69915454e-07 
 3.86500000e-04  1.69880421e-07 
 3.86600000e-04  1.58610447e-07 
 3.86700000e-04  1.58220732e-07 
 3.86800000e-04  1.58030499e-07 
 3.86900000e-04  1.57908214e-07 
 3.87000000e-04  1.57855908e-07 
 3.87100000e-04  1.69132377e-07 
 3.87200000e-04  1.68857065e-07 
 3.87300000e-04  1.68770930e-07 
 3.87400000e-04  1.68698164e-07 
 3.87500000e-04  1.68653614e-07 
 3.87600000e-04  1.54907342e-07 
 3.87700000e-04  1.54436153e-07 
 3.87800000e-04  1.54198657e-07 
 3.87900000e-04  1.54024386e-07 
 3.88000000e-04  1.53915227e-07 
 3.88100000e-04  1.69891907e-07 
 3.88200000e-04  1.69710731e-07 
 3.88300000e-04  1.69625422e-07 
 3.88400000e-04  1.69546848e-07 
 3.88500000e-04  1.69503616e-07 
 3.88600000e-04  1.56950593e-07 
 3.88700000e-04  1.56573107e-07 
 3.88800000e-04  1.56373406e-07 
 3.88900000e-04  1.56236753e-07 
 3.89000000e-04  1.56165028e-07 
 3.89100000e-04  1.69651448e-07 
 3.89200000e-04  1.69423605e-07 
 3.89300000e-04  1.69345452e-07 
 3.89400000e-04  1.69277732e-07 
 3.89500000e-04  1.69245606e-07 
 3.89600000e-04  1.55431837e-07 
 3.89700000e-04  1.55025309e-07 
 3.89800000e-04  1.54785011e-07 
 3.89900000e-04  1.54609945e-07 
 3.90000000e-04  1.54502057e-07 
 3.90100000e-04  1.73697855e-07 
 3.90200000e-04  1.72849332e-07 
 3.90300000e-04  1.72603944e-07 
 3.90400000e-04  1.72399402e-07 
 3.90500000e-04  1.72305896e-07 
 3.90600000e-04  1.67516233e-07 
 3.90700000e-04  1.67121925e-07 
 3.90800000e-04  1.66949184e-07 
 3.90900000e-04  1.66858940e-07 
 3.91000000e-04  1.66853686e-07 
 3.91100000e-04  1.67883089e-07 
 3.91200000e-04  1.66918930e-07 
 3.91300000e-04  1.66665730e-07 
 3.91400000e-04  1.66457377e-07 
 3.91500000e-04  1.66374200e-07 
 3.91600000e-04  1.52871692e-07 
 3.91700000e-04  1.52206247e-07 
 3.91800000e-04  1.51917915e-07 
 3.91900000e-04  1.51708188e-07 
 3.92000000e-04  1.51579432e-07 
 3.92100000e-04  1.67475581e-07 
 3.92200000e-04  1.67294414e-07 
 3.92300000e-04  1.67205555e-07 
 3.92400000e-04  1.67123028e-07 
 3.92500000e-04  1.67082641e-07 
 3.92600000e-04  1.54605284e-07 
 3.92700000e-04  1.54221080e-07 
 3.92800000e-04  1.54026370e-07 
 3.92900000e-04  1.53888999e-07 
 3.93000000e-04  1.53810660e-07 
 3.93100000e-04  1.67188892e-07 
 3.93200000e-04  1.66968928e-07 
 3.93300000e-04  1.66896004e-07 
 3.93400000e-04  1.66833553e-07 
 3.93500000e-04  1.66802024e-07 
 3.93600000e-04  1.53100822e-07 
 3.93700000e-04  1.52669897e-07 
 3.93800000e-04  1.52427267e-07 
 3.93900000e-04  1.52243563e-07 
 3.94000000e-04  1.52120522e-07 
 3.94100000e-04  1.68556014e-07 
 3.94200000e-04  1.68269529e-07 
 3.94300000e-04  1.68160204e-07 
 3.94400000e-04  1.68063280e-07 
 3.94500000e-04  1.68026723e-07 
 3.94600000e-04  1.56847534e-07 
 3.94700000e-04  1.56460760e-07 
 3.94800000e-04  1.56261692e-07 
 3.94900000e-04  1.56127758e-07 
 3.95000000e-04  1.56060890e-07 
 3.95100000e-04  1.67252247e-07 
 3.95200000e-04  1.67000755e-07 
 3.95300000e-04  1.66912158e-07 
 3.95400000e-04  1.66834347e-07 
 3.95500000e-04  1.66798569e-07 
 3.95600000e-04  1.53141757e-07 
 3.95700000e-04  1.52661859e-07 
 3.95800000e-04  1.52422267e-07 
 3.95900000e-04  1.52241170e-07 
 3.96000000e-04  1.52120297e-07 
 3.96100000e-04  1.68013045e-07 
 3.96200000e-04  1.67831285e-07 
 3.96300000e-04  1.67755081e-07 
 3.96400000e-04  1.67686398e-07 
 3.96500000e-04  1.67659429e-07 
 3.96600000e-04  1.55170806e-07 
 3.96700000e-04  1.54801215e-07 
 3.96800000e-04  1.54600423e-07 
 3.96900000e-04  1.54453003e-07 
 3.97000000e-04  1.54360523e-07 
 3.97100000e-04  1.67772841e-07 
 3.97200000e-04  1.67555495e-07 
 3.97300000e-04  1.67484128e-07 
 3.97400000e-04  1.67423132e-07 
 3.97500000e-04  1.67384457e-07 
 3.97600000e-04  1.53672988e-07 
 3.97700000e-04  1.53246746e-07 
 3.97800000e-04  1.53015348e-07 
 3.97900000e-04  1.52833552e-07 
 3.98000000e-04  1.52702800e-07 
 3.98100000e-04  1.69682849e-07 
 3.98200000e-04  1.69288975e-07 
 3.98300000e-04  1.69160824e-07 
 3.98400000e-04  1.69050645e-07 
 3.98500000e-04  1.68991034e-07 
 3.98600000e-04  1.59089361e-07 
 3.98700000e-04  1.58695264e-07 
 3.98800000e-04  1.58506807e-07 
 3.98900000e-04  1.58382196e-07 
 3.99000000e-04  1.58323324e-07 
 3.99100000e-04  1.67375912e-07 
 3.99200000e-04  1.67076912e-07 
 3.99300000e-04  1.66973304e-07 
 3.99400000e-04  1.66882969e-07 
 3.99500000e-04  1.66840131e-07 
 3.99600000e-04  1.53200688e-07 
 3.99700000e-04  1.52694909e-07 
 3.99800000e-04  1.52447870e-07 
 3.99900000e-04  1.52257178e-07 
 4.00000000e-04  1.52124485e-07 
 4.00100000e-04  1.68028405e-07 
 4.00200000e-04  1.67851118e-07 
 4.00300000e-04  1.67766267e-07 
 4.00400000e-04  1.67687532e-07 
 4.00500000e-04  1.67658281e-07 
 4.00600000e-04  1.55171625e-07 
 4.00700000e-04  1.54805281e-07 
 4.00800000e-04  1.54603933e-07 
 4.00900000e-04  1.54461621e-07 
 4.01000000e-04  1.54380084e-07 
 4.01100000e-04  1.67787575e-07 
 4.01200000e-04  1.67561269e-07 
 4.01300000e-04  1.67490810e-07 
 4.01400000e-04  1.67431905e-07 
 4.01500000e-04  1.67394893e-07 
 4.01600000e-04  1.53661418e-07 
 4.01700000e-04  1.53235796e-07 
 4.01800000e-04  1.53007817e-07 
 4.01900000e-04  1.52829910e-07 
 4.02000000e-04  1.52703526e-07 
 4.02100000e-04  1.69170910e-07 
 4.02200000e-04  1.68872795e-07 
 4.02300000e-04  1.68769547e-07 
 4.02400000e-04  1.68680141e-07 
 4.02500000e-04  1.68619244e-07 
 4.02600000e-04  1.57432978e-07 
 4.02700000e-04  1.57046818e-07 
 4.02800000e-04  1.56845549e-07 
 4.02900000e-04  1.56709104e-07 
 4.03000000e-04  1.56639400e-07 
 4.03100000e-04  1.67871513e-07 
 4.03200000e-04  1.67607545e-07 
 4.03300000e-04  1.67526058e-07 
 4.03400000e-04  1.67457193e-07 
 4.03500000e-04  1.67420332e-07 
 4.03600000e-04  1.53720491e-07 
 4.03700000e-04  1.53245205e-07 
 4.03800000e-04  1.53004188e-07 
 4.03900000e-04  1.52825988e-07 
 4.04000000e-04  1.52712454e-07 
 4.04100000e-04  1.68649353e-07 
 4.04200000e-04  1.68453684e-07 
 4.04300000e-04  1.68371572e-07 
 4.04400000e-04  1.68298356e-07 
 4.04500000e-04  1.68255245e-07 
 4.04600000e-04  1.55756256e-07 
 4.04700000e-04  1.55371829e-07 
 4.04800000e-04  1.55182062e-07 
 4.04900000e-04  1.55042241e-07 
 4.05000000e-04  1.54953810e-07 
 4.05100000e-04  1.68406273e-07 
 4.05200000e-04  1.68170257e-07 
 4.05300000e-04  1.68096065e-07 
 4.05400000e-04  1.68034346e-07 
 4.05500000e-04  1.68006019e-07 
 4.05600000e-04  1.54257256e-07 
 4.05700000e-04  1.53830397e-07 
 4.05800000e-04  1.53594467e-07 
 4.05900000e-04  1.53418627e-07 
 4.06000000e-04  1.53304647e-07 
 4.06100000e-04  1.70834995e-07 
 4.06200000e-04  1.70339105e-07 
 4.06300000e-04  1.70169432e-07 
 4.06400000e-04  1.70020858e-07 
 4.06500000e-04  1.69967253e-07 
 4.06600000e-04  1.61341346e-07 
 4.06700000e-04  1.60963952e-07 
 4.06800000e-04  1.60764926e-07 
 4.06900000e-04  1.60643567e-07 
 4.07000000e-04  1.60602198e-07 
 4.07100000e-04  1.67661069e-07 
 4.07200000e-04  1.67269520e-07 
 4.07300000e-04  1.67123726e-07 
 4.07400000e-04  1.66994530e-07 
 4.07500000e-04  1.66926808e-07 
 4.07600000e-04  1.53319147e-07 
 4.07700000e-04  1.52753799e-07 
 4.07800000e-04  1.52492070e-07 
 4.07900000e-04  1.52296911e-07 
 4.08000000e-04  1.52170287e-07 
 4.08100000e-04  1.68058681e-07 
 4.08200000e-04  1.67879454e-07 
 4.08300000e-04  1.67796318e-07 
 4.08400000e-04  1.67719768e-07 
 4.08500000e-04  1.67674393e-07 
 4.08600000e-04  1.55200679e-07 
 4.08700000e-04  1.54802726e-07 
 4.08800000e-04  1.54610160e-07 
 4.08900000e-04  1.54467740e-07 
 4.09000000e-04  1.54376917e-07 
 4.09100000e-04  1.67807339e-07 
 4.09200000e-04  1.67589812e-07 
 4.09300000e-04  1.67506640e-07 
 4.09400000e-04  1.67433051e-07 
 4.09500000e-04  1.67405738e-07 
 4.09600000e-04  1.53678034e-07 
 4.09700000e-04  1.53254798e-07 
 4.09800000e-04  1.53018586e-07 
 4.09900000e-04  1.52836651e-07 
 4.10000000e-04  1.52710577e-07 
 4.10100000e-04  1.69170664e-07 
 4.10200000e-04  1.68870527e-07 
 4.10300000e-04  1.68764460e-07 
 4.10400000e-04  1.68671984e-07 
 4.10500000e-04  1.68621438e-07 
 4.10600000e-04  1.57429486e-07 
 4.10700000e-04  1.57050335e-07 
 4.10800000e-04  1.56856025e-07 
 4.10900000e-04  1.56723273e-07 
 4.11000000e-04  1.56653886e-07 
 4.11100000e-04  1.67875143e-07 
 4.11200000e-04  1.67614752e-07 
 4.11300000e-04  1.67527565e-07 
 4.11400000e-04  1.67452165e-07 
 4.11500000e-04  1.67420910e-07 
 4.11600000e-04  1.53730276e-07 
 4.11700000e-04  1.53269296e-07 
 4.11800000e-04  1.53020991e-07 
 4.11900000e-04  1.52838075e-07 
 4.12000000e-04  1.52722482e-07 
 4.12100000e-04  1.68640743e-07 
 4.12200000e-04  1.68454276e-07 
 4.12300000e-04  1.68382220e-07 
 4.12400000e-04  1.68318551e-07 
 4.12500000e-04  1.68262970e-07 
 4.12600000e-04  1.55774421e-07 
 4.12700000e-04  1.55386238e-07 
 4.12800000e-04  1.55189271e-07 
 4.12900000e-04  1.55046367e-07 
 4.13000000e-04  1.54959096e-07 
 4.13100000e-04  1.68393720e-07 
 4.13200000e-04  1.68186308e-07 
 4.13300000e-04  1.68105304e-07 
 4.13400000e-04  1.68032828e-07 
 4.13500000e-04  1.68010789e-07 
 4.13600000e-04  1.54252309e-07 
 4.13700000e-04  1.53828217e-07 
 4.13800000e-04  1.53597112e-07 
 4.13900000e-04  1.53418828e-07 
 4.14000000e-04  1.53294742e-07 
 4.14100000e-04  1.72760498e-07 
 4.14200000e-04  1.71754254e-07 
 4.14300000e-04  1.71434180e-07 
 4.14400000e-04  1.71312071e-07 
 4.14500000e-04  1.71253930e-07 
 4.14600000e-04  1.60855364e-07 
 4.14700000e-04  1.60330146e-07 
 4.14800000e-04  1.60081772e-07 
 4.14900000e-04  1.59897886e-07 
 4.15000000e-04  1.59779574e-07 
 4.15100000e-04  1.03757088e-04 
 4.15200000e-04  1.03756042e-04 
 4.15300000e-04  1.03755702e-04 
 4.15400000e-04  1.03755556e-04 
 4.15500000e-04  1.03755473e-04 
 4.15600000e-04  1.03741322e-04 
 4.15700000e-04  1.03740622e-04 
 4.15800000e-04  1.03740331e-04 
 4.15900000e-04  1.03740119e-04 
 4.16000000e-04  1.03739988e-04 
 4.16100000e-04  1.03756738e-04 
 4.16200000e-04  1.03756317e-04 
 4.16300000e-04  1.03756193e-04 
 4.16400000e-04  1.03756090e-04 
 4.16500000e-04  1.03756039e-04 
 4.16600000e-04  1.03743532e-04 
 4.16700000e-04  1.03743113e-04 
 4.16800000e-04  1.03742925e-04 
 4.16900000e-04  1.03742786e-04 
 4.17000000e-04  1.03742698e-04 
 4.17100000e-04  1.70714727e-07 
 4.17200000e-04  1.70441188e-07 
 4.17300000e-04  1.70359468e-07 
 4.17400000e-04  1.70291523e-07 
 4.17500000e-04  1.70249971e-07 
 4.17600000e-04  1.56432850e-07 
 4.17700000e-04  1.56015241e-07 
 4.17800000e-04  1.55779572e-07 
 4.17900000e-04  1.55604358e-07 
 4.18000000e-04  1.55491367e-07 
 4.18100000e-04  1.72089141e-07 
 4.18200000e-04  1.71784858e-07 
 4.18300000e-04  1.71672433e-07 
 4.18400000e-04  1.71573331e-07 
 4.18500000e-04  1.71520072e-07 
 4.18600000e-04  1.60195010e-07 
 4.18700000e-04  1.59829562e-07 
 4.18800000e-04  1.59633490e-07 
 4.18900000e-04  1.59505170e-07 
 4.19000000e-04  1.59446600e-07 
 4.19100000e-04  1.70787605e-07 
 4.19200000e-04  1.70521059e-07 
 4.19300000e-04  1.70432215e-07 
 4.19400000e-04  1.70355530e-07 
 4.19500000e-04  1.70312551e-07 
 4.19600000e-04  1.56466923e-07 
 4.19700000e-04  1.56009548e-07 
 4.19800000e-04  1.55782996e-07 
 4.19900000e-04  1.55606400e-07 
 4.20000000e-04  1.55481189e-07 
 4.20100000e-04  1.71566811e-07 
 4.20200000e-04  1.71362395e-07 
 4.20300000e-04  1.71276567e-07 
 4.20400000e-04  1.71199822e-07 
 4.20500000e-04  1.71146976e-07 
 4.20600000e-04  1.58502754e-07 
 4.20700000e-04  1.58134322e-07 
 4.20800000e-04  1.57949018e-07 
 4.20900000e-04  1.57816055e-07 
 4.21000000e-04  1.57736938e-07 
 4.21100000e-04  1.71330201e-07 
 4.21200000e-04  1.71082255e-07 
 4.21300000e-04  1.70996113e-07 
 4.21400000e-04  1.70922393e-07 
 4.21500000e-04  1.70887786e-07 
 4.21600000e-04  1.56990946e-07 
 4.21700000e-04  1.56573685e-07 
 4.21800000e-04  1.56354432e-07 
 4.21900000e-04  1.56186716e-07 
 4.22000000e-04  1.56072019e-07 
 4.22100000e-04  1.74281792e-07 
 4.22200000e-04  1.73673654e-07 
 4.22300000e-04  1.73473161e-07 
 4.22400000e-04  1.73298920e-07 
 4.22500000e-04  1.73217543e-07 
 4.22600000e-04  1.65734093e-07 
 4.22700000e-04  1.65355968e-07 
 4.22800000e-04  1.65187929e-07 
 4.22900000e-04  1.65091543e-07 
 4.23000000e-04  1.65068929e-07 
 4.23100000e-04  1.70575285e-07 
 4.23200000e-04  1.69774153e-07 
 4.23300000e-04  1.69537079e-07 
 4.23400000e-04  1.69338030e-07 
 4.23500000e-04  1.69228881e-07 
 4.23600000e-04  1.55516012e-07 
 4.23700000e-04  1.54932064e-07 
 4.23800000e-04  1.54657725e-07 
 4.23900000e-04  1.54461529e-07 
 4.24000000e-04  1.54345795e-07 
 4.24100000e-04  1.70383675e-07 
 4.24200000e-04  1.70182598e-07 
 4.24300000e-04  1.70085801e-07 
 4.24400000e-04  1.69996836e-07 
 4.24500000e-04  1.69962138e-07 
 4.24600000e-04  1.57333589e-07 
 4.24700000e-04  1.56965703e-07 
 4.24800000e-04  1.56778265e-07 
 4.24900000e-04  1.56640689e-07 
 4.25000000e-04  1.56554400e-07 
 4.25100000e-04  1.70096423e-07 
 4.25200000e-04  1.69874814e-07 
 4.25300000e-04  1.69793521e-07 
 4.25400000e-04  1.69722184e-07 
 4.25500000e-04  1.69681965e-07 
 4.25600000e-04  1.55804175e-07 
 4.25700000e-04  1.55398106e-07 
 4.25800000e-04  1.55172315e-07 
 4.25900000e-04  1.55004701e-07 
 4.26000000e-04  1.54896959e-07 
 4.26100000e-04  1.71470596e-07 
 4.26200000e-04  1.71157063e-07 
 4.26300000e-04  1.71046772e-07 
 4.26400000e-04  1.70951465e-07 
 4.26500000e-04  1.70890445e-07 
 4.26600000e-04  1.59557122e-07 
 4.26700000e-04  1.59197972e-07 
 4.26800000e-04  1.59018314e-07 
 4.26900000e-04  1.58889570e-07 
 4.27000000e-04  1.58813197e-07 
 4.27100000e-04  1.70164241e-07 
 4.27200000e-04  1.69891105e-07 
 4.27300000e-04  1.69793340e-07 
 4.27400000e-04  1.69707348e-07 
 4.27500000e-04  1.69678759e-07 
 4.27600000e-04  1.55874285e-07 
 4.27700000e-04  1.55404687e-07 
 4.27800000e-04  1.55174844e-07 
 4.27900000e-04  1.55002045e-07 
 4.28000000e-04  1.54887939e-07 
 4.28100000e-04  1.70935239e-07 
 4.28200000e-04  1.70728850e-07 
 4.28300000e-04  1.70639129e-07 
 4.28400000e-04  1.70558110e-07 
 4.28500000e-04  1.70530421e-07 
 4.28600000e-04  1.57895571e-07 
 4.28700000e-04  1.57547754e-07 
 4.28800000e-04  1.57348285e-07 
 4.28900000e-04  1.57206085e-07 
 4.29000000e-04  1.57122809e-07 
 4.29100000e-04  1.70685125e-07 
 4.29200000e-04  1.70449989e-07 
 4.29300000e-04  1.70366342e-07 
 4.29400000e-04  1.70293432e-07 
 4.29500000e-04  1.70264861e-07 
 4.29600000e-04  1.56388087e-07 
 4.29700000e-04  1.55977336e-07 
 4.29800000e-04  1.55752776e-07 
 4.29900000e-04  1.55584364e-07 
 4.30000000e-04  1.55473725e-07 
 4.30100000e-04  1.72612061e-07 
 4.30200000e-04  1.72205303e-07 
 4.30300000e-04  1.72051838e-07 
 4.30400000e-04  1.71915418e-07 
 4.30500000e-04  1.71872453e-07 
 4.30600000e-04  1.61803463e-07 
 4.30700000e-04  1.61449146e-07 
 4.30800000e-04  1.61266010e-07 
 4.30900000e-04  1.61142911e-07 
 4.31000000e-04  1.61081591e-07 
 4.31100000e-04  1.70279247e-07 
 4.31200000e-04  1.69975933e-07 
 4.31300000e-04  1.69869278e-07 
 4.31400000e-04  1.69775389e-07 
 4.31500000e-04  1.69725990e-07 
 4.31600000e-04  1.55937170e-07 
 4.31700000e-04  1.55435990e-07 
 4.31800000e-04  1.55188784e-07 
 4.31900000e-04  1.55008657e-07 
 4.32000000e-04  1.54897577e-07 
 4.32100000e-04  1.70946193e-07 
 4.32200000e-04  1.70744088e-07 
 4.32300000e-04  1.70661193e-07 
 4.32400000e-04  1.70587376e-07 
 4.32500000e-04  1.70546063e-07 
 4.32600000e-04  1.57892077e-07 
 4.32700000e-04  1.57529015e-07 
 4.32800000e-04  1.57350358e-07 
 4.32900000e-04  1.57221846e-07 
 4.33000000e-04  1.57144907e-07 
 4.33100000e-04  1.70695549e-07 
 4.33200000e-04  1.70457179e-07 
 4.33300000e-04  1.70382956e-07 
 4.33400000e-04  1.70320747e-07 
 4.33500000e-04  1.70273467e-07 
 4.33600000e-04  1.56399974e-07 
 4.33700000e-04  1.55981912e-07 
 4.33800000e-04  1.55762071e-07 
 4.33900000e-04  1.55592861e-07 
 4.34000000e-04  1.55475721e-07 
 4.34100000e-04  1.72074514e-07 
 4.34200000e-04  1.71770544e-07 
 4.34300000e-04  1.71655657e-07 
 4.34400000e-04  1.71553755e-07 
 4.34500000e-04  1.71510366e-07 
 4.34600000e-04  1.60153153e-07 
 4.34700000e-04  1.59771184e-07 
 4.34800000e-04  1.59602482e-07 
 4.34900000e-04  1.59486675e-07 
 4.35000000e-04  1.59425269e-07 
 4.35100000e-04  1.70772838e-07 
 4.35200000e-04  1.70508551e-07 
 4.35300000e-04  1.70413089e-07 
 4.35400000e-04  1.70328672e-07 
 4.35500000e-04  1.70289844e-07 
 4.35600000e-04  1.56447327e-07 
 4.35700000e-04  1.55989368e-07 
 4.35800000e-04  1.55757144e-07 
 4.35900000e-04  1.55580814e-07 
 4.36000000e-04  1.55461986e-07 
 4.36100000e-04  1.71549383e-07 
 4.36200000e-04  1.71358537e-07 
 4.36300000e-04  1.71269511e-07 
 4.36400000e-04  1.71187302e-07 
 4.36500000e-04  1.71134383e-07 
 4.36600000e-04  1.58474450e-07 
 4.36700000e-04  1.58132636e-07 
 4.36800000e-04  1.57933793e-07 
 4.36900000e-04  1.57797121e-07 
 4.37000000e-04  1.57724426e-07 
 4.37100000e-04  1.71308004e-07 
 4.37200000e-04  1.71077141e-07 
 4.37300000e-04  1.70991180e-07 
 4.37400000e-04  1.70915613e-07 
 4.37500000e-04  1.70875904e-07 
 4.37600000e-04  1.56963812e-07 
 4.37700000e-04  1.56574511e-07 
 4.37800000e-04  1.56356245e-07 
 4.37900000e-04  1.56187454e-07 
 4.38000000e-04  1.56069540e-07 
 4.38100000e-04  1.73751859e-07 
 4.38200000e-04  1.73234845e-07 
 4.38300000e-04  1.73060474e-07 
 4.38400000e-04  1.72908631e-07 
 4.38500000e-04  1.72841679e-07 
 4.38600000e-04  1.64070759e-07 
 4.38700000e-04  1.63689271e-07 
 4.38800000e-04  1.63524757e-07 
 4.38900000e-04  1.63415882e-07 
 4.39000000e-04  1.63364241e-07 
 4.39100000e-04  1.70570448e-07 
 4.39200000e-04  1.70181288e-07 
 4.39300000e-04  1.70023853e-07 
 4.39400000e-04  1.69881407e-07 
 4.39500000e-04  1.69818535e-07 
 4.39600000e-04  1.56045960e-07 
 4.39700000e-04  1.55502121e-07 
 4.39800000e-04  1.55237070e-07 
 4.39900000e-04  1.55046130e-07 
 4.40000000e-04  1.54931481e-07 
 4.40100000e-04  1.70976347e-07 
 4.40200000e-04  1.70782449e-07 
 4.40300000e-04  1.70690767e-07 
 4.40400000e-04  1.70606144e-07 
 4.40500000e-04  1.70546946e-07 
 4.40600000e-04  1.57916422e-07 
 4.40700000e-04  1.57544184e-07 
 4.40800000e-04  1.57353111e-07 
 4.40900000e-04  1.57217433e-07 
 4.41000000e-04  1.57138732e-07 
 4.41100000e-04  1.70704542e-07 
 4.41200000e-04  1.70485575e-07 
 4.41300000e-04  1.70395588e-07 
 4.41400000e-04  1.70314086e-07 
 4.41500000e-04  1.70288972e-07 
 4.41600000e-04  1.56388989e-07 
 4.41700000e-04  1.55988084e-07 
 4.41800000e-04  1.55763682e-07 
 4.41900000e-04  1.55590217e-07 
 4.42000000e-04  1.55469134e-07 
 4.42100000e-04  1.72074666e-07 
 4.42200000e-04  1.71786371e-07 
 4.42300000e-04  1.71669857e-07 
 4.42400000e-04  1.71564532e-07 
 4.42500000e-04  1.71501601e-07 
 4.42600000e-04  1.60148731e-07 
 4.42700000e-04  1.59779614e-07 
 4.42800000e-04  1.59602395e-07 
 4.42900000e-04  1.59478967e-07 
 4.43000000e-04  1.59410867e-07 
 4.43100000e-04  1.70777227e-07 
 4.43200000e-04  1.70516740e-07 
 4.43300000e-04  1.70417615e-07 
 4.43400000e-04  1.70329074e-07 
 4.43500000e-04  1.70302662e-07 
 4.43600000e-04  1.56449741e-07 
 4.43700000e-04  1.55997162e-07 
 4.43800000e-04  1.55763685e-07 
 4.43900000e-04  1.55593206e-07 
 4.44000000e-04  1.55487545e-07 
 4.44100000e-04  1.71548440e-07 
 4.44200000e-04  1.71353347e-07 
 4.44300000e-04  1.71266517e-07 
 4.44400000e-04  1.71187196e-07 
 4.44500000e-04  1.71143095e-07 
 4.44600000e-04  1.58482527e-07 
 4.44700000e-04  1.58131231e-07 
 4.44800000e-04  1.57939653e-07 
 4.44900000e-04  1.57802674e-07 
 4.45000000e-04  1.57721846e-07 
 4.45100000e-04  1.71314152e-07 
 4.45200000e-04  1.71075002e-07 
 4.45300000e-04  1.70993705e-07 
 4.45400000e-04  1.70923991e-07 
 4.45500000e-04  1.70884417e-07 
 4.45600000e-04  1.56967002e-07 
 4.45700000e-04  1.56575547e-07 
 4.45800000e-04  1.56355997e-07 
 4.45900000e-04  1.56181235e-07 
 4.46000000e-04  1.56052508e-07 
 4.46100000e-04  1.73232499e-07 
 4.46200000e-04  1.72809258e-07 
 4.46300000e-04  1.72670206e-07 
 4.46400000e-04  1.72550700e-07 
 4.46500000e-04  1.72488038e-07 
 4.46600000e-04  1.62409371e-07 
 4.46700000e-04  1.62050862e-07 
 4.46800000e-04  1.61867945e-07 
 4.46900000e-04  1.61745894e-07 
 4.47000000e-04  1.61686458e-07 
 4.47100000e-04  1.70918704e-07 
 4.47200000e-04  1.70599937e-07 
 4.47300000e-04  1.70490550e-07 
 4.47400000e-04  1.70395640e-07 
 4.47500000e-04  1.70340725e-07 
 4.47600000e-04  1.56518496e-07 
 4.47700000e-04  1.56025182e-07 
 4.47800000e-04  1.55785626e-07 
 4.47900000e-04  1.55608600e-07 
 4.48000000e-04  1.55495908e-07 
 4.48100000e-04  1.71577125e-07 
 4.48200000e-04  1.71374321e-07 
 4.48300000e-04  1.71285443e-07 
 4.48400000e-04  1.71204830e-07 
 4.48500000e-04  1.71170816e-07 
 4.48600000e-04  1.58484519e-07 
 4.48700000e-04  1.58139638e-07 
 4.48800000e-04  1.57949727e-07 
 4.48900000e-04  1.57814603e-07 
 4.49000000e-04  1.57735823e-07 
 4.49100000e-04  1.71322251e-07 
 4.49200000e-04  1.71083945e-07 
 4.49300000e-04  1.70999366e-07 
 4.49400000e-04  1.70925665e-07 
 4.49500000e-04  1.70898442e-07 
 4.49600000e-04  1.56986586e-07 
 4.49700000e-04  1.56578705e-07 
 4.49800000e-04  1.56356349e-07 
 4.49900000e-04  1.56185590e-07 
 4.50000000e-04  1.56067880e-07 
 4.50100000e-04  1.72699784e-07 
 4.50200000e-04  1.72383711e-07 
 4.50300000e-04  1.72276761e-07 
 4.50400000e-04  1.72184615e-07 
 4.50500000e-04  1.72122087e-07 
 4.50600000e-04  1.60739834e-07 
 4.50700000e-04  1.60374751e-07 
 4.50800000e-04  1.60192003e-07 
 4.50900000e-04  1.60068756e-07 
 4.51000000e-04  1.60006714e-07 
 4.51100000e-04  1.71404199e-07 
 4.51200000e-04  1.71139922e-07 
 4.51300000e-04  1.71039273e-07 
 4.51400000e-04  1.70949362e-07 
 4.51500000e-04  1.70916491e-07 
 4.51600000e-04  1.57047787e-07 
 4.51700000e-04  1.56577380e-07 
 4.51800000e-04  1.56348987e-07 
 4.51900000e-04  1.56182917e-07 
 4.52000000e-04  1.56080969e-07 
 4.52100000e-04  1.72176406e-07 
 4.52200000e-04  1.71984535e-07 
 4.52300000e-04  1.71891009e-07 
 4.52400000e-04  1.71804033e-07 
 4.52500000e-04  1.71765520e-07 
 4.52600000e-04  1.59065486e-07 
 4.52700000e-04  1.58710916e-07 
 4.52800000e-04  1.58532363e-07 
 4.52900000e-04  1.58398547e-07 
 4.53000000e-04  1.58310701e-07 
 4.53100000e-04  1.71933640e-07 
 4.53200000e-04  1.71701072e-07 
 4.53300000e-04  1.71619894e-07 
 4.53400000e-04  1.71549502e-07 
 4.53500000e-04  1.71497225e-07 
 4.53600000e-04  1.57570336e-07 
 4.53700000e-04  1.57161974e-07 
 4.53800000e-04  1.56942223e-07 
 4.53900000e-04  1.56777529e-07 
 4.54000000e-04  1.56669451e-07 
 4.54100000e-04  1.75443867e-07 
 4.54200000e-04  1.74704110e-07 
 4.54300000e-04  1.74475655e-07 
 4.54400000e-04  1.74281308e-07 
 4.54500000e-04  1.74190572e-07 
 4.54600000e-04  1.67981176e-07 
 4.54700000e-04  1.67606668e-07 
 4.54800000e-04  1.67441875e-07 
 4.54900000e-04  1.67345467e-07 
 4.55000000e-04  1.67319428e-07 
 4.55100000e-04  1.70715898e-07 
 4.55200000e-04  1.69764282e-07 
 4.55300000e-04  1.69510749e-07 
 4.55400000e-04  1.69301378e-07 
 4.55500000e-04  1.69220414e-07 
 4.55600000e-04  1.55547529e-07 
 4.55700000e-04  1.54937027e-07 
 4.55800000e-04  1.54661572e-07 
 4.55900000e-04  1.54456552e-07 
 4.56000000e-04  1.54324013e-07 
 4.56100000e-04  1.70364724e-07 
 4.56200000e-04  1.70169864e-07 
 4.56300000e-04  1.70078114e-07 
 4.56400000e-04  1.69993346e-07 
 4.56500000e-04  1.69961155e-07 
 4.56600000e-04  1.57332208e-07 
 4.56700000e-04  1.56973207e-07 
 4.56800000e-04  1.56780520e-07 
 4.56900000e-04  1.56639306e-07 
 4.57000000e-04  1.56551010e-07 
 4.57100000e-04  1.70100500e-07 
 4.57200000e-04  1.69861621e-07 
 4.57300000e-04  1.69777322e-07 
 4.57400000e-04  1.69704271e-07 
 4.57500000e-04  1.69666267e-07 
 4.57600000e-04  1.55814313e-07 
 4.57700000e-04  1.55398316e-07 
 4.57800000e-04  1.55179126e-07 
 4.57900000e-04  1.55011249e-07 
 4.58000000e-04  1.54896124e-07 
 4.58100000e-04  1.71458177e-07 
 4.58200000e-04  1.71172245e-07 
 4.58300000e-04  1.71058112e-07 
 4.58400000e-04  1.70955036e-07 
 4.58500000e-04  1.70907896e-07 
 4.58600000e-04  1.59559635e-07 
 4.58700000e-04  1.59190158e-07 
 4.58800000e-04  1.59005588e-07 
 4.58900000e-04  1.58879177e-07 
 4.59000000e-04  1.58812583e-07 
 4.59100000e-04  1.70159731e-07 
 4.59200000e-04  1.69891744e-07 
 4.59300000e-04  1.69796222e-07 
 4.59400000e-04  1.69712037e-07 
 4.59500000e-04  1.69677648e-07 
 4.59600000e-04  1.55855073e-07 
 4.59700000e-04  1.55403821e-07 
 4.59800000e-04  1.55172842e-07 
 4.59900000e-04  1.54995928e-07 
 4.60000000e-04  1.54874602e-07 
 4.60100000e-04  1.70933031e-07 
 4.60200000e-04  1.70741126e-07 
 4.60300000e-04  1.70652722e-07 
 4.60400000e-04  1.70572029e-07 
 4.60500000e-04  1.70528755e-07 
 4.60600000e-04  1.57891261e-07 
 4.60700000e-04  1.57545742e-07 
 4.60800000e-04  1.57343806e-07 
 4.60900000e-04  1.57208451e-07 
 4.61000000e-04  1.57141596e-07 
 4.61100000e-04  1.70685223e-07 
 4.61200000e-04  1.70459315e-07 
 4.61300000e-04  1.70380030e-07 
 4.61400000e-04  1.70311074e-07 
 4.61500000e-04  1.70267243e-07 
 4.61600000e-04  1.56384510e-07 
 4.61700000e-04  1.55977058e-07 
 4.61800000e-04  1.55754763e-07 
 4.61900000e-04  1.55588533e-07 
 4.62000000e-04  1.55479952e-07 
 4.62100000e-04  1.72607981e-07 
 4.62200000e-04  1.72189586e-07 
 4.62300000e-04  1.72049048e-07 
 4.62400000e-04  1.71927468e-07 
 4.62500000e-04  1.71859491e-07 
 4.62600000e-04  1.61806427e-07 
 4.62700000e-04  1.61454610e-07 
 4.62800000e-04  1.61268050e-07 
 4.62900000e-04  1.61148492e-07 
 4.63000000e-04  1.61097869e-07 
 4.63100000e-04  1.70279784e-07 
 4.63200000e-04  1.69981715e-07 
 4.63300000e-04  1.69869364e-07 
 4.63400000e-04  1.69769210e-07 
 4.63500000e-04  1.69730790e-07 
 4.63600000e-04  1.55936071e-07 
 4.63700000e-04  1.55442380e-07 
 4.63800000e-04  1.55190468e-07 
 4.63900000e-04  1.55008887e-07 
 4.64000000e-04  1.54899670e-07 
 4.64100000e-04  1.70939740e-07 
 4.64200000e-04  1.70738492e-07 
 4.64300000e-04  1.70653443e-07 
 4.64400000e-04  1.70576758e-07 
 4.64500000e-04  1.70545796e-07 
 4.64600000e-04  1.57895463e-07 
 4.64700000e-04  1.57524480e-07 
 4.64800000e-04  1.57346804e-07 
 4.64900000e-04  1.57217378e-07 
 4.65000000e-04  1.57137535e-07 
 4.65100000e-04  1.70704552e-07 
 4.65200000e-04  1.70465633e-07 
 4.65300000e-04  1.70379223e-07 
 4.65400000e-04  1.70303978e-07 
 4.65500000e-04  1.70280232e-07 
 4.65600000e-04  1.56400058e-07 
 4.65700000e-04  1.55983212e-07 
 4.65800000e-04  1.55757723e-07 
 4.65900000e-04  1.55586160e-07 
 4.66000000e-04  1.55470040e-07 
 4.66100000e-04  1.72068457e-07 
 4.66200000e-04  1.71765735e-07 
 4.66300000e-04  1.71655674e-07 
 4.66400000e-04  1.71559110e-07 
 4.66500000e-04  1.71505720e-07 
 4.66600000e-04  1.60156880e-07 
 4.66700000e-04  1.59775361e-07 
 4.66800000e-04  1.59600132e-07 
 4.66900000e-04  1.59475771e-07 
 4.67000000e-04  1.59403694e-07 
 4.67100000e-04  1.70769853e-07 
 4.67200000e-04  1.70511580e-07 
 4.67300000e-04  1.70415061e-07 
 4.67400000e-04  1.70329026e-07 
 4.67500000e-04  1.70288028e-07 
 4.67600000e-04  1.56450763e-07 
 4.67700000e-04  1.55989145e-07 
 4.67800000e-04  1.55759763e-07 
 4.67900000e-04  1.55585080e-07 
 4.68000000e-04  1.55466633e-07 
 4.68100000e-04  1.71546457e-07 
 4.68200000e-04  1.71352869e-07 
 4.68300000e-04  1.71265955e-07 
 4.68400000e-04  1.71186203e-07 
 4.68500000e-04  1.71133561e-07 
 4.68600000e-04  1.58496273e-07 
 4.68700000e-04  1.58113154e-07 
 4.68800000e-04  1.57940577e-07 
 4.68900000e-04  1.57811937e-07 
 4.69000000e-04  1.57728429e-07 
 4.69100000e-04  1.71315175e-07 
 4.69200000e-04  1.71074738e-07 
 4.69300000e-04  1.70990017e-07 
 4.69400000e-04  1.70916887e-07 
 4.69500000e-04  1.70890312e-07 
 4.69600000e-04  1.56985191e-07 
 4.69700000e-04  1.56558196e-07 
 4.69800000e-04  1.56352022e-07 
 4.69900000e-04  1.56187179e-07 
 4.70000000e-04  1.56064779e-07 
 4.70100000e-04  1.73753028e-07 
 4.70200000e-04  1.73222669e-07 
 4.70300000e-04  1.73060179e-07 
 4.70400000e-04  1.72922791e-07 
 4.70500000e-04  1.72846755e-07 
 4.70600000e-04  1.64053745e-07 
 4.70700000e-04  1.63692076e-07 
 4.70800000e-04  1.63517716e-07 
 4.70900000e-04  1.63408483e-07 
 4.71000000e-04  1.63366241e-07 
 4.71100000e-04  1.70574943e-07 
 4.71200000e-04  1.70157981e-07 
 4.71300000e-04  1.70012690e-07 
 4.71400000e-04  1.69886193e-07 
 4.71500000e-04  1.69817549e-07 
 4.71600000e-04  1.56035961e-07 
 4.71700000e-04  1.55496334e-07 
 4.71800000e-04  1.55243213e-07 
 4.71900000e-04  1.55053943e-07 
 4.72000000e-04  1.54930348e-07 
 4.72100000e-04  1.70978831e-07 
 4.72200000e-04  1.70780398e-07 
 4.72300000e-04  1.70694659e-07 
 4.72400000e-04  1.70617231e-07 
 4.72500000e-04  1.70572275e-07 
 4.72600000e-04  1.57926853e-07 
 4.72700000e-04  1.57546154e-07 
 4.72800000e-04  1.57356468e-07 
 4.72900000e-04  1.57219851e-07 
 4.73000000e-04  1.57137784e-07 
 4.73100000e-04  1.70718471e-07 
 4.73200000e-04  1.70478399e-07 
 4.73300000e-04  1.70396510e-07 
 4.73400000e-04  1.70326432e-07 
 4.73500000e-04  1.70281205e-07 
 4.73600000e-04  1.56392656e-07 
 4.73700000e-04  1.55988486e-07 
 4.73800000e-04  1.55766842e-07 
 4.73900000e-04  1.55595118e-07 
 4.74000000e-04  1.55474691e-07 
 4.74100000e-04  1.72077840e-07 
 4.74200000e-04  1.71777291e-07 
 4.74300000e-04  1.71660541e-07 
 4.74400000e-04  1.71556409e-07 
 4.74500000e-04  1.71505280e-07 
 4.74600000e-04  1.60149008e-07 
 4.74700000e-04  1.59797813e-07 
 4.74800000e-04  1.59612531e-07 
 4.74900000e-04  1.59485197e-07 
 4.75000000e-04  1.59417247e-07 
 4.75100000e-04  1.72711002e-07 
 4.75200000e-04  1.72051433e-07 
 4.75300000e-04  1.71827706e-07 
 4.75400000e-04  1.71718036e-07 
 4.75500000e-04  1.71645221e-07 
 4.75600000e-04  1.57307711e-07 
 4.75700000e-04  1.56700472e-07 
 4.75800000e-04  1.56424233e-07 
 4.75900000e-04  1.56234728e-07 
 4.76000000e-04  1.56133606e-07 
 4.76100000e-04  1.03758484e-04 
 4.76200000e-04  1.03758097e-04 
 4.76300000e-04  1.03757967e-04 
 4.76400000e-04  1.03757853e-04 
 4.76500000e-04  1.03757805e-04 
 4.76600000e-04  1.03745174e-04 
 4.76700000e-04  1.03744786e-04 
 4.76800000e-04  1.03744586e-04 
 4.76900000e-04  1.03744444e-04 
 4.77000000e-04  1.03744362e-04 
 4.77100000e-04  1.72477314e-07 
 4.77200000e-04  1.72193367e-07 
 4.77300000e-04  1.72105378e-07 
 4.77400000e-04  1.72031571e-07 
 4.77500000e-04  1.71984684e-07 
 4.77600000e-04  1.58091805e-07 
 4.77700000e-04  1.57644976e-07 
 4.77800000e-04  1.57422523e-07 
 4.77900000e-04  1.57262190e-07 
 4.78000000e-04  1.57165537e-07 
 4.78100000e-04  1.76831779e-07 
 4.78200000e-04  1.75811637e-07 
 4.78300000e-04  1.75486448e-07 
 4.78400000e-04  1.75347177e-07 
 4.78500000e-04  1.75267980e-07 
 4.78600000e-04  1.64685580e-07 
 4.78700000e-04  1.64173163e-07 
 4.78800000e-04  1.63926584e-07 
 4.78900000e-04  1.63748760e-07 
 4.79000000e-04  1.63640955e-07 
 4.79100000e-04  1.03758991e-04 
 4.79200000e-04  1.03758479e-04 
 4.79300000e-04  1.03758336e-04 
 4.79400000e-04  1.03758218e-04 
 4.79500000e-04  1.03758147e-04 
 4.79600000e-04  1.03744283e-04 
 4.79700000e-04  1.03743760e-04 
 4.79800000e-04  1.03743529e-04 
 4.79900000e-04  1.03743351e-04 
 4.80000000e-04  1.03743229e-04 
 4.80100000e-04  1.73899259e-07 
 4.80200000e-04  1.73650632e-07 
 4.80300000e-04  1.73552940e-07 
 4.80400000e-04  1.73465946e-07 
 4.80500000e-04  1.73403495e-07 
 4.80600000e-04  1.60665655e-07 
 4.80700000e-04  1.60293637e-07 
 4.80800000e-04  1.60112670e-07 
 4.80900000e-04  1.59986509e-07 
 4.81000000e-04  1.59916681e-07 
 4.81100000e-04  1.73615066e-07 
 4.81200000e-04  1.73379535e-07 
 4.81300000e-04  1.73292798e-07 
 4.81400000e-04  1.73216549e-07 
 4.81500000e-04  1.73156636e-07 
 4.81600000e-04  1.59140999e-07 
 4.81700000e-04  1.58734767e-07 
 4.81800000e-04  1.58522806e-07 
 4.81900000e-04  1.58362194e-07 
 4.82000000e-04  1.58254348e-07 
 4.82100000e-04  1.75009715e-07 
 4.82200000e-04  1.74692255e-07 
 4.82300000e-04  1.74563015e-07 
 4.82400000e-04  1.74446419e-07 
 4.82500000e-04  1.74396856e-07 
 4.82600000e-04  1.62900188e-07 
 4.82700000e-04  1.62531702e-07 
 4.82800000e-04  1.62355444e-07 
 4.82900000e-04  1.62241274e-07 
 4.83000000e-04  1.62190950e-07 
 4.83100000e-04  1.73707935e-07 
 4.83200000e-04  1.73412166e-07 
 4.83300000e-04  1.73309051e-07 
 4.83400000e-04  1.73219113e-07 
 4.83500000e-04  1.73190039e-07 
 4.83600000e-04  1.59178568e-07 
 4.83700000e-04  1.58749510e-07 
 4.83800000e-04  1.58527574e-07 
 4.83900000e-04  1.58357514e-07 
 4.84000000e-04  1.58240766e-07 
 4.84100000e-04  1.74475500e-07 
 4.84200000e-04  1.74251315e-07 
 4.84300000e-04  1.74152601e-07 
 4.84400000e-04  1.74062960e-07 
 4.84500000e-04  1.74021546e-07 
 4.84600000e-04  1.61226922e-07 
 4.84700000e-04  1.60866352e-07 
 4.84800000e-04  1.60683848e-07 
 4.84900000e-04  1.60559509e-07 
 4.85000000e-04  1.60494963e-07 
 4.85100000e-04  1.74229442e-07 
 4.85200000e-04  1.73985759e-07 
 4.85300000e-04  1.73891870e-07 
 4.85400000e-04  1.73808660e-07 
 4.85500000e-04  1.73764797e-07 
 4.85600000e-04  1.59714738e-07 
 4.85700000e-04  1.59307501e-07 
 4.85800000e-04  1.59097743e-07 
 4.85900000e-04  1.58941543e-07 
 4.86000000e-04  1.58840386e-07 
 4.86100000e-04  1.77208158e-07 
 4.86200000e-04  1.76558524e-07 
 4.86300000e-04  1.76347747e-07 
 4.86400000e-04  1.76166555e-07 
 4.86500000e-04  1.76089687e-07 
 4.86600000e-04  1.68451813e-07 
 4.86700000e-04  1.68108268e-07 
 4.86800000e-04  1.67947468e-07 
 4.86900000e-04  1.67846907e-07 
 4.87000000e-04  1.67808277e-07 
 4.87100000e-04  1.73488871e-07 
 4.87200000e-04  1.72675769e-07 
 4.87300000e-04  1.72420344e-07 
 4.87400000e-04  1.72202586e-07 
 4.87500000e-04  1.72112681e-07 
 4.87600000e-04  1.58236400e-07 
 4.87700000e-04  1.57663520e-07 
 4.87800000e-04  1.57407693e-07 
 4.87900000e-04  1.57218669e-07 
 4.88000000e-04  1.57098349e-07 
 4.88100000e-04  1.73283279e-07 
 4.88200000e-04  1.73076183e-07 
 4.88300000e-04  1.72977568e-07 
 4.88400000e-04  1.72886672e-07 
 4.88500000e-04  1.72830109e-07 
 4.88600000e-04  1.60057318e-07 
 4.88700000e-04  1.59697760e-07 
 4.88800000e-04  1.59520118e-07 
 4.88900000e-04  1.59393304e-07 
 4.89000000e-04  1.59318982e-07 
 4.89100000e-04  1.73169490e-07 
 4.89200000e-04  1.72826589e-07 
 4.89300000e-04  1.72693897e-07 
 4.89400000e-04  1.72614886e-07 
 4.89500000e-04  1.72545897e-07 
 4.89600000e-04  1.58546504e-07 
 4.89700000e-04  1.58150822e-07 
 4.89800000e-04  1.57931641e-07 
 4.89900000e-04  1.57764731e-07 
 4.90000000e-04  1.57651563e-07 
 4.90100000e-04  1.74357239e-07 
 4.90200000e-04  1.74050110e-07 
 4.90300000e-04  1.73931699e-07 
 4.90400000e-04  1.73826178e-07 
 4.90500000e-04  1.73769083e-07 
 4.90600000e-04  1.62287288e-07 
 4.90700000e-04  1.61951381e-07 
 4.90800000e-04  1.61768381e-07 
 4.90900000e-04  1.61648308e-07 
 4.91000000e-04  1.61592990e-07 
 4.91100000e-04  1.73071831e-07 
 4.91200000e-04  1.72798791e-07 
 4.91300000e-04  1.72690947e-07 
 4.91400000e-04  1.72594044e-07 
 4.91500000e-04  1.72563353e-07 
 4.91600000e-04  1.58583292e-07 
 4.91700000e-04  1.58140968e-07 
 4.91800000e-04  1.57931535e-07 
 4.91900000e-04  1.57767115e-07 
 4.92000000e-04  1.57648991e-07 
 4.92100000e-04  1.73851001e-07 
 4.92200000e-04  1.73622114e-07 
 4.92300000e-04  1.73531949e-07 
 4.92400000e-04  1.73452820e-07 
 4.92500000e-04  1.73409748e-07 
 4.92600000e-04  1.60612554e-07 
 4.92700000e-04  1.60269108e-07 
 4.92800000e-04  1.60090928e-07 
 4.92900000e-04  1.59970310e-07 
 4.93000000e-04  1.59908968e-07 
 4.93100000e-04  1.73601237e-07 
 4.93200000e-04  1.73358142e-07 
 4.93300000e-04  1.73271378e-07 
 4.93400000e-04  1.73195593e-07 
 4.93500000e-04  1.73138208e-07 
 4.93600000e-04  1.59111265e-07 
 4.93700000e-04  1.58722155e-07 
 4.93800000e-04  1.58508335e-07 
 4.93900000e-04  1.58350124e-07 
 4.94000000e-04  1.58249311e-07 
 4.94100000e-04  1.75942216e-07 
 4.94200000e-04  1.75291210e-07 
 4.94300000e-04  1.75093206e-07 
 4.94400000e-04  1.75017398e-07 
 4.94500000e-04  1.74957812e-07 
 4.94600000e-04  1.64819612e-07 
 4.94700000e-04  1.64489157e-07 
 4.94800000e-04  1.64303792e-07 
 4.94900000e-04  1.64161567e-07 
 4.95000000e-04  1.64063771e-07 
 4.95100000e-04  1.73191357e-07 
 4.95200000e-04  1.72873072e-07 
 4.95300000e-04  1.72752524e-07 
 4.95400000e-04  1.72644775e-07 
 4.95500000e-04  1.72611204e-07 
 4.95600000e-04  1.58668870e-07 
 4.95700000e-04  1.58178486e-07 
 4.95800000e-04  1.57940411e-07 
 4.95900000e-04  1.57766241e-07 
 4.96000000e-04  1.57657940e-07 
 4.96100000e-04  1.73866912e-07 
 4.96200000e-04  1.73646768e-07 
 4.96300000e-04  1.73556714e-07 
 4.96400000e-04  1.73476457e-07 
 4.96500000e-04  1.73405923e-07 
 4.96600000e-04  1.60626620e-07 
 4.96700000e-04  1.60274139e-07 
 4.96800000e-04  1.60101278e-07 
 4.96900000e-04  1.59972040e-07 
 4.97000000e-04  1.59887769e-07 
 4.97100000e-04  1.73606730e-07 
 4.97200000e-04  1.73361112e-07 
 4.97300000e-04  1.73265635e-07 
 4.97400000e-04  1.73180852e-07 
 4.97500000e-04  1.73149851e-07 
 4.97600000e-04  1.59127958e-07 
 4.97700000e-04  1.58730535e-07 
 4.97800000e-04  1.58513164e-07 
 4.97900000e-04  1.58346346e-07 
 4.98000000e-04  1.58231668e-07 
 4.98100000e-04  1.74986019e-07 
 4.98200000e-04  1.74665381e-07 
 4.98300000e-04  1.74547035e-07 
 4.98400000e-04  1.74442435e-07 
 4.98500000e-04  1.74383783e-07 
 4.98600000e-04  1.62885138e-07 
 4.98700000e-04  1.62535598e-07 
 4.98800000e-04  1.62355287e-07 
 4.98900000e-04  1.62236005e-07 
 4.99000000e-04  1.62179688e-07 
 4.99100000e-04  1.73692702e-07 
 4.99200000e-04  1.73398065e-07 
 4.99300000e-04  1.73294771e-07 
 4.99400000e-04  1.73204743e-07 
 4.99500000e-04  1.73182026e-07 
 4.99600000e-04  1.59171801e-07 
 4.99700000e-04  1.58741290e-07 
 4.99800000e-04  1.58517004e-07 
 4.99900000e-04  1.58346874e-07 
 5.00000000e-04  1.58232616e-07 
 5.00100000e-04  1.74475004e-07 
 5.00200000e-04  1.74269446e-07 
 5.00300000e-04  1.74172937e-07 
 5.00400000e-04  1.74084015e-07 
 5.00500000e-04  1.74013772e-07 
 5.00600000e-04  1.61217444e-07 
 5.00700000e-04  1.60875930e-07 
 5.00800000e-04  1.60691874e-07 
 5.00900000e-04  1.60563660e-07 
 5.01000000e-04  1.60493059e-07 
 5.01100000e-04  1.74232133e-07 
 5.01200000e-04  1.73980258e-07 
 5.01300000e-04  1.73887597e-07 
 5.01400000e-04  1.73806668e-07 
 5.01500000e-04  1.73768724e-07 
 5.01600000e-04  1.59696419e-07 
 5.01700000e-04  1.59310845e-07 
 5.01800000e-04  1.59107635e-07 
 5.01900000e-04  1.58949896e-07 
 5.02000000e-04  1.58839068e-07 
 5.02100000e-04  1.76682412e-07 
 5.02200000e-04  1.76131765e-07 
 5.02300000e-04  1.75956580e-07 
 5.02400000e-04  1.75807494e-07 
 5.02500000e-04  1.75726734e-07 
 5.02600000e-04  1.66784499e-07 
 5.02700000e-04  1.66445148e-07 
 5.02800000e-04  1.66277868e-07 
 5.02900000e-04  1.66170433e-07 
 5.03000000e-04  1.66124742e-07 
 5.03100000e-04  1.73483141e-07 
 5.03200000e-04  1.73060246e-07 
 5.03300000e-04  1.72897443e-07 
 5.03400000e-04  1.72752483e-07 
 5.03500000e-04  1.72684581e-07 
 5.03600000e-04  1.58760263e-07 
 5.03700000e-04  1.58240559e-07 
 5.03800000e-04  1.58000988e-07 
 5.03900000e-04  1.57818582e-07 
 5.04000000e-04  1.57695153e-07 
 5.04100000e-04  1.73903710e-07 
 5.04200000e-04  1.73688988e-07 
 5.04300000e-04  1.73579745e-07 
 5.04400000e-04  1.73478248e-07 
 5.04500000e-04  1.73443513e-07 
 5.04600000e-04  1.60638379e-07 
 5.04700000e-04  1.60297826e-07 
 5.04800000e-04  1.60114427e-07 
 5.04900000e-04  1.59984915e-07 
 5.05000000e-04  1.59910998e-07 
 5.05100000e-04  1.73633911e-07 
 5.05200000e-04  1.73377773e-07 
 5.05300000e-04  1.73278776e-07 
 5.05400000e-04  1.73191276e-07 
 5.05500000e-04  1.73160479e-07 
 5.05600000e-04  1.59112069e-07 
 5.05700000e-04  1.58728552e-07 
 5.05800000e-04  1.58510843e-07 
 5.05900000e-04  1.58346974e-07 
 5.06000000e-04  1.58238654e-07 
 5.06100000e-04  1.75004571e-07 
 5.06200000e-04  1.74669909e-07 
 5.06300000e-04  1.74550552e-07 
 5.06400000e-04  1.74446834e-07 
 5.06500000e-04  1.74384622e-07 
 5.06600000e-04  1.62888872e-07 
 5.06700000e-04  1.62522690e-07 
 5.06800000e-04  1.62346193e-07 
 5.06900000e-04  1.62232727e-07 
 5.07000000e-04  1.62184290e-07 
 5.07100000e-04  1.73697622e-07 
 5.07200000e-04  1.73412416e-07 
 5.07300000e-04  1.73313294e-07 
 5.07400000e-04  1.73227001e-07 
 5.07500000e-04  1.73184613e-07 
 5.07600000e-04  1.59178636e-07 
 5.07700000e-04  1.58730691e-07 
 5.07800000e-04  1.58516912e-07 
 5.07900000e-04  1.58352634e-07 
 5.08000000e-04  1.58239428e-07 
 5.08100000e-04  1.74470286e-07 
 5.08200000e-04  1.74246212e-07 
 5.08300000e-04  1.74155944e-07 
 5.08400000e-04  1.74075752e-07 
 5.08500000e-04  1.74020145e-07 
 5.08600000e-04  1.61206846e-07 
 5.08700000e-04  1.60862551e-07 
 5.08800000e-04  1.60684141e-07 
 5.08900000e-04  1.60559820e-07 
 5.09000000e-04  1.60491303e-07 
 5.09100000e-04  1.74226968e-07 
 5.09200000e-04  1.73986907e-07 
 5.09300000e-04  1.73891000e-07 
 5.09400000e-04  1.73805291e-07 
 5.09500000e-04  1.73760381e-07 
 5.09600000e-04  1.59697345e-07 
 5.09700000e-04  1.59316965e-07 
 5.09800000e-04  1.59098686e-07 
 5.09900000e-04  1.58935070e-07 
 5.10000000e-04  1.58827850e-07 
 5.10100000e-04  1.76139218e-07 
 5.10200000e-04  1.75709677e-07 
 5.10300000e-04  1.75563128e-07 
 5.10400000e-04  1.75436003e-07 
 5.10500000e-04  1.75355950e-07 
 5.10600000e-04  1.65123436e-07 
 5.10700000e-04  1.64773430e-07 
 5.10800000e-04  1.64606872e-07 
 5.10900000e-04  1.64499368e-07 
 5.11000000e-04  1.64452791e-07 
 5.11100000e-04  1.73818905e-07 
 5.11200000e-04  1.73500821e-07 
 5.11300000e-04  1.73381152e-07 
 5.11400000e-04  1.73274722e-07 
 5.11500000e-04  1.73229667e-07 
 5.11600000e-04  1.59241703e-07 
 5.11700000e-04  1.58770530e-07 
 5.11800000e-04  1.58542533e-07 
 5.11900000e-04  1.58368810e-07 
 5.12000000e-04  1.58251083e-07 
 5.12100000e-04  1.74486346e-07 
 5.12200000e-04  1.74269243e-07 
 5.12300000e-04  1.74168512e-07 
 5.12400000e-04  1.74076084e-07 
 5.12500000e-04  1.74051901e-07 
 5.12600000e-04  1.61227927e-07 
 5.12700000e-04  1.60871904e-07 
 5.12800000e-04  1.60696924e-07 
 5.12900000e-04  1.60573740e-07 
 5.13000000e-04  1.60503995e-07 
 5.13100000e-04  1.74245158e-07 
 5.13200000e-04  1.73992995e-07 
 5.13300000e-04  1.73895421e-07 
 5.13400000e-04  1.73809154e-07 
 5.13500000e-04  1.73775939e-07 
 5.13600000e-04  1.59692707e-07 
 5.13700000e-04  1.59318774e-07 
 5.13800000e-04  1.59098452e-07 
 5.13900000e-04  1.58935403e-07 
 5.14000000e-04  1.58831444e-07 
 5.14100000e-04  1.75619646e-07 
 5.14200000e-04  1.75293857e-07 
 5.14300000e-04  1.75169395e-07 
 5.14400000e-04  1.75059251e-07 
 5.14500000e-04  1.75003396e-07 
 5.14600000e-04  1.63462139e-07 
 5.14700000e-04  1.63117431e-07 
 5.14800000e-04  1.62946051e-07 
 5.14900000e-04  1.62826432e-07 
 5.15000000e-04  1.62760215e-07 
 5.15100000e-04  1.74329144e-07 
 5.15200000e-04  1.74040243e-07 
 5.15300000e-04  1.73934446e-07 
 5.15400000e-04  1.73841466e-07 
 5.15500000e-04  1.73793960e-07 
 5.15600000e-04  1.59761782e-07 
 5.15700000e-04  1.59325108e-07 
 5.15800000e-04  1.59105225e-07 
 5.15900000e-04  1.58944921e-07 
 5.16000000e-04  1.58846085e-07 
 5.16100000e-04  1.75086821e-07 
 5.16200000e-04  1.74881558e-07 
 5.16300000e-04  1.74783816e-07 
 5.16400000e-04  1.74693685e-07 
 5.16500000e-04  1.74646935e-07 
 5.16600000e-04  1.61793677e-07 
 5.16700000e-04  1.61457752e-07 
 5.16800000e-04  1.61283975e-07 
 5.16900000e-04  1.61162685e-07 
 5.17000000e-04  1.61095547e-07 
 5.17100000e-04  1.74856500e-07 
 5.17200000e-04  1.74597889e-07 
 5.17300000e-04  1.74509418e-07 
 5.17400000e-04  1.74433273e-07 
 5.17500000e-04  1.74383153e-07 
 5.17600000e-04  1.60292129e-07 
 5.17700000e-04  1.59908326e-07 
 5.17800000e-04  1.59685728e-07 
 5.17900000e-04  1.59527731e-07 
 5.18000000e-04  1.59436381e-07 
 5.18100000e-04  1.88939875e-07 
 5.18200000e-04  1.86324004e-07 
 5.18300000e-04  1.85520118e-07 
 5.18400000e-04  1.85270859e-07 
 5.18500000e-04  1.85021600e-07 
 5.18600000e-04  1.75732705e-07 
 5.18700000e-04  1.74614892e-07 
 5.18800000e-04  1.74280059e-07 
 5.18900000e-04  1.74066562e-07 
 5.19000000e-04  1.73976590e-07 
 5.19100000e-04  1.71282278e-07 
 5.19200000e-04  1.70507783e-07 
 5.19300000e-04  1.70299577e-07 
 5.19400000e-04  1.70127943e-07 
 5.19500000e-04  1.70068736e-07 
 5.19600000e-04  1.57648136e-07 
 5.19700000e-04  1.56967841e-07 
 5.19800000e-04  1.56706518e-07 
 5.19900000e-04 -0.00000000e+00 
 5.20000000e-04  1.56573816e-07 
