 time            -i(vdd)        
 2.60000000e-04 -1.26577370e-04 
 2.60100000e-04  1.83731537e-07 
 2.60200000e-04  1.75017305e-07 
 2.60300000e-04  1.72693718e-07 
 2.60400000e-04  1.70735682e-07 
 2.60500000e-04  1.70077370e-07 
 2.60600000e-04  1.76684695e-07 
 2.60700000e-04  1.75913402e-07 
 2.60800000e-04  1.75486002e-07 
 2.60900000e-04  1.75139064e-07 
 2.61000000e-04  1.74874334e-07 
 2.61100000e-04  1.56450211e-07 
 2.61200000e-04  1.54082312e-07 
 2.61300000e-04  1.53475057e-07 
 2.61400000e-04  1.52984103e-07 
 2.61500000e-04  1.52783579e-07 
 2.61600000e-04  1.38886995e-07 
 2.61700000e-04  1.37641931e-07 
 2.61800000e-04  1.37195957e-07 
 2.61900000e-04  1.36878534e-07 
 2.62000000e-04  1.36693742e-07 
 2.62100000e-04  1.61874895e-07 
 2.62200000e-04  1.60616773e-07 
 2.62300000e-04  1.60335751e-07 
 2.62400000e-04  1.60132102e-07 
 2.62500000e-04  1.60040658e-07 
 2.62600000e-04  1.48509660e-07 
 2.62700000e-04  1.47915131e-07 
 2.62800000e-04  1.47633204e-07 
 2.62900000e-04  1.47420440e-07 
 2.63000000e-04  1.47278319e-07 
 2.63100000e-04  1.99995603e-07 
 2.63200000e-04  1.94213258e-07 
 2.63300000e-04  1.92921456e-07 
 2.63400000e-04  1.91925049e-07 
 2.63500000e-04  1.91649710e-07 
 2.63600000e-04  1.78194464e-07 
 2.63700000e-04  1.77567775e-07 
 2.63800000e-04  1.77242310e-07 
 2.63900000e-04  1.76995902e-07 
 2.64000000e-04  1.76831055e-07 
 2.64100000e-04  1.72668107e-07 
 2.64200000e-04  1.68076038e-07 
 2.64300000e-04  1.67028319e-07 
 2.64400000e-04  1.66211986e-07 
 2.64500000e-04  1.65972266e-07 
 2.64600000e-04  1.53752674e-07 
 2.64700000e-04  1.53124509e-07 
 2.64800000e-04  1.52813981e-07 
 2.64900000e-04  1.52580907e-07 
 2.65000000e-04  1.52427742e-07 
 2.65100000e-04  1.66019686e-07 
 2.65200000e-04  1.65523439e-07 
 2.65300000e-04  1.65364565e-07 
 2.65400000e-04  1.65228187e-07 
 2.65500000e-04  1.65177003e-07 
 2.65600000e-04  1.51596587e-07 
 2.65700000e-04  1.51135808e-07 
 2.65800000e-04  1.50898108e-07 
 2.65900000e-04  1.50728192e-07 
 2.66000000e-04  1.50628205e-07 
 2.66100000e-04  1.66988233e-07 
 2.66200000e-04  1.66723345e-07 
 2.66300000e-04  1.66632224e-07 
 2.66400000e-04  1.66552911e-07 
 2.66500000e-04  1.66498458e-07 
 2.66600000e-04  1.55439657e-07 
 2.66700000e-04  1.55021630e-07 
 2.66800000e-04  1.54820696e-07 
 2.66900000e-04  1.54674237e-07 
 2.67000000e-04  1.54583976e-07 
 2.67100000e-04  1.66083438e-07 
 2.67200000e-04  1.65565779e-07 
 2.67300000e-04  1.65412262e-07 
 2.67400000e-04  1.65281626e-07 
 2.67500000e-04  1.65242509e-07 
 2.67600000e-04  1.51664738e-07 
 2.67700000e-04  1.51174781e-07 
 2.67800000e-04  1.50910074e-07 
 2.67900000e-04  1.50713658e-07 
 2.68000000e-04  1.50587692e-07 
 2.68100000e-04  1.66388476e-07 
 2.68200000e-04  1.66213569e-07 
 2.68300000e-04  1.66134235e-07 
 2.68400000e-04  1.66061748e-07 
 2.68500000e-04  1.66020354e-07 
 2.68600000e-04  1.53658451e-07 
 2.68700000e-04  1.53251097e-07 
 2.68800000e-04  1.53037204e-07 
 2.68900000e-04  1.52883448e-07 
 2.69000000e-04  1.52791731e-07 
 2.69100000e-04  1.66127372e-07 
 2.69200000e-04  1.65919462e-07 
 2.69300000e-04  1.65841500e-07 
 2.69400000e-04  1.65772451e-07 
 2.69500000e-04  1.65752108e-07 
 2.69600000e-04  1.52109325e-07 
 2.69700000e-04  1.51663686e-07 
 2.69800000e-04  1.51427689e-07 
 2.69900000e-04  1.51242328e-07 
 2.70000000e-04  1.51109203e-07 
 2.70100000e-04  1.68004830e-07 
 2.70200000e-04  1.67640939e-07 
 2.70300000e-04  1.67507461e-07 
 2.70400000e-04  1.67388587e-07 
 2.70500000e-04  1.67321388e-07 
 2.70600000e-04  1.57533820e-07 
 2.70700000e-04  1.57129249e-07 
 2.70800000e-04  1.56924654e-07 
 2.70900000e-04  1.56786113e-07 
 2.71000000e-04  1.56715711e-07 
 2.71100000e-04  1.66097935e-07 
 2.71200000e-04  1.65540333e-07 
 2.71300000e-04  1.65383550e-07 
 2.71400000e-04  1.65252333e-07 
 2.71500000e-04  1.65189761e-07 
 2.71600000e-04  1.51639665e-07 
 2.71700000e-04  1.51105469e-07 
 2.71800000e-04  1.50846117e-07 
 2.71900000e-04  1.50647631e-07 
 2.72000000e-04  1.50511932e-07 
 2.72100000e-04  1.66334384e-07 
 2.72200000e-04  1.66163259e-07 
 2.72300000e-04  1.66082652e-07 
 2.72400000e-04  1.66008626e-07 
 2.72500000e-04  1.65959953e-07 
 2.72600000e-04  1.53577004e-07 
 2.72700000e-04  1.53181866e-07 
 2.72800000e-04  1.52980414e-07 
 2.72900000e-04  1.52837723e-07 
 2.73000000e-04  1.52755645e-07 
 2.73100000e-04  1.66059651e-07 
 2.73200000e-04  1.65854675e-07 
 2.73300000e-04  1.65780686e-07 
 2.73400000e-04  1.65715869e-07 
 2.73500000e-04  1.65695949e-07 
 2.73600000e-04  1.52056940e-07 
 2.73700000e-04  1.51614450e-07 
 2.73800000e-04  1.51386516e-07 
 2.73900000e-04  1.51208978e-07 
 2.74000000e-04  1.51083423e-07 
 2.74100000e-04  1.67430728e-07 
 2.74200000e-04  1.67154628e-07 
 2.74300000e-04  1.67057870e-07 
 2.74400000e-04  1.66973358e-07 
 2.74500000e-04  1.66920211e-07 
 2.74600000e-04  1.55827349e-07 
 2.74700000e-04  1.55420160e-07 
 2.74800000e-04  1.55212191e-07 
 2.74900000e-04  1.55069380e-07 
 2.75000000e-04  1.54993783e-07 
 2.75100000e-04  1.66136980e-07 
 2.75200000e-04  1.65904424e-07 
 2.75300000e-04  1.65817004e-07 
 2.75400000e-04  1.65738952e-07 
 2.75500000e-04  1.65707999e-07 
 2.75600000e-04  1.52105646e-07 
 2.75700000e-04  1.51638305e-07 
 2.75800000e-04  1.51380235e-07 
 2.75900000e-04  1.51188718e-07 
 2.76000000e-04  1.51065853e-07 
 2.76100000e-04  1.66900202e-07 
 2.76200000e-04  1.66719733e-07 
 2.76300000e-04  1.66646391e-07 
 2.76400000e-04  1.66580708e-07 
 2.76500000e-04  1.66552557e-07 
 2.76600000e-04  1.54132443e-07 
 2.76700000e-04  1.53745859e-07 
 2.76800000e-04  1.53541731e-07 
 2.76900000e-04  1.53400337e-07 
 2.77000000e-04  1.53323652e-07 
 2.77100000e-04  1.66668632e-07 
 2.77200000e-04  1.66457052e-07 
 2.77300000e-04  1.66381720e-07 
 2.77400000e-04  1.66316260e-07 
 2.77500000e-04  1.66289349e-07 
 2.77600000e-04  1.52641547e-07 
 2.77700000e-04  1.52186378e-07 
 2.77800000e-04  1.51960425e-07 
 2.77900000e-04  1.51781508e-07 
 2.78000000e-04  1.51651106e-07 
 2.78100000e-04  1.69108511e-07 
 2.78200000e-04  1.68605313e-07 
 2.78300000e-04  1.68448435e-07 
 2.78400000e-04  1.68314876e-07 
 2.78500000e-04  1.68254071e-07 
 2.78600000e-04  1.59726133e-07 
 2.78700000e-04  1.59314754e-07 
 2.78800000e-04  1.59124140e-07 
 2.78900000e-04  1.59005279e-07 
 2.79000000e-04  1.58960431e-07 
 2.79100000e-04  1.66299164e-07 
 2.79200000e-04  1.65620188e-07 
 2.79300000e-04  1.65431934e-07 
 2.79400000e-04  1.65276486e-07 
 2.79500000e-04  1.65196398e-07 
 2.79600000e-04  1.51668447e-07 
 2.79700000e-04  1.51112212e-07 
 2.79800000e-04  1.50841805e-07 
 2.79900000e-04  1.50633269e-07 
 2.80000000e-04  1.50488548e-07 
 2.80100000e-04  1.66311280e-07 
 2.80200000e-04  1.66130582e-07 
 2.80300000e-04  1.66055724e-07 
 2.80400000e-04  1.65988749e-07 
 2.80500000e-04  1.65957819e-07 
 2.80600000e-04  1.53566227e-07 
 2.80700000e-04  1.53168942e-07 
 2.80800000e-04  1.52962828e-07 
 2.80900000e-04  1.52815420e-07 
 2.81000000e-04  1.52728562e-07 
 2.81100000e-04  1.66041355e-07 
 2.81200000e-04  1.65838397e-07 
 2.81300000e-04  1.65763261e-07 
 2.81400000e-04  1.65696759e-07 
 2.81500000e-04  1.65681540e-07 
 2.81600000e-04  1.52030619e-07 
 2.81700000e-04  1.51606805e-07 
 2.81800000e-04  1.51364115e-07 
 2.81900000e-04  1.51180822e-07 
 2.82000000e-04  1.51058790e-07 
 2.82100000e-04  1.67415289e-07 
 2.82200000e-04  1.67122358e-07 
 2.82300000e-04  1.67027409e-07 
 2.82400000e-04  1.66946472e-07 
 2.82500000e-04  1.66912403e-07 
 2.82600000e-04  1.55802331e-07 
 2.82700000e-04  1.55402472e-07 
 2.82800000e-04  1.55202555e-07 
 2.82900000e-04  1.55061173e-07 
 2.83000000e-04  1.54980164e-07 
 2.83100000e-04  1.66120870e-07 
 2.83200000e-04  1.65875920e-07 
 2.83300000e-04  1.65788383e-07 
 2.83400000e-04  1.65711400e-07 
 2.83500000e-04  1.65684258e-07 
 2.83600000e-04  1.52079394e-07 
 2.83700000e-04  1.51597211e-07 
 2.83800000e-04  1.51347184e-07 
 2.83900000e-04  1.51161326e-07 
 2.84000000e-04  1.51041650e-07 
 2.84100000e-04  1.66881598e-07 
 2.84200000e-04  1.66709845e-07 
 2.84300000e-04  1.66633779e-07 
 2.84400000e-04  1.66564112e-07 
 2.84500000e-04  1.66533206e-07 
 2.84600000e-04  1.54131319e-07 
 2.84700000e-04  1.53742391e-07 
 2.84800000e-04  1.53522597e-07 
 2.84900000e-04  1.53371057e-07 
 2.85000000e-04  1.53289916e-07 
 2.85100000e-04  1.66639115e-07 
 2.85200000e-04  1.66429334e-07 
 2.85300000e-04  1.66358131e-07 
 2.85400000e-04  1.66296473e-07 
 2.85500000e-04  1.66281230e-07 
 2.85600000e-04  1.52612388e-07 
 2.85700000e-04  1.52173234e-07 
 2.85800000e-04  1.51939194e-07 
 2.85900000e-04  1.51758552e-07 
 2.86000000e-04  1.51632976e-07 
 2.86100000e-04  1.68551172e-07 
 2.86200000e-04  1.68164761e-07 
 2.86300000e-04  1.68033691e-07 
 2.86400000e-04  1.67919405e-07 
 2.86500000e-04  1.67862929e-07 
 2.86600000e-04  1.58033419e-07 
 2.86700000e-04  1.57636546e-07 
 2.86800000e-04  1.57450327e-07 
 2.86900000e-04  1.57322201e-07 
 2.87000000e-04  1.57253984e-07 
 2.87100000e-04  1.66226383e-07 
 2.87200000e-04  1.65942610e-07 
 2.87300000e-04  1.65850751e-07 
 2.87400000e-04  1.65771755e-07 
 2.87500000e-04  1.65731144e-07 
 2.87600000e-04  1.52161230e-07 
 2.87700000e-04  1.51626615e-07 
 2.87800000e-04  1.51381976e-07 
 2.87900000e-04  1.51188447e-07 
 2.88000000e-04  1.51047624e-07 
 2.88100000e-04  1.66899646e-07 
 2.88200000e-04  1.66728486e-07 
 2.88300000e-04  1.66656304e-07 
 2.88400000e-04  1.66590939e-07 
 2.88500000e-04  1.66542078e-07 
 2.88600000e-04  1.54120344e-07 
 2.88700000e-04  1.53742028e-07 
 2.88800000e-04  1.53530787e-07 
 2.88900000e-04  1.53385791e-07 
 2.89000000e-04  1.53309115e-07 
 2.89100000e-04  1.66650996e-07 
 2.89200000e-04  1.66442672e-07 
 2.89300000e-04  1.66373925e-07 
 2.89400000e-04  1.66315203e-07 
 2.89500000e-04  1.66287405e-07 
 2.89600000e-04  1.52616318e-07 
 2.89700000e-04  1.52173925e-07 
 2.89800000e-04  1.51937732e-07 
 2.89900000e-04  1.51757929e-07 
 2.90000000e-04  1.51636279e-07 
 2.90100000e-04  1.68023418e-07 
 2.90200000e-04  1.67740056e-07 
 2.90300000e-04  1.67643176e-07 
 2.90400000e-04  1.67558953e-07 
 2.90500000e-04  1.67505963e-07 
 2.90600000e-04  1.56383544e-07 
 2.90700000e-04  1.55973771e-07 
 2.90800000e-04  1.55774019e-07 
 2.90900000e-04  1.55638276e-07 
 2.91000000e-04  1.55568545e-07 
 2.91100000e-04  1.66728815e-07 
 2.91200000e-04  1.66496506e-07 
 2.91300000e-04  1.66414708e-07 
 2.91400000e-04  1.66342460e-07 
 2.91500000e-04  1.66298026e-07 
 2.91600000e-04  1.52663478e-07 
 2.91700000e-04  1.52181048e-07 
 2.91800000e-04  1.51937518e-07 
 2.91900000e-04  1.51755399e-07 
 2.92000000e-04  1.51636584e-07 
 2.92100000e-04  1.69438315e-07 
 2.92200000e-04  1.68911932e-07 
 2.92300000e-04  1.68744464e-07 
 2.92400000e-04  1.68669319e-07 
 2.92500000e-04  1.68624006e-07 
 2.92600000e-04  1.55728972e-07 
 2.92700000e-04  1.55182677e-07 
 2.92800000e-04  1.54919395e-07 
 2.92900000e-04  1.54728892e-07 
 2.93000000e-04  1.54612694e-07 
 2.93100000e-04  1.03754175e-04 
 2.93200000e-04  1.03753781e-04 
 2.93300000e-04  1.03753657e-04 
 2.93400000e-04  1.03753551e-04 
 2.93500000e-04  1.03753523e-04 
 2.93600000e-04  1.03739860e-04 
 2.93700000e-04  1.03739382e-04 
 2.93800000e-04  1.03739150e-04 
 2.93900000e-04  1.03738970e-04 
 2.94000000e-04  1.03738845e-04 
 2.94100000e-04  1.71397497e-07 
 2.94200000e-04  1.70745101e-07 
 2.94300000e-04  1.70551146e-07 
 2.94400000e-04  1.70387782e-07 
 2.94500000e-04  1.70316664e-07 
 2.94600000e-04  1.63042548e-07 
 2.94700000e-04  1.62632708e-07 
 2.94800000e-04  1.62449684e-07 
 2.94900000e-04  1.62339873e-07 
 2.95000000e-04  1.62305565e-07 
 2.95100000e-04  1.67720805e-07 
 2.95200000e-04  1.66854086e-07 
 2.95300000e-04  1.66617149e-07 
 2.95400000e-04  1.66420836e-07 
 2.95500000e-04  1.66339795e-07 
 2.95600000e-04  1.52786869e-07 
 2.95700000e-04  1.52186694e-07 
 2.95800000e-04  1.51910703e-07 
 2.95900000e-04  1.51709402e-07 
 2.96000000e-04  1.51585128e-07 
 2.96100000e-04  1.67466877e-07 
 2.96200000e-04  1.67283399e-07 
 2.96300000e-04  1.67206308e-07 
 2.96400000e-04  1.67137021e-07 
 2.96500000e-04  1.67081026e-07 
 2.96600000e-04  1.54612542e-07 
 2.96700000e-04  1.54222976e-07 
 2.96800000e-04  1.54026081e-07 
 2.96900000e-04  1.53882351e-07 
 2.97000000e-04  1.53793440e-07 
 2.97100000e-04  1.67191526e-07 
 2.97200000e-04  1.66968857e-07 
 2.97300000e-04  1.66889980e-07 
 2.97400000e-04  1.66821819e-07 
 2.97500000e-04  1.66794603e-07 
 2.97600000e-04  1.53092105e-07 
 2.97700000e-04  1.52670424e-07 
 2.97800000e-04  1.52427729e-07 
 2.97900000e-04  1.52249287e-07 
 2.98000000e-04  1.52137099e-07 
 2.98100000e-04  1.68561981e-07 
 2.98200000e-04  1.68265529e-07 
 2.98300000e-04  1.68164464e-07 
 2.98400000e-04  1.68077188e-07 
 2.98500000e-04  1.68014941e-07 
 2.98600000e-04  1.56847652e-07 
 2.98700000e-04  1.56470730e-07 
 2.98800000e-04  1.56270030e-07 
 2.98900000e-04  1.56132794e-07 
 2.99000000e-04  1.56061001e-07 
 2.99100000e-04  1.67263591e-07 
 2.99200000e-04  1.67004734e-07 
 2.99300000e-04  1.66921985e-07 
 2.99400000e-04  1.66851544e-07 
 2.99500000e-04  1.66806209e-07 
 2.99600000e-04  1.53140800e-07 
 2.99700000e-04  1.52670008e-07 
 2.99800000e-04  1.52423213e-07 
 2.99900000e-04  1.52244578e-07 
 3.00000000e-04  1.52136227e-07 
 3.00100000e-04  1.68016668e-07 
 3.00200000e-04  1.67835819e-07 
 3.00300000e-04  1.67764592e-07 
 3.00400000e-04  1.67701326e-07 
 3.00500000e-04  1.67664171e-07 
 3.00600000e-04  1.55188681e-07 
 3.00700000e-04  1.54808860e-07 
 3.00800000e-04  1.54597120e-07 
 3.00900000e-04  1.54447541e-07 
 3.01000000e-04  1.54362057e-07 
 3.01100000e-04  1.67786057e-07 
 3.01200000e-04  1.67562443e-07 
 3.01300000e-04  1.67489461e-07 
 3.01400000e-04  1.67427637e-07 
 3.01500000e-04  1.67402441e-07 
 3.01600000e-04  1.53684382e-07 
 3.01700000e-04  1.53253209e-07 
 3.01800000e-04  1.53011323e-07 
 3.01900000e-04  1.52829895e-07 
 3.02000000e-04  1.52710808e-07 
 3.02100000e-04  1.69696300e-07 
 3.02200000e-04  1.69295451e-07 
 3.02300000e-04  1.69157247e-07 
 3.02400000e-04  1.69036556e-07 
 3.02500000e-04  1.68993222e-07 
 3.02600000e-04  1.59094181e-07 
 3.02700000e-04  1.58715259e-07 
 3.02800000e-04  1.58518079e-07 
 3.02900000e-04  1.58388714e-07 
 3.03000000e-04  1.58329275e-07 
 3.03100000e-04  1.67366900e-07 
 3.03200000e-04  1.67082690e-07 
 3.03300000e-04  1.66992089e-07 
 3.03400000e-04  1.66914236e-07 
 3.03500000e-04  1.66874665e-07 
 3.03600000e-04  1.53222888e-07 
 3.03700000e-04  1.52705489e-07 
 3.03800000e-04  1.52451700e-07 
 3.03900000e-04  1.52261091e-07 
 3.04000000e-04  1.52135625e-07 
 3.04100000e-04  1.68046697e-07 
 3.04200000e-04  1.67852496e-07 
 3.04300000e-04  1.67774212e-07 
 3.04400000e-04  1.67704712e-07 
 3.04500000e-04  1.67676684e-07 
 3.04600000e-04  1.55183447e-07 
 3.04700000e-04  1.54798772e-07 
 3.04800000e-04  1.54604217e-07 
 3.04900000e-04  1.54466484e-07 
 3.05000000e-04  1.54387337e-07 
 3.05100000e-04  1.67784391e-07 
 3.05200000e-04  1.67575029e-07 
 3.05300000e-04  1.67503365e-07 
 3.05400000e-04  1.67440956e-07 
 3.05500000e-04  1.67403476e-07 
 3.05600000e-04  1.53681201e-07 
 3.05700000e-04  1.53239883e-07 
 3.05800000e-04  1.53000198e-07 
 3.05900000e-04  1.52824135e-07 
 3.06000000e-04  1.52713671e-07 
 3.06100000e-04  1.69152198e-07 
 3.06200000e-04  1.68870206e-07 
 3.06300000e-04  1.68764095e-07 
 3.06400000e-04  1.68669644e-07 
 3.06500000e-04  1.68627023e-07 
 3.06600000e-04  1.57439680e-07 
 3.06700000e-04  1.57044660e-07 
 3.06800000e-04  1.56853297e-07 
 3.06900000e-04  1.56720349e-07 
 3.07000000e-04  1.56647626e-07 
 3.07100000e-04  1.67869928e-07 
 3.07200000e-04  1.67632380e-07 
 3.07300000e-04  1.67541470e-07 
 3.07400000e-04  1.67459696e-07 
 3.07500000e-04  1.67418485e-07 
 3.07600000e-04  1.53732696e-07 
 3.07700000e-04  1.53268077e-07 
 3.07800000e-04  1.53021949e-07 
 3.07900000e-04  1.52839482e-07 
 3.08000000e-04  1.52722654e-07 
 3.08100000e-04  1.68633944e-07 
 3.08200000e-04  1.68457665e-07 
 3.08300000e-04  1.68380566e-07 
 3.08400000e-04  1.68310430e-07 
 3.08500000e-04  1.68282754e-07 
 3.08600000e-04  1.55762868e-07 
 3.08700000e-04  1.55374959e-07 
 3.08800000e-04  1.55180572e-07 
 3.08900000e-04  1.55041786e-07 
 3.09000000e-04  1.54960320e-07 
 3.09100000e-04  1.68410601e-07 
 3.09200000e-04  1.68175189e-07 
 3.09300000e-04  1.68099226e-07 
 3.09400000e-04  1.68035349e-07 
 3.09500000e-04  1.68017584e-07 
 3.09600000e-04  1.54256126e-07 
 3.09700000e-04  1.53827453e-07 
 3.09800000e-04  1.53596281e-07 
 3.09900000e-04  1.53423547e-07 
 3.10000000e-04  1.53311060e-07 
 3.10100000e-04  1.70843828e-07 
 3.10200000e-04  1.70326728e-07 
 3.10300000e-04  1.70168363e-07 
 3.10400000e-04  1.70034572e-07 
 3.10500000e-04  1.69979750e-07 
 3.10600000e-04  1.61348556e-07 
 3.10700000e-04  1.60977537e-07 
 3.10800000e-04  1.60786235e-07 
 3.10900000e-04  1.60664868e-07 
 3.11000000e-04  1.60615610e-07 
 3.11100000e-04  1.67664341e-07 
 3.11200000e-04  1.67281728e-07 
 3.11300000e-04  1.67131267e-07 
 3.11400000e-04  1.66995709e-07 
 3.11500000e-04  1.66949504e-07 
 3.11600000e-04  1.53321704e-07 
 3.11700000e-04  1.52768069e-07 
 3.11800000e-04  1.52506201e-07 
 3.11900000e-04  1.52301685e-07 
 3.12000000e-04  1.52156291e-07 
 3.12100000e-04  1.68066440e-07 
 3.12200000e-04  1.67888612e-07 
 3.12300000e-04  1.67808853e-07 
 3.12400000e-04  1.67735795e-07 
 3.12500000e-04  1.67698992e-07 
 3.12600000e-04  1.55194049e-07 
 3.12700000e-04  1.54812018e-07 
 3.12800000e-04  1.54606416e-07 
 3.12900000e-04  1.54465782e-07 
 3.13000000e-04  1.54392128e-07 
 3.13100000e-04  1.67812245e-07 
 3.13200000e-04  1.67592690e-07 
 3.13300000e-04  1.67514688e-07 
 3.13400000e-04  1.67446845e-07 
 3.13500000e-04  1.67411326e-07 
 3.13600000e-04  1.53691731e-07 
 3.13700000e-04  1.53244296e-07 
 3.13800000e-04  1.53009310e-07 
 3.13900000e-04  1.52832869e-07 
 3.14000000e-04  1.52716780e-07 
 3.14100000e-04  1.69162291e-07 
 3.14200000e-04  1.68883576e-07 
 3.14300000e-04  1.68782226e-07 
 3.14400000e-04  1.68692759e-07 
 3.14500000e-04  1.68630839e-07 
 3.14600000e-04  1.57440809e-07 
 3.14700000e-04  1.57053693e-07 
 3.14800000e-04  1.56863502e-07 
 3.14900000e-04  1.56730500e-07 
 3.15000000e-04  1.56656448e-07 
 3.15100000e-04  1.67870891e-07 
 3.15200000e-04  1.67629562e-07 
 3.15300000e-04  1.67544347e-07 
 3.15400000e-04  1.67469165e-07 
 3.15500000e-04  1.67425543e-07 
 3.15600000e-04  1.53731586e-07 
 3.15700000e-04  1.53250157e-07 
 3.15800000e-04  1.53011189e-07 
 3.15900000e-04  1.52831260e-07 
 3.16000000e-04  1.52712191e-07 
 3.16100000e-04  1.68644267e-07 
 3.16200000e-04  1.68464383e-07 
 3.16300000e-04  1.68380086e-07 
 3.16400000e-04  1.68302406e-07 
 3.16500000e-04  1.68261873e-07 
 3.16600000e-04  1.55762214e-07 
 3.16700000e-04  1.55375849e-07 
 3.16800000e-04  1.55180210e-07 
 3.16900000e-04  1.55043493e-07 
 3.17000000e-04  1.54967511e-07 
 3.17100000e-04  1.68397270e-07 
 3.17200000e-04  1.68172984e-07 
 3.17300000e-04  1.68100614e-07 
 3.17400000e-04  1.68039176e-07 
 3.17500000e-04  1.68017669e-07 
 3.17600000e-04  1.54255493e-07 
 3.17700000e-04  1.53823994e-07 
 3.17800000e-04  1.53599995e-07 
 3.17900000e-04  1.53423816e-07 
 3.18000000e-04  1.53296920e-07 
 3.18100000e-04  1.70310612e-07 
 3.18200000e-04  1.69930016e-07 
 3.18300000e-04  1.69793637e-07 
 3.18400000e-04  1.69672884e-07 
 3.18500000e-04  1.69612983e-07 
 3.18600000e-04  1.59679620e-07 
 3.18700000e-04  1.59310415e-07 
 3.18800000e-04  1.59110385e-07 
 3.18900000e-04  1.58982575e-07 
 3.19000000e-04  1.58929222e-07 
 3.19100000e-04  1.67993839e-07 
 3.19200000e-04  1.67696142e-07 
 3.19300000e-04  1.67595303e-07 
 3.19400000e-04  1.67507675e-07 
 3.19500000e-04  1.67468576e-07 
 3.19600000e-04  1.53803831e-07 
 3.19700000e-04  1.53302479e-07 
 3.19800000e-04  1.53041046e-07 
 3.19900000e-04  1.52848477e-07 
 3.20000000e-04  1.52726903e-07 
 3.20100000e-04  1.68665450e-07 
 3.20200000e-04  1.68479532e-07 
 3.20300000e-04  1.68401126e-07 
 3.20400000e-04  1.68330715e-07 
 3.20500000e-04  1.68291019e-07 
 3.20600000e-04  1.55770039e-07 
 3.20700000e-04  1.55396210e-07 
 3.20800000e-04  1.55192790e-07 
 3.20900000e-04  1.55053297e-07 
 3.21000000e-04  1.54979702e-07 
 3.21100000e-04  1.68407484e-07 
 3.21200000e-04  1.68198786e-07 
 3.21300000e-04  1.68120141e-07 
 3.21400000e-04  1.68050061e-07 
 3.21500000e-04  1.68014009e-07 
 3.21600000e-04  1.54267103e-07 
 3.21700000e-04  1.53830013e-07 
 3.21800000e-04  1.53601811e-07 
 3.21900000e-04  1.53429088e-07 
 3.22000000e-04  1.53313545e-07 
 3.22100000e-04  1.69784346e-07 
 3.22200000e-04  1.69491544e-07 
 3.22300000e-04  1.69390473e-07 
 3.22400000e-04  1.69302479e-07 
 3.22500000e-04  1.69248783e-07 
 3.22600000e-04  1.58020534e-07 
 3.22700000e-04  1.57636176e-07 
 3.22800000e-04  1.57445505e-07 
 3.22900000e-04  1.57309976e-07 
 3.23000000e-04  1.57231282e-07 
 3.23100000e-04  1.68494456e-07 
 3.23200000e-04  1.68241563e-07 
 3.23300000e-04  1.68155589e-07 
 3.23400000e-04  1.68080455e-07 
 3.23500000e-04  1.68050218e-07 
 3.23600000e-04  1.54301533e-07 
 3.23700000e-04  1.53857981e-07 
 3.23800000e-04  1.53614797e-07 
 3.23900000e-04  1.53435689e-07 
 3.24000000e-04  1.53322626e-07 
 3.24100000e-04  1.69260271e-07 
 3.24200000e-04  1.69078169e-07 
 3.24300000e-04  1.69001046e-07 
 3.24400000e-04  1.68931112e-07 
 3.24500000e-04  1.68879609e-07 
 3.24600000e-04  1.56349179e-07 
 3.24700000e-04  1.55971551e-07 
 3.24800000e-04  1.55780417e-07 
 3.24900000e-04  1.55645649e-07 
 3.25000000e-04  1.55568912e-07 
 3.25100000e-04  1.70779693e-07 
 3.25200000e-04  1.70299401e-07 
 3.25300000e-04  1.70123368e-07 
 3.25400000e-04  1.70034788e-07 
 3.25500000e-04  1.69974466e-07 
 3.25600000e-04  1.55707820e-07 
 3.25700000e-04  1.55116565e-07 
 3.25800000e-04  1.54862727e-07 
 3.25900000e-04  1.54676204e-07 
 3.26000000e-04  1.54558375e-07 
 3.26100000e-04  1.03759451e-04 
 3.26200000e-04  1.03758543e-04 
 3.26300000e-04  1.03758282e-04 
 3.26400000e-04  1.03758062e-04 
 3.26500000e-04  1.03757975e-04 
 3.26600000e-04  1.03751915e-04 
 3.26700000e-04  1.03751504e-04 
 3.26800000e-04  1.03751331e-04 
 3.26900000e-04  1.03751228e-04 
 3.27000000e-04  1.03751197e-04 
 3.27100000e-04  1.68942191e-07 
 3.27200000e-04  1.67968196e-07 
 3.27300000e-04  1.67722962e-07 
 3.27400000e-04  1.67524095e-07 
 3.27500000e-04  1.67428049e-07 
 3.27600000e-04  1.53919635e-07 
 3.27700000e-04  1.53263519e-07 
 3.27800000e-04  1.52978579e-07 
 3.27900000e-04  1.52775975e-07 
 3.28000000e-04  1.52658256e-07 
 3.28100000e-04  1.68594922e-07 
 3.28200000e-04  1.68417737e-07 
 3.28300000e-04  1.68331184e-07 
 3.28400000e-04  1.68250881e-07 
 3.28500000e-04  1.68215746e-07 
 3.28600000e-04  1.55682393e-07 
 3.28700000e-04  1.55297368e-07 
 3.28800000e-04  1.55107098e-07 
 3.28900000e-04  1.54970824e-07 
 3.29000000e-04  1.54890195e-07 
 3.29100000e-04  1.68343130e-07 
 3.29200000e-04  1.68126992e-07 
 3.29300000e-04  1.68038509e-07 
 3.29400000e-04  1.67959052e-07 
 3.29500000e-04  1.67931445e-07 
 3.29600000e-04  1.54168490e-07 
 3.29700000e-04  1.53758476e-07 
 3.29800000e-04  1.53515465e-07 
 3.29900000e-04  1.53335030e-07 
 3.30000000e-04  1.53219089e-07 
 3.30100000e-04  1.69700832e-07 
 3.30200000e-04  1.69407433e-07 
 3.30300000e-04  1.69306054e-07 
 3.30400000e-04  1.69218050e-07 
 3.30500000e-04  1.69158162e-07 
 3.30600000e-04  1.57917963e-07 
 3.30700000e-04  1.57555904e-07 
 3.30800000e-04  1.57355125e-07 
 3.30900000e-04  1.57215770e-07 
 3.31000000e-04  1.57139720e-07 
 3.31100000e-04  1.68396503e-07 
 3.31200000e-04  1.68139597e-07 
 3.31300000e-04  1.68057269e-07 
 3.31400000e-04  1.67986718e-07 
 3.31500000e-04  1.67945328e-07 
 3.31600000e-04  1.54223328e-07 
 3.31700000e-04  1.53740792e-07 
 3.31800000e-04  1.53510521e-07 
 3.31900000e-04  1.53330447e-07 
 3.32000000e-04  1.53202098e-07 
 3.32100000e-04  1.69160259e-07 
 3.32200000e-04  1.68975376e-07 
 3.32300000e-04  1.68902172e-07 
 3.32400000e-04  1.68837040e-07 
 3.32500000e-04  1.68793287e-07 
 3.32600000e-04  1.56262349e-07 
 3.32700000e-04  1.55869598e-07 
 3.32800000e-04  1.55680750e-07 
 3.32900000e-04  1.55546047e-07 
 3.33000000e-04  1.55467140e-07 
 3.33100000e-04  1.68931081e-07 
 3.33200000e-04  1.68704393e-07 
 3.33300000e-04  1.68625109e-07 
 3.33400000e-04  1.68556168e-07 
 3.33500000e-04  1.68522963e-07 
 3.33600000e-04  1.54747266e-07 
 3.33700000e-04  1.54303355e-07 
 3.33800000e-04  1.54076201e-07 
 3.33900000e-04  1.53909025e-07 
 3.34000000e-04  1.53803660e-07 
 3.34100000e-04  1.70838213e-07 
 3.34200000e-04  1.70433796e-07 
 3.34300000e-04  1.70300862e-07 
 3.34400000e-04  1.70186364e-07 
 3.34500000e-04  1.70120762e-07 
 3.34600000e-04  1.60154221e-07 
 3.34700000e-04  1.59797509e-07 
 3.34800000e-04  1.59605528e-07 
 3.34900000e-04  1.59477439e-07 
 3.35000000e-04  1.59415197e-07 
 3.35100000e-04  1.68514737e-07 
 3.35200000e-04  1.68227590e-07 
 3.35300000e-04  1.68118855e-07 
 3.35400000e-04  1.68021484e-07 
 3.35500000e-04  1.67975376e-07 
 3.35600000e-04  1.54277848e-07 
 3.35700000e-04  1.53770118e-07 
 3.35800000e-04  1.53521131e-07 
 3.35900000e-04  1.53334479e-07 
 3.36000000e-04  1.53212067e-07 
 3.36100000e-04  1.69185896e-07 
 3.36200000e-04  1.69002914e-07 
 3.36300000e-04  1.68915646e-07 
 3.36400000e-04  1.68835174e-07 
 3.36500000e-04  1.68790623e-07 
 3.36600000e-04  1.56253088e-07 
 3.36700000e-04  1.55885493e-07 
 3.36800000e-04  1.55692131e-07 
 3.36900000e-04  1.55548082e-07 
 3.37000000e-04  1.55454840e-07 
 3.37100000e-04  1.68930765e-07 
 3.37200000e-04  1.68699272e-07 
 3.37300000e-04  1.68621417e-07 
 3.37400000e-04  1.68554765e-07 
 3.37500000e-04  1.68532879e-07 
 3.37600000e-04  1.54738328e-07 
 3.37700000e-04  1.54323054e-07 
 3.37800000e-04  1.54084839e-07 
 3.37900000e-04  1.53904895e-07 
 3.38000000e-04  1.53784999e-07 
 3.38100000e-04  1.70313423e-07 
 3.38200000e-04  1.70007995e-07 
 3.38300000e-04  1.69893309e-07 
 3.38400000e-04  1.69791766e-07 
 3.38500000e-04  1.69750448e-07 
 3.38600000e-04  1.58490011e-07 
 3.38700000e-04  1.58129550e-07 
 3.38800000e-04  1.57931888e-07 
 3.38900000e-04  1.57800609e-07 
 3.39000000e-04  1.57737746e-07 
 3.39100000e-04  1.69009758e-07 
 3.39200000e-04  1.68757320e-07 
 3.39300000e-04  1.68668322e-07 
 3.39400000e-04  1.68590141e-07 
 3.39500000e-04  1.68559625e-07 
 3.39600000e-04  1.54791859e-07 
 3.39700000e-04  1.54318340e-07 
 3.39800000e-04  1.54083303e-07 
 3.39900000e-04  1.53911573e-07 
 3.40000000e-04  1.53805088e-07 
 3.40100000e-04  1.69777081e-07 
 3.40200000e-04  1.69593018e-07 
 3.40300000e-04  1.69514386e-07 
 3.40400000e-04  1.69443039e-07 
 3.40500000e-04  1.69404998e-07 
 3.40600000e-04  1.56822508e-07 
 3.40700000e-04  1.56459895e-07 
 3.40800000e-04  1.56265887e-07 
 3.40900000e-04  1.56124755e-07 
 3.41000000e-04  1.56038100e-07 
 3.41100000e-04  1.69551814e-07 
 3.41200000e-04  1.69308434e-07 
 3.41300000e-04  1.69232385e-07 
 3.41400000e-04  1.69169163e-07 
 3.41500000e-04  1.69143054e-07 
 3.41600000e-04  1.55311618e-07 
 3.41700000e-04  1.54912187e-07 
 3.41800000e-04  1.54679839e-07 
 3.41900000e-04  1.54505855e-07 
 3.42000000e-04  1.54392009e-07 
 3.42100000e-04  1.71982650e-07 
 3.42200000e-04  1.71472378e-07 
 3.42300000e-04  1.71306221e-07 
 3.42400000e-04  1.71163102e-07 
 3.42500000e-04  1.71100571e-07 
 3.42600000e-04  1.62417227e-07 
 3.42700000e-04  1.62027545e-07 
 3.42800000e-04  1.61848386e-07 
 3.42900000e-04  1.61738901e-07 
 3.43000000e-04  1.61701220e-07 
 3.43100000e-04  1.68805535e-07 
 3.43200000e-04  1.68413954e-07 
 3.43300000e-04  1.68263231e-07 
 3.43400000e-04  1.68128342e-07 
 3.43500000e-04  1.68065286e-07 
 3.43600000e-04  1.54384260e-07 
 3.43700000e-04  1.53844516e-07 
 3.43800000e-04  1.53574059e-07 
 3.43900000e-04  1.53371183e-07 
 3.44000000e-04  1.53237952e-07 
 3.44100000e-04  1.69216991e-07 
 3.44200000e-04  1.69015755e-07 
 3.44300000e-04  1.68930354e-07 
 3.44400000e-04  1.68853539e-07 
 3.44500000e-04  1.68809564e-07 
 3.44600000e-04  1.56255543e-07 
 3.44700000e-04  1.55873235e-07 
 3.44800000e-04  1.55685634e-07 
 3.44900000e-04  1.55551331e-07 
 3.45000000e-04  1.55471934e-07 
 3.45100000e-04  1.68936234e-07 
 3.45200000e-04  1.68713706e-07 
 3.45300000e-04  1.68638621e-07 
 3.45400000e-04  1.68573975e-07 
 3.45500000e-04  1.68529914e-07 
 3.45600000e-04  1.54747225e-07 
 3.45700000e-04  1.54335237e-07 
 3.45800000e-04  1.54098464e-07 
 3.45900000e-04  1.53917834e-07 
 3.46000000e-04  1.53795048e-07 
 3.46100000e-04  1.70322353e-07 
 3.46200000e-04  1.70010443e-07 
 3.46300000e-04  1.69909078e-07 
 3.46400000e-04  1.69822946e-07 
 3.46500000e-04  1.69751821e-07 
 3.46600000e-04  1.58511589e-07 
 3.46700000e-04  1.58136572e-07 
 3.46800000e-04  1.57945988e-07 
 3.46900000e-04  1.57813278e-07 
 3.47000000e-04  1.57740198e-07 
 3.47100000e-04  1.69019344e-07 
 3.47200000e-04  1.68758662e-07 
 3.47300000e-04  1.68669952e-07 
 3.47400000e-04  1.68592954e-07 
 3.47500000e-04  1.68565861e-07 
 3.47600000e-04  1.54787270e-07 
 3.47700000e-04  1.54329844e-07 
 3.47800000e-04  1.54085185e-07 
 3.47900000e-04  1.53909256e-07 
 3.48000000e-04  1.53804153e-07 
 3.48100000e-04  1.69779954e-07 
 3.48200000e-04  1.69601784e-07 
 3.48300000e-04  1.69519796e-07 
 3.48400000e-04  1.69444332e-07 
 3.48500000e-04  1.69393360e-07 
 3.48600000e-04  1.56845480e-07 
 3.48700000e-04  1.56457498e-07 
 3.48800000e-04  1.56262190e-07 
 3.48900000e-04  1.56125530e-07 
 3.49000000e-04  1.56049293e-07 
 3.49100000e-04  1.69546892e-07 
 3.49200000e-04  1.69325861e-07 
 3.49300000e-04  1.69248188e-07 
 3.49400000e-04  1.69180557e-07 
 3.49500000e-04  1.69131519e-07 
 3.49600000e-04  1.55332526e-07 
 3.49700000e-04  1.54891425e-07 
 3.49800000e-04  1.54666394e-07 
 3.49900000e-04  1.54501843e-07 
 3.50000000e-04  1.54399608e-07 
 3.50100000e-04  1.71448168e-07 
 3.50200000e-04  1.71051105e-07 
 3.50300000e-04  1.70915010e-07 
 3.50400000e-04  1.70796244e-07 
 3.50500000e-04  1.70745643e-07 
 3.50600000e-04  1.60747378e-07 
 3.50700000e-04  1.60368650e-07 
 3.50800000e-04  1.60177272e-07 
 3.50900000e-04  1.60057008e-07 
 3.51000000e-04  1.60010027e-07 
 3.51100000e-04  1.69130964e-07 
 3.51200000e-04  1.68831006e-07 
 3.51300000e-04  1.68722500e-07 
 3.51400000e-04  1.68626357e-07 
 3.51500000e-04  1.68608768e-07 
 3.51600000e-04  1.54872206e-07 
 3.51700000e-04  1.54375899e-07 
 3.51800000e-04  1.54117036e-07 
 3.51900000e-04  1.53924639e-07 
 3.52000000e-04  1.53800730e-07 
 3.52100000e-04  1.69808896e-07 
 3.52200000e-04  1.69603435e-07 
 3.52300000e-04  1.69520561e-07 
 3.52400000e-04  1.69446835e-07 
 3.52500000e-04  1.69407590e-07 
 3.52600000e-04  1.56831051e-07 
 3.52700000e-04  1.56468041e-07 
 3.52800000e-04  1.56272128e-07 
 3.52900000e-04  1.56130569e-07 
 3.53000000e-04  1.56044997e-07 
 3.53100000e-04  1.69558143e-07 
 3.53200000e-04  1.69323315e-07 
 3.53300000e-04  1.69242741e-07 
 3.53400000e-04  1.69173274e-07 
 3.53500000e-04  1.69152740e-07 
 3.53600000e-04  1.55315871e-07 
 3.53700000e-04  1.54917508e-07 
 3.53800000e-04  1.54683504e-07 
 3.53900000e-04  1.54509966e-07 
 3.54000000e-04  1.54398727e-07 
 3.54100000e-04  1.70931351e-07 
 3.54200000e-04  1.70624097e-07 
 3.54300000e-04  1.70517195e-07 
 3.54400000e-04  1.70424339e-07 
 3.54500000e-04  1.70379306e-07 
 3.54600000e-04  1.59078744e-07 
 3.54700000e-04  1.58707543e-07 
 3.54800000e-04  1.58522554e-07 
 3.54900000e-04  1.58395203e-07 
 3.55000000e-04  1.58327229e-07 
 3.55100000e-04  1.69629925e-07 
 3.55200000e-04  1.69380135e-07 
 3.55300000e-04  1.69283860e-07 
 3.55400000e-04  1.69197257e-07 
 3.55500000e-04  1.69163647e-07 
 3.55600000e-04  1.55375787e-07 
 3.55700000e-04  1.54933544e-07 
 3.55800000e-04  1.54692440e-07 
 3.55900000e-04  1.54513939e-07 
 3.56000000e-04  1.54399938e-07 
 3.56100000e-04  1.70398192e-07 
 3.56200000e-04  1.70211092e-07 
 3.56300000e-04  1.70133040e-07 
 3.56400000e-04  1.70062584e-07 
 3.56500000e-04  1.70026761e-07 
 3.56600000e-04  1.57414502e-07 
 3.56700000e-04  1.57040325e-07 
 3.56800000e-04  1.56861160e-07 
 3.56900000e-04  1.56728622e-07 
 3.57000000e-04  1.56644099e-07 
 3.57100000e-04  1.70179253e-07 
 3.57200000e-04  1.69934848e-07 
 3.57300000e-04  1.69858858e-07 
 3.57400000e-04  1.69795411e-07 
 3.57500000e-04  1.69770778e-07 
 3.57600000e-04  1.55907994e-07 
 3.57700000e-04  1.55505059e-07 
 3.57800000e-04  1.55276310e-07 
 3.57900000e-04  1.55103757e-07 
 3.58000000e-04  1.54989090e-07 
 3.58100000e-04  1.73135202e-07 
 3.58200000e-04  1.72524621e-07 
 3.58300000e-04  1.72328958e-07 
 3.58400000e-04  1.72160197e-07 
 3.58500000e-04  1.72082659e-07 
 3.58600000e-04  1.64668683e-07 
 3.58700000e-04  1.64295684e-07 
 3.58800000e-04  1.64111009e-07 
 3.58900000e-04  1.64004419e-07 
 3.59000000e-04  1.63978294e-07 
 3.59100000e-04  1.69434990e-07 
 3.59200000e-04  1.68633274e-07 
 3.59300000e-04  1.68391478e-07 
 3.59400000e-04  1.68187531e-07 
 3.59500000e-04  1.68106719e-07 
 3.59600000e-04  1.54448106e-07 
 3.59700000e-04  1.53864233e-07 
 3.59800000e-04  1.53592153e-07 
 3.59900000e-04  1.53383288e-07 
 3.60000000e-04  1.53239551e-07 
 3.60100000e-04  1.69231063e-07 
 3.60200000e-04  1.69048274e-07 
 3.60300000e-04  1.68952932e-07 
 3.60400000e-04  1.68863699e-07 
 3.60500000e-04  1.68822889e-07 
 3.60600000e-04  1.56261825e-07 
 3.60700000e-04  1.55892227e-07 
 3.60800000e-04  1.55703388e-07 
 3.60900000e-04  1.55563627e-07 
 3.61000000e-04  1.55474405e-07 
 3.61100000e-04  1.68951640e-07 
 3.61200000e-04  1.68729657e-07 
 3.61300000e-04  1.68650401e-07 
 3.61400000e-04  1.68581410e-07 
 3.61500000e-04  1.68554581e-07 
 3.61600000e-04  1.54740546e-07 
 3.61700000e-04  1.54319143e-07 
 3.61800000e-04  1.54096463e-07 
 3.61900000e-04  1.53925352e-07 
 3.62000000e-04  1.53807349e-07 
 3.62100000e-04  1.70322123e-07 
 3.62200000e-04  1.70027805e-07 
 3.62300000e-04  1.69919707e-07 
 3.62400000e-04  1.69824669e-07 
 3.62500000e-04  1.69765797e-07 
 3.62600000e-04  1.58518694e-07 
 3.62700000e-04  1.58137467e-07 
 3.62800000e-04  1.57935730e-07 
 3.62900000e-04  1.57796928e-07 
 3.63000000e-04  1.57722962e-07 
 3.63100000e-04  1.69017656e-07 
 3.63200000e-04  1.68752487e-07 
 3.63300000e-04  1.68666156e-07 
 3.63400000e-04  1.68592066e-07 
 3.63500000e-04  1.68566259e-07 
 3.63600000e-04  1.54785816e-07 
 3.63700000e-04  1.54346470e-07 
 3.63800000e-04  1.54099076e-07 
 3.63900000e-04  1.53917159e-07 
 3.64000000e-04  1.53802697e-07 
 3.64100000e-04  1.69784093e-07 
 3.64200000e-04  1.69609186e-07 
 3.64300000e-04  1.69518659e-07 
 3.64400000e-04  1.69433656e-07 
 3.64500000e-04  1.69402588e-07 
 3.64600000e-04  1.56827700e-07 
 3.64700000e-04  1.56462598e-07 
 3.64800000e-04  1.56259622e-07 
 3.64900000e-04  1.56124855e-07 
 3.65000000e-04  1.56060363e-07 
 3.65100000e-04  1.69558228e-07 
 3.65200000e-04  1.69321236e-07 
 3.65300000e-04  1.69236152e-07 
 3.65400000e-04  1.69162247e-07 
 3.65500000e-04  1.69143833e-07 
 3.65600000e-04  1.55331095e-07 
 3.65700000e-04  1.54896370e-07 
 3.65800000e-04  1.54668745e-07 
 3.65900000e-04  1.54497628e-07 
 3.66000000e-04  1.54384708e-07 
 3.66100000e-04  1.71451955e-07 
 3.66200000e-04  1.71050526e-07 
 3.66300000e-04  1.70915114e-07 
 3.66400000e-04  1.70797382e-07 
 3.66500000e-04  1.70733173e-07 
 3.66600000e-04  1.60742012e-07 
 3.66700000e-04  1.60379352e-07 
 3.66800000e-04  1.60191759e-07 
 3.66900000e-04  1.60069351e-07 
 3.67000000e-04  1.60014094e-07 
 3.67100000e-04  1.69143504e-07 
 3.67200000e-04  1.68844920e-07 
 3.67300000e-04  1.68740187e-07 
 3.67400000e-04  1.68648422e-07 
 3.67500000e-04  1.68605118e-07 
 3.67600000e-04  1.54871005e-07 
 3.67700000e-04  1.54351505e-07 
 3.67800000e-04  1.54104362e-07 
 3.67900000e-04  1.53919687e-07 
 3.68000000e-04  1.53799359e-07 
 3.68100000e-04  1.69809967e-07 
 3.68200000e-04  1.69629672e-07 
 3.68300000e-04  1.69544166e-07 
 3.68400000e-04  1.69465204e-07 
 3.68500000e-04  1.69422907e-07 
 3.68600000e-04  1.56851104e-07 
 3.68700000e-04  1.56461481e-07 
 3.68800000e-04  1.56264110e-07 
 3.68900000e-04  1.56131310e-07 
 3.69000000e-04  1.56065026e-07 
 3.69100000e-04  1.69548784e-07 
 3.69200000e-04  1.69329618e-07 
 3.69300000e-04  1.69246859e-07 
 3.69400000e-04  1.69173592e-07 
 3.69500000e-04  1.69143603e-07 
 3.69600000e-04  1.55335137e-07 
 3.69700000e-04  1.54913575e-07 
 3.69800000e-04  1.54679198e-07 
 3.69900000e-04  1.54504264e-07 
 3.70000000e-04  1.54390554e-07 
 3.70100000e-04  1.70943752e-07 
 3.70200000e-04  1.70641400e-07 
 3.70300000e-04  1.70528942e-07 
 3.70400000e-04  1.70429971e-07 
 3.70500000e-04  1.70378694e-07 
 3.70600000e-04  1.59083491e-07 
 3.70700000e-04  1.58722103e-07 
 3.70800000e-04  1.58532719e-07 
 3.70900000e-04  1.58402284e-07 
 3.71000000e-04  1.58332561e-07 
 3.71100000e-04  1.69631457e-07 
 3.71200000e-04  1.69371845e-07 
 3.71300000e-04  1.69286658e-07 
 3.71400000e-04  1.69213016e-07 
 3.71500000e-04  1.69162900e-07 
 3.71600000e-04  1.55383275e-07 
 3.71700000e-04  1.54931143e-07 
 3.71800000e-04  1.54684522e-07 
 3.71900000e-04  1.54505682e-07 
 3.72000000e-04  1.54396666e-07 
 3.72100000e-04  1.70415777e-07 
 3.72200000e-04  1.70228061e-07 
 3.72300000e-04  1.70143011e-07 
 3.72400000e-04  1.70065338e-07 
 3.72500000e-04  1.70009238e-07 
 3.72600000e-04  1.57430730e-07 
 3.72700000e-04  1.57057799e-07 
 3.72800000e-04  1.56865868e-07 
 3.72900000e-04  1.56728195e-07 
 3.73000000e-04  1.56646392e-07 
 3.73100000e-04  1.70169020e-07 
 3.73200000e-04  1.69938428e-07 
 3.73300000e-04  1.69860380e-07 
 3.73400000e-04  1.69793422e-07 
 3.73500000e-04  1.69752617e-07 
 3.73600000e-04  1.55923107e-07 
 3.73700000e-04  1.55482230e-07 
 3.73800000e-04  1.55259127e-07 
 3.73900000e-04  1.55090018e-07 
 3.74000000e-04  1.54976508e-07 
 3.74100000e-04  1.72608055e-07 
 3.74200000e-04  1.72093957e-07 
 3.74300000e-04  1.71931049e-07 
 3.74400000e-04  1.71791504e-07 
 3.74500000e-04  1.71718810e-07 
 3.74600000e-04  1.62992308e-07 
 3.74700000e-04  1.62622712e-07 
 3.74800000e-04  1.62440659e-07 
 3.74900000e-04  1.62329226e-07 
 3.75000000e-04  1.62290542e-07 
 3.75100000e-04  1.69423585e-07 
 3.75200000e-04  1.69029589e-07 
 3.75300000e-04  1.68879682e-07 
 3.75400000e-04  1.68746253e-07 
 3.75500000e-04  1.68677553e-07 
 3.75600000e-04  1.54976108e-07 
 3.75700000e-04  1.54411668e-07 
 3.75800000e-04  1.54159947e-07 
 3.75900000e-04  1.53971268e-07 
 3.76000000e-04  1.53847518e-07 
 3.76100000e-04  1.69840812e-07 
 3.76200000e-04  1.69642310e-07 
 3.76300000e-04  1.69550661e-07 
 3.76400000e-04  1.69466744e-07 
 3.76500000e-04  1.69418476e-07 
 3.76600000e-04  1.56858666e-07 
 3.76700000e-04  1.56481314e-07 
 3.76800000e-04  1.56286931e-07 
 3.76900000e-04  1.56152177e-07 
 3.77000000e-04  1.56078835e-07 
 3.77100000e-04  1.69584701e-07 
 3.77200000e-04  1.69341729e-07 
 3.77300000e-04  1.69254405e-07 
 3.77400000e-04  1.69178621e-07 
 3.77500000e-04  1.69147774e-07 
 3.77600000e-04  1.55332635e-07 
 3.77700000e-04  1.54902691e-07 
 3.77800000e-04  1.54679996e-07 
 3.77900000e-04  1.54512701e-07 
 3.78000000e-04  1.54402452e-07 
 3.78100000e-04  1.70936017e-07 
 3.78200000e-04  1.70642946e-07 
 3.78300000e-04  1.70531425e-07 
 3.78400000e-04  1.70432183e-07 
 3.78500000e-04  1.70381608e-07 
 3.78600000e-04  1.59085933e-07 
 3.78700000e-04  1.58724555e-07 
 3.78800000e-04  1.58526880e-07 
 3.78900000e-04  1.58395752e-07 
 3.79000000e-04  1.58333171e-07 
 3.79100000e-04  1.69633372e-07 
 3.79200000e-04  1.69371208e-07 
 3.79300000e-04  1.69279179e-07 
 3.79400000e-04  1.69198470e-07 
 3.79500000e-04  1.69179345e-07 
 3.79600000e-04  1.55391764e-07 
 3.79700000e-04  1.54915020e-07 
 3.79800000e-04  1.54690843e-07 
 3.79900000e-04  1.54520911e-07 
 3.80000000e-04  1.54406834e-07 
 3.80100000e-04  1.70418254e-07 
 3.80200000e-04  1.70218153e-07 
 3.80300000e-04  1.70133441e-07 
 3.80400000e-04  1.70057506e-07 
 3.80500000e-04  1.70023094e-07 
 3.80600000e-04  1.57412907e-07 
 3.80700000e-04  1.57062168e-07 
 3.80800000e-04  1.56860115e-07 
 3.80900000e-04  1.56716312e-07 
 3.81000000e-04  1.56632494e-07 
 3.81100000e-04  1.70168764e-07 
 3.81200000e-04  1.69946850e-07 
 3.81300000e-04  1.69866719e-07 
 3.81400000e-04  1.69796356e-07 
 3.81500000e-04  1.69752664e-07 
 3.81600000e-04  1.55919644e-07 
 3.81700000e-04  1.55489602e-07 
 3.81800000e-04  1.55268354e-07 
 3.81900000e-04  1.55096434e-07 
 3.82000000e-04  1.54975289e-07 
 3.82100000e-04  1.72080989e-07 
 3.82200000e-04  1.71687765e-07 
 3.82300000e-04  1.71544982e-07 
 3.82400000e-04  1.71418160e-07 
 3.82500000e-04  1.71355353e-07 
 3.82600000e-04  1.61331942e-07 
 3.82700000e-04  1.60964373e-07 
 3.82800000e-04  1.60788656e-07 
 3.82900000e-04  1.60666993e-07 
 3.83000000e-04  1.60600985e-07 
 3.83100000e-04  1.69763139e-07 
 3.83200000e-04  1.69458926e-07 
 3.83300000e-04  1.69350276e-07 
 3.83400000e-04  1.69254583e-07 
 3.83500000e-04  1.69217086e-07 
 3.83600000e-04  1.55453476e-07 
 3.83700000e-04  1.54947594e-07 
 3.83800000e-04  1.54707469e-07 
 3.83900000e-04  1.54526443e-07 
 3.84000000e-04  1.54406274e-07 
 3.84100000e-04  1.70423213e-07 
 3.84200000e-04  1.70245417e-07 
 3.84300000e-04  1.70158891e-07 
 3.84400000e-04  1.70078280e-07 
 3.84500000e-04  1.70031240e-07 
 3.84600000e-04  1.57438587e-07 
 3.84700000e-04  1.57052891e-07 
 3.84800000e-04  1.56860687e-07 
 3.84900000e-04  1.56726798e-07 
 3.85000000e-04  1.56652961e-07 
 3.85100000e-04  1.70174714e-07 
 3.85200000e-04  1.69957124e-07 
 3.85300000e-04  1.69868876e-07 
 3.85400000e-04  1.69789144e-07 
 3.85500000e-04  1.69760846e-07 
 3.85600000e-04  1.55925555e-07 
 3.85700000e-04  1.55493769e-07 
 3.85800000e-04  1.55281768e-07 
 3.85900000e-04  1.55117163e-07 
 3.86000000e-04  1.55001334e-07 
 3.86100000e-04  1.71552501e-07 
 3.86200000e-04  1.71267565e-07 
 3.86300000e-04  1.71148523e-07 
 3.86400000e-04  1.71040286e-07 
 3.86500000e-04  1.71004613e-07 
 3.86600000e-04  1.59670334e-07 
 3.86700000e-04  1.59296294e-07 
 3.86800000e-04  1.59118823e-07 
 3.86900000e-04  1.58993164e-07 
 3.87000000e-04  1.58920843e-07 
 3.87100000e-04  1.70262907e-07 
 3.87200000e-04  1.69991072e-07 
 3.87300000e-04  1.69900423e-07 
 3.87400000e-04  1.69822280e-07 
 3.87500000e-04  1.69786302e-07 
 3.87600000e-04  1.55975597e-07 
 3.87700000e-04  1.55514138e-07 
 3.87800000e-04  1.55282957e-07 
 3.87900000e-04  1.55102413e-07 
 3.88000000e-04  1.54973989e-07 
 3.88100000e-04  1.71029801e-07 
 3.88200000e-04  1.70842582e-07 
 3.88300000e-04  1.70756023e-07 
 3.88400000e-04  1.70676493e-07 
 3.88500000e-04  1.70626368e-07 
 3.88600000e-04  1.58012906e-07 
 3.88700000e-04  1.57637778e-07 
 3.88800000e-04  1.57443962e-07 
 3.88900000e-04  1.57309443e-07 
 3.89000000e-04  1.57235982e-07 
 3.89100000e-04  1.70804893e-07 
 3.89200000e-04  1.70571390e-07 
 3.89300000e-04  1.70487196e-07 
 3.89400000e-04  1.70414036e-07 
 3.89500000e-04  1.70379175e-07 
 3.89600000e-04  1.56504277e-07 
 3.89700000e-04  1.56082195e-07 
 3.89800000e-04  1.55853863e-07 
 3.89900000e-04  1.55686434e-07 
 3.90000000e-04  1.55581716e-07 
 3.90100000e-04  1.74835034e-07 
 3.90200000e-04  1.73990082e-07 
 3.90300000e-04  1.73736287e-07 
 3.90400000e-04  1.73521688e-07 
 3.90500000e-04  1.73423367e-07 
 3.90600000e-04  1.68569802e-07 
 3.90700000e-04  1.68198084e-07 
 3.90800000e-04  1.68028535e-07 
 3.90900000e-04  1.67936242e-07 
 3.91000000e-04  1.67923528e-07 
 3.91100000e-04  1.69025638e-07 
 3.91200000e-04  1.68061649e-07 
 3.91300000e-04  1.67801775e-07 
 3.91400000e-04  1.67586078e-07 
 3.91500000e-04  1.67492046e-07 
 3.91600000e-04  1.53956624e-07 
 3.91700000e-04  1.53259512e-07 
 3.91800000e-04  1.52985796e-07 
 3.91900000e-04  1.52781146e-07 
 3.92000000e-04  1.52647626e-07 
 3.92100000e-04  1.68605588e-07 
 3.92200000e-04  1.68427342e-07 
 3.92300000e-04  1.68336605e-07 
 3.92400000e-04  1.68251898e-07 
 3.92500000e-04  1.68212117e-07 
 3.92600000e-04  1.55679653e-07 
 3.92700000e-04  1.55309466e-07 
 3.92800000e-04  1.55100267e-07 
 3.92900000e-04  1.54960687e-07 
 3.93000000e-04  1.54892804e-07 
 3.93100000e-04  1.68324284e-07 
 3.93200000e-04  1.68106771e-07 
 3.93300000e-04  1.68026527e-07 
 3.93400000e-04  1.67955797e-07 
 3.93500000e-04  1.67921496e-07 
 3.93600000e-04  1.54152859e-07 
 3.93700000e-04  1.53731747e-07 
 3.93800000e-04  1.53502096e-07 
 3.93900000e-04  1.53325263e-07 
 3.94000000e-04  1.53202794e-07 
 3.94100000e-04  1.69702018e-07 
 3.94200000e-04  1.69400788e-07 
 3.94300000e-04  1.69293987e-07 
 3.94400000e-04  1.69200883e-07 
 3.94500000e-04  1.69148017e-07 
 3.94600000e-04  1.57916942e-07 
 3.94700000e-04  1.57550393e-07 
 3.94800000e-04  1.57353566e-07 
 3.94900000e-04  1.57218297e-07 
 3.95000000e-04  1.57146410e-07 
 3.95100000e-04  1.68383486e-07 
 3.95200000e-04  1.68129371e-07 
 3.95300000e-04  1.68040477e-07 
 3.95400000e-04  1.67962572e-07 
 3.95500000e-04  1.67937181e-07 
 3.95600000e-04  1.54196309e-07 
 3.95700000e-04  1.53754979e-07 
 3.95800000e-04  1.53512017e-07 
 3.95900000e-04  1.53327747e-07 
 3.96000000e-04  1.53203908e-07 
 3.96100000e-04  1.69152767e-07 
 3.96200000e-04  1.68970673e-07 
 3.96300000e-04  1.68895451e-07 
 3.96400000e-04  1.68827929e-07 
 3.96500000e-04  1.68784769e-07 
 3.96600000e-04  1.56238852e-07 
 3.96700000e-04  1.55866301e-07 
 3.96800000e-04  1.55670292e-07 
 3.96900000e-04  1.55530449e-07 
 3.97000000e-04  1.55448427e-07 
 3.97100000e-04  1.68926777e-07 
 3.97200000e-04  1.68693332e-07 
 3.97300000e-04  1.68616439e-07 
 3.97400000e-04  1.68551193e-07 
 3.97500000e-04  1.68513078e-07 
 3.97600000e-04  1.54741514e-07 
 3.97700000e-04  1.54321952e-07 
 3.97800000e-04  1.54076006e-07 
 3.97900000e-04  1.53894934e-07 
 3.98000000e-04  1.53780665e-07 
 3.98100000e-04  1.70835807e-07 
 3.98200000e-04  1.70431954e-07 
 3.98300000e-04  1.70294082e-07 
 3.98400000e-04  1.70174132e-07 
 3.98500000e-04  1.70120806e-07 
 3.98600000e-04  1.60163469e-07 
 3.98700000e-04  1.59781034e-07 
 3.98800000e-04  1.59598748e-07 
 3.98900000e-04  1.59476193e-07 
 3.99000000e-04  1.59415135e-07 
 3.99100000e-04  1.68498513e-07 
 3.99200000e-04  1.68213032e-07 
 3.99300000e-04  1.68114307e-07 
 3.99400000e-04  1.68027730e-07 
 3.99500000e-04  1.67973526e-07 
 3.99600000e-04  1.54269735e-07 
 3.99700000e-04  1.53770538e-07 
 3.99800000e-04  1.53525360e-07 
 3.99900000e-04  1.53338959e-07 
 4.00000000e-04  1.53213065e-07 
 4.00100000e-04  1.69174724e-07 
 4.00200000e-04  1.68998600e-07 
 4.00300000e-04  1.68914213e-07 
 4.00400000e-04  1.68836091e-07 
 4.00500000e-04  1.68798995e-07 
 4.00600000e-04  1.56250167e-07 
 4.00700000e-04  1.55867236e-07 
 4.00800000e-04  1.55672979e-07 
 4.00900000e-04  1.55533112e-07 
 4.01000000e-04  1.55449232e-07 
 4.01100000e-04  1.68925661e-07 
 4.01200000e-04  1.68700220e-07 
 4.01300000e-04  1.68625665e-07 
 4.01400000e-04  1.68562185e-07 
 4.01500000e-04  1.68538884e-07 
 4.01600000e-04  1.54736054e-07 
 4.01700000e-04  1.54302835e-07 
 4.01800000e-04  1.54084857e-07 
 4.01900000e-04  1.53914017e-07 
 4.02000000e-04  1.53791678e-07 
 4.02100000e-04  1.70295646e-07 
 4.02200000e-04  1.70016889e-07 
 4.02300000e-04  1.69907432e-07 
 4.02400000e-04  1.69808742e-07 
 4.02500000e-04  1.69769422e-07 
 4.02600000e-04  1.58507723e-07 
 4.02700000e-04  1.58108167e-07 
 4.02800000e-04  1.57923115e-07 
 4.02900000e-04  1.57792600e-07 
 4.03000000e-04  1.57718210e-07 
 4.03100000e-04  1.69012763e-07 
 4.03200000e-04  1.68753102e-07 
 4.03300000e-04  1.68663245e-07 
 4.03400000e-04  1.68584720e-07 
 4.03500000e-04  1.68548766e-07 
 4.03600000e-04  1.54788227e-07 
 4.03700000e-04  1.54342054e-07 
 4.03800000e-04  1.54092876e-07 
 4.03900000e-04  1.53911048e-07 
 4.04000000e-04  1.53798569e-07 
 4.04100000e-04  1.69772872e-07 
 4.04200000e-04  1.69594366e-07 
 4.04300000e-04  1.69514885e-07 
 4.04400000e-04  1.69442211e-07 
 4.04500000e-04  1.69405523e-07 
 4.04600000e-04  1.56828627e-07 
 4.04700000e-04  1.56460260e-07 
 4.04800000e-04  1.56263601e-07 
 4.04900000e-04  1.56124833e-07 
 4.05000000e-04  1.56045651e-07 
 4.05100000e-04  1.69549024e-07 
 4.05200000e-04  1.69320901e-07 
 4.05300000e-04  1.69241768e-07 
 4.05400000e-04  1.69173607e-07 
 4.05500000e-04  1.69133000e-07 
 4.05600000e-04  1.55326576e-07 
 4.05700000e-04  1.54907924e-07 
 4.05800000e-04  1.54670854e-07 
 4.05900000e-04  1.54494029e-07 
 4.06000000e-04  1.54379222e-07 
 4.06100000e-04  1.71982631e-07 
 4.06200000e-04  1.71475514e-07 
 4.06300000e-04  1.71306529e-07 
 4.06400000e-04  1.71160008e-07 
 4.06500000e-04  1.71101773e-07 
 4.06600000e-04  1.62408818e-07 
 4.06700000e-04  1.62024385e-07 
 4.06800000e-04  1.61841929e-07 
 4.06900000e-04  1.61731995e-07 
 4.07000000e-04  1.61696743e-07 
 4.07100000e-04  1.68791880e-07 
 4.07200000e-04  1.68398346e-07 
 4.07300000e-04  1.68255555e-07 
 4.07400000e-04  1.68129829e-07 
 4.07500000e-04  1.68069564e-07 
 4.07600000e-04  1.54372131e-07 
 4.07700000e-04  1.53821611e-07 
 4.07800000e-04  1.53558002e-07 
 4.07900000e-04  1.53364888e-07 
 4.08000000e-04  1.53244365e-07 
 4.08100000e-04  1.69212262e-07 
 4.08200000e-04  1.69019378e-07 
 4.08300000e-04  1.68936368e-07 
 4.08400000e-04  1.68861234e-07 
 4.08500000e-04  1.68799191e-07 
 4.08600000e-04  1.56253442e-07 
 4.08700000e-04  1.55891937e-07 
 4.08800000e-04  1.55689253e-07 
 4.08900000e-04  1.55549877e-07 
 4.09000000e-04  1.55475679e-07 
 4.09100000e-04  1.68936826e-07 
 4.09200000e-04  1.68714799e-07 
 4.09300000e-04  1.68631643e-07 
 4.09400000e-04  1.68557856e-07 
 4.09500000e-04  1.68527830e-07 
 4.09600000e-04  1.54733438e-07 
 4.09700000e-04  1.54309313e-07 
 4.09800000e-04  1.54086819e-07 
 4.09900000e-04  1.53915947e-07 
 4.10000000e-04  1.53798190e-07 
 4.10100000e-04  1.70316985e-07 
 4.10200000e-04  1.70023644e-07 
 4.10300000e-04  1.69913480e-07 
 4.10400000e-04  1.69815955e-07 
 4.10500000e-04  1.69767174e-07 
 4.10600000e-04  1.58509263e-07 
 4.10700000e-04  1.58119281e-07 
 4.10800000e-04  1.57933772e-07 
 4.10900000e-04  1.57800467e-07 
 4.11000000e-04  1.57720876e-07 
 4.11100000e-04  1.69008814e-07 
 4.11200000e-04  1.68742458e-07 
 4.11300000e-04  1.68658353e-07 
 4.11400000e-04  1.68586632e-07 
 4.11500000e-04  1.68555168e-07 
 4.11600000e-04  1.54795417e-07 
 4.11700000e-04  1.54340199e-07 
 4.11800000e-04  1.54100390e-07 
 4.11900000e-04  1.53919916e-07 
 4.12000000e-04  1.53800514e-07 
 4.12100000e-04  1.69780621e-07 
 4.12200000e-04  1.69593663e-07 
 4.12300000e-04  1.69507555e-07 
 4.12400000e-04  1.69428456e-07 
 4.12500000e-04  1.69392396e-07 
 4.12600000e-04  1.56830677e-07 
 4.12700000e-04  1.56457900e-07 
 4.12800000e-04  1.56264988e-07 
 4.12900000e-04  1.56124600e-07 
 4.13000000e-04  1.56038105e-07 
 4.13100000e-04  1.71286347e-07 
 4.13200000e-04  1.70806181e-07 
 4.13300000e-04  1.70608845e-07 
 4.13400000e-04  1.70529529e-07 
 4.13500000e-04  1.70488348e-07 
 4.13600000e-04  1.56188781e-07 
 4.13700000e-04  1.55589292e-07 
 4.13800000e-04  1.55334697e-07 
 4.13900000e-04  1.55146780e-07 
 4.14000000e-04  1.55026818e-07 
 4.14100000e-04  1.03758394e-04 
 4.14200000e-04  1.03757782e-04 
 4.14300000e-04  1.03757600e-04 
 4.14400000e-04  1.03757446e-04 
 4.14500000e-04  1.03757396e-04 
 4.14600000e-04  1.03747416e-04 
 4.14700000e-04  1.03747008e-04 
 4.14800000e-04  1.03746823e-04 
 4.14900000e-04  1.03746695e-04 
 4.15000000e-04  1.03746625e-04 
 4.15100000e-04  1.70289752e-07 
 4.15200000e-04  1.69941914e-07 
 4.15300000e-04  1.69830248e-07 
 4.15400000e-04  1.69734516e-07 
 4.15500000e-04  1.69682879e-07 
 4.15600000e-04  1.55961063e-07 
 4.15700000e-04  1.55433990e-07 
 4.15800000e-04  1.55201202e-07 
 4.15900000e-04  1.55023713e-07 
 4.16000000e-04  1.54903123e-07 
 4.16100000e-04  1.70958749e-07 
 4.16200000e-04  1.70760261e-07 
 4.16300000e-04  1.70670632e-07 
 4.16400000e-04  1.70588998e-07 
 4.16500000e-04  1.70545121e-07 
 4.16600000e-04  1.57926693e-07 
 4.16700000e-04  1.57549204e-07 
 4.16800000e-04  1.57365871e-07 
 4.16900000e-04  1.57228118e-07 
 4.17000000e-04  1.57137240e-07 
 4.17100000e-04  1.70700626e-07 
 4.17200000e-04  1.70462705e-07 
 4.17300000e-04  1.70389027e-07 
 4.17400000e-04  1.70327177e-07 
 4.17500000e-04  1.70285773e-07 
 4.17600000e-04  1.56397807e-07 
 4.17700000e-04  1.55985893e-07 
 4.17800000e-04  1.55765336e-07 
 4.17900000e-04  1.55598514e-07 
 4.18000000e-04  1.55486976e-07 
 4.18100000e-04  1.72079886e-07 
 4.18200000e-04  1.71779887e-07 
 4.18300000e-04  1.71665185e-07 
 4.18400000e-04  1.71562915e-07 
 4.18500000e-04  1.71505684e-07 
 4.18600000e-04  1.60169172e-07 
 4.18700000e-04  1.59804405e-07 
 4.18800000e-04  1.59616057e-07 
 4.18900000e-04  1.59486565e-07 
 4.19000000e-04  1.59417645e-07 
 4.19100000e-04  1.70783539e-07 
 4.19200000e-04  1.70512750e-07 
 4.19300000e-04  1.70424167e-07 
 4.19400000e-04  1.70347767e-07 
 4.19500000e-04  1.70306485e-07 
 4.19600000e-04  1.56443320e-07 
 4.19700000e-04  1.56002161e-07 
 4.19800000e-04  1.55775627e-07 
 4.19900000e-04  1.55603217e-07 
 4.20000000e-04  1.55486493e-07 
 4.20100000e-04  1.71550159e-07 
 4.20200000e-04  1.71362624e-07 
 4.20300000e-04  1.71274425e-07 
 4.20400000e-04  1.71193058e-07 
 4.20500000e-04  1.71149672e-07 
 4.20600000e-04  1.58479252e-07 
 4.20700000e-04  1.58139453e-07 
 4.20800000e-04  1.57943983e-07 
 4.20900000e-04  1.57804230e-07 
 4.21000000e-04  1.57721811e-07 
 4.21100000e-04  1.71329061e-07 
 4.21200000e-04  1.71085372e-07 
 4.21300000e-04  1.70999044e-07 
 4.21400000e-04  1.70924532e-07 
 4.21500000e-04  1.70892425e-07 
 4.21600000e-04  1.56975377e-07 
 4.21700000e-04  1.56567905e-07 
 4.21800000e-04  1.56343081e-07 
 4.21900000e-04  1.56171633e-07 
 4.22000000e-04  1.56055098e-07 
 4.22100000e-04  1.74299782e-07 
 4.22200000e-04  1.73656047e-07 
 4.22300000e-04  1.73452585e-07 
 4.22400000e-04  1.73278991e-07 
 4.22500000e-04  1.73203304e-07 
 4.22600000e-04  1.65738398e-07 
 4.22700000e-04  1.65370050e-07 
 4.22800000e-04  1.65183728e-07 
 4.22900000e-04  1.65075639e-07 
 4.23000000e-04  1.65048117e-07 
 4.23100000e-04  1.70566812e-07 
 4.23200000e-04  1.69772849e-07 
 4.23300000e-04  1.69535265e-07 
 4.23400000e-04  1.69335273e-07 
 4.23500000e-04  1.69238564e-07 
 4.23600000e-04  1.55504578e-07 
 4.23700000e-04  1.54927331e-07 
 4.23800000e-04  1.54663273e-07 
 4.23900000e-04  1.54462415e-07 
 4.24000000e-04  1.54326599e-07 
 4.24100000e-04  1.70377514e-07 
 4.24200000e-04  1.70173687e-07 
 4.24300000e-04  1.70078444e-07 
 4.24400000e-04  1.69991386e-07 
 4.24500000e-04  1.69958743e-07 
 4.24600000e-04  1.57327757e-07 
 4.24700000e-04  1.56960006e-07 
 4.24800000e-04  1.56775835e-07 
 4.24900000e-04  1.56641584e-07 
 4.25000000e-04  1.56558684e-07 
 4.25100000e-04  1.70088126e-07 
 4.25200000e-04  1.69864783e-07 
 4.25300000e-04  1.69785929e-07 
 4.25400000e-04  1.69716966e-07 
 4.25500000e-04  1.69666174e-07 
 4.25600000e-04  1.55812998e-07 
 4.25700000e-04  1.55405530e-07 
 4.25800000e-04  1.55178154e-07 
 4.25900000e-04  1.55005759e-07 
 4.26000000e-04  1.54889936e-07 
 4.26100000e-04  1.71471512e-07 
 4.26200000e-04  1.71162456e-07 
 4.26300000e-04  1.71051279e-07 
 4.26400000e-04  1.70954157e-07 
 4.26500000e-04  1.70887934e-07 
 4.26600000e-04  1.59552134e-07 
 4.26700000e-04  1.59204594e-07 
 4.26800000e-04  1.59017712e-07 
 4.26900000e-04  1.58888468e-07 
 4.27000000e-04  1.58818530e-07 
 4.27100000e-04  1.70156474e-07 
 4.27200000e-04  1.69887399e-07 
 4.27300000e-04  1.69796279e-07 
 4.27400000e-04  1.69716971e-07 
 4.27500000e-04  1.69680094e-07 
 4.27600000e-04  1.55864228e-07 
 4.27700000e-04  1.55400710e-07 
 4.27800000e-04  1.55169076e-07 
 4.27900000e-04  1.54997588e-07 
 4.28000000e-04  1.54887996e-07 
 4.28100000e-04  1.70930101e-07 
 4.28200000e-04  1.70729063e-07 
 4.28300000e-04  1.70638275e-07 
 4.28400000e-04  1.70555781e-07 
 4.28500000e-04  1.70522376e-07 
 4.28600000e-04  1.57907953e-07 
 4.28700000e-04  1.57545481e-07 
 4.28800000e-04  1.57342648e-07 
 4.28900000e-04  1.57203983e-07 
 4.29000000e-04  1.57131360e-07 
 4.29100000e-04  1.70694265e-07 
 4.29200000e-04  1.70462535e-07 
 4.29300000e-04  1.70372892e-07 
 4.29400000e-04  1.70293381e-07 
 4.29500000e-04  1.70271027e-07 
 4.29600000e-04  1.56400366e-07 
 4.29700000e-04  1.55975204e-07 
 4.29800000e-04  1.55751455e-07 
 4.29900000e-04  1.55585183e-07 
 4.30000000e-04  1.55478052e-07 
 4.30100000e-04  1.72608582e-07 
 4.30200000e-04  1.72204045e-07 
 4.30300000e-04  1.72051148e-07 
 4.30400000e-04  1.71915290e-07 
 4.30500000e-04  1.71871704e-07 
 4.30600000e-04  1.61805762e-07 
 4.30700000e-04  1.61440674e-07 
 4.30800000e-04  1.61265090e-07 
 4.30900000e-04  1.61151006e-07 
 4.31000000e-04  1.61100207e-07 
 4.31100000e-04  1.70277678e-07 
 4.31200000e-04  1.69977587e-07 
 4.31300000e-04  1.69866943e-07 
 4.31400000e-04  1.69768343e-07 
 4.31500000e-04  1.69727670e-07 
 4.31600000e-04  1.55933659e-07 
 4.31700000e-04  1.55434080e-07 
 4.31800000e-04  1.55193984e-07 
 4.31900000e-04  1.55014454e-07 
 4.32000000e-04  1.54897247e-07 
 4.32100000e-04  1.70947503e-07 
 4.32200000e-04  1.70748047e-07 
 4.32300000e-04  1.70663439e-07 
 4.32400000e-04  1.70587287e-07 
 4.32500000e-04  1.70543900e-07 
 4.32600000e-04  1.57905510e-07 
 4.32700000e-04  1.57528079e-07 
 4.32800000e-04  1.57350237e-07 
 4.32900000e-04  1.57221421e-07 
 4.33000000e-04  1.57143024e-07 
 4.33100000e-04  1.70689513e-07 
 4.33200000e-04  1.70456140e-07 
 4.33300000e-04  1.70382220e-07 
 4.33400000e-04  1.70320086e-07 
 4.33500000e-04  1.70268862e-07 
 4.33600000e-04  1.56398291e-07 
 4.33700000e-04  1.55987441e-07 
 4.33800000e-04  1.55758672e-07 
 4.33900000e-04  1.55585121e-07 
 4.34000000e-04  1.55468207e-07 
 4.34100000e-04  1.74275384e-07 
 4.34200000e-04  1.73498398e-07 
 4.34300000e-04  1.73243905e-07 
 4.34400000e-04  1.73137555e-07 
 4.34500000e-04  1.73079073e-07 
 4.34600000e-04  1.61260933e-07 
 4.34700000e-04  1.60718828e-07 
 4.34800000e-04  1.60482610e-07 
 4.34900000e-04  1.60310707e-07 
 4.35000000e-04  1.60204326e-07 
 4.35100000e-04  1.03757712e-04 
 4.35200000e-04  1.03757247e-04 
 4.35300000e-04  1.03757114e-04 
 4.35400000e-04  1.03757003e-04 
 4.35500000e-04  1.03756962e-04 
 4.35600000e-04  1.03743111e-04 
 4.35700000e-04  1.03742649e-04 
 4.35800000e-04  1.03742418e-04 
 4.35900000e-04  1.03742239e-04 
 4.36000000e-04  1.03742114e-04 
 4.36100000e-04  1.72712287e-07 
 4.36200000e-04  1.72479810e-07 
 4.36300000e-04  1.72382080e-07 
 4.36400000e-04  1.72293841e-07 
 4.36500000e-04  1.72257947e-07 
 4.36600000e-04  1.59576754e-07 
 4.36700000e-04  1.59214241e-07 
 4.36800000e-04  1.59015770e-07 
 4.36900000e-04  1.58881182e-07 
 4.37000000e-04  1.58812338e-07 
 4.37100000e-04  1.72462567e-07 
 4.37200000e-04  1.72214179e-07 
 4.37300000e-04  1.72133388e-07 
 4.37400000e-04  1.72064984e-07 
 4.37500000e-04  1.72032213e-07 
 4.37600000e-04  1.58063338e-07 
 4.37700000e-04  1.57649418e-07 
 4.37800000e-04  1.57439964e-07 
 4.37900000e-04  1.57278318e-07 
 4.38000000e-04  1.57165829e-07 
 4.38100000e-04  1.74899068e-07 
 4.38200000e-04  1.74370672e-07 
 4.38300000e-04  1.74196876e-07 
 4.38400000e-04  1.74046922e-07 
 4.38500000e-04  1.73979340e-07 
 4.38600000e-04  1.65133851e-07 
 4.38700000e-04  1.64782495e-07 
 4.38800000e-04  1.64609419e-07 
 4.38900000e-04  1.64504304e-07 
 4.39000000e-04  1.64469139e-07 
 4.39100000e-04  1.71729756e-07 
 4.39200000e-04  1.71322653e-07 
 4.39300000e-04  1.71159168e-07 
 4.39400000e-04  1.71011891e-07 
 4.39500000e-04  1.70959950e-07 
 4.39600000e-04  1.57106079e-07 
 4.39700000e-04  1.56582230e-07 
 4.39800000e-04  1.56323365e-07 
 4.39900000e-04  1.56135123e-07 
 4.40000000e-04  1.56019571e-07 
 4.40100000e-04  1.72129528e-07 
 4.40200000e-04  1.71925389e-07 
 4.40300000e-04  1.71826079e-07 
 4.40400000e-04  1.71733937e-07 
 4.40500000e-04  1.71692423e-07 
 4.40600000e-04  1.58992055e-07 
 4.40700000e-04  1.58642442e-07 
 4.40800000e-04  1.58456437e-07 
 4.40900000e-04  1.58323345e-07 
 4.41000000e-04  1.58244671e-07 
 4.41100000e-04  1.71862052e-07 
 4.41200000e-04  1.71611656e-07 
 4.41300000e-04  1.71523156e-07 
 4.41400000e-04  1.71446551e-07 
 4.41500000e-04  1.71410577e-07 
 4.41600000e-04  1.57472172e-07 
 4.41700000e-04  1.57074130e-07 
 4.41800000e-04  1.56842009e-07 
 4.41900000e-04  1.56673451e-07 
 4.42000000e-04  1.56570298e-07 
 4.42100000e-04  1.73219957e-07 
 4.42200000e-04  1.72909939e-07 
 4.42300000e-04  1.72795700e-07 
 4.42400000e-04  1.72695173e-07 
 4.42500000e-04  1.72642490e-07 
 4.42600000e-04  1.61235418e-07 
 4.42700000e-04  1.60864256e-07 
 4.42800000e-04  1.60686010e-07 
 4.42900000e-04  1.60559838e-07 
 4.43000000e-04  1.60487215e-07 
 4.43100000e-04  1.71941274e-07 
 4.43200000e-04  1.71662745e-07 
 4.43300000e-04  1.71562397e-07 
 4.43400000e-04  1.71474438e-07 
 4.43500000e-04  1.71430733e-07 
 4.43600000e-04  1.57517709e-07 
 4.43700000e-04  1.57063768e-07 
 4.43800000e-04  1.56841456e-07 
 4.43900000e-04  1.56672659e-07 
 4.44000000e-04  1.56558897e-07 
 4.44100000e-04  1.72700679e-07 
 4.44200000e-04  1.72495822e-07 
 4.44300000e-04  1.72406412e-07 
 4.44400000e-04  1.72325192e-07 
 4.44500000e-04  1.72269280e-07 
 4.44600000e-04  1.59564751e-07 
 4.44700000e-04  1.59203477e-07 
 4.44800000e-04  1.59018663e-07 
 4.44900000e-04  1.58889341e-07 
 4.45000000e-04  1.58817095e-07 
 4.45100000e-04  1.72459687e-07 
 4.45200000e-04  1.72209368e-07 
 4.45300000e-04  1.72128428e-07 
 4.45400000e-04  1.72060428e-07 
 4.45500000e-04  1.72022229e-07 
 4.45600000e-04  1.58055684e-07 
 4.45700000e-04  1.57650397e-07 
 4.45800000e-04  1.57428733e-07 
 4.45900000e-04  1.57261450e-07 
 4.46000000e-04  1.57150097e-07 
 4.46100000e-04  1.74365311e-07 
 4.46200000e-04  1.73943907e-07 
 4.46300000e-04  1.73805436e-07 
 4.46400000e-04  1.73686542e-07 
 4.46500000e-04  1.73618535e-07 
 4.46600000e-04  1.63473849e-07 
 4.46700000e-04  1.63119439e-07 
 4.46800000e-04  1.62936760e-07 
 4.46900000e-04  1.62820545e-07 
 4.47000000e-04  1.62772725e-07 
 4.47100000e-04  1.72050779e-07 
 4.47200000e-04  1.71751593e-07 
 4.47300000e-04  1.71628632e-07 
 4.47400000e-04  1.71516787e-07 
 4.47500000e-04  1.71469288e-07 
 4.47600000e-04  1.57588598e-07 
 4.47700000e-04  1.57096729e-07 
 4.47800000e-04  1.56874251e-07 
 4.47900000e-04  1.56701687e-07 
 4.48000000e-04  1.56580441e-07 
 4.48100000e-04  1.72729382e-07 
 4.48200000e-04  1.72508747e-07 
 4.48300000e-04  1.72411804e-07 
 4.48400000e-04  1.72324168e-07 
 4.48500000e-04  1.72291048e-07 
 4.48600000e-04  1.59561277e-07 
 4.48700000e-04  1.59214197e-07 
 4.48800000e-04  1.59021191e-07 
 4.48900000e-04  1.58885959e-07 
 4.49000000e-04  1.58810153e-07 
 4.49100000e-04  1.72470420e-07 
 4.49200000e-04  1.72222012e-07 
 4.49300000e-04  1.72133155e-07 
 4.49400000e-04  1.72055835e-07 
 4.49500000e-04  1.72025524e-07 
 4.49600000e-04  1.58054839e-07 
 4.49700000e-04  1.57637834e-07 
 4.49800000e-04  1.57431840e-07 
 4.49900000e-04  1.57268938e-07 
 4.50000000e-04  1.57150314e-07 
 4.50100000e-04  1.73843497e-07 
 4.50200000e-04  1.73539639e-07 
 4.50300000e-04  1.73411779e-07 
 4.50400000e-04  1.73295478e-07 
 4.50500000e-04  1.73256217e-07 
 4.50600000e-04  1.61809494e-07 
 4.50700000e-04  1.61446855e-07 
 4.50800000e-04  1.61263532e-07 
 4.50900000e-04  1.61141112e-07 
 4.51000000e-04  1.61081342e-07 
 4.51100000e-04  1.72558881e-07 
 4.51200000e-04  1.72286844e-07 
 4.51300000e-04  1.72174941e-07 
 4.51400000e-04  1.72073405e-07 
 4.51500000e-04  1.72033983e-07 
 4.51600000e-04  1.58098240e-07 
 4.51700000e-04  1.57655338e-07 
 4.51800000e-04  1.57440469e-07 
 4.51900000e-04  1.57273928e-07 
 4.52000000e-04  1.57157068e-07 
 4.52100000e-04  1.73322178e-07 
 4.52200000e-04  1.73113792e-07 
 4.52300000e-04  1.73025965e-07 
 4.52400000e-04  1.72947074e-07 
 4.52500000e-04  1.72896977e-07 
 4.52600000e-04  1.60134074e-07 
 4.52700000e-04  1.59782378e-07 
 4.52800000e-04  1.59600590e-07 
 4.52900000e-04  1.59475581e-07 
 4.53000000e-04  1.59408970e-07 
 4.53100000e-04  1.73092693e-07 
 4.53200000e-04  1.72832299e-07 
 4.53300000e-04  1.72739408e-07 
 4.53400000e-04  1.72659215e-07 
 4.53500000e-04  1.72626751e-07 
 4.53600000e-04  1.58614644e-07 
 4.53700000e-04  1.58238814e-07 
 4.53800000e-04  1.58024062e-07 
 4.53900000e-04  1.57860263e-07 
 4.54000000e-04  1.57748850e-07 
 4.54100000e-04  1.76579546e-07 
 4.54200000e-04  1.75846250e-07 
 4.54300000e-04  1.75607299e-07 
 4.54400000e-04  1.75400380e-07 
 4.54500000e-04  1.75329293e-07 
 4.54600000e-04  1.69049863e-07 
 4.54700000e-04  1.68686398e-07 
 4.54800000e-04  1.68520208e-07 
 4.54900000e-04  1.68431802e-07 
 4.55000000e-04  1.68423462e-07 
 4.55100000e-04  1.71856500e-07 
 4.55200000e-04  1.70913711e-07 
 4.55300000e-04  1.70655729e-07 
 4.55400000e-04  1.70440899e-07 
 4.55500000e-04  1.70358012e-07 
 4.55600000e-04  1.56609815e-07 
 4.55700000e-04  1.56010890e-07 
 4.55800000e-04  1.55733580e-07 
 4.55900000e-04  1.55528265e-07 
 4.56000000e-04  1.55397039e-07 
 4.56100000e-04  1.71519934e-07 
 4.56200000e-04  1.71299248e-07 
 4.56300000e-04  1.71205089e-07 
 4.56400000e-04  1.71120745e-07 
 4.56500000e-04  1.71094564e-07 
 4.56600000e-04  1.58395248e-07 
 4.56700000e-04  1.58029711e-07 
 4.56800000e-04  1.57848177e-07 
 4.56900000e-04  1.57720310e-07 
 4.57000000e-04  1.57647623e-07 
 4.57100000e-04  1.71237922e-07 
 4.57200000e-04  1.70999445e-07 
 4.57300000e-04  1.70918246e-07 
 4.57400000e-04  1.70848494e-07 
 4.57500000e-04  1.70799472e-07 
 4.57600000e-04  1.56872298e-07 
 4.57700000e-04  1.56482603e-07 
 4.57800000e-04  1.56256336e-07 
 4.57900000e-04  1.56086622e-07 
 4.58000000e-04  1.55975069e-07 
 4.58100000e-04  1.72607143e-07 
 4.58200000e-04  1.72303310e-07 
 4.58300000e-04  1.72185131e-07 
 4.58400000e-04  1.72079867e-07 
 4.58500000e-04  1.72035594e-07 
 4.58600000e-04  1.60634138e-07 
 4.58700000e-04  1.60267525e-07 
 4.58800000e-04  1.60093549e-07 
 4.58900000e-04  1.59968901e-07 
 4.59000000e-04  1.59894952e-07 
 4.59100000e-04  1.71307554e-07 
 4.59200000e-04  1.71043668e-07 
 4.59300000e-04  1.70946009e-07 
 4.59400000e-04  1.70859631e-07 
 4.59500000e-04  1.70807796e-07 
 4.59600000e-04  1.56923733e-07 
 4.59700000e-04  1.56490194e-07 
 4.59800000e-04  1.56259200e-07 
 4.59900000e-04  1.56084518e-07 
 4.60000000e-04  1.55967740e-07 
 4.60100000e-04  1.72076957e-07 
 4.60200000e-04  1.71878742e-07 
 4.60300000e-04  1.71786344e-07 
 4.60400000e-04  1.71701274e-07 
 4.60500000e-04  1.71657074e-07 
 4.60600000e-04  1.58966585e-07 
 4.60700000e-04  1.58609196e-07 
 4.60800000e-04  1.58427147e-07 
 4.60900000e-04  1.58297376e-07 
 4.61000000e-04  1.58221351e-07 
 4.61100000e-04  1.71833741e-07 
 4.61200000e-04  1.71605295e-07 
 4.61300000e-04  1.71518088e-07 
 4.61400000e-04  1.71440488e-07 
 4.61500000e-04  1.71404975e-07 
 4.61600000e-04  1.57455983e-07 
 4.61700000e-04  1.57044147e-07 
 4.61800000e-04  1.56838951e-07 
 4.61900000e-04  1.56672538e-07 
 4.62000000e-04  1.56545944e-07 
 4.62100000e-04  1.73741001e-07 
 4.62200000e-04  1.73331402e-07 
 4.62300000e-04  1.73189873e-07 
 4.62400000e-04  1.73066330e-07 
 4.62500000e-04  1.73000548e-07 
 4.62600000e-04  1.62874102e-07 
 4.62700000e-04  1.62525838e-07 
 4.62800000e-04  1.62347354e-07 
 4.62900000e-04  1.62229332e-07 
 4.63000000e-04  1.62173492e-07 
 4.63100000e-04  1.71435555e-07 
 4.63200000e-04  1.71110609e-07 
 4.63300000e-04  1.70996489e-07 
 4.63400000e-04  1.70896699e-07 
 4.63500000e-04  1.70854584e-07 
 4.63600000e-04  1.57001288e-07 
 4.63700000e-04  1.56513699e-07 
 4.63800000e-04  1.56275452e-07 
 4.63900000e-04  1.56094758e-07 
 4.64000000e-04  1.55973247e-07 
 4.64100000e-04  1.72092444e-07 
 4.64200000e-04  1.71892394e-07 
 4.64300000e-04  1.71794849e-07 
 4.64400000e-04  1.71704486e-07 
 4.64500000e-04  1.71661526e-07 
 4.64600000e-04  1.58975359e-07 
 4.64700000e-04  1.58622091e-07 
 4.64800000e-04  1.58426887e-07 
 4.64900000e-04  1.58291251e-07 
 4.65000000e-04  1.58216881e-07 
 4.65100000e-04  1.71846379e-07 
 4.65200000e-04  1.71599790e-07 
 4.65300000e-04  1.71512144e-07 
 4.65400000e-04  1.71436255e-07 
 4.65500000e-04  1.71396941e-07 
 4.65600000e-04  1.57459369e-07 
 4.65700000e-04  1.57060018e-07 
 4.65800000e-04  1.56839264e-07 
 4.65900000e-04  1.56670595e-07 
 4.66000000e-04  1.56555465e-07 
 4.66100000e-04  1.73221513e-07 
 4.66200000e-04  1.72898986e-07 
 4.66300000e-04  1.72790589e-07 
 4.66400000e-04  1.72697542e-07 
 4.66500000e-04  1.72628702e-07 
 4.66600000e-04  1.61208166e-07 
 4.66700000e-04  1.60862192e-07 
 4.66800000e-04  1.60676553e-07 
 4.66900000e-04  1.60553442e-07 
 4.67000000e-04  1.60494643e-07 
 4.67100000e-04  1.71922712e-07 
 4.67200000e-04  1.71640832e-07 
 4.67300000e-04  1.71544334e-07 
 4.67400000e-04  1.71460286e-07 
 4.67500000e-04  1.71433725e-07 
 4.67600000e-04  1.57513470e-07 
 4.67700000e-04  1.57057380e-07 
 4.67800000e-04  1.56832270e-07 
 4.67900000e-04  1.56664832e-07 
 4.68000000e-04  1.56556698e-07 
 4.68100000e-04  1.72688485e-07 
 4.68200000e-04  1.72501500e-07 
 4.68300000e-04  1.72403496e-07 
 4.68400000e-04  1.72310898e-07 
 4.68500000e-04  1.72266042e-07 
 4.68600000e-04  1.59542958e-07 
 4.68700000e-04  1.59190205e-07 
 4.68800000e-04  1.59017139e-07 
 4.68900000e-04  1.58893411e-07 
 4.69000000e-04  1.58820388e-07 
 4.69100000e-04  1.72460628e-07 
 4.69200000e-04  1.72222288e-07 
 4.69300000e-04  1.72131643e-07 
 4.69400000e-04  1.72051420e-07 
 4.69500000e-04  1.72010893e-07 
 4.69600000e-04  1.58053646e-07 
 4.69700000e-04  1.57632109e-07 
 4.69800000e-04  1.57415570e-07 
 4.69900000e-04  1.57253142e-07 
 4.70000000e-04  1.57146342e-07 
 4.70100000e-04  1.74899787e-07 
 4.70200000e-04  1.74368765e-07 
 4.70300000e-04  1.74194058e-07 
 4.70400000e-04  1.74043526e-07 
 4.70500000e-04  1.73966858e-07 
 4.70600000e-04  1.65124546e-07 
 4.70700000e-04  1.64771143e-07 
 4.70800000e-04  1.64594765e-07 
 4.70900000e-04  1.64485121e-07 
 4.71000000e-04  1.64444128e-07 
 4.71100000e-04  1.71710165e-07 
 4.71200000e-04  1.71311033e-07 
 4.71300000e-04  1.71151786e-07 
 4.71400000e-04  1.71008275e-07 
 4.71500000e-04  1.70945058e-07 
 4.71600000e-04  1.57094864e-07 
 4.71700000e-04  1.56565539e-07 
 4.71800000e-04  1.56313833e-07 
 4.71900000e-04  1.56128992e-07 
 4.72000000e-04  1.56012931e-07 
 4.72100000e-04  1.72131023e-07 
 4.72200000e-04  1.71931478e-07 
 4.72300000e-04  1.71830763e-07 
 4.72400000e-04  1.71737111e-07 
 4.72500000e-04  1.71689339e-07 
 4.72600000e-04  1.58993671e-07 
 4.72700000e-04  1.58624025e-07 
 4.72800000e-04  1.58439164e-07 
 4.72900000e-04  1.58308880e-07 
 4.73000000e-04  1.58234702e-07 
 4.73100000e-04  1.71848826e-07 
 4.73200000e-04  1.71609412e-07 
 4.73300000e-04  1.71525164e-07 
 4.73400000e-04  1.71452235e-07 
 4.73500000e-04  1.71403268e-07 
 4.73600000e-04  1.57454468e-07 
 4.73700000e-04  1.57052236e-07 
 4.73800000e-04  1.56839670e-07 
 4.73900000e-04  1.56672734e-07 
 4.74000000e-04  1.56552669e-07 
 4.74100000e-04  1.73223114e-07 
 4.74200000e-04  1.72918381e-07 
 4.74300000e-04  1.72799165e-07 
 4.74400000e-04  1.72692306e-07 
 4.74500000e-04  1.72630568e-07 
 4.74600000e-04  1.61228527e-07 
 4.74700000e-04  1.60870928e-07 
 4.74800000e-04  1.60688090e-07 
 4.74900000e-04  1.60558770e-07 
 4.75000000e-04  1.60484461e-07 
 4.75100000e-04  1.71920120e-07 
 4.75200000e-04  1.71645634e-07 
 4.75300000e-04  1.71549624e-07 
 4.75400000e-04  1.71465423e-07 
 4.75500000e-04  1.71423128e-07 
 4.75600000e-04  1.57515277e-07 
 4.75700000e-04  1.57063992e-07 
 4.75800000e-04  1.56837775e-07 
 4.75900000e-04  1.56671310e-07 
 4.76000000e-04  1.56566287e-07 
 4.76100000e-04  1.72710453e-07 
 4.76200000e-04  1.72490188e-07 
 4.76300000e-04  1.72401398e-07 
 4.76400000e-04  1.72322696e-07 
 4.76500000e-04  1.72283719e-07 
 4.76600000e-04  1.59542407e-07 
 4.76700000e-04  1.59199139e-07 
 4.76800000e-04  1.59022293e-07 
 4.76900000e-04  1.58889905e-07 
 4.77000000e-04  1.58803179e-07 
 4.77100000e-04  1.72465569e-07 
 4.77200000e-04  1.72211196e-07 
 4.77300000e-04  1.72131209e-07 
 4.77400000e-04  1.72064638e-07 
 4.77500000e-04  1.72009548e-07 
 4.77600000e-04  1.58042291e-07 
 4.77700000e-04  1.57653061e-07 
 4.77800000e-04  1.57425082e-07 
 4.77900000e-04  1.57259042e-07 
 4.78000000e-04  1.57156698e-07 
 4.78100000e-04  1.74374150e-07 
 4.78200000e-04  1.73941309e-07 
 4.78300000e-04  1.73790893e-07 
 4.78400000e-04  1.73660025e-07 
 4.78500000e-04  1.73604341e-07 
 4.78600000e-04  1.63465298e-07 
 4.78700000e-04  1.63107959e-07 
 4.78800000e-04  1.62931806e-07 
 4.78900000e-04  1.62817048e-07 
 4.79000000e-04  1.62765428e-07 
 4.79100000e-04  1.72047094e-07 
 4.79200000e-04  1.71741423e-07 
 4.79300000e-04  1.71628786e-07 
 4.79400000e-04  1.71528512e-07 
 4.79500000e-04  1.71474824e-07 
 4.79600000e-04  1.57590844e-07 
 4.79700000e-04  1.57111076e-07 
 4.79800000e-04  1.56863063e-07 
 4.79900000e-04  1.56682005e-07 
 4.80000000e-04  1.56569811e-07 
 4.80100000e-04  1.72720100e-07 
 4.80200000e-04  1.72514722e-07 
 4.80300000e-04  1.72422803e-07 
 4.80400000e-04  1.72339394e-07 
 4.80500000e-04  1.72299258e-07 
 4.80600000e-04  1.59555373e-07 
 4.80700000e-04  1.59202910e-07 
 4.80800000e-04  1.59020942e-07 
 4.80900000e-04  1.58890975e-07 
 4.81000000e-04  1.58814451e-07 
 4.81100000e-04  1.72466306e-07 
 4.81200000e-04  1.72225946e-07 
 4.81300000e-04  1.72133671e-07 
 4.81400000e-04  1.72052135e-07 
 4.81500000e-04  1.72010205e-07 
 4.81600000e-04  1.58047070e-07 
 4.81700000e-04  1.57659848e-07 
 4.81800000e-04  1.57436745e-07 
 4.81900000e-04  1.57268850e-07 
 4.82000000e-04  1.57157700e-07 
 4.82100000e-04  1.73842790e-07 
 4.82200000e-04  1.73523740e-07 
 4.82300000e-04  1.73400061e-07 
 4.82400000e-04  1.73289737e-07 
 4.82500000e-04  1.73254491e-07 
 4.82600000e-04  1.61812249e-07 
 4.82700000e-04  1.61454006e-07 
 4.82800000e-04  1.61268554e-07 
 4.82900000e-04  1.61146535e-07 
 4.83000000e-04  1.61089751e-07 
 4.83100000e-04  1.72547810e-07 
 4.83200000e-04  1.72266892e-07 
 4.83300000e-04  1.72167312e-07 
 4.83400000e-04  1.72079786e-07 
 4.83500000e-04  1.72036520e-07 
 4.83600000e-04  1.58100030e-07 
 4.83700000e-04  1.57648791e-07 
 4.83800000e-04  1.57429530e-07 
 4.83900000e-04  1.57266232e-07 
 4.84000000e-04  1.57160457e-07 
 4.84100000e-04  1.73323508e-07 
 4.84200000e-04  1.73117364e-07 
 4.84300000e-04  1.73026671e-07 
 4.84400000e-04  1.72944485e-07 
 4.84500000e-04  1.72894625e-07 
 4.84600000e-04  1.60143946e-07 
 4.84700000e-04  1.59785481e-07 
 4.84800000e-04  1.59610243e-07 
 4.84900000e-04  1.59484329e-07 
 4.85000000e-04  1.59409090e-07 
 4.85100000e-04  1.73082184e-07 
 4.85200000e-04  1.72833701e-07 
 4.85300000e-04  1.72748346e-07 
 4.85400000e-04  1.72675103e-07 
 4.85500000e-04  1.72643880e-07 
 4.85600000e-04  1.58619297e-07 
 4.85700000e-04  1.58234555e-07 
 4.85800000e-04  1.58020377e-07 
 4.85900000e-04  1.57860061e-07 
 4.86000000e-04  1.57755100e-07 
 4.86100000e-04  1.76057114e-07 
 4.86200000e-04  1.75411842e-07 
 4.86300000e-04  1.75210356e-07 
 4.86400000e-04  1.75038959e-07 
 4.86500000e-04  1.74969862e-07 
 4.86600000e-04  1.67375352e-07 
 4.86700000e-04  1.67040306e-07 
 4.86800000e-04  1.66865710e-07 
 4.86900000e-04  1.66763806e-07 
 4.87000000e-04  1.66736683e-07 
 4.87100000e-04  1.72347150e-07 
 4.87200000e-04  1.71537244e-07 
 4.87300000e-04  1.71291907e-07 
 4.87400000e-04  1.71085278e-07 
 4.87500000e-04  1.70991190e-07 
 4.87600000e-04  1.57175719e-07 
 4.87700000e-04  1.56593446e-07 
 4.87800000e-04  1.56332315e-07 
 4.87900000e-04  1.56141107e-07 
 4.88000000e-04  1.56021823e-07 
 4.88100000e-04  1.72145082e-07 
 4.88200000e-04  1.71924587e-07 
 4.88300000e-04  1.71831958e-07 
 4.88400000e-04  1.71749087e-07 
 4.88500000e-04  1.71701073e-07 
 4.88600000e-04  1.58981739e-07 
 4.88700000e-04  1.58629964e-07 
 4.88800000e-04  1.58449451e-07 
 4.88900000e-04  1.58320028e-07 
 4.89000000e-04  1.58243367e-07 
 4.89100000e-04  1.72018903e-07 
 4.89200000e-04  1.71675391e-07 
 4.89300000e-04  1.71545423e-07 
 4.89400000e-04  1.71480746e-07 
 4.89500000e-04  1.71426531e-07 
 4.89600000e-04  1.57488623e-07 
 4.89700000e-04  1.57088247e-07 
 4.89800000e-04  1.56865803e-07 
 4.89900000e-04  1.56696882e-07 
 4.90000000e-04  1.56582995e-07 
 4.90100000e-04  1.73222612e-07 
 4.90200000e-04  1.72918961e-07 
 4.90300000e-04  1.72806334e-07 
 4.90400000e-04  1.72707167e-07 
 4.90500000e-04  1.72649463e-07 
 4.90600000e-04  1.61217825e-07 
 4.90700000e-04  1.60873578e-07 
 4.90800000e-04  1.60689941e-07 
 4.90900000e-04  1.60565104e-07 
 4.91000000e-04  1.60500768e-07 
 4.91100000e-04  1.71940116e-07 
 4.91200000e-04  1.71659697e-07 
 4.91300000e-04  1.71560889e-07 
 4.91400000e-04  1.71474562e-07 
 4.91500000e-04  1.71431443e-07 
 4.91600000e-04  1.57518372e-07 
 4.91700000e-04  1.57064487e-07 
 4.91800000e-04  1.56842887e-07 
 4.91900000e-04  1.56677042e-07 
 4.92000000e-04  1.56568582e-07 
 4.92100000e-04  1.72692480e-07 
 4.92200000e-04  1.72506418e-07 
 4.92300000e-04  1.72410376e-07 
 4.92400000e-04  1.72320342e-07 
 4.92500000e-04  1.72269149e-07 
 4.92600000e-04  1.59555730e-07 
 4.92700000e-04  1.59187566e-07 
 4.92800000e-04  1.59007497e-07 
 4.92900000e-04  1.58879315e-07 
 4.93000000e-04  1.58804550e-07 
 4.93100000e-04  1.72462601e-07 
 4.93200000e-04  1.72227697e-07 
 4.93300000e-04  1.72131478e-07 
 4.93400000e-04  1.72044746e-07 
 4.93500000e-04  1.72020536e-07 
 4.93600000e-04  1.58053542e-07 
 4.93700000e-04  1.57658182e-07 
 4.93800000e-04  1.57436979e-07 
 4.93900000e-04  1.57267002e-07 
 4.94000000e-04  1.57149898e-07 
 4.94100000e-04  1.74800620e-07 
 4.94200000e-04  1.74151591e-07 
 4.94300000e-04  1.73951133e-07 
 4.94400000e-04  1.73881498e-07 
 4.94500000e-04  1.73834448e-07 
 4.94600000e-04  1.63761026e-07 
 4.94700000e-04  1.63426179e-07 
 4.94800000e-04  1.63222882e-07 
 4.94900000e-04  1.63071130e-07 
 4.95000000e-04  1.62972476e-07 
 4.95100000e-04  1.72057656e-07 
 4.95200000e-04  1.71730318e-07 
 4.95300000e-04  1.71616960e-07 
 4.95400000e-04  1.71518193e-07 
 4.95500000e-04  1.71482541e-07 
 4.95600000e-04  1.57584900e-07 
 4.95700000e-04  1.57115035e-07 
 4.95800000e-04  1.56879188e-07 
 4.95900000e-04  1.56701400e-07 
 4.96000000e-04  1.56583454e-07 
 4.96100000e-04  1.72710032e-07 
 4.96200000e-04  1.72507215e-07 
 4.96300000e-04  1.72417911e-07 
 4.96400000e-04  1.72336832e-07 
 4.96500000e-04  1.72289976e-07 
 4.96600000e-04  1.59555832e-07 
 4.96700000e-04  1.59207262e-07 
 4.96800000e-04  1.59031241e-07 
 4.96900000e-04  1.58899907e-07 
 4.97000000e-04  1.58814640e-07 
 4.97100000e-04  1.72478404e-07 
 4.97200000e-04  1.72229267e-07 
 4.97300000e-04  1.72135894e-07 
 4.97400000e-04  1.72053931e-07 
 4.97500000e-04  1.72016610e-07 
 4.97600000e-04  1.58047553e-07 
 4.97700000e-04  1.57641638e-07 
 4.97800000e-04  1.57436579e-07 
 4.97900000e-04  1.57273542e-07 
 4.98000000e-04  1.57153842e-07 
 4.98100000e-04  1.73847784e-07 
 4.98200000e-04  1.73532047e-07 
 4.98300000e-04  1.73416404e-07 
 4.98400000e-04  1.73314804e-07 
 4.98500000e-04  1.73249001e-07 
 4.98600000e-04  1.61802752e-07 
 4.98700000e-04  1.61462662e-07 
 4.98800000e-04  1.61273839e-07 
 4.98900000e-04  1.61146946e-07 
 4.99000000e-04  1.61083948e-07 
 4.99100000e-04  1.72547677e-07 
 4.99200000e-04  1.72264894e-07 
 4.99300000e-04  1.72167579e-07 
 4.99400000e-04  1.72082647e-07 
 4.99500000e-04  1.72037447e-07 
 4.99600000e-04  1.58108990e-07 
 4.99700000e-04  1.57666451e-07 
 4.99800000e-04  1.57431982e-07 
 4.99900000e-04  1.57260428e-07 
 5.00000000e-04  1.57153783e-07 
 5.00100000e-04  1.73324928e-07 
 5.00200000e-04  1.73115543e-07 
 5.00300000e-04  1.73023228e-07 
 5.00400000e-04  1.72939370e-07 
 5.00500000e-04  1.72889982e-07 
 5.00600000e-04  1.60136787e-07 
 5.00700000e-04  1.59784719e-07 
 5.00800000e-04  1.59600642e-07 
 5.00900000e-04  1.59469217e-07 
 5.01000000e-04  1.59392113e-07 
 5.01100000e-04  1.74825476e-07 
 5.01200000e-04  1.74316514e-07 
 5.01300000e-04  1.74125309e-07 
 5.01400000e-04  1.74030800e-07 
 5.01500000e-04  1.73967537e-07 
 5.01600000e-04  1.59480221e-07 
 5.01700000e-04  1.58930974e-07 
 5.01800000e-04  1.58681782e-07 
 5.01900000e-04  1.58500325e-07 
 5.02000000e-04  1.58388051e-07 
 5.02100000e-04  1.03762464e-04 
 5.02200000e-04  1.03761743e-04 
 5.02300000e-04  1.03761531e-04 
 5.02400000e-04  1.03761352e-04 
 5.02500000e-04  1.03761269e-04 
 5.02600000e-04  1.03752404e-04 
 5.02700000e-04  1.03752036e-04 
 5.02800000e-04  1.03751856e-04 
 5.02900000e-04  1.03751743e-04 
 5.03000000e-04  1.03751701e-04 
 5.03100000e-04  1.73504250e-07 
 5.03200000e-04  1.73042571e-07 
 5.03300000e-04  1.72872425e-07 
 5.03400000e-04  1.72722123e-07 
 5.03500000e-04  1.72659838e-07 
 5.03600000e-04  1.58788818e-07 
 5.03700000e-04  1.58241350e-07 
 5.03800000e-04  1.57988602e-07 
 5.03900000e-04  1.57804096e-07 
 5.04000000e-04  1.57689997e-07 
 5.04100000e-04  1.73896350e-07 
 5.04200000e-04  1.73685445e-07 
 5.04300000e-04  1.73586329e-07 
 5.04400000e-04  1.73494920e-07 
 5.04500000e-04  1.73458987e-07 
 5.04600000e-04  1.60654677e-07 
 5.04700000e-04  1.60316241e-07 
 5.04800000e-04  1.60141222e-07 
 5.04900000e-04  1.60012686e-07 
 5.05000000e-04  1.59932107e-07 
 5.05100000e-04  1.73635716e-07 
 5.05200000e-04  1.73397956e-07 
 5.05300000e-04  1.73303053e-07 
 5.05400000e-04  1.73217876e-07 
 5.05500000e-04  1.73181198e-07 
 5.05600000e-04  1.59138324e-07 
 5.05700000e-04  1.58749132e-07 
 5.05800000e-04  1.58536241e-07 
 5.05900000e-04  1.58368014e-07 
 5.06000000e-04  1.58245869e-07 
 5.06100000e-04  1.75007846e-07 
 5.06200000e-04  1.74698969e-07 
 5.06300000e-04  1.74572986e-07 
 5.06400000e-04  1.74459218e-07 
 5.06500000e-04  1.74391784e-07 
 5.06600000e-04  1.62880273e-07 
 5.06700000e-04  1.62539499e-07 
 5.06800000e-04  1.62367428e-07 
 5.06900000e-04  1.62251649e-07 
 5.07000000e-04  1.62193948e-07 
 5.07100000e-04  1.73703012e-07 
 5.07200000e-04  1.73431704e-07 
 5.07300000e-04  1.73327767e-07 
 5.07400000e-04  1.73234827e-07 
 5.07500000e-04  1.73182133e-07 
 5.07600000e-04  1.59178990e-07 
 5.07700000e-04  1.58746382e-07 
 5.07800000e-04  1.58521597e-07 
 5.07900000e-04  1.58350010e-07 
 5.08000000e-04  1.58233309e-07 
 5.08100000e-04  1.74472509e-07 
 5.08200000e-04  1.74256678e-07 
 5.08300000e-04  1.74168105e-07 
 5.08400000e-04  1.74088882e-07 
 5.08500000e-04  1.74027794e-07 
 5.08600000e-04  1.61211160e-07 
 5.08700000e-04  1.60877087e-07 
 5.08800000e-04  1.60703824e-07 
 5.08900000e-04  1.60576617e-07 
 5.09000000e-04  1.60496925e-07 
 5.09100000e-04  1.74247129e-07 
 5.09200000e-04  1.73986626e-07 
 5.09300000e-04  1.73896258e-07 
 5.09400000e-04  1.73818741e-07 
 5.09500000e-04  1.73771801e-07 
 5.09600000e-04  1.59696339e-07 
 5.09700000e-04  1.59322833e-07 
 5.09800000e-04  1.59102829e-07 
 5.09900000e-04  1.58938030e-07 
 5.10000000e-04  1.58830186e-07 
 5.10100000e-04  1.76140589e-07 
 5.10200000e-04  1.75709618e-07 
 5.10300000e-04  1.75567105e-07 
 5.10400000e-04  1.75444437e-07 
 5.10500000e-04  1.75356179e-07 
 5.10600000e-04  1.65128501e-07 
 5.10700000e-04  1.64782145e-07 
 5.10800000e-04  1.64606791e-07 
 5.10900000e-04  1.64497682e-07 
 5.11000000e-04  1.64456917e-07 
 5.11100000e-04  1.73841368e-07 
 5.11200000e-04  1.73509130e-07 
 5.11300000e-04  1.73382930e-07 
 5.11400000e-04  1.73270913e-07 
 5.11500000e-04  1.73223024e-07 
 5.11600000e-04  1.59248730e-07 
 5.11700000e-04  1.58780086e-07 
 5.11800000e-04  1.58543499e-07 
 5.11900000e-04  1.58367004e-07 
 5.12000000e-04  1.58252505e-07 
 5.12100000e-04  1.74491220e-07 
 5.12200000e-04  1.74277866e-07 
 5.12300000e-04  1.74174849e-07 
 5.12400000e-04  1.74079430e-07 
 5.12500000e-04  1.74044736e-07 
 5.12600000e-04  1.61231707e-07 
 5.12700000e-04  1.60867413e-07 
 5.12800000e-04  1.60690276e-07 
 5.12900000e-04  1.60571682e-07 
 5.13000000e-04  1.60513486e-07 
 5.13100000e-04  1.74237976e-07 
 5.13200000e-04  1.73980774e-07 
 5.13300000e-04  1.73886304e-07 
 5.13400000e-04  1.73803717e-07 
 5.13500000e-04  1.73773005e-07 
 5.13600000e-04  1.59696967e-07 
 5.13700000e-04  1.59306735e-07 
 5.13800000e-04  1.59098280e-07 
 5.13900000e-04  1.58944804e-07 
 5.14000000e-04  1.58848053e-07 
 5.14100000e-04  1.75609816e-07 
 5.14200000e-04  1.75303377e-07 
 5.14300000e-04  1.75176585e-07 
 5.14400000e-04  1.75061822e-07 
 5.14500000e-04  1.74998795e-07 
 5.14600000e-04  1.63466314e-07 
 5.14700000e-04  1.63125428e-07 
 5.14800000e-04  1.62954488e-07 
 5.14900000e-04  1.62835780e-07 
 5.15000000e-04  1.62770960e-07 
 5.15100000e-04  1.74337548e-07 
 5.15200000e-04  1.74039423e-07 
 5.15300000e-04  1.73929408e-07 
 5.15400000e-04  1.73832853e-07 
 5.15500000e-04  1.73800247e-07 
 5.15600000e-04  1.59759817e-07 
 5.15700000e-04  1.59333489e-07 
 5.15800000e-04  1.59115648e-07 
 5.15900000e-04  1.58947131e-07 
 5.16000000e-04  1.58829502e-07 
 5.16100000e-04  1.75103077e-07 
 5.16200000e-04  1.74882776e-07 
 5.16300000e-04  1.74783617e-07 
 5.16400000e-04  1.74693251e-07 
 5.16500000e-04  1.74648803e-07 
 5.16600000e-04  1.61793148e-07 
 5.16700000e-04  1.61466176e-07 
 5.16800000e-04  1.61287235e-07 
 5.16900000e-04  1.61160067e-07 
 5.17000000e-04  1.61086316e-07 
 5.17100000e-04  1.74852664e-07 
 5.17200000e-04  1.74616088e-07 
 5.17300000e-04  1.74519704e-07 
 5.17400000e-04  1.74433083e-07 
 5.17500000e-04  1.74383805e-07 
 5.17600000e-04  1.60290508e-07 
 5.17700000e-04  1.59891510e-07 
 5.17800000e-04  1.59691372e-07 
 5.17900000e-04  1.59539108e-07 
 5.18000000e-04  1.59436237e-07 
 5.18100000e-04  1.88932501e-07 
 5.18200000e-04  1.86316287e-07 
 5.18300000e-04  1.85505356e-07 
 5.18400000e-04  1.85258695e-07 
 5.18500000e-04  1.85012034e-07 
 5.18600000e-04  1.75733933e-07 
 5.18700000e-04  1.74592189e-07 
 5.18800000e-04  1.74268235e-07 
 5.18900000e-04  1.74062631e-07 
 5.19000000e-04  1.73977510e-07 
 5.19100000e-04  1.71275534e-07 
 5.19200000e-04  1.70527796e-07 
 5.19300000e-04  1.70311749e-07 
 5.19400000e-04  1.70128831e-07 
 5.19500000e-04  1.70065576e-07 
 5.19600000e-04  1.57648003e-07 
 5.19700000e-04  1.56968051e-07 
 5.19800000e-04  1.56707240e-07 
 5.19900000e-04 -0.00000000e+00 
 5.20000000e-04  1.56574799e-07 
