 time            -i(vdd)        
 2.60000000e-04 -1.26577370e-04 
 2.60100000e-04  1.83721547e-07 
 2.60200000e-04  1.75015826e-07 
 2.60300000e-04  1.72693620e-07 
 2.60400000e-04  1.70736007e-07 
 2.60500000e-04  1.70077170e-07 
 2.60600000e-04  1.76686006e-07 
 2.60700000e-04  1.75910897e-07 
 2.60800000e-04  1.75485198e-07 
 2.60900000e-04  1.75139037e-07 
 2.61000000e-04  1.74874139e-07 
 2.61100000e-04  1.56450743e-07 
 2.61200000e-04  1.54082757e-07 
 2.61300000e-04  1.53484937e-07 
 2.61400000e-04  1.53004271e-07 
 2.61500000e-04  1.52782582e-07 
 2.61600000e-04  1.38887911e-07 
 2.61700000e-04  1.37638550e-07 
 2.61800000e-04  1.37194531e-07 
 2.61900000e-04  1.36877626e-07 
 2.62000000e-04  1.36691868e-07 
 2.62100000e-04  1.61886501e-07 
 2.62200000e-04  1.60618816e-07 
 2.62300000e-04  1.60336390e-07 
 2.62400000e-04  1.60132145e-07 
 2.62500000e-04  1.60042354e-07 
 2.62600000e-04  1.48509025e-07 
 2.62700000e-04  1.47918666e-07 
 2.62800000e-04  1.47635188e-07 
 2.62900000e-04  1.47421527e-07 
 2.63000000e-04  1.47279174e-07 
 2.63100000e-04  1.99994597e-07 
 2.63200000e-04  1.94211127e-07 
 2.63300000e-04  1.92920095e-07 
 2.63400000e-04  1.91924543e-07 
 2.63500000e-04  1.91648152e-07 
 2.63600000e-04  1.78202547e-07 
 2.63700000e-04  1.77565202e-07 
 2.63800000e-04  1.77243499e-07 
 2.63900000e-04  1.76997398e-07 
 2.64000000e-04  1.76829296e-07 
 2.64100000e-04  1.72661585e-07 
 2.64200000e-04  1.68073926e-07 
 2.64300000e-04  1.67028047e-07 
 2.64400000e-04  1.66213153e-07 
 2.64500000e-04  1.65969872e-07 
 2.64600000e-04  1.53750529e-07 
 2.64700000e-04  1.53131013e-07 
 2.64800000e-04  1.52826610e-07 
 2.64900000e-04  1.52591000e-07 
 2.65000000e-04  1.52426365e-07 
 2.65100000e-04  1.66020609e-07 
 2.65200000e-04  1.65521541e-07 
 2.65300000e-04  1.65362627e-07 
 2.65400000e-04  1.65226523e-07 
 2.65500000e-04  1.65174859e-07 
 2.65600000e-04  1.51603751e-07 
 2.65700000e-04  1.51153534e-07 
 2.65800000e-04  1.50918313e-07 
 2.65900000e-04  1.50742493e-07 
 2.66000000e-04  1.50627955e-07 
 2.66100000e-04  1.66989694e-07 
 2.66200000e-04  1.66721919e-07 
 2.66300000e-04  1.66631371e-07 
 2.66400000e-04  1.66552727e-07 
 2.66500000e-04  1.66502096e-07 
 2.66600000e-04  1.55428284e-07 
 2.66700000e-04  1.55038836e-07 
 2.66800000e-04  1.54820233e-07 
 2.66900000e-04  1.54667712e-07 
 2.67000000e-04  1.54583365e-07 
 2.67100000e-04  1.66083289e-07 
 2.67200000e-04  1.65564704e-07 
 2.67300000e-04  1.65409618e-07 
 2.67400000e-04  1.65277190e-07 
 2.67500000e-04  1.65223524e-07 
 2.67600000e-04  1.51670294e-07 
 2.67700000e-04  1.51175287e-07 
 2.67800000e-04  1.50910006e-07 
 2.67900000e-04  1.50713328e-07 
 2.68000000e-04  1.50587423e-07 
 2.68100000e-04  1.66389999e-07 
 2.68200000e-04  1.66214549e-07 
 2.68300000e-04  1.66134898e-07 
 2.68400000e-04  1.66062186e-07 
 2.68500000e-04  1.66036317e-07 
 2.68600000e-04  1.53655158e-07 
 2.68700000e-04  1.53246091e-07 
 2.68800000e-04  1.53034182e-07 
 2.68900000e-04  1.52886538e-07 
 2.69000000e-04  1.52805194e-07 
 2.69100000e-04  1.66126036e-07 
 2.69200000e-04  1.65914163e-07 
 2.69300000e-04  1.65839315e-07 
 2.69400000e-04  1.65774026e-07 
 2.69500000e-04  1.65750218e-07 
 2.69600000e-04  1.52109136e-07 
 2.69700000e-04  1.51662902e-07 
 2.69800000e-04  1.51427313e-07 
 2.69900000e-04  1.51241752e-07 
 2.70000000e-04  1.51107800e-07 
 2.70100000e-04  1.68004786e-07 
 2.70200000e-04  1.67638783e-07 
 2.70300000e-04  1.67504829e-07 
 2.70400000e-04  1.67385650e-07 
 2.70500000e-04  1.67319157e-07 
 2.70600000e-04  1.57535724e-07 
 2.70700000e-04  1.57130036e-07 
 2.70800000e-04  1.56925538e-07 
 2.70900000e-04  1.56794573e-07 
 2.71000000e-04  1.56739464e-07 
 2.71100000e-04  1.66104140e-07 
 2.71200000e-04  1.65537238e-07 
 2.71300000e-04  1.65382317e-07 
 2.71400000e-04  1.65253761e-07 
 2.71500000e-04  1.65180192e-07 
 2.71600000e-04  1.51639669e-07 
 2.71700000e-04  1.51104633e-07 
 2.71800000e-04  1.50845876e-07 
 2.71900000e-04  1.50646399e-07 
 2.72000000e-04  1.50508075e-07 
 2.72100000e-04  1.66337458e-07 
 2.72200000e-04  1.66164499e-07 
 2.72300000e-04  1.66082542e-07 
 2.72400000e-04  1.66007293e-07 
 2.72500000e-04  1.65982737e-07 
 2.72600000e-04  1.53583215e-07 
 2.72700000e-04  1.53196941e-07 
 2.72800000e-04  1.52985895e-07 
 2.72900000e-04  1.52830379e-07 
 2.73000000e-04  1.52732143e-07 
 2.73100000e-04  1.66058980e-07 
 2.73200000e-04  1.65854696e-07 
 2.73300000e-04  1.65780522e-07 
 2.73400000e-04  1.65715340e-07 
 2.73500000e-04  1.65689016e-07 
 2.73600000e-04  1.52061483e-07 
 2.73700000e-04  1.51616180e-07 
 2.73800000e-04  1.51386255e-07 
 2.73900000e-04  1.51207581e-07 
 2.74000000e-04  1.51081775e-07 
 2.74100000e-04  1.67433605e-07 
 2.74200000e-04  1.67155741e-07 
 2.74300000e-04  1.67058816e-07 
 2.74400000e-04  1.66974124e-07 
 2.74500000e-04  1.66920023e-07 
 2.74600000e-04  1.55826239e-07 
 2.74700000e-04  1.55430347e-07 
 2.74800000e-04  1.55215416e-07 
 2.74900000e-04  1.55069201e-07 
 2.75000000e-04  1.54993867e-07 
 2.75100000e-04  1.66138385e-07 
 2.75200000e-04  1.65905963e-07 
 2.75300000e-04  1.65816357e-07 
 2.75400000e-04  1.65735769e-07 
 2.75500000e-04  1.65710245e-07 
 2.75600000e-04  1.52106644e-07 
 2.75700000e-04  1.51631297e-07 
 2.75800000e-04  1.51381968e-07 
 2.75900000e-04  1.51192406e-07 
 2.76000000e-04  1.51064492e-07 
 2.76100000e-04  1.66898317e-07 
 2.76200000e-04  1.66721564e-07 
 2.76300000e-04  1.66651197e-07 
 2.76400000e-04  1.66588359e-07 
 2.76500000e-04  1.66553240e-07 
 2.76600000e-04  1.54156985e-07 
 2.76700000e-04  1.53749045e-07 
 2.76800000e-04  1.53549253e-07 
 2.76900000e-04  1.53406488e-07 
 2.77000000e-04  1.53322544e-07 
 2.77100000e-04  1.66668083e-07 
 2.77200000e-04  1.66450311e-07 
 2.77300000e-04  1.66378646e-07 
 2.77400000e-04  1.66317782e-07 
 2.77500000e-04  1.66279649e-07 
 2.77600000e-04  1.52618837e-07 
 2.77700000e-04  1.52188556e-07 
 2.77800000e-04  1.51958100e-07 
 2.77900000e-04  1.51778267e-07 
 2.78000000e-04  1.51650648e-07 
 2.78100000e-04  1.69108549e-07 
 2.78200000e-04  1.68605547e-07 
 2.78300000e-04  1.68448540e-07 
 2.78400000e-04  1.68314780e-07 
 2.78500000e-04  1.68258630e-07 
 2.78600000e-04  1.59702506e-07 
 2.78700000e-04  1.59318708e-07 
 2.78800000e-04  1.59131808e-07 
 2.78900000e-04  1.59007037e-07 
 2.79000000e-04  1.58946349e-07 
 2.79100000e-04  1.66277275e-07 
 2.79200000e-04  1.65616534e-07 
 2.79300000e-04  1.65430726e-07 
 2.79400000e-04  1.65275797e-07 
 2.79500000e-04  1.65194107e-07 
 2.79600000e-04  1.51666603e-07 
 2.79700000e-04  1.51110581e-07 
 2.79800000e-04  1.50841614e-07 
 2.79900000e-04  1.50633421e-07 
 2.80000000e-04  1.50487914e-07 
 2.80100000e-04  1.66313836e-07 
 2.80200000e-04  1.66136116e-07 
 2.80300000e-04  1.66058926e-07 
 2.80400000e-04  1.65988863e-07 
 2.80500000e-04  1.65954530e-07 
 2.80600000e-04  1.53559067e-07 
 2.80700000e-04  1.53171164e-07 
 2.80800000e-04  1.52961976e-07 
 2.80900000e-04  1.52814422e-07 
 2.81000000e-04  1.52730438e-07 
 2.81100000e-04  1.66043073e-07 
 2.81200000e-04  1.65838091e-07 
 2.81300000e-04  1.65764220e-07 
 2.81400000e-04  1.65699145e-07 
 2.81500000e-04  1.65682028e-07 
 2.81600000e-04  1.52028990e-07 
 2.81700000e-04  1.51584313e-07 
 2.81800000e-04  1.51347444e-07 
 2.81900000e-04  1.51171780e-07 
 2.82000000e-04  1.51059243e-07 
 2.82100000e-04  1.67416238e-07 
 2.82200000e-04  1.67145084e-07 
 2.82300000e-04  1.67042573e-07 
 2.82400000e-04  1.66951068e-07 
 2.82500000e-04  1.66900401e-07 
 2.82600000e-04  1.55784508e-07 
 2.82700000e-04  1.55394788e-07 
 2.82800000e-04  1.55191572e-07 
 2.82900000e-04  1.55056081e-07 
 2.83000000e-04  1.54990445e-07 
 2.83100000e-04  1.66121967e-07 
 2.83200000e-04  1.65860409e-07 
 2.83300000e-04  1.65778258e-07 
 2.83400000e-04  1.65708778e-07 
 2.83500000e-04  1.65684890e-07 
 2.83600000e-04  1.52075450e-07 
 2.83700000e-04  1.51597751e-07 
 2.83800000e-04  1.51348912e-07 
 2.83900000e-04  1.51164400e-07 
 2.84000000e-04  1.51046235e-07 
 2.84100000e-04  1.66879525e-07 
 2.84200000e-04  1.66716535e-07 
 2.84300000e-04  1.66637341e-07 
 2.84400000e-04  1.66563705e-07 
 2.84500000e-04  1.66533937e-07 
 2.84600000e-04  1.54114307e-07 
 2.84700000e-04  1.53745881e-07 
 2.84800000e-04  1.53536290e-07 
 2.84900000e-04  1.53383881e-07 
 2.85000000e-04  1.53290445e-07 
 2.85100000e-04  1.66635254e-07 
 2.85200000e-04  1.66428717e-07 
 2.85300000e-04  1.66357711e-07 
 2.85400000e-04  1.66296210e-07 
 2.85500000e-04  1.66282641e-07 
 2.85600000e-04  1.52613881e-07 
 2.85700000e-04  1.52173109e-07 
 2.85800000e-04  1.51939771e-07 
 2.85900000e-04  1.51759008e-07 
 2.86000000e-04  1.51632435e-07 
 2.86100000e-04  1.71006291e-07 
 2.86200000e-04  1.70015762e-07 
 2.86300000e-04  1.69716124e-07 
 2.86400000e-04  1.69584928e-07 
 2.86500000e-04  1.69508159e-07 
 2.86600000e-04  1.59224217e-07 
 2.86700000e-04  1.58677825e-07 
 2.86800000e-04  1.58412578e-07 
 2.86900000e-04  1.58228682e-07 
 2.87000000e-04  1.58127856e-07 
 2.87100000e-04  1.03753153e-04 
 2.87200000e-04  1.03752674e-04 
 2.87300000e-04  1.03752536e-04 
 2.87400000e-04  1.03752419e-04 
 2.87500000e-04  1.03752366e-04 
 2.87600000e-04  1.03738815e-04 
 2.87700000e-04  1.03738253e-04 
 2.87800000e-04  1.03737991e-04 
 2.87900000e-04  1.03737798e-04 
 2.88000000e-04  1.03737675e-04 
 2.88100000e-04  1.68056806e-07 
 2.88200000e-04  1.67843669e-07 
 2.88300000e-04  1.67752058e-07 
 2.88400000e-04  1.67668900e-07 
 2.88500000e-04  1.67638752e-07 
 2.88600000e-04  1.55215412e-07 
 2.88700000e-04  1.54805718e-07 
 2.88800000e-04  1.54604450e-07 
 2.88900000e-04  1.54464410e-07 
 2.89000000e-04  1.54387514e-07 
 2.89100000e-04  1.67791703e-07 
 2.89200000e-04  1.67577219e-07 
 2.89300000e-04  1.67505924e-07 
 2.89400000e-04  1.67445071e-07 
 2.89500000e-04  1.67412903e-07 
 2.89600000e-04  1.53699300e-07 
 2.89700000e-04  1.53279811e-07 
 2.89800000e-04  1.53031794e-07 
 2.89900000e-04  1.52846726e-07 
 2.90000000e-04  1.52726582e-07 
 2.90100000e-04  1.69191428e-07 
 2.90200000e-04  1.68889602e-07 
 2.90300000e-04  1.68778783e-07 
 2.90400000e-04  1.68681712e-07 
 2.90500000e-04  1.68638480e-07 
 2.90600000e-04  1.57455757e-07 
 2.90700000e-04  1.57062313e-07 
 2.90800000e-04  1.56866696e-07 
 2.90900000e-04  1.56730419e-07 
 2.91000000e-04  1.56655334e-07 
 2.91100000e-04  1.67879013e-07 
 2.91200000e-04  1.67623550e-07 
 2.91300000e-04  1.67536822e-07 
 2.91400000e-04  1.67461296e-07 
 2.91500000e-04  1.67428364e-07 
 2.91600000e-04  1.53738533e-07 
 2.91700000e-04  1.53277215e-07 
 2.91800000e-04  1.53023979e-07 
 2.91900000e-04  1.52843317e-07 
 2.92000000e-04  1.52737501e-07 
 2.92100000e-04  1.68645349e-07 
 2.92200000e-04  1.68465793e-07 
 2.92300000e-04  1.68392091e-07 
 2.92400000e-04  1.68325571e-07 
 2.92500000e-04  1.68279949e-07 
 2.92600000e-04  1.55769636e-07 
 2.92700000e-04  1.55401074e-07 
 2.92800000e-04  1.55192562e-07 
 2.92900000e-04  1.55047256e-07 
 2.93000000e-04  1.54967129e-07 
 2.93100000e-04  1.68423857e-07 
 2.93200000e-04  1.68180033e-07 
 2.93300000e-04  1.68106071e-07 
 2.93400000e-04  1.68045329e-07 
 2.93500000e-04  1.68016337e-07 
 2.93600000e-04  1.54260581e-07 
 2.93700000e-04  1.53854354e-07 
 2.93800000e-04  1.53607904e-07 
 2.93900000e-04  1.53426280e-07 
 2.94000000e-04  1.53311507e-07 
 2.94100000e-04  1.71383220e-07 
 2.94200000e-04  1.70773710e-07 
 2.94300000e-04  1.70582444e-07 
 2.94400000e-04  1.70418624e-07 
 2.94500000e-04  1.70355598e-07 
 2.94600000e-04  1.63013357e-07 
 2.94700000e-04  1.62635462e-07 
 2.94800000e-04  1.62453731e-07 
 2.94900000e-04  1.62344458e-07 
 2.95000000e-04  1.62309908e-07 
 2.95100000e-04  1.67724958e-07 
 2.95200000e-04  1.66853874e-07 
 2.95300000e-04  1.66615006e-07 
 2.95400000e-04  1.66417026e-07 
 2.95500000e-04  1.66338345e-07 
 2.95600000e-04  1.52786399e-07 
 2.95700000e-04  1.52176646e-07 
 2.95800000e-04  1.51898882e-07 
 2.95900000e-04  1.51692855e-07 
 2.96000000e-04  1.51560808e-07 
 2.96100000e-04  1.67458681e-07 
 2.96200000e-04  1.67284686e-07 
 2.96300000e-04  1.67201237e-07 
 2.96400000e-04  1.67124199e-07 
 2.96500000e-04  1.67068505e-07 
 2.96600000e-04  1.54619086e-07 
 2.96700000e-04  1.54236910e-07 
 2.96800000e-04  1.54024897e-07 
 2.96900000e-04  1.53878700e-07 
 2.97000000e-04  1.53800372e-07 
 2.97100000e-04  1.67181026e-07 
 2.97200000e-04  1.66975266e-07 
 2.97300000e-04  1.66891977e-07 
 2.97400000e-04  1.66816952e-07 
 2.97500000e-04  1.66801998e-07 
 2.97600000e-04  1.53085861e-07 
 2.97700000e-04  1.52663489e-07 
 2.97800000e-04  1.52421572e-07 
 2.97900000e-04  1.52243241e-07 
 2.98000000e-04  1.52130481e-07 
 2.98100000e-04  1.68543750e-07 
 2.98200000e-04  1.68261484e-07 
 2.98300000e-04  1.68159527e-07 
 2.98400000e-04  1.68069847e-07 
 2.98500000e-04  1.68008133e-07 
 2.98600000e-04  1.56852217e-07 
 2.98700000e-04  1.56474637e-07 
 2.98800000e-04  1.56275782e-07 
 2.98900000e-04  1.56139379e-07 
 2.99000000e-04  1.56067376e-07 
 2.99100000e-04  1.67247079e-07 
 2.99200000e-04  1.66996077e-07 
 2.99300000e-04  1.66913499e-07 
 2.99400000e-04  1.66841825e-07 
 2.99500000e-04  1.66818035e-07 
 2.99600000e-04  1.53142736e-07 
 2.99700000e-04  1.52672804e-07 
 2.99800000e-04  1.52430603e-07 
 2.99900000e-04  1.52246014e-07 
 3.00000000e-04  1.52120826e-07 
 3.00100000e-04  1.68013834e-07 
 3.00200000e-04  1.67851955e-07 
 3.00300000e-04  1.67771552e-07 
 3.00400000e-04  1.67696151e-07 
 3.00500000e-04  1.67652444e-07 
 3.00600000e-04  1.55172814e-07 
 3.00700000e-04  1.54808439e-07 
 3.00800000e-04  1.54605723e-07 
 3.00900000e-04  1.54456816e-07 
 3.01000000e-04  1.54363388e-07 
 3.01100000e-04  1.67776827e-07 
 3.01200000e-04  1.67566541e-07 
 3.01300000e-04  1.67489982e-07 
 3.01400000e-04  1.67422360e-07 
 3.01500000e-04  1.67404475e-07 
 3.01600000e-04  1.53680906e-07 
 3.01700000e-04  1.53232847e-07 
 3.01800000e-04  1.52997471e-07 
 3.01900000e-04  1.52821823e-07 
 3.02000000e-04  1.52707758e-07 
 3.02100000e-04  1.69688377e-07 
 3.02200000e-04  1.69291460e-07 
 3.02300000e-04  1.69166079e-07 
 3.02400000e-04  1.69059256e-07 
 3.02500000e-04  1.69001536e-07 
 3.02600000e-04  1.59091766e-07 
 3.02700000e-04  1.58706547e-07 
 3.02800000e-04  1.58519157e-07 
 3.02900000e-04  1.58393804e-07 
 3.03000000e-04  1.58332416e-07 
 3.03100000e-04  1.67369599e-07 
 3.03200000e-04  1.67067202e-07 
 3.03300000e-04  1.66978903e-07 
 3.03400000e-04  1.66905385e-07 
 3.03500000e-04  1.66848396e-07 
 3.03600000e-04  1.53218798e-07 
 3.03700000e-04  1.52703140e-07 
 3.03800000e-04  1.52450801e-07 
 3.03900000e-04  1.52263266e-07 
 3.04000000e-04  1.52142547e-07 
 3.04100000e-04  1.68039829e-07 
 3.04200000e-04  1.67856734e-07 
 3.04300000e-04  1.67776339e-07 
 3.04400000e-04  1.67703337e-07 
 3.04500000e-04  1.67658514e-07 
 3.04600000e-04  1.55186909e-07 
 3.04700000e-04  1.54810299e-07 
 3.04800000e-04  1.54604968e-07 
 3.04900000e-04  1.54457063e-07 
 3.05000000e-04  1.54368365e-07 
 3.05100000e-04  1.67791609e-07 
 3.05200000e-04  1.67581058e-07 
 3.05300000e-04  1.67496561e-07 
 3.05400000e-04  1.67420964e-07 
 3.05500000e-04  1.67401064e-07 
 3.05600000e-04  1.53678915e-07 
 3.05700000e-04  1.53254032e-07 
 3.05800000e-04  1.53012612e-07 
 3.05900000e-04  1.52830150e-07 
 3.06000000e-04  1.52708472e-07 
 3.06100000e-04  1.69154175e-07 
 3.06200000e-04  1.68868988e-07 
 3.06300000e-04  1.68764454e-07 
 3.06400000e-04  1.68672029e-07 
 3.06500000e-04  1.68625966e-07 
 3.06600000e-04  1.57438457e-07 
 3.06700000e-04  1.57047645e-07 
 3.06800000e-04  1.56854993e-07 
 3.06900000e-04  1.56721065e-07 
 3.07000000e-04  1.56647678e-07 
 3.07100000e-04  1.67864806e-07 
 3.07200000e-04  1.67616279e-07 
 3.07300000e-04  1.67532137e-07 
 3.07400000e-04  1.67458672e-07 
 3.07500000e-04  1.67437085e-07 
 3.07600000e-04  1.53731851e-07 
 3.07700000e-04  1.53269041e-07 
 3.07800000e-04  1.53015201e-07 
 3.07900000e-04  1.52828055e-07 
 3.08000000e-04  1.52709672e-07 
 3.08100000e-04  1.68643332e-07 
 3.08200000e-04  1.68457216e-07 
 3.08300000e-04  1.68378070e-07 
 3.08400000e-04  1.68306559e-07 
 3.08500000e-04  1.68277066e-07 
 3.08600000e-04  1.55764117e-07 
 3.08700000e-04  1.55394409e-07 
 3.08800000e-04  1.55183559e-07 
 3.08900000e-04  1.55039168e-07 
 3.09000000e-04  1.54963303e-07 
 3.09100000e-04  1.68415783e-07 
 3.09200000e-04  1.68178108e-07 
 3.09300000e-04  1.68105006e-07 
 3.09400000e-04  1.68044258e-07 
 3.09500000e-04  1.68008886e-07 
 3.09600000e-04  1.54252896e-07 
 3.09700000e-04  1.53827320e-07 
 3.09800000e-04  1.53603367e-07 
 3.09900000e-04  1.53430008e-07 
 3.10000000e-04  1.53308802e-07 
 3.10100000e-04  1.70844931e-07 
 3.10200000e-04  1.70332493e-07 
 3.10300000e-04  1.70172929e-07 
 3.10400000e-04  1.70037260e-07 
 3.10500000e-04  1.69978469e-07 
 3.10600000e-04  1.61342672e-07 
 3.10700000e-04  1.60954296e-07 
 3.10800000e-04  1.60776051e-07 
 3.10900000e-04  1.60659567e-07 
 3.11000000e-04  1.60606756e-07 
 3.11100000e-04  1.67660724e-07 
 3.11200000e-04  1.67274086e-07 
 3.11300000e-04  1.67128884e-07 
 3.11400000e-04  1.66999735e-07 
 3.11500000e-04  1.66952205e-07 
 3.11600000e-04  1.53317159e-07 
 3.11700000e-04  1.52759089e-07 
 3.11800000e-04  1.52488455e-07 
 3.11900000e-04  1.52288007e-07 
 3.12000000e-04  1.52159922e-07 
 3.12100000e-04  1.68077871e-07 
 3.12200000e-04  1.67888734e-07 
 3.12300000e-04  1.67808799e-07 
 3.12400000e-04  1.67736889e-07 
 3.12500000e-04  1.67696926e-07 
 3.12600000e-04  1.55206593e-07 
 3.12700000e-04  1.54819540e-07 
 3.12800000e-04  1.54619400e-07 
 3.12900000e-04  1.54476368e-07 
 3.13000000e-04  1.54392158e-07 
 3.13100000e-04  1.69556552e-07 
 3.13200000e-04  1.69053758e-07 
 3.13300000e-04  1.68888337e-07 
 3.13400000e-04  1.68810457e-07 
 3.13500000e-04  1.68760863e-07 
 3.13600000e-04  1.54542558e-07 
 3.13700000e-04  1.53946710e-07 
 3.13800000e-04  1.53669156e-07 
 3.13900000e-04  1.53472039e-07 
 3.14000000e-04  1.53357030e-07 
 3.14100000e-04  1.03756091e-04 
 3.14200000e-04  1.03755605e-04 
 3.14300000e-04  1.03755462e-04 
 3.14400000e-04  1.03755343e-04 
 3.14500000e-04  1.03755290e-04 
 3.14600000e-04  1.03744091e-04 
 3.14700000e-04  1.03743697e-04 
 3.14800000e-04  1.03743486e-04 
 3.14900000e-04  1.03743349e-04 
 3.15000000e-04  1.03743290e-04 
 3.15100000e-04  1.69015797e-07 
 3.15200000e-04  1.68734567e-07 
 3.15300000e-04  1.68644574e-07 
 3.15400000e-04  1.68567013e-07 
 3.15500000e-04  1.68529847e-07 
 3.15600000e-04  1.54829916e-07 
 3.15700000e-04  1.54352028e-07 
 3.15800000e-04  1.54100213e-07 
 3.15900000e-04  1.53921047e-07 
 3.16000000e-04  1.53816782e-07 
 3.16100000e-04  1.69793887e-07 
 3.16200000e-04  1.69604828e-07 
 3.16300000e-04  1.69529241e-07 
 3.16400000e-04  1.69462050e-07 
 3.16500000e-04  1.69403763e-07 
 3.16600000e-04  1.56850099e-07 
 3.16700000e-04  1.56476984e-07 
 3.16800000e-04  1.56280543e-07 
 3.16900000e-04  1.56140061e-07 
 3.17000000e-04  1.56057256e-07 
 3.17100000e-04  1.69567599e-07 
 3.17200000e-04  1.69338473e-07 
 3.17300000e-04  1.69252059e-07 
 3.17400000e-04  1.69175920e-07 
 3.17500000e-04  1.69151127e-07 
 3.17600000e-04  1.55348064e-07 
 3.17700000e-04  1.54910522e-07 
 3.17800000e-04  1.54687584e-07 
 3.17900000e-04  1.54516609e-07 
 3.18000000e-04  1.54399194e-07 
 3.18100000e-04  1.71466620e-07 
 3.18200000e-04  1.71063120e-07 
 3.18300000e-04  1.70925087e-07 
 3.18400000e-04  1.70804561e-07 
 3.18500000e-04  1.70747197e-07 
 3.18600000e-04  1.60758402e-07 
 3.18700000e-04  1.60377660e-07 
 3.18800000e-04  1.60192552e-07 
 3.18900000e-04  1.60072938e-07 
 3.19000000e-04  1.60020841e-07 
 3.19100000e-04  1.69148870e-07 
 3.19200000e-04  1.68851709e-07 
 3.19300000e-04  1.68745403e-07 
 3.19400000e-04  1.68651803e-07 
 3.19500000e-04  1.68602623e-07 
 3.19600000e-04  1.54869104e-07 
 3.19700000e-04  1.54362329e-07 
 3.19800000e-04  1.54112057e-07 
 3.19900000e-04  1.53927668e-07 
 3.20000000e-04  1.53811195e-07 
 3.20100000e-04  1.69813325e-07 
 3.20200000e-04  1.69618732e-07 
 3.20300000e-04  1.69532419e-07 
 3.20400000e-04  1.69454019e-07 
 3.20500000e-04  1.69428192e-07 
 3.20600000e-04  1.56843910e-07 
 3.20700000e-04  1.56473996e-07 
 3.20800000e-04  1.56279661e-07 
 3.20900000e-04  1.56138934e-07 
 3.21000000e-04  1.56053458e-07 
 3.21100000e-04  1.69555023e-07 
 3.21200000e-04  1.69331788e-07 
 3.21300000e-04  1.69258184e-07 
 3.21400000e-04  1.69195286e-07 
 3.21500000e-04  1.69161311e-07 
 3.21600000e-04  1.55336594e-07 
 3.21700000e-04  1.54903844e-07 
 3.21800000e-04  1.54685729e-07 
 3.21900000e-04  1.54514055e-07 
 3.22000000e-04  1.54390236e-07 
 3.22100000e-04  1.70937426e-07 
 3.22200000e-04  1.70649448e-07 
 3.22300000e-04  1.70529108e-07 
 3.22400000e-04  1.70419597e-07 
 3.22500000e-04  1.70373970e-07 
 3.22600000e-04  1.59085569e-07 
 3.22700000e-04  1.58711330e-07 
 3.22800000e-04  1.58521574e-07 
 3.22900000e-04  1.58396178e-07 
 3.23000000e-04  1.58337127e-07 
 3.23100000e-04  1.69643513e-07 
 3.23200000e-04  1.69370070e-07 
 3.23300000e-04  1.69275008e-07 
 3.23400000e-04  1.69192036e-07 
 3.23500000e-04  1.69166500e-07 
 3.23600000e-04  1.55375001e-07 
 3.23700000e-04  1.54934556e-07 
 3.23800000e-04  1.54692085e-07 
 3.23900000e-04  1.54510900e-07 
 3.24000000e-04  1.54392884e-07 
 3.24100000e-04  1.70407381e-07 
 3.24200000e-04  1.70217428e-07 
 3.24300000e-04  1.70135434e-07 
 3.24400000e-04  1.70061338e-07 
 3.24500000e-04  1.70015139e-07 
 3.24600000e-04  1.57436582e-07 
 3.24700000e-04  1.57053129e-07 
 3.24800000e-04  1.56857040e-07 
 3.24900000e-04  1.56722544e-07 
 3.25000000e-04  1.56651534e-07 
 3.25100000e-04  1.70174156e-07 
 3.25200000e-04  1.69940910e-07 
 3.25300000e-04  1.69859755e-07 
 3.25400000e-04  1.69789450e-07 
 3.25500000e-04  1.69754990e-07 
 3.25600000e-04  1.55921125e-07 
 3.25700000e-04  1.55491515e-07 
 3.25800000e-04  1.55268503e-07 
 3.25900000e-04  1.55100964e-07 
 3.26000000e-04  1.54990596e-07 
 3.26100000e-04  1.73664578e-07 
 3.26200000e-04  1.72942730e-07 
 3.26300000e-04  1.72723148e-07 
 3.26400000e-04  1.72536675e-07 
 3.26500000e-04  1.72456427e-07 
 3.26600000e-04  1.66324295e-07 
 3.26700000e-04  1.65948687e-07 
 3.26800000e-04  1.65780194e-07 
 3.26900000e-04  1.65678775e-07 
 3.27000000e-04  1.65646497e-07 
 3.27100000e-04  1.68946720e-07 
 3.27200000e-04  1.68005391e-07 
 3.27300000e-04  1.67758775e-07 
 3.27400000e-04  1.67556413e-07 
 3.27500000e-04  1.67486134e-07 
 3.27600000e-04  1.53890381e-07 
 3.27700000e-04  1.53252254e-07 
 3.27800000e-04  1.52976346e-07 
 3.27900000e-04  1.52776155e-07 
 3.28000000e-04  1.52654023e-07 
 3.28100000e-04  1.68599370e-07 
 3.28200000e-04  1.68414405e-07 
 3.28300000e-04  1.68325627e-07 
 3.28400000e-04  1.68243361e-07 
 3.28500000e-04  1.68206764e-07 
 3.28600000e-04  1.55680690e-07 
 3.28700000e-04  1.55296089e-07 
 3.28800000e-04  1.55109448e-07 
 3.28900000e-04  1.54971579e-07 
 3.29000000e-04  1.54883967e-07 
 3.29100000e-04  1.68319951e-07 
 3.29200000e-04  1.68096423e-07 
 3.29300000e-04  1.68019147e-07 
 3.29400000e-04  1.67952353e-07 
 3.29500000e-04  1.67914773e-07 
 3.29600000e-04  1.54156496e-07 
 3.29700000e-04  1.53733768e-07 
 3.29800000e-04  1.53499669e-07 
 3.29900000e-04  1.53322560e-07 
 3.30000000e-04  1.53204182e-07 
 3.30100000e-04  1.69697471e-07 
 3.30200000e-04  1.69401065e-07 
 3.30300000e-04  1.69293712e-07 
 3.30400000e-04  1.69199736e-07 
 3.30500000e-04  1.69143754e-07 
 3.30600000e-04  1.57904072e-07 
 3.30700000e-04  1.57548988e-07 
 3.30800000e-04  1.57347422e-07 
 3.30900000e-04  1.57210652e-07 
 3.31000000e-04  1.57140667e-07 
 3.31100000e-04  1.68386514e-07 
 3.31200000e-04  1.68139562e-07 
 3.31300000e-04  1.68047864e-07 
 3.31400000e-04  1.67966097e-07 
 3.31500000e-04  1.67941518e-07 
 3.31600000e-04  1.54217768e-07 
 3.31700000e-04  1.53740204e-07 
 3.31800000e-04  1.53497390e-07 
 3.31900000e-04  1.53319972e-07 
 3.32000000e-04  1.53209957e-07 
 3.32100000e-04  1.69166924e-07 
 3.32200000e-04  1.68969562e-07 
 3.32300000e-04  1.68893534e-07 
 3.32400000e-04  1.68826529e-07 
 3.32500000e-04  1.68783357e-07 
 3.32600000e-04  1.56241079e-07 
 3.32700000e-04  1.55866182e-07 
 3.32800000e-04  1.55663666e-07 
 3.32900000e-04  1.55526873e-07 
 3.33000000e-04  1.55457816e-07 
 3.33100000e-04  1.68921937e-07 
 3.33200000e-04  1.68708881e-07 
 3.33300000e-04  1.68628834e-07 
 3.33400000e-04  1.68557789e-07 
 3.33500000e-04  1.68518970e-07 
 3.33600000e-04  1.54735497e-07 
 3.33700000e-04  1.54304560e-07 
 3.33800000e-04  1.54080206e-07 
 3.33900000e-04  1.53911355e-07 
 3.34000000e-04  1.53799700e-07 
 3.34100000e-04  1.70831628e-07 
 3.34200000e-04  1.70424316e-07 
 3.34300000e-04  1.70294743e-07 
 3.34400000e-04  1.70184127e-07 
 3.34500000e-04  1.70115264e-07 
 3.34600000e-04  1.60152018e-07 
 3.34700000e-04  1.59789888e-07 
 3.34800000e-04  1.59604242e-07 
 3.34900000e-04  1.59476014e-07 
 3.35000000e-04  1.59406952e-07 
 3.35100000e-04  1.68510048e-07 
 3.35200000e-04  1.68207880e-07 
 3.35300000e-04  1.68104301e-07 
 3.35400000e-04  1.68013872e-07 
 3.35500000e-04  1.67982478e-07 
 3.35600000e-04  1.54277020e-07 
 3.35700000e-04  1.53784942e-07 
 3.35800000e-04  1.53533707e-07 
 3.35900000e-04  1.53346103e-07 
 3.36000000e-04  1.53224075e-07 
 3.36100000e-04  1.69184265e-07 
 3.36200000e-04  1.68997040e-07 
 3.36300000e-04  1.68913655e-07 
 3.36400000e-04  1.68837925e-07 
 3.36500000e-04  1.68786528e-07 
 3.36600000e-04  1.56242517e-07 
 3.36700000e-04  1.55866810e-07 
 3.36800000e-04  1.55672304e-07 
 3.36900000e-04  1.55538884e-07 
 3.37000000e-04  1.55468419e-07 
 3.37100000e-04  1.68926118e-07 
 3.37200000e-04  1.68702291e-07 
 3.37300000e-04  1.68625800e-07 
 3.37400000e-04  1.68559689e-07 
 3.37500000e-04  1.68525559e-07 
 3.37600000e-04  1.54738440e-07 
 3.37700000e-04  1.54310202e-07 
 3.37800000e-04  1.54083495e-07 
 3.37900000e-04  1.53907990e-07 
 3.38000000e-04  1.53785239e-07 
 3.38100000e-04  1.70311698e-07 
 3.38200000e-04  1.70016148e-07 
 3.38300000e-04  1.69908513e-07 
 3.38400000e-04  1.69813808e-07 
 3.38500000e-04  1.69762567e-07 
 3.38600000e-04  1.58507158e-07 
 3.38700000e-04  1.58120442e-07 
 3.38800000e-04  1.57929400e-07 
 3.38900000e-04  1.57800958e-07 
 3.39000000e-04  1.57736952e-07 
 3.39100000e-04  1.70927523e-07 
 3.39200000e-04  1.70285672e-07 
 3.39300000e-04  1.70061673e-07 
 3.39400000e-04  1.69957521e-07 
 3.39500000e-04  1.69892094e-07 
 3.39600000e-04  1.55660132e-07 
 3.39700000e-04  1.55026701e-07 
 3.39800000e-04  1.54761218e-07 
 3.39900000e-04  1.54565241e-07 
 3.40000000e-04  1.54440182e-07 
 3.40100000e-04  1.03756711e-04 
 3.40200000e-04  1.03756321e-04 
 3.40300000e-04  1.03756205e-04 
 3.40400000e-04  1.03756109e-04 
 3.40500000e-04  1.03756049e-04 
 3.40600000e-04  1.03743486e-04 
 3.40700000e-04  1.03743110e-04 
 3.40800000e-04  1.03742912e-04 
 3.40900000e-04  1.03742769e-04 
 3.41000000e-04  1.03742684e-04 
 3.41100000e-04  1.70709650e-07 
 3.41200000e-04  1.70430472e-07 
 3.41300000e-04  1.70347238e-07 
 3.41400000e-04  1.70278492e-07 
 3.41500000e-04  1.70238203e-07 
 3.41600000e-04  1.56424096e-07 
 3.41700000e-04  1.55997387e-07 
 3.41800000e-04  1.55764377e-07 
 3.41900000e-04  1.55589207e-07 
 3.42000000e-04  1.55473632e-07 
 3.42100000e-04  1.73145815e-07 
 3.42200000e-04  1.72628421e-07 
 3.42300000e-04  1.72452130e-07 
 3.42400000e-04  1.72298530e-07 
 3.42500000e-04  1.72234151e-07 
 3.42600000e-04  1.63492967e-07 
 3.42700000e-04  1.63132765e-07 
 3.42800000e-04  1.62948647e-07 
 3.42900000e-04  1.62835298e-07 
 3.43000000e-04  1.62794883e-07 
 3.43100000e-04  1.69957585e-07 
 3.43200000e-04  1.69547835e-07 
 3.43300000e-04  1.69400449e-07 
 3.43400000e-04  1.69271380e-07 
 3.43500000e-04  1.69198311e-07 
 3.43600000e-04  1.55468740e-07 
 3.43700000e-04  1.54903054e-07 
 3.43800000e-04  1.54642527e-07 
 3.43900000e-04  1.54449459e-07 
 3.44000000e-04  1.54325914e-07 
 3.44100000e-04  1.70354661e-07 
 3.44200000e-04  1.70156126e-07 
 3.44300000e-04  1.70068096e-07 
 3.44400000e-04  1.69988006e-07 
 3.44500000e-04  1.69942426e-07 
 3.44600000e-04  1.57334468e-07 
 3.44700000e-04  1.56959159e-07 
 3.44800000e-04  1.56774001e-07 
 3.44900000e-04  1.56639475e-07 
 3.45000000e-04  1.56557109e-07 
 3.45100000e-04  1.70088365e-07 
 3.45200000e-04  1.69849201e-07 
 3.45300000e-04  1.69772807e-07 
 3.45400000e-04  1.69708527e-07 
 3.45500000e-04  1.69678202e-07 
 3.45600000e-04  1.55809097e-07 
 3.45700000e-04  1.55410455e-07 
 3.45800000e-04  1.55177925e-07 
 3.45900000e-04  1.55006690e-07 
 3.46000000e-04  1.54898611e-07 
 3.46100000e-04  1.71465655e-07 
 3.46200000e-04  1.71163141e-07 
 3.46300000e-04  1.71049697e-07 
 3.46400000e-04  1.70949351e-07 
 3.46500000e-04  1.70895081e-07 
 3.46600000e-04  1.59577258e-07 
 3.46700000e-04  1.59207945e-07 
 3.46800000e-04  1.59014237e-07 
 3.46900000e-04  1.58880874e-07 
 3.47000000e-04  1.58809689e-07 
 3.47100000e-04  1.70162620e-07 
 3.47200000e-04  1.69888447e-07 
 3.47300000e-04  1.69796941e-07 
 3.47400000e-04  1.69718035e-07 
 3.47500000e-04  1.69688454e-07 
 3.47600000e-04  1.55871467e-07 
 3.47700000e-04  1.55406268e-07 
 3.47800000e-04  1.55171896e-07 
 3.47900000e-04  1.54995659e-07 
 3.48000000e-04  1.54879318e-07 
 3.48100000e-04  1.70923815e-07 
 3.48200000e-04  1.70743086e-07 
 3.48300000e-04  1.70658255e-07 
 3.48400000e-04  1.70579634e-07 
 3.48500000e-04  1.70535495e-07 
 3.48600000e-04  1.57894191e-07 
 3.48700000e-04  1.57527186e-07 
 3.48800000e-04  1.57345976e-07 
 3.48900000e-04  1.57210530e-07 
 3.49000000e-04  1.57122212e-07 
 3.49100000e-04  1.70685713e-07 
 3.49200000e-04  1.70459465e-07 
 3.49300000e-04  1.70372132e-07 
 3.49400000e-04  1.70294503e-07 
 3.49500000e-04  1.70265602e-07 
 3.49600000e-04  1.56385080e-07 
 3.49700000e-04  1.55981036e-07 
 3.49800000e-04  1.55756072e-07 
 3.49900000e-04  1.55584327e-07 
 3.50000000e-04  1.55467404e-07 
 3.50100000e-04  1.72594115e-07 
 3.50200000e-04  1.72197180e-07 
 3.50300000e-04  1.72059588e-07 
 3.50400000e-04  1.71938864e-07 
 3.50500000e-04  1.71857936e-07 
 3.50600000e-04  1.61827232e-07 
 3.50700000e-04  1.61445767e-07 
 3.50800000e-04  1.61268654e-07 
 3.50900000e-04  1.61146902e-07 
 3.51000000e-04  1.61082182e-07 
 3.51100000e-04  1.70298094e-07 
 3.51200000e-04  1.69975655e-07 
 3.51300000e-04  1.69871984e-07 
 3.51400000e-04  1.69783498e-07 
 3.51500000e-04  1.69720210e-07 
 3.51600000e-04  1.55938988e-07 
 3.51700000e-04  1.55448260e-07 
 3.51800000e-04  1.55203491e-07 
 3.51900000e-04  1.55016915e-07 
 3.52000000e-04  1.54890293e-07 
 3.52100000e-04  1.70945807e-07 
 3.52200000e-04  1.70761831e-07 
 3.52300000e-04  1.70667242e-07 
 3.52400000e-04  1.70578387e-07 
 3.52500000e-04  1.70534363e-07 
 3.52600000e-04  1.57912865e-07 
 3.52700000e-04  1.57534696e-07 
 3.52800000e-04  1.57360355e-07 
 3.52900000e-04  1.57231086e-07 
 3.53000000e-04  1.57148236e-07 
 3.53100000e-04  1.70692533e-07 
 3.53200000e-04  1.70468814e-07 
 3.53300000e-04  1.70384405e-07 
 3.53400000e-04  1.70309574e-07 
 3.53500000e-04  1.70278929e-07 
 3.53600000e-04  1.56398329e-07 
 3.53700000e-04  1.55977968e-07 
 3.53800000e-04  1.55754865e-07 
 3.53900000e-04  1.55589910e-07 
 3.54000000e-04  1.55484862e-07 
 3.54100000e-04  1.72083085e-07 
 3.54200000e-04  1.71770926e-07 
 3.54300000e-04  1.71656989e-07 
 3.54400000e-04  1.71557207e-07 
 3.54500000e-04  1.71510532e-07 
 3.54600000e-04  1.60148237e-07 
 3.54700000e-04  1.59786213e-07 
 3.54800000e-04  1.59595099e-07 
 3.54900000e-04  1.59474637e-07 
 3.55000000e-04  1.59426977e-07 
 3.55100000e-04  1.70773835e-07 
 3.55200000e-04  1.70507542e-07 
 3.55300000e-04  1.70413291e-07 
 3.55400000e-04  1.70330332e-07 
 3.55500000e-04  1.70285307e-07 
 3.55600000e-04  1.56447666e-07 
 3.55700000e-04  1.55995811e-07 
 3.55800000e-04  1.55761854e-07 
 3.55900000e-04  1.55588064e-07 
 3.56000000e-04  1.55476258e-07 
 3.56100000e-04  1.71549859e-07 
 3.56200000e-04  1.71342287e-07 
 3.56300000e-04  1.71262613e-07 
 3.56400000e-04  1.71192586e-07 
 3.56500000e-04  1.71138899e-07 
 3.56600000e-04  1.58478378e-07 
 3.56700000e-04  1.58121595e-07 
 3.56800000e-04  1.57944489e-07 
 3.56900000e-04  1.57813110e-07 
 3.57000000e-04  1.57728817e-07 
 3.57100000e-04  1.71326403e-07 
 3.57200000e-04  1.71090736e-07 
 3.57300000e-04  1.70999191e-07 
 3.57400000e-04  1.70918310e-07 
 3.57500000e-04  1.70883252e-07 
 3.57600000e-04  1.56967727e-07 
 3.57700000e-04  1.56567533e-07 
 3.57800000e-04  1.56351439e-07 
 3.57900000e-04  1.56182293e-07 
 3.58000000e-04  1.56061493e-07 
 3.58100000e-04  1.74285539e-07 
 3.58200000e-04  1.73667627e-07 
 3.58300000e-04  1.73461268e-07 
 3.58400000e-04  1.73281846e-07 
 3.58500000e-04  1.73210269e-07 
 3.58600000e-04  1.65720929e-07 
 3.58700000e-04  1.65365356e-07 
 3.58800000e-04  1.65192872e-07 
 3.58900000e-04  1.65086397e-07 
 3.59000000e-04  1.65047933e-07 
 3.59100000e-04  1.70578013e-07 
 3.59200000e-04  1.69784049e-07 
 3.59300000e-04  1.69532390e-07 
 3.59400000e-04  1.69317026e-07 
 3.59500000e-04  1.69233211e-07 
 3.59600000e-04  1.55507172e-07 
 3.59700000e-04  1.54940715e-07 
 3.59800000e-04  1.54671285e-07 
 3.59900000e-04  1.54471368e-07 
 3.60000000e-04  1.54343075e-07 
 3.60100000e-04  1.70378684e-07 
 3.60200000e-04  1.70168898e-07 
 3.60300000e-04  1.70077222e-07 
 3.60400000e-04  1.69994762e-07 
 3.60500000e-04  1.69943560e-07 
 3.60600000e-04  1.57338347e-07 
 3.60700000e-04  1.56964521e-07 
 3.60800000e-04  1.56774802e-07 
 3.60900000e-04  1.56639547e-07 
 3.61000000e-04  1.56560388e-07 
 3.61100000e-04  1.70101958e-07 
 3.61200000e-04  1.69860512e-07 
 3.61300000e-04  1.69779226e-07 
 3.61400000e-04  1.69709925e-07 
 3.61500000e-04  1.69670564e-07 
 3.61600000e-04  1.55815082e-07 
 3.61700000e-04  1.55394131e-07 
 3.61800000e-04  1.55172114e-07 
 3.61900000e-04  1.55002004e-07 
 3.62000000e-04  1.54885347e-07 
 3.62100000e-04  1.71460493e-07 
 3.62200000e-04  1.71161656e-07 
 3.62300000e-04  1.71048500e-07 
 3.62400000e-04  1.70947813e-07 
 3.62500000e-04  1.70904243e-07 
 3.62600000e-04  1.59578249e-07 
 3.62700000e-04  1.59207412e-07 
 3.62800000e-04  1.59011408e-07 
 3.62900000e-04  1.58880397e-07 
 3.63000000e-04  1.58816340e-07 
 3.63100000e-04  1.70162763e-07 
 3.63200000e-04  1.69890246e-07 
 3.63300000e-04  1.69796308e-07 
 3.63400000e-04  1.69714353e-07 
 3.63500000e-04  1.69685435e-07 
 3.63600000e-04  1.55860773e-07 
 3.63700000e-04  1.55415638e-07 
 3.63800000e-04  1.55176394e-07 
 3.63900000e-04  1.54997759e-07 
 3.64000000e-04  1.54881560e-07 
 3.64100000e-04  1.70932644e-07 
 3.64200000e-04  1.70731042e-07 
 3.64300000e-04  1.70644817e-07 
 3.64400000e-04  1.70567065e-07 
 3.64500000e-04  1.70525529e-07 
 3.64600000e-04  1.57910055e-07 
 3.64700000e-04  1.57528707e-07 
 3.64800000e-04  1.57344864e-07 
 3.64900000e-04  1.57208428e-07 
 3.65000000e-04  1.57120803e-07 
 3.65100000e-04  1.70687272e-07 
 3.65200000e-04  1.70458110e-07 
 3.65300000e-04  1.70370146e-07 
 3.65400000e-04  1.70291885e-07 
 3.65500000e-04  1.70264026e-07 
 3.65600000e-04  1.56395462e-07 
 3.65700000e-04  1.55983130e-07 
 3.65800000e-04  1.55753153e-07 
 3.65900000e-04  1.55579795e-07 
 3.66000000e-04  1.55464754e-07 
 3.66100000e-04  1.72600615e-07 
 3.66200000e-04  1.72193927e-07 
 3.66300000e-04  1.72050761e-07 
 3.66400000e-04  1.71924857e-07 
 3.66500000e-04  1.71858402e-07 
 3.66600000e-04  1.61806631e-07 
 3.66700000e-04  1.61447022e-07 
 3.66800000e-04  1.61262972e-07 
 3.66900000e-04  1.61147373e-07 
 3.67000000e-04  1.61102298e-07 
 3.67100000e-04  1.70289157e-07 
 3.67200000e-04  1.69984713e-07 
 3.67300000e-04  1.69875128e-07 
 3.67400000e-04  1.69778283e-07 
 3.67500000e-04  1.69734021e-07 
 3.67600000e-04  1.55929303e-07 
 3.67700000e-04  1.55448983e-07 
 3.67800000e-04  1.55204645e-07 
 3.67900000e-04  1.55023769e-07 
 3.68000000e-04  1.54908269e-07 
 3.68100000e-04  1.70947837e-07 
 3.68200000e-04  1.70748430e-07 
 3.68300000e-04  1.70655120e-07 
 3.68400000e-04  1.70569359e-07 
 3.68500000e-04  1.70529868e-07 
 3.68600000e-04  1.57894703e-07 
 3.68700000e-04  1.57527584e-07 
 3.68800000e-04  1.57341261e-07 
 3.68900000e-04  1.57209807e-07 
 3.69000000e-04  1.57134858e-07 
 3.69100000e-04  1.70695479e-07 
 3.69200000e-04  1.70456528e-07 
 3.69300000e-04  1.70378652e-07 
 3.69400000e-04  1.70312566e-07 
 3.69500000e-04  1.70273265e-07 
 3.69600000e-04  1.56392441e-07 
 3.69700000e-04  1.55979302e-07 
 3.69800000e-04  1.55759784e-07 
 3.69900000e-04  1.55589368e-07 
 3.70000000e-04  1.55469506e-07 
 3.70100000e-04  1.72071508e-07 
 3.70200000e-04  1.71769704e-07 
 3.70300000e-04  1.71656387e-07 
 3.70400000e-04  1.71555904e-07 
 3.70500000e-04  1.71510295e-07 
 3.70600000e-04  1.60155640e-07 
 3.70700000e-04  1.59794742e-07 
 3.70800000e-04  1.59598164e-07 
 3.70900000e-04  1.59470759e-07 
 3.71000000e-04  1.59414617e-07 
 3.71100000e-04  1.70771111e-07 
 3.71200000e-04  1.70510580e-07 
 3.71300000e-04  1.70419445e-07 
 3.71400000e-04  1.70339489e-07 
 3.71500000e-04  1.70302444e-07 
 3.71600000e-04  1.56453393e-07 
 3.71700000e-04  1.55993968e-07 
 3.71800000e-04  1.55763711e-07 
 3.71900000e-04  1.55587779e-07 
 3.72000000e-04  1.55467790e-07 
 3.72100000e-04  1.71545543e-07 
 3.72200000e-04  1.71362904e-07 
 3.72300000e-04  1.71274758e-07 
 3.72400000e-04  1.71192671e-07 
 3.72500000e-04  1.71157301e-07 
 3.72600000e-04  1.58487216e-07 
 3.72700000e-04  1.58129954e-07 
 3.72800000e-04  1.57944546e-07 
 3.72900000e-04  1.57808291e-07 
 3.73000000e-04  1.57722642e-07 
 3.73100000e-04  1.71320778e-07 
 3.73200000e-04  1.71073196e-07 
 3.73300000e-04  1.70989601e-07 
 3.73400000e-04  1.70918318e-07 
 3.73500000e-04  1.70883223e-07 
 3.73600000e-04  1.56969348e-07 
 3.73700000e-04  1.56559448e-07 
 3.73800000e-04  1.56351011e-07 
 3.73900000e-04  1.56187513e-07 
 3.74000000e-04  1.56070273e-07 
 3.74100000e-04  1.73760307e-07 
 3.74200000e-04  1.73244847e-07 
 3.74300000e-04  1.73070536e-07 
 3.74400000e-04  1.72918658e-07 
 3.74500000e-04  1.72848405e-07 
 3.74600000e-04  1.64059038e-07 
 3.74700000e-04  1.63693627e-07 
 3.74800000e-04  1.63528443e-07 
 3.74900000e-04  1.63420199e-07 
 3.75000000e-04  1.63370590e-07 
 3.75100000e-04  1.70574702e-07 
 3.75200000e-04  1.70171416e-07 
 3.75300000e-04  1.70014087e-07 
 3.75400000e-04  1.69873494e-07 
 3.75500000e-04  1.69817075e-07 
 3.75600000e-04  1.56044475e-07 
 3.75700000e-04  1.55488008e-07 
 3.75800000e-04  1.55235186e-07 
 3.75900000e-04  1.55049075e-07 
 3.76000000e-04  1.54931680e-07 
 3.76100000e-04  1.70980470e-07 
 3.76200000e-04  1.70778524e-07 
 3.76300000e-04  1.70688777e-07 
 3.76400000e-04  1.70607125e-07 
 3.76500000e-04  1.70558658e-07 
 3.76600000e-04  1.57909098e-07 
 3.76700000e-04  1.57552807e-07 
 3.76800000e-04  1.57357010e-07 
 3.76900000e-04  1.57218493e-07 
 3.77000000e-04  1.57138965e-07 
 3.77100000e-04  1.70706051e-07 
 3.77200000e-04  1.70477427e-07 
 3.77300000e-04  1.70387414e-07 
 3.77400000e-04  1.70306938e-07 
 3.77500000e-04  1.70287752e-07 
 3.77600000e-04  1.56398983e-07 
 3.77700000e-04  1.55991802e-07 
 3.77800000e-04  1.55767343e-07 
 3.77900000e-04  1.55594411e-07 
 3.78000000e-04  1.55474529e-07 
 3.78100000e-04  1.72083066e-07 
 3.78200000e-04  1.71783068e-07 
 3.78300000e-04  1.71664752e-07 
 3.78400000e-04  1.71558587e-07 
 3.78500000e-04  1.71505004e-07 
 3.78600000e-04  1.60161469e-07 
 3.78700000e-04  1.59798659e-07 
 3.78800000e-04  1.59612331e-07 
 3.78900000e-04  1.59487034e-07 
 3.79000000e-04  1.59424593e-07 
 3.79100000e-04  1.70780501e-07 
 3.79200000e-04  1.70511772e-07 
 3.79300000e-04  1.70415887e-07 
 3.79400000e-04  1.70331305e-07 
 3.79500000e-04  1.70301269e-07 
 3.79600000e-04  1.56451716e-07 
 3.79700000e-04  1.55990205e-07 
 3.79800000e-04  1.55770187e-07 
 3.79900000e-04  1.55598027e-07 
 3.80000000e-04  1.55475130e-07 
 3.80100000e-04  1.71558189e-07 
 3.80200000e-04  1.71359891e-07 
 3.80300000e-04  1.71269888e-07 
 3.80400000e-04  1.71187712e-07 
 3.80500000e-04  1.71138590e-07 
 3.80600000e-04  1.58478712e-07 
 3.80700000e-04  1.58117629e-07 
 3.80800000e-04  1.57936026e-07 
 3.80900000e-04  1.57807417e-07 
 3.81000000e-04  1.57733371e-07 
 3.81100000e-04  1.71313655e-07 
 3.81200000e-04  1.71079522e-07 
 3.81300000e-04  1.70993345e-07 
 3.81400000e-04  1.70917541e-07 
 3.81500000e-04  1.70883948e-07 
 3.81600000e-04  1.56987862e-07 
 3.81700000e-04  1.56559944e-07 
 3.81800000e-04  1.56339582e-07 
 3.81900000e-04  1.56172230e-07 
 3.82000000e-04  1.56059455e-07 
 3.82100000e-04  1.73240379e-07 
 3.82200000e-04  1.72813915e-07 
 3.82300000e-04  1.72674348e-07 
 3.82400000e-04  1.72554737e-07 
 3.82500000e-04  1.72484923e-07 
 3.82600000e-04  1.62410780e-07 
 3.82700000e-04  1.62042411e-07 
 3.82800000e-04  1.61855870e-07 
 3.82900000e-04  1.61739319e-07 
 3.83000000e-04  1.61694865e-07 
 3.83100000e-04  1.70910483e-07 
 3.83200000e-04  1.70594939e-07 
 3.83300000e-04  1.70490614e-07 
 3.83400000e-04  1.70400599e-07 
 3.83500000e-04  1.70340190e-07 
 3.83600000e-04  1.56515623e-07 
 3.83700000e-04  1.56033528e-07 
 3.83800000e-04  1.55795199e-07 
 3.83900000e-04  1.55612815e-07 
 3.84000000e-04  1.55488033e-07 
 3.84100000e-04  1.71579144e-07 
 3.84200000e-04  1.71381918e-07 
 3.84300000e-04  1.71290577e-07 
 3.84400000e-04  1.71206945e-07 
 3.84500000e-04  1.71157196e-07 
 3.84600000e-04  1.58499451e-07 
 3.84700000e-04  1.58127024e-07 
 3.84800000e-04  1.57949461e-07 
 3.84900000e-04  1.57818606e-07 
 3.85000000e-04  1.57735819e-07 
 3.85100000e-04  1.71342295e-07 
 3.85200000e-04  1.71090118e-07 
 3.85300000e-04  1.71002340e-07 
 3.85400000e-04  1.70926965e-07 
 3.85500000e-04  1.70899187e-07 
 3.85600000e-04  1.56997153e-07 
 3.85700000e-04  1.56584186e-07 
 3.85800000e-04  1.56351303e-07 
 3.85900000e-04  1.56183498e-07 
 3.86000000e-04  1.56082717e-07 
 3.86100000e-04  1.72708863e-07 
 3.86200000e-04  1.72395758e-07 
 3.86300000e-04  1.72277797e-07 
 3.86400000e-04  1.72173606e-07 
 3.86500000e-04  1.72128839e-07 
 3.86600000e-04  1.60742416e-07 
 3.86700000e-04  1.60374601e-07 
 3.86800000e-04  1.60191532e-07 
 3.86900000e-04  1.60072819e-07 
 3.87000000e-04  1.60020379e-07 
 3.87100000e-04  1.71411513e-07 
 3.87200000e-04  1.71143420e-07 
 3.87300000e-04  1.71040962e-07 
 3.87400000e-04  1.70949566e-07 
 3.87500000e-04  1.70916472e-07 
 3.87600000e-04  1.57045176e-07 
 3.87700000e-04  1.56595350e-07 
 3.87800000e-04  1.56363762e-07 
 3.87900000e-04  1.56185934e-07 
 3.88000000e-04  1.56063452e-07 
 3.88100000e-04  1.72179320e-07 
 3.88200000e-04  1.71971360e-07 
 3.88300000e-04  1.71880571e-07 
 3.88400000e-04  1.71798237e-07 
 3.88500000e-04  1.71760887e-07 
 3.88600000e-04  1.59086173e-07 
 3.88700000e-04  1.58714189e-07 
 3.88800000e-04  1.58528119e-07 
 3.88900000e-04  1.58401842e-07 
 3.89000000e-04  1.58337130e-07 
 3.89100000e-04  1.71949181e-07 
 3.89200000e-04  1.71715070e-07 
 3.89300000e-04  1.71618126e-07 
 3.89400000e-04  1.71531047e-07 
 3.89500000e-04  1.71516649e-07 
 3.89600000e-04  1.57573635e-07 
 3.89700000e-04  1.57166238e-07 
 3.89800000e-04  1.56937740e-07 
 3.89900000e-04  1.56770555e-07 
 3.90000000e-04  1.56666506e-07 
 3.90100000e-04  1.75969204e-07 
 3.90200000e-04  1.75121327e-07 
 3.90300000e-04  1.74866405e-07 
 3.90400000e-04  1.74650684e-07 
 3.90500000e-04  1.74570171e-07 
 3.90600000e-04  1.69646784e-07 
 3.90700000e-04  1.69270888e-07 
 3.90800000e-04  1.69113757e-07 
 3.90900000e-04  1.69025619e-07 
 3.91000000e-04  1.69008539e-07 
 3.91100000e-04  1.70180299e-07 
 3.91200000e-04  1.69192977e-07 
 3.91300000e-04  1.68930354e-07 
 3.91400000e-04  1.68714174e-07 
 3.91500000e-04  1.68637515e-07 
 3.91600000e-04  1.55013115e-07 
 3.91700000e-04  1.54341856e-07 
 3.91800000e-04  1.54062002e-07 
 3.91900000e-04  1.53856718e-07 
 3.92000000e-04  1.53728243e-07 
 3.92100000e-04  1.69748389e-07 
 3.92200000e-04  1.69553652e-07 
 3.92300000e-04  1.69466143e-07 
 3.92400000e-04  1.69386398e-07 
 3.92500000e-04  1.69334392e-07 
 3.92600000e-04  1.56739639e-07 
 3.92700000e-04  1.56361600e-07 
 3.92800000e-04  1.56178714e-07 
 3.92900000e-04  1.56043760e-07 
 3.93000000e-04  1.55958132e-07 
 3.93100000e-04  1.69477652e-07 
 3.93200000e-04  1.69239573e-07 
 3.93300000e-04  1.69160801e-07 
 3.93400000e-04  1.69094053e-07 
 3.93500000e-04  1.69064642e-07 
 3.93600000e-04  1.55231548e-07 
 3.93700000e-04  1.54806484e-07 
 3.93800000e-04  1.54588924e-07 
 3.93900000e-04  1.54414057e-07 
 3.94000000e-04  1.54283109e-07 
 3.94100000e-04  1.70830379e-07 
 3.94200000e-04  1.70528786e-07 
 3.94300000e-04  1.70421693e-07 
 3.94400000e-04  1.70328185e-07 
 3.94500000e-04  1.70279281e-07 
 3.94600000e-04  1.58978489e-07 
 3.94700000e-04  1.58605673e-07 
 3.94800000e-04  1.58422441e-07 
 3.94900000e-04  1.58296625e-07 
 3.95000000e-04  1.58229916e-07 
 3.95100000e-04  1.69541690e-07 
 3.95200000e-04  1.69268789e-07 
 3.95300000e-04  1.69184793e-07 
 3.95400000e-04  1.69113899e-07 
 3.95500000e-04  1.69066240e-07 
 3.95600000e-04  1.55285763e-07 
 3.95700000e-04  1.54813805e-07 
 3.95800000e-04  1.54574254e-07 
 3.95900000e-04  1.54397914e-07 
 3.96000000e-04  1.54286665e-07 
 3.96100000e-04  1.70297174e-07 
 3.96200000e-04  1.70110818e-07 
 3.96300000e-04  1.70032187e-07 
 3.96400000e-04  1.69960903e-07 
 3.96500000e-04  1.69913678e-07 
 3.96600000e-04  1.57304318e-07 
 3.96700000e-04  1.56950339e-07 
 3.96800000e-04  1.56758438e-07 
 3.96900000e-04  1.56616603e-07 
 3.97000000e-04  1.56526291e-07 
 3.97100000e-04  1.70071231e-07 
 3.97200000e-04  1.69833442e-07 
 3.97300000e-04  1.69756627e-07 
 3.97400000e-04  1.69691695e-07 
 3.97500000e-04  1.69647861e-07 
 3.97600000e-04  1.55801897e-07 
 3.97700000e-04  1.55392076e-07 
 3.97800000e-04  1.55166113e-07 
 3.97900000e-04  1.54995967e-07 
 3.98000000e-04  1.54883276e-07 
 3.98100000e-04  1.71978525e-07 
 3.98200000e-04  1.71561045e-07 
 3.98300000e-04  1.71424103e-07 
 3.98400000e-04  1.71306850e-07 
 3.98500000e-04  1.71250135e-07 
 3.98600000e-04  1.61226952e-07 
 3.98700000e-04  1.60854892e-07 
 3.98800000e-04  1.60675966e-07 
 3.98900000e-04  1.60556084e-07 
 3.99000000e-04  1.60496986e-07 
 3.99100000e-04  1.69659931e-07 
 3.99200000e-04  1.69348523e-07 
 3.99300000e-04  1.69247983e-07 
 3.99400000e-04  1.69161954e-07 
 3.99500000e-04  1.69108186e-07 
 3.99600000e-04  1.55338812e-07 
 3.99700000e-04  1.54843673e-07 
 3.99800000e-04  1.54597104e-07 
 3.99900000e-04  1.54412684e-07 
 4.00000000e-04  1.54292250e-07 
 4.00100000e-04  1.70315484e-07 
 4.00200000e-04  1.70121966e-07 
 4.00300000e-04  1.70043232e-07 
 4.00400000e-04  1.69972685e-07 
 4.00500000e-04  1.69933509e-07 
 4.00600000e-04  1.57311243e-07 
 4.00700000e-04  1.56936757e-07 
 4.00800000e-04  1.56746137e-07 
 4.00900000e-04  1.56616002e-07 
 4.01000000e-04  1.56548138e-07 
 4.01100000e-04  1.70075390e-07 
 4.01200000e-04  1.69849063e-07 
 4.01300000e-04  1.69765682e-07 
 4.01400000e-04  1.69692705e-07 
 4.01500000e-04  1.69655030e-07 
 4.01600000e-04  1.55810757e-07 
 4.01700000e-04  1.55379156e-07 
 4.01800000e-04  1.55155187e-07 
 4.01900000e-04  1.54986004e-07 
 4.02000000e-04  1.54873208e-07 
 4.02100000e-04  1.71454423e-07 
 4.02200000e-04  1.71143438e-07 
 4.02300000e-04  1.71035812e-07 
 4.02400000e-04  1.70942568e-07 
 4.02500000e-04  1.70882629e-07 
 4.02600000e-04  1.59552861e-07 
 4.02700000e-04  1.59199221e-07 
 4.02800000e-04  1.59002005e-07 
 4.02900000e-04  1.58874567e-07 
 4.03000000e-04  1.58818986e-07 
 4.03100000e-04  1.70160654e-07 
 4.03200000e-04  1.69891752e-07 
 4.03300000e-04  1.69789949e-07 
 4.03400000e-04  1.69699380e-07 
 4.03500000e-04  1.69680350e-07 
 4.03600000e-04  1.55864505e-07 
 4.03700000e-04  1.55402248e-07 
 4.03800000e-04  1.55170331e-07 
 4.03900000e-04  1.54990912e-07 
 4.04000000e-04  1.54865521e-07 
 4.04100000e-04  1.70920277e-07 
 4.04200000e-04  1.70720803e-07 
 4.04300000e-04  1.70642440e-07 
 4.04400000e-04  1.70573135e-07 
 4.04500000e-04  1.70521513e-07 
 4.04600000e-04  1.57901956e-07 
 4.04700000e-04  1.57513829e-07 
 4.04800000e-04  1.57331255e-07 
 4.04900000e-04  1.57202730e-07 
 4.05000000e-04  1.57129829e-07 
 4.05100000e-04  1.70677075e-07 
 4.05200000e-04  1.70445385e-07 
 4.05300000e-04  1.70364743e-07 
 4.05400000e-04  1.70295085e-07 
 4.05500000e-04  1.70277085e-07 
 4.05600000e-04  1.56378781e-07 
 4.05700000e-04  1.55980286e-07 
 4.05800000e-04  1.55755097e-07 
 4.05900000e-04  1.55581885e-07 
 4.06000000e-04  1.55462160e-07 
 4.06100000e-04  1.73135722e-07 
 4.06200000e-04  1.72602371e-07 
 4.06300000e-04  1.72432767e-07 
 4.06400000e-04  1.72287996e-07 
 4.06500000e-04  1.72221058e-07 
 4.06600000e-04  1.63477806e-07 
 4.06700000e-04  1.63100987e-07 
 4.06800000e-04  1.62927841e-07 
 4.06900000e-04  1.62815678e-07 
 4.07000000e-04  1.62766291e-07 
 4.07100000e-04  1.69939478e-07 
 4.07200000e-04  1.69545806e-07 
 4.07300000e-04  1.69396343e-07 
 4.07400000e-04  1.69263101e-07 
 4.07500000e-04  1.69201035e-07 
 4.07600000e-04  1.55457438e-07 
 4.07700000e-04  1.54894612e-07 
 4.07800000e-04  1.54631407e-07 
 4.07900000e-04  1.54442362e-07 
 4.08000000e-04  1.54329690e-07 
 4.08100000e-04  1.70346895e-07 
 4.08200000e-04  1.70167373e-07 
 4.08300000e-04  1.70072013e-07 
 4.08400000e-04  1.69981644e-07 
 4.08500000e-04  1.69947480e-07 
 4.08600000e-04  1.57330857e-07 
 4.08700000e-04  1.56968517e-07 
 4.08800000e-04  1.56773032e-07 
 4.08900000e-04  1.56630738e-07 
 4.09000000e-04  1.56543180e-07 
 4.09100000e-04  1.70075356e-07 
 4.09200000e-04  1.69848266e-07 
 4.09300000e-04  1.69768145e-07 
 4.09400000e-04  1.69698419e-07 
 4.09500000e-04  1.69670319e-07 
 4.09600000e-04  1.55809331e-07 
 4.09700000e-04  1.55400340e-07 
 4.09800000e-04  1.55167349e-07 
 4.09900000e-04  1.54997086e-07 
 4.10000000e-04  1.54891396e-07 
 4.10100000e-04  1.71466857e-07 
 4.10200000e-04  1.71161733e-07 
 4.10300000e-04  1.71043132e-07 
 4.10400000e-04  1.70937781e-07 
 4.10500000e-04  1.70882953e-07 
 4.10600000e-04  1.59558925e-07 
 4.10700000e-04  1.59187810e-07 
 4.10800000e-04  1.58999542e-07 
 4.10900000e-04  1.58873463e-07 
 4.11000000e-04  1.58811400e-07 
 4.11100000e-04  1.70161009e-07 
 4.11200000e-04  1.69890719e-07 
 4.11300000e-04  1.69793335e-07 
 4.11400000e-04  1.69707465e-07 
 4.11500000e-04  1.69684423e-07 
 4.11600000e-04  1.55850538e-07 
 4.11700000e-04  1.55397529e-07 
 4.11800000e-04  1.55163047e-07 
 4.11900000e-04  1.54990061e-07 
 4.12000000e-04  1.54880375e-07 
 4.12100000e-04  1.70915435e-07 
 4.12200000e-04  1.70720674e-07 
 4.12300000e-04  1.70641825e-07 
 4.12400000e-04  1.70571491e-07 
 4.12500000e-04  1.70531099e-07 
 4.12600000e-04  1.57887597e-07 
 4.12700000e-04  1.57523304e-07 
 4.12800000e-04  1.57338729e-07 
 4.12900000e-04  1.57209265e-07 
 4.13000000e-04  1.57136515e-07 
 4.13100000e-04  1.70695134e-07 
 4.13200000e-04  1.70469883e-07 
 4.13300000e-04  1.70386519e-07 
 4.13400000e-04  1.70313157e-07 
 4.13500000e-04  1.70278154e-07 
 4.13600000e-04  1.56386825e-07 
 4.13700000e-04  1.55975791e-07 
 4.13800000e-04  1.55758041e-07 
 4.13900000e-04  1.55585626e-07 
 4.14000000e-04  1.55459837e-07 
 4.14100000e-04  1.72594238e-07 
 4.14200000e-04  1.72189401e-07 
 4.14300000e-04  1.72049861e-07 
 4.14400000e-04  1.71927729e-07 
 4.14500000e-04  1.71854063e-07 
 4.14600000e-04  1.61802995e-07 
 4.14700000e-04  1.61448411e-07 
 4.14800000e-04  1.61264910e-07 
 4.14900000e-04  1.61141534e-07 
 4.15000000e-04  1.61080049e-07 
 4.15100000e-04  1.70283484e-07 
 4.15200000e-04  1.69968211e-07 
 4.15300000e-04  1.69861157e-07 
 4.15400000e-04  1.69768560e-07 
 4.15500000e-04  1.69724141e-07 
 4.15600000e-04  1.55936355e-07 
 4.15700000e-04  1.55432222e-07 
 4.15800000e-04  1.55192257e-07 
 4.15900000e-04  1.55008560e-07 
 4.16000000e-04  1.54882766e-07 
 4.16100000e-04  1.70946380e-07 
 4.16200000e-04  1.70751274e-07 
 4.16300000e-04  1.70656601e-07 
 4.16400000e-04  1.70568925e-07 
 4.16500000e-04  1.70524455e-07 
 4.16600000e-04  1.57898845e-07 
 4.16700000e-04  1.57531778e-07 
 4.16800000e-04  1.57351366e-07 
 4.16900000e-04  1.57215703e-07 
 4.17000000e-04  1.57126060e-07 
 4.17100000e-04  1.70702209e-07 
 4.17200000e-04  1.70472600e-07 
 4.17300000e-04  1.70387550e-07 
 4.17400000e-04  1.70312965e-07 
 4.17500000e-04  1.70266012e-07 
 4.17600000e-04  1.56384774e-07 
 4.17700000e-04  1.55979686e-07 
 4.17800000e-04  1.55751716e-07 
 4.17900000e-04  1.55579197e-07 
 4.18000000e-04  1.55463738e-07 
 4.18100000e-04  1.72078898e-07 
 4.18200000e-04  1.71768479e-07 
 4.18300000e-04  1.71654710e-07 
 4.18400000e-04  1.71554786e-07 
 4.18500000e-04  1.71497700e-07 
 4.18600000e-04  1.60163119e-07 
 4.18700000e-04  1.59786212e-07 
 4.18800000e-04  1.59602440e-07 
 4.18900000e-04  1.59476162e-07 
 4.19000000e-04  1.59409051e-07 
 4.19100000e-04  1.70786820e-07 
 4.19200000e-04  1.70505036e-07 
 4.19300000e-04  1.70404885e-07 
 4.19400000e-04  1.70317434e-07 
 4.19500000e-04  1.70297971e-07 
 4.19600000e-04  1.56444179e-07 
 4.19700000e-04  1.55992662e-07 
 4.19800000e-04  1.55764218e-07 
 4.19900000e-04  1.55595466e-07 
 4.20000000e-04  1.55488149e-07 
 4.20100000e-04  1.71547067e-07 
 4.20200000e-04  1.71348053e-07 
 4.20300000e-04  1.71264135e-07 
 4.20400000e-04  1.71188735e-07 
 4.20500000e-04  1.71150073e-07 
 4.20600000e-04  1.58475234e-07 
 4.20700000e-04  1.58134775e-07 
 4.20800000e-04  1.57936076e-07 
 4.20900000e-04  1.57800586e-07 
 4.21000000e-04  1.57730156e-07 
 4.21100000e-04  1.71319429e-07 
 4.21200000e-04  1.71085138e-07 
 4.21300000e-04  1.70996043e-07 
 4.21400000e-04  1.70917455e-07 
 4.21500000e-04  1.70887484e-07 
 4.21600000e-04  1.56966259e-07 
 4.21700000e-04  1.56556205e-07 
 4.21800000e-04  1.56337734e-07 
 4.21900000e-04  1.56175070e-07 
 4.22000000e-04  1.56069831e-07 
 4.22100000e-04  1.74280440e-07 
 4.22200000e-04  1.73669610e-07 
 4.22300000e-04  1.73462128e-07 
 4.22400000e-04  1.73280491e-07 
 4.22500000e-04  1.73209868e-07 
 4.22600000e-04  1.65722815e-07 
 4.22700000e-04  1.65353163e-07 
 4.22800000e-04  1.65187296e-07 
 4.22900000e-04  1.65089533e-07 
 4.23000000e-04  1.65061881e-07 
 4.23100000e-04  1.70569876e-07 
 4.23200000e-04  1.69783761e-07 
 4.23300000e-04  1.69541388e-07 
 4.23400000e-04  1.69335278e-07 
 4.23500000e-04  1.69231671e-07 
 4.23600000e-04  1.55504580e-07 
 4.23700000e-04  1.54922415e-07 
 4.23800000e-04  1.54656845e-07 
 4.23900000e-04  1.54463789e-07 
 4.24000000e-04  1.54345390e-07 
 4.24100000e-04  1.70377091e-07 
 4.24200000e-04  1.70185543e-07 
 4.24300000e-04  1.70085738e-07 
 4.24400000e-04  1.69992435e-07 
 4.24500000e-04  1.69946209e-07 
 4.24600000e-04  1.57335547e-07 
 4.24700000e-04  1.56971508e-07 
 4.24800000e-04  1.56771354e-07 
 4.24900000e-04  1.56629007e-07 
 4.25000000e-04  1.56546143e-07 
 4.25100000e-04  1.70090462e-07 
 4.25200000e-04  1.69869431e-07 
 4.25300000e-04  1.69788546e-07 
 4.25400000e-04  1.69717174e-07 
 4.25500000e-04  1.69665266e-07 
 4.25600000e-04  1.55804677e-07 
 4.25700000e-04  1.55408301e-07 
 4.25800000e-04  1.55175032e-07 
 4.25900000e-04  1.55000512e-07 
 4.26000000e-04  1.54886447e-07 
 4.26100000e-04  1.71470803e-07 
 4.26200000e-04  1.71159264e-07 
 4.26300000e-04  1.71049098e-07 
 4.26400000e-04  1.70953371e-07 
 4.26500000e-04  1.70890647e-07 
 4.26600000e-04  1.59578546e-07 
 4.26700000e-04  1.59205684e-07 
 4.26800000e-04  1.59017948e-07 
 4.26900000e-04  1.58884781e-07 
 4.27000000e-04  1.58807762e-07 
 4.27100000e-04  1.70164963e-07 
 4.27200000e-04  1.69893577e-07 
 4.27300000e-04  1.69798554e-07 
 4.27400000e-04  1.69715368e-07 
 4.27500000e-04  1.69688095e-07 
 4.27600000e-04  1.55859302e-07 
 4.27700000e-04  1.55402206e-07 
 4.27800000e-04  1.55165648e-07 
 4.27900000e-04  1.54991442e-07 
 4.28000000e-04  1.54881413e-07 
 4.28100000e-04  1.70919917e-07 
 4.28200000e-04  1.70741945e-07 
 4.28300000e-04  1.70645800e-07 
 4.28400000e-04  1.70554891e-07 
 4.28500000e-04  1.70519845e-07 
 4.28600000e-04  1.57905216e-07 
 4.28700000e-04  1.57521869e-07 
 4.28800000e-04  1.57337640e-07 
 4.28900000e-04  1.57206348e-07 
 4.29000000e-04  1.57129517e-07 
 4.29100000e-04  1.70681507e-07 
 4.29200000e-04  1.70448959e-07 
 4.29300000e-04  1.70363510e-07 
 4.29400000e-04  1.70288650e-07 
 4.29500000e-04  1.70269523e-07 
 4.29600000e-04  1.56378419e-07 
 4.29700000e-04  1.55978515e-07 
 4.29800000e-04  1.55748936e-07 
 4.29900000e-04  1.55578026e-07 
 4.30000000e-04  1.55467486e-07 
 4.30100000e-04  1.72612406e-07 
 4.30200000e-04  1.72202597e-07 
 4.30300000e-04  1.72050172e-07 
 4.30400000e-04  1.71914977e-07 
 4.30500000e-04  1.71872933e-07 
 4.30600000e-04  1.61811990e-07 
 4.30700000e-04  1.61444086e-07 
 4.30800000e-04  1.61266157e-07 
 4.30900000e-04  1.61150688e-07 
 4.31000000e-04  1.61099500e-07 
 4.31100000e-04  1.70284205e-07 
 4.31200000e-04  1.69978811e-07 
 4.31300000e-04  1.69867572e-07 
 4.31400000e-04  1.69769118e-07 
 4.31500000e-04  1.69726631e-07 
 4.31600000e-04  1.55918319e-07 
 4.31700000e-04  1.55441878e-07 
 4.31800000e-04  1.55190245e-07 
 4.31900000e-04  1.55007456e-07 
 4.32000000e-04  1.54895535e-07 
 4.32100000e-04  1.70945143e-07 
 4.32200000e-04  1.70746363e-07 
 4.32300000e-04  1.70662516e-07 
 4.32400000e-04  1.70587332e-07 
 4.32500000e-04  1.70542745e-07 
 4.32600000e-04  1.57912747e-07 
 4.32700000e-04  1.57550156e-07 
 4.32800000e-04  1.57353805e-07 
 4.32900000e-04  1.57217602e-07 
 4.33000000e-04  1.57143287e-07 
 4.33100000e-04  1.70695940e-07 
 4.33200000e-04  1.70463888e-07 
 4.33300000e-04  1.70385582e-07 
 4.33400000e-04  1.70318226e-07 
 4.33500000e-04  1.70268269e-07 
 4.33600000e-04  1.56396171e-07 
 4.33700000e-04  1.55983340e-07 
 4.33800000e-04  1.55757244e-07 
 4.33900000e-04  1.55589807e-07 
 4.34000000e-04  1.55482720e-07 
 4.34100000e-04  1.72072313e-07 
 4.34200000e-04  1.71771162e-07 
 4.34300000e-04  1.71655354e-07 
 4.34400000e-04  1.71552327e-07 
 4.34500000e-04  1.71498905e-07 
 4.34600000e-04  1.60156165e-07 
 4.34700000e-04  1.59782579e-07 
 4.34800000e-04  1.59597714e-07 
 4.34900000e-04  1.59469923e-07 
 4.35000000e-04  1.59400852e-07 
 4.35100000e-04  1.70771395e-07 
 4.35200000e-04  1.70501885e-07 
 4.35300000e-04  1.70409846e-07 
 4.35400000e-04  1.70329617e-07 
 4.35500000e-04  1.70303081e-07 
 4.35600000e-04  1.56443298e-07 
 4.35700000e-04  1.55990508e-07 
 4.35800000e-04  1.55752198e-07 
 4.35900000e-04  1.55580489e-07 
 4.36000000e-04  1.55477327e-07 
 4.36100000e-04  1.71546350e-07 
 4.36200000e-04  1.71362962e-07 
 4.36300000e-04  1.71271657e-07 
 4.36400000e-04  1.71186468e-07 
 4.36500000e-04  1.71134438e-07 
 4.36600000e-04  1.58493723e-07 
 4.36700000e-04  1.58115372e-07 
 4.36800000e-04  1.57939932e-07 
 4.36900000e-04  1.57807872e-07 
 4.37000000e-04  1.57720397e-07 
 4.37100000e-04  1.71319027e-07 
 4.37200000e-04  1.71078406e-07 
 4.37300000e-04  1.70993880e-07 
 4.37400000e-04  1.70920828e-07 
 4.37500000e-04  1.70881132e-07 
 4.37600000e-04  1.56986028e-07 
 4.37700000e-04  1.56577488e-07 
 4.37800000e-04  1.56352604e-07 
 4.37900000e-04  1.56184323e-07 
 4.38000000e-04  1.56074268e-07 
 4.38100000e-04  1.73753604e-07 
 4.38200000e-04  1.73235876e-07 
 4.38300000e-04  1.73059458e-07 
 4.38400000e-04  1.72905412e-07 
 4.38500000e-04  1.72841975e-07 
 4.38600000e-04  1.64057755e-07 
 4.38700000e-04  1.63694017e-07 
 4.38800000e-04  1.63513863e-07 
 4.38900000e-04  1.63406841e-07 
 4.39000000e-04  1.63375102e-07 
 4.39100000e-04  1.70574354e-07 
 4.39200000e-04  1.70174558e-07 
 4.39300000e-04  1.70013985e-07 
 4.39400000e-04  1.69869508e-07 
 4.39500000e-04  1.69803870e-07 
 4.39600000e-04  1.56030411e-07 
 4.39700000e-04  1.55502734e-07 
 4.39800000e-04  1.55245907e-07 
 4.39900000e-04  1.55051698e-07 
 4.40000000e-04  1.54921924e-07 
 4.40100000e-04  1.70972559e-07 
 4.40200000e-04  1.70775671e-07 
 4.40300000e-04  1.70686482e-07 
 4.40400000e-04  1.70604971e-07 
 4.40500000e-04  1.70549806e-07 
 4.40600000e-04  1.57925592e-07 
 4.40700000e-04  1.57562016e-07 
 4.40800000e-04  1.57359152e-07 
 4.40900000e-04  1.57217396e-07 
 4.41000000e-04  1.57138516e-07 
 4.41100000e-04  1.70720759e-07 
 4.41200000e-04  1.70486058e-07 
 4.41300000e-04  1.70394588e-07 
 4.41400000e-04  1.70313614e-07 
 4.41500000e-04  1.70285312e-07 
 4.41600000e-04  1.56389401e-07 
 4.41700000e-04  1.55990047e-07 
 4.41800000e-04  1.55755930e-07 
 4.41900000e-04  1.55587279e-07 
 4.42000000e-04  1.55485999e-07 
 4.42100000e-04  1.72074378e-07 
 4.42200000e-04  1.71789190e-07 
 4.42300000e-04  1.71672083e-07 
 4.42400000e-04  1.71565845e-07 
 4.42500000e-04  1.71517110e-07 
 4.42600000e-04  1.60156834e-07 
 4.42700000e-04  1.59781379e-07 
 4.42800000e-04  1.59593321e-07 
 4.42900000e-04  1.59472336e-07 
 4.43000000e-04  1.59420377e-07 
 4.43100000e-04  1.70778971e-07 
 4.43200000e-04  1.70509392e-07 
 4.43300000e-04  1.70412713e-07 
 4.43400000e-04  1.70327737e-07 
 4.43500000e-04  1.70291383e-07 
 4.43600000e-04  1.56454104e-07 
 4.43700000e-04  1.55997076e-07 
 4.43800000e-04  1.55768112e-07 
 4.43900000e-04  1.55590517e-07 
 4.44000000e-04  1.55465745e-07 
 4.44100000e-04  1.71546285e-07 
 4.44200000e-04  1.71354184e-07 
 4.44300000e-04  1.71267154e-07 
 4.44400000e-04  1.71187538e-07 
 4.44500000e-04  1.71138985e-07 
 4.44600000e-04  1.58475779e-07 
 4.44700000e-04  1.58117508e-07 
 4.44800000e-04  1.57930340e-07 
 4.44900000e-04  1.57798649e-07 
 4.45000000e-04  1.57724021e-07 
 4.45100000e-04  1.71309619e-07 
 4.45200000e-04  1.71073767e-07 
 4.45300000e-04  1.70992654e-07 
 4.45400000e-04  1.70922419e-07 
 4.45500000e-04  1.70889606e-07 
 4.45600000e-04  1.56967398e-07 
 4.45700000e-04  1.56573617e-07 
 4.45800000e-04  1.56353363e-07 
 4.45900000e-04  1.56178611e-07 
 4.46000000e-04  1.56050628e-07 
 4.46100000e-04  1.73232704e-07 
 4.46200000e-04  1.72812070e-07 
 4.46300000e-04  1.72672188e-07 
 4.46400000e-04  1.72551546e-07 
 4.46500000e-04  1.72491945e-07 
 4.46600000e-04  1.62401439e-07 
 4.46700000e-04  1.62034639e-07 
 4.46800000e-04  1.61853440e-07 
 4.46900000e-04  1.61733517e-07 
 4.47000000e-04  1.61676638e-07 
 4.47100000e-04  1.70917947e-07 
 4.47200000e-04  1.70599468e-07 
 4.47300000e-04  1.70489655e-07 
 4.47400000e-04  1.70394094e-07 
 4.47500000e-04  1.70353194e-07 
 4.47600000e-04  1.56519544e-07 
 4.47700000e-04  1.56022680e-07 
 4.47800000e-04  1.55779601e-07 
 4.47900000e-04  1.55601158e-07 
 4.48000000e-04  1.55489221e-07 
 4.48100000e-04  1.71576529e-07 
 4.48200000e-04  1.71373940e-07 
 4.48300000e-04  1.71285541e-07 
 4.48400000e-04  1.71205582e-07 
 4.48500000e-04  1.71171075e-07 
 4.48600000e-04  1.58495805e-07 
 4.48700000e-04  1.58138519e-07 
 4.48800000e-04  1.57942496e-07 
 4.48900000e-04  1.57807243e-07 
 4.49000000e-04  1.57734505e-07 
 4.49100000e-04  1.71315821e-07 
 4.49200000e-04  1.71082122e-07 
 4.49300000e-04  1.71003542e-07 
 4.49400000e-04  1.70936206e-07 
 4.49500000e-04  1.70898742e-07 
 4.49600000e-04  1.56987023e-07 
 4.49700000e-04  1.56576765e-07 
 4.49800000e-04  1.56343467e-07 
 4.49900000e-04  1.56173273e-07 
 4.50000000e-04  1.56068001e-07 
 4.50100000e-04  1.72700623e-07 
 4.50200000e-04  1.72385011e-07 
 4.50300000e-04  1.72278131e-07 
 4.50400000e-04  1.72185983e-07 
 4.50500000e-04  1.72121185e-07 
 4.50600000e-04  1.60731675e-07 
 4.50700000e-04  1.60382716e-07 
 4.50800000e-04  1.60198190e-07 
 4.50900000e-04  1.60073886e-07 
 4.51000000e-04  1.60011531e-07 
 4.51100000e-04  1.71405842e-07 
 4.51200000e-04  1.71130539e-07 
 4.51300000e-04  1.71034368e-07 
 4.51400000e-04  1.70950408e-07 
 4.51500000e-04  1.70911963e-07 
 4.51600000e-04  1.57047949e-07 
 4.51700000e-04  1.56585149e-07 
 4.51800000e-04  1.56363910e-07 
 4.51900000e-04  1.56191318e-07 
 4.52000000e-04  1.56068733e-07 
 4.52100000e-04  1.72173656e-07 
 4.52200000e-04  1.71985138e-07 
 4.52300000e-04  1.71892182e-07 
 4.52400000e-04  1.71805591e-07 
 4.52500000e-04  1.71764319e-07 
 4.52600000e-04  1.59083379e-07 
 4.52700000e-04  1.58716964e-07 
 4.52800000e-04  1.58530112e-07 
 4.52900000e-04  1.58394747e-07 
 4.53000000e-04  1.58312318e-07 
 4.53100000e-04  1.71946752e-07 
 4.53200000e-04  1.71703811e-07 
 4.53300000e-04  1.71619974e-07 
 4.53400000e-04  1.71548200e-07 
 4.53500000e-04  1.71499720e-07 
 4.53600000e-04  1.57569620e-07 
 4.53700000e-04  1.57158543e-07 
 4.53800000e-04  1.56932983e-07 
 4.53900000e-04  1.56764167e-07 
 4.54000000e-04  1.56653712e-07 
 4.54100000e-04  1.75442597e-07 
 4.54200000e-04  1.74693762e-07 
 4.54300000e-04  1.74467075e-07 
 4.54400000e-04  1.74275428e-07 
 4.54500000e-04  1.74191431e-07 
 4.54600000e-04  1.67971071e-07 
 4.54700000e-04  1.67606691e-07 
 4.54800000e-04  1.67443617e-07 
 4.54900000e-04  1.67350363e-07 
 4.55000000e-04  1.67328960e-07 
 4.55100000e-04  1.70718798e-07 
 4.55200000e-04  1.69766209e-07 
 4.55300000e-04  1.69511592e-07 
 4.55400000e-04  1.69301214e-07 
 4.55500000e-04  1.69222179e-07 
 4.55600000e-04  1.55553014e-07 
 4.55700000e-04  1.54935954e-07 
 4.55800000e-04  1.54660358e-07 
 4.55900000e-04  1.54459967e-07 
 4.56000000e-04  1.54336977e-07 
 4.56100000e-04  1.70366838e-07 
 4.56200000e-04  1.70168750e-07 
 4.56300000e-04  1.70077840e-07 
 4.56400000e-04  1.69994287e-07 
 4.56500000e-04  1.69958938e-07 
 4.56600000e-04  1.57317787e-07 
 4.56700000e-04  1.56963230e-07 
 4.56800000e-04  1.56773471e-07 
 4.56900000e-04  1.56635345e-07 
 4.57000000e-04  1.56550307e-07 
 4.57100000e-04  1.70100235e-07 
 4.57200000e-04  1.69867823e-07 
 4.57300000e-04  1.69781413e-07 
 4.57400000e-04  1.69705261e-07 
 4.57500000e-04  1.69667468e-07 
 4.57600000e-04  1.55813800e-07 
 4.57700000e-04  1.55396595e-07 
 4.57800000e-04  1.55167738e-07 
 4.57900000e-04  1.54995453e-07 
 4.58000000e-04  1.54881345e-07 
 4.58100000e-04  1.71457048e-07 
 4.58200000e-04  1.71171487e-07 
 4.58300000e-04  1.71057583e-07 
 4.58400000e-04  1.70954831e-07 
 4.58500000e-04  1.70907528e-07 
 4.58600000e-04  1.59575665e-07 
 4.58700000e-04  1.59192646e-07 
 4.58800000e-04  1.59008245e-07 
 4.58900000e-04  1.58886092e-07 
 4.59000000e-04  1.58827973e-07 
 4.59100000e-04  1.70156577e-07 
 4.59200000e-04  1.69891534e-07 
 4.59300000e-04  1.69796640e-07 
 4.59400000e-04  1.69713291e-07 
 4.59500000e-04  1.69684219e-07 
 4.59600000e-04  1.55853362e-07 
 4.59700000e-04  1.55406244e-07 
 4.59800000e-04  1.55177274e-07 
 4.59900000e-04  1.55001921e-07 
 4.60000000e-04  1.54881697e-07 
 4.60100000e-04  1.70937004e-07 
 4.60200000e-04  1.70738609e-07 
 4.60300000e-04  1.70650730e-07 
 4.60400000e-04  1.70570919e-07 
 4.60500000e-04  1.70526603e-07 
 4.60600000e-04  1.57905711e-07 
 4.60700000e-04  1.57527715e-07 
 4.60800000e-04  1.57335516e-07 
 4.60900000e-04  1.57205964e-07 
 4.61000000e-04  1.57140853e-07 
 4.61100000e-04  1.70697504e-07 
 4.61200000e-04  1.70467729e-07 
 4.61300000e-04  1.70382808e-07 
 4.61400000e-04  1.70308137e-07 
 4.61500000e-04  1.70279517e-07 
 4.61600000e-04  1.56385335e-07 
 4.61700000e-04  1.55975612e-07 
 4.61800000e-04  1.55749582e-07 
 4.61900000e-04  1.55578082e-07 
 4.62000000e-04  1.55462647e-07 
 4.62100000e-04  1.72608208e-07 
 4.62200000e-04  1.72196967e-07 
 4.62300000e-04  1.72052899e-07 
 4.62400000e-04  1.71926749e-07 
 4.62500000e-04  1.71871552e-07 
 4.62600000e-04  1.61808450e-07 
 4.62700000e-04  1.61449251e-07 
 4.62800000e-04  1.61257102e-07 
 4.62900000e-04  1.61133729e-07 
 4.63000000e-04  1.61081122e-07 
 4.63100000e-04  1.70279719e-07 
 4.63200000e-04  1.69980900e-07 
 4.63300000e-04  1.69873988e-07 
 4.63400000e-04  1.69779827e-07 
 4.63500000e-04  1.69731915e-07 
 4.63600000e-04  1.55930349e-07 
 4.63700000e-04  1.55441135e-07 
 4.63800000e-04  1.55202314e-07 
 4.63900000e-04  1.55023504e-07 
 4.64000000e-04  1.54906413e-07 
 4.64100000e-04  1.70937184e-07 
 4.64200000e-04  1.70737997e-07 
 4.64300000e-04  1.70652561e-07 
 4.64400000e-04  1.70575322e-07 
 4.64500000e-04  1.70542667e-07 
 4.64600000e-04  1.57896917e-07 
 4.64700000e-04  1.57549068e-07 
 4.64800000e-04  1.57354973e-07 
 4.64900000e-04  1.57216017e-07 
 4.65000000e-04  1.57133751e-07 
 4.65100000e-04  1.70698799e-07 
 4.65200000e-04  1.70467600e-07 
 4.65300000e-04  1.70381443e-07 
 4.65400000e-04  1.70305595e-07 
 4.65500000e-04  1.70273752e-07 
 4.65600000e-04  1.56400665e-07 
 4.65700000e-04  1.55982752e-07 
 4.65800000e-04  1.55765008e-07 
 4.65900000e-04  1.55591934e-07 
 4.66000000e-04  1.55464754e-07 
 4.66100000e-04  1.72089613e-07 
 4.66200000e-04  1.71770517e-07 
 4.66300000e-04  1.71655574e-07 
 4.66400000e-04  1.71555426e-07 
 4.66500000e-04  1.71503130e-07 
 4.66600000e-04  1.60142318e-07 
 4.66700000e-04  1.59787437e-07 
 4.66800000e-04  1.59602736e-07 
 4.66900000e-04  1.59478205e-07 
 4.67000000e-04  1.59415553e-07 
 4.67100000e-04  1.70768995e-07 
 4.67200000e-04  1.70511585e-07 
 4.67300000e-04  1.70415241e-07 
 4.67400000e-04  1.70329304e-07 
 4.67500000e-04  1.70298662e-07 
 4.67600000e-04  1.56443444e-07 
 4.67700000e-04  1.55994998e-07 
 4.67800000e-04  1.55770047e-07 
 4.67900000e-04  1.55592343e-07 
 4.68000000e-04  1.55463184e-07 
 4.68100000e-04  1.71546067e-07 
 4.68200000e-04  1.71351932e-07 
 4.68300000e-04  1.71265229e-07 
 4.68400000e-04  1.71185989e-07 
 4.68500000e-04  1.71134235e-07 
 4.68600000e-04  1.58493145e-07 
 4.68700000e-04  1.58127013e-07 
 4.68800000e-04  1.57940514e-07 
 4.68900000e-04  1.57805534e-07 
 4.69000000e-04  1.57723505e-07 
 4.69100000e-04  1.71321211e-07 
 4.69200000e-04  1.71076650e-07 
 4.69300000e-04  1.70995416e-07 
 4.69400000e-04  1.70926548e-07 
 4.69500000e-04  1.70891797e-07 
 4.69600000e-04  1.56962591e-07 
 4.69700000e-04  1.56554489e-07 
 4.69800000e-04  1.56336036e-07 
 4.69900000e-04  1.56172119e-07 
 4.70000000e-04  1.56064267e-07 
 4.70100000e-04  1.73754322e-07 
 4.70200000e-04  1.73247480e-07 
 4.70300000e-04  1.73075363e-07 
 4.70400000e-04  1.72924915e-07 
 4.70500000e-04  1.72844613e-07 
 4.70600000e-04  1.64062183e-07 
 4.70700000e-04  1.63691172e-07 
 4.70800000e-04  1.63513220e-07 
 4.70900000e-04  1.63407247e-07 
 4.71000000e-04  1.63375333e-07 
 4.71100000e-04  1.70573216e-07 
 4.71200000e-04  1.70157967e-07 
 4.71300000e-04  1.70013325e-07 
 4.71400000e-04  1.69887346e-07 
 4.71500000e-04  1.69818818e-07 
 4.71600000e-04  1.56034340e-07 
 4.71700000e-04  1.55499723e-07 
 4.71800000e-04  1.55241225e-07 
 4.71900000e-04  1.55045088e-07 
 4.72000000e-04  1.54913092e-07 
 4.72100000e-04  1.70978449e-07 
 4.72200000e-04  1.70776621e-07 
 4.72300000e-04  1.70691933e-07 
 4.72400000e-04  1.70616011e-07 
 4.72500000e-04  1.70568431e-07 
 4.72600000e-04  1.57921124e-07 
 4.72700000e-04  1.57557753e-07 
 4.72800000e-04  1.57357462e-07 
 4.72900000e-04  1.57223643e-07 
 4.73000000e-04  1.57158201e-07 
 4.73100000e-04  1.70715417e-07 
 4.73200000e-04  1.70475833e-07 
 4.73300000e-04  1.70395803e-07 
 4.73400000e-04  1.70327632e-07 
 4.73500000e-04  1.70280891e-07 
 4.73600000e-04  1.56392791e-07 
 4.73700000e-04  1.55987145e-07 
 4.73800000e-04  1.55761562e-07 
 4.73900000e-04  1.55589995e-07 
 4.74000000e-04  1.55473952e-07 
 4.74100000e-04  1.72081254e-07 
 4.74200000e-04  1.71777083e-07 
 4.74300000e-04  1.71661496e-07 
 4.74400000e-04  1.71559013e-07 
 4.74500000e-04  1.71506007e-07 
 4.74600000e-04  1.60151288e-07 
 4.74700000e-04  1.59795901e-07 
 4.74800000e-04  1.59606201e-07 
 4.74900000e-04  1.59482942e-07 
 4.75000000e-04  1.59428030e-07 
 4.75100000e-04  1.70778498e-07 
 4.75200000e-04  1.70508626e-07 
 4.75300000e-04  1.70419688e-07 
 4.75400000e-04  1.70342690e-07 
 4.75500000e-04  1.70306436e-07 
 4.75600000e-04  1.56451118e-07 
 4.75700000e-04  1.55991969e-07 
 4.75800000e-04  1.55757095e-07 
 4.75900000e-04  1.55582899e-07 
 4.76000000e-04  1.55471099e-07 
 4.76100000e-04  1.71544372e-07 
 4.76200000e-04  1.71357275e-07 
 4.76300000e-04  1.71270820e-07 
 4.76400000e-04  1.71191222e-07 
 4.76500000e-04  1.71137568e-07 
 4.76600000e-04  1.58494809e-07 
 4.76700000e-04  1.58135710e-07 
 4.76800000e-04  1.57948198e-07 
 4.76900000e-04  1.57812204e-07 
 4.77000000e-04  1.57729154e-07 
 4.77100000e-04  1.71317898e-07 
 4.77200000e-04  1.71084520e-07 
 4.77300000e-04  1.70995079e-07 
 4.77400000e-04  1.70915695e-07 
 4.77500000e-04  1.70887985e-07 
 4.77600000e-04  1.56974164e-07 
 4.77700000e-04  1.56574373e-07 
 4.77800000e-04  1.56343575e-07 
 4.77900000e-04  1.56175035e-07 
 4.78000000e-04  1.56070517e-07 
 4.78100000e-04  1.73231524e-07 
 4.78200000e-04  1.72812976e-07 
 4.78300000e-04  1.72663686e-07 
 4.78400000e-04  1.72532540e-07 
 4.78500000e-04  1.72486800e-07 
 4.78600000e-04  1.62406469e-07 
 4.78700000e-04  1.62030743e-07 
 4.78800000e-04  1.61862291e-07 
 4.78900000e-04  1.61747026e-07 
 4.79000000e-04  1.61686430e-07 
 4.79100000e-04  1.70913660e-07 
 4.79200000e-04  1.70599259e-07 
 4.79300000e-04  1.70486271e-07 
 4.79400000e-04  1.70386868e-07 
 4.79500000e-04  1.70340946e-07 
 4.79600000e-04  1.56524956e-07 
 4.79700000e-04  1.56018634e-07 
 4.79800000e-04  1.55790037e-07 
 4.79900000e-04  1.55615951e-07 
 4.80000000e-04  1.55497897e-07 
 4.80100000e-04  1.71574322e-07 
 4.80200000e-04  1.71370755e-07 
 4.80300000e-04  1.71283132e-07 
 4.80400000e-04  1.71203834e-07 
 4.80500000e-04  1.71165421e-07 
 4.80600000e-04  1.58481569e-07 
 4.80700000e-04  1.58141959e-07 
 4.80800000e-04  1.57954596e-07 
 4.80900000e-04  1.57817554e-07 
 4.81000000e-04  1.57732220e-07 
 4.81100000e-04  1.71319371e-07 
 4.81200000e-04  1.71087899e-07 
 4.81300000e-04  1.71001607e-07 
 4.81400000e-04  1.70925622e-07 
 4.81500000e-04  1.70890998e-07 
 4.81600000e-04  1.56987030e-07 
 4.81700000e-04  1.56576171e-07 
 4.81800000e-04  1.56348259e-07 
 4.81900000e-04  1.56181383e-07 
 4.82000000e-04  1.56077270e-07 
 4.82100000e-04  1.72696409e-07 
 4.82200000e-04  1.72388821e-07 
 4.82300000e-04  1.72278800e-07 
 4.82400000e-04  1.72182278e-07 
 4.82500000e-04  1.72116637e-07 
 4.82600000e-04  1.60740791e-07 
 4.82700000e-04  1.60373381e-07 
 4.82800000e-04  1.60191427e-07 
 4.82900000e-04  1.60068868e-07 
 4.83000000e-04  1.60007378e-07 
 4.83100000e-04  1.71408732e-07 
 4.83200000e-04  1.71130238e-07 
 4.83300000e-04  1.71035804e-07 
 4.83400000e-04  1.70953833e-07 
 4.83500000e-04  1.70927485e-07 
 4.83600000e-04  1.57045739e-07 
 4.83700000e-04  1.56594492e-07 
 4.83800000e-04  1.56364375e-07 
 4.83900000e-04  1.56190888e-07 
 4.84000000e-04  1.56075615e-07 
 4.84100000e-04  1.72177421e-07 
 4.84200000e-04  1.71984742e-07 
 4.84300000e-04  1.71890424e-07 
 4.84400000e-04  1.71802583e-07 
 4.84500000e-04  1.71765189e-07 
 4.84600000e-04  1.59064408e-07 
 4.84700000e-04  1.58718562e-07 
 4.84800000e-04  1.58531728e-07 
 4.84900000e-04  1.58402569e-07 
 4.85000000e-04  1.58332700e-07 
 4.85100000e-04  1.71949919e-07 
 4.85200000e-04  1.71713790e-07 
 4.85300000e-04  1.71625781e-07 
 4.85400000e-04  1.71548316e-07 
 4.85500000e-04  1.71497149e-07 
 4.85600000e-04  1.57568073e-07 
 4.85700000e-04  1.57147078e-07 
 4.85800000e-04  1.56927195e-07 
 4.85900000e-04  1.56761779e-07 
 4.86000000e-04  1.56652348e-07 
 4.86100000e-04  1.74906125e-07 
 4.86200000e-04  1.74282485e-07 
 4.86300000e-04  1.74084271e-07 
 4.86400000e-04  1.73913743e-07 
 4.86500000e-04  1.73822438e-07 
 4.86600000e-04  1.66312265e-07 
 4.86700000e-04  1.65936888e-07 
 4.86800000e-04  1.65780476e-07 
 4.86900000e-04  1.65685976e-07 
 4.87000000e-04  1.65655134e-07 
 4.87100000e-04  1.71210448e-07 
 4.87200000e-04  1.70410156e-07 
 4.87300000e-04  1.70157699e-07 
 4.87400000e-04  1.69942557e-07 
 4.87500000e-04  1.69858333e-07 
 4.87600000e-04  1.56094208e-07 
 4.87700000e-04  1.55528465e-07 
 4.87800000e-04  1.55260252e-07 
 4.87900000e-04  1.55058150e-07 
 4.88000000e-04  1.54924042e-07 
 4.88100000e-04  1.71004947e-07 
 4.88200000e-04  1.70791237e-07 
 4.88300000e-04  1.70705791e-07 
 4.88400000e-04  1.70630179e-07 
 4.88500000e-04  1.70572897e-07 
 4.88600000e-04  1.57923154e-07 
 4.88700000e-04  1.57565300e-07 
 4.88800000e-04  1.57371504e-07 
 4.88900000e-04  1.57238053e-07 
 4.89000000e-04  1.57166911e-07 
 4.89100000e-04  1.70880466e-07 
 4.89200000e-04  1.70552296e-07 
 4.89300000e-04  1.70423618e-07 
 4.89400000e-04  1.70355235e-07 
 4.89500000e-04  1.70301431e-07 
 4.89600000e-04  1.56413541e-07 
 4.89700000e-04  1.56004259e-07 
 4.89800000e-04  1.55780983e-07 
 4.89900000e-04  1.55606785e-07 
 4.90000000e-04  1.55483036e-07 
 4.90100000e-04  1.72083529e-07 
 4.90200000e-04  1.71782339e-07 
 4.90300000e-04  1.71663761e-07 
 4.90400000e-04  1.71557578e-07 
 4.90500000e-04  1.71515609e-07 
 4.90600000e-04  1.60152434e-07 
 4.90700000e-04  1.59803663e-07 
 4.90800000e-04  1.59612940e-07 
 4.90900000e-04  1.59480763e-07 
 4.91000000e-04  1.59408824e-07 
 4.91100000e-04  1.70784476e-07 
 4.91200000e-04  1.70515913e-07 
 4.91300000e-04  1.70417957e-07 
 4.91400000e-04  1.70331206e-07 
 4.91500000e-04  1.70300722e-07 
 4.91600000e-04  1.56447609e-07 
 4.91700000e-04  1.56001099e-07 
 4.91800000e-04  1.55768938e-07 
 4.91900000e-04  1.55593658e-07 
 4.92000000e-04  1.55476929e-07 
 4.92100000e-04  1.71554487e-07 
 4.92200000e-04  1.71353667e-07 
 4.92300000e-04  1.71266437e-07 
 4.92400000e-04  1.71187647e-07 
 4.92500000e-04  1.71141121e-07 
 4.92600000e-04  1.58483640e-07 
 4.92700000e-04  1.58140952e-07 
 4.92800000e-04  1.57949739e-07 
 4.92900000e-04  1.57812727e-07 
 4.93000000e-04  1.57731517e-07 
 4.93100000e-04  1.71324380e-07 
 4.93200000e-04  1.71086824e-07 
 4.93300000e-04  1.70999281e-07 
 4.93400000e-04  1.70922589e-07 
 4.93500000e-04  1.70893583e-07 
 4.93600000e-04  1.56967237e-07 
 4.93700000e-04  1.56559067e-07 
 4.93800000e-04  1.56341953e-07 
 4.93900000e-04  1.56179946e-07 
 4.94000000e-04  1.56074819e-07 
 4.94100000e-04  1.73661050e-07 
 4.94200000e-04  1.73022122e-07 
 4.94300000e-04  1.72826766e-07 
 4.94400000e-04  1.72754082e-07 
 4.94500000e-04  1.72702521e-07 
 4.94600000e-04  1.62684405e-07 
 4.94700000e-04  1.62342646e-07 
 4.94800000e-04  1.62140804e-07 
 4.94900000e-04  1.61993341e-07 
 4.95000000e-04  1.61901898e-07 
 4.95100000e-04  1.70912889e-07 
 4.95200000e-04  1.70602579e-07 
 4.95300000e-04  1.70494654e-07 
 4.95400000e-04  1.70400680e-07 
 4.95500000e-04  1.70354664e-07 
 4.95600000e-04  1.56525820e-07 
 4.95700000e-04  1.56036057e-07 
 4.95800000e-04  1.55792031e-07 
 4.95900000e-04  1.55609146e-07 
 4.96000000e-04  1.55489218e-07 
 4.96100000e-04  1.73505795e-07 
 4.96200000e-04  1.72972356e-07 
 4.96300000e-04  1.72783810e-07 
 4.96400000e-04  1.72695954e-07 
 4.96500000e-04  1.72640633e-07 
 4.96600000e-04  1.59510252e-07 
 4.96700000e-04  1.58976637e-07 
 4.96800000e-04  1.58738061e-07 
 4.96900000e-04  1.58566358e-07 
 4.97000000e-04  1.58462921e-07 
 4.97100000e-04  1.03758255e-04 
 4.97200000e-04  1.03757840e-04 
 4.97300000e-04  1.03757705e-04 
 4.97400000e-04  1.03757590e-04 
 4.97500000e-04  1.03757559e-04 
 4.97600000e-04  1.03743650e-04 
 4.97700000e-04  1.03743214e-04 
 4.97800000e-04  1.03742994e-04 
 4.97900000e-04  1.03742829e-04 
 4.98000000e-04  1.03742719e-04 
 4.98100000e-04  1.73859455e-07 
 4.98200000e-04  1.73518064e-07 
 4.98300000e-04  1.73396205e-07 
 4.98400000e-04  1.73289229e-07 
 4.98500000e-04  1.73235322e-07 
 4.98600000e-04  1.61851861e-07 
 4.98700000e-04  1.61457564e-07 
 4.98800000e-04  1.61284928e-07 
 4.98900000e-04  1.61167515e-07 
 4.99000000e-04  1.61107079e-07 
 4.99100000e-04  1.72557553e-07 
 4.99200000e-04  1.72291054e-07 
 4.99300000e-04  1.72194708e-07 
 4.99400000e-04  1.72109924e-07 
 4.99500000e-04  1.72049992e-07 
 4.99600000e-04  1.58116607e-07 
 4.99700000e-04  1.57687131e-07 
 4.99800000e-04  1.57448293e-07 
 4.99900000e-04  1.57274433e-07 
 5.00000000e-04  1.57167611e-07 
 5.00100000e-04  1.73337752e-07 
 5.00200000e-04  1.73137076e-07 
 5.00300000e-04  1.73046046e-07 
 5.00400000e-04  1.72962747e-07 
 5.00500000e-04  1.72904947e-07 
 5.00600000e-04  1.60151037e-07 
 5.00700000e-04  1.59810201e-07 
 5.00800000e-04  1.59621381e-07 
 5.00900000e-04  1.59490957e-07 
 5.01000000e-04  1.59420781e-07 
 5.01100000e-04  1.73101720e-07 
 5.01200000e-04  1.72864240e-07 
 5.01300000e-04  1.72770449e-07 
 5.01400000e-04  1.72686859e-07 
 5.01500000e-04  1.72640852e-07 
 5.01600000e-04  1.58653166e-07 
 5.01700000e-04  1.58256098e-07 
 5.01800000e-04  1.58029853e-07 
 5.01900000e-04  1.57866032e-07 
 5.02000000e-04  1.57766613e-07 
 5.02100000e-04  1.75526228e-07 
 5.02200000e-04  1.75014507e-07 
 5.02300000e-04  1.74834853e-07 
 5.02400000e-04  1.74676853e-07 
 5.02500000e-04  1.74602141e-07 
 5.02600000e-04  1.65726078e-07 
 5.02700000e-04  1.65377351e-07 
 5.02800000e-04  1.65210494e-07 
 5.02900000e-04  1.65098937e-07 
 5.03000000e-04  1.65044435e-07 
 5.03100000e-04  1.74680999e-07 
 5.03200000e-04  1.73595753e-07 
 5.03300000e-04  1.73204320e-07 
 5.03400000e-04  1.73048975e-07 
 5.03500000e-04  1.72893630e-07 
 5.03600000e-04  1.58555466e-07 
 5.03700000e-04  1.57848936e-07 
 5.03800000e-04  1.57577243e-07 
 5.03900000e-04  1.57381109e-07 
 5.04000000e-04  1.57262151e-07 
 5.04100000e-04  1.03759696e-04 
 5.04200000e-04  1.03759306e-04 
 5.04300000e-04  1.03759170e-04 
 5.04400000e-04  1.03759053e-04 
 5.04500000e-04  1.03758981e-04 
 5.04600000e-04  1.03746252e-04 
 5.04700000e-04  1.03745890e-04 
 5.04800000e-04  1.03745692e-04 
 5.04900000e-04  1.03745557e-04 
 5.05000000e-04  1.03745487e-04 
 5.05100000e-04  1.73641370e-07 
 5.05200000e-04  1.73360459e-07 
 5.05300000e-04  1.73257798e-07 
 5.05400000e-04  1.73167168e-07 
 5.05500000e-04  1.73135610e-07 
 5.05600000e-04  1.59163519e-07 
 5.05700000e-04  1.58744003e-07 
 5.05800000e-04  1.58527343e-07 
 5.05900000e-04  1.58363127e-07 
 5.06000000e-04  1.58253019e-07 
 5.06100000e-04  1.75022176e-07 
 5.06200000e-04  1.74689347e-07 
 5.06300000e-04  1.74569524e-07 
 5.06400000e-04  1.74465442e-07 
 5.06500000e-04  1.74397440e-07 
 5.06600000e-04  1.62907512e-07 
 5.06700000e-04  1.62546340e-07 
 5.06800000e-04  1.62367768e-07 
 5.06900000e-04  1.62252403e-07 
 5.07000000e-04  1.62202247e-07 
 5.07100000e-04  1.73708206e-07 
 5.07200000e-04  1.73426842e-07 
 5.07300000e-04  1.73328302e-07 
 5.07400000e-04  1.73241740e-07 
 5.07500000e-04  1.73186486e-07 
 5.07600000e-04  1.59188622e-07 
 5.07700000e-04  1.58748706e-07 
 5.07800000e-04  1.58523607e-07 
 5.07900000e-04  1.58353613e-07 
 5.08000000e-04  1.58240472e-07 
 5.08100000e-04  1.74476330e-07 
 5.08200000e-04  1.74270729e-07 
 5.08300000e-04  1.74175651e-07 
 5.08400000e-04  1.74088349e-07 
 5.08500000e-04  1.74040203e-07 
 5.08600000e-04  1.61230970e-07 
 5.08700000e-04  1.60874111e-07 
 5.08800000e-04  1.60695395e-07 
 5.08900000e-04  1.60569567e-07 
 5.09000000e-04  1.60498305e-07 
 5.09100000e-04  1.74230438e-07 
 5.09200000e-04  1.73981373e-07 
 5.09300000e-04  1.73894325e-07 
 5.09400000e-04  1.73819097e-07 
 5.09500000e-04  1.73774641e-07 
 5.09600000e-04  1.59714057e-07 
 5.09700000e-04  1.59324493e-07 
 5.09800000e-04  1.59107789e-07 
 5.09900000e-04  1.58943628e-07 
 5.10000000e-04  1.58833677e-07 
 5.10100000e-04  1.76143473e-07 
 5.10200000e-04  1.75724550e-07 
 5.10300000e-04  1.75567404e-07 
 5.10400000e-04  1.75427600e-07 
 5.10500000e-04  1.75358725e-07 
 5.10600000e-04  1.65129975e-07 
 5.10700000e-04  1.64775195e-07 
 5.10800000e-04  1.64608013e-07 
 5.10900000e-04  1.64501517e-07 
 5.11000000e-04  1.64457633e-07 
 5.11100000e-04  1.73838444e-07 
 5.11200000e-04  1.73503977e-07 
 5.11300000e-04  1.73386394e-07 
 5.11400000e-04  1.73283695e-07 
 5.11500000e-04  1.73227543e-07 
 5.11600000e-04  1.59249658e-07 
 5.11700000e-04  1.58779462e-07 
 5.11800000e-04  1.58547953e-07 
 5.11900000e-04  1.58372342e-07 
 5.12000000e-04  1.58254401e-07 
 5.12100000e-04  1.74491175e-07 
 5.12200000e-04  1.74285396e-07 
 5.12300000e-04  1.74190325e-07 
 5.12400000e-04  1.74102726e-07 
 5.12500000e-04  1.74036821e-07 
 5.12600000e-04  1.61206649e-07 
 5.12700000e-04  1.60866591e-07 
 5.12800000e-04  1.60686366e-07 
 5.12900000e-04  1.60564397e-07 
 5.13000000e-04  1.60502534e-07 
 5.13100000e-04  1.74237735e-07 
 5.13200000e-04  1.73993358e-07 
 5.13300000e-04  1.73894047e-07 
 5.13400000e-04  1.73804601e-07 
 5.13500000e-04  1.73777553e-07 
 5.13600000e-04  1.59698716e-07 
 5.13700000e-04  1.59322729e-07 
 5.13800000e-04  1.59111936e-07 
 5.13900000e-04  1.58946207e-07 
 5.14000000e-04  1.58826970e-07 
 5.14100000e-04  1.75627691e-07 
 5.14200000e-04  1.75288711e-07 
 5.14300000e-04  1.75165669e-07 
 5.14400000e-04  1.75058116e-07 
 5.14500000e-04  1.74998266e-07 
 5.14600000e-04  1.63456414e-07 
 5.14700000e-04  1.63130229e-07 
 5.14800000e-04  1.62944729e-07 
 5.14900000e-04  1.62827954e-07 
 5.15000000e-04  1.62782083e-07 
 5.15100000e-04  1.74340032e-07 
 5.15200000e-04  1.74042235e-07 
 5.15300000e-04  1.73936863e-07 
 5.15400000e-04  1.73844983e-07 
 5.15500000e-04  1.73789074e-07 
 5.15600000e-04  1.59763018e-07 
 5.15700000e-04  1.59318532e-07 
 5.15800000e-04  1.59102516e-07 
 5.15900000e-04  1.58939555e-07 
 5.16000000e-04  1.58831333e-07 
 5.16100000e-04  1.75081928e-07 
 5.16200000e-04  1.74875705e-07 
 5.16300000e-04  1.74782540e-07 
 5.16400000e-04  1.74697371e-07 
 5.16500000e-04  1.74643994e-07 
 5.16600000e-04  1.61788999e-07 
 5.16700000e-04  1.61460496e-07 
 5.16800000e-04  1.61287590e-07 
 5.16900000e-04  1.61164864e-07 
 5.17000000e-04  1.61093907e-07 
 5.17100000e-04  1.74870129e-07 
 5.17200000e-04  1.74610823e-07 
 5.17300000e-04  1.74513411e-07 
 5.17400000e-04  1.74427899e-07 
 5.17500000e-04  1.74383395e-07 
 5.17600000e-04  1.60290969e-07 
 5.17700000e-04  1.59914325e-07 
 5.17800000e-04  1.59700224e-07 
 5.17900000e-04  1.59535668e-07 
 5.18000000e-04  1.59422229e-07 
 5.18100000e-04  1.88938568e-07 
 5.18200000e-04  1.86316380e-07 
 5.18300000e-04  1.85511278e-07 
 5.18400000e-04  1.85263305e-07 
 5.18500000e-04  1.85015331e-07 
 5.18600000e-04  1.75716580e-07 
 5.18700000e-04  1.74618338e-07 
 5.18800000e-04  1.74278050e-07 
 5.18900000e-04  1.74060258e-07 
 5.19000000e-04  1.73967169e-07 
 5.19100000e-04  1.71277842e-07 
 5.19200000e-04  1.70517312e-07 
 5.19300000e-04  1.70305258e-07 
 5.19400000e-04  1.70128100e-07 
 5.19500000e-04  1.70054006e-07 
 5.19600000e-04  1.57647965e-07 
 5.19700000e-04  1.56967718e-07 
 5.19800000e-04  1.56707035e-07 
 5.19900000e-04 -0.00000000e+00 
 5.20000000e-04  1.56574658e-07 
