 time            -i(vdd)        
 2.60000000e-04 -1.26577366e-04 
 2.60100000e-04  1.83731737e-07 
 2.60200000e-04  1.75017218e-07 
 2.60300000e-04  1.72689996e-07 
 2.60400000e-04  1.70728020e-07 
 2.60500000e-04  1.70076854e-07 
 2.60600000e-04  1.76683006e-07 
 2.60700000e-04  1.75910893e-07 
 2.60800000e-04  1.75474948e-07 
 2.60900000e-04  1.75131498e-07 
 2.61000000e-04  1.74882551e-07 
 2.61100000e-04  1.56452002e-07 
 2.61200000e-04  1.54080712e-07 
 2.61300000e-04  1.53473673e-07 
 2.61400000e-04  1.52983323e-07 
 2.61500000e-04  1.52794665e-07 
 2.61600000e-04  1.38884480e-07 
 2.61700000e-04  1.37640695e-07 
 2.61800000e-04  1.37193418e-07 
 2.61900000e-04  1.36875869e-07 
 2.62000000e-04  1.36692163e-07 
 2.62100000e-04  1.61881229e-07 
 2.62200000e-04  1.60616882e-07 
 2.62300000e-04  1.60334921e-07 
 2.62400000e-04  1.60131743e-07 
 2.62500000e-04  1.60058395e-07 
 2.62600000e-04  1.48503599e-07 
 2.62700000e-04  1.47916838e-07 
 2.62800000e-04  1.47633811e-07 
 2.62900000e-04  1.47421415e-07 
 2.63000000e-04  1.47281160e-07 
 2.63100000e-04  1.99994394e-07 
 2.63200000e-04  1.94212915e-07 
 2.63300000e-04  1.92921074e-07 
 2.63400000e-04  1.91924400e-07 
 2.63500000e-04  1.91646804e-07 
 2.63600000e-04  1.78196682e-07 
 2.63700000e-04  1.77564476e-07 
 2.63800000e-04  1.77246060e-07 
 2.63900000e-04  1.77001861e-07 
 2.64000000e-04  1.76834229e-07 
 2.64100000e-04  1.72679886e-07 
 2.64200000e-04  1.68081837e-07 
 2.64300000e-04  1.67032765e-07 
 2.64400000e-04  1.66215667e-07 
 2.64500000e-04  1.65973428e-07 
 2.64600000e-04  1.53752803e-07 
 2.64700000e-04  1.53124090e-07 
 2.64800000e-04  1.52821009e-07 
 2.64900000e-04  1.52589682e-07 
 2.65000000e-04  1.52432381e-07 
 2.65100000e-04  1.66023796e-07 
 2.65200000e-04  1.65522867e-07 
 2.65300000e-04  1.65366480e-07 
 2.65400000e-04  1.65233319e-07 
 2.65500000e-04  1.65182621e-07 
 2.65600000e-04  1.51586561e-07 
 2.65700000e-04  1.51156843e-07 
 2.65800000e-04  1.50920622e-07 
 2.65900000e-04  1.50744649e-07 
 2.66000000e-04  1.50630830e-07 
 2.66100000e-04  1.66988286e-07 
 2.66200000e-04  1.66742123e-07 
 2.66300000e-04  1.66643924e-07 
 2.66400000e-04  1.66554950e-07 
 2.66500000e-04  1.66499126e-07 
 2.66600000e-04  1.55433952e-07 
 2.66700000e-04  1.55023144e-07 
 2.66800000e-04  1.54817212e-07 
 2.66900000e-04  1.54670623e-07 
 2.67000000e-04  1.54585255e-07 
 2.67100000e-04  1.66078899e-07 
 2.67200000e-04  1.65570755e-07 
 2.67300000e-04  1.65415938e-07 
 2.67400000e-04  1.65283231e-07 
 2.67500000e-04  1.65234278e-07 
 2.67600000e-04  1.51666214e-07 
 2.67700000e-04  1.51175066e-07 
 2.67800000e-04  1.50912258e-07 
 2.67900000e-04  1.50716901e-07 
 2.68000000e-04  1.50591127e-07 
 2.68100000e-04  1.66394283e-07 
 2.68200000e-04  1.66214189e-07 
 2.68300000e-04  1.66141520e-07 
 2.68400000e-04  1.66076648e-07 
 2.68500000e-04  1.66026342e-07 
 2.68600000e-04  1.53655622e-07 
 2.68700000e-04  1.53252126e-07 
 2.68800000e-04  1.53038632e-07 
 2.68900000e-04  1.52889790e-07 
 2.69000000e-04  1.52807640e-07 
 2.69100000e-04  1.66130849e-07 
 2.69200000e-04  1.65904027e-07 
 2.69300000e-04  1.65833582e-07 
 2.69400000e-04  1.65774744e-07 
 2.69500000e-04  1.65745087e-07 
 2.69600000e-04  1.52109195e-07 
 2.69700000e-04  1.51662979e-07 
 2.69800000e-04  1.51430152e-07 
 2.69900000e-04  1.51244858e-07 
 2.70000000e-04  1.51108598e-07 
 2.70100000e-04  1.68010305e-07 
 2.70200000e-04  1.67617959e-07 
 2.70300000e-04  1.67494924e-07 
 2.70400000e-04  1.67390196e-07 
 2.70500000e-04  1.67319953e-07 
 2.70600000e-04  1.57520313e-07 
 2.70700000e-04  1.57133893e-07 
 2.70800000e-04  1.56927937e-07 
 2.70900000e-04  1.56794702e-07 
 2.71000000e-04  1.56736487e-07 
 2.71100000e-04  1.66114172e-07 
 2.71200000e-04  1.65539525e-07 
 2.71300000e-04  1.65378283e-07 
 2.71400000e-04  1.65244037e-07 
 2.71500000e-04  1.65194657e-07 
 2.71600000e-04  1.51646141e-07 
 2.71700000e-04  1.51109567e-07 
 2.71800000e-04  1.50847383e-07 
 2.71900000e-04  1.50652276e-07 
 2.72000000e-04  1.50526366e-07 
 2.72100000e-04  1.66320727e-07 
 2.72200000e-04  1.66164629e-07 
 2.72300000e-04  1.66085134e-07 
 2.72400000e-04  1.66010497e-07 
 2.72500000e-04  1.65967431e-07 
 2.72600000e-04  1.53594337e-07 
 2.72700000e-04  1.53191189e-07 
 2.72800000e-04  1.52985135e-07 
 2.72900000e-04  1.52832905e-07 
 2.73000000e-04  1.52736195e-07 
 2.73100000e-04  1.66063871e-07 
 2.73200000e-04  1.65855194e-07 
 2.73300000e-04  1.65792652e-07 
 2.73400000e-04  1.65740419e-07 
 2.73500000e-04  1.65698129e-07 
 2.73600000e-04  1.52072728e-07 
 2.73700000e-04  1.51615363e-07 
 2.73800000e-04  1.51378793e-07 
 2.73900000e-04  1.51200345e-07 
 2.74000000e-04  1.51081849e-07 
 2.74100000e-04  1.67434237e-07 
 2.74200000e-04  1.67157239e-07 
 2.74300000e-04  1.67058929e-07 
 2.74400000e-04  1.66972831e-07 
 2.74500000e-04  1.66916450e-07 
 2.74600000e-04  1.55804656e-07 
 2.74700000e-04  1.55422929e-07 
 2.74800000e-04  1.55215925e-07 
 2.74900000e-04  1.55072304e-07 
 2.75000000e-04  1.54994062e-07 
 2.75100000e-04  1.66129563e-07 
 2.75200000e-04  1.65903594e-07 
 2.75300000e-04  1.65820006e-07 
 2.75400000e-04  1.65745054e-07 
 2.75500000e-04  1.65711873e-07 
 2.75600000e-04  1.52103715e-07 
 2.75700000e-04  1.51624172e-07 
 2.75800000e-04  1.51371998e-07 
 2.75900000e-04  1.51184901e-07 
 2.76000000e-04  1.51064931e-07 
 2.76100000e-04  1.66905281e-07 
 2.76200000e-04  1.66731308e-07 
 2.76300000e-04  1.66655622e-07 
 2.76400000e-04  1.66586990e-07 
 2.76500000e-04  1.66553650e-07 
 2.76600000e-04  1.54144244e-07 
 2.76700000e-04  1.53743863e-07 
 2.76800000e-04  1.53541479e-07 
 2.76900000e-04  1.53400687e-07 
 2.77000000e-04  1.53323425e-07 
 2.77100000e-04  1.66657354e-07 
 2.77200000e-04  1.66452245e-07 
 2.77300000e-04  1.66381498e-07 
 2.77400000e-04  1.66320096e-07 
 2.77500000e-04  1.66289692e-07 
 2.77600000e-04  1.52641030e-07 
 2.77700000e-04  1.52186787e-07 
 2.77800000e-04  1.51959847e-07 
 2.77900000e-04  1.51781749e-07 
 2.78000000e-04  1.51654028e-07 
 2.78100000e-04  1.69108040e-07 
 2.78200000e-04  1.68606017e-07 
 2.78300000e-04  1.68449353e-07 
 2.78400000e-04  1.68315873e-07 
 2.78500000e-04  1.68259127e-07 
 2.78600000e-04  1.59711884e-07 
 2.78700000e-04  1.59323282e-07 
 2.78800000e-04  1.59126905e-07 
 2.78900000e-04  1.58998782e-07 
 2.79000000e-04  1.58941061e-07 
 2.79100000e-04  1.66281868e-07 
 2.79200000e-04  1.65640082e-07 
 2.79300000e-04  1.65445270e-07 
 2.79400000e-04  1.65278847e-07 
 2.79500000e-04  1.65199675e-07 
 2.79600000e-04  1.51689142e-07 
 2.79700000e-04  1.51114046e-07 
 2.79800000e-04  1.50842583e-07 
 2.79900000e-04  1.50635321e-07 
 2.80000000e-04  1.50494280e-07 
 2.80100000e-04  1.66320519e-07 
 2.80200000e-04  1.66136177e-07 
 2.80300000e-04  1.66058183e-07 
 2.80400000e-04  1.65988035e-07 
 2.80500000e-04  1.65954432e-07 
 2.80600000e-04  1.53567980e-07 
 2.80700000e-04  1.53164623e-07 
 2.80800000e-04  1.52960807e-07 
 2.80900000e-04  1.52810037e-07 
 2.81000000e-04  1.52713978e-07 
 2.81100000e-04  1.66038850e-07 
 2.81200000e-04  1.65838327e-07 
 2.81300000e-04  1.65764311e-07 
 2.81400000e-04  1.65699033e-07 
 2.81500000e-04  1.65680748e-07 
 2.81600000e-04  1.52030502e-07 
 2.81700000e-04  1.51585221e-07 
 2.81800000e-04  1.51358647e-07 
 2.81900000e-04  1.51183067e-07 
 2.82000000e-04  1.51060080e-07 
 2.82100000e-04  1.67416612e-07 
 2.82200000e-04  1.67139250e-07 
 2.82300000e-04  1.67038248e-07 
 2.82400000e-04  1.66949048e-07 
 2.82500000e-04  1.66914919e-07 
 2.82600000e-04  1.55801558e-07 
 2.82700000e-04  1.55397976e-07 
 2.82800000e-04  1.55201287e-07 
 2.82900000e-04  1.55066047e-07 
 2.83000000e-04  1.54994185e-07 
 2.83100000e-04  1.66122485e-07 
 2.83200000e-04  1.65876877e-07 
 2.83300000e-04  1.65787081e-07 
 2.83400000e-04  1.65707826e-07 
 2.83500000e-04  1.65683373e-07 
 2.83600000e-04  1.52078723e-07 
 2.83700000e-04  1.51597797e-07 
 2.83800000e-04  1.51348996e-07 
 2.83900000e-04  1.51162133e-07 
 2.84000000e-04  1.51039151e-07 
 2.84100000e-04  1.66877870e-07 
 2.84200000e-04  1.66716243e-07 
 2.84300000e-04  1.66637305e-07 
 2.84400000e-04  1.66563796e-07 
 2.84500000e-04  1.66527100e-07 
 2.84600000e-04  1.54117193e-07 
 2.84700000e-04  1.53743282e-07 
 2.84800000e-04  1.53533626e-07 
 2.84900000e-04  1.53383235e-07 
 2.85000000e-04  1.53293968e-07 
 2.85100000e-04  1.66644674e-07 
 2.85200000e-04  1.66438071e-07 
 2.85300000e-04  1.66363210e-07 
 2.85400000e-04  1.66297268e-07 
 2.85500000e-04  1.66283690e-07 
 2.85600000e-04  1.52611582e-07 
 2.85700000e-04  1.52175214e-07 
 2.85800000e-04  1.51939463e-07 
 2.85900000e-04  1.51760147e-07 
 2.86000000e-04  1.51639032e-07 
 2.86100000e-04  1.68551532e-07 
 2.86200000e-04  1.68165459e-07 
 2.86300000e-04  1.68033934e-07 
 2.86400000e-04  1.67919119e-07 
 2.86500000e-04  1.67864958e-07 
 2.86600000e-04  1.58037851e-07 
 2.86700000e-04  1.57648079e-07 
 2.86800000e-04  1.57451981e-07 
 2.86900000e-04  1.57322003e-07 
 2.87000000e-04  1.57260219e-07 
 2.87100000e-04  1.66239912e-07 
 2.87200000e-04  1.65965195e-07 
 2.87300000e-04  1.65862581e-07 
 2.87400000e-04  1.65771110e-07 
 2.87500000e-04  1.65736746e-07 
 2.87600000e-04  1.52155883e-07 
 2.87700000e-04  1.51626729e-07 
 2.87800000e-04  1.51382322e-07 
 2.87900000e-04  1.51189352e-07 
 2.88000000e-04  1.51049427e-07 
 2.88100000e-04  1.66899136e-07 
 2.88200000e-04  1.66729012e-07 
 2.88300000e-04  1.66654549e-07 
 2.88400000e-04  1.66586564e-07 
 2.88500000e-04  1.66541192e-07 
 2.88600000e-04  1.54139531e-07 
 2.88700000e-04  1.53738218e-07 
 2.88800000e-04  1.53523310e-07 
 2.88900000e-04  1.53377701e-07 
 2.89000000e-04  1.53303562e-07 
 2.89100000e-04  1.66646278e-07 
 2.89200000e-04  1.66440101e-07 
 2.89300000e-04  1.66370059e-07 
 2.89400000e-04  1.66309444e-07 
 2.89500000e-04  1.66280038e-07 
 2.89600000e-04  1.52618490e-07 
 2.89700000e-04  1.52176458e-07 
 2.89800000e-04  1.51941945e-07 
 2.89900000e-04  1.51762381e-07 
 2.90000000e-04  1.51639485e-07 
 2.90100000e-04  1.68022848e-07 
 2.90200000e-04  1.67738479e-07 
 2.90300000e-04  1.67643883e-07 
 2.90400000e-04  1.67562503e-07 
 2.90500000e-04  1.67518742e-07 
 2.90600000e-04  1.56363670e-07 
 2.90700000e-04  1.55976804e-07 
 2.90800000e-04  1.55784384e-07 
 2.90900000e-04  1.55649557e-07 
 2.91000000e-04  1.55574119e-07 
 2.91100000e-04  1.66730259e-07 
 2.91200000e-04  1.66492915e-07 
 2.91300000e-04  1.66412212e-07 
 2.91400000e-04  1.66341595e-07 
 2.91500000e-04  1.66299648e-07 
 2.91600000e-04  1.52655291e-07 
 2.91700000e-04  1.52184644e-07 
 2.91800000e-04  1.51938653e-07 
 2.91900000e-04  1.51756640e-07 
 2.92000000e-04  1.51640604e-07 
 2.92100000e-04  1.67495912e-07 
 2.92200000e-04  1.67318702e-07 
 2.92300000e-04  1.67242284e-07 
 2.92400000e-04  1.67173146e-07 
 2.92500000e-04  1.67144215e-07 
 2.92600000e-04  1.54702632e-07 
 2.92700000e-04  1.54314629e-07 
 2.92800000e-04  1.54111897e-07 
 2.92900000e-04  1.53970352e-07 
 2.93000000e-04  1.53891905e-07 
 2.93100000e-04  1.67273785e-07 
 2.93200000e-04  1.67064790e-07 
 2.93300000e-04  1.66986291e-07 
 2.93400000e-04  1.66916660e-07 
 2.93500000e-04  1.66886855e-07 
 2.93600000e-04  1.53205907e-07 
 2.93700000e-04  1.52757576e-07 
 2.93800000e-04  1.52523478e-07 
 2.93900000e-04  1.52350972e-07 
 2.94000000e-04  1.52241983e-07 
 2.94100000e-04  1.70227129e-07 
 2.94200000e-04  1.69634065e-07 
 2.94300000e-04  1.69448274e-07 
 2.94400000e-04  1.69288991e-07 
 2.94500000e-04  1.69219387e-07 
 2.94600000e-04  1.61954633e-07 
 2.94700000e-04  1.61550709e-07 
 2.94800000e-04  1.61364565e-07 
 2.94900000e-04  1.61250351e-07 
 2.95000000e-04  1.61210316e-07 
 2.95100000e-04  1.66584887e-07 
 2.95200000e-04  1.65727676e-07 
 2.95300000e-04  1.65482037e-07 
 2.95400000e-04  1.65275356e-07 
 2.95500000e-04  1.65211199e-07 
 2.95600000e-04  1.51709567e-07 
 2.95700000e-04  1.51115055e-07 
 2.95800000e-04  1.50821351e-07 
 2.95900000e-04  1.50614022e-07 
 2.96000000e-04  1.50495774e-07 
 2.96100000e-04  1.66306432e-07 
 2.96200000e-04  1.66129914e-07 
 2.96300000e-04  1.66055734e-07 
 2.96400000e-04  1.65988535e-07 
 2.96500000e-04  1.65955233e-07 
 2.96600000e-04  1.53538285e-07 
 2.96700000e-04  1.53162680e-07 
 2.96800000e-04  1.52941863e-07 
 2.96900000e-04  1.52789467e-07 
 2.97000000e-04  1.52707628e-07 
 2.97100000e-04  1.66042894e-07 
 2.97200000e-04  1.65835649e-07 
 2.97300000e-04  1.65758614e-07 
 2.97400000e-04  1.65690915e-07 
 2.97500000e-04  1.65670774e-07 
 2.97600000e-04  1.52020509e-07 
 2.97700000e-04  1.51577619e-07 
 2.97800000e-04  1.51345345e-07 
 2.97900000e-04  1.51164466e-07 
 2.98000000e-04  1.51036575e-07 
 2.98100000e-04  1.67409553e-07 
 2.98200000e-04  1.67126530e-07 
 2.98300000e-04  1.67028291e-07 
 2.98400000e-04  1.66942886e-07 
 2.98500000e-04  1.66886742e-07 
 2.98600000e-04  1.55778745e-07 
 2.98700000e-04  1.55383273e-07 
 2.98800000e-04  1.55181762e-07 
 2.98900000e-04  1.55041435e-07 
 2.99000000e-04  1.54964196e-07 
 2.99100000e-04  1.66106729e-07 
 2.99200000e-04  1.65861210e-07 
 2.99300000e-04  1.65781880e-07 
 2.99400000e-04  1.65713890e-07 
 2.99500000e-04  1.65675109e-07 
 2.99600000e-04  1.52069007e-07 
 2.99700000e-04  1.51605232e-07 
 2.99800000e-04  1.51358144e-07 
 2.99900000e-04  1.51171339e-07 
 3.00000000e-04  1.51046693e-07 
 3.00100000e-04  1.66869839e-07 
 3.00200000e-04  1.66707372e-07 
 3.00300000e-04  1.66635918e-07 
 3.00400000e-04  1.66570813e-07 
 3.00500000e-04  1.66527202e-07 
 3.00600000e-04  1.54102878e-07 
 3.00700000e-04  1.53724137e-07 
 3.00800000e-04  1.53520224e-07 
 3.00900000e-04  1.53372506e-07 
 3.01000000e-04  1.53282729e-07 
 3.01100000e-04  1.66634605e-07 
 3.01200000e-04  1.66425697e-07 
 3.01300000e-04  1.66355152e-07 
 3.01400000e-04  1.66294240e-07 
 3.01500000e-04  1.66275360e-07 
 3.01600000e-04  1.52611516e-07 
 3.01700000e-04  1.52177708e-07 
 3.01800000e-04  1.51939988e-07 
 3.01900000e-04  1.51758288e-07 
 3.02000000e-04  1.51634344e-07 
 3.02100000e-04  1.68539784e-07 
 3.02200000e-04  1.68156669e-07 
 3.02300000e-04  1.68030597e-07 
 3.02400000e-04  1.67921509e-07 
 3.02500000e-04  1.67864309e-07 
 3.02600000e-04  1.58039010e-07 
 3.02700000e-04  1.57635014e-07 
 3.02800000e-04  1.57446645e-07 
 3.02900000e-04  1.57315174e-07 
 3.03000000e-04  1.57242368e-07 
 3.03100000e-04  1.68363126e-07 
 3.03200000e-04  1.67550403e-07 
 3.03300000e-04  1.67272904e-07 
 3.03400000e-04  1.67172453e-07 
 3.03500000e-04  1.67072003e-07 
 3.03600000e-04  1.53004511e-07 
 3.03700000e-04  1.52312169e-07 
 3.03800000e-04  1.52027384e-07 
 3.03900000e-04  1.51825407e-07 
 3.04000000e-04  1.51707969e-07 
 3.04100000e-04  1.03753816e-04 
 3.04200000e-04  1.03753442e-04 
 3.04300000e-04  1.03753319e-04 
 3.04400000e-04  1.03753214e-04 
 3.04500000e-04  1.03753180e-04 
 3.04600000e-04  1.03740783e-04 
 3.04700000e-04  1.03740360e-04 
 3.04800000e-04  1.03740151e-04 
 3.04900000e-04  1.03740003e-04 
 3.05000000e-04  1.03739918e-04 
 3.05100000e-04  1.67787032e-07 
 3.05200000e-04  1.67536327e-07 
 3.05300000e-04  1.67465858e-07 
 3.05400000e-04  1.67408198e-07 
 3.05500000e-04  1.67358400e-07 
 3.05600000e-04  1.53702661e-07 
 3.05700000e-04  1.53244218e-07 
 3.05800000e-04  1.53010022e-07 
 3.05900000e-04  1.52834390e-07 
 3.06000000e-04  1.52719135e-07 
 3.06100000e-04  1.69160547e-07 
 3.06200000e-04  1.68891249e-07 
 3.06300000e-04  1.68782609e-07 
 3.06400000e-04  1.68684276e-07 
 3.06500000e-04  1.68649437e-07 
 3.06600000e-04  1.57446753e-07 
 3.06700000e-04  1.57071584e-07 
 3.06800000e-04  1.56874201e-07 
 3.06900000e-04  1.56735758e-07 
 3.07000000e-04  1.56658079e-07 
 3.07100000e-04  1.67883727e-07 
 3.07200000e-04  1.67620019e-07 
 3.07300000e-04  1.67536464e-07 
 3.07400000e-04  1.67465387e-07 
 3.07500000e-04  1.67427950e-07 
 3.07600000e-04  1.53735563e-07 
 3.07700000e-04  1.53272269e-07 
 3.07800000e-04  1.53026793e-07 
 3.07900000e-04  1.52843821e-07 
 3.08000000e-04  1.52725294e-07 
 3.08100000e-04  1.68648293e-07 
 3.08200000e-04  1.68475005e-07 
 3.08300000e-04  1.68397343e-07 
 3.08400000e-04  1.68326072e-07 
 3.08500000e-04  1.68288683e-07 
 3.08600000e-04  1.55766363e-07 
 3.08700000e-04  1.55404803e-07 
 3.08800000e-04  1.55201462e-07 
 3.08900000e-04  1.55054023e-07 
 3.09000000e-04  1.54964212e-07 
 3.09100000e-04  1.68397334e-07 
 3.09200000e-04  1.68180125e-07 
 3.09300000e-04  1.68112994e-07 
 3.09400000e-04  1.68056235e-07 
 3.09500000e-04  1.68008278e-07 
 3.09600000e-04  1.54253334e-07 
 3.09700000e-04  1.53844673e-07 
 3.09800000e-04  1.53601597e-07 
 3.09900000e-04  1.53421295e-07 
 3.10000000e-04  1.53305713e-07 
 3.10100000e-04  1.70854809e-07 
 3.10200000e-04  1.70336477e-07 
 3.10300000e-04  1.70176016e-07 
 3.10400000e-04  1.70039901e-07 
 3.10500000e-04  1.69988381e-07 
 3.10600000e-04  1.61350115e-07 
 3.10700000e-04  1.60956632e-07 
 3.10800000e-04  1.60770678e-07 
 3.10900000e-04  1.60659391e-07 
 3.11000000e-04  1.60625094e-07 
 3.11100000e-04  1.67661747e-07 
 3.11200000e-04  1.67270492e-07 
 3.11300000e-04  1.67128271e-07 
 3.11400000e-04  1.67002620e-07 
 3.11500000e-04  1.66930827e-07 
 3.11600000e-04  1.53311073e-07 
 3.11700000e-04  1.52755884e-07 
 3.11800000e-04  1.52496009e-07 
 3.11900000e-04  1.52296002e-07 
 3.12000000e-04  1.52157718e-07 
 3.12100000e-04  1.68077427e-07 
 3.12200000e-04  1.67880689e-07 
 3.12300000e-04  1.67803103e-07 
 3.12400000e-04  1.67734584e-07 
 3.12500000e-04  1.67680778e-07 
 3.12600000e-04  1.55201023e-07 
 3.12700000e-04  1.54810880e-07 
 3.12800000e-04  1.54620620e-07 
 3.12900000e-04  1.54481461e-07 
 3.13000000e-04  1.54394973e-07 
 3.13100000e-04  1.67793833e-07 
 3.13200000e-04  1.67592518e-07 
 3.13300000e-04  1.67515892e-07 
 3.13400000e-04  1.67447554e-07 
 3.13500000e-04  1.67400630e-07 
 3.13600000e-04  1.53690235e-07 
 3.13700000e-04  1.53259097e-07 
 3.13800000e-04  1.53016472e-07 
 3.13900000e-04  1.52834761e-07 
 3.14000000e-04  1.52715849e-07 
 3.14100000e-04  1.69162818e-07 
 3.14200000e-04  1.68884079e-07 
 3.14300000e-04  1.68780735e-07 
 3.14400000e-04  1.68689143e-07 
 3.14500000e-04  1.68630907e-07 
 3.14600000e-04  1.57434773e-07 
 3.14700000e-04  1.57057801e-07 
 3.14800000e-04  1.56861500e-07 
 3.14900000e-04  1.56727753e-07 
 3.15000000e-04  1.56658491e-07 
 3.15100000e-04  1.67868898e-07 
 3.15200000e-04  1.67625906e-07 
 3.15300000e-04  1.67534330e-07 
 3.15400000e-04  1.67452541e-07 
 3.15500000e-04  1.67439247e-07 
 3.15600000e-04  1.53732981e-07 
 3.15700000e-04  1.53272109e-07 
 3.15800000e-04  1.53017852e-07 
 3.15900000e-04  1.52830700e-07 
 3.16000000e-04  1.52712730e-07 
 3.16100000e-04  1.68645954e-07 
 3.16200000e-04  1.68451348e-07 
 3.16300000e-04  1.68373202e-07 
 3.16400000e-04  1.68303649e-07 
 3.16500000e-04  1.68272308e-07 
 3.16600000e-04  1.55760295e-07 
 3.16700000e-04  1.55399421e-07 
 3.16800000e-04  1.55196369e-07 
 3.16900000e-04  1.55051169e-07 
 3.17000000e-04  1.54965601e-07 
 3.17100000e-04  1.68394134e-07 
 3.17200000e-04  1.68173430e-07 
 3.17300000e-04  1.68099871e-07 
 3.17400000e-04  1.68036758e-07 
 3.17500000e-04  1.68020364e-07 
 3.17600000e-04  1.54257112e-07 
 3.17700000e-04  1.53844515e-07 
 3.17800000e-04  1.53600474e-07 
 3.17900000e-04  1.53423027e-07 
 3.18000000e-04  1.53314232e-07 
 3.18100000e-04  1.70310039e-07 
 3.18200000e-04  1.69907728e-07 
 3.18300000e-04  1.69780321e-07 
 3.18400000e-04  1.69671448e-07 
 3.18500000e-04  1.69615732e-07 
 3.18600000e-04  1.59675857e-07 
 3.18700000e-04  1.59297329e-07 
 3.18800000e-04  1.59117920e-07 
 3.18900000e-04  1.58992566e-07 
 3.19000000e-04  1.58922928e-07 
 3.19100000e-04  1.67997743e-07 
 3.19200000e-04  1.67697668e-07 
 3.19300000e-04  1.67598090e-07 
 3.19400000e-04  1.67512050e-07 
 3.19500000e-04  1.67459859e-07 
 3.19600000e-04  1.53798274e-07 
 3.19700000e-04  1.53302772e-07 
 3.19800000e-04  1.53050731e-07 
 3.19900000e-04  1.52857890e-07 
 3.20000000e-04  1.52726074e-07 
 3.20100000e-04  1.68662583e-07 
 3.20200000e-04  1.68469554e-07 
 3.20300000e-04  1.68396590e-07 
 3.20400000e-04  1.68332698e-07 
 3.20500000e-04  1.68291721e-07 
 3.20600000e-04  1.55772248e-07 
 3.20700000e-04  1.55400870e-07 
 3.20800000e-04  1.55199003e-07 
 3.20900000e-04  1.55051541e-07 
 3.21000000e-04  1.54960155e-07 
 3.21100000e-04  1.68409655e-07 
 3.21200000e-04  1.68198941e-07 
 3.21300000e-04  1.68118846e-07 
 3.21400000e-04  1.68047410e-07 
 3.21500000e-04  1.68024414e-07 
 3.21600000e-04  1.54253449e-07 
 3.21700000e-04  1.53823862e-07 
 3.21800000e-04  1.53596016e-07 
 3.21900000e-04  1.53426948e-07 
 3.22000000e-04  1.53318467e-07 
 3.22100000e-04  1.69783582e-07 
 3.22200000e-04  1.69496257e-07 
 3.22300000e-04  1.69395246e-07 
 3.22400000e-04  1.69306948e-07 
 3.22500000e-04  1.69258271e-07 
 3.22600000e-04  1.58019038e-07 
 3.22700000e-04  1.57632546e-07 
 3.22800000e-04  1.57442704e-07 
 3.22900000e-04  1.57314406e-07 
 3.23000000e-04  1.57249545e-07 
 3.23100000e-04  1.68496356e-07 
 3.23200000e-04  1.68241180e-07 
 3.23300000e-04  1.68157392e-07 
 3.23400000e-04  1.68084903e-07 
 3.23500000e-04  1.68050303e-07 
 3.23600000e-04  1.54314082e-07 
 3.23700000e-04  1.53839348e-07 
 3.23800000e-04  1.53609600e-07 
 3.23900000e-04  1.53437224e-07 
 3.24000000e-04  1.53323979e-07 
 3.24100000e-04  1.69271941e-07 
 3.24200000e-04  1.69077524e-07 
 3.24300000e-04  1.69001481e-07 
 3.24400000e-04  1.68934270e-07 
 3.24500000e-04  1.68898643e-07 
 3.24600000e-04  1.56349794e-07 
 3.24700000e-04  1.55974791e-07 
 3.24800000e-04  1.55776984e-07 
 3.24900000e-04  1.55636068e-07 
 3.25000000e-04  1.55553787e-07 
 3.25100000e-04  1.69033140e-07 
 3.25200000e-04  1.68809763e-07 
 3.25300000e-04  1.68735270e-07 
 3.25400000e-04  1.68671472e-07 
 3.25500000e-04  1.68636552e-07 
 3.25600000e-04  1.54851422e-07 
 3.25700000e-04  1.54430233e-07 
 3.25800000e-04  1.54189312e-07 
 3.25900000e-04  1.54014013e-07 
 3.26000000e-04  1.53906356e-07 
 3.26100000e-04  1.72534154e-07 
 3.26200000e-04  1.71803230e-07 
 3.26300000e-04  1.71590370e-07 
 3.26400000e-04  1.71412579e-07 
 3.26500000e-04  1.71330707e-07 
 3.26600000e-04  1.65252672e-07 
 3.26700000e-04  1.64874677e-07 
 3.26800000e-04  1.64700612e-07 
 3.26900000e-04  1.64598389e-07 
 3.27000000e-04  1.64570224e-07 
 3.27100000e-04  1.67800930e-07 
 3.27200000e-04  1.66872170e-07 
 3.27300000e-04  1.66631454e-07 
 3.27400000e-04  1.66434104e-07 
 3.27500000e-04  1.66341430e-07 
 3.27600000e-04  1.52833825e-07 
 3.27700000e-04  1.52178218e-07 
 3.27800000e-04  1.51902581e-07 
 3.27900000e-04  1.51695810e-07 
 3.28000000e-04  1.51560025e-07 
 3.28100000e-04  1.67459854e-07 
 3.28200000e-04  1.67288655e-07 
 3.28300000e-04  1.67205317e-07 
 3.28400000e-04  1.67128120e-07 
 3.28500000e-04  1.67085201e-07 
 3.28600000e-04  1.54599310e-07 
 3.28700000e-04  1.54227748e-07 
 3.28800000e-04  1.54021320e-07 
 3.28900000e-04  1.53876445e-07 
 3.29000000e-04  1.53795009e-07 
 3.29100000e-04  1.67192444e-07 
 3.29200000e-04  1.66969054e-07 
 3.29300000e-04  1.66890340e-07 
 3.29400000e-04  1.66822129e-07 
 3.29500000e-04  1.66788875e-07 
 3.29600000e-04  1.53096283e-07 
 3.29700000e-04  1.52663419e-07 
 3.29800000e-04  1.52426369e-07 
 3.29900000e-04  1.52248923e-07 
 3.30000000e-04  1.52132911e-07 
 3.30100000e-04  1.68555200e-07 
 3.30200000e-04  1.68279986e-07 
 3.30300000e-04  1.68171422e-07 
 3.30400000e-04  1.68074122e-07 
 3.30500000e-04  1.68015542e-07 
 3.30600000e-04  1.56845794e-07 
 3.30700000e-04  1.56471867e-07 
 3.30800000e-04  1.56264781e-07 
 3.30900000e-04  1.56123666e-07 
 3.31000000e-04  1.56050548e-07 
 3.31100000e-04  1.67257646e-07 
 3.31200000e-04  1.66998577e-07 
 3.31300000e-04  1.66911081e-07 
 3.31400000e-04  1.66835374e-07 
 3.31500000e-04  1.66798664e-07 
 3.31600000e-04  1.53145612e-07 
 3.31700000e-04  1.52670234e-07 
 3.31800000e-04  1.52417774e-07 
 3.31900000e-04  1.52230498e-07 
 3.32000000e-04  1.52110406e-07 
 3.32100000e-04  1.68010155e-07 
 3.32200000e-04  1.67840181e-07 
 3.32300000e-04  1.67761023e-07 
 3.32400000e-04  1.67687896e-07 
 3.32500000e-04  1.67654280e-07 
 3.32600000e-04  1.55167889e-07 
 3.32700000e-04  1.54795197e-07 
 3.32800000e-04  1.54594743e-07 
 3.32900000e-04  1.54450561e-07 
 3.33000000e-04  1.54364368e-07 
 3.33100000e-04  1.67781270e-07 
 3.33200000e-04  1.67551149e-07 
 3.33300000e-04  1.67480022e-07 
 3.33400000e-04  1.67420855e-07 
 3.33500000e-04  1.67401959e-07 
 3.33600000e-04  1.53667289e-07 
 3.33700000e-04  1.53228390e-07 
 3.33800000e-04  1.53005344e-07 
 3.33900000e-04  1.52834027e-07 
 3.34000000e-04  1.52715948e-07 
 3.34100000e-04  1.72143995e-07 
 3.34200000e-04  1.71131818e-07 
 3.34300000e-04  1.70813572e-07 
 3.34400000e-04  1.70691520e-07 
 3.34500000e-04  1.70632863e-07 
 3.34600000e-04  1.60289738e-07 
 3.34700000e-04  1.59730165e-07 
 3.34800000e-04  1.59484993e-07 
 3.34900000e-04  1.59299749e-07 
 3.35000000e-04  1.59175645e-07 
 3.35100000e-04  1.03754283e-04 
 3.35200000e-04  1.03753807e-04 
 3.35300000e-04  1.03753668e-04 
 3.35400000e-04  1.03753549e-04 
 3.35500000e-04  1.03753499e-04 
 3.35600000e-04  1.03739866e-04 
 3.35700000e-04  1.03739341e-04 
 3.35800000e-04  1.03739078e-04 
 3.35900000e-04  1.03738880e-04 
 3.36000000e-04  1.03738750e-04 
 3.36100000e-04  1.69180785e-07 
 3.36200000e-04  1.68972541e-07 
 3.36300000e-04  1.68883363e-07 
 3.36400000e-04  1.68802123e-07 
 3.36500000e-04  1.68752821e-07 
 3.36600000e-04  1.56273007e-07 
 3.36700000e-04  1.55887316e-07 
 3.36800000e-04  1.55677569e-07 
 3.36900000e-04  1.55536324e-07 
 3.37000000e-04  1.55465679e-07 
 3.37100000e-04  1.68939935e-07 
 3.37200000e-04  1.68703376e-07 
 3.37300000e-04  1.68631932e-07 
 3.37400000e-04  1.68572768e-07 
 3.37500000e-04  1.68537229e-07 
 3.37600000e-04  1.54756256e-07 
 3.37700000e-04  1.54322288e-07 
 3.37800000e-04  1.54100826e-07 
 3.37900000e-04  1.53924857e-07 
 3.38000000e-04  1.53795753e-07 
 3.38100000e-04  1.70306322e-07 
 3.38200000e-04  1.70013538e-07 
 3.38300000e-04  1.69904316e-07 
 3.38400000e-04  1.69807693e-07 
 3.38500000e-04  1.69756781e-07 
 3.38600000e-04  1.58513626e-07 
 3.38700000e-04  1.58135899e-07 
 3.38800000e-04  1.57943557e-07 
 3.38900000e-04  1.57812463e-07 
 3.39000000e-04  1.57744413e-07 
 3.39100000e-04  1.70936832e-07 
 3.39200000e-04  1.70295627e-07 
 3.39300000e-04  1.70072768e-07 
 3.39400000e-04  1.69967754e-07 
 3.39500000e-04  1.69900818e-07 
 3.39600000e-04  1.55662090e-07 
 3.39700000e-04  1.55020341e-07 
 3.39800000e-04  1.54753472e-07 
 3.39900000e-04  1.54564701e-07 
 3.40000000e-04  1.54455623e-07 
 3.40100000e-04  1.03756720e-04 
 3.40200000e-04  1.03756345e-04 
 3.40300000e-04  1.03756218e-04 
 3.40400000e-04  1.03756108e-04 
 3.40500000e-04  1.03756051e-04 
 3.40600000e-04  1.03743492e-04 
 3.40700000e-04  1.03743108e-04 
 3.40800000e-04  1.03742900e-04 
 3.40900000e-04  1.03742754e-04 
 3.41000000e-04  1.03742672e-04 
 3.41100000e-04  1.70702101e-07 
 3.41200000e-04  1.70443136e-07 
 3.41300000e-04  1.70355858e-07 
 3.41400000e-04  1.70280343e-07 
 3.41500000e-04  1.70236792e-07 
 3.41600000e-04  1.56430960e-07 
 3.41700000e-04  1.55999108e-07 
 3.41800000e-04  1.55767142e-07 
 3.41900000e-04  1.55591614e-07 
 3.42000000e-04  1.55474234e-07 
 3.42100000e-04  1.73150264e-07 
 3.42200000e-04  1.72635378e-07 
 3.42300000e-04  1.72458746e-07 
 3.42400000e-04  1.72304393e-07 
 3.42500000e-04  1.72249690e-07 
 3.42600000e-04  1.63487308e-07 
 3.42700000e-04  1.63139270e-07 
 3.42800000e-04  1.62952642e-07 
 3.42900000e-04  1.62835367e-07 
 3.43000000e-04  1.62789568e-07 
 3.43100000e-04  1.69966756e-07 
 3.43200000e-04  1.69551704e-07 
 3.43300000e-04  1.69402977e-07 
 3.43400000e-04  1.69272693e-07 
 3.43500000e-04  1.69208847e-07 
 3.43600000e-04  1.55464982e-07 
 3.43700000e-04  1.54923036e-07 
 3.43800000e-04  1.54662077e-07 
 3.43900000e-04  1.54468148e-07 
 3.44000000e-04  1.54343299e-07 
 3.44100000e-04  1.70376018e-07 
 3.44200000e-04  1.70164282e-07 
 3.44300000e-04  1.70071259e-07 
 3.44400000e-04  1.69987197e-07 
 3.44500000e-04  1.69943099e-07 
 3.44600000e-04  1.57341877e-07 
 3.44700000e-04  1.56960586e-07 
 3.44800000e-04  1.56768713e-07 
 3.44900000e-04  1.56634732e-07 
 3.45000000e-04  1.56560400e-07 
 3.45100000e-04  1.70086201e-07 
 3.45200000e-04  1.69850129e-07 
 3.45300000e-04  1.69773191e-07 
 3.45400000e-04  1.69707779e-07 
 3.45500000e-04  1.69658912e-07 
 3.45600000e-04  1.55830479e-07 
 3.45700000e-04  1.55408855e-07 
 3.45800000e-04  1.55179632e-07 
 3.45900000e-04  1.55009253e-07 
 3.46000000e-04  1.54899501e-07 
 3.46100000e-04  1.71467049e-07 
 3.46200000e-04  1.71157843e-07 
 3.46300000e-04  1.71049810e-07 
 3.46400000e-04  1.70956012e-07 
 3.46500000e-04  1.70898595e-07 
 3.46600000e-04  1.59567147e-07 
 3.46700000e-04  1.59193050e-07 
 3.46800000e-04  1.59010300e-07 
 3.46900000e-04  1.58888749e-07 
 3.47000000e-04  1.58830254e-07 
 3.47100000e-04  1.70156948e-07 
 3.47200000e-04  1.69894558e-07 
 3.47300000e-04  1.69801287e-07 
 3.47400000e-04  1.69719252e-07 
 3.47500000e-04  1.69692032e-07 
 3.47600000e-04  1.55863690e-07 
 3.47700000e-04  1.55420826e-07 
 3.47800000e-04  1.55182314e-07 
 3.47900000e-04  1.55004223e-07 
 3.48000000e-04  1.54888388e-07 
 3.48100000e-04  1.70922578e-07 
 3.48200000e-04  1.70741568e-07 
 3.48300000e-04  1.70658361e-07 
 3.48400000e-04  1.70581719e-07 
 3.48500000e-04  1.70522754e-07 
 3.48600000e-04  1.57910521e-07 
 3.48700000e-04  1.57545132e-07 
 3.48800000e-04  1.57343107e-07 
 3.48900000e-04  1.57208692e-07 
 3.49000000e-04  1.57143951e-07 
 3.49100000e-04  1.70683712e-07 
 3.49200000e-04  1.70467889e-07 
 3.49300000e-04  1.70378322e-07 
 3.49400000e-04  1.70297006e-07 
 3.49500000e-04  1.70274151e-07 
 3.49600000e-04  1.56381178e-07 
 3.49700000e-04  1.55983308e-07 
 3.49800000e-04  1.55758362e-07 
 3.49900000e-04  1.55584303e-07 
 3.50000000e-04  1.55462660e-07 
 3.50100000e-04  1.72593731e-07 
 3.50200000e-04  1.72200380e-07 
 3.50300000e-04  1.72061676e-07 
 3.50400000e-04  1.71939534e-07 
 3.50500000e-04  1.71859210e-07 
 3.50600000e-04  1.61830003e-07 
 3.50700000e-04  1.61446636e-07 
 3.50800000e-04  1.61269943e-07 
 3.50900000e-04  1.61148961e-07 
 3.51000000e-04  1.61085371e-07 
 3.51100000e-04  1.70282474e-07 
 3.51200000e-04  1.69975654e-07 
 3.51300000e-04  1.69874955e-07 
 3.51400000e-04  1.69788219e-07 
 3.51500000e-04  1.69730955e-07 
 3.51600000e-04  1.55942108e-07 
 3.51700000e-04  1.55437932e-07 
 3.51800000e-04  1.55203368e-07 
 3.51900000e-04  1.55025439e-07 
 3.52000000e-04  1.54905857e-07 
 3.52100000e-04  1.70943652e-07 
 3.52200000e-04  1.70740443e-07 
 3.52300000e-04  1.70655092e-07 
 3.52400000e-04  1.70578478e-07 
 3.52500000e-04  1.70545389e-07 
 3.52600000e-04  1.57908433e-07 
 3.52700000e-04  1.57531887e-07 
 3.52800000e-04  1.57342321e-07 
 3.52900000e-04  1.57213555e-07 
 3.53000000e-04  1.57147429e-07 
 3.53100000e-04  1.70706029e-07 
 3.53200000e-04  1.70469923e-07 
 3.53300000e-04  1.70384431e-07 
 3.53400000e-04  1.70309995e-07 
 3.53500000e-04  1.70278363e-07 
 3.53600000e-04  1.56400357e-07 
 3.53700000e-04  1.55982293e-07 
 3.53800000e-04  1.55753382e-07 
 3.53900000e-04  1.55580857e-07 
 3.54000000e-04  1.55466418e-07 
 3.54100000e-04  1.72082019e-07 
 3.54200000e-04  1.71770322e-07 
 3.54300000e-04  1.71653352e-07 
 3.54400000e-04  1.71550056e-07 
 3.54500000e-04  1.71510900e-07 
 3.54600000e-04  1.60147418e-07 
 3.54700000e-04  1.59791104e-07 
 3.54800000e-04  1.59602178e-07 
 3.54900000e-04  1.59473670e-07 
 3.55000000e-04  1.59407405e-07 
 3.55100000e-04  1.70778718e-07 
 3.55200000e-04  1.70517994e-07 
 3.55300000e-04  1.70419187e-07 
 3.55400000e-04  1.70330856e-07 
 3.55500000e-04  1.70288487e-07 
 3.55600000e-04  1.56446833e-07 
 3.55700000e-04  1.55995234e-07 
 3.55800000e-04  1.55765348e-07 
 3.55900000e-04  1.55591345e-07 
 3.56000000e-04  1.55474906e-07 
 3.56100000e-04  1.71551514e-07 
 3.56200000e-04  1.71339828e-07 
 3.56300000e-04  1.71259922e-07 
 3.56400000e-04  1.71189852e-07 
 3.56500000e-04  1.71140072e-07 
 3.56600000e-04  1.58479760e-07 
 3.56700000e-04  1.58116122e-07 
 3.56800000e-04  1.57934458e-07 
 3.56900000e-04  1.57807683e-07 
 3.57000000e-04  1.57737446e-07 
 3.57100000e-04  1.71317378e-07 
 3.57200000e-04  1.71089380e-07 
 3.57300000e-04  1.70998069e-07 
 3.57400000e-04  1.70916109e-07 
 3.57500000e-04  1.70891854e-07 
 3.57600000e-04  1.56967470e-07 
 3.57700000e-04  1.56567227e-07 
 3.57800000e-04  1.56349449e-07 
 3.57900000e-04  1.56181693e-07 
 3.58000000e-04  1.56065454e-07 
 3.58100000e-04  1.74286679e-07 
 3.58200000e-04  1.73668718e-07 
 3.58300000e-04  1.73462674e-07 
 3.58400000e-04  1.73283633e-07 
 3.58500000e-04  1.73211555e-07 
 3.58600000e-04  1.65730540e-07 
 3.58700000e-04  1.65353078e-07 
 3.58800000e-04  1.65186293e-07 
 3.58900000e-04  1.65088353e-07 
 3.59000000e-04  1.65061351e-07 
 3.59100000e-04  1.70578129e-07 
 3.59200000e-04  1.69784369e-07 
 3.59300000e-04  1.69532102e-07 
 3.59400000e-04  1.69316242e-07 
 3.59500000e-04  1.69232380e-07 
 3.59600000e-04  1.55510492e-07 
 3.59700000e-04  1.54938800e-07 
 3.59800000e-04  1.54669347e-07 
 3.59900000e-04  1.54465361e-07 
 3.60000000e-04  1.54328825e-07 
 3.60100000e-04  1.70365012e-07 
 3.60200000e-04  1.70165709e-07 
 3.60300000e-04  1.70075321e-07 
 3.60400000e-04  1.69992450e-07 
 3.60500000e-04  1.69949378e-07 
 3.60600000e-04  1.57334257e-07 
 3.60700000e-04  1.56964415e-07 
 3.60800000e-04  1.56773514e-07 
 3.60900000e-04  1.56640020e-07 
 3.61000000e-04  1.56565660e-07 
 3.61100000e-04  1.70097790e-07 
 3.61200000e-04  1.69861643e-07 
 3.61300000e-04  1.69781738e-07 
 3.61400000e-04  1.69713081e-07 
 3.61500000e-04  1.69664856e-07 
 3.61600000e-04  1.55815283e-07 
 3.61700000e-04  1.55394089e-07 
 3.61800000e-04  1.55172134e-07 
 3.61900000e-04  1.55006276e-07 
 3.62000000e-04  1.54898199e-07 
 3.62100000e-04  1.71462490e-07 
 3.62200000e-04  1.71154712e-07 
 3.62300000e-04  1.71047898e-07 
 3.62400000e-04  1.70955004e-07 
 3.62500000e-04  1.70904338e-07 
 3.62600000e-04  1.59579025e-07 
 3.62700000e-04  1.59203864e-07 
 3.62800000e-04  1.59017649e-07 
 3.62900000e-04  1.58888074e-07 
 3.63000000e-04  1.58816841e-07 
 3.63100000e-04  1.70163135e-07 
 3.63200000e-04  1.69907116e-07 
 3.63300000e-04  1.69805460e-07 
 3.63400000e-04  1.69713592e-07 
 3.63500000e-04  1.69682794e-07 
 3.63600000e-04  1.55865736e-07 
 3.63700000e-04  1.55411387e-07 
 3.63800000e-04  1.55176943e-07 
 3.63900000e-04  1.54999502e-07 
 3.64000000e-04  1.54880775e-07 
 3.64100000e-04  1.70929772e-07 
 3.64200000e-04  1.70728050e-07 
 3.64300000e-04  1.70642068e-07 
 3.64400000e-04  1.70564779e-07 
 3.64500000e-04  1.70527568e-07 
 3.64600000e-04  1.57892018e-07 
 3.64700000e-04  1.57535187e-07 
 3.64800000e-04  1.57346425e-07 
 3.64900000e-04  1.57214454e-07 
 3.65000000e-04  1.57140978e-07 
 3.65100000e-04  1.70684711e-07 
 3.65200000e-04  1.70460222e-07 
 3.65300000e-04  1.70373745e-07 
 3.65400000e-04  1.70296882e-07 
 3.65500000e-04  1.70265952e-07 
 3.65600000e-04  1.56394397e-07 
 3.65700000e-04  1.55981817e-07 
 3.65800000e-04  1.55757271e-07 
 3.65900000e-04  1.55583624e-07 
 3.66000000e-04  1.55462393e-07 
 3.66100000e-04  1.72595453e-07 
 3.66200000e-04  1.72193152e-07 
 3.66300000e-04  1.72050535e-07 
 3.66400000e-04  1.71925263e-07 
 3.66500000e-04  1.71876623e-07 
 3.66600000e-04  1.61826804e-07 
 3.66700000e-04  1.61446758e-07 
 3.66800000e-04  1.61266455e-07 
 3.66900000e-04  1.61152970e-07 
 3.67000000e-04  1.61108321e-07 
 3.67100000e-04  1.70286691e-07 
 3.67200000e-04  1.69984151e-07 
 3.67300000e-04  1.69877366e-07 
 3.67400000e-04  1.69783847e-07 
 3.67500000e-04  1.69731195e-07 
 3.67600000e-04  1.55938814e-07 
 3.67700000e-04  1.55447959e-07 
 3.67800000e-04  1.55204529e-07 
 3.67900000e-04  1.55020157e-07 
 3.68000000e-04  1.54896616e-07 
 3.68100000e-04  1.70948500e-07 
 3.68200000e-04  1.70751647e-07 
 3.68300000e-04  1.70656369e-07 
 3.68400000e-04  1.70568219e-07 
 3.68500000e-04  1.70531163e-07 
 3.68600000e-04  1.57917785e-07 
 3.68700000e-04  1.57532200e-07 
 3.68800000e-04  1.57351308e-07 
 3.68900000e-04  1.57215897e-07 
 3.69000000e-04  1.57127307e-07 
 3.69100000e-04  1.70705636e-07 
 3.69200000e-04  1.70457580e-07 
 3.69300000e-04  1.70378061e-07 
 3.69400000e-04  1.70311259e-07 
 3.69500000e-04  1.70275854e-07 
 3.69600000e-04  1.56400488e-07 
 3.69700000e-04  1.55987050e-07 
 3.69800000e-04  1.55756320e-07 
 3.69900000e-04  1.55582693e-07 
 3.70000000e-04  1.55467880e-07 
 3.70100000e-04  1.72073390e-07 
 3.70200000e-04  1.71769061e-07 
 3.70300000e-04  1.71654293e-07 
 3.70400000e-04  1.71552411e-07 
 3.70500000e-04  1.71513939e-07 
 3.70600000e-04  1.60157848e-07 
 3.70700000e-04  1.59780311e-07 
 3.70800000e-04  1.59603532e-07 
 3.70900000e-04  1.59480375e-07 
 3.71000000e-04  1.59412435e-07 
 3.71100000e-04  1.70768414e-07 
 3.71200000e-04  1.70509799e-07 
 3.71300000e-04  1.70418484e-07 
 3.71400000e-04  1.70338229e-07 
 3.71500000e-04  1.70302487e-07 
 3.71600000e-04  1.56456401e-07 
 3.71700000e-04  1.55996252e-07 
 3.71800000e-04  1.55765312e-07 
 3.71900000e-04  1.55593393e-07 
 3.72000000e-04  1.55482264e-07 
 3.72100000e-04  1.71541502e-07 
 3.72200000e-04  1.71362840e-07 
 3.72300000e-04  1.71275322e-07 
 3.72400000e-04  1.71193729e-07 
 3.72500000e-04  1.71155776e-07 
 3.72600000e-04  1.58486803e-07 
 3.72700000e-04  1.58133901e-07 
 3.72800000e-04  1.57946124e-07 
 3.72900000e-04  1.57812541e-07 
 3.73000000e-04  1.57734764e-07 
 3.73100000e-04  1.71310845e-07 
 3.73200000e-04  1.71072738e-07 
 3.73300000e-04  1.70989483e-07 
 3.73400000e-04  1.70917407e-07 
 3.73500000e-04  1.70884040e-07 
 3.73600000e-04  1.56968964e-07 
 3.73700000e-04  1.56560694e-07 
 3.73800000e-04  1.56341937e-07 
 3.73900000e-04  1.56180011e-07 
 3.74000000e-04  1.56076609e-07 
 3.74100000e-04  1.73760667e-07 
 3.74200000e-04  1.73244656e-07 
 3.74300000e-04  1.73068935e-07 
 3.74400000e-04  1.72915633e-07 
 3.74500000e-04  1.72854716e-07 
 3.74600000e-04  1.64060156e-07 
 3.74700000e-04  1.63692469e-07 
 3.74800000e-04  1.63516176e-07 
 3.74900000e-04  1.63407593e-07 
 3.75000000e-04  1.63368759e-07 
 3.75100000e-04  1.70576314e-07 
 3.75200000e-04  1.70170807e-07 
 3.75300000e-04  1.70013220e-07 
 3.75400000e-04  1.69872263e-07 
 3.75500000e-04  1.69818639e-07 
 3.75600000e-04  1.56032339e-07 
 3.75700000e-04  1.55487239e-07 
 3.75800000e-04  1.55236106e-07 
 3.75900000e-04  1.55045273e-07 
 3.76000000e-04  1.54916540e-07 
 3.76100000e-04  1.70981699e-07 
 3.76200000e-04  1.70779315e-07 
 3.76300000e-04  1.70688530e-07 
 3.76400000e-04  1.70605668e-07 
 3.76500000e-04  1.70567322e-07 
 3.76600000e-04  1.57924961e-07 
 3.76700000e-04  1.57566229e-07 
 3.76800000e-04  1.57362682e-07 
 3.76900000e-04  1.57221127e-07 
 3.77000000e-04  1.57143422e-07 
 3.77100000e-04  1.70706872e-07 
 3.77200000e-04  1.70478860e-07 
 3.77300000e-04  1.70399916e-07 
 3.77400000e-04  1.70331489e-07 
 3.77500000e-04  1.70290084e-07 
 3.77600000e-04  1.56399740e-07 
 3.77700000e-04  1.55991336e-07 
 3.77800000e-04  1.55768893e-07 
 3.77900000e-04  1.55596117e-07 
 3.78000000e-04  1.55474472e-07 
 3.78100000e-04  1.72079568e-07 
 3.78200000e-04  1.71783729e-07 
 3.78300000e-04  1.71674308e-07 
 3.78400000e-04  1.71577374e-07 
 3.78500000e-04  1.71505330e-07 
 3.78600000e-04  1.60152292e-07 
 3.78700000e-04  1.59783656e-07 
 3.78800000e-04  1.59601758e-07 
 3.78900000e-04  1.59481129e-07 
 3.79000000e-04  1.59423600e-07 
 3.79100000e-04  1.70780436e-07 
 3.79200000e-04  1.70513688e-07 
 3.79300000e-04  1.70419114e-07 
 3.79400000e-04  1.70335865e-07 
 3.79500000e-04  1.70302197e-07 
 3.79600000e-04  1.56451842e-07 
 3.79700000e-04  1.55989057e-07 
 3.79800000e-04  1.55762551e-07 
 3.79900000e-04  1.55595498e-07 
 3.80000000e-04  1.55489669e-07 
 3.80100000e-04  1.71557343e-07 
 3.80200000e-04  1.71359381e-07 
 3.80300000e-04  1.71271922e-07 
 3.80400000e-04  1.71192752e-07 
 3.80500000e-04  1.71149186e-07 
 3.80600000e-04  1.58488109e-07 
 3.80700000e-04  1.58124394e-07 
 3.80800000e-04  1.57936969e-07 
 3.80900000e-04  1.57803578e-07 
 3.81000000e-04  1.57725822e-07 
 3.81100000e-04  1.71330987e-07 
 3.81200000e-04  1.71083344e-07 
 3.81300000e-04  1.70996357e-07 
 3.81400000e-04  1.70921274e-07 
 3.81500000e-04  1.70888316e-07 
 3.81600000e-04  1.56988977e-07 
 3.81700000e-04  1.56562291e-07 
 3.81800000e-04  1.56357564e-07 
 3.81900000e-04  1.56192297e-07 
 3.82000000e-04  1.56067630e-07 
 3.82100000e-04  1.73218092e-07 
 3.82200000e-04  1.72811591e-07 
 3.82300000e-04  1.72672817e-07 
 3.82400000e-04  1.72552027e-07 
 3.82500000e-04  1.72492060e-07 
 3.82600000e-04  1.62410207e-07 
 3.82700000e-04  1.62043180e-07 
 3.82800000e-04  1.61867275e-07 
 3.82900000e-04  1.61750912e-07 
 3.83000000e-04  1.61695864e-07 
 3.83100000e-04  1.70912285e-07 
 3.83200000e-04  1.70594917e-07 
 3.83300000e-04  1.70480023e-07 
 3.83400000e-04  1.70378739e-07 
 3.83500000e-04  1.70335028e-07 
 3.83600000e-04  1.56524095e-07 
 3.83700000e-04  1.56032828e-07 
 3.83800000e-04  1.55793236e-07 
 3.83900000e-04  1.55614055e-07 
 3.84000000e-04  1.55497082e-07 
 3.84100000e-04  1.71581432e-07 
 3.84200000e-04  1.71383502e-07 
 3.84300000e-04  1.71291352e-07 
 3.84400000e-04  1.71206987e-07 
 3.84500000e-04  1.71156856e-07 
 3.84600000e-04  1.58507198e-07 
 3.84700000e-04  1.58121919e-07 
 3.84800000e-04  1.57948411e-07 
 3.84900000e-04  1.57821214e-07 
 3.85000000e-04  1.57741681e-07 
 3.85100000e-04  1.71342054e-07 
 3.85200000e-04  1.71084549e-07 
 3.85300000e-04  1.70998923e-07 
 3.85400000e-04  1.70926378e-07 
 3.85500000e-04  1.70897240e-07 
 3.85600000e-04  1.56997061e-07 
 3.85700000e-04  1.56585456e-07 
 3.85800000e-04  1.56351002e-07 
 3.85900000e-04  1.56182911e-07 
 3.86000000e-04  1.56083168e-07 
 3.86100000e-04  1.72710075e-07 
 3.86200000e-04  1.72396456e-07 
 3.86300000e-04  1.72277035e-07 
 3.86400000e-04  1.72171232e-07 
 3.86500000e-04  1.72128696e-07 
 3.86600000e-04  1.60736831e-07 
 3.86700000e-04  1.60370165e-07 
 3.86800000e-04  1.60191683e-07 
 3.86900000e-04  1.60072475e-07 
 3.87000000e-04  1.60014299e-07 
 3.87100000e-04  1.71407944e-07 
 3.87200000e-04  1.71144933e-07 
 3.87300000e-04  1.71042582e-07 
 3.87400000e-04  1.70950709e-07 
 3.87500000e-04  1.70918516e-07 
 3.87600000e-04  1.57048583e-07 
 3.87700000e-04  1.56596055e-07 
 3.87800000e-04  1.56364272e-07 
 3.87900000e-04  1.56192459e-07 
 3.88000000e-04  1.56082402e-07 
 3.88100000e-04  1.72174814e-07 
 3.88200000e-04  1.71971313e-07 
 3.88300000e-04  1.71881801e-07 
 3.88400000e-04  1.71800745e-07 
 3.88500000e-04  1.71757591e-07 
 3.88600000e-04  1.59072612e-07 
 3.88700000e-04  1.58705902e-07 
 3.88800000e-04  1.58525109e-07 
 3.88900000e-04  1.58399337e-07 
 3.89000000e-04  1.58330208e-07 
 3.89100000e-04  1.71942744e-07 
 3.89200000e-04  1.71715108e-07 
 3.89300000e-04  1.71620003e-07 
 3.89400000e-04  1.71533767e-07 
 3.89500000e-04  1.71513575e-07 
 3.89600000e-04  1.57571277e-07 
 3.89700000e-04  1.57166359e-07 
 3.89800000e-04  1.56940773e-07 
 3.89900000e-04  1.56772088e-07 
 3.90000000e-04  1.56661985e-07 
 3.90100000e-04  1.75964645e-07 
 3.90200000e-04  1.75129864e-07 
 3.90300000e-04  1.74871336e-07 
 3.90400000e-04  1.74650211e-07 
 3.90500000e-04  1.74569730e-07 
 3.90600000e-04  1.69653523e-07 
 3.90700000e-04  1.69263760e-07 
 3.90800000e-04  1.69106357e-07 
 3.90900000e-04  1.69019988e-07 
 3.91000000e-04  1.69006778e-07 
 3.91100000e-04  1.70179329e-07 
 3.91200000e-04  1.69197395e-07 
 3.91300000e-04  1.68938777e-07 
 3.91400000e-04  1.68726380e-07 
 3.91500000e-04  1.68626224e-07 
 3.91600000e-04  1.55004313e-07 
 3.91700000e-04  1.54341843e-07 
 3.91800000e-04  1.54061450e-07 
 3.91900000e-04  1.53858425e-07 
 3.92000000e-04  1.53735096e-07 
 3.92100000e-04  1.69752137e-07 
 3.92200000e-04  1.69554480e-07 
 3.92300000e-04  1.69466699e-07 
 3.92400000e-04  1.69386745e-07 
 3.92500000e-04  1.69337190e-07 
 3.92600000e-04  1.56741805e-07 
 3.92700000e-04  1.56363984e-07 
 3.92800000e-04  1.56178335e-07 
 3.92900000e-04  1.56042382e-07 
 3.93000000e-04  1.55957576e-07 
 3.93100000e-04  1.69482505e-07 
 3.93200000e-04  1.69240319e-07 
 3.93300000e-04  1.69160242e-07 
 3.93400000e-04  1.69092326e-07 
 3.93500000e-04  1.69053191e-07 
 3.93600000e-04  1.55231697e-07 
 3.93700000e-04  1.54804259e-07 
 3.93800000e-04  1.54578033e-07 
 3.93900000e-04  1.54405253e-07 
 3.94000000e-04  1.54287484e-07 
 3.94100000e-04  1.70832003e-07 
 3.94200000e-04  1.70550871e-07 
 3.94300000e-04  1.70434292e-07 
 3.94400000e-04  1.70327876e-07 
 3.94500000e-04  1.70280615e-07 
 3.94600000e-04  1.58991751e-07 
 3.94700000e-04  1.58600600e-07 
 3.94800000e-04  1.58420490e-07 
 3.94900000e-04  1.58296126e-07 
 3.95000000e-04  1.58229145e-07 
 3.95100000e-04  1.69543793e-07 
 3.95200000e-04  1.69270661e-07 
 3.95300000e-04  1.69186132e-07 
 3.95400000e-04  1.69114742e-07 
 3.95500000e-04  1.69067165e-07 
 3.95600000e-04  1.55281636e-07 
 3.95700000e-04  1.54826004e-07 
 3.95800000e-04  1.54578450e-07 
 3.95900000e-04  1.54394565e-07 
 3.96000000e-04  1.54276240e-07 
 3.96100000e-04  1.70298379e-07 
 3.96200000e-04  1.70106709e-07 
 3.96300000e-04  1.70029496e-07 
 3.96400000e-04  1.69960715e-07 
 3.96500000e-04  1.69914407e-07 
 3.96600000e-04  1.57303725e-07 
 3.96700000e-04  1.56953906e-07 
 3.96800000e-04  1.56759225e-07 
 3.96900000e-04  1.56622739e-07 
 3.97000000e-04  1.56546168e-07 
 3.97100000e-04  1.70068199e-07 
 3.97200000e-04  1.69833731e-07 
 3.97300000e-04  1.69755364e-07 
 3.97400000e-04  1.69688362e-07 
 3.97500000e-04  1.69647256e-07 
 3.97600000e-04  1.55802219e-07 
 3.97700000e-04  1.55393307e-07 
 3.97800000e-04  1.55167441e-07 
 3.97900000e-04  1.54997556e-07 
 3.98000000e-04  1.54885296e-07 
 3.98100000e-04  1.71975863e-07 
 3.98200000e-04  1.71561936e-07 
 3.98300000e-04  1.71423139e-07 
 3.98400000e-04  1.71303327e-07 
 3.98500000e-04  1.71245325e-07 
 3.98600000e-04  1.61217440e-07 
 3.98700000e-04  1.60855262e-07 
 3.98800000e-04  1.60678337e-07 
 3.98900000e-04  1.60554378e-07 
 3.99000000e-04  1.60484934e-07 
 3.99100000e-04  1.69666327e-07 
 3.99200000e-04  1.69350209e-07 
 3.99300000e-04  1.69249026e-07 
 3.99400000e-04  1.69162844e-07 
 3.99500000e-04  1.69106494e-07 
 3.99600000e-04  1.55342748e-07 
 3.99700000e-04  1.54841843e-07 
 3.99800000e-04  1.54596976e-07 
 3.99900000e-04  1.54412032e-07 
 4.00000000e-04  1.54288777e-07 
 4.00100000e-04  1.70315085e-07 
 4.00200000e-04  1.70120836e-07 
 4.00300000e-04  1.70043167e-07 
 4.00400000e-04  1.69973684e-07 
 4.00500000e-04  1.69930861e-07 
 4.00600000e-04  1.57306653e-07 
 4.00700000e-04  1.56946333e-07 
 4.00800000e-04  1.56750144e-07 
 4.00900000e-04  1.56616542e-07 
 4.01000000e-04  1.56547376e-07 
 4.01100000e-04  1.70072762e-07 
 4.01200000e-04  1.69842875e-07 
 4.01300000e-04  1.69762159e-07 
 4.01400000e-04  1.69692392e-07 
 4.01500000e-04  1.69657712e-07 
 4.01600000e-04  1.55807798e-07 
 4.01700000e-04  1.55390054e-07 
 4.01800000e-04  1.55157464e-07 
 4.01900000e-04  1.54987686e-07 
 4.02000000e-04  1.54882573e-07 
 4.02100000e-04  1.71453187e-07 
 4.02200000e-04  1.71153209e-07 
 4.02300000e-04  1.71040911e-07 
 4.02400000e-04  1.70941546e-07 
 4.02500000e-04  1.70881367e-07 
 4.02600000e-04  1.59566663e-07 
 4.02700000e-04  1.59202380e-07 
 4.02800000e-04  1.59007085e-07 
 4.02900000e-04  1.58878824e-07 
 4.03000000e-04  1.58819585e-07 
 4.03100000e-04  1.70162270e-07 
 4.03200000e-04  1.69892087e-07 
 4.03300000e-04  1.69790243e-07 
 4.03400000e-04  1.69699653e-07 
 4.03500000e-04  1.69677847e-07 
 4.03600000e-04  1.55863063e-07 
 4.03700000e-04  1.55404761e-07 
 4.03800000e-04  1.55171718e-07 
 4.03900000e-04  1.54997533e-07 
 4.04000000e-04  1.54883935e-07 
 4.04100000e-04  1.70924071e-07 
 4.04200000e-04  1.70737365e-07 
 4.04300000e-04  1.70652885e-07 
 4.04400000e-04  1.70575659e-07 
 4.04500000e-04  1.70522462e-07 
 4.04600000e-04  1.57888226e-07 
 4.04700000e-04  1.57517319e-07 
 4.04800000e-04  1.57342190e-07 
 4.04900000e-04  1.57212771e-07 
 4.05000000e-04  1.57130369e-07 
 4.05100000e-04  1.70678594e-07 
 4.05200000e-04  1.70445858e-07 
 4.05300000e-04  1.70363642e-07 
 4.05400000e-04  1.70292114e-07 
 4.05500000e-04  1.70271081e-07 
 4.05600000e-04  1.56396997e-07 
 4.05700000e-04  1.55980251e-07 
 4.05800000e-04  1.55755708e-07 
 4.05900000e-04  1.55582466e-07 
 4.06000000e-04  1.55462018e-07 
 4.06100000e-04  1.73133478e-07 
 4.06200000e-04  1.72623481e-07 
 4.06300000e-04  1.72444798e-07 
 4.06400000e-04  1.72288130e-07 
 4.06500000e-04  1.72219738e-07 
 4.06600000e-04  1.63476547e-07 
 4.06700000e-04  1.63096825e-07 
 4.06800000e-04  1.62924845e-07 
 4.06900000e-04  1.62816816e-07 
 4.07000000e-04  1.62774626e-07 
 4.07100000e-04  1.69938907e-07 
 4.07200000e-04  1.69542761e-07 
 4.07300000e-04  1.69394251e-07 
 4.07400000e-04  1.69262416e-07 
 4.07500000e-04  1.69201748e-07 
 4.07600000e-04  1.55452129e-07 
 4.07700000e-04  1.54902478e-07 
 4.07800000e-04  1.54633611e-07 
 4.07900000e-04  1.54441317e-07 
 4.08000000e-04  1.54327889e-07 
 4.08100000e-04  1.70346128e-07 
 4.08200000e-04  1.70168094e-07 
 4.08300000e-04  1.70072251e-07 
 4.08400000e-04  1.69981383e-07 
 4.08500000e-04  1.69948356e-07 
 4.08600000e-04  1.57335423e-07 
 4.08700000e-04  1.56945621e-07 
 4.08800000e-04  1.56763311e-07 
 4.08900000e-04  1.56628853e-07 
 4.09000000e-04  1.56543621e-07 
 4.09100000e-04  1.70088669e-07 
 4.09200000e-04  1.69849968e-07 
 4.09300000e-04  1.69769469e-07 
 4.09400000e-04  1.69701019e-07 
 4.09500000e-04  1.69670745e-07 
 4.09600000e-04  1.55810184e-07 
 4.09700000e-04  1.55399829e-07 
 4.09800000e-04  1.55166541e-07 
 4.09900000e-04  1.54989989e-07 
 4.10000000e-04  1.54871831e-07 
 4.10100000e-04  1.71465441e-07 
 4.10200000e-04  1.71154990e-07 
 4.10300000e-04  1.71038045e-07 
 4.10400000e-04  1.70935073e-07 
 4.10500000e-04  1.70886281e-07 
 4.10600000e-04  1.59579959e-07 
 4.10700000e-04  1.59199648e-07 
 4.10800000e-04  1.59003402e-07 
 4.10900000e-04  1.58874972e-07 
 4.11000000e-04  1.58816363e-07 
 4.11100000e-04  1.70161105e-07 
 4.11200000e-04  1.69891952e-07 
 4.11300000e-04  1.69793046e-07 
 4.11400000e-04  1.69705389e-07 
 4.11500000e-04  1.69682376e-07 
 4.11600000e-04  1.55850499e-07 
 4.11700000e-04  1.55394709e-07 
 4.11800000e-04  1.55161505e-07 
 4.11900000e-04  1.54987114e-07 
 4.12000000e-04  1.54873259e-07 
 4.12100000e-04  1.70918198e-07 
 4.12200000e-04  1.70736806e-07 
 4.12300000e-04  1.70650321e-07 
 4.12400000e-04  1.70570100e-07 
 4.12500000e-04  1.70525447e-07 
 4.12600000e-04  1.57902059e-07 
 4.12700000e-04  1.57545061e-07 
 4.12800000e-04  1.57348229e-07 
 4.12900000e-04  1.57204972e-07 
 4.13000000e-04  1.57116840e-07 
 4.13100000e-04  1.70694440e-07 
 4.13200000e-04  1.70470386e-07 
 4.13300000e-04  1.70377513e-07 
 4.13400000e-04  1.70293662e-07 
 4.13500000e-04  1.70258744e-07 
 4.13600000e-04  1.56386658e-07 
 4.13700000e-04  1.55976712e-07 
 4.13800000e-04  1.55758183e-07 
 4.13900000e-04  1.55592612e-07 
 4.14000000e-04  1.55481530e-07 
 4.14100000e-04  1.72596525e-07 
 4.14200000e-04  1.72192628e-07 
 4.14300000e-04  1.72051004e-07 
 4.14400000e-04  1.71926619e-07 
 4.14500000e-04  1.71858781e-07 
 4.14600000e-04  1.61820611e-07 
 4.14700000e-04  1.61449557e-07 
 4.14800000e-04  1.61261709e-07 
 4.14900000e-04  1.61137019e-07 
 4.15000000e-04  1.61077342e-07 
 4.15100000e-04  1.70282921e-07 
 4.15200000e-04  1.69967858e-07 
 4.15300000e-04  1.69862269e-07 
 4.15400000e-04  1.69771232e-07 
 4.15500000e-04  1.69730214e-07 
 4.15600000e-04  1.55934510e-07 
 4.15700000e-04  1.55432552e-07 
 4.15800000e-04  1.55191834e-07 
 4.15900000e-04  1.55007762e-07 
 4.16000000e-04  1.54881985e-07 
 4.16100000e-04  1.70943846e-07 
 4.16200000e-04  1.70753021e-07 
 4.16300000e-04  1.70658297e-07 
 4.16400000e-04  1.70570078e-07 
 4.16500000e-04  1.70527114e-07 
 4.16600000e-04  1.57892312e-07 
 4.16700000e-04  1.57530689e-07 
 4.16800000e-04  1.57350635e-07 
 4.16900000e-04  1.57220868e-07 
 4.17000000e-04  1.57142832e-07 
 4.17100000e-04  1.70691857e-07 
 4.17200000e-04  1.70475344e-07 
 4.17300000e-04  1.70390707e-07 
 4.17400000e-04  1.70314792e-07 
 4.17500000e-04  1.70266182e-07 
 4.17600000e-04  1.56384163e-07 
 4.17700000e-04  1.55980288e-07 
 4.17800000e-04  1.55752319e-07 
 4.17900000e-04  1.55578900e-07 
 4.18000000e-04  1.55461613e-07 
 4.18100000e-04  1.72075060e-07 
 4.18200000e-04  1.71771212e-07 
 4.18300000e-04  1.71653389e-07 
 4.18400000e-04  1.71548454e-07 
 4.18500000e-04  1.71495318e-07 
 4.18600000e-04  1.60145111e-07 
 4.18700000e-04  1.59781427e-07 
 4.18800000e-04  1.59601302e-07 
 4.18900000e-04  1.59477175e-07 
 4.19000000e-04  1.59410671e-07 
 4.19100000e-04  1.70787828e-07 
 4.19200000e-04  1.70510504e-07 
 4.19300000e-04  1.70418928e-07 
 4.19400000e-04  1.70340377e-07 
 4.19500000e-04  1.70302040e-07 
 4.19600000e-04  1.56437049e-07 
 4.19700000e-04  1.55993653e-07 
 4.19800000e-04  1.55765333e-07 
 4.19900000e-04  1.55588109e-07 
 4.20000000e-04  1.55463450e-07 
 4.20100000e-04  1.71548028e-07 
 4.20200000e-04  1.71353982e-07 
 4.20300000e-04  1.71265497e-07 
 4.20400000e-04  1.71184422e-07 
 4.20500000e-04  1.71148856e-07 
 4.20600000e-04  1.58475101e-07 
 4.20700000e-04  1.58115192e-07 
 4.20800000e-04  1.57927070e-07 
 4.20900000e-04  1.57795868e-07 
 4.21000000e-04  1.57723242e-07 
 4.21100000e-04  1.71317728e-07 
 4.21200000e-04  1.71078469e-07 
 4.21300000e-04  1.70991740e-07 
 4.21400000e-04  1.70916234e-07 
 4.21500000e-04  1.70888439e-07 
 4.21600000e-04  1.56979948e-07 
 4.21700000e-04  1.56569008e-07 
 4.21800000e-04  1.56341592e-07 
 4.21900000e-04  1.56176070e-07 
 4.22000000e-04  1.56074250e-07 
 4.22100000e-04  1.74278744e-07 
 4.22200000e-04  1.73645396e-07 
 4.22300000e-04  1.73448249e-07 
 4.22400000e-04  1.73280150e-07 
 4.22500000e-04  1.73214336e-07 
 4.22600000e-04  1.65728279e-07 
 4.22700000e-04  1.65355797e-07 
 4.22800000e-04  1.65188858e-07 
 4.22900000e-04  1.65083971e-07 
 4.23000000e-04  1.65042948e-07 
 4.23100000e-04  1.70567104e-07 
 4.23200000e-04  1.69787254e-07 
 4.23300000e-04  1.69543174e-07 
 4.23400000e-04  1.69334598e-07 
 4.23500000e-04  1.69230193e-07 
 4.23600000e-04  1.55508259e-07 
 4.23700000e-04  1.54923710e-07 
 4.23800000e-04  1.54657845e-07 
 4.23900000e-04  1.54463190e-07 
 4.24000000e-04  1.54341848e-07 
 4.24100000e-04  1.70381785e-07 
 4.24200000e-04  1.70170716e-07 
 4.24300000e-04  1.70078239e-07 
 4.24400000e-04  1.69994682e-07 
 4.24500000e-04  1.69949492e-07 
 4.24600000e-04  1.57316399e-07 
 4.24700000e-04  1.56970224e-07 
 4.24800000e-04  1.56769669e-07 
 4.24900000e-04  1.56633232e-07 
 4.25000000e-04  1.56562795e-07 
 4.25100000e-04  1.70088221e-07 
 4.25200000e-04  1.69868643e-07 
 4.25300000e-04  1.69789398e-07 
 4.25400000e-04  1.69720061e-07 
 4.25500000e-04  1.69670623e-07 
 4.25600000e-04  1.55804610e-07 
 4.25700000e-04  1.55408173e-07 
 4.25800000e-04  1.55174438e-07 
 4.25900000e-04  1.54999317e-07 
 4.26000000e-04  1.54884514e-07 
 4.26100000e-04  1.71452110e-07 
 4.26200000e-04  1.71149994e-07 
 4.26300000e-04  1.71044660e-07 
 4.26400000e-04  1.70953018e-07 
 4.26500000e-04  1.70888835e-07 
 4.26600000e-04  1.59582891e-07 
 4.26700000e-04  1.59208361e-07 
 4.26800000e-04  1.59015329e-07 
 4.26900000e-04  1.58884237e-07 
 4.27000000e-04  1.58816889e-07 
 4.27100000e-04  1.70164303e-07 
 4.27200000e-04  1.69899087e-07 
 4.27300000e-04  1.69801226e-07 
 4.27400000e-04  1.69714362e-07 
 4.27500000e-04  1.69684231e-07 
 4.27600000e-04  1.55848067e-07 
 4.27700000e-04  1.55398426e-07 
 4.27800000e-04  1.55163436e-07 
 4.27900000e-04  1.54991371e-07 
 4.28000000e-04  1.54884070e-07 
 4.28100000e-04  1.70922124e-07 
 4.28200000e-04  1.70738351e-07 
 4.28300000e-04  1.70643327e-07 
 4.28400000e-04  1.70553888e-07 
 4.28500000e-04  1.70520620e-07 
 4.28600000e-04  1.57904862e-07 
 4.28700000e-04  1.57526091e-07 
 4.28800000e-04  1.57338206e-07 
 4.28900000e-04  1.57205795e-07 
 4.29000000e-04  1.57130458e-07 
 4.29100000e-04  1.70680074e-07 
 4.29200000e-04  1.70449774e-07 
 4.29300000e-04  1.70367448e-07 
 4.29400000e-04  1.70295735e-07 
 4.29500000e-04  1.70271393e-07 
 4.29600000e-04  1.56392117e-07 
 4.29700000e-04  1.55976399e-07 
 4.29800000e-04  1.55748002e-07 
 4.29900000e-04  1.55578248e-07 
 4.30000000e-04  1.55468840e-07 
 4.30100000e-04  1.72607543e-07 
 4.30200000e-04  1.72195961e-07 
 4.30300000e-04  1.72050959e-07 
 4.30400000e-04  1.71924459e-07 
 4.30500000e-04  1.71872676e-07 
 4.30600000e-04  1.61827405e-07 
 4.30700000e-04  1.61448071e-07 
 4.30800000e-04  1.61266518e-07 
 4.30900000e-04  1.61143206e-07 
 4.31000000e-04  1.61079825e-07 
 4.31100000e-04  1.70283128e-07 
 4.31200000e-04  1.69976275e-07 
 4.31300000e-04  1.69869575e-07 
 4.31400000e-04  1.69776187e-07 
 4.31500000e-04  1.69735975e-07 
 4.31600000e-04  1.55931783e-07 
 4.31700000e-04  1.55441562e-07 
 4.31800000e-04  1.55188441e-07 
 4.31900000e-04  1.55005527e-07 
 4.32000000e-04  1.54894884e-07 
 4.32100000e-04  1.70947801e-07 
 4.32200000e-04  1.70748969e-07 
 4.32300000e-04  1.70663999e-07 
 4.32400000e-04  1.70587400e-07 
 4.32500000e-04  1.70542943e-07 
 4.32600000e-04  1.57904060e-07 
 4.32700000e-04  1.57529797e-07 
 4.32800000e-04  1.57348350e-07 
 4.32900000e-04  1.57219557e-07 
 4.33000000e-04  1.57144925e-07 
 4.33100000e-04  1.70693689e-07 
 4.33200000e-04  1.70464100e-07 
 4.33300000e-04  1.70384844e-07 
 4.33400000e-04  1.70316153e-07 
 4.33500000e-04  1.70270844e-07 
 4.33600000e-04  1.56399862e-07 
 4.33700000e-04  1.55975312e-07 
 4.33800000e-04  1.55751488e-07 
 4.33900000e-04  1.55582274e-07 
 4.34000000e-04  1.55469230e-07 
 4.34100000e-04  1.72074573e-07 
 4.34200000e-04  1.71769720e-07 
 4.34300000e-04  1.71654837e-07 
 4.34400000e-04  1.71553007e-07 
 4.34500000e-04  1.71492290e-07 
 4.34600000e-04  1.60153267e-07 
 4.34700000e-04  1.59780707e-07 
 4.34800000e-04  1.59597214e-07 
 4.34900000e-04  1.59477103e-07 
 4.35000000e-04  1.59422218e-07 
 4.35100000e-04  1.70772496e-07 
 4.35200000e-04  1.70518724e-07 
 4.35300000e-04  1.70419517e-07 
 4.35400000e-04  1.70330039e-07 
 4.35500000e-04  1.70300693e-07 
 4.35600000e-04  1.56456454e-07 
 4.35700000e-04  1.55992460e-07 
 4.35800000e-04  1.55769288e-07 
 4.35900000e-04  1.55594832e-07 
 4.36000000e-04  1.55470470e-07 
 4.36100000e-04  1.71547818e-07 
 4.36200000e-04  1.71356041e-07 
 4.36300000e-04  1.71266920e-07 
 4.36400000e-04  1.71184816e-07 
 4.36500000e-04  1.71133214e-07 
 4.36600000e-04  1.58472276e-07 
 4.36700000e-04  1.58116642e-07 
 4.36800000e-04  1.57938948e-07 
 4.36900000e-04  1.57807059e-07 
 4.37000000e-04  1.57722258e-07 
 4.37100000e-04  1.71312125e-07 
 4.37200000e-04  1.71075847e-07 
 4.37300000e-04  1.70991588e-07 
 4.37400000e-04  1.70918200e-07 
 4.37500000e-04  1.70880044e-07 
 4.37600000e-04  1.56983920e-07 
 4.37700000e-04  1.56574263e-07 
 4.37800000e-04  1.56351112e-07 
 4.37900000e-04  1.56178756e-07 
 4.38000000e-04  1.56058636e-07 
 4.38100000e-04  1.73751926e-07 
 4.38200000e-04  1.73241926e-07 
 4.38300000e-04  1.73064124e-07 
 4.38400000e-04  1.72907861e-07 
 4.38500000e-04  1.72840390e-07 
 4.38600000e-04  1.64071664e-07 
 4.38700000e-04  1.63696306e-07 
 4.38800000e-04  1.63521068e-07 
 4.38900000e-04  1.63412793e-07 
 4.39000000e-04  1.63373439e-07 
 4.39100000e-04  1.70571446e-07 
 4.39200000e-04  1.70179358e-07 
 4.39300000e-04  1.70017144e-07 
 4.39400000e-04  1.69870274e-07 
 4.39500000e-04  1.69812477e-07 
 4.39600000e-04  1.56045627e-07 
 4.39700000e-04  1.55500333e-07 
 4.39800000e-04  1.55242223e-07 
 4.39900000e-04  1.55051097e-07 
 4.40000000e-04  1.54928905e-07 
 4.40100000e-04  1.70976173e-07 
 4.40200000e-04  1.70781900e-07 
 4.40300000e-04  1.70686725e-07 
 4.40400000e-04  1.70598231e-07 
 4.40500000e-04  1.70546433e-07 
 4.40600000e-04  1.57906157e-07 
 4.40700000e-04  1.57561105e-07 
 4.40800000e-04  1.57358764e-07 
 4.40900000e-04  1.57220986e-07 
 4.41000000e-04  1.57149650e-07 
 4.41100000e-04  1.70709177e-07 
 4.41200000e-04  1.70486123e-07 
 4.41300000e-04  1.70395981e-07 
 4.41400000e-04  1.70314657e-07 
 4.41500000e-04  1.70286924e-07 
 4.41600000e-04  1.56389304e-07 
 4.41700000e-04  1.55986443e-07 
 4.41800000e-04  1.55753423e-07 
 4.41900000e-04  1.55585289e-07 
 4.42000000e-04  1.55483924e-07 
 4.42100000e-04  1.72076175e-07 
 4.42200000e-04  1.71788270e-07 
 4.42300000e-04  1.71671502e-07 
 4.42400000e-04  1.71566041e-07 
 4.42500000e-04  1.71520646e-07 
 4.42600000e-04  1.60149168e-07 
 4.42700000e-04  1.59784829e-07 
 4.42800000e-04  1.59609564e-07 
 4.42900000e-04  1.59483229e-07 
 4.43000000e-04  1.59407204e-07 
 4.43100000e-04  1.70777487e-07 
 4.43200000e-04  1.70516816e-07 
 4.43300000e-04  1.70417157e-07 
 4.43400000e-04  1.70328112e-07 
 4.43500000e-04  1.70293232e-07 
 4.43600000e-04  1.56450768e-07 
 4.43700000e-04  1.55997186e-07 
 4.43800000e-04  1.55767731e-07 
 4.43900000e-04  1.55594909e-07 
 4.44000000e-04  1.55480336e-07 
 4.44100000e-04  1.71545862e-07 
 4.44200000e-04  1.71353083e-07 
 4.44300000e-04  1.71268330e-07 
 4.44400000e-04  1.71191267e-07 
 4.44500000e-04  1.71140617e-07 
 4.44600000e-04  1.58483897e-07 
 4.44700000e-04  1.58137434e-07 
 4.44800000e-04  1.57937069e-07 
 4.44900000e-04  1.57798113e-07 
 4.45000000e-04  1.57722337e-07 
 4.45100000e-04  1.71328559e-07 
 4.45200000e-04  1.71082313e-07 
 4.45300000e-04  1.70997414e-07 
 4.45400000e-04  1.70924593e-07 
 4.45500000e-04  1.70876549e-07 
 4.45600000e-04  1.56980588e-07 
 4.45700000e-04  1.56570564e-07 
 4.45800000e-04  1.56342936e-07 
 4.45900000e-04  1.56176704e-07 
 4.46000000e-04  1.56073643e-07 
 4.46100000e-04  1.73234088e-07 
 4.46200000e-04  1.72816483e-07 
 4.46300000e-04  1.72674647e-07 
 4.46400000e-04  1.72551562e-07 
 4.46500000e-04  1.72488903e-07 
 4.46600000e-04  1.62389099e-07 
 4.46700000e-04  1.62030186e-07 
 4.46800000e-04  1.61849304e-07 
 4.46900000e-04  1.61731300e-07 
 4.47000000e-04  1.61677988e-07 
 4.47100000e-04  1.70917764e-07 
 4.47200000e-04  1.70599378e-07 
 4.47300000e-04  1.70490225e-07 
 4.47400000e-04  1.70395371e-07 
 4.47500000e-04  1.70352990e-07 
 4.47600000e-04  1.56518940e-07 
 4.47700000e-04  1.56024655e-07 
 4.47800000e-04  1.55781290e-07 
 4.47900000e-04  1.55598914e-07 
 4.48000000e-04  1.55479285e-07 
 4.48100000e-04  1.71577412e-07 
 4.48200000e-04  1.71375630e-07 
 4.48300000e-04  1.71285950e-07 
 4.48400000e-04  1.71204376e-07 
 4.48500000e-04  1.71169156e-07 
 4.48600000e-04  1.58503444e-07 
 4.48700000e-04  1.58124083e-07 
 4.48800000e-04  1.57937167e-07 
 4.48900000e-04  1.57806829e-07 
 4.49000000e-04  1.57734682e-07 
 4.49100000e-04  1.71317804e-07 
 4.49200000e-04  1.71084262e-07 
 4.49300000e-04  1.71001811e-07 
 4.49400000e-04  1.70930304e-07 
 4.49500000e-04  1.70901690e-07 
 4.49600000e-04  1.56986868e-07 
 4.49700000e-04  1.56580828e-07 
 4.49800000e-04  1.56358436e-07 
 4.49900000e-04  1.56186864e-07 
 4.50000000e-04  1.56067539e-07 
 4.50100000e-04  1.72696149e-07 
 4.50200000e-04  1.72401733e-07 
 4.50300000e-04  1.72288053e-07 
 4.50400000e-04  1.72186468e-07 
 4.50500000e-04  1.72122731e-07 
 4.50600000e-04  1.60750396e-07 
 4.50700000e-04  1.60374053e-07 
 4.50800000e-04  1.60193825e-07 
 4.50900000e-04  1.60067620e-07 
 4.51000000e-04  1.59996972e-07 
 4.51100000e-04  1.71405164e-07 
 4.51200000e-04  1.71137062e-07 
 4.51300000e-04  1.71038716e-07 
 4.51400000e-04  1.70951701e-07 
 4.51500000e-04  1.70915860e-07 
 4.51600000e-04  1.57037285e-07 
 4.51700000e-04  1.56579538e-07 
 4.51800000e-04  1.56360065e-07 
 4.51900000e-04  1.56190653e-07 
 4.52000000e-04  1.56072701e-07 
 4.52100000e-04  1.72174823e-07 
 4.52200000e-04  1.71986394e-07 
 4.52300000e-04  1.71892016e-07 
 4.52400000e-04  1.71803815e-07 
 4.52500000e-04  1.71765572e-07 
 4.52600000e-04  1.59080927e-07 
 4.52700000e-04  1.58726173e-07 
 4.52800000e-04  1.58532591e-07 
 4.52900000e-04  1.58394287e-07 
 4.53000000e-04  1.58312826e-07 
 4.53100000e-04  1.71944456e-07 
 4.53200000e-04  1.71703066e-07 
 4.53300000e-04  1.71619253e-07 
 4.53400000e-04  1.71547295e-07 
 4.53500000e-04  1.71496370e-07 
 4.53600000e-04  1.57569522e-07 
 4.53700000e-04  1.57163711e-07 
 4.53800000e-04  1.56946944e-07 
 4.53900000e-04  1.56781738e-07 
 4.54000000e-04  1.56669547e-07 
 4.54100000e-04  1.75442508e-07 
 4.54200000e-04  1.74704224e-07 
 4.54300000e-04  1.74476256e-07 
 4.54400000e-04  1.74282240e-07 
 4.54500000e-04  1.74190354e-07 
 4.54600000e-04  1.67971366e-07 
 4.54700000e-04  1.67616744e-07 
 4.54800000e-04  1.67447195e-07 
 4.54900000e-04  1.67347388e-07 
 4.55000000e-04  1.67319349e-07 
 4.55100000e-04  1.70720502e-07 
 4.55200000e-04  1.69764542e-07 
 4.55300000e-04  1.69510229e-07 
 4.55400000e-04  1.69300471e-07 
 4.55500000e-04  1.69216639e-07 
 4.55600000e-04  1.55548000e-07 
 4.55700000e-04  1.54936567e-07 
 4.55800000e-04  1.54660417e-07 
 4.55900000e-04  1.54455091e-07 
 4.56000000e-04  1.54322645e-07 
 4.56100000e-04  1.70366560e-07 
 4.56200000e-04  1.70164945e-07 
 4.56300000e-04  1.70075192e-07 
 4.56400000e-04  1.69993289e-07 
 4.56500000e-04  1.69962549e-07 
 4.56600000e-04  1.57325052e-07 
 4.56700000e-04  1.56960313e-07 
 4.56800000e-04  1.56772887e-07 
 4.56900000e-04  1.56637664e-07 
 4.57000000e-04  1.56556112e-07 
 4.57100000e-04  1.70101546e-07 
 4.57200000e-04  1.69868249e-07 
 4.57300000e-04  1.69782039e-07 
 4.57400000e-04  1.69706229e-07 
 4.57500000e-04  1.69667494e-07 
 4.57600000e-04  1.55814638e-07 
 4.57700000e-04  1.55404927e-07 
 4.57800000e-04  1.55178488e-07 
 4.57900000e-04  1.55003969e-07 
 4.58000000e-04  1.54882830e-07 
 4.58100000e-04  1.71457228e-07 
 4.58200000e-04  1.71171101e-07 
 4.58300000e-04  1.71046008e-07 
 4.58400000e-04  1.70931083e-07 
 4.58500000e-04  1.70902625e-07 
 4.58600000e-04  1.59578345e-07 
 4.58700000e-04  1.59194856e-07 
 4.58800000e-04  1.59023333e-07 
 4.58900000e-04  1.58900860e-07 
 4.59000000e-04  1.58828804e-07 
 4.59100000e-04  1.70154778e-07 
 4.59200000e-04  1.69890943e-07 
 4.59300000e-04  1.69796539e-07 
 4.59400000e-04  1.69713588e-07 
 4.59500000e-04  1.69685696e-07 
 4.59600000e-04  1.55859872e-07 
 4.59700000e-04  1.55400307e-07 
 4.59800000e-04  1.55175803e-07 
 4.59900000e-04  1.55001741e-07 
 4.60000000e-04  1.54879533e-07 
 4.60100000e-04  1.70937382e-07 
 4.60200000e-04  1.70738882e-07 
 4.60300000e-04  1.70650906e-07 
 4.60400000e-04  1.70570910e-07 
 4.60500000e-04  1.70527451e-07 
 4.60600000e-04  1.57908004e-07 
 4.60700000e-04  1.57525998e-07 
 4.60800000e-04  1.57334949e-07 
 4.60900000e-04  1.57205350e-07 
 4.61000000e-04  1.57138960e-07 
 4.61100000e-04  1.70699793e-07 
 4.61200000e-04  1.70467910e-07 
 4.61300000e-04  1.70382123e-07 
 4.61400000e-04  1.70306790e-07 
 4.61500000e-04  1.70277248e-07 
 4.61600000e-04  1.56384631e-07 
 4.61700000e-04  1.55975367e-07 
 4.61800000e-04  1.55748193e-07 
 4.61900000e-04  1.55582542e-07 
 4.62000000e-04  1.55480173e-07 
 4.62100000e-04  1.72603093e-07 
 4.62200000e-04  1.72189978e-07 
 4.62300000e-04  1.72048666e-07 
 4.62400000e-04  1.71926167e-07 
 4.62500000e-04  1.71869905e-07 
 4.62600000e-04  1.61828619e-07 
 4.62700000e-04  1.61445480e-07 
 4.62800000e-04  1.61257839e-07 
 4.62900000e-04  1.61144052e-07 
 4.63000000e-04  1.61106264e-07 
 4.63100000e-04  1.70277355e-07 
 4.63200000e-04  1.69982501e-07 
 4.63300000e-04  1.69871228e-07 
 4.63400000e-04  1.69771922e-07 
 4.63500000e-04  1.69715578e-07 
 4.63600000e-04  1.55937155e-07 
 4.63700000e-04  1.55444856e-07 
 4.63800000e-04  1.55202316e-07 
 4.63900000e-04  1.55016860e-07 
 4.64000000e-04  1.54890103e-07 
 4.64100000e-04  1.70935849e-07 
 4.64200000e-04  1.70739586e-07 
 4.64300000e-04  1.70652975e-07 
 4.64400000e-04  1.70574314e-07 
 4.64500000e-04  1.70549076e-07 
 4.64600000e-04  1.57895573e-07 
 4.64700000e-04  1.57532642e-07 
 4.64800000e-04  1.57350822e-07 
 4.64900000e-04  1.57218346e-07 
 4.65000000e-04  1.57136586e-07 
 4.65100000e-04  1.70691132e-07 
 4.65200000e-04  1.70466454e-07 
 4.65300000e-04  1.70381721e-07 
 4.65400000e-04  1.70306710e-07 
 4.65500000e-04  1.70277189e-07 
 4.65600000e-04  1.56396792e-07 
 4.65700000e-04  1.55983867e-07 
 4.65800000e-04  1.55756179e-07 
 4.65900000e-04  1.55582388e-07 
 4.66000000e-04  1.55464004e-07 
 4.66100000e-04  1.72067663e-07 
 4.66200000e-04  1.71766191e-07 
 4.66300000e-04  1.71655398e-07 
 4.66400000e-04  1.71557736e-07 
 4.66500000e-04  1.71504319e-07 
 4.66600000e-04  1.60162638e-07 
 4.66700000e-04  1.59780305e-07 
 4.66800000e-04  1.59599441e-07 
 4.66900000e-04  1.59475194e-07 
 4.67000000e-04  1.59409161e-07 
 4.67100000e-04  1.70769787e-07 
 4.67200000e-04  1.70509382e-07 
 4.67300000e-04  1.70415449e-07 
 4.67400000e-04  1.70332440e-07 
 4.67500000e-04  1.70302377e-07 
 4.67600000e-04  1.56452096e-07 
 4.67700000e-04  1.55996755e-07 
 4.67800000e-04  1.55771268e-07 
 4.67900000e-04  1.55593675e-07 
 4.68000000e-04  1.55465298e-07 
 4.68100000e-04  1.71544861e-07 
 4.68200000e-04  1.71350178e-07 
 4.68300000e-04  1.71262428e-07 
 4.68400000e-04  1.71181866e-07 
 4.68500000e-04  1.71134258e-07 
 4.68600000e-04  1.58495434e-07 
 4.68700000e-04  1.58129928e-07 
 4.68800000e-04  1.57941091e-07 
 4.68900000e-04  1.57805230e-07 
 4.69000000e-04  1.57723825e-07 
 4.69100000e-04  1.71305576e-07 
 4.69200000e-04  1.71075932e-07 
 4.69300000e-04  1.70991380e-07 
 4.69400000e-04  1.70916940e-07 
 4.69500000e-04  1.70893802e-07 
 4.69600000e-04  1.56985487e-07 
 4.69700000e-04  1.56568173e-07 
 4.69800000e-04  1.56340086e-07 
 4.69900000e-04  1.56171900e-07 
 4.70000000e-04  1.56065315e-07 
 4.70100000e-04  1.73752477e-07 
 4.70200000e-04  1.73244379e-07 
 4.70300000e-04  1.73070901e-07 
 4.70400000e-04  1.72919032e-07 
 4.70500000e-04  1.72844553e-07 
 4.70600000e-04  1.64067122e-07 
 4.70700000e-04  1.63691144e-07 
 4.70800000e-04  1.63513182e-07 
 4.70900000e-04  1.63403999e-07 
 4.71000000e-04  1.63365574e-07 
 4.71100000e-04  1.70573110e-07 
 4.71200000e-04  1.70163185e-07 
 4.71300000e-04  1.70016657e-07 
 4.71400000e-04  1.69888188e-07 
 4.71500000e-04  1.69809380e-07 
 4.71600000e-04  1.56039294e-07 
 4.71700000e-04  1.55487830e-07 
 4.71800000e-04  1.55237180e-07 
 4.71900000e-04  1.55047182e-07 
 4.72000000e-04  1.54919555e-07 
 4.72100000e-04  1.70988353e-07 
 4.72200000e-04  1.70784483e-07 
 4.72300000e-04  1.70695577e-07 
 4.72400000e-04  1.70615270e-07 
 4.72500000e-04  1.70568843e-07 
 4.72600000e-04  1.57924989e-07 
 4.72700000e-04  1.57545499e-07 
 4.72800000e-04  1.57353173e-07 
 4.72900000e-04  1.57217452e-07 
 4.73000000e-04  1.57139926e-07 
 4.73100000e-04  1.70715031e-07 
 4.73200000e-04  1.70477795e-07 
 4.73300000e-04  1.70396281e-07 
 4.73400000e-04  1.70326070e-07 
 4.73500000e-04  1.70285872e-07 
 4.73600000e-04  1.56393779e-07 
 4.73700000e-04  1.55983481e-07 
 4.73800000e-04  1.55763032e-07 
 4.73900000e-04  1.55592821e-07 
 4.74000000e-04  1.55474240e-07 
 4.74100000e-04  1.72079677e-07 
 4.74200000e-04  1.71778689e-07 
 4.74300000e-04  1.71661299e-07 
 4.74400000e-04  1.71556467e-07 
 4.74500000e-04  1.71503061e-07 
 4.74600000e-04  1.60162886e-07 
 4.74700000e-04  1.59798264e-07 
 4.74800000e-04  1.59607670e-07 
 4.74900000e-04  1.59476111e-07 
 4.75000000e-04  1.59405054e-07 
 4.75100000e-04  1.72710084e-07 
 4.75200000e-04  1.72052238e-07 
 4.75300000e-04  1.71829444e-07 
 4.75400000e-04  1.71717531e-07 
 4.75500000e-04  1.71641447e-07 
 4.75600000e-04  1.57307787e-07 
 4.75700000e-04  1.56681850e-07 
 4.75800000e-04  1.56419204e-07 
 4.75900000e-04  1.56236550e-07 
 4.76000000e-04  1.56135400e-07 
 4.76100000e-04  1.03758488e-04 
 4.76200000e-04  1.03758109e-04 
 4.76300000e-04  1.03757973e-04 
 4.76400000e-04  1.03757853e-04 
 4.76500000e-04  1.03757811e-04 
 4.76600000e-04  1.03745160e-04 
 4.76700000e-04  1.03744768e-04 
 4.76800000e-04  1.03744584e-04 
 4.76900000e-04  1.03744457e-04 
 4.77000000e-04  1.03744387e-04 
 4.77100000e-04  1.72477444e-07 
 4.77200000e-04  1.72193158e-07 
 4.77300000e-04  1.72104817e-07 
 4.77400000e-04  1.72030664e-07 
 4.77500000e-04  1.71984123e-07 
 4.77600000e-04  1.58091854e-07 
 4.77700000e-04  1.57645082e-07 
 4.77800000e-04  1.57422558e-07 
 4.77900000e-04  1.57262166e-07 
 4.78000000e-04  1.57165669e-07 
 4.78100000e-04  1.74382079e-07 
 4.78200000e-04  1.73976140e-07 
 4.78300000e-04  1.73831168e-07 
 4.78400000e-04  1.73703783e-07 
 4.78500000e-04  1.73627914e-07 
 4.78600000e-04  1.63482100e-07 
 4.78700000e-04  1.63136871e-07 
 4.78800000e-04  1.62953494e-07 
 4.78900000e-04  1.62833613e-07 
 4.79000000e-04  1.62779035e-07 
 4.79100000e-04  1.72060393e-07 
 4.79200000e-04  1.71737591e-07 
 4.79300000e-04  1.71623575e-07 
 4.79400000e-04  1.71523482e-07 
 4.79500000e-04  1.71492149e-07 
 4.79600000e-04  1.57600564e-07 
 4.79700000e-04  1.57104359e-07 
 4.79800000e-04  1.56872140e-07 
 4.79900000e-04  1.56696233e-07 
 4.80000000e-04  1.56578217e-07 
 4.80100000e-04  1.72736107e-07 
 4.80200000e-04  1.72529031e-07 
 4.80300000e-04  1.72439604e-07 
 4.80400000e-04  1.72359069e-07 
 4.80500000e-04  1.72290967e-07 
 4.80600000e-04  1.59572034e-07 
 4.80700000e-04  1.59222972e-07 
 4.80800000e-04  1.59036541e-07 
 4.80900000e-04  1.58905040e-07 
 4.81000000e-04  1.58830005e-07 
 4.81100000e-04  1.72476904e-07 
 4.81200000e-04  1.72224346e-07 
 4.81300000e-04  1.72133708e-07 
 4.81400000e-04  1.72055164e-07 
 4.81500000e-04  1.72018388e-07 
 4.81600000e-04  1.58054095e-07 
 4.81700000e-04  1.57652016e-07 
 4.81800000e-04  1.57440933e-07 
 4.81900000e-04  1.57276255e-07 
 4.82000000e-04  1.57159246e-07 
 4.82100000e-04  1.73850738e-07 
 4.82200000e-04  1.73533242e-07 
 4.82300000e-04  1.73408816e-07 
 4.82400000e-04  1.73297552e-07 
 4.82500000e-04  1.73252201e-07 
 4.82600000e-04  1.61800814e-07 
 4.82700000e-04  1.61450508e-07 
 4.82800000e-04  1.61279741e-07 
 4.82900000e-04  1.61162307e-07 
 4.83000000e-04  1.61099681e-07 
 4.83100000e-04  1.72561690e-07 
 4.83200000e-04  1.72284553e-07 
 4.83300000e-04  1.72178962e-07 
 4.83400000e-04  1.72085101e-07 
 4.83500000e-04  1.72044256e-07 
 4.83600000e-04  1.58098327e-07 
 4.83700000e-04  1.57655476e-07 
 4.83800000e-04  1.57430897e-07 
 4.83900000e-04  1.57265464e-07 
 4.84000000e-04  1.57160841e-07 
 4.84100000e-04  1.73320693e-07 
 4.84200000e-04  1.73113247e-07 
 4.84300000e-04  1.73029210e-07 
 4.84400000e-04  1.72954410e-07 
 4.84500000e-04  1.72898233e-07 
 4.84600000e-04  1.60133831e-07 
 4.84700000e-04  1.59794608e-07 
 4.84800000e-04  1.59603844e-07 
 4.84900000e-04  1.59475610e-07 
 4.85000000e-04  1.59411673e-07 
 4.85100000e-04  1.73082184e-07 
 4.85200000e-04  1.72832330e-07 
 4.85300000e-04  1.72749271e-07 
 4.85400000e-04  1.72678360e-07 
 4.85500000e-04  1.72631529e-07 
 4.85600000e-04  1.58642786e-07 
 4.85700000e-04  1.58236924e-07 
 4.85800000e-04  1.58022165e-07 
 4.85900000e-04  1.57859658e-07 
 4.86000000e-04  1.57750847e-07 
 4.86100000e-04  1.76060376e-07 
 4.86200000e-04  1.75416729e-07 
 4.86300000e-04  1.75212667e-07 
 4.86400000e-04  1.75038288e-07 
 4.86500000e-04  1.74954903e-07 
 4.86600000e-04  1.67381846e-07 
 4.86700000e-04  1.67032617e-07 
 4.86800000e-04  1.66862084e-07 
 4.86900000e-04  1.66760749e-07 
 4.87000000e-04  1.66730587e-07 
 4.87100000e-04  1.72353198e-07 
 4.87200000e-04  1.71551394e-07 
 4.87300000e-04  1.71294675e-07 
 4.87400000e-04  1.71074902e-07 
 4.87500000e-04  1.70976171e-07 
 4.87600000e-04  1.57172766e-07 
 4.87700000e-04  1.56602899e-07 
 4.87800000e-04  1.56338394e-07 
 4.87900000e-04  1.56142167e-07 
 4.88000000e-04  1.56016167e-07 
 4.88100000e-04  1.72154368e-07 
 4.88200000e-04  1.71930485e-07 
 4.88300000e-04  1.71836219e-07 
 4.88400000e-04  1.71752021e-07 
 4.88500000e-04  1.71704000e-07 
 4.88600000e-04  1.58976705e-07 
 4.88700000e-04  1.58643175e-07 
 4.88800000e-04  1.58451792e-07 
 4.88900000e-04  1.58319384e-07 
 4.89000000e-04  1.58247872e-07 
 4.89100000e-04  1.72022231e-07 
 4.89200000e-04  1.71676079e-07 
 4.89300000e-04  1.71545198e-07 
 4.89400000e-04  1.71480489e-07 
 4.89500000e-04  1.71428027e-07 
 4.89600000e-04  1.57488813e-07 
 4.89700000e-04  1.57069952e-07 
 4.89800000e-04  1.56855003e-07 
 4.89900000e-04  1.56686292e-07 
 4.90000000e-04  1.56565100e-07 
 4.90100000e-04  1.73224854e-07 
 4.90200000e-04  1.72905155e-07 
 4.90300000e-04  1.72786701e-07 
 4.90400000e-04  1.72682196e-07 
 4.90500000e-04  1.72635370e-07 
 4.90600000e-04  1.61217860e-07 
 4.90700000e-04  1.60875922e-07 
 4.90800000e-04  1.60688132e-07 
 4.90900000e-04  1.60559845e-07 
 4.91000000e-04  1.60492789e-07 
 4.91100000e-04  1.71926943e-07 
 4.91200000e-04  1.71662185e-07 
 4.91300000e-04  1.71560921e-07 
 4.91400000e-04  1.71469964e-07 
 4.91500000e-04  1.71427923e-07 
 4.91600000e-04  1.57519290e-07 
 4.91700000e-04  1.57062617e-07 
 4.91800000e-04  1.56844782e-07 
 4.91900000e-04  1.56674291e-07 
 4.92000000e-04  1.56552503e-07 
 4.92100000e-04  1.72693573e-07 
 4.92200000e-04  1.72506821e-07 
 4.92300000e-04  1.72411500e-07 
 4.92400000e-04  1.72321992e-07 
 4.92500000e-04  1.72268921e-07 
 4.92600000e-04  1.59563912e-07 
 4.92700000e-04  1.59209427e-07 
 4.92800000e-04  1.59018291e-07 
 4.92900000e-04  1.58889635e-07 
 4.93000000e-04  1.58825323e-07 
 4.93100000e-04  1.72463073e-07 
 4.93200000e-04  1.72239447e-07 
 4.93300000e-04  1.72140233e-07 
 4.93400000e-04  1.72049125e-07 
 4.93500000e-04  1.72008159e-07 
 4.93600000e-04  1.58057043e-07 
 4.93700000e-04  1.57644313e-07 
 4.93800000e-04  1.57433051e-07 
 4.93900000e-04  1.57269419e-07 
 4.94000000e-04  1.57154954e-07 
 4.94100000e-04  1.74809640e-07 
 4.94200000e-04  1.74153744e-07 
 4.94300000e-04  1.73953073e-07 
 4.94400000e-04  1.73882040e-07 
 4.94500000e-04  1.73829925e-07 
 4.94600000e-04  1.63751723e-07 
 4.94700000e-04  1.63415041e-07 
 4.94800000e-04  1.63225896e-07 
 4.94900000e-04  1.63079412e-07 
 4.95000000e-04  1.62976860e-07 
 4.95100000e-04  1.72045202e-07 
 4.95200000e-04  1.71724827e-07 
 4.95300000e-04  1.71614247e-07 
 4.95400000e-04  1.71517904e-07 
 4.95500000e-04  1.71470009e-07 
 4.95600000e-04  1.57593764e-07 
 4.95700000e-04  1.57114804e-07 
 4.95800000e-04  1.56865769e-07 
 4.95900000e-04  1.56683926e-07 
 4.96000000e-04  1.56571343e-07 
 4.96100000e-04  1.72713173e-07 
 4.96200000e-04  1.72509998e-07 
 4.96300000e-04  1.72419753e-07 
 4.96400000e-04  1.72337333e-07 
 4.96500000e-04  1.72290493e-07 
 4.96600000e-04  1.59569241e-07 
 4.96700000e-04  1.59204612e-07 
 4.96800000e-04  1.59025974e-07 
 4.96900000e-04  1.58895482e-07 
 4.97000000e-04  1.58814625e-07 
 4.97100000e-04  1.72474639e-07 
 4.97200000e-04  1.72229011e-07 
 4.97300000e-04  1.72134996e-07 
 4.97400000e-04  1.72052398e-07 
 4.97500000e-04  1.72036599e-07 
 4.97600000e-04  1.58047787e-07 
 4.97700000e-04  1.57639697e-07 
 4.97800000e-04  1.57420573e-07 
 4.97900000e-04  1.57258060e-07 
 4.98000000e-04  1.57153934e-07 
 4.98100000e-04  1.73848605e-07 
 4.98200000e-04  1.73532531e-07 
 4.98300000e-04  1.73416724e-07 
 4.98400000e-04  1.73314927e-07 
 4.98500000e-04  1.73260838e-07 
 4.98600000e-04  1.61797239e-07 
 4.98700000e-04  1.61458475e-07 
 4.98800000e-04  1.61284514e-07 
 4.98900000e-04  1.61159243e-07 
 4.99000000e-04  1.61084205e-07 
 4.99100000e-04  1.72545324e-07 
 4.99200000e-04  1.72261158e-07 
 4.99300000e-04  1.72165367e-07 
 4.99400000e-04  1.72082516e-07 
 4.99500000e-04  1.72054082e-07 
 4.99600000e-04  1.58109842e-07 
 4.99700000e-04  1.57666862e-07 
 4.99800000e-04  1.57433018e-07 
 4.99900000e-04  1.57260547e-07 
 5.00000000e-04  1.57151396e-07 
 5.00100000e-04  1.73320926e-07 
 5.00200000e-04  1.73115485e-07 
 5.00300000e-04  1.73023751e-07 
 5.00400000e-04  1.72940273e-07 
 5.00500000e-04  1.72893026e-07 
 5.00600000e-04  1.60142374e-07 
 5.00700000e-04  1.59783152e-07 
 5.00800000e-04  1.59600766e-07 
 5.00900000e-04  1.59477832e-07 
 5.01000000e-04  1.59416237e-07 
 5.01100000e-04  1.73086297e-07 
 5.01200000e-04  1.72833277e-07 
 5.01300000e-04  1.72738000e-07 
 5.01400000e-04  1.72654185e-07 
 5.01500000e-04  1.72623671e-07 
 5.01600000e-04  1.58621700e-07 
 5.01700000e-04  1.58225946e-07 
 5.01800000e-04  1.58016141e-07 
 5.01900000e-04  1.57858405e-07 
 5.02000000e-04  1.57754389e-07 
 5.02100000e-04  1.75517328e-07 
 5.02200000e-04  1.75008355e-07 
 5.02300000e-04  1.74827624e-07 
 5.02400000e-04  1.74667712e-07 
 5.02500000e-04  1.74594719e-07 
 5.02600000e-04  1.65726310e-07 
 5.02700000e-04  1.65367381e-07 
 5.02800000e-04  1.65193005e-07 
 5.02900000e-04  1.65088732e-07 
 5.03000000e-04  1.65056784e-07 
 5.03100000e-04  1.72346645e-07 
 5.03200000e-04  1.71921811e-07 
 5.03300000e-04  1.71766167e-07 
 5.03400000e-04  1.71629361e-07 
 5.03500000e-04  1.71553725e-07 
 5.03600000e-04  1.57690988e-07 
 5.03700000e-04  1.57165594e-07 
 5.03800000e-04  1.56923050e-07 
 5.03900000e-04  1.56731426e-07 
 5.04000000e-04  1.56592336e-07 
 5.04100000e-04  1.72762750e-07 
 5.04200000e-04  1.72537369e-07 
 5.04300000e-04  1.72450099e-07 
 5.04400000e-04  1.72373387e-07 
 5.04500000e-04  1.72322050e-07 
 5.04600000e-04  1.59566290e-07 
 5.04700000e-04  1.59218919e-07 
 5.04800000e-04  1.59031292e-07 
 5.04900000e-04  1.58902142e-07 
 5.05000000e-04  1.58833321e-07 
 5.05100000e-04  1.72481441e-07 
 5.05200000e-04  1.72257603e-07 
 5.05300000e-04  1.72156486e-07 
 5.05400000e-04  1.72063218e-07 
 5.05500000e-04  1.72037565e-07 
 5.05600000e-04  1.58052419e-07 
 5.05700000e-04  1.57650489e-07 
 5.05800000e-04  1.57438935e-07 
 5.05900000e-04  1.57280153e-07 
 5.06000000e-04  1.57175819e-07 
 5.06100000e-04  1.73852302e-07 
 5.06200000e-04  1.73551485e-07 
 5.06300000e-04  1.73429201e-07 
 5.06400000e-04  1.73318690e-07 
 5.06500000e-04  1.73260208e-07 
 5.06600000e-04  1.61807724e-07 
 5.06700000e-04  1.61458968e-07 
 5.06800000e-04  1.61279690e-07 
 5.06900000e-04  1.61152685e-07 
 5.07000000e-04  1.61079612e-07 
 5.07100000e-04  1.72548518e-07 
 5.07200000e-04  1.72269075e-07 
 5.07300000e-04  1.72174505e-07 
 5.07400000e-04  1.72092173e-07 
 5.07500000e-04  1.72041776e-07 
 5.07600000e-04  1.58117096e-07 
 5.07700000e-04  1.57666690e-07 
 5.07800000e-04  1.57433746e-07 
 5.07900000e-04  1.57260336e-07 
 5.08000000e-04  1.57148348e-07 
 5.08100000e-04  1.73323226e-07 
 5.08200000e-04  1.73113212e-07 
 5.08300000e-04  1.73017919e-07 
 5.08400000e-04  1.72931003e-07 
 5.08500000e-04  1.72889730e-07 
 5.08600000e-04  1.60153033e-07 
 5.08700000e-04  1.59788079e-07 
 5.08800000e-04  1.59612951e-07 
 5.08900000e-04  1.59489009e-07 
 5.09000000e-04  1.59417877e-07 
 5.09100000e-04  1.73091016e-07 
 5.09200000e-04  1.72845800e-07 
 5.09300000e-04  1.72749634e-07 
 5.09400000e-04  1.72664264e-07 
 5.09500000e-04  1.72625225e-07 
 5.09600000e-04  1.58623516e-07 
 5.09700000e-04  1.58241566e-07 
 5.09800000e-04  1.58024615e-07 
 5.09900000e-04  1.57863073e-07 
 5.10000000e-04  1.57758698e-07 
 5.10100000e-04  1.74988456e-07 
 5.10200000e-04  1.74568561e-07 
 5.10300000e-04  1.74418632e-07 
 5.10400000e-04  1.74287000e-07 
 5.10500000e-04  1.74231587e-07 
 5.10600000e-04  1.64054883e-07 
 5.10700000e-04  1.63714843e-07 
 5.10800000e-04  1.63538956e-07 
 5.10900000e-04  1.63423637e-07 
 5.11000000e-04  1.63370806e-07 
 5.11100000e-04  1.72684926e-07 
 5.11200000e-04  1.72352707e-07 
 5.11300000e-04  1.72235868e-07 
 5.11400000e-04  1.72134096e-07 
 5.11500000e-04  1.72085404e-07 
 5.11600000e-04  1.58168508e-07 
 5.11700000e-04  1.57688683e-07 
 5.11800000e-04  1.57466455e-07 
 5.11900000e-04  1.57297872e-07 
 5.12000000e-04  1.57184635e-07 
 5.12100000e-04  1.73348637e-07 
 5.12200000e-04  1.73136119e-07 
 5.12300000e-04  1.73047064e-07 
 5.12400000e-04  1.72967438e-07 
 5.12500000e-04  1.72911959e-07 
 5.12600000e-04  1.60153251e-07 
 5.12700000e-04  1.59804562e-07 
 5.12800000e-04  1.59627697e-07 
 5.12900000e-04  1.59500677e-07 
 5.13000000e-04  1.59425084e-07 
 5.13100000e-04  1.74850797e-07 
 5.13200000e-04  1.74328976e-07 
 5.13300000e-04  1.74148874e-07 
 5.13400000e-04  1.74053531e-07 
 5.13500000e-04  1.73985576e-07 
 5.13600000e-04  1.59505653e-07 
 5.13700000e-04  1.58939644e-07 
 5.13800000e-04  1.58683511e-07 
 5.13900000e-04  1.58502412e-07 
 5.14000000e-04  1.58397950e-07 
 5.14100000e-04  1.03761425e-04 
 5.14200000e-04  1.03760910e-04 
 5.14300000e-04  1.03760746e-04 
 5.14400000e-04  1.03760607e-04 
 5.14500000e-04  1.03760560e-04 
 5.14600000e-04  1.03749085e-04 
 5.14700000e-04  1.03748709e-04 
 5.14800000e-04  1.03748527e-04 
 5.14900000e-04  1.03748405e-04 
 5.15000000e-04  1.03748345e-04 
 5.15100000e-04  1.74354580e-07 
 5.15200000e-04  1.74028896e-07 
 5.15300000e-04  1.73914944e-07 
 5.15400000e-04  1.73815538e-07 
 5.15500000e-04  1.73779798e-07 
 5.15600000e-04  1.59792482e-07 
 5.15700000e-04  1.59345888e-07 
 5.15800000e-04  1.59117587e-07 
 5.15900000e-04  1.58955438e-07 
 5.16000000e-04  1.58861539e-07 
 5.16100000e-04  1.75096422e-07 
 5.16200000e-04  1.74902571e-07 
 5.16300000e-04  1.74797453e-07 
 5.16400000e-04  1.74698172e-07 
 5.16500000e-04  1.74655278e-07 
 5.16600000e-04  1.61816296e-07 
 5.16700000e-04  1.61490293e-07 
 5.16800000e-04  1.61308632e-07 
 5.16900000e-04  1.61183874e-07 
 5.17000000e-04  1.61117824e-07 
 5.17100000e-04  1.74869033e-07 
 5.17200000e-04  1.74613913e-07 
 5.17300000e-04  1.74524552e-07 
 5.17400000e-04  1.74447181e-07 
 5.17500000e-04  1.74408938e-07 
 5.17600000e-04  1.60312443e-07 
 5.17700000e-04  1.59915571e-07 
 5.17800000e-04  1.59710585e-07 
 5.17900000e-04  1.59549677e-07 
 5.18000000e-04  1.59434246e-07 
 5.18100000e-04  1.88948217e-07 
 5.18200000e-04  1.86333828e-07 
 5.18300000e-04  1.85531745e-07 
 5.18400000e-04  1.85283018e-07 
 5.18500000e-04  1.85034292e-07 
 5.18600000e-04  1.75736945e-07 
 5.18700000e-04  1.74605344e-07 
 5.18800000e-04  1.74276618e-07 
 5.18900000e-04  1.74070830e-07 
 5.19000000e-04  1.73990196e-07 
 5.19100000e-04  1.71275698e-07 
 5.19200000e-04  1.70518267e-07 
 5.19300000e-04  1.70311393e-07 
 5.19400000e-04  1.70139213e-07 
 5.19500000e-04  1.70058846e-07 
 5.19600000e-04  1.57650085e-07 
 5.19700000e-04  1.56969100e-07 
 5.19800000e-04  1.56708149e-07 
 5.19900000e-04 -0.00000000e+00 
 5.20000000e-04  1.56575636e-07 
