 time            -i(vdd)        
 2.60000000e-04 -1.26577369e-04 
 2.60100000e-04  1.83721688e-07 
 2.60200000e-04  1.75016820e-07 
 2.60300000e-04  1.72690024e-07 
 2.60400000e-04  1.70727300e-07 
 2.60500000e-04  1.70076671e-07 
 2.60600000e-04  1.76681057e-07 
 2.60700000e-04  1.75910884e-07 
 2.60800000e-04  1.75485173e-07 
 2.60900000e-04  1.75136847e-07 
 2.61000000e-04  1.74867585e-07 
 2.61100000e-04  1.56446977e-07 
 2.61200000e-04  1.54079545e-07 
 2.61300000e-04  1.53484879e-07 
 2.61400000e-04  1.53007573e-07 
 2.61500000e-04  1.52784968e-07 
 2.61600000e-04  1.38889675e-07 
 2.61700000e-04  1.37641134e-07 
 2.61800000e-04  1.37193481e-07 
 2.61900000e-04  1.36875477e-07 
 2.62000000e-04  1.36691234e-07 
 2.62100000e-04  1.61885742e-07 
 2.62200000e-04  1.60615357e-07 
 2.62300000e-04  1.60334567e-07 
 2.62400000e-04  1.60132623e-07 
 2.62500000e-04  1.60043700e-07 
 2.62600000e-04  1.48509612e-07 
 2.62700000e-04  1.47918572e-07 
 2.62800000e-04  1.47634599e-07 
 2.62900000e-04  1.47421063e-07 
 2.63000000e-04  1.47279471e-07 
 2.63100000e-04  1.99994794e-07 
 2.63200000e-04  1.94213739e-07 
 2.63300000e-04  1.92920467e-07 
 2.63400000e-04  1.91922213e-07 
 2.63500000e-04  1.91647908e-07 
 2.63600000e-04  1.78191449e-07 
 2.63700000e-04  1.77571235e-07 
 2.63800000e-04  1.77249036e-07 
 2.63900000e-04  1.77001829e-07 
 2.64000000e-04  1.76831989e-07 
 2.64100000e-04  1.72668668e-07 
 2.64200000e-04  1.68073742e-07 
 2.64300000e-04  1.67027489e-07 
 2.64400000e-04  1.66212875e-07 
 2.64500000e-04  1.65969851e-07 
 2.64600000e-04  1.53736957e-07 
 2.64700000e-04  1.53123557e-07 
 2.64800000e-04  1.52814831e-07 
 2.64900000e-04  1.52582311e-07 
 2.65000000e-04  1.52428411e-07 
 2.65100000e-04  1.66019681e-07 
 2.65200000e-04  1.65525527e-07 
 2.65300000e-04  1.65366018e-07 
 2.65400000e-04  1.65228718e-07 
 2.65500000e-04  1.65173307e-07 
 2.65600000e-04  1.51589133e-07 
 2.65700000e-04  1.51135165e-07 
 2.65800000e-04  1.50912165e-07 
 2.65900000e-04  1.50743085e-07 
 2.66000000e-04  1.50629633e-07 
 2.66100000e-04  1.66991883e-07 
 2.66200000e-04  1.66738642e-07 
 2.66300000e-04  1.66640882e-07 
 2.66400000e-04  1.66552923e-07 
 2.66500000e-04  1.66504498e-07 
 2.66600000e-04  1.55425794e-07 
 2.66700000e-04  1.55022173e-07 
 2.66800000e-04  1.54820809e-07 
 2.66900000e-04  1.54674333e-07 
 2.67000000e-04  1.54584482e-07 
 2.67100000e-04  1.66083402e-07 
 2.67200000e-04  1.65565004e-07 
 2.67300000e-04  1.65411590e-07 
 2.67400000e-04  1.65281168e-07 
 2.67500000e-04  1.65220662e-07 
 2.67600000e-04  1.51671783e-07 
 2.67700000e-04  1.51176202e-07 
 2.67800000e-04  1.50919486e-07 
 2.67900000e-04  1.50723796e-07 
 2.68000000e-04  1.50591065e-07 
 2.68100000e-04  1.66384485e-07 
 2.68200000e-04  1.66211523e-07 
 2.68300000e-04  1.66134157e-07 
 2.68400000e-04  1.66063527e-07 
 2.68500000e-04  1.66037221e-07 
 2.68600000e-04  1.53646069e-07 
 2.68700000e-04  1.53261584e-07 
 2.68800000e-04  1.53049864e-07 
 2.68900000e-04  1.52896936e-07 
 2.69000000e-04  1.52804660e-07 
 2.69100000e-04  1.66125250e-07 
 2.69200000e-04  1.65919029e-07 
 2.69300000e-04  1.65841956e-07 
 2.69400000e-04  1.65773676e-07 
 2.69500000e-04  1.65754054e-07 
 2.69600000e-04  1.52108595e-07 
 2.69700000e-04  1.51684789e-07 
 2.69800000e-04  1.51434156e-07 
 2.69900000e-04  1.51249710e-07 
 2.70000000e-04  1.51133545e-07 
 2.70100000e-04  1.68010345e-07 
 2.70200000e-04  1.67637980e-07 
 2.70300000e-04  1.67505415e-07 
 2.70400000e-04  1.67387962e-07 
 2.70500000e-04  1.67318361e-07 
 2.70600000e-04  1.57515781e-07 
 2.70700000e-04  1.57125642e-07 
 2.70800000e-04  1.56922589e-07 
 2.70900000e-04  1.56784847e-07 
 2.71000000e-04  1.56714478e-07 
 2.71100000e-04  1.66103611e-07 
 2.71200000e-04  1.65547986e-07 
 2.71300000e-04  1.65379379e-07 
 2.71400000e-04  1.65234794e-07 
 2.71500000e-04  1.65191806e-07 
 2.71600000e-04  1.51643622e-07 
 2.71700000e-04  1.51102603e-07 
 2.71800000e-04  1.50842351e-07 
 2.71900000e-04  1.50643637e-07 
 2.72000000e-04  1.50508404e-07 
 2.72100000e-04  1.66319535e-07 
 2.72200000e-04  1.66151008e-07 
 2.72300000e-04  1.66075271e-07 
 2.72400000e-04  1.66005959e-07 
 2.72500000e-04  1.65982440e-07 
 2.72600000e-04  1.53584971e-07 
 2.72700000e-04  1.53195632e-07 
 2.72800000e-04  1.52986603e-07 
 2.72900000e-04  1.52834470e-07 
 2.73000000e-04  1.52741025e-07 
 2.73100000e-04  1.66063649e-07 
 2.73200000e-04  1.65853739e-07 
 2.73300000e-04  1.65780114e-07 
 2.73400000e-04  1.65715815e-07 
 2.73500000e-04  1.65694457e-07 
 2.73600000e-04  1.52058092e-07 
 2.73700000e-04  1.51625568e-07 
 2.73800000e-04  1.51372461e-07 
 2.73900000e-04  1.51183338e-07 
 2.74000000e-04  1.51060219e-07 
 2.74100000e-04  1.67431774e-07 
 2.74200000e-04  1.67157415e-07 
 2.74300000e-04  1.67060519e-07 
 2.74400000e-04  1.66975410e-07 
 2.74500000e-04  1.66919619e-07 
 2.74600000e-04  1.55826619e-07 
 2.74700000e-04  1.55416427e-07 
 2.74800000e-04  1.55210732e-07 
 2.74900000e-04  1.55070155e-07 
 2.75000000e-04  1.54996746e-07 
 2.75100000e-04  1.66139787e-07 
 2.75200000e-04  1.65905542e-07 
 2.75300000e-04  1.65820552e-07 
 2.75400000e-04  1.65745143e-07 
 2.75500000e-04  1.65711423e-07 
 2.75600000e-04  1.52106858e-07 
 2.75700000e-04  1.51632637e-07 
 2.75800000e-04  1.51381561e-07 
 2.75900000e-04  1.51192154e-07 
 2.76000000e-04  1.51066358e-07 
 2.76100000e-04  1.66898424e-07 
 2.76200000e-04  1.66720576e-07 
 2.76300000e-04  1.66646990e-07 
 2.76400000e-04  1.66580714e-07 
 2.76500000e-04  1.66552042e-07 
 2.76600000e-04  1.54154975e-07 
 2.76700000e-04  1.53748574e-07 
 2.76800000e-04  1.53543241e-07 
 2.76900000e-04  1.53400503e-07 
 2.77000000e-04  1.53322331e-07 
 2.77100000e-04  1.66672675e-07 
 2.77200000e-04  1.66455578e-07 
 2.77300000e-04  1.66378169e-07 
 2.77400000e-04  1.66311104e-07 
 2.77500000e-04  1.66289736e-07 
 2.77600000e-04  1.52640328e-07 
 2.77700000e-04  1.52192793e-07 
 2.77800000e-04  1.51962886e-07 
 2.77900000e-04  1.51781873e-07 
 2.78000000e-04  1.51651289e-07 
 2.78100000e-04  1.69107141e-07 
 2.78200000e-04  1.68609420e-07 
 2.78300000e-04  1.68450676e-07 
 2.78400000e-04  1.68314513e-07 
 2.78500000e-04  1.68254558e-07 
 2.78600000e-04  1.59710352e-07 
 2.78700000e-04  1.59312482e-07 
 2.78800000e-04  1.59122636e-07 
 2.78900000e-04  1.58996728e-07 
 2.79000000e-04  1.58936770e-07 
 2.79100000e-04  1.66277274e-07 
 2.79200000e-04  1.65618113e-07 
 2.79300000e-04  1.65434325e-07 
 2.79400000e-04  1.65281361e-07 
 2.79500000e-04  1.65198004e-07 
 2.79600000e-04  1.51687111e-07 
 2.79700000e-04  1.51110685e-07 
 2.79800000e-04  1.50843312e-07 
 2.79900000e-04  1.50635323e-07 
 2.80000000e-04  1.50488583e-07 
 2.80100000e-04  1.66318147e-07 
 2.80200000e-04  1.66135752e-07 
 2.80300000e-04  1.66056065e-07 
 2.80400000e-04  1.65984050e-07 
 2.80500000e-04  1.65958778e-07 
 2.80600000e-04  1.53555633e-07 
 2.80700000e-04  1.53162304e-07 
 2.80800000e-04  1.52960397e-07 
 2.80900000e-04  1.52810270e-07 
 2.81000000e-04  1.52713548e-07 
 2.81100000e-04  1.66041307e-07 
 2.81200000e-04  1.65840660e-07 
 2.81300000e-04  1.65765683e-07 
 2.81400000e-04  1.65699141e-07 
 2.81500000e-04  1.65682647e-07 
 2.81600000e-04  1.52027469e-07 
 2.81700000e-04  1.51581744e-07 
 2.81800000e-04  1.51348220e-07 
 2.81900000e-04  1.51173916e-07 
 2.82000000e-04  1.51060689e-07 
 2.82100000e-04  1.67415759e-07 
 2.82200000e-04  1.67139224e-07 
 2.82300000e-04  1.67038392e-07 
 2.82400000e-04  1.66949411e-07 
 2.82500000e-04  1.66913353e-07 
 2.82600000e-04  1.55790149e-07 
 2.82700000e-04  1.55403051e-07 
 2.82800000e-04  1.55194653e-07 
 2.82900000e-04  1.55051290e-07 
 2.83000000e-04  1.54974984e-07 
 2.83100000e-04  1.68030601e-07 
 2.83200000e-04  1.67413320e-07 
 2.83300000e-04  1.67196828e-07 
 2.83400000e-04  1.67100374e-07 
 2.83500000e-04  1.67042706e-07 
 2.83600000e-04  1.52934068e-07 
 2.83700000e-04  1.52311734e-07 
 2.83800000e-04  1.52025636e-07 
 2.83900000e-04  1.51815834e-07 
 2.84000000e-04  1.51683938e-07 
 2.84100000e-04  1.03753796e-04 
 2.84200000e-04  1.03753424e-04 
 2.84300000e-04  1.03753316e-04 
 2.84400000e-04  1.03753225e-04 
 2.84500000e-04  1.03753168e-04 
 2.84600000e-04  1.03740764e-04 
 2.84700000e-04  1.03740348e-04 
 2.84800000e-04  1.03740147e-04 
 2.84900000e-04  1.03740005e-04 
 2.85000000e-04  1.03739923e-04 
 2.85100000e-04  1.67790087e-07 
 2.85200000e-04  1.67535373e-07 
 2.85300000e-04  1.67459655e-07 
 2.85400000e-04  1.67396461e-07 
 2.85500000e-04  1.67362108e-07 
 2.85600000e-04  1.53717416e-07 
 2.85700000e-04  1.53257563e-07 
 2.85800000e-04  1.53017647e-07 
 2.85900000e-04  1.52842700e-07 
 2.86000000e-04  1.52734756e-07 
 2.86100000e-04  1.69705457e-07 
 2.86200000e-04  1.69304952e-07 
 2.86300000e-04  1.69180253e-07 
 2.86400000e-04  1.69074507e-07 
 2.86500000e-04  1.69004363e-07 
 2.86600000e-04  1.59129677e-07 
 2.86700000e-04  1.58733955e-07 
 2.86800000e-04  1.58534495e-07 
 2.86900000e-04  1.58409941e-07 
 2.87000000e-04  1.58362644e-07 
 2.87100000e-04  1.67376222e-07 
 2.87200000e-04  1.67100972e-07 
 2.87300000e-04  1.66999444e-07 
 2.87400000e-04  1.66908860e-07 
 2.87500000e-04  1.66861331e-07 
 2.87600000e-04  1.53228890e-07 
 2.87700000e-04  1.52714202e-07 
 2.87800000e-04  1.52458831e-07 
 2.87900000e-04  1.52272023e-07 
 2.88000000e-04  1.52155927e-07 
 2.88100000e-04  1.68063871e-07 
 2.88200000e-04  1.67884804e-07 
 2.88300000e-04  1.67802782e-07 
 2.88400000e-04  1.67727882e-07 
 2.88500000e-04  1.67683500e-07 
 2.88600000e-04  1.55208177e-07 
 2.88700000e-04  1.54811159e-07 
 2.88800000e-04  1.54614650e-07 
 2.88900000e-04  1.54476397e-07 
 2.89000000e-04  1.54398220e-07 
 2.89100000e-04  1.67805983e-07 
 2.89200000e-04  1.67594851e-07 
 2.89300000e-04  1.67513239e-07 
 2.89400000e-04  1.67440684e-07 
 2.89500000e-04  1.67405194e-07 
 2.89600000e-04  1.53688391e-07 
 2.89700000e-04  1.53258822e-07 
 2.89800000e-04  1.53022695e-07 
 2.89900000e-04  1.52846321e-07 
 2.90000000e-04  1.52731568e-07 
 2.90100000e-04  1.69183453e-07 
 2.90200000e-04  1.68898355e-07 
 2.90300000e-04  1.68784229e-07 
 2.90400000e-04  1.68681801e-07 
 2.90500000e-04  1.68645791e-07 
 2.90600000e-04  1.57436983e-07 
 2.90700000e-04  1.57050297e-07 
 2.90800000e-04  1.56862248e-07 
 2.90900000e-04  1.56729898e-07 
 2.91000000e-04  1.56654982e-07 
 2.91100000e-04  1.67883266e-07 
 2.91200000e-04  1.67621663e-07 
 2.91300000e-04  1.67533574e-07 
 2.91400000e-04  1.67457245e-07 
 2.91500000e-04  1.67425135e-07 
 2.91600000e-04  1.53741162e-07 
 2.91700000e-04  1.53273268e-07 
 2.91800000e-04  1.53023912e-07 
 2.91900000e-04  1.52840877e-07 
 2.92000000e-04  1.52726237e-07 
 2.92100000e-04  1.68652660e-07 
 2.92200000e-04  1.68462932e-07 
 2.92300000e-04  1.68387958e-07 
 2.92400000e-04  1.68321569e-07 
 2.92500000e-04  1.68278457e-07 
 2.92600000e-04  1.55792318e-07 
 2.92700000e-04  1.55399671e-07 
 2.92800000e-04  1.55203624e-07 
 2.92900000e-04  1.55058555e-07 
 2.93000000e-04  1.54966051e-07 
 2.93100000e-04  1.68415938e-07 
 2.93200000e-04  1.68200254e-07 
 2.93300000e-04  1.68121453e-07 
 2.93400000e-04  1.68052210e-07 
 2.93500000e-04  1.68014885e-07 
 2.93600000e-04  1.54271744e-07 
 2.93700000e-04  1.53836555e-07 
 2.93800000e-04  1.53599427e-07 
 2.93900000e-04  1.53424348e-07 
 2.94000000e-04  1.53313255e-07 
 2.94100000e-04  1.71373323e-07 
 2.94200000e-04  1.70774273e-07 
 2.94300000e-04  1.70581423e-07 
 2.94400000e-04  1.70415044e-07 
 2.94500000e-04  1.70346147e-07 
 2.94600000e-04  1.63012744e-07 
 2.94700000e-04  1.62627528e-07 
 2.94800000e-04  1.62444613e-07 
 2.94900000e-04  1.62333620e-07 
 2.95000000e-04  1.62296798e-07 
 2.95100000e-04  1.67732882e-07 
 2.95200000e-04  1.66862671e-07 
 2.95300000e-04  1.66623160e-07 
 2.95400000e-04  1.66424559e-07 
 2.95500000e-04  1.66338836e-07 
 2.95600000e-04  1.52786420e-07 
 2.95700000e-04  1.52175040e-07 
 2.95800000e-04  1.51905404e-07 
 2.95900000e-04  1.51704995e-07 
 2.96000000e-04  1.51575980e-07 
 2.96100000e-04  1.67462914e-07 
 2.96200000e-04  1.67278427e-07 
 2.96300000e-04  1.67198046e-07 
 2.96400000e-04  1.67125169e-07 
 2.96500000e-04  1.67070804e-07 
 2.96600000e-04  1.54609405e-07 
 2.96700000e-04  1.54219406e-07 
 2.96800000e-04  1.54021593e-07 
 2.96900000e-04  1.53883351e-07 
 2.97000000e-04  1.53806537e-07 
 2.97100000e-04  1.67190815e-07 
 2.97200000e-04  1.66975361e-07 
 2.97300000e-04  1.66900431e-07 
 2.97400000e-04  1.66835487e-07 
 2.97500000e-04  1.66806323e-07 
 2.97600000e-04  1.53100408e-07 
 2.97700000e-04  1.52660936e-07 
 2.97800000e-04  1.52419932e-07 
 2.97900000e-04  1.52238420e-07 
 2.98000000e-04  1.52118252e-07 
 2.98100000e-04  1.68543434e-07 
 2.98200000e-04  1.68260722e-07 
 2.98300000e-04  1.68157000e-07 
 2.98400000e-04  1.68065451e-07 
 2.98500000e-04  1.68030987e-07 
 2.98600000e-04  1.56857649e-07 
 2.98700000e-04  1.56467793e-07 
 2.98800000e-04  1.56274097e-07 
 2.98900000e-04  1.56136701e-07 
 2.99000000e-04  1.56057357e-07 
 2.99100000e-04  1.67261133e-07 
 2.99200000e-04  1.66997229e-07 
 2.99300000e-04  1.66912454e-07 
 2.99400000e-04  1.66840372e-07 
 2.99500000e-04  1.66819523e-07 
 2.99600000e-04  1.53145865e-07 
 2.99700000e-04  1.52674042e-07 
 2.99800000e-04  1.52422656e-07 
 2.99900000e-04  1.52238598e-07 
 3.00000000e-04  1.52123967e-07 
 3.00100000e-04  1.68012537e-07 
 3.00200000e-04  1.67849370e-07 
 3.00300000e-04  1.67768203e-07 
 3.00400000e-04  1.67692200e-07 
 3.00500000e-04  1.67648499e-07 
 3.00600000e-04  1.55192022e-07 
 3.00700000e-04  1.54798073e-07 
 3.00800000e-04  1.54601709e-07 
 3.00900000e-04  1.54457619e-07 
 3.01000000e-04  1.54367424e-07 
 3.01100000e-04  1.67775741e-07 
 3.01200000e-04  1.67565411e-07 
 3.01300000e-04  1.67488928e-07 
 3.01400000e-04  1.67421358e-07 
 3.01500000e-04  1.67404182e-07 
 3.01600000e-04  1.53662249e-07 
 3.01700000e-04  1.53237163e-07 
 3.01800000e-04  1.53009340e-07 
 3.01900000e-04  1.52830763e-07 
 3.02000000e-04  1.52702956e-07 
 3.02100000e-04  1.69684134e-07 
 3.02200000e-04  1.69294688e-07 
 3.02300000e-04  1.69156043e-07 
 3.02400000e-04  1.69034089e-07 
 3.02500000e-04  1.68994065e-07 
 3.02600000e-04  1.59109643e-07 
 3.02700000e-04  1.58712509e-07 
 3.02800000e-04  1.58526849e-07 
 3.02900000e-04  1.58397451e-07 
 3.03000000e-04  1.58326062e-07 
 3.03100000e-04  1.67367030e-07 
 3.03200000e-04  1.67089183e-07 
 3.03300000e-04  1.66989441e-07 
 3.03400000e-04  1.66901149e-07 
 3.03500000e-04  1.66849911e-07 
 3.03600000e-04  1.53214432e-07 
 3.03700000e-04  1.52707477e-07 
 3.03800000e-04  1.52451324e-07 
 3.03900000e-04  1.52256671e-07 
 3.04000000e-04  1.52125427e-07 
 3.04100000e-04  1.68040772e-07 
 3.04200000e-04  1.67857023e-07 
 3.04300000e-04  1.67774928e-07 
 3.04400000e-04  1.67700208e-07 
 3.04500000e-04  1.67658072e-07 
 3.04600000e-04  1.55196454e-07 
 3.04700000e-04  1.54794221e-07 
 3.04800000e-04  1.54594340e-07 
 3.04900000e-04  1.54456598e-07 
 3.05000000e-04  1.54382922e-07 
 3.05100000e-04  1.67799941e-07 
 3.05200000e-04  1.67582735e-07 
 3.05300000e-04  1.67500783e-07 
 3.05400000e-04  1.67428493e-07 
 3.05500000e-04  1.67401024e-07 
 3.05600000e-04  1.53678416e-07 
 3.05700000e-04  1.53256770e-07 
 3.05800000e-04  1.53012186e-07 
 3.05900000e-04  1.52829127e-07 
 3.06000000e-04  1.52709502e-07 
 3.06100000e-04  1.69155415e-07 
 3.06200000e-04  1.68868553e-07 
 3.06300000e-04  1.68762145e-07 
 3.06400000e-04  1.68667972e-07 
 3.06500000e-04  1.68625376e-07 
 3.06600000e-04  1.57427829e-07 
 3.06700000e-04  1.57049467e-07 
 3.06800000e-04  1.56859452e-07 
 3.06900000e-04  1.56727111e-07 
 3.07000000e-04  1.56654233e-07 
 3.07100000e-04  1.67865894e-07 
 3.07200000e-04  1.67615876e-07 
 3.07300000e-04  1.67531169e-07 
 3.07400000e-04  1.67457261e-07 
 3.07500000e-04  1.67433579e-07 
 3.07600000e-04  1.53723713e-07 
 3.07700000e-04  1.53268970e-07 
 3.07800000e-04  1.53016354e-07 
 3.07900000e-04  1.52828901e-07 
 3.08000000e-04  1.52708635e-07 
 3.08100000e-04  1.68641079e-07 
 3.08200000e-04  1.68457441e-07 
 3.08300000e-04  1.68378790e-07 
 3.08400000e-04  1.68307852e-07 
 3.08500000e-04  1.68281724e-07 
 3.08600000e-04  1.55764768e-07 
 3.08700000e-04  1.55393995e-07 
 3.08800000e-04  1.55191282e-07 
 3.08900000e-04  1.55049404e-07 
 3.09000000e-04  1.54970243e-07 
 3.09100000e-04  1.68415581e-07 
 3.09200000e-04  1.68175738e-07 
 3.09300000e-04  1.68105611e-07 
 3.09400000e-04  1.68048262e-07 
 3.09500000e-04  1.68009749e-07 
 3.09600000e-04  1.54249130e-07 
 3.09700000e-04  1.53827648e-07 
 3.09800000e-04  1.53604931e-07 
 3.09900000e-04  1.53430299e-07 
 3.10000000e-04  1.53305235e-07 
 3.10100000e-04  1.70845244e-07 
 3.10200000e-04  1.70326442e-07 
 3.10300000e-04  1.70169349e-07 
 3.10400000e-04  1.70037015e-07 
 3.10500000e-04  1.69978418e-07 
 3.10600000e-04  1.61347918e-07 
 3.10700000e-04  1.60969874e-07 
 3.10800000e-04  1.60775188e-07 
 3.10900000e-04  1.60655814e-07 
 3.11000000e-04  1.60614093e-07 
 3.11100000e-04  1.67651643e-07 
 3.11200000e-04  1.67273114e-07 
 3.11300000e-04  1.67129147e-07 
 3.11400000e-04  1.67000426e-07 
 3.11500000e-04  1.66951355e-07 
 3.11600000e-04  1.53323323e-07 
 3.11700000e-04  1.52760069e-07 
 3.11800000e-04  1.52497660e-07 
 3.11900000e-04  1.52298810e-07 
 3.12000000e-04  1.52165489e-07 
 3.12100000e-04  1.68066060e-07 
 3.12200000e-04  1.67886897e-07 
 3.12300000e-04  1.67807628e-07 
 3.12400000e-04  1.67735179e-07 
 3.12500000e-04  1.67697862e-07 
 3.12600000e-04  1.55206188e-07 
 3.12700000e-04  1.54808300e-07 
 3.12800000e-04  1.54617541e-07 
 3.12900000e-04  1.54475058e-07 
 3.13000000e-04  1.54382331e-07 
 3.13100000e-04  1.67794658e-07 
 3.13200000e-04  1.67590726e-07 
 3.13300000e-04  1.67512925e-07 
 3.13400000e-04  1.67443452e-07 
 3.13500000e-04  1.67419331e-07 
 3.13600000e-04  1.53690291e-07 
 3.13700000e-04  1.53265528e-07 
 3.13800000e-04  1.53024358e-07 
 3.13900000e-04  1.52840188e-07 
 3.14000000e-04  1.52714778e-07 
 3.14100000e-04  1.69163974e-07 
 3.14200000e-04  1.68884776e-07 
 3.14300000e-04  1.68781933e-07 
 3.14400000e-04  1.68690856e-07 
 3.14500000e-04  1.68631116e-07 
 3.14600000e-04  1.57424969e-07 
 3.14700000e-04  1.57054802e-07 
 3.14800000e-04  1.56858790e-07 
 3.14900000e-04  1.56722056e-07 
 3.15000000e-04  1.56646372e-07 
 3.15100000e-04  1.69805237e-07 
 3.15200000e-04  1.69152745e-07 
 3.15300000e-04  1.68933358e-07 
 3.15400000e-04  1.68832443e-07 
 3.15500000e-04  1.68769810e-07 
 3.15600000e-04  1.54583415e-07 
 3.15700000e-04  1.53964904e-07 
 3.15800000e-04  1.53689132e-07 
 3.15900000e-04  1.53488547e-07 
 3.16000000e-04  1.53364706e-07 
 3.16100000e-04  1.03755566e-04 
 3.16200000e-04  1.03755201e-04 
 3.16300000e-04  1.03755081e-04 
 3.16400000e-04  1.03754976e-04 
 3.16500000e-04  1.03754927e-04 
 3.16600000e-04  1.03742423e-04 
 3.16700000e-04  1.03742024e-04 
 3.16800000e-04  1.03741821e-04 
 3.16900000e-04  1.03741678e-04 
 3.17000000e-04  1.03741597e-04 
 3.17100000e-04  1.69551782e-07 
 3.17200000e-04  1.69298559e-07 
 3.17300000e-04  1.69218042e-07 
 3.17400000e-04  1.69149283e-07 
 3.17500000e-04  1.69123533e-07 
 3.17600000e-04  1.55364321e-07 
 3.17700000e-04  1.54925512e-07 
 3.17800000e-04  1.54685144e-07 
 3.17900000e-04  1.54511817e-07 
 3.18000000e-04  1.54407603e-07 
 3.18100000e-04  1.71459092e-07 
 3.18200000e-04  1.71064082e-07 
 3.18300000e-04  1.70926561e-07 
 3.18400000e-04  1.70805959e-07 
 3.18500000e-04  1.70754398e-07 
 3.18600000e-04  1.60770239e-07 
 3.18700000e-04  1.60403579e-07 
 3.18800000e-04  1.60208892e-07 
 3.18900000e-04  1.60078018e-07 
 3.19000000e-04  1.60012927e-07 
 3.19100000e-04  1.69146992e-07 
 3.19200000e-04  1.68846959e-07 
 3.19300000e-04  1.68747287e-07 
 3.19400000e-04  1.68661000e-07 
 3.19500000e-04  1.68613879e-07 
 3.19600000e-04  1.54886807e-07 
 3.19700000e-04  1.54362835e-07 
 3.19800000e-04  1.54119175e-07 
 3.19900000e-04  1.53939642e-07 
 3.20000000e-04  1.53826214e-07 
 3.20100000e-04  1.69820999e-07 
 3.20200000e-04  1.69639204e-07 
 3.20300000e-04  1.69547689e-07 
 3.20400000e-04  1.69462178e-07 
 3.20500000e-04  1.69411163e-07 
 3.20600000e-04  1.56852534e-07 
 3.20700000e-04  1.56479684e-07 
 3.20800000e-04  1.56287162e-07 
 3.20900000e-04  1.56150819e-07 
 3.21000000e-04  1.56072382e-07 
 3.21100000e-04  1.69568856e-07 
 3.21200000e-04  1.69334576e-07 
 3.21300000e-04  1.69259619e-07 
 3.21400000e-04  1.69196421e-07 
 3.21500000e-04  1.69157132e-07 
 3.21600000e-04  1.55337775e-07 
 3.21700000e-04  1.54919423e-07 
 3.21800000e-04  1.54690339e-07 
 3.21900000e-04  1.54517362e-07 
 3.22000000e-04  1.54402212e-07 
 3.22100000e-04  1.70948565e-07 
 3.22200000e-04  1.70636732e-07 
 3.22300000e-04  1.70531040e-07 
 3.22400000e-04  1.70440089e-07 
 3.22500000e-04  1.70378475e-07 
 3.22600000e-04  1.59089779e-07 
 3.22700000e-04  1.58715361e-07 
 3.22800000e-04  1.58532335e-07 
 3.22900000e-04  1.58404818e-07 
 3.23000000e-04  1.58334515e-07 
 3.23100000e-04  1.69637620e-07 
 3.23200000e-04  1.69391156e-07 
 3.23300000e-04  1.69293492e-07 
 3.23400000e-04  1.69204898e-07 
 3.23500000e-04  1.69180508e-07 
 3.23600000e-04  1.55391746e-07 
 3.23700000e-04  1.54926622e-07 
 3.23800000e-04  1.54687082e-07 
 3.23900000e-04  1.54508939e-07 
 3.24000000e-04  1.54394080e-07 
 3.24100000e-04  1.70404814e-07 
 3.24200000e-04  1.70227703e-07 
 3.24300000e-04  1.70144601e-07 
 3.24400000e-04  1.70067517e-07 
 3.24500000e-04  1.70023481e-07 
 3.24600000e-04  1.57436342e-07 
 3.24700000e-04  1.57059799e-07 
 3.24800000e-04  1.56870824e-07 
 3.24900000e-04  1.56733028e-07 
 3.25000000e-04  1.56647973e-07 
 3.25100000e-04  1.70175101e-07 
 3.25200000e-04  1.69960388e-07 
 3.25300000e-04  1.69867759e-07 
 3.25400000e-04  1.69783247e-07 
 3.25500000e-04  1.69752654e-07 
 3.25600000e-04  1.55906433e-07 
 3.25700000e-04  1.55497177e-07 
 3.25800000e-04  1.55270116e-07 
 3.25900000e-04  1.55096337e-07 
 3.26000000e-04  1.54977469e-07 
 3.26100000e-04  1.73673947e-07 
 3.26200000e-04  1.72942106e-07 
 3.26300000e-04  1.72723298e-07 
 3.26400000e-04  1.72538356e-07 
 3.26500000e-04  1.72452645e-07 
 3.26600000e-04  1.66329961e-07 
 3.26700000e-04  1.65940295e-07 
 3.26800000e-04  1.65774615e-07 
 3.26900000e-04  1.65676714e-07 
 3.27000000e-04  1.65648682e-07 
 3.27100000e-04  1.68950592e-07 
 3.27200000e-04  1.68001689e-07 
 3.27300000e-04  1.67759263e-07 
 3.27400000e-04  1.67562209e-07 
 3.27500000e-04  1.67467093e-07 
 3.27600000e-04  1.53886432e-07 
 3.27700000e-04  1.53253329e-07 
 3.27800000e-04  1.52976537e-07 
 3.27900000e-04  1.52773526e-07 
 3.28000000e-04  1.52646571e-07 
 3.28100000e-04  1.68597068e-07 
 3.28200000e-04  1.68419929e-07 
 3.28300000e-04  1.68328205e-07 
 3.28400000e-04  1.68242215e-07 
 3.28500000e-04  1.68206594e-07 
 3.28600000e-04  1.55684320e-07 
 3.28700000e-04  1.55291266e-07 
 3.28800000e-04  1.55098431e-07 
 3.28900000e-04  1.54957394e-07 
 3.29000000e-04  1.54869737e-07 
 3.29100000e-04  1.68323698e-07 
 3.29200000e-04  1.68096837e-07 
 3.29300000e-04  1.68019418e-07 
 3.29400000e-04  1.67952642e-07 
 3.29500000e-04  1.67915656e-07 
 3.29600000e-04  1.54169083e-07 
 3.29700000e-04  1.53736529e-07 
 3.29800000e-04  1.53501172e-07 
 3.29900000e-04  1.53322859e-07 
 3.30000000e-04  1.53203333e-07 
 3.30100000e-04  1.69701545e-07 
 3.30200000e-04  1.69404606e-07 
 3.30300000e-04  1.69296917e-07 
 3.30400000e-04  1.69202288e-07 
 3.30500000e-04  1.69163929e-07 
 3.30600000e-04  1.57923168e-07 
 3.30700000e-04  1.57545145e-07 
 3.30800000e-04  1.57351550e-07 
 3.30900000e-04  1.57218020e-07 
 3.31000000e-04  1.57146388e-07 
 3.31100000e-04  1.68387451e-07 
 3.31200000e-04  1.68129240e-07 
 3.31300000e-04  1.68038530e-07 
 3.31400000e-04  1.67959084e-07 
 3.31500000e-04  1.67940924e-07 
 3.31600000e-04  1.54206353e-07 
 3.31700000e-04  1.53736780e-07 
 3.31800000e-04  1.53503269e-07 
 3.31900000e-04  1.53327384e-07 
 3.32000000e-04  1.53210891e-07 
 3.32100000e-04  1.69155594e-07 
 3.32200000e-04  1.68976950e-07 
 3.32300000e-04  1.68898458e-07 
 3.32400000e-04  1.68826731e-07 
 3.32500000e-04  1.68788387e-07 
 3.32600000e-04  1.56250225e-07 
 3.32700000e-04  1.55864414e-07 
 3.32800000e-04  1.55670963e-07 
 3.32900000e-04  1.55529720e-07 
 3.33000000e-04  1.55442271e-07 
 3.33100000e-04  1.68917934e-07 
 3.33200000e-04  1.68711121e-07 
 3.33300000e-04  1.68634407e-07 
 3.33400000e-04  1.68566560e-07 
 3.33500000e-04  1.68520733e-07 
 3.33600000e-04  1.54742400e-07 
 3.33700000e-04  1.54306296e-07 
 3.33800000e-04  1.54081009e-07 
 3.33900000e-04  1.53910144e-07 
 3.34000000e-04  1.53795359e-07 
 3.34100000e-04  1.70829836e-07 
 3.34200000e-04  1.70424087e-07 
 3.34300000e-04  1.70293965e-07 
 3.34400000e-04  1.70182658e-07 
 3.34500000e-04  1.70119740e-07 
 3.34600000e-04  1.60168907e-07 
 3.34700000e-04  1.59776089e-07 
 3.34800000e-04  1.59586992e-07 
 3.34900000e-04  1.59465499e-07 
 3.35000000e-04  1.59413682e-07 
 3.35100000e-04  1.68502318e-07 
 3.35200000e-04  1.68207382e-07 
 3.35300000e-04  1.68104894e-07 
 3.35400000e-04  1.68014886e-07 
 3.35500000e-04  1.67986210e-07 
 3.35600000e-04  1.54277820e-07 
 3.35700000e-04  1.53785398e-07 
 3.35800000e-04  1.53531483e-07 
 3.35900000e-04  1.53344483e-07 
 3.36000000e-04  1.53226377e-07 
 3.36100000e-04  1.71108436e-07 
 3.36200000e-04  1.70579626e-07 
 3.36300000e-04  1.70400686e-07 
 3.36400000e-04  1.70325319e-07 
 3.36500000e-04  1.70283419e-07 
 3.36600000e-04  1.57263656e-07 
 3.36700000e-04  1.56737116e-07 
 3.36800000e-04  1.56487520e-07 
 3.36900000e-04  1.56300953e-07 
 3.37000000e-04  1.56178693e-07 
 3.37100000e-04  1.03755850e-04 
 3.37200000e-04  1.03755435e-04 
 3.37300000e-04  1.03755321e-04 
 3.37400000e-04  1.03755227e-04 
 3.37500000e-04  1.03755171e-04 
 3.37600000e-04  1.03741402e-04 
 3.37700000e-04  1.03740961e-04 
 3.37800000e-04  1.03740726e-04 
 3.37900000e-04  1.03740546e-04 
 3.38000000e-04  1.03740422e-04 
 3.38100000e-04  1.71472581e-07 
 3.38200000e-04  1.71120924e-07 
 3.38300000e-04  1.71003838e-07 
 3.38400000e-04  1.70903339e-07 
 3.38500000e-04  1.70868974e-07 
 3.38600000e-04  1.59580046e-07 
 3.38700000e-04  1.59199611e-07 
 3.38800000e-04  1.59016987e-07 
 3.38900000e-04  1.58889268e-07 
 3.39000000e-04  1.58818123e-07 
 3.39100000e-04  1.70153746e-07 
 3.39200000e-04  1.69897597e-07 
 3.39300000e-04  1.69801675e-07 
 3.39400000e-04  1.69716355e-07 
 3.39500000e-04  1.69691575e-07 
 3.39600000e-04  1.55871154e-07 
 3.39700000e-04  1.55424435e-07 
 3.39800000e-04  1.55185845e-07 
 3.39900000e-04  1.55009598e-07 
 3.40000000e-04  1.54897595e-07 
 3.40100000e-04  1.70932332e-07 
 3.40200000e-04  1.70734531e-07 
 3.40300000e-04  1.70644104e-07 
 3.40400000e-04  1.70561508e-07 
 3.40500000e-04  1.70524808e-07 
 3.40600000e-04  1.57917513e-07 
 3.40700000e-04  1.57555051e-07 
 3.40800000e-04  1.57355949e-07 
 3.40900000e-04  1.57219951e-07 
 3.41000000e-04  1.57148985e-07 
 3.41100000e-04  1.70700547e-07 
 3.41200000e-04  1.70466852e-07 
 3.41300000e-04  1.70386071e-07 
 3.41400000e-04  1.70316443e-07 
 3.41500000e-04  1.70285452e-07 
 3.41600000e-04  1.56389843e-07 
 3.41700000e-04  1.55982889e-07 
 3.41800000e-04  1.55761794e-07 
 3.41900000e-04  1.55595638e-07 
 3.42000000e-04  1.55486083e-07 
 3.42100000e-04  1.73129460e-07 
 3.42200000e-04  1.72609621e-07 
 3.42300000e-04  1.72446098e-07 
 3.42400000e-04  1.72306705e-07 
 3.42500000e-04  1.72236769e-07 
 3.42600000e-04  1.63485487e-07 
 3.42700000e-04  1.63109298e-07 
 3.42800000e-04  1.62940141e-07 
 3.42900000e-04  1.62830956e-07 
 3.43000000e-04  1.62783568e-07 
 3.43100000e-04  1.69947250e-07 
 3.43200000e-04  1.69544156e-07 
 3.43300000e-04  1.69391655e-07 
 3.43400000e-04  1.69255899e-07 
 3.43500000e-04  1.69204153e-07 
 3.43600000e-04  1.55456539e-07 
 3.43700000e-04  1.54897918e-07 
 3.43800000e-04  1.54640881e-07 
 3.43900000e-04  1.54452890e-07 
 3.44000000e-04  1.54336055e-07 
 3.44100000e-04  1.70367677e-07 
 3.44200000e-04  1.70162049e-07 
 3.44300000e-04  1.70069289e-07 
 3.44400000e-04  1.69984847e-07 
 3.44500000e-04  1.69943811e-07 
 3.44600000e-04  1.57338380e-07 
 3.44700000e-04  1.56973898e-07 
 3.44800000e-04  1.56774548e-07 
 3.44900000e-04  1.56633282e-07 
 3.45000000e-04  1.56551863e-07 
 3.45100000e-04  1.70085695e-07 
 3.45200000e-04  1.69847815e-07 
 3.45300000e-04  1.69769430e-07 
 3.45400000e-04  1.69702818e-07 
 3.45500000e-04  1.69673430e-07 
 3.45600000e-04  1.55827630e-07 
 3.45700000e-04  1.55394700e-07 
 3.45800000e-04  1.55176867e-07 
 3.45900000e-04  1.55005299e-07 
 3.46000000e-04  1.54881382e-07 
 3.46100000e-04  1.71453131e-07 
 3.46200000e-04  1.71169178e-07 
 3.46300000e-04  1.71051831e-07 
 3.46400000e-04  1.70945370e-07 
 3.46500000e-04  1.70890940e-07 
 3.46600000e-04  1.59577411e-07 
 3.46700000e-04  1.59201820e-07 
 3.46800000e-04  1.59018842e-07 
 3.46900000e-04  1.58886150e-07 
 3.47000000e-04  1.58805259e-07 
 3.47100000e-04  1.70154304e-07 
 3.47200000e-04  1.69885377e-07 
 3.47300000e-04  1.69799235e-07 
 3.47400000e-04  1.69725614e-07 
 3.47500000e-04  1.69677159e-07 
 3.47600000e-04  1.55857634e-07 
 3.47700000e-04  1.55415349e-07 
 3.47800000e-04  1.55176984e-07 
 3.47900000e-04  1.54997190e-07 
 3.48000000e-04  1.54877741e-07 
 3.48100000e-04  1.70932119e-07 
 3.48200000e-04  1.70730492e-07 
 3.48300000e-04  1.70650378e-07 
 3.48400000e-04  1.70579274e-07 
 3.48500000e-04  1.70519421e-07 
 3.48600000e-04  1.57905787e-07 
 3.48700000e-04  1.57543739e-07 
 3.48800000e-04  1.57350350e-07 
 3.48900000e-04  1.57207985e-07 
 3.49000000e-04  1.57118180e-07 
 3.49100000e-04  1.70683716e-07 
 3.49200000e-04  1.70447669e-07 
 3.49300000e-04  1.70366011e-07 
 3.49400000e-04  1.70295667e-07 
 3.49500000e-04  1.70268399e-07 
 3.49600000e-04  1.56384476e-07 
 3.49700000e-04  1.55981630e-07 
 3.49800000e-04  1.55753208e-07 
 3.49900000e-04  1.55585425e-07 
 3.50000000e-04  1.55480119e-07 
 3.50100000e-04  1.72592641e-07 
 3.50200000e-04  1.72187148e-07 
 3.50300000e-04  1.72053950e-07 
 3.50400000e-04  1.71938696e-07 
 3.50500000e-04  1.71870899e-07 
 3.50600000e-04  1.61803842e-07 
 3.50700000e-04  1.61455049e-07 
 3.50800000e-04  1.61265250e-07 
 3.50900000e-04  1.61140502e-07 
 3.51000000e-04  1.61082777e-07 
 3.51100000e-04  1.70278484e-07 
 3.51200000e-04  1.69968712e-07 
 3.51300000e-04  1.69870452e-07 
 3.51400000e-04  1.69786659e-07 
 3.51500000e-04  1.69735063e-07 
 3.51600000e-04  1.55933833e-07 
 3.51700000e-04  1.55433539e-07 
 3.51800000e-04  1.55193203e-07 
 3.51900000e-04  1.55013828e-07 
 3.52000000e-04  1.54897261e-07 
 3.52100000e-04  1.70943561e-07 
 3.52200000e-04  1.70756249e-07 
 3.52300000e-04  1.70663164e-07 
 3.52400000e-04  1.70576441e-07 
 3.52500000e-04  1.70536679e-07 
 3.52600000e-04  1.57902608e-07 
 3.52700000e-04  1.57547115e-07 
 3.52800000e-04  1.57349643e-07 
 3.52900000e-04  1.57208916e-07 
 3.53000000e-04  1.57126644e-07 
 3.53100000e-04  1.70707155e-07 
 3.53200000e-04  1.70473607e-07 
 3.53300000e-04  1.70388002e-07 
 3.53400000e-04  1.70313204e-07 
 3.53500000e-04  1.70270624e-07 
 3.53600000e-04  1.56399883e-07 
 3.53700000e-04  1.55979018e-07 
 3.53800000e-04  1.55753603e-07 
 3.53900000e-04  1.55581389e-07 
 3.54000000e-04  1.55463972e-07 
 3.54100000e-04  1.72081856e-07 
 3.54200000e-04  1.71772410e-07 
 3.54300000e-04  1.71657103e-07 
 3.54400000e-04  1.71555288e-07 
 3.54500000e-04  1.71507180e-07 
 3.54600000e-04  1.60162771e-07 
 3.54700000e-04  1.59796134e-07 
 3.54800000e-04  1.59607728e-07 
 3.54900000e-04  1.59480081e-07 
 3.55000000e-04  1.59415029e-07 
 3.55100000e-04  1.70791480e-07 
 3.55200000e-04  1.70516454e-07 
 3.55300000e-04  1.70417184e-07 
 3.55400000e-04  1.70330262e-07 
 3.55500000e-04  1.70288793e-07 
 3.55600000e-04  1.56445990e-07 
 3.55700000e-04  1.55994748e-07 
 3.55800000e-04  1.55770178e-07 
 3.55900000e-04  1.55595154e-07 
 3.56000000e-04  1.55471161e-07 
 3.56100000e-04  1.71564006e-07 
 3.56200000e-04  1.71348047e-07 
 3.56300000e-04  1.71261791e-07 
 3.56400000e-04  1.71185876e-07 
 3.56500000e-04  1.71139319e-07 
 3.56600000e-04  1.58482896e-07 
 3.56700000e-04  1.58134569e-07 
 3.56800000e-04  1.57938741e-07 
 3.56900000e-04  1.57801886e-07 
 3.57000000e-04  1.57725788e-07 
 3.57100000e-04  1.71323392e-07 
 3.57200000e-04  1.71090221e-07 
 3.57300000e-04  1.71001069e-07 
 3.57400000e-04  1.70922454e-07 
 3.57500000e-04  1.70895815e-07 
 3.57600000e-04  1.56989487e-07 
 3.57700000e-04  1.56567855e-07 
 3.57800000e-04  1.56349325e-07 
 3.57900000e-04  1.56179916e-07 
 3.58000000e-04  1.56061096e-07 
 3.58100000e-04  1.74285126e-07 
 3.58200000e-04  1.73647574e-07 
 3.58300000e-04  1.73449245e-07 
 3.58400000e-04  1.73280582e-07 
 3.58500000e-04  1.73210781e-07 
 3.58600000e-04  1.65722834e-07 
 3.58700000e-04  1.65365474e-07 
 3.58800000e-04  1.65192003e-07 
 3.58900000e-04  1.65084400e-07 
 3.59000000e-04  1.65044661e-07 
 3.59100000e-04  1.70575116e-07 
 3.59200000e-04  1.69781626e-07 
 3.59300000e-04  1.69531370e-07 
 3.59400000e-04  1.69317414e-07 
 3.59500000e-04  1.69243288e-07 
 3.59600000e-04  1.55506084e-07 
 3.59700000e-04  1.54941944e-07 
 3.59800000e-04  1.54671432e-07 
 3.59900000e-04  1.54472157e-07 
 3.60000000e-04  1.54346287e-07 
 3.60100000e-04  1.70364227e-07 
 3.60200000e-04  1.70173694e-07 
 3.60300000e-04  1.70079937e-07 
 3.60400000e-04  1.69992394e-07 
 3.60500000e-04  1.69961649e-07 
 3.60600000e-04  1.57320415e-07 
 3.60700000e-04  1.56963256e-07 
 3.60800000e-04  1.56774808e-07 
 3.60900000e-04  1.56640600e-07 
 3.61000000e-04  1.56562260e-07 
 3.61100000e-04  1.70093828e-07 
 3.61200000e-04  1.69860073e-07 
 3.61300000e-04  1.69779643e-07 
 3.61400000e-04  1.69710264e-07 
 3.61500000e-04  1.69666501e-07 
 3.61600000e-04  1.55816548e-07 
 3.61700000e-04  1.55394939e-07 
 3.61800000e-04  1.55171282e-07 
 3.61900000e-04  1.55004158e-07 
 3.62000000e-04  1.54895265e-07 
 3.62100000e-04  1.71455979e-07 
 3.62200000e-04  1.71159458e-07 
 3.62300000e-04  1.71046146e-07 
 3.62400000e-04  1.70945082e-07 
 3.62500000e-04  1.70900364e-07 
 3.62600000e-04  1.59573915e-07 
 3.62700000e-04  1.59212260e-07 
 3.62800000e-04  1.59020465e-07 
 3.62900000e-04  1.58892373e-07 
 3.63000000e-04  1.58829909e-07 
 3.63100000e-04  1.70164659e-07 
 3.63200000e-04  1.69889753e-07 
 3.63300000e-04  1.69794301e-07 
 3.63400000e-04  1.69710900e-07 
 3.63500000e-04  1.69687807e-07 
 3.63600000e-04  1.55861234e-07 
 3.63700000e-04  1.55413867e-07 
 3.63800000e-04  1.55176911e-07 
 3.63900000e-04  1.54998886e-07 
 3.64000000e-04  1.54881562e-07 
 3.64100000e-04  1.70932919e-07 
 3.64200000e-04  1.70729980e-07 
 3.64300000e-04  1.70644385e-07 
 3.64400000e-04  1.70567694e-07 
 3.64500000e-04  1.70523842e-07 
 3.64600000e-04  1.57909605e-07 
 3.64700000e-04  1.57533078e-07 
 3.64800000e-04  1.57345155e-07 
 3.64900000e-04  1.57214454e-07 
 3.65000000e-04  1.57142690e-07 
 3.65100000e-04  1.70684856e-07 
 3.65200000e-04  1.70457102e-07 
 3.65300000e-04  1.70371724e-07 
 3.65400000e-04  1.70296274e-07 
 3.65500000e-04  1.70266700e-07 
 3.65600000e-04  1.56394236e-07 
 3.65700000e-04  1.55984676e-07 
 3.65800000e-04  1.55759372e-07 
 3.65900000e-04  1.55590855e-07 
 3.66000000e-04  1.55480828e-07 
 3.66100000e-04  1.72595429e-07 
 3.66200000e-04  1.72199254e-07 
 3.66300000e-04  1.72053669e-07 
 3.66400000e-04  1.71924551e-07 
 3.66500000e-04  1.71876320e-07 
 3.66600000e-04  1.61807643e-07 
 3.66700000e-04  1.61441341e-07 
 3.66800000e-04  1.61267840e-07 
 3.66900000e-04  1.61148632e-07 
 3.67000000e-04  1.61085339e-07 
 3.67100000e-04  1.70286961e-07 
 3.67200000e-04  1.69982390e-07 
 3.67300000e-04  1.69873704e-07 
 3.67400000e-04  1.69778298e-07 
 3.67500000e-04  1.69733003e-07 
 3.67600000e-04  1.55941370e-07 
 3.67700000e-04  1.55445160e-07 
 3.67800000e-04  1.55202860e-07 
 3.67900000e-04  1.55016441e-07 
 3.68000000e-04  1.54887474e-07 
 3.68100000e-04  1.72887235e-07 
 3.68200000e-04  1.72348437e-07 
 3.68300000e-04  1.72163527e-07 
 3.68400000e-04  1.72080296e-07 
 3.68500000e-04  1.72029919e-07 
 3.68600000e-04  1.58929492e-07 
 3.68700000e-04  1.58406867e-07 
 3.68800000e-04  1.58156903e-07 
 3.68900000e-04  1.57976559e-07 
 3.69000000e-04  1.57867220e-07 
 3.69100000e-04  1.03757646e-04 
 3.69200000e-04  1.03757214e-04 
 3.69300000e-04  1.03757084e-04 
 3.69400000e-04  1.03756976e-04 
 3.69500000e-04  1.03756933e-04 
 3.69600000e-04  1.03743059e-04 
 3.69700000e-04  1.03742624e-04 
 3.69800000e-04  1.03742394e-04 
 3.69900000e-04  1.03742223e-04 
 3.70000000e-04  1.03742115e-04 
 3.70100000e-04  1.73230899e-07 
 3.70200000e-04  1.72897757e-07 
 3.70300000e-04  1.72767828e-07 
 3.70400000e-04  1.72651330e-07 
 3.70500000e-04  1.72618598e-07 
 3.70600000e-04  1.61248801e-07 
 3.70700000e-04  1.60868342e-07 
 3.70800000e-04  1.60689717e-07 
 3.70900000e-04  1.60567925e-07 
 3.71000000e-04  1.60504662e-07 
 3.71100000e-04  1.71936217e-07 
 3.71200000e-04  1.71663007e-07 
 3.71300000e-04  1.71567080e-07 
 3.71400000e-04  1.71483348e-07 
 3.71500000e-04  1.71439651e-07 
 3.71600000e-04  1.57523752e-07 
 3.71700000e-04  1.57076213e-07 
 3.71800000e-04  1.56861397e-07 
 3.71900000e-04  1.56692063e-07 
 3.72000000e-04  1.56569442e-07 
 3.72100000e-04  1.74656586e-07 
 3.72200000e-04  1.74102849e-07 
 3.72300000e-04  1.73914396e-07 
 3.72400000e-04  1.73823525e-07 
 3.72500000e-04  1.73764184e-07 
 3.72600000e-04  1.60599981e-07 
 3.72700000e-04  1.60062545e-07 
 3.72800000e-04  1.59824880e-07 
 3.72900000e-04  1.59650365e-07 
 3.73000000e-04  1.59540242e-07 
 3.73100000e-04  1.03759419e-04 
 3.73200000e-04  1.03758987e-04 
 3.73300000e-04  1.03758848e-04 
 3.73400000e-04  1.03758728e-04 
 3.73500000e-04  1.03758690e-04 
 3.73600000e-04  1.03744730e-04 
 3.73700000e-04  1.03744321e-04 
 3.73800000e-04  1.03744095e-04 
 3.73900000e-04  1.03743926e-04 
 3.74000000e-04  1.03743815e-04 
 3.74100000e-04  1.76076689e-07 
 3.74200000e-04  1.75504661e-07 
 3.74300000e-04  1.75317311e-07 
 3.74400000e-04  1.75155980e-07 
 3.74500000e-04  1.75093385e-07 
 3.74600000e-04  1.66247055e-07 
 3.74700000e-04  1.65864203e-07 
 3.74800000e-04  1.65700590e-07 
 3.74900000e-04  1.65596176e-07 
 3.75000000e-04  1.65552732e-07 
 3.75100000e-04  1.72873472e-07 
 3.75200000e-04  1.72457148e-07 
 3.75300000e-04  1.72292573e-07 
 3.75400000e-04  1.72144764e-07 
 3.75500000e-04  1.72088998e-07 
 3.75600000e-04  1.58185283e-07 
 3.75700000e-04  1.57678925e-07 
 3.75800000e-04  1.57419894e-07 
 3.75900000e-04  1.57229782e-07 
 3.76000000e-04  1.57110666e-07 
 3.76100000e-04  1.73277722e-07 
 3.76200000e-04  1.73069954e-07 
 3.76300000e-04  1.72969698e-07 
 3.76400000e-04  1.72876992e-07 
 3.76500000e-04  1.72829269e-07 
 3.76600000e-04  1.60056814e-07 
 3.76700000e-04  1.59725939e-07 
 3.76800000e-04  1.59541376e-07 
 3.76900000e-04  1.59409421e-07 
 3.77000000e-04  1.59331632e-07 
 3.77100000e-04  1.73022723e-07 
 3.77200000e-04  1.72767529e-07 
 3.77300000e-04  1.72676746e-07 
 3.77400000e-04  1.72598155e-07 
 3.77500000e-04  1.72553168e-07 
 3.77600000e-04  1.58552173e-07 
 3.77700000e-04  1.58145877e-07 
 3.77800000e-04  1.57927332e-07 
 3.77900000e-04  1.57761564e-07 
 3.78000000e-04  1.57650135e-07 
 3.78100000e-04  1.74389080e-07 
 3.78200000e-04  1.74072373e-07 
 3.78300000e-04  1.73944338e-07 
 3.78400000e-04  1.73829638e-07 
 3.78500000e-04  1.73779500e-07 
 3.78600000e-04  1.62291817e-07 
 3.78700000e-04  1.61952864e-07 
 3.78800000e-04  1.61768856e-07 
 3.78900000e-04  1.61650088e-07 
 3.79000000e-04  1.61598518e-07 
 3.79100000e-04  1.73083204e-07 
 3.79200000e-04  1.72804863e-07 
 3.79300000e-04  1.72706106e-07 
 3.79400000e-04  1.72619342e-07 
 3.79500000e-04  1.72579363e-07 
 3.79600000e-04  1.58592904e-07 
 3.79700000e-04  1.58153992e-07 
 3.79800000e-04  1.57933551e-07 
 3.79900000e-04  1.57764797e-07 
 3.80000000e-04  1.57649259e-07 
 3.80100000e-04  1.73856034e-07 
 3.80200000e-04  1.73631251e-07 
 3.80300000e-04  1.73535163e-07 
 3.80400000e-04  1.73449111e-07 
 3.80500000e-04  1.73416753e-07 
 3.80600000e-04  1.60634949e-07 
 3.80700000e-04  1.60281203e-07 
 3.80800000e-04  1.60098436e-07 
 3.80900000e-04  1.59970830e-07 
 3.81000000e-04  1.59900022e-07 
 3.81100000e-04  1.73615511e-07 
 3.81200000e-04  1.73362487e-07 
 3.81300000e-04  1.73276198e-07 
 3.81400000e-04  1.73202371e-07 
 3.81500000e-04  1.73160230e-07 
 3.81600000e-04  1.59116463e-07 
 3.81700000e-04  1.58709809e-07 
 3.81800000e-04  1.58507243e-07 
 3.81900000e-04  1.58348302e-07 
 3.82000000e-04  1.58234254e-07 
 3.82100000e-04  1.75527226e-07 
 3.82200000e-04  1.75095068e-07 
 3.82300000e-04  1.74943033e-07 
 3.82400000e-04  1.74810131e-07 
 3.82500000e-04  1.74751837e-07 
 3.82600000e-04  1.64541538e-07 
 3.82700000e-04  1.64182367e-07 
 3.82800000e-04  1.64022323e-07 
 3.82900000e-04  1.63911305e-07 
 3.83000000e-04  1.63850752e-07 
 3.83100000e-04  1.73210692e-07 
 3.83200000e-04  1.72878295e-07 
 3.83300000e-04  1.72764911e-07 
 3.83400000e-04  1.72666507e-07 
 3.83500000e-04  1.72612942e-07 
 3.83600000e-04  1.58664674e-07 
 3.83700000e-04  1.58186230e-07 
 3.83800000e-04  1.57951106e-07 
 3.83900000e-04  1.57775376e-07 
 3.84000000e-04  1.57660805e-07 
 3.84100000e-04  1.73858861e-07 
 3.84200000e-04  1.73654472e-07 
 3.84300000e-04  1.73563898e-07 
 3.84400000e-04  1.73481400e-07 
 3.84500000e-04  1.73410767e-07 
 3.84600000e-04  1.60631291e-07 
 3.84700000e-04  1.60279534e-07 
 3.84800000e-04  1.60100523e-07 
 3.84900000e-04  1.59975868e-07 
 3.85000000e-04  1.59907172e-07 
 3.85100000e-04  1.73622131e-07 
 3.85200000e-04  1.73368975e-07 
 3.85300000e-04  1.73279741e-07 
 3.85400000e-04  1.73202961e-07 
 3.85500000e-04  1.73165066e-07 
 3.85600000e-04  1.59112632e-07 
 3.85700000e-04  1.58724638e-07 
 3.85800000e-04  1.58517148e-07 
 3.85900000e-04  1.58352227e-07 
 3.86000000e-04  1.58231106e-07 
 3.86100000e-04  1.75001616e-07 
 3.86200000e-04  1.74680396e-07 
 3.86300000e-04  1.74549607e-07 
 3.86400000e-04  1.74432270e-07 
 3.86500000e-04  1.74387877e-07 
 3.86600000e-04  1.62885543e-07 
 3.86700000e-04  1.62532081e-07 
 3.86800000e-04  1.62358597e-07 
 3.86900000e-04  1.62243847e-07 
 3.87000000e-04  1.62189577e-07 
 3.87100000e-04  1.73686168e-07 
 3.87200000e-04  1.73409538e-07 
 3.87300000e-04  1.73309440e-07 
 3.87400000e-04  1.73220985e-07 
 3.87500000e-04  1.73180090e-07 
 3.87600000e-04  1.59167631e-07 
 3.87700000e-04  1.58743944e-07 
 3.87800000e-04  1.58515542e-07 
 3.87900000e-04  1.58347714e-07 
 3.88000000e-04  1.58242260e-07 
 3.88100000e-04  1.74468764e-07 
 3.88200000e-04  1.74243863e-07 
 3.88300000e-04  1.74145606e-07 
 3.88400000e-04  1.74056787e-07 
 3.88500000e-04  1.74018732e-07 
 3.88600000e-04  1.61209872e-07 
 3.88700000e-04  1.60867819e-07 
 3.88800000e-04  1.60694722e-07 
 3.88900000e-04  1.60569660e-07 
 3.89000000e-04  1.60494032e-07 
 3.89100000e-04  1.74226930e-07 
 3.89200000e-04  1.73981263e-07 
 3.89300000e-04  1.73888833e-07 
 3.89400000e-04  1.73806979e-07 
 3.89500000e-04  1.73769036e-07 
 3.89600000e-04  1.59712715e-07 
 3.89700000e-04  1.59302636e-07 
 3.89800000e-04  1.59102364e-07 
 3.89900000e-04  1.58940702e-07 
 3.90000000e-04  1.58818755e-07 
 3.90100000e-04  1.78262715e-07 
 3.90200000e-04  1.77401044e-07 
 3.90300000e-04  1.77141505e-07 
 3.90400000e-04  1.76922367e-07 
 3.90500000e-04  1.76812388e-07 
 3.90600000e-04  1.71771333e-07 
 3.90700000e-04  1.71411052e-07 
 3.90800000e-04  1.71267657e-07 
 3.90900000e-04  1.71194155e-07 
 3.91000000e-04  1.71192639e-07 
 3.91100000e-04  1.72462334e-07 
 3.91200000e-04  1.71470750e-07 
 3.91300000e-04  1.71205542e-07 
 3.91400000e-04  1.70986373e-07 
 3.91500000e-04  1.70884614e-07 
 3.91600000e-04  1.57129680e-07 
 3.91700000e-04  1.56490749e-07 
 3.91800000e-04  1.56228082e-07 
 3.91900000e-04  1.56028775e-07 
 3.92000000e-04  1.55894714e-07 
 3.92100000e-04  1.72039902e-07 
 3.92200000e-04  1.71827898e-07 
 3.92300000e-04  1.71730029e-07 
 3.92400000e-04  1.71640588e-07 
 3.92500000e-04  1.71610429e-07 
 3.92600000e-04  1.58867210e-07 
 3.92700000e-04  1.58528081e-07 
 3.92800000e-04  1.58345831e-07 
 3.92900000e-04  1.58216699e-07 
 3.93000000e-04  1.58142246e-07 
 3.93100000e-04  1.71762540e-07 
 3.93200000e-04  1.71525227e-07 
 3.93300000e-04  1.71429920e-07 
 3.93400000e-04  1.71344447e-07 
 3.93500000e-04  1.71314188e-07 
 3.93600000e-04  1.57354183e-07 
 3.93700000e-04  1.56958086e-07 
 3.93800000e-04  1.56735970e-07 
 3.93900000e-04  1.56571581e-07 
 3.94000000e-04  1.56466623e-07 
 3.94100000e-04  1.73127221e-07 
 3.94200000e-04  1.72812133e-07 
 3.94300000e-04  1.72693824e-07 
 3.94400000e-04  1.72589086e-07 
 3.94500000e-04  1.72540532e-07 
 3.94600000e-04  1.61130323e-07 
 3.94700000e-04  1.60755639e-07 
 3.94800000e-04  1.60581431e-07 
 3.94900000e-04  1.60458540e-07 
 3.95000000e-04  1.60388465e-07 
 3.95100000e-04  1.71830603e-07 
 3.95200000e-04  1.71555366e-07 
 3.95300000e-04  1.71447605e-07 
 3.95400000e-04  1.71351044e-07 
 3.95500000e-04  1.71323865e-07 
 3.95600000e-04  1.57404038e-07 
 3.95700000e-04  1.56967841e-07 
 3.95800000e-04  1.56730599e-07 
 3.95900000e-04  1.56560170e-07 
 3.96000000e-04  1.56458546e-07 
 3.96100000e-04  1.72600846e-07 
 3.96200000e-04  1.72400501e-07 
 3.96300000e-04  1.72301080e-07 
 3.96400000e-04  1.72208670e-07 
 3.96500000e-04  1.72174663e-07 
 3.96600000e-04  1.59450584e-07 
 3.96700000e-04  1.59080143e-07 
 3.96800000e-04  1.58909836e-07 
 3.96900000e-04  1.58787383e-07 
 3.97000000e-04  1.58714171e-07 
 3.97100000e-04  1.72348339e-07 
 3.97200000e-04  1.72107164e-07 
 3.97300000e-04  1.72023419e-07 
 3.97400000e-04  1.71951136e-07 
 3.97500000e-04  1.71920558e-07 
 3.97600000e-04  1.57929026e-07 
 3.97700000e-04  1.57527402e-07 
 3.97800000e-04  1.57311856e-07 
 3.97900000e-04  1.57148069e-07 
 3.98000000e-04  1.57037549e-07 
 3.98100000e-04  1.74272214e-07 
 3.98200000e-04  1.73836172e-07 
 3.98300000e-04  1.73695692e-07 
 3.98400000e-04  1.73576186e-07 
 3.98500000e-04  1.73519681e-07 
 3.98600000e-04  1.63356532e-07 
 3.98700000e-04  1.63000261e-07 
 3.98800000e-04  1.62826948e-07 
 3.98900000e-04  1.62717668e-07 
 3.99000000e-04  1.62674322e-07 
 3.99100000e-04  1.71938726e-07 
 3.99200000e-04  1.71619494e-07 
 3.99300000e-04  1.71507384e-07 
 3.99400000e-04  1.71409306e-07 
 3.99500000e-04  1.71363032e-07 
 3.99600000e-04  1.57487109e-07 
 3.99700000e-04  1.56997034e-07 
 3.99800000e-04  1.56754251e-07 
 3.99900000e-04  1.56577695e-07 
 4.00000000e-04  1.56469332e-07 
 4.00100000e-04  1.72606306e-07 
 4.00200000e-04  1.72400764e-07 
 4.00300000e-04  1.72304406e-07 
 4.00400000e-04  1.72215720e-07 
 4.00500000e-04  1.72184711e-07 
 4.00600000e-04  1.59447278e-07 
 4.00700000e-04  1.59097231e-07 
 4.00800000e-04  1.58906082e-07 
 4.00900000e-04  1.58773013e-07 
 4.01000000e-04  1.58699734e-07 
 4.01100000e-04  1.72357839e-07 
 4.01200000e-04  1.72107535e-07 
 4.01300000e-04  1.72024096e-07 
 4.01400000e-04  1.71953121e-07 
 4.01500000e-04  1.71906711e-07 
 4.01600000e-04  1.57951870e-07 
 4.01700000e-04  1.57527937e-07 
 4.01800000e-04  1.57315879e-07 
 4.01900000e-04  1.57151936e-07 
 4.02000000e-04  1.57037498e-07 
 4.02100000e-04  1.73744685e-07 
 4.02200000e-04  1.73421319e-07 
 4.02300000e-04  1.73300448e-07 
 4.02400000e-04  1.73193748e-07 
 4.02500000e-04  1.73144983e-07 
 4.02600000e-04  1.61698453e-07 
 4.02700000e-04  1.61343744e-07 
 4.02800000e-04  1.61160920e-07 
 4.02900000e-04  1.61039520e-07 
 4.03000000e-04  1.60981356e-07 
 4.03100000e-04  1.72448689e-07 
 4.03200000e-04  1.72168552e-07 
 4.03300000e-04  1.72067638e-07 
 4.03400000e-04  1.71979285e-07 
 4.03500000e-04  1.71937931e-07 
 4.03600000e-04  1.57987589e-07 
 4.03700000e-04  1.57550986e-07 
 4.03800000e-04  1.57321676e-07 
 4.03900000e-04  1.57155082e-07 
 4.04000000e-04  1.57053057e-07 
 4.04100000e-04  1.73205451e-07 
 4.04200000e-04  1.73002731e-07 
 4.04300000e-04  1.72913393e-07 
 4.04400000e-04  1.72832076e-07 
 4.04500000e-04  1.72784174e-07 
 4.04600000e-04  1.60033992e-07 
 4.04700000e-04  1.59691542e-07 
 4.04800000e-04  1.59505445e-07 
 4.04900000e-04  1.59373759e-07 
 4.05000000e-04  1.59298072e-07 
 4.05100000e-04  1.72973538e-07 
 4.05200000e-04  1.72722910e-07 
 4.05300000e-04  1.72632968e-07 
 4.05400000e-04  1.72554683e-07 
 4.05500000e-04  1.72527678e-07 
 4.05600000e-04  1.58528476e-07 
 4.05700000e-04  1.58127298e-07 
 4.05800000e-04  1.57903792e-07 
 4.05900000e-04  1.57738670e-07 
 4.06000000e-04  1.57633643e-07 
 4.06100000e-04  1.75409816e-07 
 4.06200000e-04  1.74894754e-07 
 4.06300000e-04  1.74718340e-07 
 4.06400000e-04  1.74563898e-07 
 4.06500000e-04  1.74486125e-07 
 4.06600000e-04  1.65617100e-07 
 4.06700000e-04  1.65247407e-07 
 4.06800000e-04  1.65078559e-07 
 4.06900000e-04  1.64976068e-07 
 4.07000000e-04  1.64941895e-07 
 4.07100000e-04  1.72234329e-07 
 4.07200000e-04  1.71823677e-07 
 4.07300000e-04  1.71662145e-07 
 4.07400000e-04  1.71517595e-07 
 4.07500000e-04  1.71447745e-07 
 4.07600000e-04  1.57574688e-07 
 4.07700000e-04  1.57046282e-07 
 4.07800000e-04  1.56804548e-07 
 4.07900000e-04  1.56621918e-07 
 4.08000000e-04  1.56500121e-07 
 4.08100000e-04  1.72642349e-07 
 4.08200000e-04  1.72439012e-07 
 4.08300000e-04  1.72341756e-07 
 4.08400000e-04  1.72251763e-07 
 4.08500000e-04  1.72189210e-07 
 4.08600000e-04  1.59455089e-07 
 4.08700000e-04  1.59104471e-07 
 4.08800000e-04  1.58928795e-07 
 4.08900000e-04  1.58798882e-07 
 4.09000000e-04  1.58716041e-07 
 4.09100000e-04  1.72377738e-07 
 4.09200000e-04  1.72138484e-07 
 4.09300000e-04  1.72046614e-07 
 4.09400000e-04  1.71965054e-07 
 4.09500000e-04  1.71932134e-07 
 4.09600000e-04  1.57937421e-07 
 4.09700000e-04  1.57533422e-07 
 4.09800000e-04  1.57317987e-07 
 4.09900000e-04  1.57154804e-07 
 4.10000000e-04  1.57045385e-07 
 4.10100000e-04  1.73748851e-07 
 4.10200000e-04  1.73425725e-07 
 4.10300000e-04  1.73310102e-07 
 4.10400000e-04  1.73209526e-07 
 4.10500000e-04  1.73141547e-07 
 4.10600000e-04  1.61701942e-07 
 4.10700000e-04  1.61356485e-07 
 4.10800000e-04  1.61171362e-07 
 4.10900000e-04  1.61048024e-07 
 4.11000000e-04  1.60988286e-07 
 4.11100000e-04  1.72448135e-07 
 4.11200000e-04  1.72158761e-07 
 4.11300000e-04  1.72060020e-07 
 4.11400000e-04  1.71974761e-07 
 4.11500000e-04  1.71947244e-07 
 4.11600000e-04  1.58000149e-07 
 4.11700000e-04  1.57555092e-07 
 4.11800000e-04  1.57326653e-07 
 4.11900000e-04  1.57154061e-07 
 4.12000000e-04  1.57038944e-07 
 4.12100000e-04  1.73211113e-07 
 4.12200000e-04  1.73008192e-07 
 4.12300000e-04  1.72915467e-07 
 4.12400000e-04  1.72830762e-07 
 4.12500000e-04  1.72796580e-07 
 4.12600000e-04  1.60028617e-07 
 4.12700000e-04  1.59671105e-07 
 4.12800000e-04  1.59497305e-07 
 4.12900000e-04  1.59370007e-07 
 4.13000000e-04  1.59290543e-07 
 4.13100000e-04  1.72978828e-07 
 4.13200000e-04  1.72744107e-07 
 4.13300000e-04  1.72645222e-07 
 4.13400000e-04  1.72555921e-07 
 4.13500000e-04  1.72522671e-07 
 4.13600000e-04  1.58517613e-07 
 4.13700000e-04  1.58131413e-07 
 4.13800000e-04  1.57906676e-07 
 4.13900000e-04  1.57741961e-07 
 4.14000000e-04  1.57639025e-07 
 4.14100000e-04  1.74886389e-07 
 4.14200000e-04  1.74451916e-07 
 4.14300000e-04  1.74305612e-07 
 4.14400000e-04  1.74179528e-07 
 4.14500000e-04  1.74126984e-07 
 4.14600000e-04  1.63959768e-07 
 4.14700000e-04  1.63594452e-07 
 4.14800000e-04  1.63422845e-07 
 4.14900000e-04  1.63308901e-07 
 4.15000000e-04  1.63254299e-07 
 4.15100000e-04  1.72572774e-07 
 4.15200000e-04  1.72242711e-07 
 4.15300000e-04  1.72128661e-07 
 4.15400000e-04  1.72029647e-07 
 4.15500000e-04  1.71979878e-07 
 4.15600000e-04  1.58077241e-07 
 4.15700000e-04  1.57598064e-07 
 4.15800000e-04  1.57350671e-07 
 4.15900000e-04  1.57172096e-07 
 4.16000000e-04  1.57064370e-07 
 4.16100000e-04  1.73237630e-07 
 4.16200000e-04  1.73022202e-07 
 4.16300000e-04  1.72929105e-07 
 4.16400000e-04  1.72845354e-07 
 4.16500000e-04  1.72797586e-07 
 4.16600000e-04  1.60042598e-07 
 4.16700000e-04  1.59676476e-07 
 4.16800000e-04  1.59505235e-07 
 4.16900000e-04  1.59378496e-07 
 4.17000000e-04  1.59297521e-07 
 4.17100000e-04  1.72994661e-07 
 4.17200000e-04  1.72752102e-07 
 4.17300000e-04  1.72662472e-07 
 4.17400000e-04  1.72584271e-07 
 4.17500000e-04  1.72531958e-07 
 4.17600000e-04  1.58518503e-07 
 4.17700000e-04  1.58119396e-07 
 4.17800000e-04  1.57912432e-07 
 4.17900000e-04  1.57755104e-07 
 4.18000000e-04  1.57648838e-07 
 4.18100000e-04  1.74353396e-07 
 4.18200000e-04  1.74046346e-07 
 4.18300000e-04  1.73927605e-07 
 4.18400000e-04  1.73821526e-07 
 4.18500000e-04  1.73756924e-07 
 4.18600000e-04  1.62278710e-07 
 4.18700000e-04  1.61927475e-07 
 4.18800000e-04  1.61756762e-07 
 4.18900000e-04  1.61640472e-07 
 4.19000000e-04  1.61580186e-07 
 4.19100000e-04  1.73066194e-07 
 4.19200000e-04  1.72788022e-07 
 4.19300000e-04  1.72689393e-07 
 4.19400000e-04  1.72602786e-07 
 4.19500000e-04  1.72567365e-07 
 4.19600000e-04  1.58564376e-07 
 4.19700000e-04  1.58154904e-07 
 4.19800000e-04  1.57931885e-07 
 4.19900000e-04  1.57758121e-07 
 4.20000000e-04  1.57635021e-07 
 4.20100000e-04  1.73841434e-07 
 4.20200000e-04  1.73629214e-07 
 4.20300000e-04  1.73528243e-07 
 4.20400000e-04  1.73435407e-07 
 4.20500000e-04  1.73400249e-07 
 4.20600000e-04  1.60605212e-07 
 4.20700000e-04  1.60269804e-07 
 4.20800000e-04  1.60092551e-07 
 4.20900000e-04  1.59969221e-07 
 4.21000000e-04  1.59901376e-07 
 4.21100000e-04  1.73600862e-07 
 4.21200000e-04  1.73358631e-07 
 4.21300000e-04  1.73268906e-07 
 4.21400000e-04  1.73189949e-07 
 4.21500000e-04  1.73131988e-07 
 4.21600000e-04  1.59103462e-07 
 4.21700000e-04  1.58711739e-07 
 4.21800000e-04  1.58500480e-07 
 4.21900000e-04  1.58337090e-07 
 4.22000000e-04  1.58222928e-07 
 4.22100000e-04  1.76565362e-07 
 4.22200000e-04  1.75935132e-07 
 4.22300000e-04  1.75727383e-07 
 4.22400000e-04  1.75547298e-07 
 4.22500000e-04  1.75465470e-07 
 4.22600000e-04  1.67864885e-07 
 4.22700000e-04  1.67495828e-07 
 4.22800000e-04  1.67341571e-07 
 4.22900000e-04  1.67247186e-07 
 4.23000000e-04  1.67214417e-07 
 4.23100000e-04  1.72865085e-07 
 4.23200000e-04  1.72045657e-07 
 4.23300000e-04  1.71791673e-07 
 4.23400000e-04  1.71576182e-07 
 4.23500000e-04  1.71486008e-07 
 4.23600000e-04  1.57657794e-07 
 4.23700000e-04  1.57077930e-07 
 4.23800000e-04  1.56818958e-07 
 4.23900000e-04  1.56624538e-07 
 4.24000000e-04  1.56496558e-07 
 4.24100000e-04  1.72657677e-07 
 4.24200000e-04  1.72454112e-07 
 4.24300000e-04  1.72356555e-07 
 4.24400000e-04  1.72266152e-07 
 4.24500000e-04  1.72216026e-07 
 4.24600000e-04  1.59454324e-07 
 4.24700000e-04  1.59101953e-07 
 4.24800000e-04  1.58921411e-07 
 4.24900000e-04  1.58798699e-07 
 4.25000000e-04  1.58735496e-07 
 4.25100000e-04  1.72394018e-07 
 4.25200000e-04  1.72145518e-07 
 4.25300000e-04  1.72052859e-07 
 4.25400000e-04  1.71971768e-07 
 4.25500000e-04  1.71938871e-07 
 4.25600000e-04  1.57937839e-07 
 4.25700000e-04  1.57543307e-07 
 4.25800000e-04  1.57321486e-07 
 4.25900000e-04  1.57156261e-07 
 4.26000000e-04  1.57049275e-07 
 4.26100000e-04  1.73749929e-07 
 4.26200000e-04  1.73432922e-07 
 4.26300000e-04  1.73310888e-07 
 4.26400000e-04  1.73202449e-07 
 4.26500000e-04  1.73159036e-07 
 4.26600000e-04  1.61712549e-07 
 4.26700000e-04  1.61346801e-07 
 4.26800000e-04  1.61159494e-07 
 4.26900000e-04  1.61039404e-07 
 4.27000000e-04  1.60988506e-07 
 4.27100000e-04  1.72436436e-07 
 4.27200000e-04  1.72158248e-07 
 4.27300000e-04  1.72060756e-07 
 4.27400000e-04  1.71975519e-07 
 4.27500000e-04  1.71934537e-07 
 4.27600000e-04  1.57982752e-07 
 4.27700000e-04  1.57549452e-07 
 4.27800000e-04  1.57328058e-07 
 4.27900000e-04  1.57158110e-07 
 4.28000000e-04  1.57041079e-07 
 4.28100000e-04  1.73220249e-07 
 4.28200000e-04  1.73008068e-07 
 4.28300000e-04  1.72915604e-07 
 4.28400000e-04  1.72831884e-07 
 4.28500000e-04  1.72777047e-07 
 4.28600000e-04  1.60025271e-07 
 4.28700000e-04  1.59676323e-07 
 4.28800000e-04  1.59493876e-07 
 4.28900000e-04  1.59367875e-07 
 4.29000000e-04  1.59299947e-07 
 4.29100000e-04  1.72985892e-07 
 4.29200000e-04  1.72725460e-07 
 4.29300000e-04  1.72635139e-07 
 4.29400000e-04  1.72557927e-07 
 4.29500000e-04  1.72529702e-07 
 4.29600000e-04  1.58526870e-07 
 4.29700000e-04  1.58117356e-07 
 4.29800000e-04  1.57901855e-07 
 4.29900000e-04  1.57742072e-07 
 4.30000000e-04  1.57639615e-07 
 4.30100000e-04  1.74897614e-07 
 4.30200000e-04  1.74461252e-07 
 4.30300000e-04  1.74309630e-07 
 4.30400000e-04  1.74177829e-07 
 4.30500000e-04  1.74120469e-07 
 4.30600000e-04  1.63960394e-07 
 4.30700000e-04  1.63593313e-07 
 4.30800000e-04  1.63414260e-07 
 4.30900000e-04  1.63302214e-07 
 4.31000000e-04  1.63259138e-07 
 4.31100000e-04  1.72572371e-07 
 4.31200000e-04  1.72252571e-07 
 4.31300000e-04  1.72135481e-07 
 4.31400000e-04  1.72032272e-07 
 4.31500000e-04  1.71975145e-07 
 4.31600000e-04  1.58067430e-07 
 4.31700000e-04  1.57576663e-07 
 4.31800000e-04  1.57346549e-07 
 4.31900000e-04  1.57175328e-07 
 4.32000000e-04  1.57064708e-07 
 4.32100000e-04  1.73239699e-07 
 4.32200000e-04  1.73028923e-07 
 4.32300000e-04  1.72930576e-07 
 4.32400000e-04  1.72840307e-07 
 4.32500000e-04  1.72795992e-07 
 4.32600000e-04  1.60029763e-07 
 4.32700000e-04  1.59697184e-07 
 4.32800000e-04  1.59503302e-07 
 4.32900000e-04  1.59371004e-07 
 4.33000000e-04  1.59302079e-07 
 4.33100000e-04  1.72978180e-07 
 4.33200000e-04  1.72736837e-07 
 4.33300000e-04  1.72650605e-07 
 4.33400000e-04  1.72575336e-07 
 4.33500000e-04  1.72532867e-07 
 4.33600000e-04  1.58527325e-07 
 4.33700000e-04  1.58136788e-07 
 4.33800000e-04  1.57912683e-07 
 4.33900000e-04  1.57747047e-07 
 4.34000000e-04  1.57641569e-07 
 4.34100000e-04  1.74364423e-07 
 4.34200000e-04  1.74047705e-07 
 4.34300000e-04  1.73925639e-07 
 4.34400000e-04  1.73817225e-07 
 4.34500000e-04  1.73765534e-07 
 4.34600000e-04  1.62292720e-07 
 4.34700000e-04  1.61942602e-07 
 4.34800000e-04  1.61762432e-07 
 4.34900000e-04  1.61641934e-07 
 4.35000000e-04  1.61582836e-07 
 4.35100000e-04  1.73068625e-07 
 4.35200000e-04  1.72779692e-07 
 4.35300000e-04  1.72681941e-07 
 4.35400000e-04  1.72597574e-07 
 4.35500000e-04  1.72555957e-07 
 4.35600000e-04  1.58580342e-07 
 4.35700000e-04  1.58136486e-07 
 4.35800000e-04  1.57916351e-07 
 4.35900000e-04  1.57751776e-07 
 4.36000000e-04  1.57644358e-07 
 4.36100000e-04  1.73831805e-07 
 4.36200000e-04  1.73633108e-07 
 4.36300000e-04  1.73533185e-07 
 4.36400000e-04  1.73440113e-07 
 4.36500000e-04  1.73391893e-07 
 4.36600000e-04  1.60621527e-07 
 4.36700000e-04  1.60264943e-07 
 4.36800000e-04  1.60092653e-07 
 4.36900000e-04  1.59969885e-07 
 4.37000000e-04  1.59898047e-07 
 4.37100000e-04  1.73606188e-07 
 4.37200000e-04  1.73353004e-07 
 4.37300000e-04  1.73263677e-07 
 4.37400000e-04  1.73186490e-07 
 4.37500000e-04  1.73152893e-07 
 4.37600000e-04  1.59111282e-07 
 4.37700000e-04  1.58703625e-07 
 4.37800000e-04  1.58496956e-07 
 4.37900000e-04  1.58343390e-07 
 4.38000000e-04  1.58244436e-07 
 4.38100000e-04  1.76043717e-07 
 4.38200000e-04  1.75509434e-07 
 4.38300000e-04  1.75328153e-07 
 4.38400000e-04  1.75170698e-07 
 4.38500000e-04  1.75099812e-07 
 4.38600000e-04  1.66209425e-07 
 4.38700000e-04  1.65851450e-07 
 4.38800000e-04  1.65686711e-07 
 4.38900000e-04  1.65581854e-07 
 4.39000000e-04  1.65538609e-07 
 4.39100000e-04  1.72846825e-07 
 4.39200000e-04  1.72433914e-07 
 4.39300000e-04  1.72279771e-07 
 4.39400000e-04  1.72143095e-07 
 4.39500000e-04  1.72078012e-07 
 4.39600000e-04  1.58167759e-07 
 4.39700000e-04  1.57636454e-07 
 4.39800000e-04  1.57390685e-07 
 4.39900000e-04  1.57206322e-07 
 4.40000000e-04  1.57085143e-07 
 4.40100000e-04  1.73275241e-07 
 4.40200000e-04  1.73060968e-07 
 4.40300000e-04  1.72959465e-07 
 4.40400000e-04  1.72866163e-07 
 4.40500000e-04  1.72811009e-07 
 4.40600000e-04  1.60050403e-07 
 4.40700000e-04  1.59689935e-07 
 4.40800000e-04  1.59522257e-07 
 4.40900000e-04  1.59396570e-07 
 4.41000000e-04  1.59314034e-07 
 4.41100000e-04  1.73012065e-07 
 4.41200000e-04  1.72760810e-07 
 4.41300000e-04  1.72671374e-07 
 4.41400000e-04  1.72593995e-07 
 4.41500000e-04  1.72544881e-07 
 4.41600000e-04  1.58521800e-07 
 4.41700000e-04  1.58143674e-07 
 4.41800000e-04  1.57929878e-07 
 4.41900000e-04  1.57762789e-07 
 4.42000000e-04  1.57643715e-07 
 4.42100000e-04  1.74376055e-07 
 4.42200000e-04  1.74057797e-07 
 4.42300000e-04  1.73930313e-07 
 4.42400000e-04  1.73815867e-07 
 4.42500000e-04  1.73765652e-07 
 4.42600000e-04  1.62277759e-07 
 4.42700000e-04  1.61950098e-07 
 4.42800000e-04  1.61764610e-07 
 4.42900000e-04  1.61643828e-07 
 4.43000000e-04  1.61589629e-07 
 4.43100000e-04  1.73078523e-07 
 4.43200000e-04  1.72787209e-07 
 4.43300000e-04  1.72692941e-07 
 4.43400000e-04  1.72612400e-07 
 4.43500000e-04  1.72554800e-07 
 4.43600000e-04  1.58584443e-07 
 4.43700000e-04  1.58136438e-07 
 4.43800000e-04  1.57920134e-07 
 4.43900000e-04  1.57756420e-07 
 4.44000000e-04  1.57646785e-07 
 4.44100000e-04  1.73844081e-07 
 4.44200000e-04  1.73638270e-07 
 4.44300000e-04  1.73540314e-07 
 4.44400000e-04  1.73450301e-07 
 4.44500000e-04  1.73398817e-07 
 4.44600000e-04  1.60624053e-07 
 4.44700000e-04  1.60265855e-07 
 4.44800000e-04  1.60092146e-07 
 4.44900000e-04  1.59969969e-07 
 4.45000000e-04  1.59900779e-07 
 4.45100000e-04  1.73612236e-07 
 4.45200000e-04  1.73352550e-07 
 4.45300000e-04  1.73255846e-07 
 4.45400000e-04  1.73171221e-07 
 4.45500000e-04  1.73130623e-07 
 4.45600000e-04  1.59103952e-07 
 4.45700000e-04  1.58701126e-07 
 4.45800000e-04  1.58499135e-07 
 4.45900000e-04  1.58340148e-07 
 4.46000000e-04  1.58225355e-07 
 4.46100000e-04  1.75529856e-07 
 4.46200000e-04  1.75099441e-07 
 4.46300000e-04  1.74940223e-07 
 4.46400000e-04  1.74799435e-07 
 4.46500000e-04  1.74733830e-07 
 4.46600000e-04  1.64540173e-07 
 4.46700000e-04  1.64197193e-07 
 4.46800000e-04  1.64022531e-07 
 4.46900000e-04  1.63910220e-07 
 4.47000000e-04  1.63862058e-07 
 4.47100000e-04  1.73200588e-07 
 4.47200000e-04  1.72885246e-07 
 4.47300000e-04  1.72763915e-07 
 4.47400000e-04  1.72655532e-07 
 4.47500000e-04  1.72604856e-07 
 4.47600000e-04  1.58652270e-07 
 4.47700000e-04  1.58178755e-07 
 4.47800000e-04  1.57940442e-07 
 4.47900000e-04  1.57767432e-07 
 4.48000000e-04  1.57661617e-07 
 4.48100000e-04  1.73866199e-07 
 4.48200000e-04  1.73642002e-07 
 4.48300000e-04  1.73551768e-07 
 4.48400000e-04  1.73472134e-07 
 4.48500000e-04  1.73417167e-07 
 4.48600000e-04  1.60623990e-07 
 4.48700000e-04  1.60276363e-07 
 4.48800000e-04  1.60096628e-07 
 4.48900000e-04  1.59975205e-07 
 4.49000000e-04  1.59913764e-07 
 4.49100000e-04  1.73606790e-07 
 4.49200000e-04  1.73355292e-07 
 4.49300000e-04  1.73271328e-07 
 4.49400000e-04  1.73199417e-07 
 4.49500000e-04  1.73144419e-07 
 4.49600000e-04  1.59112541e-07 
 4.49700000e-04  1.58717134e-07 
 4.49800000e-04  1.58510298e-07 
 4.49900000e-04  1.58349302e-07 
 4.50000000e-04  1.58235419e-07 
 4.50100000e-04  1.75002358e-07 
 4.50200000e-04  1.74677611e-07 
 4.50300000e-04  1.74555194e-07 
 4.50400000e-04  1.74447149e-07 
 4.50500000e-04  1.74378203e-07 
 4.50600000e-04  1.62865131e-07 
 4.50700000e-04  1.62518279e-07 
 4.50800000e-04  1.62345902e-07 
 4.50900000e-04  1.62228428e-07 
 4.51000000e-04  1.62167410e-07 
 4.51100000e-04  1.73707458e-07 
 4.51200000e-04  1.73412559e-07 
 4.51300000e-04  1.73308975e-07 
 4.51400000e-04  1.73218756e-07 
 4.51500000e-04  1.73163544e-07 
 4.51600000e-04  1.59170042e-07 
 4.51700000e-04  1.58737956e-07 
 4.51800000e-04  1.58520087e-07 
 4.51900000e-04  1.58358466e-07 
 4.52000000e-04  1.58254696e-07 
 4.52100000e-04  1.74460644e-07 
 4.52200000e-04  1.74246335e-07 
 4.52300000e-04  1.74156842e-07 
 4.52400000e-04  1.74076180e-07 
 4.52500000e-04  1.74019886e-07 
 4.52600000e-04  1.61218364e-07 
 4.52700000e-04  1.60862499e-07 
 4.52800000e-04  1.60688873e-07 
 4.52900000e-04  1.60559664e-07 
 4.53000000e-04  1.60476098e-07 
 4.53100000e-04  1.74224442e-07 
 4.53200000e-04  1.73978197e-07 
 4.53300000e-04  1.73886484e-07 
 4.53400000e-04  1.73805860e-07 
 4.53500000e-04  1.73767213e-07 
 4.53600000e-04  1.59691818e-07 
 4.53700000e-04  1.59308990e-07 
 4.53800000e-04  1.59092949e-07 
 4.53900000e-04  1.58933891e-07 
 4.54000000e-04  1.58833437e-07 
 4.54100000e-04  1.77718153e-07 
 4.54200000e-04  1.76973952e-07 
 4.54300000e-04  1.76744420e-07 
 4.54400000e-04  1.76548874e-07 
 4.54500000e-04  1.76455296e-07 
 4.54600000e-04  1.70103746e-07 
 4.54700000e-04  1.69768046e-07 
 4.54800000e-04  1.69598859e-07 
 4.54900000e-04  1.69510093e-07 
 4.55000000e-04  1.69504116e-07 
 4.55100000e-04  1.73016333e-07 
 4.55200000e-04  1.72038201e-07 
 4.55300000e-04  1.71783443e-07 
 4.55400000e-04  1.71575378e-07 
 4.55500000e-04  1.71488045e-07 
 4.55600000e-04  1.57667744e-07 
 4.55700000e-04  1.57079061e-07 
 4.55800000e-04  1.56818634e-07 
 4.55900000e-04  1.56623364e-07 
 4.56000000e-04  1.56495130e-07 
 4.56100000e-04  1.72658188e-07 
 4.56200000e-04  1.72445135e-07 
 4.56300000e-04  1.72352862e-07 
 4.56400000e-04  1.72269272e-07 
 4.56500000e-04  1.72202270e-07 
 4.56600000e-04  1.59455644e-07 
 4.56700000e-04  1.59119622e-07 
 4.56800000e-04  1.58930550e-07 
 4.56900000e-04  1.58803294e-07 
 4.57000000e-04  1.58739628e-07 
 4.57100000e-04  1.72379704e-07 
 4.57200000e-04  1.72131691e-07 
 4.57300000e-04  1.72040063e-07 
 4.57400000e-04  1.71959398e-07 
 4.57500000e-04  1.71923274e-07 
 4.57600000e-04  1.57944628e-07 
 4.57700000e-04  1.57550158e-07 
 4.57800000e-04  1.57331371e-07 
 4.57900000e-04  1.57164055e-07 
 4.58000000e-04  1.57049655e-07 
 4.58100000e-04  1.73743274e-07 
 4.58200000e-04  1.73438647e-07 
 4.58300000e-04  1.73317650e-07 
 4.58400000e-04  1.73208682e-07 
 4.58500000e-04  1.73147682e-07 
 4.58600000e-04  1.61715312e-07 
 4.58700000e-04  1.61339187e-07 
 4.58800000e-04  1.61169781e-07 
 4.58900000e-04  1.61054131e-07 
 4.59000000e-04  1.60993757e-07 
 4.59100000e-04  1.72439261e-07 
 4.59200000e-04  1.72167119e-07 
 4.59300000e-04  1.72068881e-07 
 4.59400000e-04  1.71982341e-07 
 4.59500000e-04  1.71945885e-07 
 4.59600000e-04  1.57993081e-07 
 4.59700000e-04  1.57555387e-07 
 4.59800000e-04  1.57326670e-07 
 4.59900000e-04  1.57162398e-07 
 4.60000000e-04  1.57064424e-07 
 4.60100000e-04  1.73213913e-07 
 4.60200000e-04  1.73008555e-07 
 4.60300000e-04  1.72917111e-07 
 4.60400000e-04  1.72833942e-07 
 4.60500000e-04  1.72789729e-07 
 4.60600000e-04  1.60033660e-07 
 4.60700000e-04  1.59667530e-07 
 4.60800000e-04  1.59488038e-07 
 4.60900000e-04  1.59363963e-07 
 4.61000000e-04  1.59296874e-07 
 4.61100000e-04  1.72975127e-07 
 4.61200000e-04  1.72737586e-07 
 4.61300000e-04  1.72644436e-07 
 4.61400000e-04  1.72561547e-07 
 4.61500000e-04  1.72527102e-07 
 4.61600000e-04  1.58531366e-07 
 4.61700000e-04  1.58125509e-07 
 4.61800000e-04  1.57907556e-07 
 4.61900000e-04  1.57739579e-07 
 4.62000000e-04  1.57622974e-07 
 4.62100000e-04  1.74889363e-07 
 4.62200000e-04  1.74461976e-07 
 4.62300000e-04  1.74315513e-07 
 4.62400000e-04  1.74188534e-07 
 4.62500000e-04  1.74122831e-07 
 4.62600000e-04  1.63946031e-07 
 4.62700000e-04  1.63599592e-07 
 4.62800000e-04  1.63417890e-07 
 4.62900000e-04  1.63307653e-07 
 4.63000000e-04  1.63270954e-07 
 4.63100000e-04  1.72577204e-07 
 4.63200000e-04  1.72257669e-07 
 4.63300000e-04  1.72138029e-07 
 4.63400000e-04  1.72032103e-07 
 4.63500000e-04  1.71983825e-07 
 4.63600000e-04  1.58059704e-07 
 4.63700000e-04  1.57583572e-07 
 4.63800000e-04  1.57349544e-07 
 4.63900000e-04  1.57172472e-07 
 4.64000000e-04  1.57053968e-07 
 4.64100000e-04  1.73234514e-07 
 4.64200000e-04  1.73028167e-07 
 4.64300000e-04  1.72931692e-07 
 4.64400000e-04  1.72843286e-07 
 4.64500000e-04  1.72792166e-07 
 4.64600000e-04  1.60032265e-07 
 4.64700000e-04  1.59688939e-07 
 4.64800000e-04  1.59504754e-07 
 4.64900000e-04  1.59374772e-07 
 4.65000000e-04  1.59300519e-07 
 4.65100000e-04  1.72996629e-07 
 4.65200000e-04  1.72740341e-07 
 4.65300000e-04  1.72647549e-07 
 4.65400000e-04  1.72567171e-07 
 4.65500000e-04  1.72529008e-07 
 4.65600000e-04  1.58530974e-07 
 4.65700000e-04  1.58122531e-07 
 4.65800000e-04  1.57916607e-07 
 4.65900000e-04  1.57758475e-07 
 4.66000000e-04  1.57649460e-07 
 4.66100000e-04  1.74372266e-07 
 4.66200000e-04  1.74045144e-07 
 4.66300000e-04  1.73929943e-07 
 4.66400000e-04  1.73830074e-07 
 4.66500000e-04  1.73765509e-07 
 4.66600000e-04  1.62282884e-07 
 4.66700000e-04  1.61926413e-07 
 4.66800000e-04  1.61750043e-07 
 4.66900000e-04  1.61628138e-07 
 4.67000000e-04  1.61562234e-07 
 4.67100000e-04  1.73068297e-07 
 4.67200000e-04  1.72786252e-07 
 4.67300000e-04  1.72686828e-07 
 4.67400000e-04  1.72599828e-07 
 4.67500000e-04  1.72547880e-07 
 4.67600000e-04  1.58582597e-07 
 4.67700000e-04  1.58139965e-07 
 4.67800000e-04  1.57918434e-07 
 4.67900000e-04  1.57749407e-07 
 4.68000000e-04  1.57634357e-07 
 4.68100000e-04  1.73831013e-07 
 4.68200000e-04  1.73622991e-07 
 4.68300000e-04  1.73533098e-07 
 4.68400000e-04  1.73451418e-07 
 4.68500000e-04  1.73402292e-07 
 4.68600000e-04  1.60622212e-07 
 4.68700000e-04  1.60276439e-07 
 4.68800000e-04  1.60093866e-07 
 4.68900000e-04  1.59964651e-07 
 4.69000000e-04  1.59890284e-07 
 4.69100000e-04  1.73607073e-07 
 4.69200000e-04  1.73353638e-07 
 4.69300000e-04  1.73256269e-07 
 4.69400000e-04  1.73170112e-07 
 4.69500000e-04  1.73137127e-07 
 4.69600000e-04  1.59107510e-07 
 4.69700000e-04  1.58723751e-07 
 4.69800000e-04  1.58504305e-07 
 4.69900000e-04  1.58338007e-07 
 4.70000000e-04  1.58226349e-07 
 4.70100000e-04  1.76041791e-07 
 4.70200000e-04  1.75505232e-07 
 4.70300000e-04  1.75329974e-07 
 4.70400000e-04  1.75179213e-07 
 4.70500000e-04  1.75094919e-07 
 4.70600000e-04  1.66195515e-07 
 4.70700000e-04  1.65832540e-07 
 4.70800000e-04  1.65680750e-07 
 4.70900000e-04  1.65582918e-07 
 4.71000000e-04  1.65540559e-07 
 4.71100000e-04  1.72860370e-07 
 4.71200000e-04  1.72448474e-07 
 4.71300000e-04  1.72282456e-07 
 4.71400000e-04  1.72133147e-07 
 4.71500000e-04  1.72064574e-07 
 4.71600000e-04  1.58163810e-07 
 4.71700000e-04  1.57639276e-07 
 4.71800000e-04  1.57392736e-07 
 4.71900000e-04  1.57208642e-07 
 4.72000000e-04  1.57088774e-07 
 4.72100000e-04  1.73264200e-07 
 4.72200000e-04  1.73056701e-07 
 4.72300000e-04  1.72961209e-07 
 4.72400000e-04  1.72873785e-07 
 4.72500000e-04  1.72819898e-07 
 4.72600000e-04  1.60051782e-07 
 4.72700000e-04  1.59696660e-07 
 4.72800000e-04  1.59509852e-07 
 4.72900000e-04  1.59384354e-07 
 4.73000000e-04  1.59321907e-07 
 4.73100000e-04  1.73013005e-07 
 4.73200000e-04  1.72757952e-07 
 4.73300000e-04  1.72662095e-07 
 4.73400000e-04  1.72578105e-07 
 4.73500000e-04  1.72539518e-07 
 4.73600000e-04  1.58533693e-07 
 4.73700000e-04  1.58133133e-07 
 4.73800000e-04  1.57916922e-07 
 4.73900000e-04  1.57754325e-07 
 4.74000000e-04  1.57646838e-07 
 4.74100000e-04  1.74370614e-07 
 4.74200000e-04  1.74050533e-07 
 4.74300000e-04  1.73931076e-07 
 4.74400000e-04  1.73825936e-07 
 4.74500000e-04  1.73769566e-07 
 4.74600000e-04  1.62282212e-07 
 4.74700000e-04  1.61941768e-07 
 4.74800000e-04  1.61767903e-07 
 4.74900000e-04  1.61645890e-07 
 4.75000000e-04  1.61577173e-07 
 4.75100000e-04  1.73072542e-07 
 4.75200000e-04  1.72791793e-07 
 4.75300000e-04  1.72687614e-07 
 4.75400000e-04  1.72595011e-07 
 4.75500000e-04  1.72552093e-07 
 4.75600000e-04  1.58585211e-07 
 4.75700000e-04  1.58140180e-07 
 4.75800000e-04  1.57929620e-07 
 4.75900000e-04  1.57764422e-07 
 4.76000000e-04  1.57645818e-07 
 4.76100000e-04  1.73840134e-07 
 4.76200000e-04  1.73634726e-07 
 4.76300000e-04  1.73538859e-07 
 4.76400000e-04  1.73450969e-07 
 4.76500000e-04  1.73403254e-07 
 4.76600000e-04  1.60615068e-07 
 4.76700000e-04  1.60270612e-07 
 4.76800000e-04  1.60094620e-07 
 4.76900000e-04  1.59972822e-07 
 4.77000000e-04  1.59906730e-07 
 4.77100000e-04  1.73595228e-07 
 4.77200000e-04  1.73357205e-07 
 4.77300000e-04  1.73268328e-07 
 4.77400000e-04  1.73190079e-07 
 4.77500000e-04  1.73145092e-07 
 4.77600000e-04  1.59110353e-07 
 4.77700000e-04  1.58719853e-07 
 4.77800000e-04  1.58510587e-07 
 4.77900000e-04  1.58346983e-07 
 4.78000000e-04  1.58230282e-07 
 4.78100000e-04  1.75507933e-07 
 4.78200000e-04  1.75096984e-07 
 4.78300000e-04  1.74946274e-07 
 4.78400000e-04  1.74812779e-07 
 4.78500000e-04  1.74736818e-07 
 4.78600000e-04  1.64530592e-07 
 4.78700000e-04  1.64181812e-07 
 4.78800000e-04  1.64008259e-07 
 4.78900000e-04  1.63902202e-07 
 4.79000000e-04  1.63865572e-07 
 4.79100000e-04  1.73191240e-07 
 4.79200000e-04  1.72886735e-07 
 4.79300000e-04  1.72758415e-07 
 4.79400000e-04  1.72641282e-07 
 4.79500000e-04  1.72598022e-07 
 4.79600000e-04  1.58656681e-07 
 4.79700000e-04  1.58173569e-07 
 4.79800000e-04  1.57939555e-07 
 4.79900000e-04  1.57769755e-07 
 4.80000000e-04  1.57665994e-07 
 4.80100000e-04  1.73869219e-07 
 4.80200000e-04  1.73647517e-07 
 4.80300000e-04  1.73547966e-07 
 4.80400000e-04  1.73457469e-07 
 4.80500000e-04  1.73410238e-07 
 4.80600000e-04  1.60625695e-07 
 4.80700000e-04  1.60290133e-07 
 4.80800000e-04  1.60098841e-07 
 4.80900000e-04  1.59964401e-07 
 4.81000000e-04  1.59888405e-07 
 4.81100000e-04  1.73606618e-07 
 4.81200000e-04  1.73373853e-07 
 4.81300000e-04  1.73272398e-07 
 4.81400000e-04  1.73179529e-07 
 4.81500000e-04  1.73148862e-07 
 4.81600000e-04  1.59119812e-07 
 4.81700000e-04  1.58726465e-07 
 4.81800000e-04  1.58506878e-07 
 4.81900000e-04  1.58348226e-07 
 4.82000000e-04  1.58252227e-07 
 4.82100000e-04  1.74992122e-07 
 4.82200000e-04  1.74664441e-07 
 4.82300000e-04  1.74546778e-07 
 4.82400000e-04  1.74444331e-07 
 4.82500000e-04  1.74377407e-07 
 4.82600000e-04  1.62864681e-07 
 4.82700000e-04  1.62533204e-07 
 4.82800000e-04  1.62353142e-07 
 4.82900000e-04  1.62230916e-07 
 4.83000000e-04  1.62168156e-07 
 4.83100000e-04  1.73683720e-07 
 4.83200000e-04  1.73410122e-07 
 4.83300000e-04  1.73304349e-07 
 4.83400000e-04  1.73209578e-07 
 4.83500000e-04  1.73174242e-07 
 4.83600000e-04  1.59166562e-07 
 4.83700000e-04  1.58735358e-07 
 4.83800000e-04  1.58518076e-07 
 4.83900000e-04  1.58350843e-07 
 4.84000000e-04  1.58235029e-07 
 4.84100000e-04  1.74463930e-07 
 4.84200000e-04  1.74249687e-07 
 4.84300000e-04  1.74159472e-07 
 4.84400000e-04  1.74078199e-07 
 4.84500000e-04  1.74019397e-07 
 4.84600000e-04  1.61210497e-07 
 4.84700000e-04  1.60867685e-07 
 4.84800000e-04  1.60694301e-07 
 4.84900000e-04  1.60568445e-07 
 4.85000000e-04  1.60491410e-07 
 4.85100000e-04  1.74228736e-07 
 4.85200000e-04  1.73986416e-07 
 4.85300000e-04  1.73894000e-07 
 4.85400000e-04  1.73811888e-07 
 4.85500000e-04  1.73752324e-07 
 4.85600000e-04  1.59691654e-07 
 4.85700000e-04  1.59294871e-07 
 4.85800000e-04  1.59087448e-07 
 4.85900000e-04  1.58932895e-07 
 4.86000000e-04  1.58832670e-07 
 4.86100000e-04  1.77208399e-07 
 4.86200000e-04  1.76552776e-07 
 4.86300000e-04  1.76340342e-07 
 4.86400000e-04  1.76157783e-07 
 4.86500000e-04  1.76074145e-07 
 4.86600000e-04  1.68441581e-07 
 4.86700000e-04  1.68106733e-07 
 4.86800000e-04  1.67939298e-07 
 4.86900000e-04  1.67843071e-07 
 4.87000000e-04  1.67820097e-07 
 4.87100000e-04  1.73494811e-07 
 4.87200000e-04  1.72682947e-07 
 4.87300000e-04  1.72428148e-07 
 4.87400000e-04  1.72211144e-07 
 4.87500000e-04  1.72114530e-07 
 4.87600000e-04  1.58234270e-07 
 4.87700000e-04  1.57673927e-07 
 4.87800000e-04  1.57411880e-07 
 4.87900000e-04  1.57219553e-07 
 4.88000000e-04  1.57098942e-07 
 4.88100000e-04  1.73277697e-07 
 4.88200000e-04  1.73059974e-07 
 4.88300000e-04  1.72967955e-07 
 4.88400000e-04  1.72885344e-07 
 4.88500000e-04  1.72828139e-07 
 4.88600000e-04  1.60054883e-07 
 4.88700000e-04  1.59699023e-07 
 4.88800000e-04  1.59520032e-07 
 4.88900000e-04  1.59392514e-07 
 4.89000000e-04  1.59318153e-07 
 4.89100000e-04  1.73163045e-07 
 4.89200000e-04  1.72811548e-07 
 4.89300000e-04  1.72676166e-07 
 4.89400000e-04  1.72605945e-07 
 4.89500000e-04  1.72550598e-07 
 4.89600000e-04  1.58550864e-07 
 4.89700000e-04  1.58163362e-07 
 4.89800000e-04  1.57941813e-07 
 4.89900000e-04  1.57768534e-07 
 4.90000000e-04  1.57644870e-07 
 4.90100000e-04  1.74369445e-07 
 4.90200000e-04  1.74053369e-07 
 4.90300000e-04  1.73928001e-07 
 4.90400000e-04  1.73815605e-07 
 4.90500000e-04  1.73757506e-07 
 4.90600000e-04  1.62302230e-07 
 4.90700000e-04  1.61941817e-07 
 4.90800000e-04  1.61770173e-07 
 4.90900000e-04  1.61648866e-07 
 4.91000000e-04  1.61579326e-07 
 4.91100000e-04  1.73073713e-07 
 4.91200000e-04  1.72797395e-07 
 4.91300000e-04  1.72689157e-07 
 4.91400000e-04  1.72591898e-07 
 4.91500000e-04  1.72555765e-07 
 4.91600000e-04  1.58579500e-07 
 4.91700000e-04  1.58138618e-07 
 4.91800000e-04  1.57924181e-07 
 4.91900000e-04  1.57763555e-07 
 4.92000000e-04  1.57658302e-07 
 4.92100000e-04  1.73839327e-07 
 4.92200000e-04  1.73639150e-07 
 4.92300000e-04  1.73541762e-07 
 4.92400000e-04  1.73451215e-07 
 4.92500000e-04  1.73403463e-07 
 4.92600000e-04  1.60633169e-07 
 4.92700000e-04  1.60283125e-07 
 4.92800000e-04  1.60100166e-07 
 4.92900000e-04  1.59965233e-07 
 4.93000000e-04  1.59879729e-07 
 4.93100000e-04  1.73609741e-07 
 4.93200000e-04  1.73358270e-07 
 4.93300000e-04  1.73261860e-07 
 4.93400000e-04  1.73176564e-07 
 4.93500000e-04  1.73154063e-07 
 4.93600000e-04  1.59115605e-07 
 4.93700000e-04  1.58726630e-07 
 4.93800000e-04  1.58513403e-07 
 4.93900000e-04  1.58345333e-07 
 4.94000000e-04  1.58223878e-07 
 4.94100000e-04  1.75941174e-07 
 4.94200000e-04  1.75292290e-07 
 4.94300000e-04  1.75093631e-07 
 4.94400000e-04  1.75015656e-07 
 4.94500000e-04  1.74956473e-07 
 4.94600000e-04  1.64837140e-07 
 4.94700000e-04  1.64485926e-07 
 4.94800000e-04  1.64299239e-07 
 4.94900000e-04  1.64154060e-07 
 4.95000000e-04  1.64051624e-07 
 4.95100000e-04  1.73194916e-07 
 4.95200000e-04  1.72870596e-07 
 4.95300000e-04  1.72762255e-07 
 4.95400000e-04  1.72668375e-07 
 4.95500000e-04  1.72612357e-07 
 4.95600000e-04  1.58658965e-07 
 4.95700000e-04  1.58172666e-07 
 4.95800000e-04  1.57938859e-07 
 4.95900000e-04  1.57769716e-07 
 4.96000000e-04  1.57667230e-07 
 4.96100000e-04  1.73854906e-07 
 4.96200000e-04  1.73644161e-07 
 4.96300000e-04  1.73555521e-07 
 4.96400000e-04  1.73475657e-07 
 4.96500000e-04  1.73417490e-07 
 4.96600000e-04  1.60634346e-07 
 4.96700000e-04  1.60284990e-07 
 4.96800000e-04  1.60103893e-07 
 4.96900000e-04  1.59973625e-07 
 4.97000000e-04  1.59895755e-07 
 4.97100000e-04  1.73607633e-07 
 4.97200000e-04  1.73373423e-07 
 4.97300000e-04  1.73271404e-07 
 4.97400000e-04  1.73178476e-07 
 4.97500000e-04  1.73142565e-07 
 4.97600000e-04  1.59127560e-07 
 4.97700000e-04  1.58729273e-07 
 4.97800000e-04  1.58512020e-07 
 4.97900000e-04  1.58345967e-07 
 4.98000000e-04  1.58232723e-07 
 4.98100000e-04  1.74984243e-07 
 4.98200000e-04  1.74669504e-07 
 4.98300000e-04  1.74548319e-07 
 4.98400000e-04  1.74440042e-07 
 4.98500000e-04  1.74390060e-07 
 4.98600000e-04  1.62868177e-07 
 4.98700000e-04  1.62539193e-07 
 4.98800000e-04  1.62358466e-07 
 4.98900000e-04  1.62238501e-07 
 4.99000000e-04  1.62181224e-07 
 4.99100000e-04  1.73704264e-07 
 4.99200000e-04  1.73398504e-07 
 4.99300000e-04  1.73294717e-07 
 4.99400000e-04  1.73205024e-07 
 4.99500000e-04  1.73179437e-07 
 4.99600000e-04  1.59170950e-07 
 4.99700000e-04  1.58732625e-07 
 4.99800000e-04  1.58503198e-07 
 4.99900000e-04  1.58335763e-07 
 5.00000000e-04  1.58232286e-07 
 5.00100000e-04  1.74460371e-07 
 5.00200000e-04  1.74262028e-07 
 5.00300000e-04  1.74169055e-07 
 5.00400000e-04  1.74083495e-07 
 5.00500000e-04  1.74028873e-07 
 5.00600000e-04  1.61204083e-07 
 5.00700000e-04  1.60875856e-07 
 5.00800000e-04  1.60692071e-07 
 5.00900000e-04  1.60562830e-07 
 5.01000000e-04  1.60489862e-07 
 5.01100000e-04  1.74238631e-07 
 5.01200000e-04  1.73980793e-07 
 5.01300000e-04  1.73887149e-07 
 5.01400000e-04  1.73805786e-07 
 5.01500000e-04  1.73767275e-07 
 5.01600000e-04  1.59696049e-07 
 5.01700000e-04  1.59301832e-07 
 5.01800000e-04  1.59104549e-07 
 5.01900000e-04  1.58944118e-07 
 5.02000000e-04  1.58821707e-07 
 5.02100000e-04  1.76684349e-07 
 5.02200000e-04  1.76131615e-07 
 5.02300000e-04  1.75956500e-07 
 5.02400000e-04  1.75807483e-07 
 5.02500000e-04  1.75709771e-07 
 5.02600000e-04  1.66778995e-07 
 5.02700000e-04  1.66442577e-07 
 5.02800000e-04  1.66276952e-07 
 5.02900000e-04  1.66171729e-07 
 5.03000000e-04  1.66128824e-07 
 5.03100000e-04  1.73482722e-07 
 5.03200000e-04  1.73063671e-07 
 5.03300000e-04  1.72898033e-07 
 5.03400000e-04  1.72749725e-07 
 5.03500000e-04  1.72682635e-07 
 5.03600000e-04  1.58760367e-07 
 5.03700000e-04  1.58250346e-07 
 5.03800000e-04  1.58000984e-07 
 5.03900000e-04  1.57816688e-07 
 5.04000000e-04  1.57699521e-07 
 5.04100000e-04  1.73906306e-07 
 5.04200000e-04  1.73688334e-07 
 5.04300000e-04  1.73579412e-07 
 5.04400000e-04  1.73478237e-07 
 5.04500000e-04  1.73433318e-07 
 5.04600000e-04  1.60638172e-07 
 5.04700000e-04  1.60295700e-07 
 5.04800000e-04  1.60113531e-07 
 5.04900000e-04  1.59984943e-07 
 5.05000000e-04  1.59911635e-07 
 5.05100000e-04  1.73619330e-07 
 5.05200000e-04  1.73376582e-07 
 5.05300000e-04  1.73279532e-07 
 5.05400000e-04  1.73192848e-07 
 5.05500000e-04  1.73156717e-07 
 5.05600000e-04  1.59119324e-07 
 5.05700000e-04  1.58728483e-07 
 5.05800000e-04  1.58510558e-07 
 5.05900000e-04  1.58346611e-07 
 5.06000000e-04  1.58238352e-07 
 5.06100000e-04  1.75004982e-07 
 5.06200000e-04  1.74669669e-07 
 5.06300000e-04  1.74550404e-07 
 5.06400000e-04  1.74446763e-07 
 5.06500000e-04  1.74383034e-07 
 5.06600000e-04  1.62887875e-07 
 5.06700000e-04  1.62524955e-07 
 5.06800000e-04  1.62347874e-07 
 5.06900000e-04  1.62228771e-07 
 5.07000000e-04  1.62169485e-07 
 5.07100000e-04  1.73696586e-07 
 5.07200000e-04  1.73417907e-07 
 5.07300000e-04  1.73313814e-07 
 5.07400000e-04  1.73221613e-07 
 5.07500000e-04  1.73178719e-07 
 5.07600000e-04  1.59178904e-07 
 5.07700000e-04  1.58740033e-07 
 5.07800000e-04  1.58520071e-07 
 5.07900000e-04  1.58352484e-07 
 5.08000000e-04  1.58238932e-07 
 5.08100000e-04  1.74469276e-07 
 5.08200000e-04  1.74246378e-07 
 5.08300000e-04  1.74156089e-07 
 5.08400000e-04  1.74075845e-07 
 5.08500000e-04  1.74018328e-07 
 5.08600000e-04  1.61218615e-07 
 5.08700000e-04  1.60872454e-07 
 5.08800000e-04  1.60698719e-07 
 5.08900000e-04  1.60570603e-07 
 5.09000000e-04  1.60489553e-07 
 5.09100000e-04  1.74234817e-07 
 5.09200000e-04  1.73987275e-07 
 5.09300000e-04  1.73890894e-07 
 5.09400000e-04  1.73805501e-07 
 5.09500000e-04  1.73760788e-07 
 5.09600000e-04  1.59697922e-07 
 5.09700000e-04  1.59316315e-07 
 5.09800000e-04  1.59095798e-07 
 5.09900000e-04  1.58930523e-07 
 5.10000000e-04  1.58822242e-07 
 5.10100000e-04  1.76138675e-07 
 5.10200000e-04  1.75714708e-07 
 5.10300000e-04  1.75566180e-07 
 5.10400000e-04  1.75436386e-07 
 5.10500000e-04  1.75355649e-07 
 5.10600000e-04  1.65118783e-07 
 5.10700000e-04  1.64782181e-07 
 5.10800000e-04  1.64619509e-07 
 5.10900000e-04  1.64510063e-07 
 5.11000000e-04  1.64455530e-07 
 5.11100000e-04  1.73821661e-07 
 5.11200000e-04  1.73494393e-07 
 5.11300000e-04  1.73377451e-07 
 5.11400000e-04  1.73274600e-07 
 5.11500000e-04  1.73219204e-07 
 5.11600000e-04  1.59241851e-07 
 5.11700000e-04  1.58762150e-07 
 5.11800000e-04  1.58537443e-07 
 5.11900000e-04  1.58370610e-07 
 5.12000000e-04  1.58263487e-07 
 5.12100000e-04  1.74486828e-07 
 5.12200000e-04  1.74269341e-07 
 5.12300000e-04  1.74168571e-07 
 5.12400000e-04  1.74076077e-07 
 5.12500000e-04  1.74051874e-07 
 5.12600000e-04  1.61203861e-07 
 5.12700000e-04  1.60872404e-07 
 5.12800000e-04  1.60702903e-07 
 5.12900000e-04  1.60579367e-07 
 5.13000000e-04  1.60503256e-07 
 5.13100000e-04  1.74243782e-07 
 5.13200000e-04  1.73992946e-07 
 5.13300000e-04  1.73896257e-07 
 5.13400000e-04  1.73810970e-07 
 5.13500000e-04  1.73771978e-07 
 5.13600000e-04  1.59693011e-07 
 5.13700000e-04  1.59318254e-07 
 5.13800000e-04  1.59108264e-07 
 5.13900000e-04  1.58945234e-07 
 5.14000000e-04  1.58830653e-07 
 5.14100000e-04  1.75622080e-07 
 5.14200000e-04  1.75292112e-07 
 5.14300000e-04  1.75168501e-07 
 5.14400000e-04  1.75059471e-07 
 5.14500000e-04  1.75003658e-07 
 5.14600000e-04  1.63457144e-07 
 5.14700000e-04  1.63111613e-07 
 5.14800000e-04  1.62942013e-07 
 5.14900000e-04  1.62830502e-07 
 5.15000000e-04  1.62778922e-07 
 5.15100000e-04  1.74328558e-07 
 5.15200000e-04  1.74040504e-07 
 5.15300000e-04  1.73933213e-07 
 5.15400000e-04  1.73838484e-07 
 5.15500000e-04  1.73788093e-07 
 5.15600000e-04  1.59761734e-07 
 5.15700000e-04  1.59323217e-07 
 5.15800000e-04  1.59103565e-07 
 5.15900000e-04  1.58936871e-07 
 5.16000000e-04  1.58824816e-07 
 5.16100000e-04  1.75090095e-07 
 5.16200000e-04  1.74888500e-07 
 5.16300000e-04  1.74788393e-07 
 5.16400000e-04  1.74694963e-07 
 5.16500000e-04  1.74647340e-07 
 5.16600000e-04  1.61793435e-07 
 5.16700000e-04  1.61456953e-07 
 5.16800000e-04  1.61276943e-07 
 5.16900000e-04  1.61156080e-07 
 5.17000000e-04  1.61096241e-07 
 5.17100000e-04  1.74857041e-07 
 5.17200000e-04  1.74597954e-07 
 5.17300000e-04  1.74499604e-07 
 5.17400000e-04  1.74412723e-07 
 5.17500000e-04  1.74381218e-07 
 5.17600000e-04  1.60292147e-07 
 5.17700000e-04  1.59909282e-07 
 5.17800000e-04  1.59698108e-07 
 5.17900000e-04  1.59535736e-07 
 5.18000000e-04  1.59423713e-07 
 5.18100000e-04  1.88940829e-07 
 5.18200000e-04  1.86324138e-07 
 5.18300000e-04  1.85519022e-07 
 5.18400000e-04  1.85266754e-07 
 5.18500000e-04  1.85014486e-07 
 5.18600000e-04  1.75732641e-07 
 5.18700000e-04  1.74614404e-07 
 5.18800000e-04  1.74275955e-07 
 5.18900000e-04  1.74062584e-07 
 5.19000000e-04  1.73976546e-07 
 5.19100000e-04  1.71282435e-07 
 5.19200000e-04  1.70507704e-07 
 5.19300000e-04  1.70299474e-07 
 5.19400000e-04  1.70127837e-07 
 5.19500000e-04  1.70067897e-07 
 5.19600000e-04  1.57648137e-07 
 5.19700000e-04  1.56967420e-07 
 5.19800000e-04  1.56706427e-07 
 5.19900000e-04 -0.00000000e+00 
 5.20000000e-04  1.56573892e-07 
