 time            -i(vdd)        
 2.60000000e-04 -1.26577369e-04 
 2.60100000e-04  1.83721356e-07 
 2.60200000e-04  1.75016810e-07 
 2.60300000e-04  1.72694019e-07 
 2.60400000e-04  1.70735648e-07 
 2.60500000e-04  1.70077243e-07 
 2.60600000e-04  1.76681130e-07 
 2.60700000e-04  1.75910716e-07 
 2.60800000e-04  1.75485200e-07 
 2.60900000e-04  1.75139148e-07 
 2.61000000e-04  1.74874284e-07 
 2.61100000e-04  1.56450270e-07 
 2.61200000e-04  1.54082302e-07 
 2.61300000e-04  1.53484634e-07 
 2.61400000e-04  1.53004131e-07 
 2.61500000e-04  1.52784329e-07 
 2.61600000e-04  1.38890557e-07 
 2.61700000e-04  1.37641093e-07 
 2.61800000e-04  1.37196175e-07 
 2.61900000e-04  1.36878472e-07 
 2.62000000e-04  1.36692018e-07 
 2.62100000e-04  1.61894554e-07 
 2.62200000e-04  1.60617331e-07 
 2.62300000e-04  1.60333241e-07 
 2.62400000e-04  1.60129408e-07 
 2.62500000e-04  1.60044384e-07 
 2.62600000e-04  1.48511380e-07 
 2.62700000e-04  1.47932522e-07 
 2.62800000e-04  1.47639052e-07 
 2.62900000e-04  1.47420622e-07 
 2.63000000e-04  1.47278835e-07 
 2.63100000e-04  1.99993010e-07 
 2.63200000e-04  1.94213504e-07 
 2.63300000e-04  1.92920246e-07 
 2.63400000e-04  1.91921866e-07 
 2.63500000e-04  1.91649144e-07 
 2.63600000e-04  1.78198145e-07 
 2.63700000e-04  1.77567869e-07 
 2.63800000e-04  1.77242258e-07 
 2.63900000e-04  1.76995178e-07 
 2.64000000e-04  1.76829117e-07 
 2.64100000e-04  1.72663147e-07 
 2.64200000e-04  1.68075148e-07 
 2.64300000e-04  1.67028148e-07 
 2.64400000e-04  1.66211894e-07 
 2.64500000e-04  1.65971603e-07 
 2.64600000e-04  1.53737177e-07 
 2.64700000e-04  1.53127617e-07 
 2.64800000e-04  1.52814993e-07 
 2.64900000e-04  1.52587053e-07 
 2.65000000e-04  1.52446480e-07 
 2.65100000e-04  1.66020368e-07 
 2.65200000e-04  1.65524756e-07 
 2.65300000e-04  1.65366537e-07 
 2.65400000e-04  1.65230857e-07 
 2.65500000e-04  1.65174025e-07 
 2.65600000e-04  1.51588164e-07 
 2.65700000e-04  1.51133478e-07 
 2.65800000e-04  1.50896987e-07 
 2.65900000e-04  1.50727675e-07 
 2.66000000e-04  1.50627669e-07 
 2.66100000e-04  1.66988582e-07 
 2.66200000e-04  1.66721788e-07 
 2.66300000e-04  1.66630199e-07 
 2.66400000e-04  1.66550325e-07 
 2.66500000e-04  1.66493113e-07 
 2.66600000e-04  1.55444284e-07 
 2.66700000e-04  1.55023360e-07 
 2.66800000e-04  1.54814311e-07 
 2.66900000e-04  1.54666013e-07 
 2.67000000e-04  1.54580386e-07 
 2.67100000e-04  1.66083077e-07 
 2.67200000e-04  1.65565667e-07 
 2.67300000e-04  1.65411242e-07 
 2.67400000e-04  1.65279587e-07 
 2.67500000e-04  1.65230979e-07 
 2.67600000e-04  1.51669185e-07 
 2.67700000e-04  1.51174071e-07 
 2.67800000e-04  1.50906997e-07 
 2.67900000e-04  1.50711859e-07 
 2.68000000e-04  1.50590937e-07 
 2.68100000e-04  1.66389926e-07 
 2.68200000e-04  1.66214112e-07 
 2.68300000e-04  1.66141963e-07 
 2.68400000e-04  1.66076995e-07 
 2.68500000e-04  1.66036977e-07 
 2.68600000e-04  1.53646941e-07 
 2.68700000e-04  1.53239962e-07 
 2.68800000e-04  1.53032646e-07 
 2.68900000e-04  1.52883380e-07 
 2.69000000e-04  1.52793998e-07 
 2.69100000e-04  1.67870688e-07 
 2.69200000e-04  1.67395345e-07 
 2.69300000e-04  1.67230449e-07 
 2.69400000e-04  1.67155335e-07 
 2.69500000e-04  1.67109233e-07 
 2.69600000e-04  1.52978757e-07 
 2.69700000e-04  1.52380255e-07 
 2.69800000e-04  1.52089997e-07 
 2.69900000e-04  1.51885643e-07 
 2.70000000e-04  1.51769022e-07 
 2.70100000e-04  1.03754922e-04 
 2.70200000e-04  1.03754350e-04 
 2.70300000e-04  1.03754178e-04 
 2.70400000e-04  1.03754032e-04 
 2.70500000e-04  1.03753971e-04 
 2.70600000e-04  1.03744175e-04 
 2.70700000e-04  1.03743756e-04 
 2.70800000e-04  1.03743550e-04 
 2.70900000e-04  1.03743415e-04 
 2.71000000e-04  1.03743351e-04 
 2.71100000e-04  1.67252580e-07 
 2.71200000e-04  1.66642665e-07 
 2.71300000e-04  1.66475456e-07 
 2.71400000e-04  1.66336862e-07 
 2.71500000e-04  1.66276464e-07 
 2.71600000e-04  1.52724148e-07 
 2.71700000e-04  1.52176788e-07 
 2.71800000e-04  1.51918918e-07 
 2.71900000e-04  1.51729992e-07 
 2.72000000e-04  1.51612191e-07 
 2.72100000e-04  1.67470966e-07 
 2.72200000e-04  1.67286668e-07 
 2.72300000e-04  1.67217014e-07 
 2.72400000e-04  1.67155995e-07 
 2.72500000e-04  1.67101270e-07 
 2.72600000e-04  1.54667027e-07 
 2.72700000e-04  1.54269338e-07 
 2.72800000e-04  1.54069013e-07 
 2.72900000e-04  1.53924677e-07 
 2.73000000e-04  1.53838094e-07 
 2.73100000e-04  1.67212048e-07 
 2.73200000e-04  1.67006988e-07 
 2.73300000e-04  1.66933915e-07 
 2.73400000e-04  1.66869830e-07 
 2.73500000e-04  1.66838925e-07 
 2.73600000e-04  1.53142423e-07 
 2.73700000e-04  1.52707954e-07 
 2.73800000e-04  1.52469232e-07 
 2.73900000e-04  1.52290698e-07 
 2.74000000e-04  1.52174248e-07 
 2.74100000e-04  1.68592602e-07 
 2.74200000e-04  1.68306923e-07 
 2.74300000e-04  1.68198023e-07 
 2.74400000e-04  1.68101149e-07 
 2.74500000e-04  1.68052663e-07 
 2.74600000e-04  1.56901601e-07 
 2.74700000e-04  1.56511824e-07 
 2.74800000e-04  1.56306956e-07 
 2.74900000e-04  1.56166056e-07 
 2.75000000e-04  1.56091138e-07 
 2.75100000e-04  1.67284039e-07 
 2.75200000e-04  1.67036941e-07 
 2.75300000e-04  1.66949899e-07 
 2.75400000e-04  1.66873360e-07 
 2.75500000e-04  1.66837246e-07 
 2.75600000e-04  1.53187173e-07 
 2.75700000e-04  1.52711574e-07 
 2.75800000e-04  1.52470691e-07 
 2.75900000e-04  1.52281872e-07 
 2.76000000e-04  1.52146754e-07 
 2.76100000e-04  1.68048073e-07 
 2.76200000e-04  1.67873010e-07 
 2.76300000e-04  1.67793423e-07 
 2.76400000e-04  1.67720339e-07 
 2.76500000e-04  1.67675494e-07 
 2.76600000e-04  1.55223755e-07 
 2.76700000e-04  1.54840939e-07 
 2.76800000e-04  1.54642870e-07 
 2.76900000e-04  1.54496907e-07 
 2.77000000e-04  1.54404686e-07 
 2.77100000e-04  1.67814654e-07 
 2.77200000e-04  1.67586064e-07 
 2.77300000e-04  1.67519064e-07 
 2.77400000e-04  1.67464190e-07 
 2.77500000e-04  1.67433156e-07 
 2.77600000e-04  1.53697896e-07 
 2.77700000e-04  1.53257260e-07 
 2.77800000e-04  1.53029951e-07 
 2.77900000e-04  1.52857700e-07 
 2.78000000e-04  1.52742237e-07 
 2.78100000e-04  1.70260780e-07 
 2.78200000e-04  1.69739381e-07 
 2.78300000e-04  1.69584458e-07 
 2.78400000e-04  1.69455287e-07 
 2.78500000e-04  1.69386973e-07 
 2.78600000e-04  1.60783023e-07 
 2.78700000e-04  1.60393375e-07 
 2.78800000e-04  1.60214903e-07 
 2.78900000e-04  1.60099682e-07 
 2.79000000e-04  1.60049701e-07 
 2.79100000e-04  1.67437027e-07 
 2.79200000e-04  1.66769758e-07 
 2.79300000e-04  1.66572328e-07 
 2.79400000e-04  1.66405634e-07 
 2.79500000e-04  1.66330580e-07 
 2.79600000e-04  1.52739850e-07 
 2.79700000e-04  1.52180357e-07 
 2.79800000e-04  1.51914231e-07 
 2.79900000e-04  1.51712492e-07 
 2.80000000e-04  1.51577165e-07 
 2.80100000e-04  1.67463728e-07 
 2.80200000e-04  1.67274231e-07 
 2.80300000e-04  1.67191643e-07 
 2.80400000e-04  1.67117308e-07 
 2.80500000e-04  1.67075937e-07 
 2.80600000e-04  1.54619398e-07 
 2.80700000e-04  1.54231196e-07 
 2.80800000e-04  1.54038617e-07 
 2.80900000e-04  1.53897566e-07 
 2.81000000e-04  1.53809658e-07 
 2.81100000e-04  1.67182084e-07 
 2.81200000e-04  1.66981662e-07 
 2.81300000e-04  1.66909276e-07 
 2.81400000e-04  1.66845428e-07 
 2.81500000e-04  1.66797330e-07 
 2.81600000e-04  1.53110891e-07 
 2.81700000e-04  1.52673456e-07 
 2.81800000e-04  1.52436930e-07 
 2.81900000e-04  1.52255530e-07 
 2.82000000e-04  1.52130983e-07 
 2.82100000e-04  1.68554960e-07 
 2.82200000e-04  1.68277920e-07 
 2.82300000e-04  1.68169290e-07 
 2.82400000e-04  1.68071770e-07 
 2.82500000e-04  1.68036036e-07 
 2.82600000e-04  1.56862155e-07 
 2.82700000e-04  1.56482621e-07 
 2.82800000e-04  1.56282357e-07 
 2.82900000e-04  1.56146763e-07 
 2.83000000e-04  1.56077869e-07 
 2.83100000e-04  1.67266567e-07 
 2.83200000e-04  1.67005070e-07 
 2.83300000e-04  1.66916234e-07 
 2.83400000e-04  1.66839150e-07 
 2.83500000e-04  1.66809989e-07 
 2.83600000e-04  1.53148988e-07 
 2.83700000e-04  1.52682088e-07 
 2.83800000e-04  1.52430454e-07 
 2.83900000e-04  1.52247619e-07 
 2.84000000e-04  1.52135746e-07 
 2.84100000e-04  1.68033791e-07 
 2.84200000e-04  1.67844957e-07 
 2.84300000e-04  1.67773876e-07 
 2.84400000e-04  1.67711888e-07 
 2.84500000e-04  1.67678864e-07 
 2.84600000e-04  1.55203540e-07 
 2.84700000e-04  1.54816136e-07 
 2.84800000e-04  1.54613875e-07 
 2.84900000e-04  1.54469974e-07 
 2.85000000e-04  1.54386258e-07 
 2.85100000e-04  1.67786362e-07 
 2.85200000e-04  1.67577350e-07 
 2.85300000e-04  1.67504043e-07 
 2.85400000e-04  1.67440070e-07 
 2.85500000e-04  1.67408279e-07 
 2.85600000e-04  1.53675363e-07 
 2.85700000e-04  1.53255748e-07 
 2.85800000e-04  1.53014469e-07 
 2.85900000e-04  1.52835749e-07 
 2.86000000e-04  1.52721549e-07 
 2.86100000e-04  1.69693691e-07 
 2.86200000e-04  1.69303246e-07 
 2.86300000e-04  1.69167820e-07 
 2.86400000e-04  1.69049329e-07 
 2.86500000e-04  1.68999356e-07 
 2.86600000e-04  1.59092033e-07 
 2.86700000e-04  1.58716999e-07 
 2.86800000e-04  1.58529838e-07 
 2.86900000e-04  1.58404921e-07 
 2.87000000e-04  1.58344195e-07 
 2.87100000e-04  1.67368899e-07 
 2.87200000e-04  1.67091516e-07 
 2.87300000e-04  1.66988362e-07 
 2.87400000e-04  1.66896226e-07 
 2.87500000e-04  1.66875031e-07 
 2.87600000e-04  1.53221957e-07 
 2.87700000e-04  1.52712438e-07 
 2.87800000e-04  1.52455251e-07 
 2.87900000e-04  1.52267918e-07 
 2.88000000e-04  1.52152632e-07 
 2.88100000e-04  1.68049000e-07 
 2.88200000e-04  1.67864393e-07 
 2.88300000e-04  1.67787540e-07 
 2.88400000e-04  1.67718680e-07 
 2.88500000e-04  1.67682184e-07 
 2.88600000e-04  1.55201757e-07 
 2.88700000e-04  1.54825506e-07 
 2.88800000e-04  1.54615344e-07 
 2.88900000e-04  1.54469874e-07 
 2.89000000e-04  1.54391122e-07 
 2.89100000e-04  1.67807291e-07 
 2.89200000e-04  1.67582554e-07 
 2.89300000e-04  1.67503667e-07 
 2.89400000e-04  1.67435582e-07 
 2.89500000e-04  1.67413479e-07 
 2.89600000e-04  1.53690584e-07 
 2.89700000e-04  1.53247628e-07 
 2.89800000e-04  1.53018980e-07 
 2.89900000e-04  1.52840866e-07 
 2.90000000e-04  1.52714863e-07 
 2.90100000e-04  1.69161209e-07 
 2.90200000e-04  1.68888713e-07 
 2.90300000e-04  1.68781358e-07 
 2.90400000e-04  1.68684648e-07 
 2.90500000e-04  1.68647427e-07 
 2.90600000e-04  1.57438302e-07 
 2.90700000e-04  1.57061494e-07 
 2.90800000e-04  1.56866797e-07 
 2.90900000e-04  1.56735345e-07 
 2.91000000e-04  1.56669119e-07 
 2.91100000e-04  1.67873565e-07 
 2.91200000e-04  1.67626382e-07 
 2.91300000e-04  1.67541202e-07 
 2.91400000e-04  1.67466496e-07 
 2.91500000e-04  1.67423892e-07 
 2.91600000e-04  1.53734148e-07 
 2.91700000e-04  1.53271630e-07 
 2.91800000e-04  1.53028930e-07 
 2.91900000e-04  1.52842786e-07 
 2.92000000e-04  1.52714962e-07 
 2.92100000e-04  1.68647511e-07 
 2.92200000e-04  1.68461689e-07 
 2.92300000e-04  1.68388120e-07 
 2.92400000e-04  1.68322621e-07 
 2.92500000e-04  1.68271114e-07 
 2.92600000e-04  1.55771412e-07 
 2.92700000e-04  1.55399382e-07 
 2.92800000e-04  1.55199526e-07 
 2.92900000e-04  1.55059609e-07 
 2.93000000e-04  1.54981503e-07 
 2.93100000e-04  1.68400495e-07 
 2.93200000e-04  1.68197938e-07 
 2.93300000e-04  1.68120332e-07 
 2.93400000e-04  1.68051066e-07 
 2.93500000e-04  1.68026051e-07 
 2.93600000e-04  1.54268383e-07 
 2.93700000e-04  1.53834742e-07 
 2.93800000e-04  1.53605576e-07 
 2.93900000e-04  1.53430699e-07 
 2.94000000e-04  1.53311806e-07 
 2.94100000e-04  1.71372673e-07 
 2.94200000e-04  1.70767984e-07 
 2.94300000e-04  1.70574664e-07 
 2.94400000e-04  1.70408154e-07 
 2.94500000e-04  1.70345496e-07 
 2.94600000e-04  1.63019423e-07 
 2.94700000e-04  1.62616374e-07 
 2.94800000e-04  1.62444725e-07 
 2.94900000e-04  1.62340306e-07 
 2.95000000e-04  1.62305215e-07 
 2.95100000e-04  1.67722798e-07 
 2.95200000e-04  1.66861598e-07 
 2.95300000e-04  1.66621608e-07 
 2.95400000e-04  1.66421405e-07 
 2.95500000e-04  1.66328866e-07 
 2.95600000e-04  1.52783802e-07 
 2.95700000e-04  1.52187224e-07 
 2.95800000e-04  1.51911118e-07 
 2.95900000e-04  1.51706522e-07 
 2.96000000e-04  1.51575675e-07 
 2.96100000e-04  1.67456937e-07 
 2.96200000e-04  1.67287866e-07 
 2.96300000e-04  1.67203036e-07 
 2.96400000e-04  1.67123884e-07 
 2.96500000e-04  1.67072748e-07 
 2.96600000e-04  1.54619873e-07 
 2.96700000e-04  1.54221238e-07 
 2.96800000e-04  1.54025434e-07 
 2.96900000e-04  1.53884561e-07 
 2.97000000e-04  1.53800327e-07 
 2.97100000e-04  1.67184513e-07 
 2.97200000e-04  1.66975165e-07 
 2.97300000e-04  1.66902118e-07 
 2.97400000e-04  1.66838549e-07 
 2.97500000e-04  1.66794241e-07 
 2.97600000e-04  1.53096080e-07 
 2.97700000e-04  1.52669076e-07 
 2.97800000e-04  1.52425678e-07 
 2.97900000e-04  1.52246431e-07 
 2.98000000e-04  1.52133333e-07 
 2.98100000e-04  1.68544199e-07 
 2.98200000e-04  1.68254796e-07 
 2.98300000e-04  1.68152894e-07 
 2.98400000e-04  1.68063759e-07 
 2.98500000e-04  1.68030302e-07 
 2.98600000e-04  1.56863273e-07 
 2.98700000e-04  1.56467929e-07 
 2.98800000e-04  1.56264105e-07 
 2.98900000e-04  1.56127942e-07 
 2.99000000e-04  1.56061553e-07 
 2.99100000e-04  1.67260501e-07 
 2.99200000e-04  1.66994076e-07 
 2.99300000e-04  1.66911344e-07 
 2.99400000e-04  1.66841620e-07 
 2.99500000e-04  1.66800173e-07 
 2.99600000e-04  1.53146434e-07 
 2.99700000e-04  1.52664073e-07 
 2.99800000e-04  1.52420400e-07 
 2.99900000e-04  1.52242038e-07 
 3.00000000e-04  1.52131021e-07 
 3.00100000e-04  1.68017976e-07 
 3.00200000e-04  1.67849262e-07 
 3.00300000e-04  1.67769536e-07 
 3.00400000e-04  1.67695745e-07 
 3.00500000e-04  1.67649703e-07 
 3.00600000e-04  1.55170305e-07 
 3.00700000e-04  1.54805420e-07 
 3.00800000e-04  1.54608966e-07 
 3.00900000e-04  1.54465166e-07 
 3.01000000e-04  1.54375654e-07 
 3.01100000e-04  1.67781503e-07 
 3.01200000e-04  1.67567018e-07 
 3.01300000e-04  1.67486368e-07 
 3.01400000e-04  1.67415246e-07 
 3.01500000e-04  1.67388696e-07 
 3.01600000e-04  1.53669029e-07 
 3.01700000e-04  1.53236609e-07 
 3.01800000e-04  1.53003768e-07 
 3.01900000e-04  1.52829784e-07 
 3.02000000e-04  1.52716483e-07 
 3.02100000e-04  1.69689452e-07 
 3.02200000e-04  1.69291836e-07 
 3.02300000e-04  1.69154253e-07 
 3.02400000e-04  1.69033927e-07 
 3.02500000e-04  1.68998094e-07 
 3.02600000e-04  1.59088424e-07 
 3.02700000e-04  1.58716081e-07 
 3.02800000e-04  1.58517942e-07 
 3.02900000e-04  1.58386690e-07 
 3.03000000e-04  1.58324404e-07 
 3.03100000e-04  1.67361005e-07 
 3.03200000e-04  1.67070896e-07 
 3.03300000e-04  1.66980008e-07 
 3.03400000e-04  1.66902223e-07 
 3.03500000e-04  1.66854434e-07 
 3.03600000e-04  1.53220009e-07 
 3.03700000e-04  1.52706893e-07 
 3.03800000e-04  1.52454625e-07 
 3.03900000e-04  1.52265536e-07 
 3.04000000e-04  1.52141590e-07 
 3.04100000e-04  1.68041289e-07 
 3.04200000e-04  1.67854500e-07 
 3.04300000e-04  1.67775981e-07 
 3.04400000e-04  1.67705364e-07 
 3.04500000e-04  1.67660376e-07 
 3.04600000e-04  1.55194180e-07 
 3.04700000e-04  1.54801572e-07 
 3.04800000e-04  1.54597430e-07 
 3.04900000e-04  1.54458005e-07 
 3.05000000e-04  1.54385308e-07 
 3.05100000e-04  1.67780791e-07 
 3.05200000e-04  1.67580407e-07 
 3.05300000e-04  1.67507076e-07 
 3.05400000e-04  1.67442090e-07 
 3.05500000e-04  1.67403188e-07 
 3.05600000e-04  1.53677691e-07 
 3.05700000e-04  1.53257026e-07 
 3.05800000e-04  1.53022098e-07 
 3.05900000e-04  1.52838064e-07 
 3.06000000e-04  1.52706496e-07 
 3.06100000e-04  1.69155441e-07 
 3.06200000e-04  1.68868084e-07 
 3.06300000e-04  1.68762832e-07 
 3.06400000e-04  1.68670053e-07 
 3.06500000e-04  1.68633726e-07 
 3.06600000e-04  1.57432568e-07 
 3.06700000e-04  1.57047337e-07 
 3.06800000e-04  1.56850366e-07 
 3.06900000e-04  1.56717088e-07 
 3.07000000e-04  1.56649481e-07 
 3.07100000e-04  1.67863807e-07 
 3.07200000e-04  1.67616470e-07 
 3.07300000e-04  1.67531774e-07 
 3.07400000e-04  1.67457643e-07 
 3.07500000e-04  1.67420506e-07 
 3.07600000e-04  1.53712676e-07 
 3.07700000e-04  1.53269507e-07 
 3.07800000e-04  1.53021751e-07 
 3.07900000e-04  1.52835529e-07 
 3.08000000e-04  1.52712751e-07 
 3.08100000e-04  1.68638230e-07 
 3.08200000e-04  1.68463076e-07 
 3.08300000e-04  1.68382623e-07 
 3.08400000e-04  1.68308779e-07 
 3.08500000e-04  1.68280656e-07 
 3.08600000e-04  1.55763373e-07 
 3.08700000e-04  1.55380479e-07 
 3.08800000e-04  1.55181305e-07 
 3.08900000e-04  1.55043926e-07 
 3.09000000e-04  1.54970257e-07 
 3.09100000e-04  1.68411880e-07 
 3.09200000e-04  1.68174864e-07 
 3.09300000e-04  1.68101246e-07 
 3.09400000e-04  1.68040062e-07 
 3.09500000e-04  1.68007776e-07 
 3.09600000e-04  1.54253169e-07 
 3.09700000e-04  1.53826289e-07 
 3.09800000e-04  1.53599557e-07 
 3.09900000e-04  1.53426866e-07 
 3.10000000e-04  1.53309889e-07 
 3.10100000e-04  1.70844307e-07 
 3.10200000e-04  1.70326570e-07 
 3.10300000e-04  1.70169195e-07 
 3.10400000e-04  1.70036434e-07 
 3.10500000e-04  1.69981327e-07 
 3.10600000e-04  1.61351343e-07 
 3.10700000e-04  1.60964872e-07 
 3.10800000e-04  1.60774217e-07 
 3.10900000e-04  1.60654269e-07 
 3.11000000e-04  1.60607222e-07 
 3.11100000e-04  1.67666296e-07 
 3.11200000e-04  1.67274437e-07 
 3.11300000e-04  1.67128918e-07 
 3.11400000e-04  1.67000042e-07 
 3.11500000e-04  1.66952755e-07 
 3.11600000e-04  1.53317774e-07 
 3.11700000e-04  1.52759699e-07 
 3.11800000e-04  1.52484379e-07 
 3.11900000e-04  1.52282462e-07 
 3.12000000e-04  1.52156227e-07 
 3.12100000e-04  1.68069228e-07 
 3.12200000e-04  1.67887166e-07 
 3.12300000e-04  1.67807505e-07 
 3.12400000e-04  1.67735228e-07 
 3.12500000e-04  1.67698974e-07 
 3.12600000e-04  1.55193843e-07 
 3.12700000e-04  1.54813115e-07 
 3.12800000e-04  1.54623602e-07 
 3.12900000e-04  1.54480256e-07 
 3.13000000e-04  1.54384489e-07 
 3.13100000e-04  1.67798056e-07 
 3.13200000e-04  1.67591606e-07 
 3.13300000e-04  1.67513740e-07 
 3.13400000e-04  1.67444497e-07 
 3.13500000e-04  1.67419242e-07 
 3.13600000e-04  1.53691430e-07 
 3.13700000e-04  1.53236785e-07 
 3.13800000e-04  1.53003822e-07 
 3.13900000e-04  1.52829428e-07 
 3.14000000e-04  1.52715412e-07 
 3.14100000e-04  1.69165694e-07 
 3.14200000e-04  1.68882948e-07 
 3.14300000e-04  1.68781587e-07 
 3.14400000e-04  1.68692134e-07 
 3.14500000e-04  1.68630644e-07 
 3.14600000e-04  1.57441140e-07 
 3.14700000e-04  1.57052999e-07 
 3.14800000e-04  1.56863033e-07 
 3.14900000e-04  1.56730964e-07 
 3.15000000e-04  1.56658579e-07 
 3.15100000e-04  1.67870385e-07 
 3.15200000e-04  1.67629031e-07 
 3.15300000e-04  1.67542055e-07 
 3.15400000e-04  1.67464969e-07 
 3.15500000e-04  1.67429841e-07 
 3.15600000e-04  1.53717470e-07 
 3.15700000e-04  1.53249793e-07 
 3.15800000e-04  1.53011010e-07 
 3.15900000e-04  1.52835943e-07 
 3.16000000e-04  1.52726562e-07 
 3.16100000e-04  1.68653205e-07 
 3.16200000e-04  1.68466742e-07 
 3.16300000e-04  1.68380929e-07 
 3.16400000e-04  1.68302673e-07 
 3.16500000e-04  1.68261498e-07 
 3.16600000e-04  1.55758833e-07 
 3.16700000e-04  1.55402315e-07 
 3.16800000e-04  1.55195330e-07 
 3.16900000e-04  1.55050031e-07 
 3.17000000e-04  1.54968319e-07 
 3.17100000e-04  1.68395803e-07 
 3.17200000e-04  1.68172928e-07 
 3.17300000e-04  1.68107686e-07 
 3.17400000e-04  1.68054020e-07 
 3.17500000e-04  1.68008396e-07 
 3.17600000e-04  1.54261415e-07 
 3.17700000e-04  1.53823938e-07 
 3.17800000e-04  1.53599804e-07 
 3.17900000e-04  1.53426636e-07 
 3.18000000e-04  1.53305994e-07 
 3.18100000e-04  1.70307922e-07 
 3.18200000e-04  1.69911757e-07 
 3.18300000e-04  1.69782776e-07 
 3.18400000e-04  1.69671936e-07 
 3.18500000e-04  1.69612563e-07 
 3.18600000e-04  1.59687348e-07 
 3.18700000e-04  1.59305537e-07 
 3.18800000e-04  1.59108822e-07 
 3.18900000e-04  1.58980418e-07 
 3.19000000e-04  1.58922441e-07 
 3.19100000e-04  1.67995381e-07 
 3.19200000e-04  1.67702857e-07 
 3.19300000e-04  1.67599005e-07 
 3.19400000e-04  1.67507452e-07 
 3.19500000e-04  1.67468131e-07 
 3.19600000e-04  1.53802864e-07 
 3.19700000e-04  1.53300613e-07 
 3.19800000e-04  1.53040360e-07 
 3.19900000e-04  1.52848361e-07 
 3.20000000e-04  1.52726725e-07 
 3.20100000e-04  1.68664433e-07 
 3.20200000e-04  1.68479991e-07 
 3.20300000e-04  1.68401348e-07 
 3.20400000e-04  1.68330579e-07 
 3.20500000e-04  1.68291033e-07 
 3.20600000e-04  1.55777066e-07 
 3.20700000e-04  1.55399546e-07 
 3.20800000e-04  1.55193972e-07 
 3.20900000e-04  1.55053288e-07 
 3.21000000e-04  1.54979496e-07 
 3.21100000e-04  1.68406482e-07 
 3.21200000e-04  1.68198810e-07 
 3.21300000e-04  1.68120132e-07 
 3.21400000e-04  1.68049946e-07 
 3.21500000e-04  1.68014032e-07 
 3.21600000e-04  1.54267280e-07 
 3.21700000e-04  1.53830901e-07 
 3.21800000e-04  1.53602049e-07 
 3.21900000e-04  1.53428917e-07 
 3.22000000e-04  1.53313215e-07 
 3.22100000e-04  1.69782992e-07 
 3.22200000e-04  1.69495793e-07 
 3.22300000e-04  1.69396011e-07 
 3.22400000e-04  1.69308984e-07 
 3.22500000e-04  1.69249197e-07 
 3.22600000e-04  1.58016253e-07 
 3.22700000e-04  1.57657145e-07 
 3.22800000e-04  1.57459885e-07 
 3.22900000e-04  1.57323134e-07 
 3.23000000e-04  1.57248751e-07 
 3.23100000e-04  1.68494332e-07 
 3.23200000e-04  1.68241551e-07 
 3.23300000e-04  1.68155579e-07 
 3.23400000e-04  1.68080437e-07 
 3.23500000e-04  1.68050283e-07 
 3.23600000e-04  1.54299946e-07 
 3.23700000e-04  1.53839043e-07 
 3.23800000e-04  1.53608421e-07 
 3.23900000e-04  1.53435711e-07 
 3.24000000e-04  1.53322690e-07 
 3.24100000e-04  1.69261099e-07 
 3.24200000e-04  1.69078249e-07 
 3.24300000e-04  1.69000974e-07 
 3.24400000e-04  1.68930866e-07 
 3.24500000e-04  1.68897253e-07 
 3.24600000e-04  1.56349274e-07 
 3.24700000e-04  1.55971664e-07 
 3.24800000e-04  1.55779201e-07 
 3.24900000e-04  1.55644354e-07 
 3.25000000e-04  1.55568891e-07 
 3.25100000e-04  1.69033252e-07 
 3.25200000e-04  1.68808975e-07 
 3.25300000e-04  1.68734516e-07 
 3.25400000e-04  1.68671080e-07 
 3.25500000e-04  1.68639636e-07 
 3.25600000e-04  1.54851022e-07 
 3.25700000e-04  1.54430095e-07 
 3.25800000e-04  1.54195725e-07 
 3.25900000e-04  1.54014740e-07 
 3.26000000e-04  1.53888768e-07 
 3.26100000e-04  1.72528499e-07 
 3.26200000e-04  1.71797565e-07 
 3.26300000e-04  1.71586244e-07 
 3.26400000e-04  1.71409992e-07 
 3.26500000e-04  1.71331769e-07 
 3.26600000e-04  1.65252878e-07 
 3.26700000e-04  1.64871644e-07 
 3.26800000e-04  1.64692875e-07 
 3.26900000e-04  1.64591059e-07 
 3.27000000e-04  1.64568574e-07 
 3.27100000e-04  1.67807605e-07 
 3.27200000e-04  1.66870335e-07 
 3.27300000e-04  1.66630741e-07 
 3.27400000e-04  1.66435377e-07 
 3.27500000e-04  1.66347655e-07 
 3.27600000e-04  1.52831225e-07 
 3.27700000e-04  1.52175837e-07 
 3.27800000e-04  1.51900926e-07 
 3.27900000e-04  1.51698772e-07 
 3.28000000e-04  1.51571623e-07 
 3.28100000e-04  1.67459563e-07 
 3.28200000e-04  1.67287546e-07 
 3.28300000e-04  1.67205331e-07 
 3.28400000e-04  1.67129482e-07 
 3.28500000e-04  1.67088935e-07 
 3.28600000e-04  1.54600781e-07 
 3.28700000e-04  1.54213281e-07 
 3.28800000e-04  1.54016571e-07 
 3.28900000e-04  1.53874672e-07 
 3.29000000e-04  1.53789260e-07 
 3.29100000e-04  1.67192422e-07 
 3.29200000e-04  1.66968909e-07 
 3.29300000e-04  1.66889984e-07 
 3.29400000e-04  1.66821560e-07 
 3.29500000e-04  1.66785801e-07 
 3.29600000e-04  1.53096826e-07 
 3.29700000e-04  1.52664545e-07 
 3.29800000e-04  1.52432476e-07 
 3.29900000e-04  1.52250612e-07 
 3.30000000e-04  1.52120483e-07 
 3.30100000e-04  1.68559305e-07 
 3.30200000e-04  1.68273922e-07 
 3.30300000e-04  1.68168369e-07 
 3.30400000e-04  1.68075029e-07 
 3.30500000e-04  1.68029474e-07 
 3.30600000e-04  1.56862364e-07 
 3.30700000e-04  1.56452060e-07 
 3.30800000e-04  1.56263833e-07 
 3.30900000e-04  1.56129437e-07 
 3.31000000e-04  1.56050511e-07 
 3.31100000e-04  1.67254993e-07 
 3.31200000e-04  1.66999867e-07 
 3.31300000e-04  1.66911942e-07 
 3.31400000e-04  1.66835272e-07 
 3.31500000e-04  1.66795583e-07 
 3.31600000e-04  1.53145566e-07 
 3.31700000e-04  1.52667613e-07 
 3.31800000e-04  1.52423601e-07 
 3.31900000e-04  1.52243625e-07 
 3.32000000e-04  1.52129646e-07 
 3.32100000e-04  1.68013255e-07 
 3.32200000e-04  1.67842693e-07 
 3.32300000e-04  1.67762123e-07 
 3.32400000e-04  1.67687546e-07 
 3.32500000e-04  1.67643310e-07 
 3.32600000e-04  1.55187247e-07 
 3.32700000e-04  1.54803557e-07 
 3.32800000e-04  1.54603213e-07 
 3.32900000e-04  1.54452548e-07 
 3.33000000e-04  1.54353065e-07 
 3.33100000e-04  1.67782618e-07 
 3.33200000e-04  1.67553582e-07 
 3.33300000e-04  1.67482099e-07 
 3.33400000e-04  1.67422435e-07 
 3.33500000e-04  1.67401306e-07 
 3.33600000e-04  1.53660408e-07 
 3.33700000e-04  1.53226083e-07 
 3.33800000e-04  1.52994442e-07 
 3.33900000e-04  1.52820257e-07 
 3.34000000e-04  1.52705278e-07 
 3.34100000e-04  1.69689796e-07 
 3.34200000e-04  1.69286737e-07 
 3.34300000e-04  1.69161086e-07 
 3.34400000e-04  1.69054281e-07 
 3.34500000e-04  1.68989359e-07 
 3.34600000e-04  1.59089475e-07 
 3.34700000e-04  1.58704871e-07 
 3.34800000e-04  1.58512776e-07 
 3.34900000e-04  1.58390509e-07 
 3.35000000e-04  1.58340216e-07 
 3.35100000e-04  1.67372969e-07 
 3.35200000e-04  1.67080841e-07 
 3.35300000e-04  1.66980693e-07 
 3.35400000e-04  1.66893338e-07 
 3.35500000e-04  1.66859033e-07 
 3.35600000e-04  1.53217535e-07 
 3.35700000e-04  1.52695312e-07 
 3.35800000e-04  1.52438512e-07 
 3.35900000e-04  1.52251360e-07 
 3.36000000e-04  1.52135994e-07 
 3.36100000e-04  1.68028987e-07 
 3.36200000e-04  1.67851849e-07 
 3.36300000e-04  1.67771756e-07 
 3.36400000e-04  1.67698589e-07 
 3.36500000e-04  1.67672240e-07 
 3.36600000e-04  1.55179276e-07 
 3.36700000e-04  1.54796307e-07 
 3.36800000e-04  1.54591430e-07 
 3.36900000e-04  1.54450810e-07 
 3.37000000e-04  1.54376416e-07 
 3.37100000e-04  1.67784308e-07 
 3.37200000e-04  1.67572179e-07 
 3.37300000e-04  1.67499332e-07 
 3.37400000e-04  1.67436198e-07 
 3.37500000e-04  1.67393223e-07 
 3.37600000e-04  1.53668484e-07 
 3.37700000e-04  1.53248748e-07 
 3.37800000e-04  1.53004105e-07 
 3.37900000e-04  1.52826524e-07 
 3.38000000e-04  1.52717988e-07 
 3.38100000e-04  1.71363412e-07 
 3.38200000e-04  1.70584110e-07 
 3.38300000e-04  1.70332160e-07 
 3.38400000e-04  1.70233511e-07 
 3.38500000e-04  1.70184397e-07 
 3.38600000e-04  1.58525695e-07 
 3.38700000e-04  1.57991196e-07 
 3.38800000e-04  1.57743912e-07 
 3.38900000e-04  1.57557762e-07 
 3.39000000e-04  1.57433982e-07 
 3.39100000e-04  1.03754796e-04 
 3.39200000e-04  1.03754338e-04 
 3.39300000e-04  1.03754207e-04 
 3.39400000e-04  1.03754097e-04 
 3.39500000e-04  1.03754058e-04 
 3.39600000e-04  1.03740387e-04 
 3.39700000e-04  1.03739894e-04 
 3.39800000e-04  1.03739638e-04 
 3.39900000e-04  1.03739449e-04 
 3.40000000e-04  1.03739328e-04 
 3.40100000e-04  1.69798527e-07 
 3.40200000e-04  1.69580303e-07 
 3.40300000e-04  1.69484153e-07 
 3.40400000e-04  1.69396460e-07 
 3.40500000e-04  1.69359522e-07 
 3.40600000e-04  1.56855508e-07 
 3.40700000e-04  1.56458391e-07 
 3.40800000e-04  1.56268955e-07 
 3.40900000e-04  1.56132878e-07 
 3.41000000e-04  1.56051776e-07 
 3.41100000e-04  1.69535722e-07 
 3.41200000e-04  1.69312108e-07 
 3.41300000e-04  1.69243642e-07 
 3.41400000e-04  1.69186277e-07 
 3.41500000e-04  1.69143122e-07 
 3.41600000e-04  1.55343654e-07 
 3.41700000e-04  1.54920224e-07 
 3.41800000e-04  1.54688813e-07 
 3.41900000e-04  1.54513848e-07 
 3.42000000e-04  1.54397044e-07 
 3.42100000e-04  1.71989949e-07 
 3.42200000e-04  1.71488204e-07 
 3.42300000e-04  1.71318001e-07 
 3.42400000e-04  1.71169686e-07 
 3.42500000e-04  1.71100386e-07 
 3.42600000e-04  1.62417590e-07 
 3.42700000e-04  1.62042487e-07 
 3.42800000e-04  1.61863082e-07 
 3.42900000e-04  1.61745752e-07 
 3.43000000e-04  1.61692387e-07 
 3.43100000e-04  1.68814130e-07 
 3.43200000e-04  1.68423460e-07 
 3.43300000e-04  1.68274494e-07 
 3.43400000e-04  1.68141752e-07 
 3.43500000e-04  1.68066583e-07 
 3.43600000e-04  1.54376960e-07 
 3.43700000e-04  1.53842572e-07 
 3.43800000e-04  1.53580098e-07 
 3.43900000e-04  1.53379969e-07 
 3.44000000e-04  1.53244006e-07 
 3.44100000e-04  1.71152184e-07 
 3.44200000e-04  1.70613117e-07 
 3.44300000e-04  1.70430798e-07 
 3.44400000e-04  1.70349902e-07 
 3.44500000e-04  1.70301777e-07 
 3.44600000e-04  1.57284845e-07 
 3.44700000e-04  1.56755872e-07 
 3.44800000e-04  1.56502400e-07 
 3.44900000e-04  1.56318975e-07 
 3.45000000e-04  1.56207019e-07 
 3.45100000e-04  1.03755883e-04 
 3.45200000e-04  1.03755455e-04 
 3.45300000e-04  1.03755329e-04 
 3.45400000e-04  1.03755224e-04 
 3.45500000e-04  1.03755194e-04 
 3.45600000e-04  1.03741408e-04 
 3.45700000e-04  1.03740970e-04 
 3.45800000e-04  1.03740723e-04 
 3.45900000e-04  1.03740540e-04 
 3.46000000e-04  1.03740424e-04 
 3.46100000e-04  1.71488099e-07 
 3.46200000e-04  1.71149499e-07 
 3.46300000e-04  1.71019198e-07 
 3.46400000e-04  1.70903030e-07 
 3.46500000e-04  1.70874394e-07 
 3.46600000e-04  1.59596236e-07 
 3.46700000e-04  1.59208147e-07 
 3.46800000e-04  1.59026306e-07 
 3.46900000e-04  1.58897877e-07 
 3.47000000e-04  1.58824474e-07 
 3.47100000e-04  1.70161463e-07 
 3.47200000e-04  1.69890657e-07 
 3.47300000e-04  1.69801821e-07 
 3.47400000e-04  1.69725689e-07 
 3.47500000e-04  1.69700924e-07 
 3.47600000e-04  1.55878373e-07 
 3.47700000e-04  1.55432168e-07 
 3.47800000e-04  1.55194611e-07 
 3.47900000e-04  1.55016964e-07 
 3.48000000e-04  1.54901047e-07 
 3.48100000e-04  1.70933191e-07 
 3.48200000e-04  1.70746694e-07 
 3.48300000e-04  1.70661422e-07 
 3.48400000e-04  1.70583189e-07 
 3.48500000e-04  1.70542332e-07 
 3.48600000e-04  1.57921492e-07 
 3.48700000e-04  1.57535536e-07 
 3.48800000e-04  1.57343512e-07 
 3.48900000e-04  1.57210009e-07 
 3.49000000e-04  1.57136800e-07 
 3.49100000e-04  1.70693516e-07 
 3.49200000e-04  1.70463393e-07 
 3.49300000e-04  1.70376453e-07 
 3.49400000e-04  1.70299873e-07 
 3.49500000e-04  1.70264340e-07 
 3.49600000e-04  1.56392287e-07 
 3.49700000e-04  1.55983573e-07 
 3.49800000e-04  1.55760422e-07 
 3.49900000e-04  1.55590395e-07 
 3.50000000e-04  1.55475098e-07 
 3.50100000e-04  1.72598477e-07 
 3.50200000e-04  1.72204481e-07 
 3.50300000e-04  1.72056125e-07 
 3.50400000e-04  1.71923750e-07 
 3.50500000e-04  1.71864121e-07 
 3.50600000e-04  1.61828348e-07 
 3.50700000e-04  1.61456023e-07 
 3.50800000e-04  1.61272240e-07 
 3.50900000e-04  1.61148995e-07 
 3.51000000e-04  1.61088119e-07 
 3.51100000e-04  1.70284664e-07 
 3.51200000e-04  1.69984739e-07 
 3.51300000e-04  1.69869831e-07 
 3.51400000e-04  1.69766864e-07 
 3.51500000e-04  1.69735564e-07 
 3.51600000e-04  1.55937621e-07 
 3.51700000e-04  1.55449048e-07 
 3.51800000e-04  1.55194061e-07 
 3.51900000e-04  1.55013294e-07 
 3.52000000e-04  1.54909014e-07 
 3.52100000e-04  1.70950521e-07 
 3.52200000e-04  1.70746861e-07 
 3.52300000e-04  1.70658990e-07 
 3.52400000e-04  1.70579945e-07 
 3.52500000e-04  1.70539969e-07 
 3.52600000e-04  1.57912955e-07 
 3.52700000e-04  1.57533424e-07 
 3.52800000e-04  1.57349354e-07 
 3.52900000e-04  1.57221878e-07 
 3.53000000e-04  1.57152698e-07 
 3.53100000e-04  1.70697083e-07 
 3.53200000e-04  1.70472973e-07 
 3.53300000e-04  1.70390204e-07 
 3.53400000e-04  1.70317275e-07 
 3.53500000e-04  1.70274381e-07 
 3.53600000e-04  1.56403175e-07 
 3.53700000e-04  1.55988748e-07 
 3.53800000e-04  1.55760921e-07 
 3.53900000e-04  1.55593358e-07 
 3.54000000e-04  1.55487882e-07 
 3.54100000e-04  1.72081729e-07 
 3.54200000e-04  1.71779505e-07 
 3.54300000e-04  1.71658895e-07 
 3.54400000e-04  1.71550973e-07 
 3.54500000e-04  1.71496981e-07 
 3.54600000e-04  1.60150061e-07 
 3.54700000e-04  1.59776893e-07 
 3.54800000e-04  1.59593858e-07 
 3.54900000e-04  1.59470838e-07 
 3.55000000e-04  1.59409648e-07 
 3.55100000e-04  1.70776933e-07 
 3.55200000e-04  1.70512043e-07 
 3.55300000e-04  1.70416539e-07 
 3.55400000e-04  1.70332376e-07 
 3.55500000e-04  1.70304309e-07 
 3.55600000e-04  1.56442952e-07 
 3.55700000e-04  1.55996110e-07 
 3.55800000e-04  1.55767116e-07 
 3.55900000e-04  1.55596274e-07 
 3.56000000e-04  1.55485342e-07 
 3.56100000e-04  1.71552178e-07 
 3.56200000e-04  1.71360879e-07 
 3.56300000e-04  1.71271108e-07 
 3.56400000e-04  1.71188259e-07 
 3.56500000e-04  1.71138830e-07 
 3.56600000e-04  1.58480793e-07 
 3.56700000e-04  1.58118245e-07 
 3.56800000e-04  1.57939636e-07 
 3.56900000e-04  1.57808382e-07 
 3.57000000e-04  1.57725896e-07 
 3.57100000e-04  1.71314030e-07 
 3.57200000e-04  1.71073741e-07 
 3.57300000e-04  1.70992432e-07 
 3.57400000e-04  1.70922919e-07 
 3.57500000e-04  1.70883212e-07 
 3.57600000e-04  1.56968480e-07 
 3.57700000e-04  1.56564023e-07 
 3.57800000e-04  1.56354349e-07 
 3.57900000e-04  1.56190920e-07 
 3.58000000e-04  1.56075107e-07 
 3.58100000e-04  1.74289088e-07 
 3.58200000e-04  1.73666406e-07 
 3.58300000e-04  1.73460598e-07 
 3.58400000e-04  1.73282073e-07 
 3.58500000e-04  1.73210188e-07 
 3.58600000e-04  1.65732768e-07 
 3.58700000e-04  1.65352896e-07 
 3.58800000e-04  1.65190151e-07 
 3.58900000e-04  1.65091395e-07 
 3.59000000e-04  1.65058564e-07 
 3.59100000e-04  1.70572737e-07 
 3.59200000e-04  1.69778815e-07 
 3.59300000e-04  1.69530294e-07 
 3.59400000e-04  1.69318192e-07 
 3.59500000e-04  1.69232101e-07 
 3.59600000e-04  1.55515515e-07 
 3.59700000e-04  1.54937017e-07 
 3.59800000e-04  1.54660880e-07 
 3.59900000e-04  1.54456386e-07 
 3.60000000e-04  1.54325711e-07 
 3.60100000e-04  1.70364225e-07 
 3.60200000e-04  1.70173582e-07 
 3.60300000e-04  1.70080389e-07 
 3.60400000e-04  1.69993682e-07 
 3.60500000e-04  1.69947856e-07 
 3.60600000e-04  1.57339904e-07 
 3.60700000e-04  1.56977127e-07 
 3.60800000e-04  1.56782300e-07 
 3.60900000e-04  1.56643388e-07 
 3.61000000e-04  1.56562068e-07 
 3.61100000e-04  1.70092273e-07 
 3.61200000e-04  1.69860632e-07 
 3.61300000e-04  1.69781597e-07 
 3.61400000e-04  1.69713453e-07 
 3.61500000e-04  1.69679349e-07 
 3.61600000e-04  1.55827396e-07 
 3.61700000e-04  1.55393967e-07 
 3.61800000e-04  1.55175040e-07 
 3.61900000e-04  1.55004853e-07 
 3.62000000e-04  1.54884855e-07 
 3.62100000e-04  1.71459775e-07 
 3.62200000e-04  1.71161506e-07 
 3.62300000e-04  1.71048059e-07 
 3.62400000e-04  1.70947024e-07 
 3.62500000e-04  1.70903928e-07 
 3.62600000e-04  1.59559796e-07 
 3.62700000e-04  1.59208082e-07 
 3.62800000e-04  1.59013426e-07 
 3.62900000e-04  1.58883161e-07 
 3.63000000e-04  1.58819233e-07 
 3.63100000e-04  1.70162472e-07 
 3.63200000e-04  1.69886238e-07 
 3.63300000e-04  1.69793618e-07 
 3.63400000e-04  1.69713472e-07 
 3.63500000e-04  1.69685083e-07 
 3.63600000e-04  1.55860280e-07 
 3.63700000e-04  1.55411204e-07 
 3.63800000e-04  1.55176951e-07 
 3.63900000e-04  1.54999748e-07 
 3.64000000e-04  1.54881308e-07 
 3.64100000e-04  1.70932306e-07 
 3.64200000e-04  1.70729788e-07 
 3.64300000e-04  1.70644632e-07 
 3.64400000e-04  1.70568278e-07 
 3.64500000e-04  1.70529323e-07 
 3.64600000e-04  1.57891454e-07 
 3.64700000e-04  1.57546842e-07 
 3.64800000e-04  1.57344489e-07 
 3.64900000e-04  1.57208609e-07 
 3.65000000e-04  1.57141212e-07 
 3.65100000e-04  1.70698297e-07 
 3.65200000e-04  1.70459350e-07 
 3.65300000e-04  1.70370718e-07 
 3.65400000e-04  1.70293217e-07 
 3.65500000e-04  1.70265961e-07 
 3.65600000e-04  1.56397576e-07 
 3.65700000e-04  1.55982692e-07 
 3.65800000e-04  1.55763033e-07 
 3.65900000e-04  1.55589790e-07 
 3.66000000e-04  1.55464333e-07 
 3.66100000e-04  1.72600296e-07 
 3.66200000e-04  1.72198741e-07 
 3.66300000e-04  1.72053749e-07 
 3.66400000e-04  1.71925347e-07 
 3.66500000e-04  1.71858403e-07 
 3.66600000e-04  1.61804407e-07 
 3.66700000e-04  1.61444826e-07 
 3.66800000e-04  1.61267189e-07 
 3.66900000e-04  1.61145521e-07 
 3.67000000e-04  1.61081497e-07 
 3.67100000e-04  1.70286122e-07 
 3.67200000e-04  1.69984580e-07 
 3.67300000e-04  1.69876207e-07 
 3.67400000e-04  1.69780843e-07 
 3.67500000e-04  1.69726362e-07 
 3.67600000e-04  1.55941120e-07 
 3.67700000e-04  1.55446752e-07 
 3.67800000e-04  1.55201316e-07 
 3.67900000e-04  1.55014845e-07 
 3.68000000e-04  1.54889110e-07 
 3.68100000e-04  1.70945830e-07 
 3.68200000e-04  1.70748556e-07 
 3.68300000e-04  1.70656079e-07 
 3.68400000e-04  1.70571200e-07 
 3.68500000e-04  1.70531708e-07 
 3.68600000e-04  1.57906548e-07 
 3.68700000e-04  1.57550544e-07 
 3.68800000e-04  1.57349023e-07 
 3.68900000e-04  1.57210001e-07 
 3.69000000e-04  1.57135359e-07 
 3.69100000e-04  1.70703410e-07 
 3.69200000e-04  1.70457334e-07 
 3.69300000e-04  1.70378139e-07 
 3.69400000e-04  1.70311751e-07 
 3.69500000e-04  1.70270435e-07 
 3.69600000e-04  1.56399651e-07 
 3.69700000e-04  1.55987906e-07 
 3.69800000e-04  1.55761298e-07 
 3.69900000e-04  1.55592777e-07 
 3.70000000e-04  1.55484082e-07 
 3.70100000e-04  1.72069711e-07 
 3.70200000e-04  1.71770317e-07 
 3.70300000e-04  1.71655301e-07 
 3.70400000e-04  1.71552992e-07 
 3.70500000e-04  1.71511910e-07 
 3.70600000e-04  1.60149964e-07 
 3.70700000e-04  1.59790157e-07 
 3.70800000e-04  1.59607604e-07 
 3.70900000e-04  1.59479564e-07 
 3.71000000e-04  1.59407660e-07 
 3.71100000e-04  1.70770029e-07 
 3.71200000e-04  1.70503963e-07 
 3.71300000e-04  1.70415069e-07 
 3.71400000e-04  1.70338073e-07 
 3.71500000e-04  1.70298153e-07 
 3.71600000e-04  1.56453983e-07 
 3.71700000e-04  1.55994096e-07 
 3.71800000e-04  1.55763914e-07 
 3.71900000e-04  1.55592450e-07 
 3.72000000e-04  1.55481462e-07 
 3.72100000e-04  1.71543783e-07 
 3.72200000e-04  1.71363168e-07 
 3.72300000e-04  1.71273862e-07 
 3.72400000e-04  1.71190572e-07 
 3.72500000e-04  1.71155033e-07 
 3.72600000e-04  1.58478275e-07 
 3.72700000e-04  1.58114699e-07 
 3.72800000e-04  1.57925175e-07 
 3.72900000e-04  1.57798064e-07 
 3.73000000e-04  1.57735236e-07 
 3.73100000e-04  1.71311440e-07 
 3.73200000e-04  1.71072365e-07 
 3.73300000e-04  1.70989926e-07 
 3.73400000e-04  1.70919034e-07 
 3.73500000e-04  1.70892366e-07 
 3.73600000e-04  1.56969405e-07 
 3.73700000e-04  1.56560534e-07 
 3.73800000e-04  1.56346946e-07 
 3.73900000e-04  1.56182228e-07 
 3.74000000e-04  1.56067824e-07 
 3.74100000e-04  1.73757505e-07 
 3.74200000e-04  1.73246080e-07 
 3.74300000e-04  1.73071253e-07 
 3.74400000e-04  1.72918683e-07 
 3.74500000e-04  1.72847827e-07 
 3.74600000e-04  1.64056063e-07 
 3.74700000e-04  1.63695756e-07 
 3.74800000e-04  1.63527358e-07 
 3.74900000e-04  1.63417802e-07 
 3.75000000e-04  1.63368844e-07 
 3.75100000e-04  1.70570310e-07 
 3.75200000e-04  1.70158246e-07 
 3.75300000e-04  1.70006618e-07 
 3.75400000e-04  1.69872586e-07 
 3.75500000e-04  1.69822298e-07 
 3.75600000e-04  1.56031051e-07 
 3.75700000e-04  1.55505621e-07 
 3.75800000e-04  1.55244816e-07 
 3.75900000e-04  1.55047371e-07 
 3.76000000e-04  1.54915188e-07 
 3.76100000e-04  1.70982600e-07 
 3.76200000e-04  1.70778994e-07 
 3.76300000e-04  1.70688849e-07 
 3.76400000e-04  1.70606828e-07 
 3.76500000e-04  1.70567203e-07 
 3.76600000e-04  1.57925712e-07 
 3.76700000e-04  1.57539681e-07 
 3.76800000e-04  1.57358925e-07 
 3.76900000e-04  1.57231005e-07 
 3.77000000e-04  1.57157487e-07 
 3.77100000e-04  1.70715722e-07 
 3.77200000e-04  1.70478748e-07 
 3.77300000e-04  1.70399389e-07 
 3.77400000e-04  1.70331451e-07 
 3.77500000e-04  1.70290504e-07 
 3.77600000e-04  1.56399714e-07 
 3.77700000e-04  1.55992052e-07 
 3.77800000e-04  1.55768037e-07 
 3.77900000e-04  1.55597912e-07 
 3.78000000e-04  1.55483274e-07 
 3.78100000e-04  1.72078130e-07 
 3.78200000e-04  1.71775270e-07 
 3.78300000e-04  1.71659045e-07 
 3.78400000e-04  1.71555569e-07 
 3.78500000e-04  1.71519350e-07 
 3.78600000e-04  1.60156470e-07 
 3.78700000e-04  1.59786838e-07 
 3.78800000e-04  1.59602271e-07 
 3.78900000e-04  1.59480672e-07 
 3.79000000e-04  1.59423927e-07 
 3.79100000e-04  1.70781566e-07 
 3.79200000e-04  1.70512968e-07 
 3.79300000e-04  1.70415250e-07 
 3.79400000e-04  1.70328687e-07 
 3.79500000e-04  1.70289066e-07 
 3.79600000e-04  1.56452102e-07 
 3.79700000e-04  1.55989719e-07 
 3.79800000e-04  1.55763226e-07 
 3.79900000e-04  1.55589122e-07 
 3.80000000e-04  1.55468957e-07 
 3.80100000e-04  1.71557409e-07 
 3.80200000e-04  1.71359024e-07 
 3.80300000e-04  1.71269690e-07 
 3.80400000e-04  1.71188321e-07 
 3.80500000e-04  1.71140562e-07 
 3.80600000e-04  1.58488241e-07 
 3.80700000e-04  1.58123359e-07 
 3.80800000e-04  1.57942874e-07 
 3.80900000e-04  1.57809650e-07 
 3.81000000e-04  1.57725070e-07 
 3.81100000e-04  1.71310764e-07 
 3.81200000e-04  1.71080972e-07 
 3.81300000e-04  1.70995918e-07 
 3.81400000e-04  1.70920872e-07 
 3.81500000e-04  1.70884934e-07 
 3.81600000e-04  1.56989993e-07 
 3.81700000e-04  1.56560372e-07 
 3.81800000e-04  1.56342469e-07 
 3.81900000e-04  1.56175214e-07 
 3.82000000e-04  1.56060098e-07 
 3.82100000e-04  1.73222493e-07 
 3.82200000e-04  1.72818786e-07 
 3.82300000e-04  1.72678573e-07 
 3.82400000e-04  1.72555602e-07 
 3.82500000e-04  1.72482304e-07 
 3.82600000e-04  1.62415365e-07 
 3.82700000e-04  1.62036290e-07 
 3.82800000e-04  1.61866928e-07 
 3.82900000e-04  1.61747396e-07 
 3.83000000e-04  1.61679159e-07 
 3.83100000e-04  1.70912965e-07 
 3.83200000e-04  1.70596767e-07 
 3.83300000e-04  1.70491372e-07 
 3.83400000e-04  1.70400325e-07 
 3.83500000e-04  1.70342727e-07 
 3.83600000e-04  1.56524053e-07 
 3.83700000e-04  1.56032766e-07 
 3.83800000e-04  1.55794868e-07 
 3.83900000e-04  1.55611281e-07 
 3.84000000e-04  1.55483612e-07 
 3.84100000e-04  1.71578879e-07 
 3.84200000e-04  1.71384711e-07 
 3.84300000e-04  1.71293031e-07 
 3.84400000e-04  1.71208847e-07 
 3.84500000e-04  1.71155747e-07 
 3.84600000e-04  1.58485276e-07 
 3.84700000e-04  1.58137028e-07 
 3.84800000e-04  1.57939701e-07 
 3.84900000e-04  1.57807417e-07 
 3.85000000e-04  1.57742123e-07 
 3.85100000e-04  1.71337117e-07 
 3.85200000e-04  1.71089875e-07 
 3.85300000e-04  1.71002250e-07 
 3.85400000e-04  1.70926450e-07 
 3.85500000e-04  1.70897171e-07 
 3.85600000e-04  1.56996989e-07 
 3.85700000e-04  1.56585857e-07 
 3.85800000e-04  1.56354384e-07 
 3.85900000e-04  1.56179714e-07 
 3.86000000e-04  1.56063534e-07 
 3.86100000e-04  1.72709644e-07 
 3.86200000e-04  1.72397925e-07 
 3.86300000e-04  1.72278381e-07 
 3.86400000e-04  1.72172204e-07 
 3.86500000e-04  1.72126896e-07 
 3.86600000e-04  1.60750072e-07 
 3.86700000e-04  1.60389182e-07 
 3.86800000e-04  1.60198235e-07 
 3.86900000e-04  1.60068768e-07 
 3.87000000e-04  1.60002616e-07 
 3.87100000e-04  1.71410828e-07 
 3.87200000e-04  1.71145740e-07 
 3.87300000e-04  1.71042901e-07 
 3.87400000e-04  1.70950882e-07 
 3.87500000e-04  1.70927358e-07 
 3.87600000e-04  1.57035692e-07 
 3.87700000e-04  1.56596407e-07 
 3.87800000e-04  1.56370740e-07 
 3.87900000e-04  1.56192516e-07 
 3.88000000e-04  1.56063118e-07 
 3.88100000e-04  1.72178562e-07 
 3.88200000e-04  1.71970549e-07 
 3.88300000e-04  1.71881392e-07 
 3.88400000e-04  1.71800770e-07 
 3.88500000e-04  1.71753752e-07 
 3.88600000e-04  1.59069590e-07 
 3.88700000e-04  1.58722557e-07 
 3.88800000e-04  1.58533097e-07 
 3.88900000e-04  1.58404917e-07 
 3.89000000e-04  1.58339834e-07 
 3.89100000e-04  1.71934964e-07 
 3.89200000e-04  1.71714110e-07 
 3.89300000e-04  1.71619441e-07 
 3.89400000e-04  1.71533069e-07 
 3.89500000e-04  1.71511918e-07 
 3.89600000e-04  1.57570075e-07 
 3.89700000e-04  1.57165443e-07 
 3.89800000e-04  1.56944041e-07 
 3.89900000e-04  1.56776401e-07 
 3.90000000e-04  1.56664107e-07 
 3.90100000e-04  1.75963551e-07 
 3.90200000e-04  1.75129112e-07 
 3.90300000e-04  1.74870339e-07 
 3.90400000e-04  1.74649008e-07 
 3.90500000e-04  1.74570598e-07 
 3.90600000e-04  1.69632509e-07 
 3.90700000e-04  1.69263794e-07 
 3.90800000e-04  1.69108326e-07 
 3.90900000e-04  1.69027102e-07 
 3.91000000e-04  1.69022352e-07 
 3.91100000e-04  1.70175084e-07 
 3.91200000e-04  1.69193809e-07 
 3.91300000e-04  1.68931436e-07 
 3.91400000e-04  1.68714901e-07 
 3.91500000e-04  1.68637146e-07 
 3.91600000e-04  1.55005122e-07 
 3.91700000e-04  1.54344574e-07 
 3.91800000e-04  1.54067282e-07 
 3.91900000e-04  1.53864447e-07 
 3.92000000e-04  1.53738307e-07 
 3.92100000e-04  1.69751943e-07 
 3.92200000e-04  1.69552980e-07 
 3.92300000e-04  1.69466172e-07 
 3.92400000e-04  1.69387395e-07 
 3.92500000e-04  1.69334758e-07 
 3.92600000e-04  1.56733397e-07 
 3.92700000e-04  1.56379722e-07 
 3.92800000e-04  1.56189297e-07 
 3.92900000e-04  1.56048344e-07 
 3.93000000e-04  1.55958302e-07 
 3.93100000e-04  1.69484029e-07 
 3.93200000e-04  1.69238847e-07 
 3.93300000e-04  1.69161385e-07 
 3.93400000e-04  1.69096586e-07 
 3.93500000e-04  1.69065676e-07 
 3.93600000e-04  1.55232555e-07 
 3.93700000e-04  1.54805327e-07 
 3.93800000e-04  1.54581995e-07 
 3.93900000e-04  1.54407493e-07 
 3.94000000e-04  1.54283242e-07 
 3.94100000e-04  1.70828503e-07 
 3.94200000e-04  1.70541428e-07 
 3.94300000e-04  1.70429705e-07 
 3.94400000e-04  1.70329608e-07 
 3.94500000e-04  1.70282013e-07 
 3.94600000e-04  1.58977682e-07 
 3.94700000e-04  1.58617645e-07 
 3.94800000e-04  1.58425405e-07 
 3.94900000e-04  1.58297033e-07 
 3.95000000e-04  1.58234430e-07 
 3.95100000e-04  1.69542532e-07 
 3.95200000e-04  1.69269623e-07 
 3.95300000e-04  1.69185201e-07 
 3.95400000e-04  1.69113878e-07 
 3.95500000e-04  1.69059976e-07 
 3.95600000e-04  1.55279377e-07 
 3.95700000e-04  1.54827592e-07 
 3.95800000e-04  1.54580368e-07 
 3.95900000e-04  1.54402050e-07 
 3.96000000e-04  1.54294698e-07 
 3.96100000e-04  1.70303397e-07 
 3.96200000e-04  1.70106216e-07 
 3.96300000e-04  1.70030325e-07 
 3.96400000e-04  1.69963308e-07 
 3.96500000e-04  1.69915376e-07 
 3.96600000e-04  1.57312451e-07 
 3.96700000e-04  1.56938015e-07 
 3.96800000e-04  1.56751957e-07 
 3.96900000e-04  1.56617020e-07 
 3.97000000e-04  1.56534696e-07 
 3.97100000e-04  1.70066288e-07 
 3.97200000e-04  1.69833288e-07 
 3.97300000e-04  1.69756824e-07 
 3.97400000e-04  1.69691937e-07 
 3.97500000e-04  1.69646621e-07 
 3.97600000e-04  1.55802504e-07 
 3.97700000e-04  1.55392805e-07 
 3.97800000e-04  1.55165025e-07 
 3.97900000e-04  1.54996168e-07 
 3.98000000e-04  1.54887971e-07 
 3.98100000e-04  1.71978237e-07 
 3.98200000e-04  1.71581463e-07 
 3.98300000e-04  1.71435591e-07 
 3.98400000e-04  1.71306398e-07 
 3.98500000e-04  1.71245229e-07 
 3.98600000e-04  1.61219798e-07 
 3.98700000e-04  1.60848921e-07 
 3.98800000e-04  1.60660116e-07 
 3.98900000e-04  1.60542115e-07 
 3.99000000e-04  1.60497031e-07 
 3.99100000e-04  1.69661089e-07 
 3.99200000e-04  1.69350053e-07 
 3.99300000e-04  1.69249941e-07 
 3.99400000e-04  1.69164331e-07 
 3.99500000e-04  1.69106140e-07 
 3.99600000e-04  1.55344286e-07 
 3.99700000e-04  1.54839415e-07 
 3.99800000e-04  1.54597637e-07 
 3.99900000e-04  1.54414885e-07 
 4.00000000e-04  1.54292895e-07 
 4.00100000e-04  1.70313482e-07 
 4.00200000e-04  1.70121055e-07 
 4.00300000e-04  1.70042119e-07 
 4.00400000e-04  1.69971183e-07 
 4.00500000e-04  1.69934008e-07 
 4.00600000e-04  1.57311573e-07 
 4.00700000e-04  1.56954590e-07 
 4.00800000e-04  1.56759545e-07 
 4.00900000e-04  1.56623374e-07 
 4.01000000e-04  1.56547811e-07 
 4.01100000e-04  1.70076693e-07 
 4.01200000e-04  1.69840102e-07 
 4.01300000e-04  1.69760154e-07 
 4.01400000e-04  1.69691723e-07 
 4.01500000e-04  1.69660013e-07 
 4.01600000e-04  1.55811581e-07 
 4.01700000e-04  1.55381385e-07 
 4.01800000e-04  1.55158735e-07 
 4.01900000e-04  1.54986124e-07 
 4.02000000e-04  1.54865006e-07 
 4.02100000e-04  1.71452938e-07 
 4.02200000e-04  1.71151780e-07 
 4.02300000e-04  1.71040374e-07 
 4.02400000e-04  1.70942144e-07 
 4.02500000e-04  1.70878471e-07 
 4.02600000e-04  1.59549059e-07 
 4.02700000e-04  1.59205051e-07 
 4.02800000e-04  1.59016607e-07 
 4.02900000e-04  1.58888010e-07 
 4.03000000e-04  1.58821020e-07 
 4.03100000e-04  1.70161595e-07 
 4.03200000e-04  1.69883802e-07 
 4.03300000e-04  1.69786899e-07 
 4.03400000e-04  1.69702383e-07 
 4.03500000e-04  1.69670248e-07 
 4.03600000e-04  1.55861772e-07 
 4.03700000e-04  1.55404737e-07 
 4.03800000e-04  1.55173329e-07 
 4.03900000e-04  1.54992181e-07 
 4.04000000e-04  1.54862750e-07 
 4.04100000e-04  1.70923238e-07 
 4.04200000e-04  1.70719165e-07 
 4.04300000e-04  1.70642532e-07 
 4.04400000e-04  1.70575638e-07 
 4.04500000e-04  1.70523798e-07 
 4.04600000e-04  1.57904672e-07 
 4.04700000e-04  1.57544104e-07 
 4.04800000e-04  1.57349574e-07 
 4.04900000e-04  1.57208899e-07 
 4.05000000e-04  1.57123647e-07 
 4.05100000e-04  1.70683627e-07 
 4.05200000e-04  1.70444424e-07 
 4.05300000e-04  1.70363344e-07 
 4.05400000e-04  1.70293885e-07 
 4.05500000e-04  1.70262779e-07 
 4.05600000e-04  1.56393213e-07 
 4.05700000e-04  1.55970328e-07 
 4.05800000e-04  1.55743159e-07 
 4.05900000e-04  1.55572820e-07 
 4.06000000e-04  1.55460981e-07 
 4.06100000e-04  1.73132094e-07 
 4.06200000e-04  1.72623909e-07 
 4.06300000e-04  1.72445597e-07 
 4.06400000e-04  1.72289061e-07 
 4.06500000e-04  1.72219765e-07 
 4.06600000e-04  1.63474999e-07 
 4.06700000e-04  1.63100253e-07 
 4.06800000e-04  1.62921549e-07 
 4.06900000e-04  1.62813347e-07 
 4.07000000e-04  1.62777749e-07 
 4.07100000e-04  1.69936991e-07 
 4.07200000e-04  1.69547134e-07 
 4.07300000e-04  1.69396479e-07 
 4.07400000e-04  1.69261573e-07 
 4.07500000e-04  1.69202570e-07 
 4.07600000e-04  1.55448903e-07 
 4.07700000e-04  1.54904387e-07 
 4.07800000e-04  1.54639941e-07 
 4.07900000e-04  1.54449866e-07 
 4.08000000e-04  1.54336377e-07 
 4.08100000e-04  1.70342981e-07 
 4.08200000e-04  1.70151847e-07 
 4.08300000e-04  1.70062706e-07 
 4.08400000e-04  1.69980710e-07 
 4.08500000e-04  1.69947239e-07 
 4.08600000e-04  1.57320626e-07 
 4.08700000e-04  1.56960160e-07 
 4.08800000e-04  1.56772223e-07 
 4.08900000e-04  1.56633163e-07 
 4.09000000e-04  1.56544388e-07 
 4.09100000e-04  1.70082039e-07 
 4.09200000e-04  1.69851053e-07 
 4.09300000e-04  1.69770398e-07 
 4.09400000e-04  1.69700408e-07 
 4.09500000e-04  1.69668784e-07 
 4.09600000e-04  1.55809453e-07 
 4.09700000e-04  1.55400115e-07 
 4.09800000e-04  1.55169428e-07 
 4.09900000e-04  1.54994772e-07 
 4.10000000e-04  1.54877785e-07 
 4.10100000e-04  1.71466823e-07 
 4.10200000e-04  1.71160064e-07 
 4.10300000e-04  1.71041183e-07 
 4.10400000e-04  1.70935562e-07 
 4.10500000e-04  1.70886305e-07 
 4.10600000e-04  1.59557740e-07 
 4.10700000e-04  1.59202875e-07 
 4.10800000e-04  1.59009005e-07 
 4.10900000e-04  1.58879314e-07 
 4.11000000e-04  1.58815695e-07 
 4.11100000e-04  1.70161410e-07 
 4.11200000e-04  1.69897708e-07 
 4.11300000e-04  1.69795945e-07 
 4.11400000e-04  1.69704707e-07 
 4.11500000e-04  1.69680115e-07 
 4.11600000e-04  1.55863080e-07 
 4.11700000e-04  1.55395841e-07 
 4.11800000e-04  1.55165548e-07 
 4.11900000e-04  1.54993063e-07 
 4.12000000e-04  1.54880077e-07 
 4.12100000e-04  1.70917945e-07 
 4.12200000e-04  1.70720528e-07 
 4.12300000e-04  1.70640451e-07 
 4.12400000e-04  1.70568770e-07 
 4.12500000e-04  1.70529440e-07 
 4.12600000e-04  1.57906643e-07 
 4.12700000e-04  1.57521728e-07 
 4.12800000e-04  1.57346733e-07 
 4.12900000e-04  1.57217697e-07 
 4.13000000e-04  1.57135929e-07 
 4.13100000e-04  1.70690648e-07 
 4.13200000e-04  1.70469832e-07 
 4.13300000e-04  1.70385108e-07 
 4.13400000e-04  1.70309951e-07 
 4.13500000e-04  1.70277696e-07 
 4.13600000e-04  1.56385038e-07 
 4.13700000e-04  1.55980906e-07 
 4.13800000e-04  1.55749205e-07 
 4.13900000e-04  1.55580077e-07 
 4.14000000e-04  1.55475362e-07 
 4.14100000e-04  1.72594694e-07 
 4.14200000e-04  1.72189420e-07 
 4.14300000e-04  1.72049068e-07 
 4.14400000e-04  1.71926112e-07 
 4.14500000e-04  1.71855600e-07 
 4.14600000e-04  1.61822566e-07 
 4.14700000e-04  1.61448902e-07 
 4.14800000e-04  1.61268997e-07 
 4.14900000e-04  1.61147403e-07 
 4.15000000e-04  1.61085822e-07 
 4.15100000e-04  1.70286146e-07 
 4.15200000e-04  1.69968988e-07 
 4.15300000e-04  1.69865141e-07 
 4.15400000e-04  1.69776218e-07 
 4.15500000e-04  1.69727036e-07 
 4.15600000e-04  1.55936407e-07 
 4.15700000e-04  1.55430571e-07 
 4.15800000e-04  1.55194459e-07 
 4.15900000e-04  1.55011221e-07 
 4.16000000e-04  1.54882382e-07 
 4.16100000e-04  1.70945538e-07 
 4.16200000e-04  1.70752121e-07 
 4.16300000e-04  1.70657798e-07 
 4.16400000e-04  1.70570302e-07 
 4.16500000e-04  1.70525824e-07 
 4.16600000e-04  1.57900479e-07 
 4.16700000e-04  1.57549708e-07 
 4.16800000e-04  1.57361972e-07 
 4.16900000e-04  1.57223725e-07 
 4.17000000e-04  1.57136391e-07 
 4.17100000e-04  1.70699592e-07 
 4.17200000e-04  1.70471921e-07 
 4.17300000e-04  1.70387091e-07 
 4.17400000e-04  1.70312581e-07 
 4.17500000e-04  1.70269102e-07 
 4.17600000e-04  1.56383832e-07 
 4.17700000e-04  1.55981298e-07 
 4.17800000e-04  1.55755900e-07 
 4.17900000e-04  1.55582185e-07 
 4.18000000e-04  1.55461642e-07 
 4.18100000e-04  1.72077976e-07 
 4.18200000e-04  1.71769992e-07 
 4.18300000e-04  1.71652383e-07 
 4.18400000e-04  1.71547917e-07 
 4.18500000e-04  1.71495774e-07 
 4.18600000e-04  1.60159471e-07 
 4.18700000e-04  1.59784658e-07 
 4.18800000e-04  1.59602904e-07 
 4.18900000e-04  1.59475705e-07 
 4.19000000e-04  1.59404646e-07 
 4.19100000e-04  1.70787341e-07 
 4.19200000e-04  1.70511808e-07 
 4.19300000e-04  1.70420143e-07 
 4.19400000e-04  1.70341349e-07 
 4.19500000e-04  1.70295219e-07 
 4.19600000e-04  1.56451991e-07 
 4.19700000e-04  1.55993105e-07 
 4.19800000e-04  1.55764487e-07 
 4.19900000e-04  1.55595602e-07 
 4.20000000e-04  1.55488195e-07 
 4.20100000e-04  1.71545634e-07 
 4.20200000e-04  1.71351957e-07 
 4.20300000e-04  1.71266447e-07 
 4.20400000e-04  1.71188838e-07 
 4.20500000e-04  1.71150215e-07 
 4.20600000e-04  1.58475104e-07 
 4.20700000e-04  1.58112687e-07 
 4.20800000e-04  1.57929502e-07 
 4.20900000e-04  1.57799087e-07 
 4.21000000e-04  1.57722965e-07 
 4.21100000e-04  1.71311852e-07 
 4.21200000e-04  1.71085696e-07 
 4.21300000e-04  1.70996496e-07 
 4.21400000e-04  1.70916967e-07 
 4.21500000e-04  1.70883478e-07 
 4.21600000e-04  1.56980583e-07 
 4.21700000e-04  1.56557112e-07 
 4.21800000e-04  1.56340873e-07 
 4.21900000e-04  1.56178245e-07 
 4.22000000e-04  1.56070772e-07 
 4.22100000e-04  1.74278917e-07 
 4.22200000e-04  1.73669262e-07 
 4.22300000e-04  1.73461565e-07 
 4.22400000e-04  1.73279706e-07 
 4.22500000e-04  1.73224683e-07 
 4.22600000e-04  1.65724092e-07 
 4.22700000e-04  1.65353148e-07 
 4.22800000e-04  1.65187435e-07 
 4.22900000e-04  1.65081918e-07 
 4.23000000e-04  1.65038351e-07 
 4.23100000e-04  1.70570588e-07 
 4.23200000e-04  1.69786220e-07 
 4.23300000e-04  1.69542615e-07 
 4.23400000e-04  1.69335030e-07 
 4.23500000e-04  1.69233854e-07 
 4.23600000e-04  1.55504879e-07 
 4.23700000e-04  1.54929876e-07 
 4.23800000e-04  1.54665399e-07 
 4.23900000e-04  1.54462972e-07 
 4.24000000e-04  1.54324407e-07 
 4.24100000e-04  1.70382404e-07 
 4.24200000e-04  1.70170980e-07 
 4.24300000e-04  1.70078939e-07 
 4.24400000e-04  1.69995936e-07 
 4.24500000e-04  1.69949151e-07 
 4.24600000e-04  1.57320705e-07 
 4.24700000e-04  1.56959484e-07 
 4.24800000e-04  1.56766490e-07 
 4.24900000e-04  1.56628038e-07 
 4.25000000e-04  1.56545699e-07 
 4.25100000e-04  1.70087478e-07 
 4.25200000e-04  1.69868322e-07 
 4.25300000e-04  1.69790034e-07 
 4.25400000e-04  1.69721240e-07 
 4.25500000e-04  1.69665077e-07 
 4.25600000e-04  1.55804884e-07 
 4.25700000e-04  1.55408931e-07 
 4.25800000e-04  1.55180174e-07 
 4.25900000e-04  1.55007668e-07 
 4.26000000e-04  1.54893044e-07 
 4.26100000e-04  1.71467409e-07 
 4.26200000e-04  1.71159138e-07 
 4.26300000e-04  1.71049035e-07 
 4.26400000e-04  1.70953260e-07 
 4.26500000e-04  1.70887642e-07 
 4.26600000e-04  1.59560304e-07 
 4.26700000e-04  1.59209560e-07 
 4.26800000e-04  1.59017357e-07 
 4.26900000e-04  1.58886254e-07 
 4.27000000e-04  1.58818029e-07 
 4.27100000e-04  1.70164308e-07 
 4.27200000e-04  1.69902498e-07 
 4.27300000e-04  1.69803867e-07 
 4.27400000e-04  1.69715878e-07 
 4.27500000e-04  1.69678997e-07 
 4.27600000e-04  1.55849515e-07 
 4.27700000e-04  1.55406821e-07 
 4.27800000e-04  1.55166198e-07 
 4.27900000e-04  1.54993277e-07 
 4.28000000e-04  1.54890049e-07 
 4.28100000e-04  1.70920088e-07 
 4.28200000e-04  1.70740560e-07 
 4.28300000e-04  1.70645455e-07 
 4.28400000e-04  1.70555781e-07 
 4.28500000e-04  1.70520385e-07 
 4.28600000e-04  1.57893287e-07 
 4.28700000e-04  1.57544451e-07 
 4.28800000e-04  1.57347300e-07 
 4.28900000e-04  1.57210707e-07 
 4.29000000e-04  1.57136434e-07 
 4.29100000e-04  1.70690788e-07 
 4.29200000e-04  1.70447433e-07 
 4.29300000e-04  1.70365162e-07 
 4.29400000e-04  1.70294947e-07 
 4.29500000e-04  1.70258125e-07 
 4.29600000e-04  1.56392418e-07 
 4.29700000e-04  1.55979799e-07 
 4.29800000e-04  1.55753793e-07 
 4.29900000e-04  1.55585687e-07 
 4.30000000e-04  1.55477156e-07 
 4.30100000e-04  1.72611787e-07 
 4.30200000e-04  1.72203024e-07 
 4.30300000e-04  1.72051492e-07 
 4.30400000e-04  1.71917353e-07 
 4.30500000e-04  1.71871944e-07 
 4.30600000e-04  1.61810034e-07 
 4.30700000e-04  1.61444760e-07 
 4.30800000e-04  1.61266958e-07 
 4.30900000e-04  1.61151549e-07 
 4.31000000e-04  1.61100182e-07 
 4.31100000e-04  1.72378275e-07 
 4.31200000e-04  1.71551024e-07 
 4.31300000e-04  1.71291658e-07 
 4.31400000e-04  1.71158407e-07 
 4.31500000e-04  1.71065908e-07 
 4.31600000e-04  1.56798125e-07 
 4.31700000e-04  1.56139309e-07 
 4.31800000e-04  1.55861983e-07 
 4.31900000e-04  1.55663788e-07 
 4.32000000e-04  1.55546250e-07 
 4.32100000e-04  1.03757888e-04 
 4.32200000e-04  1.03757491e-04 
 4.32300000e-04  1.03757363e-04 
 4.32400000e-04  1.03757253e-04 
 4.32500000e-04  1.03757192e-04 
 4.32600000e-04  1.03744577e-04 
 4.32700000e-04  1.03744182e-04 
 4.32800000e-04  1.03743991e-04 
 4.32900000e-04  1.03743856e-04 
 4.33000000e-04  1.03743780e-04 
 4.33100000e-04  1.71848304e-07 
 4.33200000e-04  1.71567591e-07 
 4.33300000e-04  1.71482381e-07 
 4.33400000e-04  1.71411122e-07 
 4.33500000e-04  1.71385661e-07 
 4.33600000e-04  1.57484763e-07 
 4.33700000e-04  1.57068257e-07 
 4.33800000e-04  1.56845323e-07 
 4.33900000e-04  1.56680734e-07 
 4.34000000e-04  1.56576178e-07 
 4.34100000e-04  1.73230578e-07 
 4.34200000e-04  1.72912157e-07 
 4.34300000e-04  1.72797382e-07 
 4.34400000e-04  1.72697282e-07 
 4.34500000e-04  1.72650069e-07 
 4.34600000e-04  1.61240589e-07 
 4.34700000e-04  1.60882367e-07 
 4.34800000e-04  1.60701389e-07 
 4.34900000e-04  1.60571767e-07 
 4.35000000e-04  1.60494967e-07 
 4.35100000e-04  1.71945666e-07 
 4.35200000e-04  1.71655010e-07 
 4.35300000e-04  1.71552965e-07 
 4.35400000e-04  1.71464174e-07 
 4.35500000e-04  1.71435900e-07 
 4.35600000e-04  1.57529140e-07 
 4.35700000e-04  1.57066376e-07 
 4.35800000e-04  1.56843321e-07 
 4.35900000e-04  1.56676297e-07 
 4.36000000e-04  1.56566912e-07 
 4.36100000e-04  1.72705960e-07 
 4.36200000e-04  1.72503311e-07 
 4.36300000e-04  1.72411608e-07 
 4.36400000e-04  1.72328263e-07 
 4.36500000e-04  1.72285360e-07 
 4.36600000e-04  1.59556702e-07 
 4.36700000e-04  1.59203097e-07 
 4.36800000e-04  1.59025604e-07 
 4.36900000e-04  1.58894336e-07 
 4.37000000e-04  1.58810593e-07 
 4.37100000e-04  1.72460333e-07 
 4.37200000e-04  1.72225125e-07 
 4.37300000e-04  1.72139240e-07 
 4.37400000e-04  1.72063794e-07 
 4.37500000e-04  1.72020535e-07 
 4.37600000e-04  1.58054689e-07 
 4.37700000e-04  1.57655293e-07 
 4.37800000e-04  1.57436315e-07 
 4.37900000e-04  1.57266413e-07 
 4.38000000e-04  1.57146971e-07 
 4.38100000e-04  1.74899841e-07 
 4.38200000e-04  1.74381994e-07 
 4.38300000e-04  1.74207781e-07 
 4.38400000e-04  1.74056289e-07 
 4.38500000e-04  1.73980203e-07 
 4.38600000e-04  1.65139260e-07 
 4.38700000e-04  1.64778947e-07 
 4.38800000e-04  1.64603236e-07 
 4.38900000e-04  1.64491020e-07 
 4.39000000e-04  1.64444145e-07 
 4.39100000e-04  1.71732986e-07 
 4.39200000e-04  1.71317122e-07 
 4.39300000e-04  1.71156764e-07 
 4.39400000e-04  1.71013804e-07 
 4.39500000e-04  1.70936519e-07 
 4.39600000e-04  1.57108113e-07 
 4.39700000e-04  1.56580337e-07 
 4.39800000e-04  1.56318269e-07 
 4.39900000e-04  1.56123870e-07 
 4.40000000e-04  1.55999118e-07 
 4.40100000e-04  1.72127725e-07 
 4.40200000e-04  1.71925434e-07 
 4.40300000e-04  1.71823567e-07 
 4.40400000e-04  1.71728784e-07 
 4.40500000e-04  1.71690058e-07 
 4.40600000e-04  1.58986843e-07 
 4.40700000e-04  1.58629159e-07 
 4.40800000e-04  1.58445615e-07 
 4.40900000e-04  1.58314174e-07 
 4.41000000e-04  1.58236315e-07 
 4.41100000e-04  1.71866965e-07 
 4.41200000e-04  1.71609930e-07 
 4.41300000e-04  1.71521845e-07 
 4.41400000e-04  1.71446479e-07 
 4.41500000e-04  1.71408459e-07 
 4.41600000e-04  1.57471372e-07 
 4.41700000e-04  1.57051786e-07 
 4.41800000e-04  1.56832096e-07 
 4.41900000e-04  1.56667480e-07 
 4.42000000e-04  1.56559505e-07 
 4.42100000e-04  1.73229690e-07 
 4.42200000e-04  1.72908576e-07 
 4.42300000e-04  1.72793830e-07 
 4.42400000e-04  1.72694089e-07 
 4.42500000e-04  1.72634700e-07 
 4.42600000e-04  1.61234360e-07 
 4.42700000e-04  1.60862415e-07 
 4.42800000e-04  1.60682493e-07 
 4.42900000e-04  1.60562765e-07 
 4.43000000e-04  1.60504968e-07 
 4.43100000e-04  1.71941205e-07 
 4.43200000e-04  1.71661541e-07 
 4.43300000e-04  1.71557692e-07 
 4.43400000e-04  1.71465840e-07 
 4.43500000e-04  1.71434762e-07 
 4.43600000e-04  1.57506454e-07 
 4.43700000e-04  1.57078685e-07 
 4.43800000e-04  1.56840068e-07 
 4.43900000e-04  1.56661054e-07 
 4.44000000e-04  1.56543358e-07 
 4.44100000e-04  1.72710007e-07 
 4.44200000e-04  1.72494928e-07 
 4.44300000e-04  1.72403503e-07 
 4.44400000e-04  1.72321742e-07 
 4.44500000e-04  1.72274614e-07 
 4.44600000e-04  1.59553193e-07 
 4.44700000e-04  1.59185879e-07 
 4.44800000e-04  1.59009955e-07 
 4.44900000e-04  1.58881260e-07 
 4.45000000e-04  1.58801114e-07 
 4.45100000e-04  1.72454254e-07 
 4.45200000e-04  1.72219665e-07 
 4.45300000e-04  1.72125540e-07 
 4.45400000e-04  1.72041375e-07 
 4.45500000e-04  1.72017429e-07 
 4.45600000e-04  1.58049337e-07 
 4.45700000e-04  1.57654482e-07 
 4.45800000e-04  1.57419315e-07 
 4.45900000e-04  1.57250078e-07 
 4.46000000e-04  1.57148691e-07 
 4.46100000e-04  1.74367060e-07 
 4.46200000e-04  1.73941755e-07 
 4.46300000e-04  1.73802942e-07 
 4.46400000e-04  1.73683700e-07 
 4.46500000e-04  1.73628766e-07 
 4.46600000e-04  1.63461772e-07 
 4.46700000e-04  1.63106282e-07 
 4.46800000e-04  1.62931710e-07 
 4.46900000e-04  1.62821867e-07 
 4.47000000e-04  1.62778630e-07 
 4.47100000e-04  1.72057685e-07 
 4.47200000e-04  1.71738133e-07 
 4.47300000e-04  1.71619458e-07 
 4.47400000e-04  1.71514557e-07 
 4.47500000e-04  1.71467655e-07 
 4.47600000e-04  1.57586363e-07 
 4.47700000e-04  1.57092386e-07 
 4.47800000e-04  1.56855958e-07 
 4.47900000e-04  1.56683592e-07 
 4.48000000e-04  1.56577141e-07 
 4.48100000e-04  1.72726628e-07 
 4.48200000e-04  1.72507490e-07 
 4.48300000e-04  1.72413229e-07 
 4.48400000e-04  1.72328415e-07 
 4.48500000e-04  1.72276439e-07 
 4.48600000e-04  1.59551951e-07 
 4.48700000e-04  1.59214743e-07 
 4.48800000e-04  1.59025183e-07 
 4.48900000e-04  1.58894965e-07 
 4.49000000e-04  1.58825792e-07 
 4.49100000e-04  1.72470130e-07 
 4.49200000e-04  1.72232606e-07 
 4.49300000e-04  1.72138462e-07 
 4.49400000e-04  1.72054373e-07 
 4.49500000e-04  1.72034242e-07 
 4.49600000e-04  1.58040678e-07 
 4.49700000e-04  1.57659640e-07 
 4.49800000e-04  1.57439457e-07 
 4.49900000e-04  1.57271388e-07 
 4.50000000e-04  1.57156911e-07 
 4.50100000e-04  1.73844168e-07 
 4.50200000e-04  1.73539267e-07 
 4.50300000e-04  1.73411361e-07 
 4.50400000e-04  1.73295229e-07 
 4.50500000e-04  1.73254426e-07 
 4.50600000e-04  1.61813668e-07 
 4.50700000e-04  1.61452897e-07 
 4.50800000e-04  1.61276181e-07 
 4.50900000e-04  1.61154166e-07 
 4.51000000e-04  1.61088405e-07 
 4.51100000e-04  1.72550844e-07 
 4.51200000e-04  1.72274374e-07 
 4.51300000e-04  1.72181289e-07 
 4.51400000e-04  1.72100358e-07 
 4.51500000e-04  1.72047128e-07 
 4.51600000e-04  1.58105348e-07 
 4.51700000e-04  1.57650299e-07 
 4.51800000e-04  1.57438541e-07 
 4.51900000e-04  1.57273818e-07 
 4.52000000e-04  1.57157437e-07 
 4.52100000e-04  1.73325413e-07 
 4.52200000e-04  1.73113776e-07 
 4.52300000e-04  1.73025481e-07 
 4.52400000e-04  1.72946151e-07 
 4.52500000e-04  1.72896329e-07 
 4.52600000e-04  1.60132324e-07 
 4.52700000e-04  1.59786402e-07 
 4.52800000e-04  1.59609279e-07 
 4.52900000e-04  1.59483551e-07 
 4.53000000e-04  1.59410661e-07 
 4.53100000e-04  1.73078778e-07 
 4.53200000e-04  1.72835865e-07 
 4.53300000e-04  1.72746845e-07 
 4.53400000e-04  1.72668959e-07 
 4.53500000e-04  1.72639455e-07 
 4.53600000e-04  1.58614664e-07 
 4.53700000e-04  1.58224811e-07 
 4.53800000e-04  1.58016730e-07 
 4.53900000e-04  1.57858066e-07 
 4.54000000e-04  1.57750208e-07 
 4.54100000e-04  1.76579917e-07 
 4.54200000e-04  1.75846440e-07 
 4.54300000e-04  1.75608241e-07 
 4.54400000e-04  1.75402265e-07 
 4.54500000e-04  1.75329460e-07 
 4.54600000e-04  1.69034245e-07 
 4.54700000e-04  1.68690007e-07 
 4.54800000e-04  1.68521435e-07 
 4.54900000e-04  1.68425645e-07 
 4.55000000e-04  1.68404757e-07 
 4.55100000e-04  1.71859768e-07 
 4.55200000e-04  1.70914371e-07 
 4.55300000e-04  1.70656280e-07 
 4.55400000e-04  1.70441603e-07 
 4.55500000e-04  1.70352417e-07 
 4.55600000e-04  1.56610265e-07 
 4.55700000e-04  1.55991223e-07 
 4.55800000e-04  1.55726988e-07 
 4.55900000e-04  1.55528281e-07 
 4.56000000e-04  1.55396997e-07 
 4.56100000e-04  1.71519216e-07 
 4.56200000e-04  1.71317679e-07 
 4.56300000e-04  1.71216372e-07 
 4.56400000e-04  1.71122358e-07 
 4.56500000e-04  1.71071970e-07 
 4.56600000e-04  1.58392594e-07 
 4.56700000e-04  1.58029225e-07 
 4.56800000e-04  1.57847796e-07 
 4.56900000e-04  1.57720197e-07 
 4.57000000e-04  1.57647943e-07 
 4.57100000e-04  1.71236298e-07 
 4.57200000e-04  1.70999412e-07 
 4.57300000e-04  1.70911662e-07 
 4.57400000e-04  1.70834752e-07 
 4.57500000e-04  1.70798760e-07 
 4.57600000e-04  1.56872532e-07 
 4.57700000e-04  1.56484437e-07 
 4.57800000e-04  1.56256794e-07 
 4.57900000e-04  1.56084432e-07 
 4.58000000e-04  1.55968916e-07 
 4.58100000e-04  1.72598958e-07 
 4.58200000e-04  1.72302237e-07 
 4.58300000e-04  1.72184922e-07 
 4.58400000e-04  1.72079626e-07 
 4.58500000e-04  1.72035624e-07 
 4.58600000e-04  1.60649538e-07 
 4.58700000e-04  1.60283261e-07 
 4.58800000e-04  1.60098806e-07 
 4.58900000e-04  1.59968769e-07 
 4.59000000e-04  1.59894686e-07 
 4.59100000e-04  1.71307218e-07 
 4.59200000e-04  1.71043595e-07 
 4.59300000e-04  1.70945635e-07 
 4.59400000e-04  1.70858903e-07 
 4.59500000e-04  1.70807437e-07 
 4.59600000e-04  1.56922572e-07 
 4.59700000e-04  1.56487710e-07 
 4.59800000e-04  1.56252772e-07 
 4.59900000e-04  1.56080493e-07 
 4.60000000e-04  1.55972671e-07 
 4.60100000e-04  1.72070302e-07 
 4.60200000e-04  1.71883023e-07 
 4.60300000e-04  1.71789443e-07 
 4.60400000e-04  1.71702148e-07 
 4.60500000e-04  1.71658081e-07 
 4.60600000e-04  1.58969291e-07 
 4.60700000e-04  1.58603946e-07 
 4.60800000e-04  1.58420807e-07 
 4.60900000e-04  1.58291443e-07 
 4.61000000e-04  1.58217372e-07 
 4.61100000e-04  1.71833753e-07 
 4.61200000e-04  1.71600008e-07 
 4.61300000e-04  1.71514883e-07 
 4.61400000e-04  1.71440106e-07 
 4.61500000e-04  1.71404549e-07 
 4.61600000e-04  1.57454921e-07 
 4.61700000e-04  1.57043926e-07 
 4.61800000e-04  1.56838947e-07 
 4.61900000e-04  1.56672729e-07 
 4.62000000e-04  1.56546310e-07 
 4.62100000e-04  1.73744553e-07 
 4.62200000e-04  1.73341813e-07 
 4.62300000e-04  1.73195901e-07 
 4.62400000e-04  1.73066509e-07 
 4.62500000e-04  1.73000715e-07 
 4.62600000e-04  1.62884979e-07 
 4.62700000e-04  1.62530402e-07 
 4.62800000e-04  1.62348909e-07 
 4.62900000e-04  1.62229318e-07 
 4.63000000e-04  1.62173404e-07 
 4.63100000e-04  1.71419250e-07 
 4.63200000e-04  1.71109071e-07 
 4.63300000e-04  1.70994952e-07 
 4.63400000e-04  1.70893784e-07 
 4.63500000e-04  1.70851914e-07 
 4.63600000e-04  1.57000077e-07 
 4.63700000e-04  1.56505386e-07 
 4.63800000e-04  1.56272566e-07 
 4.63900000e-04  1.56094613e-07 
 4.64000000e-04  1.55973069e-07 
 4.64100000e-04  1.72093085e-07 
 4.64200000e-04  1.71892410e-07 
 4.64300000e-04  1.71795183e-07 
 4.64400000e-04  1.71705152e-07 
 4.64500000e-04  1.71673312e-07 
 4.64600000e-04  1.58973861e-07 
 4.64700000e-04  1.58618918e-07 
 4.64800000e-04  1.58425955e-07 
 4.64900000e-04  1.58291367e-07 
 4.65000000e-04  1.58216810e-07 
 4.65100000e-04  1.71836418e-07 
 4.65200000e-04  1.71607416e-07 
 4.65300000e-04  1.71517055e-07 
 4.65400000e-04  1.71436163e-07 
 4.65500000e-04  1.71397269e-07 
 4.65600000e-04  1.57459624e-07 
 4.65700000e-04  1.57051093e-07 
 4.65800000e-04  1.56844587e-07 
 4.65900000e-04  1.56683320e-07 
 4.66000000e-04  1.56568532e-07 
 4.66100000e-04  1.73217127e-07 
 4.66200000e-04  1.72901854e-07 
 4.66300000e-04  1.72792672e-07 
 4.66400000e-04  1.72697884e-07 
 4.66500000e-04  1.72628573e-07 
 4.66600000e-04  1.61206989e-07 
 4.66700000e-04  1.60856034e-07 
 4.66800000e-04  1.60679923e-07 
 4.66900000e-04  1.60561768e-07 
 4.67000000e-04  1.60503209e-07 
 4.67100000e-04  1.71922536e-07 
 4.67200000e-04  1.71640873e-07 
 4.67300000e-04  1.71544406e-07 
 4.67400000e-04  1.71460358e-07 
 4.67500000e-04  1.71434063e-07 
 4.67600000e-04  1.57513188e-07 
 4.67700000e-04  1.57060267e-07 
 4.67800000e-04  1.56833295e-07 
 4.67900000e-04  1.56664920e-07 
 4.68000000e-04  1.56556801e-07 
 4.68100000e-04  1.72684494e-07 
 4.68200000e-04  1.72501738e-07 
 4.68300000e-04  1.72403684e-07 
 4.68400000e-04  1.72311033e-07 
 4.68500000e-04  1.72266434e-07 
 4.68600000e-04  1.59558833e-07 
 4.68700000e-04  1.59185585e-07 
 4.68800000e-04  1.59013337e-07 
 4.68900000e-04  1.58891177e-07 
 4.69000000e-04  1.58820495e-07 
 4.69100000e-04  1.72459870e-07 
 4.69200000e-04  1.72222093e-07 
 4.69300000e-04  1.72131869e-07 
 4.69400000e-04  1.72051983e-07 
 4.69500000e-04  1.72011173e-07 
 4.69600000e-04  1.58054324e-07 
 4.69700000e-04  1.57632038e-07 
 4.69800000e-04  1.57415343e-07 
 4.69900000e-04  1.57252943e-07 
 4.70000000e-04  1.57146360e-07 
 4.70100000e-04  1.74899771e-07 
 4.70200000e-04  1.74368891e-07 
 4.70300000e-04  1.74194179e-07 
 4.70400000e-04  1.74043622e-07 
 4.70500000e-04  1.73966623e-07 
 4.70600000e-04  1.65123744e-07 
 4.70700000e-04  1.64766129e-07 
 4.70800000e-04  1.64601142e-07 
 4.70900000e-04  1.64495592e-07 
 4.71000000e-04  1.64451162e-07 
 4.71100000e-04  1.71708714e-07 
 4.71200000e-04  1.71310973e-07 
 4.71300000e-04  1.71151670e-07 
 4.71400000e-04  1.71008098e-07 
 4.71500000e-04  1.70945085e-07 
 4.71600000e-04  1.57096156e-07 
 4.71700000e-04  1.56569723e-07 
 4.71800000e-04  1.56315382e-07 
 4.71900000e-04  1.56129904e-07 
 4.72000000e-04  1.56015275e-07 
 4.72100000e-04  1.72132689e-07 
 4.72200000e-04  1.71909810e-07 
 4.72300000e-04  1.71817648e-07 
 4.72400000e-04  1.71735521e-07 
 4.72500000e-04  1.71688791e-07 
 4.72600000e-04  1.58993411e-07 
 4.72700000e-04  1.58624617e-07 
 4.72800000e-04  1.58439265e-07 
 4.72900000e-04  1.58310091e-07 
 4.73000000e-04  1.58238674e-07 
 4.73100000e-04  1.71859119e-07 
 4.73200000e-04  1.71610238e-07 
 4.73300000e-04  1.71525039e-07 
 4.73400000e-04  1.71451807e-07 
 4.73500000e-04  1.71403590e-07 
 4.73600000e-04  1.57454373e-07 
 4.73700000e-04  1.57052638e-07 
 4.73800000e-04  1.56839928e-07 
 4.73900000e-04  1.56672821e-07 
 4.74000000e-04  1.56552556e-07 
 4.74100000e-04  1.73218989e-07 
 4.74200000e-04  1.72909938e-07 
 4.74300000e-04  1.72794334e-07 
 4.74400000e-04  1.72692211e-07 
 4.74500000e-04  1.72630260e-07 
 4.74600000e-04  1.61223361e-07 
 4.74700000e-04  1.60862027e-07 
 4.74800000e-04  1.60685117e-07 
 4.74900000e-04  1.60558762e-07 
 4.75000000e-04  1.60484358e-07 
 4.75100000e-04  1.71920012e-07 
 4.75200000e-04  1.71653629e-07 
 4.75300000e-04  1.71554457e-07 
 4.75400000e-04  1.71466051e-07 
 4.75500000e-04  1.71423537e-07 
 4.75600000e-04  1.57515362e-07 
 4.75700000e-04  1.57064279e-07 
 4.75800000e-04  1.56837745e-07 
 4.75900000e-04  1.56671112e-07 
 4.76000000e-04  1.56566074e-07 
 4.76100000e-04  1.72702014e-07 
 4.76200000e-04  1.72491190e-07 
 4.76300000e-04  1.72402600e-07 
 4.76400000e-04  1.72323068e-07 
 4.76500000e-04  1.72283197e-07 
 4.76600000e-04  1.59556652e-07 
 4.76700000e-04  1.59191637e-07 
 4.76800000e-04  1.59020058e-07 
 4.76900000e-04  1.58890613e-07 
 4.77000000e-04  1.58804433e-07 
 4.77100000e-04  1.72464854e-07 
 4.77200000e-04  1.72211178e-07 
 4.77300000e-04  1.72131396e-07 
 4.77400000e-04  1.72064961e-07 
 4.77500000e-04  1.72026121e-07 
 4.77600000e-04  1.58042187e-07 
 4.77700000e-04  1.57652969e-07 
 4.77800000e-04  1.57425087e-07 
 4.77900000e-04  1.57259132e-07 
 4.78000000e-04  1.57156862e-07 
 4.78100000e-04  1.74367014e-07 
 4.78200000e-04  1.73940351e-07 
 4.78300000e-04  1.73790796e-07 
 4.78400000e-04  1.73660238e-07 
 4.78500000e-04  1.73604711e-07 
 4.78600000e-04  1.63460667e-07 
 4.78700000e-04  1.63103160e-07 
 4.78800000e-04  1.62930164e-07 
 4.78900000e-04  1.62817053e-07 
 4.79000000e-04  1.62765520e-07 
 4.79100000e-04  1.72045015e-07 
 4.79200000e-04  1.71741369e-07 
 4.79300000e-04  1.71628974e-07 
 4.79400000e-04  1.71528961e-07 
 4.79500000e-04  1.71474908e-07 
 4.79600000e-04  1.57590613e-07 
 4.79700000e-04  1.57094252e-07 
 4.79800000e-04  1.56857506e-07 
 4.79900000e-04  1.56682110e-07 
 4.80000000e-04  1.56569801e-07 
 4.80100000e-04  1.72723370e-07 
 4.80200000e-04  1.72514283e-07 
 4.80300000e-04  1.72422753e-07 
 4.80400000e-04  1.72339833e-07 
 4.80500000e-04  1.72298750e-07 
 4.80600000e-04  1.59555569e-07 
 4.80700000e-04  1.59202955e-07 
 4.80800000e-04  1.59020952e-07 
 4.80900000e-04  1.58890964e-07 
 4.81000000e-04  1.58814434e-07 
 4.81100000e-04  1.72466393e-07 
 4.81200000e-04  1.72225866e-07 
 4.81300000e-04  1.72143408e-07 
 4.81400000e-04  1.72072618e-07 
 4.81500000e-04  1.72017726e-07 
 4.81600000e-04  1.58047018e-07 
 4.81700000e-04  1.57640181e-07 
 4.81800000e-04  1.57430091e-07 
 4.81900000e-04  1.57266537e-07 
 4.82000000e-04  1.57150783e-07 
 4.82100000e-04  1.73843366e-07 
 4.82200000e-04  1.73523867e-07 
 4.82300000e-04  1.73399988e-07 
 4.82400000e-04  1.73289444e-07 
 4.82500000e-04  1.73254546e-07 
 4.82600000e-04  1.61801584e-07 
 4.82700000e-04  1.61447899e-07 
 4.82800000e-04  1.61278724e-07 
 4.82900000e-04  1.61158926e-07 
 4.83000000e-04  1.61089861e-07 
 4.83100000e-04  1.72554750e-07 
 4.83200000e-04  1.72262370e-07 
 4.83300000e-04  1.72164337e-07 
 4.83400000e-04  1.72079721e-07 
 4.83500000e-04  1.72036867e-07 
 4.83600000e-04  1.58092485e-07 
 4.83700000e-04  1.57669792e-07 
 4.83800000e-04  1.57436616e-07 
 4.83900000e-04  1.57263047e-07 
 4.84000000e-04  1.57150758e-07 
 4.84100000e-04  1.73325632e-07 
 4.84200000e-04  1.73108137e-07 
 4.84300000e-04  1.73021165e-07 
 4.84400000e-04  1.72944001e-07 
 4.84500000e-04  1.72894514e-07 
 4.84600000e-04  1.60144429e-07 
 4.84700000e-04  1.59785602e-07 
 4.84800000e-04  1.59610313e-07 
 4.84900000e-04  1.59484415e-07 
 4.85000000e-04  1.59409261e-07 
 4.85100000e-04  1.73082263e-07 
 4.85200000e-04  1.72828437e-07 
 4.85300000e-04  1.72735326e-07 
 4.85400000e-04  1.72654151e-07 
 4.85500000e-04  1.72627775e-07 
 4.85600000e-04  1.58618672e-07 
 4.85700000e-04  1.58234489e-07 
 4.85800000e-04  1.58020366e-07 
 4.85900000e-04  1.57860140e-07 
 4.86000000e-04  1.57755306e-07 
 4.86100000e-04  1.76057122e-07 
 4.86200000e-04  1.75430999e-07 
 4.86300000e-04  1.75221751e-07 
 4.86400000e-04  1.75039935e-07 
 4.86500000e-04  1.74970028e-07 
 4.86600000e-04  1.67375431e-07 
 4.86700000e-04  1.67040398e-07 
 4.86800000e-04  1.66865728e-07 
 4.86900000e-04  1.66763832e-07 
 4.87000000e-04  1.66736804e-07 
 4.87100000e-04  1.72351142e-07 
 4.87200000e-04  1.71535063e-07 
 4.87300000e-04  1.71290768e-07 
 4.87400000e-04  1.71085460e-07 
 4.87500000e-04  1.70991552e-07 
 4.87600000e-04  1.57175543e-07 
 4.87700000e-04  1.56586643e-07 
 4.87800000e-04  1.56329940e-07 
 4.87900000e-04  1.56141002e-07 
 4.88000000e-04  1.56021763e-07 
 4.88100000e-04  1.72147738e-07 
 4.88200000e-04  1.71928431e-07 
 4.88300000e-04  1.71834446e-07 
 4.88400000e-04  1.71749694e-07 
 4.88500000e-04  1.71701438e-07 
 4.88600000e-04  1.58997304e-07 
 4.88700000e-04  1.58630017e-07 
 4.88800000e-04  1.58449387e-07 
 4.88900000e-04  1.58319943e-07 
 4.89000000e-04  1.58243359e-07 
 4.89100000e-04  1.72018930e-07 
 4.89200000e-04  1.71675498e-07 
 4.89300000e-04  1.71544731e-07 
 4.89400000e-04  1.71478415e-07 
 4.89500000e-04  1.71425498e-07 
 4.89600000e-04  1.57488720e-07 
 4.89700000e-04  1.57088415e-07 
 4.89800000e-04  1.56865838e-07 
 4.89900000e-04  1.56696775e-07 
 4.90000000e-04  1.56582740e-07 
 4.90100000e-04  1.73222718e-07 
 4.90200000e-04  1.72918866e-07 
 4.90300000e-04  1.72808066e-07 
 4.90400000e-04  1.72710918e-07 
 4.90500000e-04  1.72649893e-07 
 4.90600000e-04  1.61218198e-07 
 4.90700000e-04  1.60872480e-07 
 4.90800000e-04  1.60689468e-07 
 4.90900000e-04  1.60565080e-07 
 4.91000000e-04  1.60500853e-07 
 4.91100000e-04  1.73847310e-07 
 4.91200000e-04  1.73177085e-07 
 4.91300000e-04  1.72957013e-07 
 4.91400000e-04  1.72848266e-07 
 4.91500000e-04  1.72775490e-07 
 4.91600000e-04  1.58382161e-07 
 4.91700000e-04  1.57769432e-07 
 4.91800000e-04  1.57507455e-07 
 4.91900000e-04  1.57316632e-07 
 4.92000000e-04  1.57198343e-07 
 4.92100000e-04  1.03759647e-04 
 4.92200000e-04  1.03759245e-04 
 4.92300000e-04  1.03759107e-04 
 4.92400000e-04  1.03758987e-04 
 4.92500000e-04  1.03758954e-04 
 4.92600000e-04  1.03746231e-04 
 4.92700000e-04  1.03745853e-04 
 4.92800000e-04  1.03745676e-04 
 4.92900000e-04  1.03745546e-04 
 4.93000000e-04  1.03745466e-04 
 4.93100000e-04  1.73624407e-07 
 4.93200000e-04  1.73349463e-07 
 4.93300000e-04  1.73252223e-07 
 4.93400000e-04  1.73167380e-07 
 4.93500000e-04  1.73135946e-07 
 4.93600000e-04  1.59148008e-07 
 4.93700000e-04  1.58737362e-07 
 4.93800000e-04  1.58517784e-07 
 4.93900000e-04  1.58350794e-07 
 4.94000000e-04  1.58238083e-07 
 4.94100000e-04  1.75949488e-07 
 4.94200000e-04  1.75302835e-07 
 4.94300000e-04  1.75109828e-07 
 4.94400000e-04  1.75040696e-07 
 4.94500000e-04  1.74987068e-07 
 4.94600000e-04  1.64838699e-07 
 4.94700000e-04  1.64521141e-07 
 4.94800000e-04  1.64324553e-07 
 4.94900000e-04  1.64173545e-07 
 4.95000000e-04  1.64069480e-07 
 4.95100000e-04  1.73212286e-07 
 4.95200000e-04  1.72886380e-07 
 4.95300000e-04  1.72764739e-07 
 4.95400000e-04  1.72657183e-07 
 4.95500000e-04  1.72610029e-07 
 4.95600000e-04  1.58672161e-07 
 4.95700000e-04  1.58189496e-07 
 4.95800000e-04  1.57961565e-07 
 4.95900000e-04  1.57787418e-07 
 4.96000000e-04  1.57668701e-07 
 4.96100000e-04  1.73864351e-07 
 4.96200000e-04  1.73666405e-07 
 4.96300000e-04  1.73565911e-07 
 4.96400000e-04  1.73471763e-07 
 4.96500000e-04  1.73432886e-07 
 4.96600000e-04  1.60644516e-07 
 4.96700000e-04  1.60288313e-07 
 4.96800000e-04  1.60112976e-07 
 4.96900000e-04  1.59988772e-07 
 4.97000000e-04  1.59917281e-07 
 4.97100000e-04  1.73610697e-07 
 4.97200000e-04  1.73363604e-07 
 4.97300000e-04  1.73277940e-07 
 4.97400000e-04  1.73203677e-07 
 4.97500000e-04  1.73146447e-07 
 4.97600000e-04  1.59126198e-07 
 4.97700000e-04  1.58736804e-07 
 4.97800000e-04  1.58519370e-07 
 4.97900000e-04  1.58358499e-07 
 4.98000000e-04  1.58255965e-07 
 4.98100000e-04  1.75001765e-07 
 4.98200000e-04  1.74666734e-07 
 4.98300000e-04  1.74550469e-07 
 4.98400000e-04  1.74450091e-07 
 4.98500000e-04  1.74388532e-07 
 4.98600000e-04  1.62877687e-07 
 4.98700000e-04  1.62543006e-07 
 4.98800000e-04  1.62359867e-07 
 4.98900000e-04  1.62235916e-07 
 4.99000000e-04  1.62173032e-07 
 4.99100000e-04  1.73693491e-07 
 4.99200000e-04  1.73410275e-07 
 4.99300000e-04  1.73310709e-07 
 4.99400000e-04  1.73223181e-07 
 4.99500000e-04  1.73186296e-07 
 4.99600000e-04  1.59172512e-07 
 4.99700000e-04  1.58748398e-07 
 4.99800000e-04  1.58523349e-07 
 4.99900000e-04  1.58352728e-07 
 5.00000000e-04  1.58238261e-07 
 5.00100000e-04  1.74468518e-07 
 5.00200000e-04  1.74266875e-07 
 5.00300000e-04  1.74170643e-07 
 5.00400000e-04  1.74081809e-07 
 5.00500000e-04  1.74024636e-07 
 5.00600000e-04  1.61210942e-07 
 5.00700000e-04  1.60862049e-07 
 5.00800000e-04  1.60688245e-07 
 5.00900000e-04  1.60565029e-07 
 5.01000000e-04  1.60494005e-07 
 5.01100000e-04  1.74223845e-07 
 5.01200000e-04  1.73982621e-07 
 5.01300000e-04  1.73887066e-07 
 5.01400000e-04  1.73801815e-07 
 5.01500000e-04  1.73764889e-07 
 5.01600000e-04  1.59692292e-07 
 5.01700000e-04  1.59312516e-07 
 5.01800000e-04  1.59102042e-07 
 5.01900000e-04  1.58944210e-07 
 5.02000000e-04  1.58840690e-07 
 5.02100000e-04  1.76677252e-07 
 5.02200000e-04  1.76132515e-07 
 5.02300000e-04  1.75959552e-07 
 5.02400000e-04  1.75812368e-07 
 5.02500000e-04  1.75717022e-07 
 5.02600000e-04  1.66794455e-07 
 5.02700000e-04  1.66443863e-07 
 5.02800000e-04  1.66278642e-07 
 5.02900000e-04  1.66176414e-07 
 5.03000000e-04  1.66139177e-07 
 5.03100000e-04  1.73492348e-07 
 5.03200000e-04  1.73063394e-07 
 5.03300000e-04  1.72902747e-07 
 5.03400000e-04  1.72760518e-07 
 5.03500000e-04  1.72705781e-07 
 5.03600000e-04  1.58759237e-07 
 5.03700000e-04  1.58231412e-07 
 5.03800000e-04  1.57985741e-07 
 5.03900000e-04  1.57807587e-07 
 5.04000000e-04  1.57699092e-07 
 5.04100000e-04  1.73902566e-07 
 5.04200000e-04  1.73684835e-07 
 5.04300000e-04  1.73578974e-07 
 5.04400000e-04  1.73481105e-07 
 5.04500000e-04  1.73445295e-07 
 5.04600000e-04  1.60651489e-07 
 5.04700000e-04  1.60297071e-07 
 5.04800000e-04  1.60123112e-07 
 5.04900000e-04  1.59999860e-07 
 5.05000000e-04  1.59928924e-07 
 5.05100000e-04  1.73621352e-07 
 5.05200000e-04  1.73378902e-07 
 5.05300000e-04  1.73281039e-07 
 5.05400000e-04  1.73193328e-07 
 5.05500000e-04  1.73163131e-07 
 5.05600000e-04  1.59117007e-07 
 5.05700000e-04  1.58731321e-07 
 5.05800000e-04  1.58515580e-07 
 5.05900000e-04  1.58354641e-07 
 5.06000000e-04  1.58250242e-07 
 5.06100000e-04  1.75009778e-07 
 5.06200000e-04  1.74688062e-07 
 5.06300000e-04  1.74560814e-07 
 5.06400000e-04  1.74447513e-07 
 5.06500000e-04  1.74396785e-07 
 5.06600000e-04  1.62884027e-07 
 5.06700000e-04  1.62542235e-07 
 5.06800000e-04  1.62367395e-07 
 5.06900000e-04  1.62243073e-07 
 5.07000000e-04  1.62170873e-07 
 5.07100000e-04  1.73714689e-07 
 5.07200000e-04  1.73416661e-07 
 5.07300000e-04  1.73315140e-07 
 5.07400000e-04  1.73227374e-07 
 5.07500000e-04  1.73180685e-07 
 5.07600000e-04  1.59166404e-07 
 5.07700000e-04  1.58733964e-07 
 5.07800000e-04  1.58506974e-07 
 5.07900000e-04  1.58340064e-07 
 5.08000000e-04  1.58235137e-07 
 5.08100000e-04  1.74464506e-07 
 5.08200000e-04  1.74246767e-07 
 5.08300000e-04  1.74157023e-07 
 5.08400000e-04  1.74076963e-07 
 5.08500000e-04  1.74032417e-07 
 5.08600000e-04  1.61217369e-07 
 5.08700000e-04  1.60876619e-07 
 5.08800000e-04  1.60686431e-07 
 5.08900000e-04  1.60558895e-07 
 5.09000000e-04  1.60495999e-07 
 5.09100000e-04  1.74238251e-07 
 5.09200000e-04  1.73989433e-07 
 5.09300000e-04  1.73894685e-07 
 5.09400000e-04  1.73810927e-07 
 5.09500000e-04  1.73762051e-07 
 5.09600000e-04  1.59698254e-07 
 5.09700000e-04  1.59310711e-07 
 5.09800000e-04  1.59095606e-07 
 5.09900000e-04  1.58933108e-07 
 5.10000000e-04  1.58824886e-07 
 5.10100000e-04  1.76158302e-07 
 5.10200000e-04  1.75711749e-07 
 5.10300000e-04  1.75563661e-07 
 5.10400000e-04  1.75436810e-07 
 5.10500000e-04  1.75356118e-07 
 5.10600000e-04  1.65121147e-07 
 5.10700000e-04  1.64768263e-07 
 5.10800000e-04  1.64606427e-07 
 5.10900000e-04  1.64502186e-07 
 5.11000000e-04  1.64457365e-07 
 5.11100000e-04  1.73816083e-07 
 5.11200000e-04  1.73495180e-07 
 5.11300000e-04  1.73376671e-07 
 5.11400000e-04  1.73271698e-07 
 5.11500000e-04  1.73221006e-07 
 5.11600000e-04  1.59242750e-07 
 5.11700000e-04  1.58770647e-07 
 5.11800000e-04  1.58538733e-07 
 5.11900000e-04  1.58364626e-07 
 5.12000000e-04  1.58250158e-07 
 5.12100000e-04  1.74486897e-07 
 5.12200000e-04  1.74269398e-07 
 5.12300000e-04  1.74168660e-07 
 5.12400000e-04  1.74076172e-07 
 5.12500000e-04  1.74029056e-07 
 5.12600000e-04  1.61227984e-07 
 5.12700000e-04  1.60868776e-07 
 5.12800000e-04  1.60695479e-07 
 5.12900000e-04  1.60571950e-07 
 5.13000000e-04  1.60499765e-07 
 5.13100000e-04  1.74235545e-07 
 5.13200000e-04  1.73979261e-07 
 5.13300000e-04  1.73887989e-07 
 5.13400000e-04  1.73808783e-07 
 5.13500000e-04  1.73781478e-07 
 5.13600000e-04  1.59693762e-07 
 5.13700000e-04  1.59319026e-07 
 5.13800000e-04  1.59098930e-07 
 5.13900000e-04  1.58935868e-07 
 5.14000000e-04  1.58831650e-07 
 5.14100000e-04  1.75619931e-07 
 5.14200000e-04  1.75291665e-07 
 5.14300000e-04  1.75168592e-07 
 5.14400000e-04  1.75060180e-07 
 5.14500000e-04  1.75016589e-07 
 5.14600000e-04  1.63466437e-07 
 5.14700000e-04  1.63110860e-07 
 5.14800000e-04  1.62952609e-07 
 5.14900000e-04  1.62839151e-07 
 5.15000000e-04  1.62771906e-07 
 5.15100000e-04  1.74329440e-07 
 5.15200000e-04  1.74025417e-07 
 5.15300000e-04  1.73924725e-07 
 5.15400000e-04  1.73838691e-07 
 5.15500000e-04  1.73788833e-07 
 5.15600000e-04  1.59762143e-07 
 5.15700000e-04  1.59322199e-07 
 5.15800000e-04  1.59104276e-07 
 5.15900000e-04  1.58940975e-07 
 5.16000000e-04  1.58834026e-07 
 5.16100000e-04  1.75100440e-07 
 5.16200000e-04  1.74880507e-07 
 5.16300000e-04  1.74782452e-07 
 5.16400000e-04  1.74693529e-07 
 5.16500000e-04  1.74641132e-07 
 5.16600000e-04  1.61800149e-07 
 5.16700000e-04  1.61469079e-07 
 5.16800000e-04  1.61288098e-07 
 5.16900000e-04  1.61160730e-07 
 5.17000000e-04  1.61088675e-07 
 5.17100000e-04  1.74851570e-07 
 5.17200000e-04  1.74612172e-07 
 5.17300000e-04  1.74509681e-07 
 5.17400000e-04  1.74416703e-07 
 5.17500000e-04  1.74381568e-07 
 5.17600000e-04  1.60293505e-07 
 5.17700000e-04  1.59908522e-07 
 5.17800000e-04  1.59685762e-07 
 5.17900000e-04  1.59524636e-07 
 5.18000000e-04  1.59427099e-07 
 5.18100000e-04  1.88940906e-07 
 5.18200000e-04  1.86322875e-07 
 5.18300000e-04  1.85516751e-07 
 5.18400000e-04  1.85264696e-07 
 5.18500000e-04  1.85012642e-07 
 5.18600000e-04  1.75732346e-07 
 5.18700000e-04  1.74600897e-07 
 5.18800000e-04  1.74275307e-07 
 5.18900000e-04  1.74066567e-07 
 5.19000000e-04  1.73976783e-07 
 5.19100000e-04  1.71286374e-07 
 5.19200000e-04  1.70507733e-07 
 5.19300000e-04  1.70299331e-07 
 5.19400000e-04  1.70127687e-07 
 5.19500000e-04  1.70068430e-07 
 5.19600000e-04  1.57647910e-07 
 5.19700000e-04  1.56967636e-07 
 5.19800000e-04  1.56706749e-07 
 5.19900000e-04 -0.00000000e+00 
 5.20000000e-04  1.56574269e-07 
