 time            -i(vdd)        
 2.60000000e-04 -1.26577368e-04 
 2.60100000e-04  1.83721584e-07 
 2.60200000e-04  1.75016897e-07 
 2.60300000e-04  1.72694234e-07 
 2.60400000e-04  1.70736022e-07 
 2.60500000e-04  1.70077488e-07 
 2.60600000e-04  1.76680878e-07 
 2.60700000e-04  1.75910866e-07 
 2.60800000e-04  1.75485128e-07 
 2.60900000e-04  1.75136847e-07 
 2.61000000e-04  1.74867704e-07 
 2.61100000e-04  1.56438181e-07 
 2.61200000e-04  1.54079914e-07 
 2.61300000e-04  1.53474710e-07 
 2.61400000e-04  1.52984448e-07 
 2.61500000e-04  1.52783056e-07 
 2.61600000e-04  1.38891643e-07 
 2.61700000e-04  1.37641314e-07 
 2.61800000e-04  1.37193713e-07 
 2.61900000e-04  1.36876314e-07 
 2.62000000e-04  1.36693249e-07 
 2.62100000e-04  1.61887565e-07 
 2.62200000e-04  1.60618913e-07 
 2.62300000e-04  1.60336134e-07 
 2.62400000e-04  1.60131654e-07 
 2.62500000e-04  1.60043003e-07 
 2.62600000e-04  1.48504253e-07 
 2.62700000e-04  1.47916987e-07 
 2.62800000e-04  1.47633903e-07 
 2.62900000e-04  1.47420297e-07 
 2.63000000e-04  1.47277655e-07 
 2.63100000e-04  1.99993191e-07 
 2.63200000e-04  1.94211032e-07 
 2.63300000e-04  1.92922269e-07 
 2.63400000e-04  1.91929052e-07 
 2.63500000e-04  1.91649465e-07 
 2.63600000e-04  1.78203362e-07 
 2.63700000e-04  1.77569054e-07 
 2.63800000e-04  1.77244028e-07 
 2.63900000e-04  1.76998165e-07 
 2.64000000e-04  1.76833973e-07 
 2.64100000e-04  1.72666545e-07 
 2.64200000e-04  1.68078415e-07 
 2.64300000e-04  1.67030173e-07 
 2.64400000e-04  1.66212853e-07 
 2.64500000e-04  1.65978566e-07 
 2.64600000e-04  1.53754272e-07 
 2.64700000e-04  1.53134160e-07 
 2.64800000e-04  1.52820150e-07 
 2.64900000e-04  1.52589188e-07 
 2.65000000e-04  1.52443908e-07 
 2.65100000e-04  1.66019381e-07 
 2.65200000e-04  1.65520283e-07 
 2.65300000e-04  1.65363770e-07 
 2.65400000e-04  1.65230254e-07 
 2.65500000e-04  1.65172077e-07 
 2.65600000e-04  1.51595464e-07 
 2.65700000e-04  1.51150845e-07 
 2.65800000e-04  1.50902097e-07 
 2.65900000e-04  1.50727813e-07 
 2.66000000e-04  1.50630342e-07 
 2.66100000e-04  1.69188017e-07 
 2.66200000e-04  1.68437621e-07 
 2.66300000e-04  1.68217621e-07 
 2.66400000e-04  1.68124789e-07 
 2.66500000e-04  1.68073048e-07 
 2.66600000e-04  1.56535320e-07 
 2.66700000e-04  1.55976914e-07 
 2.66800000e-04  1.55702326e-07 
 2.66900000e-04  1.55499069e-07 
 2.67000000e-04  1.55368662e-07 
 2.67100000e-04  1.03752998e-04 
 2.67200000e-04  1.03752283e-04 
 2.67300000e-04  1.03752087e-04 
 2.67400000e-04  1.03751924e-04 
 2.67500000e-04  1.03751875e-04 
 2.67600000e-04  1.03738291e-04 
 2.67700000e-04  1.03737798e-04 
 2.67800000e-04  1.03737529e-04 
 2.67900000e-04  1.03737328e-04 
 2.68000000e-04  1.03737195e-04 
 2.68100000e-04  1.67536695e-07 
 2.68200000e-04  1.67313939e-07 
 2.68300000e-04  1.67238236e-07 
 2.68400000e-04  1.67173170e-07 
 2.68500000e-04  1.67122403e-07 
 2.68600000e-04  1.54747386e-07 
 2.68700000e-04  1.54323718e-07 
 2.68800000e-04  1.54127261e-07 
 2.68900000e-04  1.53983596e-07 
 2.69000000e-04  1.53894391e-07 
 2.69100000e-04  1.67258269e-07 
 2.69200000e-04  1.67056968e-07 
 2.69300000e-04  1.66977096e-07 
 2.69400000e-04  1.66905133e-07 
 2.69500000e-04  1.66876750e-07 
 2.69600000e-04  1.53189458e-07 
 2.69700000e-04  1.52750017e-07 
 2.69800000e-04  1.52517220e-07 
 2.69900000e-04  1.52334379e-07 
 2.70000000e-04  1.52203068e-07 
 2.70100000e-04  1.69157353e-07 
 2.70200000e-04  1.68771284e-07 
 2.70300000e-04  1.68638841e-07 
 2.70400000e-04  1.68523159e-07 
 2.70500000e-04  1.68456199e-07 
 2.70600000e-04  1.58607760e-07 
 2.70700000e-04  1.58200753e-07 
 2.70800000e-04  1.58010877e-07 
 2.70900000e-04  1.57882517e-07 
 2.71000000e-04  1.57817617e-07 
 2.71100000e-04  1.67259157e-07 
 2.71200000e-04  1.66690923e-07 
 2.71300000e-04  1.66522886e-07 
 2.71400000e-04  1.66380462e-07 
 2.71500000e-04  1.66324417e-07 
 2.71600000e-04  1.52720957e-07 
 2.71700000e-04  1.52197150e-07 
 2.71800000e-04  1.51934586e-07 
 2.71900000e-04  1.51739592e-07 
 2.72000000e-04  1.51614303e-07 
 2.72100000e-04  1.67471011e-07 
 2.72200000e-04  1.67294488e-07 
 2.72300000e-04  1.67212187e-07 
 2.72400000e-04  1.67136292e-07 
 2.72500000e-04  1.67093692e-07 
 2.72600000e-04  1.54668494e-07 
 2.72700000e-04  1.54260571e-07 
 2.72800000e-04  1.54054974e-07 
 2.72900000e-04  1.53910320e-07 
 2.73000000e-04  1.53828530e-07 
 2.73100000e-04  1.67206897e-07 
 2.73200000e-04  1.66996891e-07 
 2.73300000e-04  1.66919349e-07 
 2.73400000e-04  1.66851137e-07 
 2.73500000e-04  1.66832639e-07 
 2.73600000e-04  1.53145095e-07 
 2.73700000e-04  1.52698350e-07 
 2.73800000e-04  1.52464567e-07 
 2.73900000e-04  1.52280138e-07 
 2.74000000e-04  1.52146619e-07 
 2.74100000e-04  1.68590162e-07 
 2.74200000e-04  1.68291043e-07 
 2.74300000e-04  1.68191414e-07 
 2.74400000e-04  1.68106217e-07 
 2.74500000e-04  1.68042049e-07 
 2.74600000e-04  1.56891192e-07 
 2.74700000e-04  1.56507617e-07 
 2.74800000e-04  1.56306246e-07 
 2.74900000e-04  1.56165116e-07 
 2.75000000e-04  1.56086125e-07 
 2.75100000e-04  1.67289128e-07 
 2.75200000e-04  1.67034441e-07 
 2.75300000e-04  1.66944289e-07 
 2.75400000e-04  1.66865374e-07 
 2.75500000e-04  1.66851280e-07 
 2.75600000e-04  1.53178259e-07 
 2.75700000e-04  1.52700422e-07 
 2.75800000e-04  1.52452528e-07 
 2.75900000e-04  1.52272401e-07 
 2.76000000e-04  1.52162174e-07 
 2.76100000e-04  1.68053015e-07 
 2.76200000e-04  1.67869742e-07 
 2.76300000e-04  1.67789227e-07 
 2.76400000e-04  1.67716212e-07 
 2.76500000e-04  1.67675828e-07 
 2.76600000e-04  1.55218569e-07 
 2.76700000e-04  1.54822050e-07 
 2.76800000e-04  1.54616843e-07 
 2.76900000e-04  1.54476390e-07 
 2.77000000e-04  1.54402727e-07 
 2.77100000e-04  1.67810411e-07 
 2.77200000e-04  1.67582704e-07 
 2.77300000e-04  1.67514559e-07 
 2.77400000e-04  1.67458083e-07 
 2.77500000e-04  1.67427941e-07 
 2.77600000e-04  1.53701014e-07 
 2.77700000e-04  1.53256580e-07 
 2.77800000e-04  1.53032217e-07 
 2.77900000e-04  1.52856854e-07 
 2.78000000e-04  1.52732030e-07 
 2.78100000e-04  1.70239016e-07 
 2.78200000e-04  1.69733431e-07 
 2.78300000e-04  1.69581628e-07 
 2.78400000e-04  1.69453819e-07 
 2.78500000e-04  1.69385753e-07 
 2.78600000e-04  1.60787056e-07 
 2.78700000e-04  1.60398959e-07 
 2.78800000e-04  1.60206611e-07 
 2.78900000e-04  1.60088392e-07 
 2.79000000e-04  1.60046637e-07 
 2.79100000e-04  1.67441545e-07 
 2.79200000e-04  1.66770494e-07 
 2.79300000e-04  1.66571618e-07 
 2.79400000e-04  1.66403686e-07 
 2.79500000e-04  1.66328905e-07 
 2.79600000e-04  1.52745584e-07 
 2.79700000e-04  1.52174991e-07 
 2.79800000e-04  1.51902010e-07 
 2.79900000e-04  1.51706128e-07 
 2.80000000e-04  1.51589774e-07 
 2.80100000e-04  1.67454083e-07 
 2.80200000e-04  1.67274345e-07 
 2.80300000e-04  1.67193897e-07 
 2.80400000e-04  1.67120269e-07 
 2.80500000e-04  1.67086413e-07 
 2.80600000e-04  1.54616753e-07 
 2.80700000e-04  1.54230554e-07 
 2.80800000e-04  1.54034456e-07 
 2.80900000e-04  1.53892627e-07 
 2.81000000e-04  1.53806772e-07 
 2.81100000e-04  1.67195825e-07 
 2.81200000e-04  1.66968180e-07 
 2.81300000e-04  1.66899748e-07 
 2.81400000e-04  1.66843159e-07 
 2.81500000e-04  1.66799379e-07 
 2.81600000e-04  1.53110718e-07 
 2.81700000e-04  1.52672505e-07 
 2.81800000e-04  1.52430348e-07 
 2.81900000e-04  1.52254117e-07 
 2.82000000e-04  1.52145882e-07 
 2.82100000e-04  1.68551133e-07 
 2.82200000e-04  1.68269510e-07 
 2.82300000e-04  1.68164069e-07 
 2.82400000e-04  1.68070554e-07 
 2.82500000e-04  1.68031992e-07 
 2.82600000e-04  1.56870294e-07 
 2.82700000e-04  1.56485267e-07 
 2.82800000e-04  1.56272187e-07 
 2.82900000e-04  1.56129537e-07 
 2.83000000e-04  1.56059533e-07 
 2.83100000e-04  1.67269968e-07 
 2.83200000e-04  1.67007779e-07 
 2.83300000e-04  1.66919073e-07 
 2.83400000e-04  1.66842489e-07 
 2.83500000e-04  1.66827529e-07 
 2.83600000e-04  1.53142923e-07 
 2.83700000e-04  1.52679424e-07 
 2.83800000e-04  1.52428367e-07 
 2.83900000e-04  1.52245861e-07 
 2.84000000e-04  1.52134056e-07 
 2.84100000e-04  1.68032471e-07 
 2.84200000e-04  1.67847511e-07 
 2.84300000e-04  1.67774977e-07 
 2.84400000e-04  1.67710726e-07 
 2.84500000e-04  1.67667646e-07 
 2.84600000e-04  1.55196488e-07 
 2.84700000e-04  1.54798057e-07 
 2.84800000e-04  1.54604760e-07 
 2.84900000e-04  1.54467038e-07 
 2.85000000e-04  1.54386630e-07 
 2.85100000e-04  1.67787281e-07 
 2.85200000e-04  1.67573521e-07 
 2.85300000e-04  1.67503670e-07 
 2.85400000e-04  1.67443926e-07 
 2.85500000e-04  1.67400699e-07 
 2.85600000e-04  1.53683537e-07 
 2.85700000e-04  1.53242056e-07 
 2.85800000e-04  1.53015410e-07 
 2.85900000e-04  1.52839508e-07 
 2.86000000e-04  1.52715936e-07 
 2.86100000e-04  1.69698252e-07 
 2.86200000e-04  1.69298582e-07 
 2.86300000e-04  1.69165613e-07 
 2.86400000e-04  1.69050451e-07 
 2.86500000e-04  1.69003599e-07 
 2.86600000e-04  1.59095511e-07 
 2.86700000e-04  1.58712851e-07 
 2.86800000e-04  1.58522679e-07 
 2.86900000e-04  1.58398020e-07 
 2.87000000e-04  1.58340928e-07 
 2.87100000e-04  1.67384710e-07 
 2.87200000e-04  1.67091284e-07 
 2.87300000e-04  1.66985152e-07 
 2.87400000e-04  1.66891403e-07 
 2.87500000e-04  1.66877188e-07 
 2.87600000e-04  1.53221091e-07 
 2.87700000e-04  1.52714213e-07 
 2.87800000e-04  1.52461717e-07 
 2.87900000e-04  1.52272756e-07 
 2.88000000e-04  1.52149324e-07 
 2.88100000e-04  1.68048928e-07 
 2.88200000e-04  1.67859793e-07 
 2.88300000e-04  1.67785395e-07 
 2.88400000e-04  1.67719823e-07 
 2.88500000e-04  1.67683825e-07 
 2.88600000e-04  1.55184632e-07 
 2.88700000e-04  1.54807075e-07 
 2.88800000e-04  1.54614988e-07 
 2.88900000e-04  1.54476908e-07 
 2.89000000e-04  1.54394522e-07 
 2.89100000e-04  1.67788752e-07 
 2.89200000e-04  1.67579712e-07 
 2.89300000e-04  1.67504161e-07 
 2.89400000e-04  1.67437702e-07 
 2.89500000e-04  1.67414215e-07 
 2.89600000e-04  1.53691920e-07 
 2.89700000e-04  1.53255375e-07 
 2.89800000e-04  1.53021630e-07 
 2.89900000e-04  1.52841304e-07 
 2.90000000e-04  1.52716064e-07 
 2.90100000e-04  1.69167909e-07 
 2.90200000e-04  1.68889223e-07 
 2.90300000e-04  1.68778874e-07 
 2.90400000e-04  1.68679645e-07 
 2.90500000e-04  1.68648478e-07 
 2.90600000e-04  1.57444909e-07 
 2.90700000e-04  1.57054222e-07 
 2.90800000e-04  1.56862228e-07 
 2.90900000e-04  1.56732450e-07 
 2.91000000e-04  1.56666832e-07 
 2.91100000e-04  1.67872012e-07 
 2.91200000e-04  1.67627461e-07 
 2.91300000e-04  1.67541946e-07 
 2.91400000e-04  1.67466764e-07 
 2.91500000e-04  1.67432563e-07 
 2.91600000e-04  1.53736315e-07 
 2.91700000e-04  1.53272999e-07 
 2.91800000e-04  1.53025756e-07 
 2.91900000e-04  1.52839220e-07 
 2.92000000e-04  1.52715288e-07 
 2.92100000e-04  1.68644889e-07 
 2.92200000e-04  1.68462033e-07 
 2.92300000e-04  1.68388429e-07 
 2.92400000e-04  1.68322845e-07 
 2.92500000e-04  1.68270243e-07 
 2.92600000e-04  1.55765359e-07 
 2.92700000e-04  1.55383695e-07 
 2.92800000e-04  1.55195258e-07 
 2.92900000e-04  1.55053672e-07 
 2.93000000e-04  1.54960395e-07 
 2.93100000e-04  1.68399110e-07 
 2.93200000e-04  1.68199517e-07 
 2.93300000e-04  1.68122531e-07 
 2.93400000e-04  1.68053552e-07 
 2.93500000e-04  1.68024333e-07 
 2.93600000e-04  1.54271001e-07 
 2.93700000e-04  1.53833847e-07 
 2.93800000e-04  1.53602473e-07 
 2.93900000e-04  1.53425067e-07 
 2.94000000e-04  1.53303308e-07 
 2.94100000e-04  1.71374063e-07 
 2.94200000e-04  1.70768375e-07 
 2.94300000e-04  1.70575913e-07 
 2.94400000e-04  1.70410358e-07 
 2.94500000e-04  1.70350443e-07 
 2.94600000e-04  1.63029043e-07 
 2.94700000e-04  1.62622103e-07 
 2.94800000e-04  1.62442047e-07 
 2.94900000e-04  1.62331716e-07 
 2.95000000e-04  1.62293293e-07 
 2.95100000e-04  1.67722654e-07 
 2.95200000e-04  1.66861174e-07 
 2.95300000e-04  1.66623038e-07 
 2.95400000e-04  1.66424887e-07 
 2.95500000e-04  1.66332857e-07 
 2.95600000e-04  1.52783046e-07 
 2.95700000e-04  1.52181356e-07 
 2.95800000e-04  1.51907309e-07 
 2.95900000e-04  1.51702190e-07 
 2.96000000e-04  1.51568154e-07 
 2.96100000e-04  1.67461114e-07 
 2.96200000e-04  1.67285753e-07 
 2.96300000e-04  1.67200694e-07 
 2.96400000e-04  1.67121719e-07 
 2.96500000e-04  1.67077637e-07 
 2.96600000e-04  1.54613351e-07 
 2.96700000e-04  1.54220117e-07 
 2.96800000e-04  1.54027813e-07 
 2.96900000e-04  1.53887430e-07 
 2.97000000e-04  1.53800581e-07 
 2.97100000e-04  1.67179219e-07 
 2.97200000e-04  1.66974451e-07 
 2.97300000e-04  1.66901167e-07 
 2.97400000e-04  1.66836983e-07 
 2.97500000e-04  1.66792389e-07 
 2.97600000e-04  1.53095569e-07 
 2.97700000e-04  1.52669696e-07 
 2.97800000e-04  1.52422072e-07 
 2.97900000e-04  1.52237345e-07 
 2.98000000e-04  1.52117474e-07 
 2.98100000e-04  1.68543816e-07 
 2.98200000e-04  1.68264239e-07 
 2.98300000e-04  1.68158948e-07 
 2.98400000e-04  1.68065079e-07 
 2.98500000e-04  1.68026497e-07 
 2.98600000e-04  1.56846134e-07 
 2.98700000e-04  1.56459450e-07 
 2.98800000e-04  1.56260306e-07 
 2.98900000e-04  1.56128574e-07 
 2.99000000e-04  1.56066356e-07 
 2.99100000e-04  1.67262137e-07 
 2.99200000e-04  1.66991792e-07 
 2.99300000e-04  1.66909752e-07 
 2.99400000e-04  1.66841217e-07 
 2.99500000e-04  1.66814702e-07 
 2.99600000e-04  1.53146429e-07 
 2.99700000e-04  1.52665486e-07 
 2.99800000e-04  1.52419121e-07 
 2.99900000e-04  1.52236245e-07 
 3.00000000e-04  1.52118837e-07 
 3.00100000e-04  1.68019042e-07 
 3.00200000e-04  1.67849938e-07 
 3.00300000e-04  1.67771019e-07 
 3.00400000e-04  1.67697911e-07 
 3.00500000e-04  1.67665026e-07 
 3.00600000e-04  1.55192803e-07 
 3.00700000e-04  1.54802874e-07 
 3.00800000e-04  1.54604715e-07 
 3.00900000e-04  1.54461166e-07 
 3.01000000e-04  1.54373922e-07 
 3.01100000e-04  1.67788944e-07 
 3.01200000e-04  1.67569958e-07 
 3.01300000e-04  1.67491927e-07 
 3.01400000e-04  1.67424064e-07 
 3.01500000e-04  1.67392738e-07 
 3.01600000e-04  1.53667396e-07 
 3.01700000e-04  1.53233975e-07 
 3.01800000e-04  1.52996677e-07 
 3.01900000e-04  1.52823057e-07 
 3.02000000e-04  1.52715097e-07 
 3.02100000e-04  1.69691850e-07 
 3.02200000e-04  1.69295500e-07 
 3.02300000e-04  1.69156225e-07 
 3.02400000e-04  1.69033851e-07 
 3.02500000e-04  1.68999996e-07 
 3.02600000e-04  1.59102800e-07 
 3.02700000e-04  1.58706411e-07 
 3.02800000e-04  1.58516606e-07 
 3.02900000e-04  1.58389715e-07 
 3.03000000e-04  1.58327694e-07 
 3.03100000e-04  1.67361093e-07 
 3.03200000e-04  1.67070940e-07 
 3.03300000e-04  1.66980149e-07 
 3.03400000e-04  1.66902464e-07 
 3.03500000e-04  1.66851938e-07 
 3.03600000e-04  1.53219409e-07 
 3.03700000e-04  1.52706006e-07 
 3.03800000e-04  1.52451611e-07 
 3.03900000e-04  1.52264379e-07 
 3.04000000e-04  1.52146397e-07 
 3.04100000e-04  1.68041435e-07 
 3.04200000e-04  1.67856577e-07 
 3.04300000e-04  1.67777170e-07 
 3.04400000e-04  1.67705264e-07 
 3.04500000e-04  1.67661415e-07 
 3.04600000e-04  1.55188691e-07 
 3.04700000e-04  1.54810458e-07 
 3.04800000e-04  1.54600933e-07 
 3.04900000e-04  1.54458781e-07 
 3.05000000e-04  1.54386100e-07 
 3.05100000e-04  1.67777481e-07 
 3.05200000e-04  1.67579460e-07 
 3.05300000e-04  1.67505703e-07 
 3.05400000e-04  1.67440260e-07 
 3.05500000e-04  1.67402596e-07 
 3.05600000e-04  1.53676040e-07 
 3.05700000e-04  1.53257159e-07 
 3.05800000e-04  1.53016348e-07 
 3.05900000e-04  1.52833112e-07 
 3.06000000e-04  1.52709232e-07 
 3.06100000e-04  1.69155829e-07 
 3.06200000e-04  1.68866623e-07 
 3.06300000e-04  1.68761692e-07 
 3.06400000e-04  1.68669057e-07 
 3.06500000e-04  1.68635087e-07 
 3.06600000e-04  1.57431598e-07 
 3.06700000e-04  1.57052301e-07 
 3.06800000e-04  1.56855624e-07 
 3.06900000e-04  1.56722394e-07 
 3.07000000e-04  1.56654579e-07 
 3.07100000e-04  1.67864755e-07 
 3.07200000e-04  1.67616023e-07 
 3.07300000e-04  1.67532553e-07 
 3.07400000e-04  1.67459873e-07 
 3.07500000e-04  1.67434927e-07 
 3.07600000e-04  1.53731183e-07 
 3.07700000e-04  1.53268104e-07 
 3.07800000e-04  1.53014621e-07 
 3.07900000e-04  1.52827854e-07 
 3.08000000e-04  1.52709879e-07 
 3.08100000e-04  1.68634287e-07 
 3.08200000e-04  1.68461774e-07 
 3.08300000e-04  1.68381705e-07 
 3.08400000e-04  1.68307903e-07 
 3.08500000e-04  1.68282023e-07 
 3.08600000e-04  1.55765752e-07 
 3.08700000e-04  1.55390013e-07 
 3.08800000e-04  1.55180500e-07 
 3.08900000e-04  1.55039899e-07 
 3.09000000e-04  1.54970351e-07 
 3.09100000e-04  1.68407580e-07 
 3.09200000e-04  1.68177991e-07 
 3.09300000e-04  1.68105266e-07 
 3.09400000e-04  1.68044400e-07 
 3.09500000e-04  1.68008780e-07 
 3.09600000e-04  1.54250035e-07 
 3.09700000e-04  1.53828264e-07 
 3.09800000e-04  1.53603762e-07 
 3.09900000e-04  1.53428247e-07 
 3.10000000e-04  1.53303226e-07 
 3.10100000e-04  1.70844957e-07 
 3.10200000e-04  1.70328492e-07 
 3.10300000e-04  1.70170222e-07 
 3.10400000e-04  1.70036364e-07 
 3.10500000e-04  1.69980313e-07 
 3.10600000e-04  1.61339414e-07 
 3.10700000e-04  1.60963140e-07 
 3.10800000e-04  1.60769157e-07 
 3.10900000e-04  1.60651142e-07 
 3.11000000e-04  1.60611455e-07 
 3.11100000e-04  1.67664652e-07 
 3.11200000e-04  1.67274308e-07 
 3.11300000e-04  1.67129148e-07 
 3.11400000e-04  1.67000609e-07 
 3.11500000e-04  1.66951649e-07 
 3.11600000e-04  1.53315609e-07 
 3.11700000e-04  1.52761200e-07 
 3.11800000e-04  1.52497001e-07 
 3.11900000e-04  1.52297425e-07 
 3.12000000e-04  1.52164473e-07 
 3.12100000e-04  1.68076035e-07 
 3.12200000e-04  1.67888099e-07 
 3.12300000e-04  1.67808697e-07 
 3.12400000e-04  1.67737339e-07 
 3.12500000e-04  1.67702028e-07 
 3.12600000e-04  1.55205326e-07 
 3.12700000e-04  1.54827257e-07 
 3.12800000e-04  1.54624453e-07 
 3.12900000e-04  1.54481204e-07 
 3.13000000e-04  1.54399348e-07 
 3.13100000e-04  1.67809731e-07 
 3.13200000e-04  1.67588379e-07 
 3.13300000e-04  1.67510873e-07 
 3.13400000e-04  1.67443897e-07 
 3.13500000e-04  1.67417885e-07 
 3.13600000e-04  1.53692260e-07 
 3.13700000e-04  1.53241978e-07 
 3.13800000e-04  1.53018682e-07 
 3.13900000e-04  1.52841547e-07 
 3.14000000e-04  1.52711985e-07 
 3.14100000e-04  1.69163093e-07 
 3.14200000e-04  1.68888350e-07 
 3.14300000e-04  1.68784782e-07 
 3.14400000e-04  1.68692360e-07 
 3.14500000e-04  1.68629460e-07 
 3.14600000e-04  1.57437748e-07 
 3.14700000e-04  1.57057901e-07 
 3.14800000e-04  1.56858554e-07 
 3.14900000e-04  1.56724419e-07 
 3.15000000e-04  1.56657510e-07 
 3.15100000e-04  1.67873246e-07 
 3.15200000e-04  1.67630195e-07 
 3.15300000e-04  1.67542503e-07 
 3.15400000e-04  1.67464883e-07 
 3.15500000e-04  1.67418972e-07 
 3.15600000e-04  1.53725597e-07 
 3.15700000e-04  1.53251424e-07 
 3.15800000e-04  1.53008033e-07 
 3.15900000e-04  1.52830320e-07 
 3.16000000e-04  1.52720315e-07 
 3.16100000e-04  1.68654611e-07 
 3.16200000e-04  1.68469196e-07 
 3.16300000e-04  1.68382914e-07 
 3.16400000e-04  1.68303873e-07 
 3.16500000e-04  1.68272222e-07 
 3.16600000e-04  1.55758603e-07 
 3.16700000e-04  1.55402091e-07 
 3.16800000e-04  1.55189491e-07 
 3.16900000e-04  1.55045921e-07 
 3.17000000e-04  1.54973517e-07 
 3.17100000e-04  1.68394840e-07 
 3.17200000e-04  1.68172023e-07 
 3.17300000e-04  1.68107513e-07 
 3.17400000e-04  1.68054605e-07 
 3.17500000e-04  1.68009905e-07 
 3.17600000e-04  1.54253324e-07 
 3.17700000e-04  1.53823309e-07 
 3.17800000e-04  1.53602430e-07 
 3.17900000e-04  1.53431843e-07 
 3.18000000e-04  1.53313087e-07 
 3.18100000e-04  1.70311012e-07 
 3.18200000e-04  1.69930014e-07 
 3.18300000e-04  1.69793546e-07 
 3.18400000e-04  1.69672813e-07 
 3.18500000e-04  1.69613033e-07 
 3.18600000e-04  1.59677361e-07 
 3.18700000e-04  1.59299289e-07 
 3.18800000e-04  1.59101217e-07 
 3.18900000e-04  1.58976707e-07 
 3.19000000e-04  1.58928035e-07 
 3.19100000e-04  1.67996607e-07 
 3.19200000e-04  1.67702750e-07 
 3.19300000e-04  1.67601128e-07 
 3.19400000e-04  1.67512134e-07 
 3.19500000e-04  1.67469923e-07 
 3.19600000e-04  1.53807758e-07 
 3.19700000e-04  1.53301229e-07 
 3.19800000e-04  1.53038566e-07 
 3.19900000e-04  1.52844434e-07 
 3.20000000e-04  1.52720949e-07 
 3.20100000e-04  1.68662366e-07 
 3.20200000e-04  1.68481472e-07 
 3.20300000e-04  1.68403812e-07 
 3.20400000e-04  1.68333737e-07 
 3.20500000e-04  1.68288764e-07 
 3.20600000e-04  1.55780470e-07 
 3.20700000e-04  1.55382160e-07 
 3.20800000e-04  1.55183867e-07 
 3.20900000e-04  1.55049098e-07 
 3.21000000e-04  1.54979812e-07 
 3.21100000e-04  1.68427119e-07 
 3.21200000e-04  1.68199590e-07 
 3.21300000e-04  1.68119941e-07 
 3.21400000e-04  1.68051155e-07 
 3.21500000e-04  1.68009385e-07 
 3.21600000e-04  1.54253535e-07 
 3.21700000e-04  1.53830297e-07 
 3.21800000e-04  1.53597763e-07 
 3.21900000e-04  1.53421404e-07 
 3.22000000e-04  1.53302944e-07 
 3.22100000e-04  1.69785283e-07 
 3.22200000e-04  1.69495696e-07 
 3.22300000e-04  1.69393168e-07 
 3.22400000e-04  1.69303327e-07 
 3.22500000e-04  1.69246030e-07 
 3.22600000e-04  1.58012640e-07 
 3.22700000e-04  1.57639178e-07 
 3.22800000e-04  1.57440822e-07 
 3.22900000e-04  1.57310655e-07 
 3.23000000e-04  1.57250783e-07 
 3.23100000e-04  1.68493401e-07 
 3.23200000e-04  1.68241408e-07 
 3.23300000e-04  1.68155868e-07 
 3.23400000e-04  1.68081116e-07 
 3.23500000e-04  1.68032812e-07 
 3.23600000e-04  1.54312271e-07 
 3.23700000e-04  1.53838692e-07 
 3.23800000e-04  1.53606356e-07 
 3.23900000e-04  1.53433776e-07 
 3.24000000e-04  1.53322789e-07 
 3.24100000e-04  1.69262086e-07 
 3.24200000e-04  1.69077952e-07 
 3.24300000e-04  1.69000262e-07 
 3.24400000e-04  1.68929808e-07 
 3.24500000e-04  1.68897026e-07 
 3.24600000e-04  1.56348052e-07 
 3.24700000e-04  1.55997075e-07 
 3.24800000e-04  1.55791197e-07 
 3.24900000e-04  1.55648706e-07 
 3.25000000e-04  1.55571554e-07 
 3.25100000e-04  1.69029693e-07 
 3.25200000e-04  1.68807497e-07 
 3.25300000e-04  1.68733744e-07 
 3.25400000e-04  1.68670771e-07 
 3.25500000e-04  1.68635482e-07 
 3.25600000e-04  1.54852599e-07 
 3.25700000e-04  1.54429841e-07 
 3.25800000e-04  1.54194057e-07 
 3.25900000e-04  1.54015550e-07 
 3.26000000e-04  1.53896078e-07 
 3.26100000e-04  1.72529199e-07 
 3.26200000e-04  1.71798350e-07 
 3.26300000e-04  1.71587384e-07 
 3.26400000e-04  1.71411534e-07 
 3.26500000e-04  1.71331734e-07 
 3.26600000e-04  1.65270377e-07 
 3.26700000e-04  1.64873367e-07 
 3.26800000e-04  1.64694220e-07 
 3.26900000e-04  1.64592838e-07 
 3.27000000e-04  1.64571626e-07 
 3.27100000e-04  1.67807616e-07 
 3.27200000e-04  1.66868583e-07 
 3.27300000e-04  1.66629157e-07 
 3.27400000e-04  1.66434132e-07 
 3.27500000e-04  1.66339218e-07 
 3.27600000e-04  1.52831355e-07 
 3.27700000e-04  1.52199016e-07 
 3.27800000e-04  1.51907233e-07 
 3.27900000e-04  1.51693244e-07 
 3.28000000e-04  1.51559453e-07 
 3.28100000e-04  1.67460069e-07 
 3.28200000e-04  1.67277457e-07 
 3.28300000e-04  1.67198648e-07 
 3.28400000e-04  1.67127314e-07 
 3.28500000e-04  1.67067484e-07 
 3.28600000e-04  1.54597054e-07 
 3.28700000e-04  1.54229229e-07 
 3.28800000e-04  1.54020779e-07 
 3.28900000e-04  1.53874661e-07 
 3.29000000e-04  1.53792787e-07 
 3.29100000e-04  1.67171173e-07 
 3.29200000e-04  1.66964771e-07 
 3.29300000e-04  1.66889803e-07 
 3.29400000e-04  1.66823456e-07 
 3.29500000e-04  1.66806819e-07 
 3.29600000e-04  1.53096234e-07 
 3.29700000e-04  1.52664024e-07 
 3.29800000e-04  1.52427524e-07 
 3.29900000e-04  1.52246859e-07 
 3.30000000e-04  1.52123738e-07 
 3.30100000e-04  1.68543110e-07 
 3.30200000e-04  1.68255653e-07 
 3.30300000e-04  1.68158423e-07 
 3.30400000e-04  1.68074337e-07 
 3.30500000e-04  1.68013622e-07 
 3.30600000e-04  1.56832180e-07 
 3.30700000e-04  1.56458481e-07 
 3.30800000e-04  1.56266270e-07 
 3.30900000e-04  1.56130544e-07 
 3.31000000e-04  1.56053027e-07 
 3.31100000e-04  1.67254090e-07 
 3.31200000e-04  1.66999263e-07 
 3.31300000e-04  1.66913325e-07 
 3.31400000e-04  1.66838876e-07 
 3.31500000e-04  1.66822353e-07 
 3.31600000e-04  1.53147702e-07 
 3.31700000e-04  1.52672136e-07 
 3.31800000e-04  1.52430275e-07 
 3.31900000e-04  1.52248959e-07 
 3.32000000e-04  1.52130042e-07 
 3.32100000e-04  1.68011733e-07 
 3.32200000e-04  1.67842734e-07 
 3.32300000e-04  1.67760124e-07 
 3.32400000e-04  1.67683299e-07 
 3.32500000e-04  1.67656384e-07 
 3.32600000e-04  1.55184684e-07 
 3.32700000e-04  1.54791783e-07 
 3.32800000e-04  1.54586597e-07 
 3.32900000e-04  1.54447759e-07 
 3.33000000e-04  1.54377302e-07 
 3.33100000e-04  1.67778056e-07 
 3.33200000e-04  1.67552924e-07 
 3.33300000e-04  1.67481970e-07 
 3.33400000e-04  1.67422151e-07 
 3.33500000e-04  1.67401109e-07 
 3.33600000e-04  1.53660743e-07 
 3.33700000e-04  1.53227289e-07 
 3.33800000e-04  1.53002225e-07 
 3.33900000e-04  1.52829179e-07 
 3.34000000e-04  1.52709735e-07 
 3.34100000e-04  1.69687050e-07 
 3.34200000e-04  1.69288931e-07 
 3.34300000e-04  1.69161766e-07 
 3.34400000e-04  1.69053007e-07 
 3.34500000e-04  1.68988631e-07 
 3.34600000e-04  1.59098699e-07 
 3.34700000e-04  1.58705178e-07 
 3.34800000e-04  1.58512722e-07 
 3.34900000e-04  1.58384650e-07 
 3.35000000e-04  1.58322933e-07 
 3.35100000e-04  1.67371145e-07 
 3.35200000e-04  1.67080195e-07 
 3.35300000e-04  1.66981492e-07 
 3.35400000e-04  1.66895566e-07 
 3.35500000e-04  1.66860472e-07 
 3.35600000e-04  1.53214200e-07 
 3.35700000e-04  1.52699845e-07 
 3.35800000e-04  1.52449577e-07 
 3.35900000e-04  1.52263037e-07 
 3.36000000e-04  1.52142180e-07 
 3.36100000e-04  1.68032478e-07 
 3.36200000e-04  1.67853211e-07 
 3.36300000e-04  1.67772453e-07 
 3.36400000e-04  1.67698504e-07 
 3.36500000e-04  1.67670136e-07 
 3.36600000e-04  1.55191238e-07 
 3.36700000e-04  1.54808510e-07 
 3.36800000e-04  1.54610360e-07 
 3.36900000e-04  1.54462183e-07 
 3.37000000e-04  1.54365493e-07 
 3.37100000e-04  1.67779523e-07 
 3.37200000e-04  1.67570911e-07 
 3.37300000e-04  1.67498790e-07 
 3.37400000e-04  1.67436237e-07 
 3.37500000e-04  1.67397741e-07 
 3.37600000e-04  1.53666877e-07 
 3.37700000e-04  1.53246602e-07 
 3.37800000e-04  1.53007175e-07 
 3.37900000e-04  1.52831454e-07 
 3.38000000e-04  1.52721389e-07 
 3.38100000e-04  1.69168915e-07 
 3.38200000e-04  1.68867757e-07 
 3.38300000e-04  1.68767560e-07 
 3.38400000e-04  1.68682046e-07 
 3.38500000e-04  1.68620119e-07 
 3.38600000e-04  1.57436664e-07 
 3.38700000e-04  1.57052347e-07 
 3.38800000e-04  1.56845891e-07 
 3.38900000e-04  1.56707376e-07 
 3.39000000e-04  1.56638883e-07 
 3.39100000e-04  1.67863958e-07 
 3.39200000e-04  1.67603861e-07 
 3.39300000e-04  1.67523125e-07 
 3.39400000e-04  1.67454771e-07 
 3.39500000e-04  1.67413168e-07 
 3.39600000e-04  1.53736846e-07 
 3.39700000e-04  1.53259704e-07 
 3.39800000e-04  1.53013622e-07 
 3.39900000e-04  1.52828408e-07 
 3.40000000e-04  1.52705919e-07 
 3.40100000e-04  1.68636364e-07 
 3.40200000e-04  1.68463501e-07 
 3.40300000e-04  1.68379727e-07 
 3.40400000e-04  1.68301793e-07 
 3.40500000e-04  1.68258780e-07 
 3.40600000e-04  1.55756859e-07 
 3.40700000e-04  1.55379549e-07 
 3.40800000e-04  1.55181461e-07 
 3.40900000e-04  1.55044291e-07 
 3.41000000e-04  1.54969898e-07 
 3.41100000e-04  1.68393964e-07 
 3.41200000e-04  1.68186069e-07 
 3.41300000e-04  1.68112325e-07 
 3.41400000e-04  1.68047800e-07 
 3.41500000e-04  1.68010774e-07 
 3.41600000e-04  1.54249902e-07 
 3.41700000e-04  1.53813298e-07 
 3.41800000e-04  1.53582955e-07 
 3.41900000e-04  1.53410844e-07 
 3.42000000e-04  1.53298735e-07 
 3.42100000e-04  1.70838104e-07 
 3.42200000e-04  1.70348864e-07 
 3.42300000e-04  1.70182815e-07 
 3.42400000e-04  1.70037647e-07 
 3.42500000e-04  1.69967596e-07 
 3.42600000e-04  1.61338368e-07 
 3.42700000e-04  1.60967226e-07 
 3.42800000e-04  1.60783652e-07 
 3.42900000e-04  1.60668430e-07 
 3.43000000e-04  1.60623653e-07 
 3.43100000e-04  1.67660600e-07 
 3.43200000e-04  1.67264594e-07 
 3.43300000e-04  1.67118337e-07 
 3.43400000e-04  1.66989183e-07 
 3.43500000e-04  1.66945276e-07 
 3.43600000e-04  1.53305642e-07 
 3.43700000e-04  1.52760526e-07 
 3.43800000e-04  1.52496569e-07 
 3.43900000e-04  1.52292713e-07 
 3.44000000e-04  1.52150783e-07 
 3.44100000e-04  1.68068505e-07 
 3.44200000e-04  1.67881476e-07 
 3.44300000e-04  1.67802214e-07 
 3.44400000e-04  1.67730782e-07 
 3.44500000e-04  1.67692253e-07 
 3.44600000e-04  1.55199362e-07 
 3.44700000e-04  1.54804658e-07 
 3.44800000e-04  1.54614857e-07 
 3.44900000e-04  1.54472910e-07 
 3.45000000e-04  1.54380256e-07 
 3.45100000e-04  1.67792204e-07 
 3.45200000e-04  1.67590194e-07 
 3.45300000e-04  1.67507913e-07 
 3.45400000e-04  1.67433261e-07 
 3.45500000e-04  1.67405908e-07 
 3.45600000e-04  1.53677014e-07 
 3.45700000e-04  1.53237294e-07 
 3.45800000e-04  1.53010550e-07 
 3.45900000e-04  1.52835519e-07 
 3.46000000e-04  1.52713760e-07 
 3.46100000e-04  1.69178924e-07 
 3.46200000e-04  1.68877562e-07 
 3.46300000e-04  1.68775021e-07 
 3.46400000e-04  1.68687008e-07 
 3.46500000e-04  1.68642679e-07 
 3.46600000e-04  1.57433005e-07 
 3.46700000e-04  1.57054114e-07 
 3.46800000e-04  1.56852761e-07 
 3.46900000e-04  1.56715425e-07 
 3.47000000e-04  1.56644058e-07 
 3.47100000e-04  1.67864568e-07 
 3.47200000e-04  1.67621869e-07 
 3.47300000e-04  1.67533251e-07 
 3.47400000e-04  1.67454549e-07 
 3.47500000e-04  1.67418545e-07 
 3.47600000e-04  1.53721271e-07 
 3.47700000e-04  1.53248289e-07 
 3.47800000e-04  1.53004176e-07 
 3.47900000e-04  1.52822987e-07 
 3.48000000e-04  1.52706635e-07 
 3.48100000e-04  1.68644853e-07 
 3.48200000e-04  1.68456096e-07 
 3.48300000e-04  1.68375687e-07 
 3.48400000e-04  1.68303132e-07 
 3.48500000e-04  1.68260484e-07 
 3.48600000e-04  1.55765656e-07 
 3.48700000e-04  1.55390850e-07 
 3.48800000e-04  1.55196486e-07 
 3.48900000e-04  1.55050003e-07 
 3.49000000e-04  1.54952835e-07 
 3.49100000e-04  1.68390576e-07 
 3.49200000e-04  1.68175830e-07 
 3.49300000e-04  1.68101254e-07 
 3.49400000e-04  1.68036488e-07 
 3.49500000e-04  1.68013735e-07 
 3.49600000e-04  1.54263320e-07 
 3.49700000e-04  1.53812698e-07 
 3.49800000e-04  1.53581203e-07 
 3.49900000e-04  1.53408305e-07 
 3.50000000e-04  1.53295776e-07 
 3.50100000e-04  1.70323787e-07 
 3.50200000e-04  1.69910382e-07 
 3.50300000e-04  1.69777197e-07 
 3.50400000e-04  1.69663547e-07 
 3.50500000e-04  1.69603404e-07 
 3.50600000e-04  1.59683754e-07 
 3.50700000e-04  1.59302251e-07 
 3.50800000e-04  1.59117970e-07 
 3.50900000e-04  1.58990696e-07 
 3.51000000e-04  1.58922152e-07 
 3.51100000e-04  1.68005708e-07 
 3.51200000e-04  1.67695264e-07 
 3.51300000e-04  1.67598479e-07 
 3.51400000e-04  1.67516440e-07 
 3.51500000e-04  1.67475303e-07 
 3.51600000e-04  1.53805098e-07 
 3.51700000e-04  1.53292127e-07 
 3.51800000e-04  1.53032741e-07 
 3.51900000e-04  1.52841392e-07 
 3.52000000e-04  1.52720151e-07 
 3.52100000e-04  1.68663757e-07 
 3.52200000e-04  1.68472119e-07 
 3.52300000e-04  1.68396555e-07 
 3.52400000e-04  1.68329315e-07 
 3.52500000e-04  1.68296760e-07 
 3.52600000e-04  1.55761829e-07 
 3.52700000e-04  1.55381118e-07 
 3.52800000e-04  1.55194478e-07 
 3.52900000e-04  1.55057183e-07 
 3.53000000e-04  1.54970708e-07 
 3.53100000e-04  1.68411362e-07 
 3.53200000e-04  1.68186306e-07 
 3.53300000e-04  1.68109318e-07 
 3.53400000e-04  1.68042879e-07 
 3.53500000e-04  1.68029611e-07 
 3.53600000e-04  1.54263032e-07 
 3.53700000e-04  1.53844143e-07 
 3.53800000e-04  1.53602615e-07 
 3.53900000e-04  1.53424668e-07 
 3.54000000e-04  1.53312227e-07 
 3.54100000e-04  1.69795524e-07 
 3.54200000e-04  1.69496876e-07 
 3.54300000e-04  1.69389288e-07 
 3.54400000e-04  1.69294984e-07 
 3.54500000e-04  1.69246108e-07 
 3.54600000e-04  1.58021181e-07 
 3.54700000e-04  1.57634805e-07 
 3.54800000e-04  1.57439461e-07 
 3.54900000e-04  1.57311832e-07 
 3.55000000e-04  1.57253972e-07 
 3.55100000e-04  1.68501158e-07 
 3.55200000e-04  1.68237952e-07 
 3.55300000e-04  1.68146554e-07 
 3.55400000e-04  1.68067036e-07 
 3.55500000e-04  1.68033872e-07 
 3.55600000e-04  1.54301216e-07 
 3.55700000e-04  1.53856783e-07 
 3.55800000e-04  1.53610288e-07 
 3.55900000e-04  1.53427909e-07 
 3.56000000e-04  1.53311591e-07 
 3.56100000e-04  1.69255754e-07 
 3.56200000e-04  1.69089695e-07 
 3.56300000e-04  1.69001408e-07 
 3.56400000e-04  1.68917945e-07 
 3.56500000e-04  1.68879891e-07 
 3.56600000e-04  1.56363494e-07 
 3.56700000e-04  1.55972277e-07 
 3.56800000e-04  1.55780601e-07 
 3.56900000e-04  1.55642948e-07 
 3.57000000e-04  1.55560942e-07 
 3.57100000e-04  1.69030425e-07 
 3.57200000e-04  1.68808879e-07 
 3.57300000e-04  1.68725923e-07 
 3.57400000e-04  1.68652966e-07 
 3.57500000e-04  1.68623451e-07 
 3.57600000e-04  1.54832562e-07 
 3.57700000e-04  1.54420537e-07 
 3.57800000e-04  1.54192139e-07 
 3.57900000e-04  1.54021622e-07 
 3.58000000e-04  1.53910731e-07 
 3.58100000e-04  1.72003015e-07 
 3.58200000e-04  1.71382155e-07 
 3.58300000e-04  1.71191308e-07 
 3.58400000e-04  1.71029538e-07 
 3.58500000e-04  1.70959894e-07 
 3.58600000e-04  1.63602371e-07 
 3.58700000e-04  1.63217350e-07 
 3.58800000e-04  1.63036542e-07 
 3.58900000e-04  1.62922672e-07 
 3.59000000e-04  1.62877770e-07 
 3.59100000e-04  1.68280781e-07 
 3.59200000e-04  1.67502068e-07 
 3.59300000e-04  1.67259922e-07 
 3.59400000e-04  1.67053644e-07 
 3.59500000e-04  1.66986098e-07 
 3.59600000e-04  1.53387165e-07 
 3.59700000e-04  1.52785795e-07 
 3.59800000e-04  1.52501346e-07 
 3.59900000e-04  1.52298297e-07 
 3.60000000e-04  1.52179135e-07 
 3.60100000e-04  1.68080119e-07 
 3.60200000e-04  1.67903767e-07 
 3.60300000e-04  1.67820540e-07 
 3.60400000e-04  1.67743656e-07 
 3.60500000e-04  1.67686865e-07 
 3.60600000e-04  1.55206144e-07 
 3.60700000e-04  1.54813868e-07 
 3.60800000e-04  1.54608516e-07 
 3.60900000e-04  1.54467283e-07 
 3.61000000e-04  1.54392110e-07 
 3.61100000e-04  1.67798180e-07 
 3.61200000e-04  1.67598322e-07 
 3.61300000e-04  1.67518945e-07 
 3.61400000e-04  1.67447381e-07 
 3.61500000e-04  1.67399986e-07 
 3.61600000e-04  1.53685019e-07 
 3.61700000e-04  1.53246794e-07 
 3.61800000e-04  1.53014189e-07 
 3.61900000e-04  1.52839847e-07 
 3.62000000e-04  1.52725519e-07 
 3.62100000e-04  1.69184977e-07 
 3.62200000e-04  1.68883677e-07 
 3.62300000e-04  1.68781674e-07 
 3.62400000e-04  1.68694268e-07 
 3.62500000e-04  1.68646307e-07 
 3.62600000e-04  1.57439545e-07 
 3.62700000e-04  1.57049454e-07 
 3.62800000e-04  1.56856758e-07 
 3.62900000e-04  1.56721517e-07 
 3.63000000e-04  1.56645456e-07 
 3.63100000e-04  1.67881084e-07 
 3.63200000e-04  1.67630120e-07 
 3.63300000e-04  1.67542292e-07 
 3.63400000e-04  1.67465326e-07 
 3.63500000e-04  1.67421007e-07 
 3.63600000e-04  1.53730989e-07 
 3.63700000e-04  1.53264674e-07 
 3.63800000e-04  1.53029568e-07 
 3.63900000e-04  1.52848624e-07 
 3.64000000e-04  1.52723457e-07 
 3.64100000e-04  1.68639055e-07 
 3.64200000e-04  1.68459600e-07 
 3.64300000e-04  1.68383740e-07 
 3.64400000e-04  1.68315045e-07 
 3.64500000e-04  1.68267549e-07 
 3.64600000e-04  1.55758024e-07 
 3.64700000e-04  1.55393250e-07 
 3.64800000e-04  1.55186044e-07 
 3.64900000e-04  1.55043292e-07 
 3.65000000e-04  1.54966939e-07 
 3.65100000e-04  1.68413806e-07 
 3.65200000e-04  1.68197196e-07 
 3.65300000e-04  1.68119960e-07 
 3.65400000e-04  1.68052688e-07 
 3.65500000e-04  1.68015905e-07 
 3.65600000e-04  1.54266592e-07 
 3.65700000e-04  1.53825778e-07 
 3.65800000e-04  1.53592867e-07 
 3.65900000e-04  1.53421085e-07 
 3.66000000e-04  1.53312271e-07 
 3.66100000e-04  1.70316366e-07 
 3.66200000e-04  1.69907015e-07 
 3.66300000e-04  1.69778003e-07 
 3.66400000e-04  1.69668314e-07 
 3.66500000e-04  1.69607430e-07 
 3.66600000e-04  1.59680890e-07 
 3.66700000e-04  1.59305918e-07 
 3.66800000e-04  1.59106270e-07 
 3.66900000e-04  1.58978350e-07 
 3.67000000e-04  1.58924333e-07 
 3.67100000e-04  1.67994440e-07 
 3.67200000e-04  1.67706799e-07 
 3.67300000e-04  1.67600610e-07 
 3.67400000e-04  1.67506121e-07 
 3.67500000e-04  1.67471382e-07 
 3.67600000e-04  1.53792508e-07 
 3.67700000e-04  1.53304326e-07 
 3.67800000e-04  1.53052767e-07 
 3.67900000e-04  1.52862240e-07 
 3.68000000e-04  1.52734579e-07 
 3.68100000e-04  1.68662299e-07 
 3.68200000e-04  1.68475515e-07 
 3.68300000e-04  1.68395813e-07 
 3.68400000e-04  1.68323865e-07 
 3.68500000e-04  1.68289610e-07 
 3.68600000e-04  1.55776440e-07 
 3.68700000e-04  1.55398800e-07 
 3.68800000e-04  1.55191178e-07 
 3.68900000e-04  1.55050953e-07 
 3.69000000e-04  1.54980158e-07 
 3.69100000e-04  1.68420050e-07 
 3.69200000e-04  1.68202459e-07 
 3.69300000e-04  1.68119623e-07 
 3.69400000e-04  1.68046582e-07 
 3.69500000e-04  1.68014186e-07 
 3.69600000e-04  1.54258201e-07 
 3.69700000e-04  1.53834389e-07 
 3.69800000e-04  1.53601240e-07 
 3.69900000e-04  1.53423214e-07 
 3.70000000e-04  1.53301956e-07 
 3.70100000e-04  1.69786264e-07 
 3.70200000e-04  1.69501737e-07 
 3.70300000e-04  1.69396259e-07 
 3.70400000e-04  1.69303038e-07 
 3.70500000e-04  1.69248464e-07 
 3.70600000e-04  1.58020657e-07 
 3.70700000e-04  1.57648428e-07 
 3.70800000e-04  1.57444951e-07 
 3.70900000e-04  1.57308517e-07 
 3.71000000e-04  1.57241148e-07 
 3.71100000e-04  1.68492104e-07 
 3.71200000e-04  1.68239250e-07 
 3.71300000e-04  1.68146704e-07 
 3.71400000e-04  1.68064807e-07 
 3.71500000e-04  1.68045275e-07 
 3.71600000e-04  1.54319471e-07 
 3.71700000e-04  1.53853056e-07 
 3.71800000e-04  1.53601332e-07 
 3.71900000e-04  1.53416320e-07 
 3.72000000e-04  1.53300029e-07 
 3.72100000e-04  1.69266955e-07 
 3.72200000e-04  1.69070878e-07 
 3.72300000e-04  1.68988960e-07 
 3.72400000e-04  1.68915735e-07 
 3.72500000e-04  1.68894938e-07 
 3.72600000e-04  1.56364211e-07 
 3.72700000e-04  1.55967653e-07 
 3.72800000e-04  1.55776091e-07 
 3.72900000e-04  1.55641563e-07 
 3.73000000e-04  1.55565770e-07 
 3.73100000e-04  1.69028625e-07 
 3.73200000e-04  1.68802538e-07 
 3.73300000e-04  1.68721933e-07 
 3.73400000e-04  1.68651650e-07 
 3.73500000e-04  1.68633175e-07 
 3.73600000e-04  1.54835313e-07 
 3.73700000e-04  1.54428229e-07 
 3.73800000e-04  1.54186720e-07 
 3.73900000e-04  1.54008844e-07 
 3.74000000e-04  1.53896409e-07 
 3.74100000e-04  1.74197294e-07 
 3.74200000e-04  1.72925574e-07 
 3.74300000e-04  1.72532410e-07 
 3.74400000e-04  1.72380938e-07 
 3.74500000e-04  1.72307564e-07 
 3.74600000e-04  1.63209726e-07 
 3.74700000e-04  1.62662288e-07 
 3.74800000e-04  1.62424678e-07 
 3.74900000e-04  1.62248234e-07 
 3.75000000e-04  1.62134160e-07 
 3.75100000e-04  1.03755193e-04 
 3.75200000e-04  1.03754610e-04 
 3.75300000e-04  1.03754427e-04 
 3.75400000e-04  1.03754271e-04 
 3.75500000e-04  1.03754207e-04 
 3.75600000e-04  1.03740563e-04 
 3.75700000e-04  1.03739978e-04 
 3.75800000e-04  1.03739713e-04 
 3.75900000e-04  1.03739515e-04 
 3.76000000e-04  1.03739386e-04 
 3.76100000e-04  1.69856341e-07 
 3.76200000e-04  1.69621345e-07 
 3.76300000e-04  1.69536340e-07 
 3.76400000e-04  1.69462118e-07 
 3.76500000e-04  1.69402499e-07 
 3.76600000e-04  1.56887755e-07 
 3.76700000e-04  1.56489506e-07 
 3.76800000e-04  1.56289025e-07 
 3.76900000e-04  1.56149323e-07 
 3.77000000e-04  1.56072218e-07 
 3.77100000e-04  1.69564971e-07 
 3.77200000e-04  1.69348583e-07 
 3.77300000e-04  1.69274970e-07 
 3.77400000e-04  1.69211347e-07 
 3.77500000e-04  1.69171417e-07 
 3.77600000e-04  1.55350133e-07 
 3.77700000e-04  1.54940905e-07 
 3.77800000e-04  1.54707626e-07 
 3.77900000e-04  1.54528369e-07 
 3.78000000e-04  1.54404734e-07 
 3.78100000e-04  1.70948791e-07 
 3.78200000e-04  1.70662121e-07 
 3.78300000e-04  1.70549302e-07 
 3.78400000e-04  1.70448189e-07 
 3.78500000e-04  1.70382414e-07 
 3.78600000e-04  1.59102479e-07 
 3.78700000e-04  1.58739479e-07 
 3.78800000e-04  1.58529424e-07 
 3.78900000e-04  1.58397721e-07 
 3.79000000e-04  1.58346745e-07 
 3.79100000e-04  1.69641927e-07 
 3.79200000e-04  1.69393685e-07 
 3.79300000e-04  1.69303361e-07 
 3.79400000e-04  1.69223359e-07 
 3.79500000e-04  1.69172944e-07 
 3.79600000e-04  1.55390527e-07 
 3.79700000e-04  1.54923328e-07 
 3.79800000e-04  1.54695045e-07 
 3.79900000e-04  1.54517793e-07 
 3.80000000e-04  1.54393078e-07 
 3.80100000e-04  1.70423919e-07 
 3.80200000e-04  1.70217028e-07 
 3.80300000e-04  1.70135742e-07 
 3.80400000e-04  1.70064478e-07 
 3.80500000e-04  1.70026434e-07 
 3.80600000e-04  1.57438839e-07 
 3.80700000e-04  1.57065113e-07 
 3.80800000e-04  1.56873298e-07 
 3.80900000e-04  1.56736394e-07 
 3.81000000e-04  1.56656029e-07 
 3.81100000e-04  1.70179243e-07 
 3.81200000e-04  1.69953583e-07 
 3.81300000e-04  1.69865849e-07 
 3.81400000e-04  1.69787976e-07 
 3.81500000e-04  1.69764579e-07 
 3.81600000e-04  1.55907418e-07 
 3.81700000e-04  1.55493717e-07 
 3.81800000e-04  1.55276968e-07 
 3.81900000e-04  1.55111211e-07 
 3.82000000e-04  1.54997945e-07 
 3.82100000e-04  1.72082175e-07 
 3.82200000e-04  1.71689180e-07 
 3.82300000e-04  1.71547238e-07 
 3.82400000e-04  1.71421936e-07 
 3.82500000e-04  1.71350016e-07 
 3.82600000e-04  1.61345389e-07 
 3.82700000e-04  1.60963414e-07 
 3.82800000e-04  1.60785186e-07 
 3.82900000e-04  1.60665262e-07 
 3.83000000e-04  1.60605380e-07 
 3.83100000e-04  1.69771452e-07 
 3.83200000e-04  1.69472555e-07 
 3.83300000e-04  1.69357852e-07 
 3.83400000e-04  1.69255006e-07 
 3.83500000e-04  1.69215778e-07 
 3.83600000e-04  1.55466118e-07 
 3.83700000e-04  1.54970113e-07 
 3.83800000e-04  1.54721147e-07 
 3.83900000e-04  1.54535750e-07 
 3.84000000e-04  1.54415821e-07 
 3.84100000e-04  1.70442987e-07 
 3.84200000e-04  1.70251920e-07 
 3.84300000e-04  1.70164299e-07 
 3.84400000e-04  1.70084041e-07 
 3.84500000e-04  1.70039326e-07 
 3.84600000e-04  1.57441041e-07 
 3.84700000e-04  1.57070765e-07 
 3.84800000e-04  1.56867491e-07 
 3.84900000e-04  1.56729178e-07 
 3.85000000e-04  1.56657764e-07 
 3.85100000e-04  1.70187435e-07 
 3.85200000e-04  1.69943302e-07 
 3.85300000e-04  1.69868538e-07 
 3.85400000e-04  1.69806486e-07 
 3.85500000e-04  1.69768252e-07 
 3.85600000e-04  1.55931119e-07 
 3.85700000e-04  1.55513614e-07 
 3.85800000e-04  1.55286731e-07 
 3.85900000e-04  1.55115130e-07 
 3.86000000e-04  1.55000446e-07 
 3.86100000e-04  1.71556512e-07 
 3.86200000e-04  1.71264814e-07 
 3.86300000e-04  1.71145949e-07 
 3.86400000e-04  1.71038636e-07 
 3.86500000e-04  1.70989024e-07 
 3.86600000e-04  1.59672821e-07 
 3.86700000e-04  1.59313459e-07 
 3.86800000e-04  1.59126416e-07 
 3.86900000e-04  1.58998424e-07 
 3.87000000e-04  1.58931240e-07 
 3.87100000e-04  1.70272757e-07 
 3.87200000e-04  1.69997057e-07 
 3.87300000e-04  1.69906312e-07 
 3.87400000e-04  1.69828688e-07 
 3.87500000e-04  1.69783123e-07 
 3.87600000e-04  1.55955679e-07 
 3.87700000e-04  1.55528627e-07 
 3.87800000e-04  1.55280882e-07 
 3.87900000e-04  1.55104797e-07 
 3.88000000e-04  1.55002525e-07 
 3.88100000e-04  1.71033808e-07 
 3.88200000e-04  1.70843248e-07 
 3.88300000e-04  1.70757369e-07 
 3.88400000e-04  1.70678709e-07 
 3.88500000e-04  1.70625864e-07 
 3.88600000e-04  1.58011331e-07 
 3.88700000e-04  1.57647054e-07 
 3.88800000e-04  1.57459339e-07 
 3.88900000e-04  1.57321696e-07 
 3.89000000e-04  1.57235593e-07 
 3.89100000e-04  1.70804050e-07 
 3.89200000e-04  1.70573268e-07 
 3.89300000e-04  1.70483810e-07 
 3.89400000e-04  1.70404756e-07 
 3.89500000e-04  1.70393285e-07 
 3.89600000e-04  1.56509649e-07 
 3.89700000e-04  1.56091650e-07 
 3.89800000e-04  1.55857730e-07 
 3.89900000e-04  1.55690577e-07 
 3.90000000e-04  1.55592183e-07 
 3.90100000e-04  1.74836233e-07 
 3.90200000e-04  1.73983339e-07 
 3.90300000e-04  1.73732826e-07 
 3.90400000e-04  1.73522662e-07 
 3.90500000e-04  1.73424445e-07 
 3.90600000e-04  1.68578642e-07 
 3.90700000e-04  1.68204569e-07 
 3.90800000e-04  1.68036235e-07 
 3.90900000e-04  1.67945722e-07 
 3.91000000e-04  1.67935374e-07 
 3.91100000e-04  1.69026690e-07 
 3.91200000e-04  1.68055801e-07 
 3.91300000e-04  1.67798749e-07 
 3.91400000e-04  1.67586728e-07 
 3.91500000e-04  1.67492723e-07 
 3.91600000e-04  1.53932241e-07 
 3.91700000e-04  1.53259077e-07 
 3.91800000e-04  1.52982219e-07 
 3.91900000e-04  1.52782063e-07 
 3.92000000e-04  1.52660920e-07 
 3.92100000e-04  1.68608757e-07 
 3.92200000e-04  1.68427863e-07 
 3.92300000e-04  1.68337155e-07 
 3.92400000e-04  1.68252493e-07 
 3.92500000e-04  1.68212878e-07 
 3.92600000e-04  1.55668097e-07 
 3.92700000e-04  1.55294289e-07 
 3.92800000e-04  1.55109059e-07 
 3.92900000e-04  1.54973472e-07 
 3.93000000e-04  1.54888980e-07 
 3.93100000e-04  1.68325721e-07 
 3.93200000e-04  1.68107147e-07 
 3.93300000e-04  1.68027444e-07 
 3.93400000e-04  1.67957157e-07 
 3.93500000e-04  1.67922466e-07 
 3.93600000e-04  1.54153365e-07 
 3.93700000e-04  1.53725504e-07 
 3.93800000e-04  1.53503919e-07 
 3.93900000e-04  1.53330834e-07 
 3.94000000e-04  1.53207658e-07 
 3.94100000e-04  1.69699729e-07 
 3.94200000e-04  1.69399326e-07 
 3.94300000e-04  1.69293172e-07 
 3.94400000e-04  1.69200907e-07 
 3.94500000e-04  1.69148251e-07 
 3.94600000e-04  1.57920009e-07 
 3.94700000e-04  1.57531680e-07 
 3.94800000e-04  1.57343711e-07 
 3.94900000e-04  1.57214883e-07 
 3.95000000e-04  1.57146944e-07 
 3.95100000e-04  1.68386254e-07 
 3.95200000e-04  1.68128162e-07 
 3.95300000e-04  1.68039570e-07 
 3.95400000e-04  1.67962093e-07 
 3.95500000e-04  1.67942534e-07 
 3.95600000e-04  1.54200742e-07 
 3.95700000e-04  1.53738905e-07 
 3.95800000e-04  1.53502028e-07 
 3.95900000e-04  1.53323203e-07 
 3.96000000e-04  1.53204139e-07 
 3.96100000e-04  1.69162100e-07 
 3.96200000e-04  1.68977558e-07 
 3.96300000e-04  1.68899031e-07 
 3.96400000e-04  1.68828283e-07 
 3.96500000e-04  1.68784897e-07 
 3.96600000e-04  1.56246927e-07 
 3.96700000e-04  1.55874893e-07 
 3.96800000e-04  1.55669188e-07 
 3.96900000e-04  1.55526453e-07 
 3.97000000e-04  1.55448554e-07 
 3.97100000e-04  1.68922099e-07 
 3.97200000e-04  1.68692990e-07 
 3.97300000e-04  1.68615468e-07 
 3.97400000e-04  1.68549147e-07 
 3.97500000e-04  1.68516864e-07 
 3.97600000e-04  1.54742214e-07 
 3.97700000e-04  1.54323888e-07 
 3.97800000e-04  1.54088808e-07 
 3.97900000e-04  1.53909927e-07 
 3.98000000e-04  1.53788895e-07 
 3.98100000e-04  1.70832728e-07 
 3.98200000e-04  1.70431955e-07 
 3.98300000e-04  1.70293950e-07 
 3.98400000e-04  1.70173891e-07 
 3.98500000e-04  1.70124416e-07 
 3.98600000e-04  1.60163732e-07 
 3.98700000e-04  1.59789079e-07 
 3.98800000e-04  1.59598166e-07 
 3.98900000e-04  1.59474196e-07 
 3.99000000e-04  1.59419162e-07 
 3.99100000e-04  1.68506641e-07 
 3.99200000e-04  1.68214096e-07 
 3.99300000e-04  1.68115244e-07 
 3.99400000e-04  1.68029165e-07 
 3.99500000e-04  1.67986188e-07 
 3.99600000e-04  1.54270125e-07 
 3.99700000e-04  1.53770126e-07 
 3.99800000e-04  1.53521848e-07 
 3.99900000e-04  1.53335332e-07 
 4.00000000e-04  1.53212406e-07 
 4.00100000e-04  1.69175533e-07 
 4.00200000e-04  1.68998524e-07 
 4.00300000e-04  1.68914781e-07 
 4.00400000e-04  1.68837380e-07 
 4.00500000e-04  1.68798677e-07 
 4.00600000e-04  1.56243583e-07 
 4.00700000e-04  1.55873987e-07 
 4.00800000e-04  1.55680050e-07 
 4.00900000e-04  1.55540000e-07 
 4.01000000e-04  1.55455410e-07 
 4.01100000e-04  1.68936373e-07 
 4.01200000e-04  1.68703367e-07 
 4.01300000e-04  1.68626790e-07 
 4.01400000e-04  1.68561939e-07 
 4.01500000e-04  1.68521265e-07 
 4.01600000e-04  1.54736343e-07 
 4.01700000e-04  1.54324937e-07 
 4.01800000e-04  1.54088896e-07 
 4.01900000e-04  1.53910583e-07 
 4.02000000e-04  1.53791692e-07 
 4.02100000e-04  1.70296856e-07 
 4.02200000e-04  1.70016330e-07 
 4.02300000e-04  1.69907139e-07 
 4.02400000e-04  1.69808828e-07 
 4.02500000e-04  1.69769691e-07 
 4.02600000e-04  1.58488831e-07 
 4.02700000e-04  1.58125411e-07 
 4.02800000e-04  1.57924523e-07 
 4.02900000e-04  1.57790693e-07 
 4.03000000e-04  1.57725912e-07 
 4.03100000e-04  1.69011051e-07 
 4.03200000e-04  1.68753430e-07 
 4.03300000e-04  1.68663224e-07 
 4.03400000e-04  1.68584302e-07 
 4.03500000e-04  1.68553756e-07 
 4.03600000e-04  1.54794449e-07 
 4.03700000e-04  1.54314289e-07 
 4.03800000e-04  1.54075274e-07 
 4.03900000e-04  1.53901806e-07 
 4.04000000e-04  1.53795826e-07 
 4.04100000e-04  1.69771615e-07 
 4.04200000e-04  1.69587737e-07 
 4.04300000e-04  1.69510531e-07 
 4.04400000e-04  1.69441021e-07 
 4.04500000e-04  1.69405264e-07 
 4.04600000e-04  1.56827298e-07 
 4.04700000e-04  1.56444654e-07 
 4.04800000e-04  1.56259953e-07 
 4.04900000e-04  1.56126504e-07 
 4.05000000e-04  1.56045793e-07 
 4.05100000e-04  1.69543383e-07 
 4.05200000e-04  1.69320278e-07 
 4.05300000e-04  1.69242015e-07 
 4.05400000e-04  1.69174052e-07 
 4.05500000e-04  1.69132817e-07 
 4.05600000e-04  1.55327127e-07 
 4.05700000e-04  1.54907953e-07 
 4.05800000e-04  1.54670823e-07 
 4.05900000e-04  1.54498325e-07 
 4.06000000e-04  1.54392371e-07 
 4.06100000e-04  1.71982016e-07 
 4.06200000e-04  1.71474206e-07 
 4.06300000e-04  1.71305559e-07 
 4.06400000e-04  1.71159554e-07 
 4.06500000e-04  1.71101367e-07 
 4.06600000e-04  1.62407967e-07 
 4.06700000e-04  1.62033984e-07 
 4.06800000e-04  1.61855139e-07 
 4.06900000e-04  1.61736858e-07 
 4.07000000e-04  1.61680926e-07 
 4.07100000e-04  1.68795330e-07 
 4.07200000e-04  1.68415640e-07 
 4.07300000e-04  1.68265744e-07 
 4.07400000e-04  1.68130672e-07 
 4.07500000e-04  1.68069508e-07 
 4.07600000e-04  1.54372150e-07 
 4.07700000e-04  1.53836327e-07 
 4.07800000e-04  1.53563340e-07 
 4.07900000e-04  1.53365549e-07 
 4.08000000e-04  1.53245200e-07 
 4.08100000e-04  1.69208987e-07 
 4.08200000e-04  1.69019519e-07 
 4.08300000e-04  1.68936569e-07 
 4.08400000e-04  1.68861549e-07 
 4.08500000e-04  1.68798755e-07 
 4.08600000e-04  1.56253707e-07 
 4.08700000e-04  1.55885059e-07 
 4.08800000e-04  1.55683843e-07 
 4.08900000e-04  1.55546831e-07 
 4.09000000e-04  1.55475917e-07 
 4.09100000e-04  1.68941355e-07 
 4.09200000e-04  1.68715686e-07 
 4.09300000e-04  1.68631739e-07 
 4.09400000e-04  1.68557946e-07 
 4.09500000e-04  1.68527519e-07 
 4.09600000e-04  1.54733307e-07 
 4.09700000e-04  1.54309358e-07 
 4.09800000e-04  1.54088253e-07 
 4.09900000e-04  1.53917359e-07 
 4.10000000e-04  1.53798126e-07 
 4.10100000e-04  1.70317146e-07 
 4.10200000e-04  1.70027642e-07 
 4.10300000e-04  1.69915877e-07 
 4.10400000e-04  1.69816220e-07 
 4.10500000e-04  1.69767413e-07 
 4.10600000e-04  1.58506883e-07 
 4.10700000e-04  1.58132594e-07 
 4.10800000e-04  1.57932869e-07 
 4.10900000e-04  1.57801030e-07 
 4.11000000e-04  1.57739084e-07 
 4.11100000e-04  1.69012202e-07 
 4.11200000e-04  1.68742414e-07 
 4.11300000e-04  1.68658255e-07 
 4.11400000e-04  1.68586873e-07 
 4.11500000e-04  1.68562805e-07 
 4.11600000e-04  1.54795385e-07 
 4.11700000e-04  1.54321675e-07 
 4.11800000e-04  1.54090021e-07 
 4.11900000e-04  1.53909621e-07 
 4.12000000e-04  1.53781958e-07 
 4.12100000e-04  1.69781911e-07 
 4.12200000e-04  1.69587866e-07 
 4.12300000e-04  1.69504126e-07 
 4.12400000e-04  1.69428186e-07 
 4.12500000e-04  1.69392521e-07 
 4.12600000e-04  1.56843202e-07 
 4.12700000e-04  1.56459193e-07 
 4.12800000e-04  1.56263096e-07 
 4.12900000e-04  1.56128717e-07 
 4.13000000e-04  1.56057869e-07 
 4.13100000e-04  1.69542143e-07 
 4.13200000e-04  1.69317273e-07 
 4.13300000e-04  1.69235923e-07 
 4.13400000e-04  1.69164806e-07 
 4.13500000e-04  1.69134996e-07 
 4.13600000e-04  1.55319227e-07 
 4.13700000e-04  1.54904169e-07 
 4.13800000e-04  1.54668522e-07 
 4.13900000e-04  1.54491660e-07 
 4.14000000e-04  1.54375297e-07 
 4.14100000e-04  1.71450460e-07 
 4.14200000e-04  1.71045873e-07 
 4.14300000e-04  1.70909039e-07 
 4.14400000e-04  1.70790389e-07 
 4.14500000e-04  1.70725177e-07 
 4.14600000e-04  1.60739331e-07 
 4.14700000e-04  1.60366398e-07 
 4.14800000e-04  1.60179878e-07 
 4.14900000e-04  1.60059532e-07 
 4.15000000e-04  1.60007314e-07 
 4.15100000e-04  1.69140943e-07 
 4.15200000e-04  1.68834075e-07 
 4.15300000e-04  1.68732412e-07 
 4.15400000e-04  1.68644813e-07 
 4.15500000e-04  1.68599085e-07 
 4.15600000e-04  1.54866934e-07 
 4.15700000e-04  1.54362673e-07 
 4.15800000e-04  1.54107001e-07 
 4.15900000e-04  1.53919005e-07 
 4.16000000e-04  1.53800684e-07 
 4.16100000e-04  1.69799333e-07 
 4.16200000e-04  1.69604711e-07 
 4.16300000e-04  1.69529110e-07 
 4.16400000e-04  1.69462227e-07 
 4.16500000e-04  1.69417642e-07 
 4.16600000e-04  1.56837786e-07 
 4.16700000e-04  1.56464247e-07 
 4.16800000e-04  1.56270459e-07 
 4.16900000e-04  1.56132161e-07 
 4.17000000e-04  1.56050966e-07 
 4.17100000e-04  1.69542683e-07 
 4.17200000e-04  1.69323235e-07 
 4.17300000e-04  1.69243415e-07 
 4.17400000e-04  1.69173178e-07 
 4.17500000e-04  1.69151148e-07 
 4.17600000e-04  1.55314661e-07 
 4.17700000e-04  1.54912197e-07 
 4.17800000e-04  1.54685836e-07 
 4.17900000e-04  1.54512518e-07 
 4.18000000e-04  1.54393774e-07 
 4.18100000e-04  1.70927934e-07 
 4.18200000e-04  1.70640848e-07 
 4.18300000e-04  1.70529544e-07 
 4.18400000e-04  1.70430092e-07 
 4.18500000e-04  1.70370975e-07 
 4.18600000e-04  1.59087053e-07 
 4.18700000e-04  1.58706035e-07 
 4.18800000e-04  1.58519209e-07 
 4.18900000e-04  1.58391266e-07 
 4.19000000e-04  1.58323921e-07 
 4.19100000e-04  1.69632044e-07 
 4.19200000e-04  1.69372392e-07 
 4.19300000e-04  1.69277390e-07 
 4.19400000e-04  1.69193150e-07 
 4.19500000e-04  1.69159428e-07 
 4.19600000e-04  1.55364037e-07 
 4.19700000e-04  1.54927602e-07 
 4.19800000e-04  1.54679565e-07 
 4.19900000e-04  1.54502659e-07 
 4.20000000e-04  1.54398993e-07 
 4.20100000e-04  1.70416674e-07 
 4.20200000e-04  1.70225577e-07 
 4.20300000e-04  1.70137507e-07 
 4.20400000e-04  1.70057019e-07 
 4.20500000e-04  1.70013281e-07 
 4.20600000e-04  1.57410905e-07 
 4.20700000e-04  1.57050842e-07 
 4.20800000e-04  1.56852549e-07 
 4.20900000e-04  1.56717021e-07 
 4.21000000e-04  1.56646095e-07 
 4.21100000e-04  1.70170224e-07 
 4.21200000e-04  1.69931691e-07 
 4.21300000e-04  1.69857002e-07 
 4.21400000e-04  1.69794470e-07 
 4.21500000e-04  1.69758620e-07 
 4.21600000e-04  1.55906957e-07 
 4.21700000e-04  1.55487531e-07 
 4.21800000e-04  1.55267898e-07 
 4.21900000e-04  1.55100278e-07 
 4.22000000e-04  1.54986164e-07 
 4.22100000e-04  1.73135375e-07 
 4.22200000e-04  1.72524060e-07 
 4.22300000e-04  1.72327698e-07 
 4.22400000e-04  1.72158172e-07 
 4.22500000e-04  1.72085015e-07 
 4.22600000e-04  1.64644018e-07 
 4.22700000e-04  1.64285018e-07 
 4.22800000e-04  1.64104007e-07 
 4.22900000e-04  1.63996191e-07 
 4.23000000e-04  1.63963733e-07 
 4.23100000e-04  1.69426902e-07 
 4.23200000e-04  1.68646933e-07 
 4.23300000e-04  1.68395128e-07 
 4.23400000e-04  1.68178408e-07 
 4.23500000e-04  1.68094306e-07 
 4.23600000e-04  1.54442015e-07 
 4.23700000e-04  1.53863115e-07 
 4.23800000e-04  1.53589495e-07 
 4.23900000e-04  1.53387458e-07 
 4.24000000e-04  1.53258966e-07 
 4.24100000e-04  1.71173691e-07 
 4.24200000e-04  1.70633694e-07 
 4.24300000e-04  1.70454165e-07 
 4.24400000e-04  1.70371968e-07 
 4.24500000e-04  1.70321222e-07 
 4.24600000e-04  1.57289629e-07 
 4.24700000e-04  1.56735505e-07 
 4.24800000e-04  1.56490587e-07 
 4.24900000e-04  1.56308914e-07 
 4.25000000e-04  1.56191685e-07 
 4.25100000e-04  1.03755873e-04 
 4.25200000e-04  1.03755451e-04 
 4.25300000e-04  1.03755330e-04 
 4.25400000e-04  1.03755228e-04 
 4.25500000e-04  1.03755191e-04 
 4.25600000e-04  1.03741416e-04 
 4.25700000e-04  1.03740972e-04 
 4.25800000e-04  1.03740730e-04 
 4.25900000e-04  1.03740552e-04 
 4.26000000e-04  1.03740441e-04 
 4.26100000e-04  1.73936647e-07 
 4.26200000e-04  1.72963539e-07 
 4.26300000e-04  1.72667805e-07 
 4.26400000e-04  1.72542637e-07 
 4.26500000e-04  1.72472583e-07 
 4.26600000e-04  1.60740439e-07 
 4.26700000e-04  1.60177054e-07 
 4.26800000e-04  1.59920737e-07 
 4.26900000e-04  1.59740283e-07 
 4.27000000e-04  1.59637157e-07 
 4.27100000e-04  1.03757107e-04 
 4.27200000e-04  1.03756648e-04 
 4.27300000e-04  1.03756510e-04 
 4.27400000e-04  1.03756393e-04 
 4.27500000e-04  1.03756351e-04 
 4.27600000e-04  1.03742556e-04 
 4.27700000e-04  1.03742068e-04 
 4.27800000e-04  1.03741824e-04 
 4.27900000e-04  1.03741643e-04 
 4.28000000e-04  1.03741526e-04 
 4.28100000e-04  1.72098780e-07 
 4.28200000e-04  1.71869317e-07 
 4.28300000e-04  1.71771745e-07 
 4.28400000e-04  1.71683083e-07 
 4.28500000e-04  1.71642310e-07 
 4.28600000e-04  1.59005316e-07 
 4.28700000e-04  1.58630376e-07 
 4.28800000e-04  1.58436961e-07 
 4.28900000e-04  1.58303616e-07 
 4.29000000e-04  1.58232087e-07 
 4.29100000e-04  1.71847122e-07 
 4.29200000e-04  1.71604971e-07 
 4.29300000e-04  1.71519532e-07 
 4.29400000e-04  1.71445410e-07 
 4.29500000e-04  1.71405389e-07 
 4.29600000e-04  1.57478777e-07 
 4.29700000e-04  1.57067473e-07 
 4.29800000e-04  1.56852779e-07 
 4.29900000e-04  1.56686122e-07 
 4.30000000e-04  1.56568863e-07 
 4.30100000e-04  1.73768346e-07 
 4.30200000e-04  1.73340907e-07 
 4.30300000e-04  1.73198108e-07 
 4.30400000e-04  1.73075054e-07 
 4.30500000e-04  1.73007728e-07 
 4.30600000e-04  1.62889740e-07 
 4.30700000e-04  1.62526232e-07 
 4.30800000e-04  1.62350444e-07 
 4.30900000e-04  1.62239550e-07 
 4.31000000e-04  1.62195445e-07 
 4.31100000e-04  1.71430683e-07 
 4.31200000e-04  1.71123429e-07 
 4.31300000e-04  1.71007115e-07 
 4.31400000e-04  1.70903024e-07 
 4.31500000e-04  1.70872326e-07 
 4.31600000e-04  1.57003168e-07 
 4.31700000e-04  1.56511086e-07 
 4.31800000e-04  1.56282244e-07 
 4.31900000e-04  1.56104685e-07 
 4.32000000e-04  1.55979873e-07 
 4.32100000e-04  1.72095684e-07 
 4.32200000e-04  1.71898430e-07 
 4.32300000e-04  1.71805641e-07 
 4.32400000e-04  1.71720081e-07 
 4.32500000e-04  1.71675679e-07 
 4.32600000e-04  1.58980200e-07 
 4.32700000e-04  1.58622848e-07 
 4.32800000e-04  1.58429308e-07 
 4.32900000e-04  1.58295807e-07 
 4.33000000e-04  1.58224086e-07 
 4.33100000e-04  1.71851084e-07 
 4.33200000e-04  1.71600706e-07 
 4.33300000e-04  1.71518287e-07 
 4.33400000e-04  1.71448680e-07 
 4.33500000e-04  1.71397275e-07 
 4.33600000e-04  1.57455800e-07 
 4.33700000e-04  1.57050392e-07 
 4.33800000e-04  1.56835884e-07 
 4.33900000e-04  1.56672920e-07 
 4.34000000e-04  1.56562972e-07 
 4.34100000e-04  1.73223357e-07 
 4.34200000e-04  1.72928105e-07 
 4.34300000e-04  1.72804407e-07 
 4.34400000e-04  1.72691801e-07 
 4.34500000e-04  1.72629377e-07 
 4.34600000e-04  1.61234174e-07 
 4.34700000e-04  1.60859676e-07 
 4.34800000e-04  1.60682175e-07 
 4.34900000e-04  1.60562478e-07 
 4.35000000e-04  1.60502253e-07 
 4.35100000e-04  1.71932850e-07 
 4.35200000e-04  1.71647134e-07 
 4.35300000e-04  1.71544771e-07 
 4.35400000e-04  1.71454959e-07 
 4.35500000e-04  1.71430749e-07 
 4.35600000e-04  1.57508185e-07 
 4.35700000e-04  1.57060688e-07 
 4.35800000e-04  1.56838667e-07 
 4.35900000e-04  1.56669083e-07 
 4.36000000e-04  1.56553263e-07 
 4.36100000e-04  1.74632762e-07 
 4.36200000e-04  1.74089914e-07 
 4.36300000e-04  1.73898842e-07 
 4.36400000e-04  1.73815857e-07 
 4.36500000e-04  1.73767797e-07 
 4.36600000e-04  1.60568431e-07 
 4.36700000e-04  1.60062798e-07 
 4.36800000e-04  1.59821269e-07 
 4.36900000e-04  1.59643598e-07 
 4.37000000e-04  1.59530980e-07 
 4.37100000e-04  1.03759392e-04 
 4.37200000e-04  1.03758958e-04 
 4.37300000e-04  1.03758826e-04 
 4.37400000e-04  1.03758715e-04 
 4.37500000e-04  1.03758686e-04 
 4.37600000e-04  1.03744714e-04 
 4.37700000e-04  1.03744294e-04 
 4.37800000e-04  1.03744073e-04 
 4.37900000e-04  1.03743910e-04 
 4.38000000e-04  1.03743808e-04 
 4.38100000e-04  1.76064861e-07 
 4.38200000e-04  1.75505500e-07 
 4.38300000e-04  1.75310705e-07 
 4.38400000e-04  1.75139546e-07 
 4.38500000e-04  1.75093954e-07 
 4.38600000e-04  1.66239195e-07 
 4.38700000e-04  1.65863445e-07 
 4.38800000e-04  1.65687628e-07 
 4.38900000e-04  1.65580242e-07 
 4.39000000e-04  1.65543291e-07 
 4.39100000e-04  1.72865650e-07 
 4.39200000e-04  1.72456448e-07 
 4.39300000e-04  1.72291206e-07 
 4.39400000e-04  1.72142086e-07 
 4.39500000e-04  1.72068128e-07 
 4.39600000e-04  1.58179313e-07 
 4.39700000e-04  1.57672287e-07 
 4.39800000e-04  1.57407921e-07 
 4.39900000e-04  1.57216435e-07 
 4.40000000e-04  1.57099972e-07 
 4.40100000e-04  1.73277538e-07 
 4.40200000e-04  1.73064258e-07 
 4.40300000e-04  1.72968145e-07 
 4.40400000e-04  1.72880815e-07 
 4.40500000e-04  1.72816634e-07 
 4.40600000e-04  1.60065389e-07 
 4.40700000e-04  1.59698989e-07 
 4.40800000e-04  1.59518841e-07 
 4.40900000e-04  1.59391912e-07 
 4.41000000e-04  1.59319718e-07 
 4.41100000e-04  1.73013074e-07 
 4.41200000e-04  1.72758968e-07 
 4.41300000e-04  1.72666619e-07 
 4.41400000e-04  1.72586388e-07 
 4.41500000e-04  1.72549235e-07 
 4.41600000e-04  1.58543390e-07 
 4.41700000e-04  1.58156275e-07 
 4.41800000e-04  1.57925935e-07 
 4.41900000e-04  1.57756674e-07 
 4.42000000e-04  1.57650256e-07 
 4.42100000e-04  1.74375570e-07 
 4.42200000e-04  1.74055161e-07 
 4.42300000e-04  1.73929511e-07 
 4.42400000e-04  1.73817530e-07 
 4.42500000e-04  1.73768132e-07 
 4.42600000e-04  1.62290207e-07 
 4.42700000e-04  1.61942814e-07 
 4.42800000e-04  1.61762809e-07 
 4.42900000e-04  1.61642780e-07 
 4.43000000e-04  1.61584456e-07 
 4.43100000e-04  1.73073992e-07 
 4.43200000e-04  1.72791171e-07 
 4.43300000e-04  1.72688560e-07 
 4.43400000e-04  1.72598354e-07 
 4.43500000e-04  1.72571479e-07 
 4.43600000e-04  1.58581966e-07 
 4.43700000e-04  1.58143923e-07 
 4.43800000e-04  1.57931616e-07 
 4.43900000e-04  1.57766876e-07 
 4.44000000e-04  1.57651037e-07 
 4.44100000e-04  1.73847365e-07 
 4.44200000e-04  1.73637317e-07 
 4.44300000e-04  1.73539541e-07 
 4.44400000e-04  1.73449580e-07 
 4.44500000e-04  1.73393354e-07 
 4.44600000e-04  1.60617948e-07 
 4.44700000e-04  1.60266066e-07 
 4.44800000e-04  1.60087244e-07 
 4.44900000e-04  1.59961560e-07 
 4.45000000e-04  1.59890522e-07 
 4.45100000e-04  1.73605565e-07 
 4.45200000e-04  1.73362613e-07 
 4.45300000e-04  1.73265341e-07 
 4.45400000e-04  1.73178163e-07 
 4.45500000e-04  1.73140555e-07 
 4.45600000e-04  1.59119394e-07 
 4.45700000e-04  1.58705351e-07 
 4.45800000e-04  1.58502366e-07 
 4.45900000e-04  1.58343777e-07 
 4.46000000e-04  1.58230819e-07 
 4.46100000e-04  1.75522656e-07 
 4.46200000e-04  1.75084499e-07 
 4.46300000e-04  1.74934050e-07 
 4.46400000e-04  1.74803562e-07 
 4.46500000e-04  1.74739462e-07 
 4.46600000e-04  1.64540585e-07 
 4.46700000e-04  1.64180421e-07 
 4.46800000e-04  1.64013783e-07 
 4.46900000e-04  1.63906691e-07 
 4.47000000e-04  1.63860857e-07 
 4.47100000e-04  1.73215614e-07 
 4.47200000e-04  1.72890912e-07 
 4.47300000e-04  1.72764533e-07 
 4.47400000e-04  1.72651324e-07 
 4.47500000e-04  1.72610485e-07 
 4.47600000e-04  1.58650660e-07 
 4.47700000e-04  1.58185025e-07 
 4.47800000e-04  1.57953171e-07 
 4.47900000e-04  1.57776881e-07 
 4.48000000e-04  1.57657738e-07 
 4.48100000e-04  1.73867745e-07 
 4.48200000e-04  1.73647756e-07 
 4.48300000e-04  1.73556165e-07 
 4.48400000e-04  1.73474561e-07 
 4.48500000e-04  1.73424995e-07 
 4.48600000e-04  1.60635358e-07 
 4.48700000e-04  1.60281226e-07 
 4.48800000e-04  1.60102434e-07 
 4.48900000e-04  1.59980467e-07 
 4.49000000e-04  1.59916951e-07 
 4.49100000e-04  1.73620094e-07 
 4.49200000e-04  1.73361357e-07 
 4.49300000e-04  1.73271031e-07 
 4.49400000e-04  1.73193429e-07 
 4.49500000e-04  1.73142233e-07 
 4.49600000e-04  1.59118192e-07 
 4.49700000e-04  1.58722020e-07 
 4.49800000e-04  1.58505440e-07 
 4.49900000e-04  1.58347118e-07 
 4.50000000e-04  1.58248721e-07 
 4.50100000e-04  1.75001785e-07 
 4.50200000e-04  1.74681008e-07 
 4.50300000e-04  1.74558530e-07 
 4.50400000e-04  1.74450282e-07 
 4.50500000e-04  1.74373815e-07 
 4.50600000e-04  1.62875020e-07 
 4.50700000e-04  1.62517941e-07 
 4.50800000e-04  1.62354719e-07 
 4.50900000e-04  1.62238757e-07 
 4.51000000e-04  1.62171375e-07 
 4.51100000e-04  1.73695069e-07 
 4.51200000e-04  1.73412439e-07 
 4.51300000e-04  1.73301306e-07 
 4.51400000e-04  1.73201659e-07 
 4.51500000e-04  1.73168906e-07 
 4.51600000e-04  1.59170184e-07 
 4.51700000e-04  1.58736830e-07 
 4.51800000e-04  1.58516784e-07 
 4.51900000e-04  1.58352364e-07 
 4.52000000e-04  1.58245150e-07 
 4.52100000e-04  1.74460629e-07 
 4.52200000e-04  1.74262471e-07 
 4.52300000e-04  1.74165162e-07 
 4.52400000e-04  1.74074522e-07 
 4.52500000e-04  1.74021007e-07 
 4.52600000e-04  1.61217294e-07 
 4.52700000e-04  1.60870924e-07 
 4.52800000e-04  1.60693215e-07 
 4.52900000e-04  1.60568905e-07 
 4.53000000e-04  1.60499500e-07 
 4.53100000e-04  1.74225119e-07 
 4.53200000e-04  1.73979125e-07 
 4.53300000e-04  1.73888902e-07 
 4.53400000e-04  1.73809639e-07 
 4.53500000e-04  1.73773389e-07 
 4.53600000e-04  1.59708090e-07 
 4.53700000e-04  1.59317977e-07 
 4.53800000e-04  1.59102991e-07 
 4.53900000e-04  1.58942173e-07 
 4.54000000e-04  1.58837050e-07 
 4.54100000e-04  1.77718521e-07 
 4.54200000e-04  1.76975098e-07 
 4.54300000e-04  1.76745379e-07 
 4.54400000e-04  1.76549539e-07 
 4.54500000e-04  1.76456434e-07 
 4.54600000e-04  1.70113925e-07 
 4.54700000e-04  1.69750801e-07 
 4.54800000e-04  1.69596204e-07 
 4.54900000e-04  1.69508886e-07 
 4.55000000e-04  1.69490800e-07 
 4.55100000e-04  1.72998589e-07 
 4.55200000e-04  1.72041690e-07 
 4.55300000e-04  1.71786365e-07 
 4.55400000e-04  1.71575338e-07 
 4.55500000e-04  1.71477517e-07 
 4.55600000e-04  1.57671925e-07 
 4.55700000e-04  1.57077223e-07 
 4.55800000e-04  1.56816575e-07 
 4.55900000e-04  1.56621886e-07 
 4.56000000e-04  1.56495062e-07 
 4.56100000e-04  1.72654438e-07 
 4.56200000e-04  1.72445478e-07 
 4.56300000e-04  1.72353214e-07 
 4.56400000e-04  1.72269613e-07 
 4.56500000e-04  1.72202699e-07 
 4.56600000e-04  1.59466019e-07 
 4.56700000e-04  1.59115371e-07 
 4.56800000e-04  1.58937137e-07 
 4.56900000e-04  1.58810016e-07 
 4.57000000e-04  1.58735443e-07 
 4.57100000e-04  1.72386445e-07 
 4.57200000e-04  1.72143721e-07 
 4.57300000e-04  1.72054116e-07 
 4.57400000e-04  1.71975779e-07 
 4.57500000e-04  1.71925644e-07 
 4.57600000e-04  1.57944525e-07 
 4.57700000e-04  1.57540940e-07 
 4.57800000e-04  1.57323715e-07 
 4.57900000e-04  1.57160661e-07 
 4.58000000e-04  1.57053307e-07 
 4.58100000e-04  1.73750170e-07 
 4.58200000e-04  1.73444705e-07 
 4.58300000e-04  1.73320687e-07 
 4.58400000e-04  1.73208856e-07 
 4.58500000e-04  1.73146075e-07 
 4.58600000e-04  1.61706881e-07 
 4.58700000e-04  1.61339230e-07 
 4.58800000e-04  1.61169809e-07 
 4.58900000e-04  1.61050176e-07 
 4.59000000e-04  1.60981720e-07 
 4.59100000e-04  1.72442179e-07 
 4.59200000e-04  1.72162748e-07 
 4.59300000e-04  1.72069933e-07 
 4.59400000e-04  1.71989749e-07 
 4.59500000e-04  1.71952252e-07 
 4.59600000e-04  1.57991735e-07 
 4.59700000e-04  1.57571590e-07 
 4.59800000e-04  1.57332365e-07 
 4.59900000e-04  1.57162501e-07 
 4.60000000e-04  1.57064004e-07 
 4.60100000e-04  1.73213830e-07 
 4.60200000e-04  1.73008655e-07 
 4.60300000e-04  1.72916712e-07 
 4.60400000e-04  1.72832875e-07 
 4.60500000e-04  1.72789796e-07 
 4.60600000e-04  1.60020538e-07 
 4.60700000e-04  1.59667713e-07 
 4.60800000e-04  1.59488157e-07 
 4.60900000e-04  1.59364245e-07 
 4.61000000e-04  1.59297553e-07 
 4.61100000e-04  1.72975337e-07 
 4.61200000e-04  1.72737485e-07 
 4.61300000e-04  1.72646533e-07 
 4.61400000e-04  1.72566080e-07 
 4.61500000e-04  1.72538515e-07 
 4.61600000e-04  1.58531390e-07 
 4.61700000e-04  1.58122783e-07 
 4.61800000e-04  1.57914428e-07 
 4.61900000e-04  1.57747457e-07 
 4.62000000e-04  1.57622992e-07 
 4.62100000e-04  1.74892999e-07 
 4.62200000e-04  1.74462293e-07 
 4.62300000e-04  1.74316012e-07 
 4.62400000e-04  1.74189232e-07 
 4.62500000e-04  1.74131417e-07 
 4.62600000e-04  1.63940221e-07 
 4.62700000e-04  1.63602444e-07 
 4.62800000e-04  1.63427412e-07 
 4.62900000e-04  1.63315598e-07 
 4.63000000e-04  1.63268819e-07 
 4.63100000e-04  1.72572728e-07 
 4.63200000e-04  1.72246905e-07 
 4.63300000e-04  1.72131113e-07 
 4.63400000e-04  1.72029757e-07 
 4.63500000e-04  1.71983160e-07 
 4.63600000e-04  1.58060187e-07 
 4.63700000e-04  1.57602630e-07 
 4.63800000e-04  1.57355997e-07 
 4.63900000e-04  1.57172493e-07 
 4.64000000e-04  1.57053925e-07 
 4.64100000e-04  1.73235093e-07 
 4.64200000e-04  1.73026292e-07 
 4.64300000e-04  1.72931035e-07 
 4.64400000e-04  1.72844162e-07 
 4.64500000e-04  1.72793267e-07 
 4.64600000e-04  1.60034840e-07 
 4.64700000e-04  1.59692782e-07 
 4.64800000e-04  1.59505551e-07 
 4.64900000e-04  1.59374609e-07 
 4.65000000e-04  1.59301543e-07 
 4.65100000e-04  1.72984168e-07 
 4.65200000e-04  1.72731909e-07 
 4.65300000e-04  1.72642175e-07 
 4.65400000e-04  1.72564435e-07 
 4.65500000e-04  1.72533062e-07 
 4.65600000e-04  1.58531181e-07 
 4.65700000e-04  1.58126584e-07 
 4.65800000e-04  1.57910649e-07 
 4.65900000e-04  1.57752182e-07 
 4.66000000e-04  1.57652813e-07 
 4.66100000e-04  1.74373468e-07 
 4.66200000e-04  1.74044963e-07 
 4.66300000e-04  1.73929568e-07 
 4.66400000e-04  1.73829536e-07 
 4.66500000e-04  1.73765546e-07 
 4.66600000e-04  1.62275149e-07 
 4.66700000e-04  1.61930569e-07 
 4.66800000e-04  1.61751452e-07 
 4.66900000e-04  1.61634710e-07 
 4.67000000e-04  1.61582125e-07 
 4.67100000e-04  1.73068353e-07 
 4.67200000e-04  1.72792916e-07 
 4.67300000e-04  1.72690990e-07 
 4.67400000e-04  1.72600646e-07 
 4.67500000e-04  1.72548668e-07 
 4.67600000e-04  1.58582625e-07 
 4.67700000e-04  1.58141760e-07 
 4.67800000e-04  1.57923962e-07 
 4.67900000e-04  1.57760417e-07 
 4.68000000e-04  1.57652646e-07 
 4.68100000e-04  1.73831111e-07 
 4.68200000e-04  1.73622542e-07 
 4.68300000e-04  1.73532931e-07 
 4.68400000e-04  1.73451615e-07 
 4.68500000e-04  1.73404267e-07 
 4.68600000e-04  1.60620976e-07 
 4.68700000e-04  1.60267542e-07 
 4.68800000e-04  1.60092449e-07 
 4.68900000e-04  1.59966308e-07 
 4.69000000e-04  1.59890476e-07 
 4.69100000e-04  1.73611556e-07 
 4.69200000e-04  1.73354204e-07 
 4.69300000e-04  1.73255746e-07 
 4.69400000e-04  1.73169306e-07 
 4.69500000e-04  1.73136453e-07 
 4.69600000e-04  1.59108568e-07 
 4.69700000e-04  1.58723979e-07 
 4.69800000e-04  1.58501291e-07 
 4.69900000e-04  1.58335467e-07 
 4.70000000e-04  1.58228112e-07 
 4.70100000e-04  1.76043968e-07 
 4.70200000e-04  1.75505473e-07 
 4.70300000e-04  1.75330298e-07 
 4.70400000e-04  1.75179626e-07 
 4.70500000e-04  1.75094763e-07 
 4.70600000e-04  1.66186713e-07 
 4.70700000e-04  1.65860009e-07 
 4.70800000e-04  1.65690145e-07 
 4.70900000e-04  1.65579577e-07 
 4.71000000e-04  1.65529986e-07 
 4.71100000e-04  1.72867065e-07 
 4.71200000e-04  1.72449380e-07 
 4.71300000e-04  1.72282197e-07 
 4.71400000e-04  1.72132248e-07 
 4.71500000e-04  1.72064389e-07 
 4.71600000e-04  1.58163788e-07 
 4.71700000e-04  1.57642609e-07 
 4.71800000e-04  1.57393847e-07 
 4.71900000e-04  1.57208661e-07 
 4.72000000e-04  1.57088866e-07 
 4.72100000e-04  1.73260244e-07 
 4.72200000e-04  1.73059139e-07 
 4.72300000e-04  1.72963007e-07 
 4.72400000e-04  1.72873877e-07 
 4.72500000e-04  1.72819521e-07 
 4.72600000e-04  1.60043924e-07 
 4.72700000e-04  1.59691840e-07 
 4.72800000e-04  1.59508219e-07 
 4.72900000e-04  1.59384311e-07 
 4.73000000e-04  1.59321811e-07 
 4.73100000e-04  1.72993199e-07 
 4.73200000e-04  1.72755697e-07 
 4.73300000e-04  1.72662021e-07 
 4.73400000e-04  1.72578008e-07 
 4.73500000e-04  1.72539406e-07 
 4.73600000e-04  1.58533642e-07 
 4.73700000e-04  1.58133216e-07 
 4.73800000e-04  1.57916974e-07 
 4.73900000e-04  1.57754317e-07 
 4.74000000e-04  1.57646742e-07 
 4.74100000e-04  1.74375231e-07 
 4.74200000e-04  1.74051231e-07 
 4.74300000e-04  1.73931635e-07 
 4.74400000e-04  1.73826270e-07 
 4.74500000e-04  1.73769586e-07 
 4.74600000e-04  1.62289209e-07 
 4.74700000e-04  1.61941715e-07 
 4.74800000e-04  1.61767711e-07 
 4.74900000e-04  1.61645679e-07 
 4.75000000e-04  1.61577066e-07 
 4.75100000e-04  1.73084904e-07 
 4.75200000e-04  1.72800686e-07 
 4.75300000e-04  1.72692379e-07 
 4.75400000e-04  1.72595877e-07 
 4.75500000e-04  1.72551941e-07 
 4.75600000e-04  1.58584988e-07 
 4.75700000e-04  1.58141519e-07 
 4.75800000e-04  1.57930146e-07 
 4.75900000e-04  1.57761133e-07 
 4.76000000e-04  1.57635615e-07 
 4.76100000e-04  1.73842879e-07 
 4.76200000e-04  1.73640160e-07 
 4.76300000e-04  1.73542328e-07 
 4.76400000e-04  1.73451733e-07 
 4.76500000e-04  1.73403629e-07 
 4.76600000e-04  1.60620869e-07 
 4.76700000e-04  1.60270535e-07 
 4.76800000e-04  1.60092881e-07 
 4.76900000e-04  1.59971103e-07 
 4.77000000e-04  1.59906765e-07 
 4.77100000e-04  1.73595500e-07 
 4.77200000e-04  1.73357105e-07 
 4.77300000e-04  1.73269569e-07 
 4.77400000e-04  1.73192829e-07 
 4.77500000e-04  1.73148870e-07 
 4.77600000e-04  1.59110385e-07 
 4.77700000e-04  1.58715432e-07 
 4.77800000e-04  1.58509033e-07 
 4.77900000e-04  1.58346900e-07 
 4.78000000e-04  1.58230225e-07 
 4.78100000e-04  1.75523024e-07 
 4.78200000e-04  1.75094986e-07 
 4.78300000e-04  1.74943954e-07 
 4.78400000e-04  1.74812123e-07 
 4.78500000e-04  1.74736190e-07 
 4.78600000e-04  1.64537345e-07 
 4.78700000e-04  1.64189810e-07 
 4.78800000e-04  1.64010962e-07 
 4.78900000e-04  1.63902248e-07 
 4.79000000e-04  1.63865682e-07 
 4.79100000e-04  1.73191222e-07 
 4.79200000e-04  1.72886466e-07 
 4.79300000e-04  1.72758231e-07 
 4.79400000e-04  1.72641211e-07 
 4.79500000e-04  1.72597981e-07 
 4.79600000e-04  1.58657171e-07 
 4.79700000e-04  1.58182302e-07 
 4.79800000e-04  1.57942628e-07 
 4.79900000e-04  1.57769510e-07 
 4.80000000e-04  1.57664847e-07 
 4.80100000e-04  1.73866787e-07 
 4.80200000e-04  1.73647907e-07 
 4.80300000e-04  1.73547749e-07 
 4.80400000e-04  1.73456640e-07 
 4.80500000e-04  1.73409758e-07 
 4.80600000e-04  1.60627429e-07 
 4.80700000e-04  1.60269660e-07 
 4.80800000e-04  1.60091922e-07 
 4.80900000e-04  1.59971182e-07 
 4.81000000e-04  1.59909039e-07 
 4.81100000e-04  1.73607925e-07 
 4.81200000e-04  1.73352797e-07 
 4.81300000e-04  1.73259835e-07 
 4.81400000e-04  1.73178523e-07 
 4.81500000e-04  1.73148772e-07 
 4.81600000e-04  1.59119424e-07 
 4.81700000e-04  1.58727234e-07 
 4.81800000e-04  1.58507101e-07 
 4.81900000e-04  1.58348133e-07 
 4.82000000e-04  1.58252057e-07 
 4.82100000e-04  1.74993880e-07 
 4.82200000e-04  1.74662073e-07 
 4.82300000e-04  1.74545025e-07 
 4.82400000e-04  1.74443483e-07 
 4.82500000e-04  1.74377250e-07 
 4.82600000e-04  1.62884519e-07 
 4.82700000e-04  1.62532845e-07 
 4.82800000e-04  1.62353074e-07 
 4.82900000e-04  1.62230957e-07 
 4.83000000e-04  1.62168114e-07 
 4.83100000e-04  1.73683723e-07 
 4.83200000e-04  1.73410181e-07 
 4.83300000e-04  1.73304147e-07 
 4.83400000e-04  1.73209086e-07 
 4.83500000e-04  1.73174435e-07 
 4.83600000e-04  1.59166452e-07 
 4.83700000e-04  1.58735383e-07 
 4.83800000e-04  1.58518088e-07 
 4.83900000e-04  1.58350891e-07 
 4.84000000e-04  1.58235167e-07 
 4.84100000e-04  1.74460890e-07 
 4.84200000e-04  1.74240480e-07 
 4.84300000e-04  1.74153830e-07 
 4.84400000e-04  1.74077404e-07 
 4.84500000e-04  1.74018625e-07 
 4.84600000e-04  1.61217892e-07 
 4.84700000e-04  1.60878204e-07 
 4.84800000e-04  1.60697553e-07 
 4.84900000e-04  1.60567252e-07 
 4.85000000e-04  1.60488685e-07 
 4.85100000e-04  1.74228867e-07 
 4.85200000e-04  1.73986354e-07 
 4.85300000e-04  1.73891289e-07 
 4.85400000e-04  1.73806304e-07 
 4.85500000e-04  1.73762404e-07 
 4.85600000e-04  1.59691600e-07 
 4.85700000e-04  1.59294786e-07 
 4.85800000e-04  1.59087438e-07 
 4.85900000e-04  1.58928984e-07 
 4.86000000e-04  1.58820765e-07 
 4.86100000e-04  1.77208326e-07 
 4.86200000e-04  1.76553947e-07 
 4.86300000e-04  1.76341160e-07 
 4.86400000e-04  1.76158087e-07 
 4.86500000e-04  1.76074298e-07 
 4.86600000e-04  1.68441369e-07 
 4.86700000e-04  1.68105413e-07 
 4.86800000e-04  1.67938830e-07 
 4.86900000e-04  1.67845206e-07 
 4.87000000e-04  1.67826638e-07 
 4.87100000e-04  1.73494849e-07 
 4.87200000e-04  1.72683000e-07 
 4.87300000e-04  1.72428043e-07 
 4.87400000e-04  1.72210856e-07 
 4.87500000e-04  1.72114883e-07 
 4.87600000e-04  1.58234152e-07 
 4.87700000e-04  1.57666632e-07 
 4.87800000e-04  1.57409432e-07 
 4.87900000e-04  1.57219531e-07 
 4.88000000e-04  1.57098849e-07 
 4.88100000e-04  1.73281056e-07 
 4.88200000e-04  1.73059822e-07 
 4.88300000e-04  1.72967833e-07 
 4.88400000e-04  1.72885280e-07 
 4.88500000e-04  1.72827852e-07 
 4.88600000e-04  1.60050427e-07 
 4.88700000e-04  1.59699205e-07 
 4.88800000e-04  1.59520097e-07 
 4.88900000e-04  1.59392528e-07 
 4.89000000e-04  1.59318180e-07 
 4.89100000e-04  1.73163924e-07 
 4.89200000e-04  1.72812063e-07 
 4.89300000e-04  1.72676009e-07 
 4.89400000e-04  1.72605994e-07 
 4.89500000e-04  1.72544968e-07 
 4.89600000e-04  1.58549032e-07 
 4.89700000e-04  1.58163496e-07 
 4.89800000e-04  1.57941782e-07 
 4.89900000e-04  1.57768485e-07 
 4.90000000e-04  1.57644955e-07 
 4.90100000e-04  1.74364892e-07 
 4.90200000e-04  1.74048666e-07 
 4.90300000e-04  1.73925330e-07 
 4.90400000e-04  1.73815064e-07 
 4.90500000e-04  1.73777214e-07 
 4.90600000e-04  1.62302305e-07 
 4.90700000e-04  1.61940875e-07 
 4.90800000e-04  1.61762166e-07 
 4.90900000e-04  1.61641117e-07 
 4.91000000e-04  1.61579393e-07 
 4.91100000e-04  1.73075031e-07 
 4.91200000e-04  1.72788963e-07 
 4.91300000e-04  1.72684477e-07 
 4.91400000e-04  1.72592075e-07 
 4.91500000e-04  1.72551335e-07 
 4.91600000e-04  1.58585763e-07 
 4.91700000e-04  1.58138792e-07 
 4.91800000e-04  1.57924314e-07 
 4.91900000e-04  1.57763573e-07 
 4.92000000e-04  1.57658132e-07 
 4.92100000e-04  1.73836107e-07 
 4.92200000e-04  1.73620593e-07 
 4.92300000e-04  1.73530687e-07 
 4.92400000e-04  1.73450201e-07 
 4.92500000e-04  1.73403202e-07 
 4.92600000e-04  1.60621276e-07 
 4.92700000e-04  1.60268021e-07 
 4.92800000e-04  1.60091218e-07 
 4.92900000e-04  1.59970278e-07 
 4.93000000e-04  1.59906854e-07 
 4.93100000e-04  1.73609254e-07 
 4.93200000e-04  1.73358165e-07 
 4.93300000e-04  1.73260565e-07 
 4.93400000e-04  1.73173974e-07 
 4.93500000e-04  1.73154042e-07 
 4.93600000e-04  1.59114777e-07 
 4.93700000e-04  1.58726801e-07 
 4.93800000e-04  1.58513520e-07 
 4.93900000e-04  1.58345327e-07 
 4.94000000e-04  1.58223678e-07 
 4.94100000e-04  1.75941395e-07 
 4.94200000e-04  1.75292594e-07 
 4.94300000e-04  1.75094101e-07 
 4.94400000e-04  1.75016503e-07 
 4.94500000e-04  1.74967230e-07 
 4.94600000e-04  1.64829278e-07 
 4.94700000e-04  1.64486105e-07 
 4.94800000e-04  1.64299305e-07 
 4.94900000e-04  1.64153505e-07 
 4.95000000e-04  1.64049926e-07 
 4.95100000e-04  1.73194839e-07 
 4.95200000e-04  1.72870868e-07 
 4.95300000e-04  1.72762518e-07 
 4.95400000e-04  1.72668592e-07 
 4.95500000e-04  1.72612299e-07 
 4.95600000e-04  1.58659072e-07 
 4.95700000e-04  1.58170973e-07 
 4.95800000e-04  1.57938043e-07 
 4.95900000e-04  1.57766083e-07 
 4.96000000e-04  1.57656970e-07 
 4.96100000e-04  1.73854784e-07 
 4.96200000e-04  1.73645115e-07 
 4.96300000e-04  1.73556228e-07 
 4.96400000e-04  1.73475981e-07 
 4.96500000e-04  1.73417300e-07 
 4.96600000e-04  1.60634107e-07 
 4.96700000e-04  1.60278288e-07 
 4.96800000e-04  1.60101617e-07 
 4.96900000e-04  1.59973616e-07 
 4.97000000e-04  1.59895787e-07 
 4.97100000e-04  1.73607626e-07 
 4.97200000e-04  1.73358294e-07 
 4.97300000e-04  1.73263689e-07 
 4.97400000e-04  1.73180410e-07 
 4.97500000e-04  1.73142820e-07 
 4.97600000e-04  1.59127473e-07 
 4.97700000e-04  1.58729214e-07 
 4.97800000e-04  1.58512007e-07 
 4.97900000e-04  1.58346310e-07 
 4.98000000e-04  1.58233743e-07 
 4.98100000e-04  1.74983068e-07 
 4.98200000e-04  1.74664786e-07 
 4.98300000e-04  1.74545314e-07 
 4.98400000e-04  1.74439391e-07 
 4.98500000e-04  1.74390001e-07 
 4.98600000e-04  1.62869746e-07 
 4.98700000e-04  1.62539573e-07 
 4.98800000e-04  1.62358431e-07 
 4.98900000e-04  1.62234480e-07 
 4.99000000e-04  1.62169533e-07 
 4.99100000e-04  1.73705681e-07 
 4.99200000e-04  1.73406458e-07 
 4.99300000e-04  1.73299592e-07 
 4.99400000e-04  1.73205968e-07 
 4.99500000e-04  1.73179314e-07 
 4.99600000e-04  1.59171136e-07 
 4.99700000e-04  1.58732585e-07 
 4.99800000e-04  1.58503319e-07 
 4.99900000e-04  1.58335920e-07 
 5.00000000e-04  1.58232349e-07 
 5.00100000e-04  1.74460290e-07 
 5.00200000e-04  1.74267807e-07 
 5.00300000e-04  1.74172298e-07 
 5.00400000e-04  1.74083372e-07 
 5.00500000e-04  1.74028837e-07 
 5.00600000e-04  1.61204226e-07 
 5.00700000e-04  1.60875613e-07 
 5.00800000e-04  1.60691924e-07 
 5.00900000e-04  1.60563316e-07 
 5.01000000e-04  1.60491534e-07 
 5.01100000e-04  1.74223032e-07 
 5.01200000e-04  1.73979025e-07 
 5.01300000e-04  1.73888756e-07 
 5.01400000e-04  1.73809308e-07 
 5.01500000e-04  1.73767939e-07 
 5.01600000e-04  1.59696154e-07 
 5.01700000e-04  1.59301895e-07 
 5.01800000e-04  1.59104436e-07 
 5.01900000e-04  1.58943999e-07 
 5.02000000e-04  1.58821760e-07 
 5.02100000e-04  1.76684288e-07 
 5.02200000e-04  1.76131581e-07 
 5.02300000e-04  1.75956412e-07 
 5.02400000e-04  1.75807333e-07 
 5.02500000e-04  1.75709880e-07 
 5.02600000e-04  1.66779052e-07 
 5.02700000e-04  1.66442449e-07 
 5.02800000e-04  1.66276921e-07 
 5.02900000e-04  1.66171717e-07 
 5.03000000e-04  1.66128753e-07 
 5.03100000e-04  1.73482665e-07 
 5.03200000e-04  1.73067266e-07 
 5.03300000e-04  1.72900324e-07 
 5.03400000e-04  1.72750251e-07 
 5.03500000e-04  1.72682596e-07 
 5.03600000e-04  1.58760618e-07 
 5.03700000e-04  1.58250144e-07 
 5.03800000e-04  1.58000876e-07 
 5.03900000e-04  1.57816640e-07 
 5.04000000e-04  1.57699498e-07 
 5.04100000e-04  1.73906349e-07 
 5.04200000e-04  1.73688199e-07 
 5.04300000e-04  1.73579280e-07 
 5.04400000e-04  1.73478133e-07 
 5.04500000e-04  1.73433089e-07 
 5.04600000e-04  1.60641373e-07 
 5.04700000e-04  1.60295880e-07 
 5.04800000e-04  1.60113609e-07 
 5.04900000e-04  1.59984959e-07 
 5.05000000e-04  1.59911630e-07 
 5.05100000e-04  1.73619264e-07 
 5.05200000e-04  1.73376372e-07 
 5.05300000e-04  1.73278882e-07 
 5.05400000e-04  1.73191746e-07 
 5.05500000e-04  1.73156568e-07 
 5.05600000e-04  1.59119298e-07 
 5.05700000e-04  1.58733902e-07 
 5.05800000e-04  1.58512371e-07 
 5.05900000e-04  1.58346612e-07 
 5.06000000e-04  1.58238396e-07 
 5.06100000e-04  1.75004976e-07 
 5.06200000e-04  1.74669860e-07 
 5.06300000e-04  1.74550360e-07 
 5.06400000e-04  1.74446443e-07 
 5.06500000e-04  1.74383369e-07 
 5.06600000e-04  1.62888039e-07 
 5.06700000e-04  1.62523368e-07 
 5.06800000e-04  1.62347332e-07 
 5.06900000e-04  1.62228819e-07 
 5.07000000e-04  1.62169654e-07 
 5.07100000e-04  1.73698330e-07 
 5.07200000e-04  1.73419486e-07 
 5.07300000e-04  1.73314490e-07 
 5.07400000e-04  1.73221154e-07 
 5.07500000e-04  1.73178789e-07 
 5.07600000e-04  1.59178895e-07 
 5.07700000e-04  1.58734807e-07 
 5.07800000e-04  1.58518340e-07 
 5.07900000e-04  1.58351454e-07 
 5.08000000e-04  1.58235722e-07 
 5.08100000e-04  1.74469286e-07 
 5.08200000e-04  1.74246529e-07 
 5.08300000e-04  1.74155962e-07 
 5.08400000e-04  1.74075397e-07 
 5.08500000e-04  1.74018305e-07 
 5.08600000e-04  1.61198737e-07 
 5.08700000e-04  1.60870342e-07 
 5.08800000e-04  1.60697897e-07 
 5.08900000e-04  1.60570520e-07 
 5.09000000e-04  1.60489638e-07 
 5.09100000e-04  1.74234708e-07 
 5.09200000e-04  1.73987357e-07 
 5.09300000e-04  1.73890937e-07 
 5.09400000e-04  1.73805477e-07 
 5.09500000e-04  1.73760872e-07 
 5.09600000e-04  1.59697877e-07 
 5.09700000e-04  1.59316333e-07 
 5.09800000e-04  1.59095711e-07 
 5.09900000e-04  1.58933882e-07 
 5.10000000e-04  1.58832712e-07 
 5.10100000e-04  1.76138734e-07 
 5.10200000e-04  1.75709875e-07 
 5.10300000e-04  1.75563423e-07 
 5.10400000e-04  1.75436381e-07 
 5.10500000e-04  1.75355713e-07 
 5.10600000e-04  1.65118707e-07 
 5.10700000e-04  1.64782016e-07 
 5.10800000e-04  1.64619407e-07 
 5.10900000e-04  1.64510008e-07 
 5.11000000e-04  1.64455508e-07 
 5.11100000e-04  1.73821818e-07 
 5.11200000e-04  1.73500787e-07 
 5.11300000e-04  1.73378336e-07 
 5.11400000e-04  1.73268912e-07 
 5.11500000e-04  1.73229434e-07 
 5.11600000e-04  1.59241896e-07 
 5.11700000e-04  1.58770154e-07 
 5.11800000e-04  1.58540067e-07 
 5.11900000e-04  1.58366002e-07 
 5.12000000e-04  1.58249738e-07 
 5.12100000e-04  1.74486874e-07 
 5.12200000e-04  1.74264831e-07 
 5.12300000e-04  1.74165989e-07 
 5.12400000e-04  1.74076065e-07 
 5.12500000e-04  1.74051767e-07 
 5.12600000e-04  1.61221201e-07 
 5.12700000e-04  1.60872466e-07 
 5.12800000e-04  1.60703102e-07 
 5.12900000e-04  1.60579558e-07 
 5.13000000e-04  1.60503286e-07 
 5.13100000e-04  1.74243786e-07 
 5.13200000e-04  1.73993174e-07 
 5.13300000e-04  1.73895536e-07 
 5.13400000e-04  1.73809191e-07 
 5.13500000e-04  1.73775910e-07 
 5.13600000e-04  1.59692973e-07 
 5.13700000e-04  1.59320114e-07 
 5.13800000e-04  1.59108829e-07 
 5.13900000e-04  1.58949484e-07 
 5.14000000e-04  1.58843727e-07 
 5.14100000e-04  1.75619419e-07 
 5.14200000e-04  1.75293673e-07 
 5.14300000e-04  1.75169654e-07 
 5.14400000e-04  1.75060020e-07 
 5.14500000e-04  1.75003350e-07 
 5.14600000e-04  1.63457187e-07 
 5.14700000e-04  1.63113799e-07 
 5.14800000e-04  1.62950822e-07 
 5.14900000e-04  1.62836328e-07 
 5.15000000e-04  1.62771855e-07 
 5.15100000e-04  1.74329370e-07 
 5.15200000e-04  1.74037461e-07 
 5.15300000e-04  1.73931684e-07 
 5.15400000e-04  1.73838978e-07 
 5.15500000e-04  1.73788177e-07 
 5.15600000e-04  1.59761749e-07 
 5.15700000e-04  1.59321777e-07 
 5.15800000e-04  1.59103167e-07 
 5.15900000e-04  1.58936949e-07 
 5.16000000e-04  1.58824784e-07 
 5.16100000e-04  1.75086259e-07 
 5.16200000e-04  1.74888426e-07 
 5.16300000e-04  1.74788059e-07 
 5.16400000e-04  1.74694327e-07 
 5.16500000e-04  1.74647183e-07 
 5.16600000e-04  1.61793288e-07 
 5.16700000e-04  1.61456927e-07 
 5.16800000e-04  1.61276724e-07 
 5.16900000e-04  1.61155959e-07 
 5.17000000e-04  1.61096520e-07 
 5.17100000e-04  1.74857089e-07 
 5.17200000e-04  1.74598055e-07 
 5.17300000e-04  1.74509649e-07 
 5.17400000e-04  1.74433632e-07 
 5.17500000e-04  1.74388511e-07 
 5.17600000e-04  1.60292199e-07 
 5.17700000e-04  1.59909980e-07 
 5.17800000e-04  1.59698365e-07 
 5.17900000e-04  1.59535696e-07 
 5.18000000e-04  1.59423526e-07 
 5.18100000e-04  1.88939367e-07 
 5.18200000e-04  1.86323051e-07 
 5.18300000e-04  1.85519108e-07 
 5.18400000e-04  1.85267643e-07 
 5.18500000e-04  1.85016178e-07 
 5.18600000e-04  1.75732781e-07 
 5.18700000e-04  1.74614434e-07 
 5.18800000e-04  1.74275977e-07 
 5.18900000e-04  1.74062626e-07 
 5.19000000e-04  1.73976633e-07 
 5.19100000e-04  1.71284342e-07 
 5.19200000e-04  1.70507767e-07 
 5.19300000e-04  1.70299505e-07 
 5.19400000e-04  1.70127808e-07 
 5.19500000e-04  1.70068750e-07 
 5.19600000e-04  1.57648091e-07 
 5.19700000e-04  1.56967636e-07 
 5.19800000e-04  1.56706979e-07 
 5.19900000e-04 -0.00000000e+00 
 5.20000000e-04  1.56574616e-07 
