 time            -i(vdd)        
 2.60000000e-04 -1.26577369e-04 
 2.60100000e-04  1.83721455e-07 
 2.60200000e-04  1.75016456e-07 
 2.60300000e-04  1.72693732e-07 
 2.60400000e-04  1.70735469e-07 
 2.60500000e-04  1.70077232e-07 
 2.60600000e-04  1.76681014e-07 
 2.60700000e-04  1.75910883e-07 
 2.60800000e-04  1.75485147e-07 
 2.60900000e-04  1.75138993e-07 
 2.61000000e-04  1.74874149e-07 
 2.61100000e-04  1.56450074e-07 
 2.61200000e-04  1.54081041e-07 
 2.61300000e-04  1.53474557e-07 
 2.61400000e-04  1.52984362e-07 
 2.61500000e-04  1.52783156e-07 
 2.61600000e-04  1.38889756e-07 
 2.61700000e-04  1.37638930e-07 
 2.61800000e-04  1.37195077e-07 
 2.61900000e-04  1.36877970e-07 
 2.62000000e-04  1.36691630e-07 
 2.62100000e-04  1.61884453e-07 
 2.62200000e-04  1.60618060e-07 
 2.62300000e-04  1.60336144e-07 
 2.62400000e-04  1.60132726e-07 
 2.62500000e-04  1.60042914e-07 
 2.62600000e-04  1.48509684e-07 
 2.62700000e-04  1.47915132e-07 
 2.62800000e-04  1.47635391e-07 
 2.62900000e-04  1.47422490e-07 
 2.63000000e-04  1.47277858e-07 
 2.63100000e-04  1.99994586e-07 
 2.63200000e-04  1.94213698e-07 
 2.63300000e-04  1.92920661e-07 
 2.63400000e-04  1.91922647e-07 
 2.63500000e-04  1.91648713e-07 
 2.63600000e-04  1.78205233e-07 
 2.63700000e-04  1.77563061e-07 
 2.63800000e-04  1.77242254e-07 
 2.63900000e-04  1.76998433e-07 
 2.64000000e-04  1.76834037e-07 
 2.64100000e-04  1.72666356e-07 
 2.64200000e-04  1.68076816e-07 
 2.64300000e-04  1.67029208e-07 
 2.64400000e-04  1.66212683e-07 
 2.64500000e-04  1.65971236e-07 
 2.64600000e-04  1.53750042e-07 
 2.64700000e-04  1.53123553e-07 
 2.64800000e-04  1.52824607e-07 
 2.64900000e-04  1.52592898e-07 
 2.65000000e-04  1.52430557e-07 
 2.65100000e-04  1.66020052e-07 
 2.65200000e-04  1.65521336e-07 
 2.65300000e-04  1.65363038e-07 
 2.65400000e-04  1.65227481e-07 
 2.65500000e-04  1.65173628e-07 
 2.65600000e-04  1.51582115e-07 
 2.65700000e-04  1.51146117e-07 
 2.65800000e-04  1.50915579e-07 
 2.65900000e-04  1.50742215e-07 
 2.66000000e-04  1.50627830e-07 
 2.66100000e-04  1.69188241e-07 
 2.66200000e-04  1.68435039e-07 
 2.66300000e-04  1.68216004e-07 
 2.66400000e-04  1.68122942e-07 
 2.66500000e-04  1.68070586e-07 
 2.66600000e-04  1.56537435e-07 
 2.66700000e-04  1.55976338e-07 
 2.66800000e-04  1.55702775e-07 
 2.66900000e-04  1.55502915e-07 
 2.67000000e-04  1.55378331e-07 
 2.67100000e-04  1.03753005e-04 
 2.67200000e-04  1.03752284e-04 
 2.67300000e-04  1.03752088e-04 
 2.67400000e-04  1.03751925e-04 
 2.67500000e-04  1.03751873e-04 
 2.67600000e-04  1.03738305e-04 
 2.67700000e-04  1.03737796e-04 
 2.67800000e-04  1.03737519e-04 
 2.67900000e-04  1.03737314e-04 
 2.68000000e-04  1.03737184e-04 
 2.68100000e-04  1.67541614e-07 
 2.68200000e-04  1.67317743e-07 
 2.68300000e-04  1.67240228e-07 
 2.68400000e-04  1.67173132e-07 
 2.68500000e-04  1.67127392e-07 
 2.68600000e-04  1.54744686e-07 
 2.68700000e-04  1.54322075e-07 
 2.68800000e-04  1.54118004e-07 
 2.68900000e-04  1.53975587e-07 
 2.69000000e-04  1.53896773e-07 
 2.69100000e-04  1.67258904e-07 
 2.69200000e-04  1.67057501e-07 
 2.69300000e-04  1.66978134e-07 
 2.69400000e-04  1.66906693e-07 
 2.69500000e-04  1.66875297e-07 
 2.69600000e-04  1.53197109e-07 
 2.69700000e-04  1.52758811e-07 
 2.69800000e-04  1.52514782e-07 
 2.69900000e-04  1.52329077e-07 
 2.70000000e-04  1.52203540e-07 
 2.70100000e-04  1.69158162e-07 
 2.70200000e-04  1.68773193e-07 
 2.70300000e-04  1.68640100e-07 
 2.70400000e-04  1.68523486e-07 
 2.70500000e-04  1.68467505e-07 
 2.70600000e-04  1.58591719e-07 
 2.70700000e-04  1.58219632e-07 
 2.70800000e-04  1.58016902e-07 
 2.70900000e-04  1.57882736e-07 
 2.71000000e-04  1.57819297e-07 
 2.71100000e-04  1.67261029e-07 
 2.71200000e-04  1.66691168e-07 
 2.71300000e-04  1.66523070e-07 
 2.71400000e-04  1.66380674e-07 
 2.71500000e-04  1.66326494e-07 
 2.71600000e-04  1.52699017e-07 
 2.71700000e-04  1.52196631e-07 
 2.71800000e-04  1.51922731e-07 
 2.71900000e-04  1.51727874e-07 
 2.72000000e-04  1.51614559e-07 
 2.72100000e-04  1.67470977e-07 
 2.72200000e-04  1.67296299e-07 
 2.72300000e-04  1.67214879e-07 
 2.72400000e-04  1.67139824e-07 
 2.72500000e-04  1.67104056e-07 
 2.72600000e-04  1.54655120e-07 
 2.72700000e-04  1.54255944e-07 
 2.72800000e-04  1.54053297e-07 
 2.72900000e-04  1.53911898e-07 
 2.73000000e-04  1.53833678e-07 
 2.73100000e-04  1.67206472e-07 
 2.73200000e-04  1.66997595e-07 
 2.73300000e-04  1.66919451e-07 
 2.73400000e-04  1.66850486e-07 
 2.73500000e-04  1.66835121e-07 
 2.73600000e-04  1.53132814e-07 
 2.73700000e-04  1.52692223e-07 
 2.73800000e-04  1.52462676e-07 
 2.73900000e-04  1.52280811e-07 
 2.74000000e-04  1.52148132e-07 
 2.74100000e-04  1.68590164e-07 
 2.74200000e-04  1.68291368e-07 
 2.74300000e-04  1.68191406e-07 
 2.74400000e-04  1.68105769e-07 
 2.74500000e-04  1.68042753e-07 
 2.74600000e-04  1.56896302e-07 
 2.74700000e-04  1.56509565e-07 
 2.74800000e-04  1.56299053e-07 
 2.74900000e-04  1.56157543e-07 
 2.75000000e-04  1.56087211e-07 
 2.75100000e-04  1.67289551e-07 
 2.75200000e-04  1.67040560e-07 
 2.75300000e-04  1.66947578e-07 
 2.75400000e-04  1.66865058e-07 
 2.75500000e-04  1.66837585e-07 
 2.75600000e-04  1.53161572e-07 
 2.75700000e-04  1.52701111e-07 
 2.75800000e-04  1.52452766e-07 
 2.75900000e-04  1.52268098e-07 
 2.76000000e-04  1.52149113e-07 
 2.76100000e-04  1.68039577e-07 
 2.76200000e-04  1.67866790e-07 
 2.76300000e-04  1.67788822e-07 
 2.76400000e-04  1.67717212e-07 
 2.76500000e-04  1.67677364e-07 
 2.76600000e-04  1.55209132e-07 
 2.76700000e-04  1.54817174e-07 
 2.76800000e-04  1.54618348e-07 
 2.76900000e-04  1.54478938e-07 
 2.77000000e-04  1.54400814e-07 
 2.77100000e-04  1.67810194e-07 
 2.77200000e-04  1.67582446e-07 
 2.77300000e-04  1.67514934e-07 
 2.77400000e-04  1.67459186e-07 
 2.77500000e-04  1.67427837e-07 
 2.77600000e-04  1.53693038e-07 
 2.77700000e-04  1.53257079e-07 
 2.77800000e-04  1.53032151e-07 
 2.77900000e-04  1.52860346e-07 
 2.78000000e-04  1.52743331e-07 
 2.78100000e-04  1.70248981e-07 
 2.78200000e-04  1.69735280e-07 
 2.78300000e-04  1.69581220e-07 
 2.78400000e-04  1.69451889e-07 
 2.78500000e-04  1.69384610e-07 
 2.78600000e-04  1.60774336e-07 
 2.78700000e-04  1.60386051e-07 
 2.78800000e-04  1.60202321e-07 
 2.78900000e-04  1.60084951e-07 
 2.79000000e-04  1.60036032e-07 
 2.79100000e-04  1.67435507e-07 
 2.79200000e-04  1.66760250e-07 
 2.79300000e-04  1.66565844e-07 
 2.79400000e-04  1.66403113e-07 
 2.79500000e-04  1.66329316e-07 
 2.79600000e-04  1.52747542e-07 
 2.79700000e-04  1.52177855e-07 
 2.79800000e-04  1.51903025e-07 
 2.79900000e-04  1.51707318e-07 
 2.80000000e-04  1.51593225e-07 
 2.80100000e-04  1.67452740e-07 
 2.80200000e-04  1.67266629e-07 
 2.80300000e-04  1.67186506e-07 
 2.80400000e-04  1.67114152e-07 
 2.80500000e-04  1.67086354e-07 
 2.80600000e-04  1.54631071e-07 
 2.80700000e-04  1.54233028e-07 
 2.80800000e-04  1.54030349e-07 
 2.80900000e-04  1.53883122e-07 
 2.81000000e-04  1.53793087e-07 
 2.81100000e-04  1.67192648e-07 
 2.81200000e-04  1.66972164e-07 
 2.81300000e-04  1.66903861e-07 
 2.81400000e-04  1.66846851e-07 
 2.81500000e-04  1.66801943e-07 
 2.81600000e-04  1.53109257e-07 
 2.81700000e-04  1.52678495e-07 
 2.81800000e-04  1.52431899e-07 
 2.81900000e-04  1.52248259e-07 
 2.82000000e-04  1.52129553e-07 
 2.82100000e-04  1.68551938e-07 
 2.82200000e-04  1.68262076e-07 
 2.82300000e-04  1.68159674e-07 
 2.82400000e-04  1.68070346e-07 
 2.82500000e-04  1.68034380e-07 
 2.82600000e-04  1.56863195e-07 
 2.82700000e-04  1.56480096e-07 
 2.82800000e-04  1.56273003e-07 
 2.82900000e-04  1.56136951e-07 
 2.83000000e-04  1.56074172e-07 
 2.83100000e-04  1.67269108e-07 
 2.83200000e-04  1.67008125e-07 
 2.83300000e-04  1.66918129e-07 
 2.83400000e-04  1.66840200e-07 
 2.83500000e-04  1.66808544e-07 
 2.83600000e-04  1.53143174e-07 
 2.83700000e-04  1.52682350e-07 
 2.83800000e-04  1.52431287e-07 
 2.83900000e-04  1.52246015e-07 
 2.84000000e-04  1.52128601e-07 
 2.84100000e-04  1.68031521e-07 
 2.84200000e-04  1.67847643e-07 
 2.84300000e-04  1.67774895e-07 
 2.84400000e-04  1.67710719e-07 
 2.84500000e-04  1.67658560e-07 
 2.84600000e-04  1.55202132e-07 
 2.84700000e-04  1.54819636e-07 
 2.84800000e-04  1.54612177e-07 
 2.84900000e-04  1.54466685e-07 
 2.85000000e-04  1.54385102e-07 
 2.85100000e-04  1.67800309e-07 
 2.85200000e-04  1.67577739e-07 
 2.85300000e-04  1.67503768e-07 
 2.85400000e-04  1.67440826e-07 
 2.85500000e-04  1.67394882e-07 
 2.85600000e-04  1.53685299e-07 
 2.85700000e-04  1.53242389e-07 
 2.85800000e-04  1.53016617e-07 
 2.85900000e-04  1.52840257e-07 
 2.86000000e-04  1.52714856e-07 
 2.86100000e-04  1.69692795e-07 
 2.86200000e-04  1.69299137e-07 
 2.86300000e-04  1.69165930e-07 
 2.86400000e-04  1.69050151e-07 
 2.86500000e-04  1.68999042e-07 
 2.86600000e-04  1.59090811e-07 
 2.86700000e-04  1.58727696e-07 
 2.86800000e-04  1.58525223e-07 
 2.86900000e-04  1.58392656e-07 
 2.87000000e-04  1.58332188e-07 
 2.87100000e-04  1.67385171e-07 
 2.87200000e-04  1.67092902e-07 
 2.87300000e-04  1.66988230e-07 
 2.87400000e-04  1.66895943e-07 
 2.87500000e-04  1.66874985e-07 
 2.87600000e-04  1.53221615e-07 
 2.87700000e-04  1.52712156e-07 
 2.87800000e-04  1.52455088e-07 
 2.87900000e-04  1.52267855e-07 
 2.88000000e-04  1.52152650e-07 
 2.88100000e-04  1.68049230e-07 
 2.88200000e-04  1.67859658e-07 
 2.88300000e-04  1.67784476e-07 
 2.88400000e-04  1.67717873e-07 
 2.88500000e-04  1.67669383e-07 
 2.88600000e-04  1.55188000e-07 
 2.88700000e-04  1.54815089e-07 
 2.88800000e-04  1.54608944e-07 
 2.88900000e-04  1.54461008e-07 
 2.89000000e-04  1.54373101e-07 
 2.89100000e-04  1.67790057e-07 
 2.89200000e-04  1.67579926e-07 
 2.89300000e-04  1.67503066e-07 
 2.89400000e-04  1.67435330e-07 
 2.89500000e-04  1.67413138e-07 
 2.89600000e-04  1.53692658e-07 
 2.89700000e-04  1.53259536e-07 
 2.89800000e-04  1.53023007e-07 
 2.89900000e-04  1.52840906e-07 
 2.90000000e-04  1.52714934e-07 
 2.90100000e-04  1.69161396e-07 
 2.90200000e-04  1.68888642e-07 
 2.90300000e-04  1.68780789e-07 
 2.90400000e-04  1.68683538e-07 
 2.90500000e-04  1.68648345e-07 
 2.90600000e-04  1.57445113e-07 
 2.90700000e-04  1.57062289e-07 
 2.90800000e-04  1.56857391e-07 
 2.90900000e-04  1.56722828e-07 
 2.91000000e-04  1.56660805e-07 
 2.91100000e-04  1.67871941e-07 
 2.91200000e-04  1.67625872e-07 
 2.91300000e-04  1.67540909e-07 
 2.91400000e-04  1.67466458e-07 
 2.91500000e-04  1.67424188e-07 
 2.91600000e-04  1.53735323e-07 
 2.91700000e-04  1.53274422e-07 
 2.91800000e-04  1.53029772e-07 
 2.91900000e-04  1.52845893e-07 
 2.92000000e-04  1.52724686e-07 
 2.92100000e-04  1.68646678e-07 
 2.92200000e-04  1.68461488e-07 
 2.92300000e-04  1.68388098e-07 
 2.92400000e-04  1.68322756e-07 
 2.92500000e-04  1.68270950e-07 
 2.92600000e-04  1.55764912e-07 
 2.92700000e-04  1.55401961e-07 
 2.92800000e-04  1.55194991e-07 
 2.92900000e-04  1.55054097e-07 
 2.93000000e-04  1.54981345e-07 
 2.93100000e-04  1.68418957e-07 
 2.93200000e-04  1.68199789e-07 
 2.93300000e-04  1.68120395e-07 
 2.93400000e-04  1.68050933e-07 
 2.93500000e-04  1.68025489e-07 
 2.93600000e-04  1.54268313e-07 
 2.93700000e-04  1.53834608e-07 
 2.93800000e-04  1.53605508e-07 
 2.93900000e-04  1.53430692e-07 
 2.94000000e-04  1.53311849e-07 
 2.94100000e-04  1.71374278e-07 
 2.94200000e-04  1.70767954e-07 
 2.94300000e-04  1.70574509e-07 
 2.94400000e-04  1.70407960e-07 
 2.94500000e-04  1.70336214e-07 
 2.94600000e-04  1.63012910e-07 
 2.94700000e-04  1.62620032e-07 
 2.94800000e-04  1.62445609e-07 
 2.94900000e-04  1.62335537e-07 
 2.95000000e-04  1.62291823e-07 
 2.95100000e-04  1.67722800e-07 
 2.95200000e-04  1.66861548e-07 
 2.95300000e-04  1.66621573e-07 
 2.95400000e-04  1.66421395e-07 
 2.95500000e-04  1.66339584e-07 
 2.95600000e-04  1.52784255e-07 
 2.95700000e-04  1.52186996e-07 
 2.95800000e-04  1.51911066e-07 
 2.95900000e-04  1.51706543e-07 
 2.96000000e-04  1.51575659e-07 
 2.96100000e-04  1.67456377e-07 
 2.96200000e-04  1.67287822e-07 
 2.96300000e-04  1.67203041e-07 
 2.96400000e-04  1.67123882e-07 
 2.96500000e-04  1.67072448e-07 
 2.96600000e-04  1.54620085e-07 
 2.96700000e-04  1.54221769e-07 
 2.96800000e-04  1.54025510e-07 
 2.96900000e-04  1.53885747e-07 
 2.97000000e-04  1.53804239e-07 
 2.97100000e-04  1.67188493e-07 
 2.97200000e-04  1.66975509e-07 
 2.97300000e-04  1.66900987e-07 
 2.97400000e-04  1.66836163e-07 
 2.97500000e-04  1.66794393e-07 
 2.97600000e-04  1.53096602e-07 
 2.97700000e-04  1.52669730e-07 
 2.97800000e-04  1.52426003e-07 
 2.97900000e-04  1.52241987e-07 
 2.98000000e-04  1.52119542e-07 
 2.98100000e-04  1.68544107e-07 
 2.98200000e-04  1.68261217e-07 
 2.98300000e-04  1.68156801e-07 
 2.98400000e-04  1.68064249e-07 
 2.98500000e-04  1.68030340e-07 
 2.98600000e-04  1.56863172e-07 
 2.98700000e-04  1.56459743e-07 
 2.98800000e-04  1.56261263e-07 
 2.98900000e-04  1.56126082e-07 
 2.99000000e-04  1.56056176e-07 
 2.99100000e-04  1.67260436e-07 
 2.99200000e-04  1.66994077e-07 
 2.99300000e-04  1.66911329e-07 
 2.99400000e-04  1.66841584e-07 
 2.99500000e-04  1.66800067e-07 
 2.99600000e-04  1.53147728e-07 
 2.99700000e-04  1.52671982e-07 
 2.99800000e-04  1.52423012e-07 
 2.99900000e-04  1.52241961e-07 
 3.00000000e-04  1.52130948e-07 
 3.00100000e-04  1.68018433e-07 
 3.00200000e-04  1.67849039e-07 
 3.00300000e-04  1.67769577e-07 
 3.00400000e-04  1.67696086e-07 
 3.00500000e-04  1.67649725e-07 
 3.00600000e-04  1.55170331e-07 
 3.00700000e-04  1.54804274e-07 
 3.00800000e-04  1.54608527e-07 
 3.00900000e-04  1.54460786e-07 
 3.01000000e-04  1.54362537e-07 
 3.01100000e-04  1.67782801e-07 
 3.01200000e-04  1.67566996e-07 
 3.01300000e-04  1.67490294e-07 
 3.01400000e-04  1.67423485e-07 
 3.01500000e-04  1.67389054e-07 
 3.01600000e-04  1.53669044e-07 
 3.01700000e-04  1.53236541e-07 
 3.01800000e-04  1.53003630e-07 
 3.01900000e-04  1.52829567e-07 
 3.02000000e-04  1.52716181e-07 
 3.02100000e-04  1.69689111e-07 
 3.02200000e-04  1.69295759e-07 
 3.02300000e-04  1.69156373e-07 
 3.02400000e-04  1.69033694e-07 
 3.02500000e-04  1.68997544e-07 
 3.02600000e-04  1.59107841e-07 
 3.02700000e-04  1.58716052e-07 
 3.02800000e-04  1.58517912e-07 
 3.02900000e-04  1.58391856e-07 
 3.03000000e-04  1.58340130e-07 
 3.03100000e-04  1.67361011e-07 
 3.03200000e-04  1.67070799e-07 
 3.03300000e-04  1.66979928e-07 
 3.03400000e-04  1.66902174e-07 
 3.03500000e-04  1.66854093e-07 
 3.03600000e-04  1.53219836e-07 
 3.03700000e-04  1.52706958e-07 
 3.03800000e-04  1.52454665e-07 
 3.03900000e-04  1.52265561e-07 
 3.04000000e-04  1.52141608e-07 
 3.04100000e-04  1.68041060e-07 
 3.04200000e-04  1.67856159e-07 
 3.04300000e-04  1.67776968e-07 
 3.04400000e-04  1.67705427e-07 
 3.04500000e-04  1.67660379e-07 
 3.04600000e-04  1.55194575e-07 
 3.04700000e-04  1.54801815e-07 
 3.04800000e-04  1.54597451e-07 
 3.04900000e-04  1.54457899e-07 
 3.05000000e-04  1.54385173e-07 
 3.05100000e-04  1.67780814e-07 
 3.05200000e-04  1.67580279e-07 
 3.05300000e-04  1.67506979e-07 
 3.05400000e-04  1.67442041e-07 
 3.05500000e-04  1.67403271e-07 
 3.05600000e-04  1.53677551e-07 
 3.05700000e-04  1.53256890e-07 
 3.05800000e-04  1.53021998e-07 
 3.05900000e-04  1.52838045e-07 
 3.06000000e-04  1.52706605e-07 
 3.06100000e-04  1.69155520e-07 
 3.06200000e-04  1.68869984e-07 
 3.06300000e-04  1.68764299e-07 
 3.06400000e-04  1.68670867e-07 
 3.06500000e-04  1.68633621e-07 
 3.06600000e-04  1.57432583e-07 
 3.06700000e-04  1.57054845e-07 
 3.06800000e-04  1.56856934e-07 
 3.06900000e-04  1.56721262e-07 
 3.07000000e-04  1.56649760e-07 
 3.07100000e-04  1.67864464e-07 
 3.07200000e-04  1.67616716e-07 
 3.07300000e-04  1.67531907e-07 
 3.07400000e-04  1.67457642e-07 
 3.07500000e-04  1.67420563e-07 
 3.07600000e-04  1.53717736e-07 
 3.07700000e-04  1.53269449e-07 
 3.07800000e-04  1.53021785e-07 
 3.07900000e-04  1.52835565e-07 
 3.08000000e-04  1.52712692e-07 
 3.08100000e-04  1.68640440e-07 
 3.08200000e-04  1.68449390e-07 
 3.08300000e-04  1.68374587e-07 
 3.08400000e-04  1.68308306e-07 
 3.08500000e-04  1.68280666e-07 
 3.08600000e-04  1.55767849e-07 
 3.08700000e-04  1.55379909e-07 
 3.08800000e-04  1.55181248e-07 
 3.08900000e-04  1.55044007e-07 
 3.09000000e-04  1.54970087e-07 
 3.09100000e-04  1.68411905e-07 
 3.09200000e-04  1.68175030e-07 
 3.09300000e-04  1.68101262e-07 
 3.09400000e-04  1.68039898e-07 
 3.09500000e-04  1.68007719e-07 
 3.09600000e-04  1.54253224e-07 
 3.09700000e-04  1.53826310e-07 
 3.09800000e-04  1.53599693e-07 
 3.09900000e-04  1.53425263e-07 
 3.10000000e-04  1.53304628e-07 
 3.10100000e-04  1.70845909e-07 
 3.10200000e-04  1.70325643e-07 
 3.10300000e-04  1.70168549e-07 
 3.10400000e-04  1.70036186e-07 
 3.10500000e-04  1.69981275e-07 
 3.10600000e-04  1.61340834e-07 
 3.10700000e-04  1.60969415e-07 
 3.10800000e-04  1.60775758e-07 
 3.10900000e-04  1.60654286e-07 
 3.11000000e-04  1.60607241e-07 
 3.11100000e-04  1.67656814e-07 
 3.11200000e-04  1.67273766e-07 
 3.11300000e-04  1.67129030e-07 
 3.11400000e-04  1.66999972e-07 
 3.11500000e-04  1.66927083e-07 
 3.11600000e-04  1.53317979e-07 
 3.11700000e-04  1.52759753e-07 
 3.11800000e-04  1.52484357e-07 
 3.11900000e-04  1.52282274e-07 
 3.12000000e-04  1.52155780e-07 
 3.12100000e-04  1.70011158e-07 
 3.12200000e-04  1.69507221e-07 
 3.12300000e-04  1.69322813e-07 
 3.12400000e-04  1.69243866e-07 
 3.12500000e-04  1.69165559e-07 
 3.12600000e-04  1.56212957e-07 
 3.12700000e-04  1.55672632e-07 
 3.12800000e-04  1.55411681e-07 
 3.12900000e-04  1.55221141e-07 
 3.13000000e-04  1.55102473e-07 
 3.13100000e-04  1.03754716e-04 
 3.13200000e-04  1.03754296e-04 
 3.13300000e-04  1.03754183e-04 
 3.13400000e-04  1.03754091e-04 
 3.13500000e-04  1.03754058e-04 
 3.13600000e-04  1.03740349e-04 
 3.13700000e-04  1.03739875e-04 
 3.13800000e-04  1.03739648e-04 
 3.13900000e-04  1.03739467e-04 
 3.14000000e-04  1.03739333e-04 
 3.14100000e-04  1.70335536e-07 
 3.14200000e-04  1.70002404e-07 
 3.14300000e-04  1.69884127e-07 
 3.14400000e-04  1.69780550e-07 
 3.14500000e-04  1.69746030e-07 
 3.14600000e-04  1.58539785e-07 
 3.14700000e-04  1.58132786e-07 
 3.14800000e-04  1.57939724e-07 
 3.14900000e-04  1.57812132e-07 
 3.15000000e-04  1.57752037e-07 
 3.15100000e-04  1.69013794e-07 
 3.15200000e-04  1.68774018e-07 
 3.15300000e-04  1.68685706e-07 
 3.15400000e-04  1.68606984e-07 
 3.15500000e-04  1.68574158e-07 
 3.15600000e-04  1.54807741e-07 
 3.15700000e-04  1.54339013e-07 
 3.15800000e-04  1.54099964e-07 
 3.15900000e-04  1.53925492e-07 
 3.16000000e-04  1.53817595e-07 
 3.16100000e-04  1.69802526e-07 
 3.16200000e-04  1.69623053e-07 
 3.16300000e-04  1.69538431e-07 
 3.16400000e-04  1.69460210e-07 
 3.16500000e-04  1.69419331e-07 
 3.16600000e-04  1.56843891e-07 
 3.16700000e-04  1.56474278e-07 
 3.16800000e-04  1.56279779e-07 
 3.16900000e-04  1.56138421e-07 
 3.17000000e-04  1.56051831e-07 
 3.17100000e-04  1.69550917e-07 
 3.17200000e-04  1.69330632e-07 
 3.17300000e-04  1.69247784e-07 
 3.17400000e-04  1.69174172e-07 
 3.17500000e-04  1.69150363e-07 
 3.17600000e-04  1.55335246e-07 
 3.17700000e-04  1.54907137e-07 
 3.17800000e-04  1.54684282e-07 
 3.17900000e-04  1.54512533e-07 
 3.18000000e-04  1.54393458e-07 
 3.18100000e-04  1.71471037e-07 
 3.18200000e-04  1.71059181e-07 
 3.18300000e-04  1.70918139e-07 
 3.18400000e-04  1.70795413e-07 
 3.18500000e-04  1.70749446e-07 
 3.18600000e-04  1.60759905e-07 
 3.18700000e-04  1.60368716e-07 
 3.18800000e-04  1.60189350e-07 
 3.18900000e-04  1.60071811e-07 
 3.19000000e-04  1.60018004e-07 
 3.19100000e-04  1.69145307e-07 
 3.19200000e-04  1.68851612e-07 
 3.19300000e-04  1.68747910e-07 
 3.19400000e-04  1.68656594e-07 
 3.19500000e-04  1.68601943e-07 
 3.19600000e-04  1.54873338e-07 
 3.19700000e-04  1.54385111e-07 
 3.19800000e-04  1.54130531e-07 
 3.19900000e-04  1.53938481e-07 
 3.20000000e-04  1.53810888e-07 
 3.20100000e-04  1.69815052e-07 
 3.20200000e-04  1.69630564e-07 
 3.20300000e-04  1.69537381e-07 
 3.20400000e-04  1.69450239e-07 
 3.20500000e-04  1.69427368e-07 
 3.20600000e-04  1.56840462e-07 
 3.20700000e-04  1.56475740e-07 
 3.20800000e-04  1.56279026e-07 
 3.20900000e-04  1.56141560e-07 
 3.21000000e-04  1.56065164e-07 
 3.21100000e-04  1.69571912e-07 
 3.21200000e-04  1.69327508e-07 
 3.21300000e-04  1.69252183e-07 
 3.21400000e-04  1.69189935e-07 
 3.21500000e-04  1.69156150e-07 
 3.21600000e-04  1.55332904e-07 
 3.21700000e-04  1.54923514e-07 
 3.21800000e-04  1.54690485e-07 
 3.21900000e-04  1.54516863e-07 
 3.22000000e-04  1.54404473e-07 
 3.22100000e-04  1.70935827e-07 
 3.22200000e-04  1.70634339e-07 
 3.22300000e-04  1.70528676e-07 
 3.22400000e-04  1.70436559e-07 
 3.22500000e-04  1.70379272e-07 
 3.22600000e-04  1.59094494e-07 
 3.22700000e-04  1.58718806e-07 
 3.22800000e-04  1.58533683e-07 
 3.22900000e-04  1.58405165e-07 
 3.23000000e-04  1.58334988e-07 
 3.23100000e-04  1.69654423e-07 
 3.23200000e-04  1.69380657e-07 
 3.23300000e-04  1.69281588e-07 
 3.23400000e-04  1.69194648e-07 
 3.23500000e-04  1.69162312e-07 
 3.23600000e-04  1.55378022e-07 
 3.23700000e-04  1.54932807e-07 
 3.23800000e-04  1.54687036e-07 
 3.23900000e-04  1.54507256e-07 
 3.24000000e-04  1.54395501e-07 
 3.24100000e-04  1.70411075e-07 
 3.24200000e-04  1.70211959e-07 
 3.24300000e-04  1.70133932e-07 
 3.24400000e-04  1.70064975e-07 
 3.24500000e-04  1.70019483e-07 
 3.24600000e-04  1.57413468e-07 
 3.24700000e-04  1.57045588e-07 
 3.24800000e-04  1.56854084e-07 
 3.24900000e-04  1.56721745e-07 
 3.25000000e-04  1.56650385e-07 
 3.25100000e-04  1.70175503e-07 
 3.25200000e-04  1.69954919e-07 
 3.25300000e-04  1.69866090e-07 
 3.25400000e-04  1.69786001e-07 
 3.25500000e-04  1.69765551e-07 
 3.25600000e-04  1.55906398e-07 
 3.25700000e-04  1.55515107e-07 
 3.25800000e-04  1.55282970e-07 
 3.25900000e-04  1.55106057e-07 
 3.26000000e-04  1.54986054e-07 
 3.26100000e-04  1.73664916e-07 
 3.26200000e-04  1.72943544e-07 
 3.26300000e-04  1.72722877e-07 
 3.26400000e-04  1.72535150e-07 
 3.26500000e-04  1.72448236e-07 
 3.26600000e-04  1.66314438e-07 
 3.26700000e-04  1.65953735e-07 
 3.26800000e-04  1.65786301e-07 
 3.26900000e-04  1.65683832e-07 
 3.27000000e-04  1.65648325e-07 
 3.27100000e-04  1.68945950e-07 
 3.27200000e-04  1.68004315e-07 
 3.27300000e-04  1.67759629e-07 
 3.27400000e-04  1.67559340e-07 
 3.27500000e-04  1.67490111e-07 
 3.27600000e-04  1.53885996e-07 
 3.27700000e-04  1.53254604e-07 
 3.27800000e-04  1.52978008e-07 
 3.27900000e-04  1.52779330e-07 
 3.28000000e-04  1.52660981e-07 
 3.28100000e-04  1.68598199e-07 
 3.28200000e-04  1.68414435e-07 
 3.28300000e-04  1.68325364e-07 
 3.28400000e-04  1.68242694e-07 
 3.28500000e-04  1.68205530e-07 
 3.28600000e-04  1.55677997e-07 
 3.28700000e-04  1.55303960e-07 
 3.28800000e-04  1.55102184e-07 
 3.28900000e-04  1.54958623e-07 
 3.29000000e-04  1.54875057e-07 
 3.29100000e-04  1.68320993e-07 
 3.29200000e-04  1.68096866e-07 
 3.29300000e-04  1.68019663e-07 
 3.29400000e-04  1.67953242e-07 
 3.29500000e-04  1.67913782e-07 
 3.29600000e-04  1.54168614e-07 
 3.29700000e-04  1.53741988e-07 
 3.29800000e-04  1.53502561e-07 
 3.29900000e-04  1.53325002e-07 
 3.30000000e-04  1.53211209e-07 
 3.30100000e-04  1.69699803e-07 
 3.30200000e-04  1.69405681e-07 
 3.30300000e-04  1.69297486e-07 
 3.30400000e-04  1.69202411e-07 
 3.30500000e-04  1.69143467e-07 
 3.30600000e-04  1.57924582e-07 
 3.30700000e-04  1.57534191e-07 
 3.30800000e-04  1.57342655e-07 
 3.30900000e-04  1.57208140e-07 
 3.31000000e-04  1.57132389e-07 
 3.31100000e-04  1.68390220e-07 
 3.31200000e-04  1.68130674e-07 
 3.31300000e-04  1.68042893e-07 
 3.31400000e-04  1.67966519e-07 
 3.31500000e-04  1.67945153e-07 
 3.31600000e-04  1.54207730e-07 
 3.31700000e-04  1.53734811e-07 
 3.31800000e-04  1.53494745e-07 
 3.31900000e-04  1.53314068e-07 
 3.32000000e-04  1.53194598e-07 
 3.32100000e-04  1.69165037e-07 
 3.32200000e-04  1.68970496e-07 
 3.32300000e-04  1.68895008e-07 
 3.32400000e-04  1.68828599e-07 
 3.32500000e-04  1.68781935e-07 
 3.32600000e-04  1.56244234e-07 
 3.32700000e-04  1.55865868e-07 
 3.32800000e-04  1.55671675e-07 
 3.32900000e-04  1.55534167e-07 
 3.33000000e-04  1.55455075e-07 
 3.33100000e-04  1.68918868e-07 
 3.33200000e-04  1.68712044e-07 
 3.33300000e-04  1.68633578e-07 
 3.33400000e-04  1.68563640e-07 
 3.33500000e-04  1.68519140e-07 
 3.33600000e-04  1.54728752e-07 
 3.33700000e-04  1.54305568e-07 
 3.33800000e-04  1.54078920e-07 
 3.33900000e-04  1.53910277e-07 
 3.34000000e-04  1.53801407e-07 
 3.34100000e-04  1.70827086e-07 
 3.34200000e-04  1.70430865e-07 
 3.34300000e-04  1.70299102e-07 
 3.34400000e-04  1.70185325e-07 
 3.34500000e-04  1.70119108e-07 
 3.34600000e-04  1.60165113e-07 
 3.34700000e-04  1.59774764e-07 
 3.34800000e-04  1.59586579e-07 
 3.34900000e-04  1.59464848e-07 
 3.35000000e-04  1.59411606e-07 
 3.35100000e-04  1.68510108e-07 
 3.35200000e-04  1.68206737e-07 
 3.35300000e-04  1.68103583e-07 
 3.35400000e-04  1.68013768e-07 
 3.35500000e-04  1.67981474e-07 
 3.35600000e-04  1.54275842e-07 
 3.35700000e-04  1.53786549e-07 
 3.35800000e-04  1.53532282e-07 
 3.35900000e-04  1.53338481e-07 
 3.36000000e-04  1.53206992e-07 
 3.36100000e-04  1.69183446e-07 
 3.36200000e-04  1.68998238e-07 
 3.36300000e-04  1.68914081e-07 
 3.36400000e-04  1.68837291e-07 
 3.36500000e-04  1.68786388e-07 
 3.36600000e-04  1.56250803e-07 
 3.36700000e-04  1.55885226e-07 
 3.36800000e-04  1.55684215e-07 
 3.36900000e-04  1.55543096e-07 
 3.37000000e-04  1.55463701e-07 
 3.37100000e-04  1.68933127e-07 
 3.37200000e-04  1.68700375e-07 
 3.37300000e-04  1.68623962e-07 
 3.37400000e-04  1.68559043e-07 
 3.37500000e-04  1.68527962e-07 
 3.37600000e-04  1.54736811e-07 
 3.37700000e-04  1.54313460e-07 
 3.37800000e-04  1.54083247e-07 
 3.37900000e-04  1.53906063e-07 
 3.38000000e-04  1.53783512e-07 
 3.38100000e-04  1.70310768e-07 
 3.38200000e-04  1.70013505e-07 
 3.38300000e-04  1.69896593e-07 
 3.38400000e-04  1.69791984e-07 
 3.38500000e-04  1.69760363e-07 
 3.38600000e-04  1.58486960e-07 
 3.38700000e-04  1.58128798e-07 
 3.38800000e-04  1.57932042e-07 
 3.38900000e-04  1.57794013e-07 
 3.39000000e-04  1.57716503e-07 
 3.39100000e-04  1.69011077e-07 
 3.39200000e-04  1.68754583e-07 
 3.39300000e-04  1.68668050e-07 
 3.39400000e-04  1.68592805e-07 
 3.39500000e-04  1.68540896e-07 
 3.39600000e-04  1.54788708e-07 
 3.39700000e-04  1.54342743e-07 
 3.39800000e-04  1.54093026e-07 
 3.39900000e-04  1.53907024e-07 
 3.40000000e-04  1.53786685e-07 
 3.40100000e-04  1.69783489e-07 
 3.40200000e-04  1.69593098e-07 
 3.40300000e-04  1.69514139e-07 
 3.40400000e-04  1.69443180e-07 
 3.40500000e-04  1.69402809e-07 
 3.40600000e-04  1.56829294e-07 
 3.40700000e-04  1.56455042e-07 
 3.40800000e-04  1.56254784e-07 
 3.40900000e-04  1.56115365e-07 
 3.41000000e-04  1.56038640e-07 
 3.41100000e-04  1.69538459e-07 
 3.41200000e-04  1.69312629e-07 
 3.41300000e-04  1.69232240e-07 
 3.41400000e-04  1.69162208e-07 
 3.41500000e-04  1.69132276e-07 
 3.41600000e-04  1.55318149e-07 
 3.41700000e-04  1.54893331e-07 
 3.41800000e-04  1.54677835e-07 
 3.41900000e-04  1.54510606e-07 
 3.42000000e-04  1.54393099e-07 
 3.42100000e-04  1.71983842e-07 
 3.42200000e-04  1.71473196e-07 
 3.42300000e-04  1.71306828e-07 
 3.42400000e-04  1.71163205e-07 
 3.42500000e-04  1.71100723e-07 
 3.42600000e-04  1.62417533e-07 
 3.42700000e-04  1.62033157e-07 
 3.42800000e-04  1.61847730e-07 
 3.42900000e-04  1.61733243e-07 
 3.43000000e-04  1.61691869e-07 
 3.43100000e-04  1.68787278e-07 
 3.43200000e-04  1.68404355e-07 
 3.43300000e-04  1.68258362e-07 
 3.43400000e-04  1.68127964e-07 
 3.43500000e-04  1.68060701e-07 
 3.43600000e-04  1.54383512e-07 
 3.43700000e-04  1.53836400e-07 
 3.43800000e-04  1.53565919e-07 
 3.43900000e-04  1.53366139e-07 
 3.44000000e-04  1.53239224e-07 
 3.44100000e-04  1.69213447e-07 
 3.44200000e-04  1.69027563e-07 
 3.44300000e-04  1.68937491e-07 
 3.44400000e-04  1.68854174e-07 
 3.44500000e-04  1.68818999e-07 
 3.44600000e-04  1.56264651e-07 
 3.44700000e-04  1.55881999e-07 
 3.44800000e-04  1.55688097e-07 
 3.44900000e-04  1.55551208e-07 
 3.45000000e-04  1.55473062e-07 
 3.45100000e-04  1.68951943e-07 
 3.45200000e-04  1.68714155e-07 
 3.45300000e-04  1.68637413e-07 
 3.45400000e-04  1.68572714e-07 
 3.45500000e-04  1.68538675e-07 
 3.45600000e-04  1.54749104e-07 
 3.45700000e-04  1.54334652e-07 
 3.45800000e-04  1.54090024e-07 
 3.45900000e-04  1.53914578e-07 
 3.46000000e-04  1.53810429e-07 
 3.46100000e-04  1.70318405e-07 
 3.46200000e-04  1.70007455e-07 
 3.46300000e-04  1.69905944e-07 
 3.46400000e-04  1.69819913e-07 
 3.46500000e-04  1.69756211e-07 
 3.46600000e-04  1.58491670e-07 
 3.46700000e-04  1.58111992e-07 
 3.46800000e-04  1.57934758e-07 
 3.46900000e-04  1.57810575e-07 
 3.47000000e-04  1.57741045e-07 
 3.47100000e-04  1.69019283e-07 
 3.47200000e-04  1.68751363e-07 
 3.47300000e-04  1.68663676e-07 
 3.47400000e-04  1.68588494e-07 
 3.47500000e-04  1.68546625e-07 
 3.47600000e-04  1.54792321e-07 
 3.47700000e-04  1.54329374e-07 
 3.47800000e-04  1.54087201e-07 
 3.47900000e-04  1.53911712e-07 
 3.48000000e-04  1.53804939e-07 
 3.48100000e-04  1.69781145e-07 
 3.48200000e-04  1.69601455e-07 
 3.48300000e-04  1.69519526e-07 
 3.48400000e-04  1.69444133e-07 
 3.48500000e-04  1.69393417e-07 
 3.48600000e-04  1.56825718e-07 
 3.48700000e-04  1.56451891e-07 
 3.48800000e-04  1.56264464e-07 
 3.48900000e-04  1.56128232e-07 
 3.49000000e-04  1.56044734e-07 
 3.49100000e-04  1.69543295e-07 
 3.49200000e-04  1.69324825e-07 
 3.49300000e-04  1.69248929e-07 
 3.49400000e-04  1.69182723e-07 
 3.49500000e-04  1.69132420e-07 
 3.49600000e-04  1.55330991e-07 
 3.49700000e-04  1.54892147e-07 
 3.49800000e-04  1.54679469e-07 
 3.49900000e-04  1.54512659e-07 
 3.50000000e-04  1.54393089e-07 
 3.50100000e-04  1.71449892e-07 
 3.50200000e-04  1.71050674e-07 
 3.50300000e-04  1.70914629e-07 
 3.50400000e-04  1.70795925e-07 
 3.50500000e-04  1.70745713e-07 
 3.50600000e-04  1.60755296e-07 
 3.50700000e-04  1.60385175e-07 
 3.50800000e-04  1.60194414e-07 
 3.50900000e-04  1.60066294e-07 
 3.51000000e-04  1.60002717e-07 
 3.51100000e-04  1.69135697e-07 
 3.51200000e-04  1.68833221e-07 
 3.51300000e-04  1.68724471e-07 
 3.51400000e-04  1.68628415e-07 
 3.51500000e-04  1.68608896e-07 
 3.51600000e-04  1.54870755e-07 
 3.51700000e-04  1.54374758e-07 
 3.51800000e-04  1.54118336e-07 
 3.51900000e-04  1.53931696e-07 
 3.52000000e-04  1.53816968e-07 
 3.52100000e-04  1.69805847e-07 
 3.52200000e-04  1.69603198e-07 
 3.52300000e-04  1.69520263e-07 
 3.52400000e-04  1.69446443e-07 
 3.52500000e-04  1.69407794e-07 
 3.52600000e-04  1.56845871e-07 
 3.52700000e-04  1.56469453e-07 
 3.52800000e-04  1.56276202e-07 
 3.52900000e-04  1.56140989e-07 
 3.53000000e-04  1.56065564e-07 
 3.53100000e-04  1.69547005e-07 
 3.53200000e-04  1.69314806e-07 
 3.53300000e-04  1.69238098e-07 
 3.53400000e-04  1.69172488e-07 
 3.53500000e-04  1.69152043e-07 
 3.53600000e-04  1.55317099e-07 
 3.53700000e-04  1.54914560e-07 
 3.53800000e-04  1.54678187e-07 
 3.53900000e-04  1.54502700e-07 
 3.54000000e-04  1.54389943e-07 
 3.54100000e-04  1.70930244e-07 
 3.54200000e-04  1.70626509e-07 
 3.54300000e-04  1.70518858e-07 
 3.54400000e-04  1.70424872e-07 
 3.54500000e-04  1.70379207e-07 
 3.54600000e-04  1.59082100e-07 
 3.54700000e-04  1.58709813e-07 
 3.54800000e-04  1.58527878e-07 
 3.54900000e-04  1.58400537e-07 
 3.55000000e-04  1.58329428e-07 
 3.55100000e-04  1.69629775e-07 
 3.55200000e-04  1.69382598e-07 
 3.55300000e-04  1.69285590e-07 
 3.55400000e-04  1.69197932e-07 
 3.55500000e-04  1.69171059e-07 
 3.55600000e-04  1.55376618e-07 
 3.55700000e-04  1.54929347e-07 
 3.55800000e-04  1.54689304e-07 
 3.55900000e-04  1.54507081e-07 
 3.56000000e-04  1.54384422e-07 
 3.56100000e-04  1.70396741e-07 
 3.56200000e-04  1.70211026e-07 
 3.56300000e-04  1.70132985e-07 
 3.56400000e-04  1.70062538e-07 
 3.56500000e-04  1.70020256e-07 
 3.56600000e-04  1.57415538e-07 
 3.56700000e-04  1.57046813e-07 
 3.56800000e-04  1.56847773e-07 
 3.56900000e-04  1.56709073e-07 
 3.57000000e-04  1.56632534e-07 
 3.57100000e-04  1.70178533e-07 
 3.57200000e-04  1.69934926e-07 
 3.57300000e-04  1.69858995e-07 
 3.57400000e-04  1.69795870e-07 
 3.57500000e-04  1.69771007e-07 
 3.57600000e-04  1.55907858e-07 
 3.57700000e-04  1.55503625e-07 
 3.57800000e-04  1.55269154e-07 
 3.57900000e-04  1.55094332e-07 
 3.58000000e-04  1.54980960e-07 
 3.58100000e-04  1.73133106e-07 
 3.58200000e-04  1.72524616e-07 
 3.58300000e-04  1.72329008e-07 
 3.58400000e-04  1.72160312e-07 
 3.58500000e-04  1.72082928e-07 
 3.58600000e-04  1.64648208e-07 
 3.58700000e-04  1.64278757e-07 
 3.58800000e-04  1.64103585e-07 
 3.58900000e-04  1.64000577e-07 
 3.59000000e-04  1.63971931e-07 
 3.59100000e-04  1.69437029e-07 
 3.59200000e-04  1.68653043e-07 
 3.59300000e-04  1.68404104e-07 
 3.59400000e-04  1.68190991e-07 
 3.59500000e-04  1.68098849e-07 
 3.59600000e-04  1.54450501e-07 
 3.59700000e-04  1.53864715e-07 
 3.59800000e-04  1.53585140e-07 
 3.59900000e-04  1.53378932e-07 
 3.60000000e-04  1.53248326e-07 
 3.60100000e-04  1.69220268e-07 
 3.60200000e-04  1.69041092e-07 
 3.60300000e-04  1.68949774e-07 
 3.60400000e-04  1.68864305e-07 
 3.60500000e-04  1.68823741e-07 
 3.60600000e-04  1.56265001e-07 
 3.60700000e-04  1.55885255e-07 
 3.60800000e-04  1.55696586e-07 
 3.60900000e-04  1.55559214e-07 
 3.61000000e-04  1.55474673e-07 
 3.61100000e-04  1.68958155e-07 
 3.61200000e-04  1.68730574e-07 
 3.61300000e-04  1.68651081e-07 
 3.61400000e-04  1.68582041e-07 
 3.61500000e-04  1.68554651e-07 
 3.61600000e-04  1.54740790e-07 
 3.61700000e-04  1.54318815e-07 
 3.61800000e-04  1.54092124e-07 
 3.61900000e-04  1.53922807e-07 
 3.62000000e-04  1.53812586e-07 
 3.62100000e-04  1.70321430e-07 
 3.62200000e-04  1.70036661e-07 
 3.62300000e-04  1.69924877e-07 
 3.62400000e-04  1.69824928e-07 
 3.62500000e-04  1.69765758e-07 
 3.62600000e-04  1.58503640e-07 
 3.62700000e-04  1.58142866e-07 
 3.62800000e-04  1.57948272e-07 
 3.62900000e-04  1.57809493e-07 
 3.63000000e-04  1.57728202e-07 
 3.63100000e-04  1.69017594e-07 
 3.63200000e-04  1.68752921e-07 
 3.63300000e-04  1.68666642e-07 
 3.63400000e-04  1.68592550e-07 
 3.63500000e-04  1.68545480e-07 
 3.63600000e-04  1.54801225e-07 
 3.63700000e-04  1.54345343e-07 
 3.63800000e-04  1.54091148e-07 
 3.63900000e-04  1.53907646e-07 
 3.64000000e-04  1.53796979e-07 
 3.64100000e-04  1.69785174e-07 
 3.64200000e-04  1.69608789e-07 
 3.64300000e-04  1.69518567e-07 
 3.64400000e-04  1.69433940e-07 
 3.64500000e-04  1.69394086e-07 
 3.64600000e-04  1.56833282e-07 
 3.64700000e-04  1.56456269e-07 
 3.64800000e-04  1.56264887e-07 
 3.64900000e-04  1.56130804e-07 
 3.65000000e-04  1.56055735e-07 
 3.65100000e-04  1.69541015e-07 
 3.65200000e-04  1.69319490e-07 
 3.65300000e-04  1.69239080e-07 
 3.65400000e-04  1.69168615e-07 
 3.65500000e-04  1.69144266e-07 
 3.65600000e-04  1.55331467e-07 
 3.65700000e-04  1.54896182e-07 
 3.65800000e-04  1.54668696e-07 
 3.65900000e-04  1.54501015e-07 
 3.66000000e-04  1.54394938e-07 
 3.66100000e-04  1.71451912e-07 
 3.66200000e-04  1.71055834e-07 
 3.66300000e-04  1.70918715e-07 
 3.66400000e-04  1.70798574e-07 
 3.66500000e-04  1.70732714e-07 
 3.66600000e-04  1.60749608e-07 
 3.66700000e-04  1.60378113e-07 
 3.66800000e-04  1.60183692e-07 
 3.66900000e-04  1.60056951e-07 
 3.67000000e-04  1.59999937e-07 
 3.67100000e-04  1.69143394e-07 
 3.67200000e-04  1.68844623e-07 
 3.67300000e-04  1.68737262e-07 
 3.67400000e-04  1.68642661e-07 
 3.67500000e-04  1.68603222e-07 
 3.67600000e-04  1.54870937e-07 
 3.67700000e-04  1.54355898e-07 
 3.67800000e-04  1.54105856e-07 
 3.67900000e-04  1.53924492e-07 
 3.68000000e-04  1.53813883e-07 
 3.68100000e-04  1.69808318e-07 
 3.68200000e-04  1.69629540e-07 
 3.68300000e-04  1.69544142e-07 
 3.68400000e-04  1.69465314e-07 
 3.68500000e-04  1.69422868e-07 
 3.68600000e-04  1.56851049e-07 
 3.68700000e-04  1.56466947e-07 
 3.68800000e-04  1.56277297e-07 
 3.68900000e-04  1.56135939e-07 
 3.69000000e-04  1.56044303e-07 
 3.69100000e-04  1.69564759e-07 
 3.69200000e-04  1.69330887e-07 
 3.69300000e-04  1.69246919e-07 
 3.69400000e-04  1.69173831e-07 
 3.69500000e-04  1.69143516e-07 
 3.69600000e-04  1.55334955e-07 
 3.69700000e-04  1.54913748e-07 
 3.69800000e-04  1.54680560e-07 
 3.69900000e-04  1.54505513e-07 
 3.70000000e-04  1.54390349e-07 
 3.70100000e-04  1.70945039e-07 
 3.70200000e-04  1.70642814e-07 
 3.70300000e-04  1.70531784e-07 
 3.70400000e-04  1.70434232e-07 
 3.70500000e-04  1.70379717e-07 
 3.70600000e-04  1.59088097e-07 
 3.70700000e-04  1.58705141e-07 
 3.70800000e-04  1.58521781e-07 
 3.70900000e-04  1.58391526e-07 
 3.71000000e-04  1.58315954e-07 
 3.71100000e-04  1.69631540e-07 
 3.71200000e-04  1.69372132e-07 
 3.71300000e-04  1.69286807e-07 
 3.71400000e-04  1.69212996e-07 
 3.71500000e-04  1.69165560e-07 
 3.71600000e-04  1.55383957e-07 
 3.71700000e-04  1.54930326e-07 
 3.71800000e-04  1.54679557e-07 
 3.71900000e-04  1.54500426e-07 
 3.72000000e-04  1.54395099e-07 
 3.72100000e-04  1.70415339e-07 
 3.72200000e-04  1.70229466e-07 
 3.72300000e-04  1.70144386e-07 
 3.72400000e-04  1.70066545e-07 
 3.72500000e-04  1.70016703e-07 
 3.72600000e-04  1.57430681e-07 
 3.72700000e-04  1.57054145e-07 
 3.72800000e-04  1.56855955e-07 
 3.72900000e-04  1.56713951e-07 
 3.73000000e-04  1.56629808e-07 
 3.73100000e-04  1.70175954e-07 
 3.73200000e-04  1.69938922e-07 
 3.73300000e-04  1.69860437e-07 
 3.73400000e-04  1.69793444e-07 
 3.73500000e-04  1.69753047e-07 
 3.73600000e-04  1.55923187e-07 
 3.73700000e-04  1.55492626e-07 
 3.73800000e-04  1.55276066e-07 
 3.73900000e-04  1.55104005e-07 
 3.74000000e-04  1.54977744e-07 
 3.74100000e-04  1.72607865e-07 
 3.74200000e-04  1.72093946e-07 
 3.74300000e-04  1.71930978e-07 
 3.74400000e-04  1.71791360e-07 
 3.74500000e-04  1.71718883e-07 
 3.74600000e-04  1.63008575e-07 
 3.74700000e-04  1.62627329e-07 
 3.74800000e-04  1.62450209e-07 
 3.74900000e-04  1.62337551e-07 
 3.75000000e-04  1.62291288e-07 
 3.75100000e-04  1.69425406e-07 
 3.75200000e-04  1.69029548e-07 
 3.75300000e-04  1.68879666e-07 
 3.75400000e-04  1.68746275e-07 
 3.75500000e-04  1.68677301e-07 
 3.75600000e-04  1.54973017e-07 
 3.75700000e-04  1.54412245e-07 
 3.75800000e-04  1.54163604e-07 
 3.75900000e-04  1.53974780e-07 
 3.76000000e-04  1.53847559e-07 
 3.76100000e-04  1.69840727e-07 
 3.76200000e-04  1.69642199e-07 
 3.76300000e-04  1.69550631e-07 
 3.76400000e-04  1.69466802e-07 
 3.76500000e-04  1.69418599e-07 
 3.76600000e-04  1.56857977e-07 
 3.76700000e-04  1.56466940e-07 
 3.76800000e-04  1.56275918e-07 
 3.76900000e-04  1.56143504e-07 
 3.77000000e-04  1.56071449e-07 
 3.77100000e-04  1.69561655e-07 
 3.77200000e-04  1.69339510e-07 
 3.77300000e-04  1.69256212e-07 
 3.77400000e-04  1.69182260e-07 
 3.77500000e-04  1.69149750e-07 
 3.77600000e-04  1.55333186e-07 
 3.77700000e-04  1.54901797e-07 
 3.77800000e-04  1.54674058e-07 
 3.77900000e-04  1.54503642e-07 
 3.78000000e-04  1.54392255e-07 
 3.78100000e-04  1.70935920e-07 
 3.78200000e-04  1.70639944e-07 
 3.78300000e-04  1.70530248e-07 
 3.78400000e-04  1.70433293e-07 
 3.78500000e-04  1.70383573e-07 
 3.78600000e-04  1.59106524e-07 
 3.78700000e-04  1.58714916e-07 
 3.78800000e-04  1.58526129e-07 
 3.78900000e-04  1.58398327e-07 
 3.79000000e-04  1.58333330e-07 
 3.79100000e-04  1.69632212e-07 
 3.79200000e-04  1.69370216e-07 
 3.79300000e-04  1.69278565e-07 
 3.79400000e-04  1.69198353e-07 
 3.79500000e-04  1.69166347e-07 
 3.79600000e-04  1.55392280e-07 
 3.79700000e-04  1.54914614e-07 
 3.79800000e-04  1.54687005e-07 
 3.79900000e-04  1.54515281e-07 
 3.80000000e-04  1.54401102e-07 
 3.80100000e-04  1.70418283e-07 
 3.80200000e-04  1.70218288e-07 
 3.80300000e-04  1.70133551e-07 
 3.80400000e-04  1.70057579e-07 
 3.80500000e-04  1.70022945e-07 
 3.80600000e-04  1.57432388e-07 
 3.80700000e-04  1.57050325e-07 
 3.80800000e-04  1.56850825e-07 
 3.80900000e-04  1.56714644e-07 
 3.81000000e-04  1.56643678e-07 
 3.81100000e-04  1.70169218e-07 
 3.81200000e-04  1.69947097e-07 
 3.81300000e-04  1.69868445e-07 
 3.81400000e-04  1.69800051e-07 
 3.81500000e-04  1.69752424e-07 
 3.81600000e-04  1.55919787e-07 
 3.81700000e-04  1.55489047e-07 
 3.81800000e-04  1.55263561e-07 
 3.81900000e-04  1.55091746e-07 
 3.82000000e-04  1.54975190e-07 
 3.82100000e-04  1.72081007e-07 
 3.82200000e-04  1.71686999e-07 
 3.82300000e-04  1.71543662e-07 
 3.82400000e-04  1.71416309e-07 
 3.82500000e-04  1.71355215e-07 
 3.82600000e-04  1.61343295e-07 
 3.82700000e-04  1.60963079e-07 
 3.82800000e-04  1.60780993e-07 
 3.82900000e-04  1.60665573e-07 
 3.83000000e-04  1.60618816e-07 
 3.83100000e-04  1.69763209e-07 
 3.83200000e-04  1.69459739e-07 
 3.83300000e-04  1.69352048e-07 
 3.83400000e-04  1.69257325e-07 
 3.83500000e-04  1.69217400e-07 
 3.83600000e-04  1.55454357e-07 
 3.83700000e-04  1.54946876e-07 
 3.83800000e-04  1.54701020e-07 
 3.83900000e-04  1.54520439e-07 
 3.84000000e-04  1.54407086e-07 
 3.84100000e-04  1.70423050e-07 
 3.84200000e-04  1.70244702e-07 
 3.84300000e-04  1.70158589e-07 
 3.84400000e-04  1.70078505e-07 
 3.84500000e-04  1.70031136e-07 
 3.84600000e-04  1.57438891e-07 
 3.84700000e-04  1.57058903e-07 
 3.84800000e-04  1.56873005e-07 
 3.84900000e-04  1.56738113e-07 
 3.85000000e-04  1.56655728e-07 
 3.85100000e-04  1.70182360e-07 
 3.85200000e-04  1.69957983e-07 
 3.85300000e-04  1.69871303e-07 
 3.85400000e-04  1.69794138e-07 
 3.85500000e-04  1.69761708e-07 
 3.85600000e-04  1.55925309e-07 
 3.85700000e-04  1.55492257e-07 
 3.85800000e-04  1.55274827e-07 
 3.85900000e-04  1.55104858e-07 
 3.86000000e-04  1.54983738e-07 
 3.86100000e-04  1.71553282e-07 
 3.86200000e-04  1.71260783e-07 
 3.86300000e-04  1.71144252e-07 
 3.86400000e-04  1.71039438e-07 
 3.86500000e-04  1.71004653e-07 
 3.86600000e-04  1.59681914e-07 
 3.86700000e-04  1.59299806e-07 
 3.86800000e-04  1.59104771e-07 
 3.86900000e-04  1.58975836e-07 
 3.87000000e-04  1.58914981e-07 
 3.87100000e-04  1.70262839e-07 
 3.87200000e-04  1.69990968e-07 
 3.87300000e-04  1.69900371e-07 
 3.87400000e-04  1.69822286e-07 
 3.87500000e-04  1.69797518e-07 
 3.87600000e-04  1.55975722e-07 
 3.87700000e-04  1.55513120e-07 
 3.87800000e-04  1.55275309e-07 
 3.87900000e-04  1.55103844e-07 
 3.88000000e-04  1.55000707e-07 
 3.88100000e-04  1.71029768e-07 
 3.88200000e-04  1.70842698e-07 
 3.88300000e-04  1.70756105e-07 
 3.88400000e-04  1.70676525e-07 
 3.88500000e-04  1.70626303e-07 
 3.88600000e-04  1.58012567e-07 
 3.88700000e-04  1.57649743e-07 
 3.88800000e-04  1.57444433e-07 
 3.88900000e-04  1.57305669e-07 
 3.89000000e-04  1.57235439e-07 
 3.89100000e-04  1.70811727e-07 
 3.89200000e-04  1.70571874e-07 
 3.89300000e-04  1.70486485e-07 
 3.89400000e-04  1.70412471e-07 
 3.89500000e-04  1.70381515e-07 
 3.89600000e-04  1.56503667e-07 
 3.89700000e-04  1.56084362e-07 
 3.89800000e-04  1.55870366e-07 
 3.89900000e-04  1.55702415e-07 
 3.90000000e-04  1.55581843e-07 
 3.90100000e-04  1.74834991e-07 
 3.90200000e-04  1.73987518e-07 
 3.90300000e-04  1.73734751e-07 
 3.90400000e-04  1.73521532e-07 
 3.90500000e-04  1.73423334e-07 
 3.90600000e-04  1.68577173e-07 
 3.90700000e-04  1.68194489e-07 
 3.90800000e-04  1.68035184e-07 
 3.90900000e-04  1.67944191e-07 
 3.91000000e-04  1.67923552e-07 
 3.91100000e-04  1.69026511e-07 
 3.91200000e-04  1.68061245e-07 
 3.91300000e-04  1.67801149e-07 
 3.91400000e-04  1.67585251e-07 
 3.91500000e-04  1.67498660e-07 
 3.91600000e-04  1.53956457e-07 
 3.91700000e-04  1.53277168e-07 
 3.91800000e-04  1.52988421e-07 
 3.91900000e-04  1.52781926e-07 
 3.92000000e-04  1.52660164e-07 
 3.92100000e-04  1.68605440e-07 
 3.92200000e-04  1.68427306e-07 
 3.92300000e-04  1.68336360e-07 
 3.92400000e-04  1.68251418e-07 
 3.92500000e-04  1.68212013e-07 
 3.92600000e-04  1.55680233e-07 
 3.92700000e-04  1.55290024e-07 
 3.92800000e-04  1.55105669e-07 
 3.92900000e-04  1.54972729e-07 
 3.93000000e-04  1.54892707e-07 
 3.93100000e-04  1.68324289e-07 
 3.93200000e-04  1.68106622e-07 
 3.93300000e-04  1.68027021e-07 
 3.93400000e-04  1.67956812e-07 
 3.93500000e-04  1.67922372e-07 
 3.93600000e-04  1.54153624e-07 
 3.93700000e-04  1.53731201e-07 
 3.93800000e-04  1.53497385e-07 
 3.93900000e-04  1.53320700e-07 
 3.94000000e-04  1.53202837e-07 
 3.94100000e-04  1.69700041e-07 
 3.94200000e-04  1.69399152e-07 
 3.94300000e-04  1.69293341e-07 
 3.94400000e-04  1.69201491e-07 
 3.94500000e-04  1.69148210e-07 
 3.94600000e-04  1.57907851e-07 
 3.94700000e-04  1.57545739e-07 
 3.94800000e-04  1.57352553e-07 
 3.94900000e-04  1.57218869e-07 
 3.95000000e-04  1.57146445e-07 
 3.95100000e-04  1.68383300e-07 
 3.95200000e-04  1.68129625e-07 
 3.95300000e-04  1.68040464e-07 
 3.95400000e-04  1.67962220e-07 
 3.95500000e-04  1.67942529e-07 
 3.95600000e-04  1.54196711e-07 
 3.95700000e-04  1.53738547e-07 
 3.95800000e-04  1.53501834e-07 
 3.95900000e-04  1.53324248e-07 
 3.96000000e-04  1.53207536e-07 
 3.96100000e-04  1.69155572e-07 
 3.96200000e-04  1.68976396e-07 
 3.96300000e-04  1.68898869e-07 
 3.96400000e-04  1.68828246e-07 
 3.96500000e-04  1.68785193e-07 
 3.96600000e-04  1.56239923e-07 
 3.96700000e-04  1.55878069e-07 
 3.96800000e-04  1.55671449e-07 
 3.96900000e-04  1.55527599e-07 
 3.97000000e-04  1.55448385e-07 
 3.97100000e-04  1.68921981e-07 
 3.97200000e-04  1.68692836e-07 
 3.97300000e-04  1.68615881e-07 
 3.97400000e-04  1.68550186e-07 
 3.97500000e-04  1.68512677e-07 
 3.97600000e-04  1.54741771e-07 
 3.97700000e-04  1.54325923e-07 
 3.97800000e-04  1.54089487e-07 
 3.97900000e-04  1.53907194e-07 
 3.98000000e-04  1.53780631e-07 
 3.98100000e-04  1.70835149e-07 
 3.98200000e-04  1.70431943e-07 
 3.98300000e-04  1.70293803e-07 
 3.98400000e-04  1.70173527e-07 
 3.98500000e-04  1.70124315e-07 
 3.98600000e-04  1.60170863e-07 
 3.98700000e-04  1.59788219e-07 
 3.98800000e-04  1.59597408e-07 
 3.98900000e-04  1.59472410e-07 
 3.99000000e-04  1.59415183e-07 
 3.99100000e-04  1.68498712e-07 
 3.99200000e-04  1.68213423e-07 
 3.99300000e-04  1.68115418e-07 
 3.99400000e-04  1.68029607e-07 
 3.99500000e-04  1.67986252e-07 
 3.99600000e-04  1.54269601e-07 
 3.99700000e-04  1.53769917e-07 
 3.99800000e-04  1.53521588e-07 
 3.99900000e-04  1.53335347e-07 
 4.00000000e-04  1.53213030e-07 
 4.00100000e-04  1.69175844e-07 
 4.00200000e-04  1.68992790e-07 
 4.00300000e-04  1.68910774e-07 
 4.00400000e-04  1.68835864e-07 
 4.00500000e-04  1.68798493e-07 
 4.00600000e-04  1.56251016e-07 
 4.00700000e-04  1.55869793e-07 
 4.00800000e-04  1.55679460e-07 
 4.00900000e-04  1.55538854e-07 
 4.01000000e-04  1.55449424e-07 
 4.01100000e-04  1.68936447e-07 
 4.01200000e-04  1.68703537e-07 
 4.01300000e-04  1.68626842e-07 
 4.01400000e-04  1.68561835e-07 
 4.01500000e-04  1.68538941e-07 
 4.01600000e-04  1.54735154e-07 
 4.01700000e-04  1.54302339e-07 
 4.01800000e-04  1.54081290e-07 
 4.01900000e-04  1.53907469e-07 
 4.02000000e-04  1.53782235e-07 
 4.02100000e-04  1.70295784e-07 
 4.02200000e-04  1.70016818e-07 
 4.02300000e-04  1.69907466e-07 
 4.02400000e-04  1.69808916e-07 
 4.02500000e-04  1.69769620e-07 
 4.02600000e-04  1.58497878e-07 
 4.02700000e-04  1.58130150e-07 
 4.02800000e-04  1.57926359e-07 
 4.02900000e-04  1.57790986e-07 
 4.03000000e-04  1.57726065e-07 
 4.03100000e-04  1.69013003e-07 
 4.03200000e-04  1.68753443e-07 
 4.03300000e-04  1.68663276e-07 
 4.03400000e-04  1.68584411e-07 
 4.03500000e-04  1.68553665e-07 
 4.03600000e-04  1.54788841e-07 
 4.03700000e-04  1.54340893e-07 
 4.03800000e-04  1.54084248e-07 
 4.03900000e-04  1.53901900e-07 
 4.04000000e-04  1.53796067e-07 
 4.04100000e-04  1.69772832e-07 
 4.04200000e-04  1.69594614e-07 
 4.04300000e-04  1.69514820e-07 
 4.04400000e-04  1.69441774e-07 
 4.04500000e-04  1.69405292e-07 
 4.04600000e-04  1.56833867e-07 
 4.04700000e-04  1.56454635e-07 
 4.04800000e-04  1.56258688e-07 
 4.04900000e-04  1.56121928e-07 
 4.05000000e-04  1.56046095e-07 
 4.05100000e-04  1.69555856e-07 
 4.05200000e-04  1.69321704e-07 
 4.05300000e-04  1.69243266e-07 
 4.05400000e-04  1.69176756e-07 
 4.05500000e-04  1.69133505e-07 
 4.05600000e-04  1.55326552e-07 
 4.05700000e-04  1.54907935e-07 
 4.05800000e-04  1.54670782e-07 
 4.05900000e-04  1.54498279e-07 
 4.06000000e-04  1.54392339e-07 
 4.06100000e-04  1.71984789e-07 
 4.06200000e-04  1.71474231e-07 
 4.06300000e-04  1.71305957e-07 
 4.06400000e-04  1.71160336e-07 
 4.06500000e-04  1.71101559e-07 
 4.06600000e-04  1.62408091e-07 
 4.06700000e-04  1.62033751e-07 
 4.06800000e-04  1.61855219e-07 
 4.06900000e-04  1.61742161e-07 
 4.07000000e-04  1.61696516e-07 
 4.07100000e-04  1.68793041e-07 
 4.07200000e-04  1.68398436e-07 
 4.07300000e-04  1.68255891e-07 
 4.07400000e-04  1.68130433e-07 
 4.07500000e-04  1.68068378e-07 
 4.07600000e-04  1.54372349e-07 
 4.07700000e-04  1.53835950e-07 
 4.07800000e-04  1.53563222e-07 
 4.07900000e-04  1.53365608e-07 
 4.08000000e-04  1.53245349e-07 
 4.08100000e-04  1.69208566e-07 
 4.08200000e-04  1.69019414e-07 
 4.08300000e-04  1.68936399e-07 
 4.08400000e-04  1.68861263e-07 
 4.08500000e-04  1.68798926e-07 
 4.08600000e-04  1.56253173e-07 
 4.08700000e-04  1.55884193e-07 
 4.08800000e-04  1.55683578e-07 
 4.08900000e-04  1.55542037e-07 
 4.09000000e-04  1.55461301e-07 
 4.09100000e-04  1.68941497e-07 
 4.09200000e-04  1.68715516e-07 
 4.09300000e-04  1.68631606e-07 
 4.09400000e-04  1.68557888e-07 
 4.09500000e-04  1.68533204e-07 
 4.09600000e-04  1.54733585e-07 
 4.09700000e-04  1.54309332e-07 
 4.09800000e-04  1.54088161e-07 
 4.09900000e-04  1.53919014e-07 
 4.10000000e-04  1.53803263e-07 
 4.10100000e-04  1.72504846e-07 
 4.10200000e-04  1.71739379e-07 
 4.10300000e-04  1.71489421e-07 
 4.10400000e-04  1.71382098e-07 
 4.10500000e-04  1.71320864e-07 
 4.10600000e-04  1.59609149e-07 
 4.10700000e-04  1.59080757e-07 
 4.10800000e-04  1.58821855e-07 
 4.10900000e-04  1.58638423e-07 
 4.11000000e-04  1.58531932e-07 
 4.11100000e-04  1.03755935e-04 
 4.11200000e-04  1.03755478e-04 
 4.11300000e-04  1.03755353e-04 
 4.11400000e-04  1.03755249e-04 
 4.11500000e-04  1.03755208e-04 
 4.11600000e-04  1.03741453e-04 
 4.11700000e-04  1.03740977e-04 
 4.11800000e-04  1.03740735e-04 
 4.11900000e-04  1.03740547e-04 
 4.12000000e-04  1.03740414e-04 
 4.12100000e-04  1.70935972e-07 
 4.12200000e-04  1.70711801e-07 
 4.12300000e-04  1.70619665e-07 
 4.12400000e-04  1.70536748e-07 
 4.12500000e-04  1.70495148e-07 
 4.12600000e-04  1.57919268e-07 
 4.12700000e-04  1.57530781e-07 
 4.12800000e-04  1.57348139e-07 
 4.12900000e-04  1.57219506e-07 
 4.13000000e-04  1.57146449e-07 
 4.13100000e-04  1.70689107e-07 
 4.13200000e-04  1.70461125e-07 
 4.13300000e-04  1.70377567e-07 
 4.13400000e-04  1.70304334e-07 
 4.13500000e-04  1.70275672e-07 
 4.13600000e-04  1.56400245e-07 
 4.13700000e-04  1.55993867e-07 
 4.13800000e-04  1.55769418e-07 
 4.13900000e-04  1.55596812e-07 
 4.14000000e-04  1.55477551e-07 
 4.14100000e-04  1.72614710e-07 
 4.14200000e-04  1.72195004e-07 
 4.14300000e-04  1.72057457e-07 
 4.14400000e-04  1.71939820e-07 
 4.14500000e-04  1.71885597e-07 
 4.14600000e-04  1.61811750e-07 
 4.14700000e-04  1.61466420e-07 
 4.14800000e-04  1.61278617e-07 
 4.14900000e-04  1.61157361e-07 
 4.15000000e-04  1.61104616e-07 
 4.15100000e-04  1.70281583e-07 
 4.15200000e-04  1.69984536e-07 
 4.15300000e-04  1.69881318e-07 
 4.15400000e-04  1.69790906e-07 
 4.15500000e-04  1.69740090e-07 
 4.15600000e-04  1.55946171e-07 
 4.15700000e-04  1.55435924e-07 
 4.15800000e-04  1.55190633e-07 
 4.15900000e-04  1.55009880e-07 
 4.16000000e-04  1.54895559e-07 
 4.16100000e-04  1.70946436e-07 
 4.16200000e-04  1.70758709e-07 
 4.16300000e-04  1.70665402e-07 
 4.16400000e-04  1.70578240e-07 
 4.16500000e-04  1.70536377e-07 
 4.16600000e-04  1.57897538e-07 
 4.16700000e-04  1.57535298e-07 
 4.16800000e-04  1.57353643e-07 
 4.16900000e-04  1.57224347e-07 
 4.17000000e-04  1.57148921e-07 
 4.17100000e-04  1.70692729e-07 
 4.17200000e-04  1.70455811e-07 
 4.17300000e-04  1.70380979e-07 
 4.17400000e-04  1.70318111e-07 
 4.17500000e-04  1.70279552e-07 
 4.17600000e-04  1.56385718e-07 
 4.17700000e-04  1.55980994e-07 
 4.17800000e-04  1.55755763e-07 
 4.17900000e-04  1.55583181e-07 
 4.18000000e-04  1.55464772e-07 
 4.18100000e-04  1.72077249e-07 
 4.18200000e-04  1.71769981e-07 
 4.18300000e-04  1.71655597e-07 
 4.18400000e-04  1.71554426e-07 
 4.18500000e-04  1.71497752e-07 
 4.18600000e-04  1.60156247e-07 
 4.18700000e-04  1.59796956e-07 
 4.18800000e-04  1.59607622e-07 
 4.18900000e-04  1.59480162e-07 
 4.19000000e-04  1.59416391e-07 
 4.19100000e-04  1.70789061e-07 
 4.19200000e-04  1.70510776e-07 
 4.19300000e-04  1.70414847e-07 
 4.19400000e-04  1.70331494e-07 
 4.19500000e-04  1.70301049e-07 
 4.19600000e-04  1.56438990e-07 
 4.19700000e-04  1.55998307e-07 
 4.19800000e-04  1.55772750e-07 
 4.19900000e-04  1.55599374e-07 
 4.20000000e-04  1.55479682e-07 
 4.20100000e-04  1.71546314e-07 
 4.20200000e-04  1.71353995e-07 
 4.20300000e-04  1.71267845e-07 
 4.20400000e-04  1.71188853e-07 
 4.20500000e-04  1.71153094e-07 
 4.20600000e-04  1.58480971e-07 
 4.20700000e-04  1.58111390e-07 
 4.20800000e-04  1.57927566e-07 
 4.20900000e-04  1.57797553e-07 
 4.21000000e-04  1.57722909e-07 
 4.21100000e-04  1.71309773e-07 
 4.21200000e-04  1.71081944e-07 
 4.21300000e-04  1.70994023e-07 
 4.21400000e-04  1.70915889e-07 
 4.21500000e-04  1.70880166e-07 
 4.21600000e-04  1.56968905e-07 
 4.21700000e-04  1.56568741e-07 
 4.21800000e-04  1.56342520e-07 
 4.21900000e-04  1.56169308e-07 
 4.22000000e-04  1.56050632e-07 
 4.22100000e-04  1.74281322e-07 
 4.22200000e-04  1.73648640e-07 
 4.22300000e-04  1.73450487e-07 
 4.22400000e-04  1.73281225e-07 
 4.22500000e-04  1.73205235e-07 
 4.22600000e-04  1.65730320e-07 
 4.22700000e-04  1.65358985e-07 
 4.22800000e-04  1.65188587e-07 
 4.22900000e-04  1.65082384e-07 
 4.23000000e-04  1.65042255e-07 
 4.23100000e-04  1.70572029e-07 
 4.23200000e-04  1.69770406e-07 
 4.23300000e-04  1.69533128e-07 
 4.23400000e-04  1.69333967e-07 
 4.23500000e-04  1.69239709e-07 
 4.23600000e-04  1.55504686e-07 
 4.23700000e-04  1.54934855e-07 
 4.23800000e-04  1.54663157e-07 
 4.23900000e-04  1.54459248e-07 
 4.24000000e-04  1.54325125e-07 
 4.24100000e-04  1.70377017e-07 
 4.24200000e-04  1.70171049e-07 
 4.24300000e-04  1.70077957e-07 
 4.24400000e-04  1.69993482e-07 
 4.24500000e-04  1.69949895e-07 
 4.24600000e-04  1.57328115e-07 
 4.24700000e-04  1.56964558e-07 
 4.24800000e-04  1.56775958e-07 
 4.24900000e-04  1.56638755e-07 
 4.25000000e-04  1.56554421e-07 
 4.25100000e-04  1.70096819e-07 
 4.25200000e-04  1.69869524e-07 
 4.25300000e-04  1.69787168e-07 
 4.25400000e-04  1.69715281e-07 
 4.25500000e-04  1.69678734e-07 
 4.25600000e-04  1.55817667e-07 
 4.25700000e-04  1.55398855e-07 
 4.25800000e-04  1.55178612e-07 
 4.25900000e-04  1.55008291e-07 
 4.26000000e-04  1.54889321e-07 
 4.26100000e-04  1.71472067e-07 
 4.26200000e-04  1.71160359e-07 
 4.26300000e-04  1.71049615e-07 
 4.26400000e-04  1.70953176e-07 
 4.26500000e-04  1.70888271e-07 
 4.26600000e-04  1.59578273e-07 
 4.26700000e-04  1.59207822e-07 
 4.26800000e-04  1.59013973e-07 
 4.26900000e-04  1.58881038e-07 
 4.27000000e-04  1.58810796e-07 
 4.27100000e-04  1.70161402e-07 
 4.27200000e-04  1.69895715e-07 
 4.27300000e-04  1.69801962e-07 
 4.27400000e-04  1.69719546e-07 
 4.27500000e-04  1.69686457e-07 
 4.27600000e-04  1.55870839e-07 
 4.27700000e-04  1.55399677e-07 
 4.27800000e-04  1.55164609e-07 
 4.27900000e-04  1.54994061e-07 
 4.28000000e-04  1.54889921e-07 
 4.28100000e-04  1.70922285e-07 
 4.28200000e-04  1.70741342e-07 
 4.28300000e-04  1.70646244e-07 
 4.28400000e-04  1.70556598e-07 
 4.28500000e-04  1.70521630e-07 
 4.28600000e-04  1.57910291e-07 
 4.28700000e-04  1.57525645e-07 
 4.28800000e-04  1.57338334e-07 
 4.28900000e-04  1.57202733e-07 
 4.29000000e-04  1.57120322e-07 
 4.29100000e-04  1.70685051e-07 
 4.29200000e-04  1.70447395e-07 
 4.29300000e-04  1.70366164e-07 
 4.29400000e-04  1.70296132e-07 
 4.29500000e-04  1.70270144e-07 
 4.29600000e-04  1.56379700e-07 
 4.29700000e-04  1.55975677e-07 
 4.29800000e-04  1.55750512e-07 
 4.29900000e-04  1.55581117e-07 
 4.30000000e-04  1.55469102e-07 
 4.30100000e-04  1.72612482e-07 
 4.30200000e-04  1.72203178e-07 
 4.30300000e-04  1.72051980e-07 
 4.30400000e-04  1.71917972e-07 
 4.30500000e-04  1.71871116e-07 
 4.30600000e-04  1.61820959e-07 
 4.30700000e-04  1.61449124e-07 
 4.30800000e-04  1.61268715e-07 
 4.30900000e-04  1.61148098e-07 
 4.31000000e-04  1.61089009e-07 
 4.31100000e-04  1.70280277e-07 
 4.31200000e-04  1.69977437e-07 
 4.31300000e-04  1.69867748e-07 
 4.31400000e-04  1.69770657e-07 
 4.31500000e-04  1.69729797e-07 
 4.31600000e-04  1.55933884e-07 
 4.31700000e-04  1.55432767e-07 
 4.31800000e-04  1.55198809e-07 
 4.31900000e-04  1.55018929e-07 
 4.32000000e-04  1.54894682e-07 
 4.32100000e-04  1.70947168e-07 
 4.32200000e-04  1.70742447e-07 
 4.32300000e-04  1.70660261e-07 
 4.32400000e-04  1.70587294e-07 
 4.32500000e-04  1.70543207e-07 
 4.32600000e-04  1.57909202e-07 
 4.32700000e-04  1.57532203e-07 
 4.32800000e-04  1.57348051e-07 
 4.32900000e-04  1.57211629e-07 
 4.33000000e-04  1.57124287e-07 
 4.33100000e-04  1.70691361e-07 
 4.33200000e-04  1.70455527e-07 
 4.33300000e-04  1.70381872e-07 
 4.33400000e-04  1.70320061e-07 
 4.33500000e-04  1.70271501e-07 
 4.33600000e-04  1.56397800e-07 
 4.33700000e-04  1.55973074e-07 
 4.33800000e-04  1.55753593e-07 
 4.33900000e-04  1.55589437e-07 
 4.34000000e-04  1.55482201e-07 
 4.34100000e-04  1.72073243e-07 
 4.34200000e-04  1.71769526e-07 
 4.34300000e-04  1.71654690e-07 
 4.34400000e-04  1.71552958e-07 
 4.34500000e-04  1.71494510e-07 
 4.34600000e-04  1.60161596e-07 
 4.34700000e-04  1.59780950e-07 
 4.34800000e-04  1.59597831e-07 
 4.34900000e-04  1.59478615e-07 
 4.35000000e-04  1.59425163e-07 
 4.35100000e-04  1.70792052e-07 
 4.35200000e-04  1.70525127e-07 
 4.35300000e-04  1.70421682e-07 
 4.35400000e-04  1.70329164e-07 
 4.35500000e-04  1.70299632e-07 
 4.35600000e-04  1.56446466e-07 
 4.35700000e-04  1.55988899e-07 
 4.35800000e-04  1.55758733e-07 
 4.35900000e-04  1.55589325e-07 
 4.36000000e-04  1.55482436e-07 
 4.36100000e-04  1.71547233e-07 
 4.36200000e-04  1.71361513e-07 
 4.36300000e-04  1.71270895e-07 
 4.36400000e-04  1.71186719e-07 
 4.36500000e-04  1.71135138e-07 
 4.36600000e-04  1.58480209e-07 
 4.36700000e-04  1.58133305e-07 
 4.36800000e-04  1.57938618e-07 
 4.36900000e-04  1.57801609e-07 
 4.37000000e-04  1.57723939e-07 
 4.37100000e-04  1.71319912e-07 
 4.37200000e-04  1.71077473e-07 
 4.37300000e-04  1.70990345e-07 
 4.37400000e-04  1.70914615e-07 
 4.37500000e-04  1.70880294e-07 
 4.37600000e-04  1.56986408e-07 
 4.37700000e-04  1.56571662e-07 
 4.37800000e-04  1.56338531e-07 
 4.37900000e-04  1.56167018e-07 
 4.38000000e-04  1.56058906e-07 
 4.38100000e-04  1.73749081e-07 
 4.38200000e-04  1.73235354e-07 
 4.38300000e-04  1.73060396e-07 
 4.38400000e-04  1.72907831e-07 
 4.38500000e-04  1.72849669e-07 
 4.38600000e-04  1.64065969e-07 
 4.38700000e-04  1.63699976e-07 
 4.38800000e-04  1.63522776e-07 
 4.38900000e-04  1.63412810e-07 
 4.39000000e-04  1.63372043e-07 
 4.39100000e-04  1.70565155e-07 
 4.39200000e-04  1.70157910e-07 
 4.39300000e-04  1.70004801e-07 
 4.39400000e-04  1.69868636e-07 
 4.39500000e-04  1.69805419e-07 
 4.39600000e-04  1.56046389e-07 
 4.39700000e-04  1.55491950e-07 
 4.39800000e-04  1.55232435e-07 
 4.39900000e-04  1.55043783e-07 
 4.40000000e-04  1.54928070e-07 
 4.40100000e-04  1.70975631e-07 
 4.40200000e-04  1.70776520e-07 
 4.40300000e-04  1.70686967e-07 
 4.40400000e-04  1.70605191e-07 
 4.40500000e-04  1.70546463e-07 
 4.40600000e-04  1.57909637e-07 
 4.40700000e-04  1.57539294e-07 
 4.40800000e-04  1.57352001e-07 
 4.40900000e-04  1.57217853e-07 
 4.41000000e-04  1.57138363e-07 
 4.41100000e-04  1.70722765e-07 
 4.41200000e-04  1.70487072e-07 
 4.41300000e-04  1.70395371e-07 
 4.41400000e-04  1.70314160e-07 
 4.41500000e-04  1.70288626e-07 
 4.41600000e-04  1.56388473e-07 
 4.41700000e-04  1.55987082e-07 
 4.41800000e-04  1.55755122e-07 
 4.41900000e-04  1.55588934e-07 
 4.42000000e-04  1.55490433e-07 
 4.42100000e-04  1.72074289e-07 
 4.42200000e-04  1.71781728e-07 
 4.42300000e-04  1.71667420e-07 
 4.42400000e-04  1.71564937e-07 
 4.42500000e-04  1.71501844e-07 
 4.42600000e-04  1.60146443e-07 
 4.42700000e-04  1.59783850e-07 
 4.42800000e-04  1.59607843e-07 
 4.42900000e-04  1.59483478e-07 
 4.43000000e-04  1.59412224e-07 
 4.43100000e-04  1.70776825e-07 
 4.43200000e-04  1.70516618e-07 
 4.43300000e-04  1.70417467e-07 
 4.43400000e-04  1.70328867e-07 
 4.43500000e-04  1.70291926e-07 
 4.43600000e-04  1.56449812e-07 
 4.43700000e-04  1.56000171e-07 
 4.43800000e-04  1.55765574e-07 
 4.43900000e-04  1.55594092e-07 
 4.44000000e-04  1.55487552e-07 
 4.44100000e-04  1.71546057e-07 
 4.44200000e-04  1.71355557e-07 
 4.44300000e-04  1.71267398e-07 
 4.44400000e-04  1.71186371e-07 
 4.44500000e-04  1.71140107e-07 
 4.44600000e-04  1.58478739e-07 
 4.44700000e-04  1.58126698e-07 
 4.44800000e-04  1.57933206e-07 
 4.44900000e-04  1.57798805e-07 
 4.45000000e-04  1.57725189e-07 
 4.45100000e-04  1.71326311e-07 
 4.45200000e-04  1.71076283e-07 
 4.45300000e-04  1.70993431e-07 
 4.45400000e-04  1.70923583e-07 
 4.45500000e-04  1.70884662e-07 
 4.45600000e-04  1.56968216e-07 
 4.45700000e-04  1.56575284e-07 
 4.45800000e-04  1.56342522e-07 
 4.45900000e-04  1.56171741e-07 
 4.46000000e-04  1.56064726e-07 
 4.46100000e-04  1.73229036e-07 
 4.46200000e-04  1.72809006e-07 
 4.46300000e-04  1.72669972e-07 
 4.46400000e-04  1.72550496e-07 
 4.46500000e-04  1.72487845e-07 
 4.46600000e-04  1.62407175e-07 
 4.46700000e-04  1.62032015e-07 
 4.46800000e-04  1.61862159e-07 
 4.46900000e-04  1.61743654e-07 
 4.47000000e-04  1.61677953e-07 
 4.47100000e-04  1.70918620e-07 
 4.47200000e-04  1.70599526e-07 
 4.47300000e-04  1.70489325e-07 
 4.47400000e-04  1.70393567e-07 
 4.47500000e-04  1.70340190e-07 
 4.47600000e-04  1.56519943e-07 
 4.47700000e-04  1.56030651e-07 
 4.47800000e-04  1.55783061e-07 
 4.47900000e-04  1.55604124e-07 
 4.48000000e-04  1.55495844e-07 
 4.48100000e-04  1.71574780e-07 
 4.48200000e-04  1.71374059e-07 
 4.48300000e-04  1.71285423e-07 
 4.48400000e-04  1.71205093e-07 
 4.48500000e-04  1.71170883e-07 
 4.48600000e-04  1.58503650e-07 
 4.48700000e-04  1.58138167e-07 
 4.48800000e-04  1.57951242e-07 
 4.48900000e-04  1.57816601e-07 
 4.49000000e-04  1.57735716e-07 
 4.49100000e-04  1.71327367e-07 
 4.49200000e-04  1.71086808e-07 
 4.49300000e-04  1.71005614e-07 
 4.49400000e-04  1.70935984e-07 
 4.49500000e-04  1.70899248e-07 
 4.49600000e-04  1.56986556e-07 
 4.49700000e-04  1.56579117e-07 
 4.49800000e-04  1.56359999e-07 
 4.49900000e-04  1.56189228e-07 
 4.50000000e-04  1.56068158e-07 
 4.50100000e-04  1.72699852e-07 
 4.50200000e-04  1.72383842e-07 
 4.50300000e-04  1.72277280e-07 
 4.50400000e-04  1.72185552e-07 
 4.50500000e-04  1.72122798e-07 
 4.50600000e-04  1.60730779e-07 
 4.50700000e-04  1.60383729e-07 
 4.50800000e-04  1.60197021e-07 
 4.50900000e-04  1.60072337e-07 
 4.51000000e-04  1.60011464e-07 
 4.51100000e-04  1.71404084e-07 
 4.51200000e-04  1.71138541e-07 
 4.51300000e-04  1.71038307e-07 
 4.51400000e-04  1.70948969e-07 
 4.51500000e-04  1.70913002e-07 
 4.51600000e-04  1.57042766e-07 
 4.51700000e-04  1.56593460e-07 
 4.51800000e-04  1.56366963e-07 
 4.51900000e-04  1.56195623e-07 
 4.52000000e-04  1.56081004e-07 
 4.52100000e-04  1.72173644e-07 
 4.52200000e-04  1.71987972e-07 
 4.52300000e-04  1.71893204e-07 
 4.52400000e-04  1.71804511e-07 
 4.52500000e-04  1.71764112e-07 
 4.52600000e-04  1.59065317e-07 
 4.52700000e-04  1.58715487e-07 
 4.52800000e-04  1.58530141e-07 
 4.52900000e-04  1.58394715e-07 
 4.53000000e-04  1.58310609e-07 
 4.53100000e-04  1.71937854e-07 
 4.53200000e-04  1.71701240e-07 
 4.53300000e-04  1.71619163e-07 
 4.53400000e-04  1.71548043e-07 
 4.53500000e-04  1.71497280e-07 
 4.53600000e-04  1.57570264e-07 
 4.53700000e-04  1.57162292e-07 
 4.53800000e-04  1.56946197e-07 
 4.53900000e-04  1.56781459e-07 
 4.54000000e-04  1.56669522e-07 
 4.54100000e-04  1.75443768e-07 
 4.54200000e-04  1.74704141e-07 
 4.54300000e-04  1.74475846e-07 
 4.54400000e-04  1.74281659e-07 
 4.54500000e-04  1.74190249e-07 
 4.54600000e-04  1.67970894e-07 
 4.54700000e-04  1.67606910e-07 
 4.54800000e-04  1.67446103e-07 
 4.54900000e-04  1.67352896e-07 
 4.55000000e-04  1.67329247e-07 
 4.55100000e-04  1.70721302e-07 
 4.55200000e-04  1.69764057e-07 
 4.55300000e-04  1.69509923e-07 
 4.55400000e-04  1.69300904e-07 
 4.55500000e-04  1.69221958e-07 
 4.55600000e-04  1.55542635e-07 
 4.55700000e-04  1.54936859e-07 
 4.55800000e-04  1.54658955e-07 
 4.55900000e-04  1.54459055e-07 
 4.56000000e-04  1.54339446e-07 
 4.56100000e-04  1.70364978e-07 
 4.56200000e-04  1.70169989e-07 
 4.56300000e-04  1.70078189e-07 
 4.56400000e-04  1.69993363e-07 
 4.56500000e-04  1.69961039e-07 
 4.56600000e-04  1.57319276e-07 
 4.56700000e-04  1.56966448e-07 
 4.56800000e-04  1.56774633e-07 
 4.56900000e-04  1.56635706e-07 
 4.57000000e-04  1.56551160e-07 
 4.57100000e-04  1.70098010e-07 
 4.57200000e-04  1.69866970e-07 
 4.57300000e-04  1.69780529e-07 
 4.57400000e-04  1.69704176e-07 
 4.57500000e-04  1.69665638e-07 
 4.57600000e-04  1.55814704e-07 
 4.57700000e-04  1.55397483e-07 
 4.57800000e-04  1.55173674e-07 
 4.57900000e-04  1.55007094e-07 
 4.58000000e-04  1.54899368e-07 
 4.58100000e-04  1.71458140e-07 
 4.58200000e-04  1.71168296e-07 
 4.58300000e-04  1.71056101e-07 
 4.58400000e-04  1.70955538e-07 
 4.58500000e-04  1.70907977e-07 
 4.58600000e-04  1.59564257e-07 
 4.58700000e-04  1.59194496e-07 
 4.58800000e-04  1.59006861e-07 
 4.58900000e-04  1.58878921e-07 
 4.59000000e-04  1.58812380e-07 
 4.59100000e-04  1.70159057e-07 
 4.59200000e-04  1.69891644e-07 
 4.59300000e-04  1.69796237e-07 
 4.59400000e-04  1.69712191e-07 
 4.59500000e-04  1.69686133e-07 
 4.59600000e-04  1.55854949e-07 
 4.59700000e-04  1.55401030e-07 
 4.59800000e-04  1.55176107e-07 
 4.59900000e-04  1.55001834e-07 
 4.60000000e-04  1.54879629e-07 
 4.60100000e-04  1.70934780e-07 
 4.60200000e-04  1.70738403e-07 
 4.60300000e-04  1.70651049e-07 
 4.60400000e-04  1.70571795e-07 
 4.60500000e-04  1.70528802e-07 
 4.60600000e-04  1.57891740e-07 
 4.60700000e-04  1.57547959e-07 
 4.60800000e-04  1.57342797e-07 
 4.60900000e-04  1.57206633e-07 
 4.61000000e-04  1.57141464e-07 
 4.61100000e-04  1.70685833e-07 
 4.61200000e-04  1.70458958e-07 
 4.61300000e-04  1.70380068e-07 
 4.61400000e-04  1.70311437e-07 
 4.61500000e-04  1.70280166e-07 
 4.61600000e-04  1.56384674e-07 
 4.61700000e-04  1.55976530e-07 
 4.61800000e-04  1.55749767e-07 
 4.61900000e-04  1.55578482e-07 
 4.62000000e-04  1.55464246e-07 
 4.62100000e-04  1.72608082e-07 
 4.62200000e-04  1.72189562e-07 
 4.62300000e-04  1.72048939e-07 
 4.62400000e-04  1.71927280e-07 
 4.62500000e-04  1.71860445e-07 
 4.62600000e-04  1.61822677e-07 
 4.62700000e-04  1.61448916e-07 
 4.62800000e-04  1.61268512e-07 
 4.62900000e-04  1.61154114e-07 
 4.63000000e-04  1.61107423e-07 
 4.63100000e-04  1.72385100e-07 
 4.63200000e-04  1.71550401e-07 
 4.63300000e-04  1.71275716e-07 
 4.63400000e-04  1.71155362e-07 
 4.63500000e-04  1.71084876e-07 
 4.63600000e-04  1.56786839e-07 
 4.63700000e-04  1.56121533e-07 
 4.63800000e-04  1.55849983e-07 
 4.63900000e-04  1.55658945e-07 
 4.64000000e-04  1.55549948e-07 
 4.64100000e-04  1.03757883e-04 
 4.64200000e-04  1.03757487e-04 
 4.64300000e-04  1.03757361e-04 
 4.64400000e-04  1.03757253e-04 
 4.64500000e-04  1.03757207e-04 
 4.64600000e-04  1.03744570e-04 
 4.64700000e-04  1.03744181e-04 
 4.64800000e-04  1.03743988e-04 
 4.64900000e-04  1.03743852e-04 
 4.65000000e-04  1.03743775e-04 
 4.65100000e-04  1.71862625e-07 
 4.65200000e-04  1.71578427e-07 
 4.65300000e-04  1.71483338e-07 
 4.65400000e-04  1.71402279e-07 
 4.65500000e-04  1.71391483e-07 
 4.65600000e-04  1.57491541e-07 
 4.65700000e-04  1.57062229e-07 
 4.65800000e-04  1.56844147e-07 
 4.65900000e-04  1.56675631e-07 
 4.66000000e-04  1.56558052e-07 
 4.66100000e-04  1.73219337e-07 
 4.66200000e-04  1.72908847e-07 
 4.66300000e-04  1.72798047e-07 
 4.66400000e-04  1.72701317e-07 
 4.66500000e-04  1.72646289e-07 
 4.66600000e-04  1.61251600e-07 
 4.66700000e-04  1.60889954e-07 
 4.66800000e-04  1.60702465e-07 
 4.66900000e-04  1.60573490e-07 
 4.67000000e-04  1.60504687e-07 
 4.67100000e-04  1.71945227e-07 
 4.67200000e-04  1.71663514e-07 
 4.67300000e-04  1.71557203e-07 
 4.67400000e-04  1.71462810e-07 
 4.67500000e-04  1.71428424e-07 
 4.67600000e-04  1.57530771e-07 
 4.67700000e-04  1.57072100e-07 
 4.67800000e-04  1.56856800e-07 
 4.67900000e-04  1.56690726e-07 
 4.68000000e-04  1.56575240e-07 
 4.68100000e-04  1.72699828e-07 
 4.68200000e-04  1.72501444e-07 
 4.68300000e-04  1.72408788e-07 
 4.68400000e-04  1.72323272e-07 
 4.68500000e-04  1.72274310e-07 
 4.68600000e-04  1.59554047e-07 
 4.68700000e-04  1.59203533e-07 
 4.68800000e-04  1.59018934e-07 
 4.68900000e-04  1.58889112e-07 
 4.69000000e-04  1.58815602e-07 
 4.69100000e-04  1.72460923e-07 
 4.69200000e-04  1.72229079e-07 
 4.69300000e-04  1.72135303e-07 
 4.69400000e-04  1.72051190e-07 
 4.69500000e-04  1.72008878e-07 
 4.69600000e-04  1.58053941e-07 
 4.69700000e-04  1.57655006e-07 
 4.69800000e-04  1.57425669e-07 
 4.69900000e-04  1.57258851e-07 
 4.70000000e-04  1.57156336e-07 
 4.70100000e-04  1.74896668e-07 
 4.70200000e-04  1.74387332e-07 
 4.70300000e-04  1.74205428e-07 
 4.70400000e-04  1.74044343e-07 
 4.70500000e-04  1.73970985e-07 
 4.70600000e-04  1.65137693e-07 
 4.70700000e-04  1.64783893e-07 
 4.70800000e-04  1.64603670e-07 
 4.70900000e-04  1.64492626e-07 
 4.71000000e-04  1.64452754e-07 
 4.71100000e-04  1.71726956e-07 
 4.71200000e-04  1.71316642e-07 
 4.71300000e-04  1.71160379e-07 
 4.71400000e-04  1.71021138e-07 
 4.71500000e-04  1.70954015e-07 
 4.71600000e-04  1.57099279e-07 
 4.71700000e-04  1.56562548e-07 
 4.71800000e-04  1.56319954e-07 
 4.71900000e-04  1.56134974e-07 
 4.72000000e-04  1.56009236e-07 
 4.72100000e-04  1.72130046e-07 
 4.72200000e-04  1.71916891e-07 
 4.72300000e-04  1.71825617e-07 
 4.72400000e-04  1.71743423e-07 
 4.72500000e-04  1.71697637e-07 
 4.72600000e-04  1.58987350e-07 
 4.72700000e-04  1.58623109e-07 
 4.72800000e-04  1.58435859e-07 
 4.72900000e-04  1.58306179e-07 
 4.73000000e-04  1.58235689e-07 
 4.73100000e-04  1.71853543e-07 
 4.73200000e-04  1.71620952e-07 
 4.73300000e-04  1.71534870e-07 
 4.73400000e-04  1.71458982e-07 
 4.73500000e-04  1.71413635e-07 
 4.73600000e-04  1.57478780e-07 
 4.73700000e-04  1.57061920e-07 
 4.73800000e-04  1.56840026e-07 
 4.73900000e-04  1.56671484e-07 
 4.74000000e-04  1.56557782e-07 
 4.74100000e-04  1.73224074e-07 
 4.74200000e-04  1.72920182e-07 
 4.74300000e-04  1.72801926e-07 
 4.74400000e-04  1.72695843e-07 
 4.74500000e-04  1.72634284e-07 
 4.74600000e-04  1.61230975e-07 
 4.74700000e-04  1.60864214e-07 
 4.74800000e-04  1.60684563e-07 
 4.74900000e-04  1.60565864e-07 
 4.75000000e-04  1.60509845e-07 
 4.75100000e-04  1.71919621e-07 
 4.75200000e-04  1.71641970e-07 
 4.75300000e-04  1.71545379e-07 
 4.75400000e-04  1.71461140e-07 
 4.75500000e-04  1.71437438e-07 
 4.75600000e-04  1.57514654e-07 
 4.75700000e-04  1.57065115e-07 
 4.75800000e-04  1.56843353e-07 
 4.75900000e-04  1.56676369e-07 
 4.76000000e-04  1.56565697e-07 
 4.76100000e-04  1.72703913e-07 
 4.76200000e-04  1.72490408e-07 
 4.76300000e-04  1.72402231e-07 
 4.76400000e-04  1.72323805e-07 
 4.76500000e-04  1.72264994e-07 
 4.76600000e-04  1.59561040e-07 
 4.76700000e-04  1.59187663e-07 
 4.76800000e-04  1.59012154e-07 
 4.76900000e-04  1.58884385e-07 
 4.77000000e-04  1.58805666e-07 
 4.77100000e-04  1.72461456e-07 
 4.77200000e-04  1.72210851e-07 
 4.77300000e-04  1.72129764e-07 
 4.77400000e-04  1.72061489e-07 
 4.77500000e-04  1.72022691e-07 
 4.77600000e-04  1.58035605e-07 
 4.77700000e-04  1.57633696e-07 
 4.77800000e-04  1.57417798e-07 
 4.77900000e-04  1.57254535e-07 
 4.78000000e-04  1.57145369e-07 
 4.78100000e-04  1.74368592e-07 
 4.78200000e-04  1.73947279e-07 
 4.78300000e-04  1.73795561e-07 
 4.78400000e-04  1.73662144e-07 
 4.78500000e-04  1.73603801e-07 
 4.78600000e-04  1.63465074e-07 
 4.78700000e-04  1.63117187e-07 
 4.78800000e-04  1.62943144e-07 
 4.78900000e-04  1.62824367e-07 
 4.79000000e-04  1.62762401e-07 
 4.79100000e-04  1.72046016e-07 
 4.79200000e-04  1.71745847e-07 
 4.79300000e-04  1.71635170e-07 
 4.79400000e-04  1.71536710e-07 
 4.79500000e-04  1.71486777e-07 
 4.79600000e-04  1.57580135e-07 
 4.79700000e-04  1.57106573e-07 
 4.79800000e-04  1.56876921e-07 
 4.79900000e-04  1.56702557e-07 
 4.80000000e-04  1.56585024e-07 
 4.80100000e-04  1.72721494e-07 
 4.80200000e-04  1.72513222e-07 
 4.80300000e-04  1.72422089e-07 
 4.80400000e-04  1.72339868e-07 
 4.80500000e-04  1.72296892e-07 
 4.80600000e-04  1.59558077e-07 
 4.80700000e-04  1.59204654e-07 
 4.80800000e-04  1.59025859e-07 
 4.80900000e-04  1.58898003e-07 
 4.81000000e-04  1.58822488e-07 
 4.81100000e-04  1.72468969e-07 
 4.81200000e-04  1.72226999e-07 
 4.81300000e-04  1.72132765e-07 
 4.81400000e-04  1.72049367e-07 
 4.81500000e-04  1.72025456e-07 
 4.81600000e-04  1.58047708e-07 
 4.81700000e-04  1.57660257e-07 
 4.81800000e-04  1.57434375e-07 
 4.81900000e-04  1.57266425e-07 
 4.82000000e-04  1.57158034e-07 
 4.82100000e-04  1.73837874e-07 
 4.82200000e-04  1.73530320e-07 
 4.82300000e-04  1.73404324e-07 
 4.82400000e-04  1.73290497e-07 
 4.82500000e-04  1.73241588e-07 
 4.82600000e-04  1.61815106e-07 
 4.82700000e-04  1.61451909e-07 
 4.82800000e-04  1.61265509e-07 
 4.82900000e-04  1.61146051e-07 
 4.83000000e-04  1.61095443e-07 
 4.83100000e-04  1.72555503e-07 
 4.83200000e-04  1.72263022e-07 
 4.83300000e-04  1.72171587e-07 
 4.83400000e-04  1.72094147e-07 
 4.83500000e-04  1.72050577e-07 
 4.83600000e-04  1.58100253e-07 
 4.83700000e-04  1.57647247e-07 
 4.83800000e-04  1.57423632e-07 
 4.83900000e-04  1.57261028e-07 
 4.84000000e-04  1.57161157e-07 
 4.84100000e-04  1.73318584e-07 
 4.84200000e-04  1.73117343e-07 
 4.84300000e-04  1.73026880e-07 
 4.84400000e-04  1.72944468e-07 
 4.84500000e-04  1.72894570e-07 
 4.84600000e-04  1.60132644e-07 
 4.84700000e-04  1.59786360e-07 
 4.84800000e-04  1.59615087e-07 
 4.84900000e-04  1.59483826e-07 
 4.85000000e-04  1.59393629e-07 
 4.85100000e-04  1.73081839e-07 
 4.85200000e-04  1.72833569e-07 
 4.85300000e-04  1.72743586e-07 
 4.85400000e-04  1.72664926e-07 
 4.85500000e-04  1.72624373e-07 
 4.85600000e-04  1.58619175e-07 
 4.85700000e-04  1.58243524e-07 
 4.85800000e-04  1.58023083e-07 
 4.85900000e-04  1.57859733e-07 
 4.86000000e-04  1.57755071e-07 
 4.86100000e-04  1.76057693e-07 
 4.86200000e-04  1.75412149e-07 
 4.86300000e-04  1.75210906e-07 
 4.86400000e-04  1.75039830e-07 
 4.86500000e-04  1.74951686e-07 
 4.86600000e-04  1.67380688e-07 
 4.86700000e-04  1.67017828e-07 
 4.86800000e-04  1.66865189e-07 
 4.86900000e-04  1.66768465e-07 
 4.87000000e-04  1.66729212e-07 
 4.87100000e-04  1.72350356e-07 
 4.87200000e-04  1.71544882e-07 
 4.87300000e-04  1.71294985e-07 
 4.87400000e-04  1.71082712e-07 
 4.87500000e-04  1.70975740e-07 
 4.87600000e-04  1.57174515e-07 
 4.87700000e-04  1.56593365e-07 
 4.87800000e-04  1.56338925e-07 
 4.87900000e-04  1.56147729e-07 
 4.88000000e-04  1.56021564e-07 
 4.88100000e-04  1.72152452e-07 
 4.88200000e-04  1.71928941e-07 
 4.88300000e-04  1.71834492e-07 
 4.88400000e-04  1.71750024e-07 
 4.88500000e-04  1.71701570e-07 
 4.88600000e-04  1.58979955e-07 
 4.88700000e-04  1.58632840e-07 
 4.88800000e-04  1.58449556e-07 
 4.88900000e-04  1.58319238e-07 
 4.89000000e-04  1.58243618e-07 
 4.89100000e-04  1.72021981e-07 
 4.89200000e-04  1.71675263e-07 
 4.89300000e-04  1.71545033e-07 
 4.89400000e-04  1.71480091e-07 
 4.89500000e-04  1.71426240e-07 
 4.89600000e-04  1.57487912e-07 
 4.89700000e-04  1.57087601e-07 
 4.89800000e-04  1.56861043e-07 
 4.89900000e-04  1.56687299e-07 
 4.90000000e-04  1.56567864e-07 
 4.90100000e-04  1.73214131e-07 
 4.90200000e-04  1.72914273e-07 
 4.90300000e-04  1.72794328e-07 
 4.90400000e-04  1.72686589e-07 
 4.90500000e-04  1.72629578e-07 
 4.90600000e-04  1.61218358e-07 
 4.90700000e-04  1.60867284e-07 
 4.90800000e-04  1.60680885e-07 
 4.90900000e-04  1.60558188e-07 
 4.91000000e-04  1.60500889e-07 
 4.91100000e-04  1.73847481e-07 
 4.91200000e-04  1.73176794e-07 
 4.91300000e-04  1.72957410e-07 
 4.91400000e-04  1.72847652e-07 
 4.91500000e-04  1.72773317e-07 
 4.91600000e-04  1.58383947e-07 
 4.91700000e-04  1.57769434e-07 
 4.91800000e-04  1.57507373e-07 
 4.91900000e-04  1.57316585e-07 
 4.92000000e-04  1.57198450e-07 
 4.92100000e-04  1.03759650e-04 
 4.92200000e-04  1.03759244e-04 
 4.92300000e-04  1.03759106e-04 
 4.92400000e-04  1.03758987e-04 
 4.92500000e-04  1.03758953e-04 
 4.92600000e-04  1.03746231e-04 
 4.92700000e-04  1.03745854e-04 
 4.92800000e-04  1.03745676e-04 
 4.92900000e-04  1.03745546e-04 
 4.93000000e-04  1.03745466e-04 
 4.93100000e-04  1.73631216e-07 
 4.93200000e-04  1.73350676e-07 
 4.93300000e-04  1.73251723e-07 
 4.93400000e-04  1.73165909e-07 
 4.93500000e-04  1.73110359e-07 
 4.93600000e-04  1.59147659e-07 
 4.93700000e-04  1.58737666e-07 
 4.93800000e-04  1.58517658e-07 
 4.93900000e-04  1.58356825e-07 
 4.94000000e-04  1.58257071e-07 
 4.94100000e-04  1.75949521e-07 
 4.94200000e-04  1.75298973e-07 
 4.94300000e-04  1.75104903e-07 
 4.94400000e-04  1.75038710e-07 
 4.94500000e-04  1.74979225e-07 
 4.94600000e-04  1.64836446e-07 
 4.94700000e-04  1.64521913e-07 
 4.94800000e-04  1.64328037e-07 
 4.94900000e-04  1.64180422e-07 
 4.95000000e-04  1.64080454e-07 
 4.95100000e-04  1.73212469e-07 
 4.95200000e-04  1.72876453e-07 
 4.95300000e-04  1.72762735e-07 
 4.95400000e-04  1.72664747e-07 
 4.95500000e-04  1.72606135e-07 
 4.95600000e-04  1.58671422e-07 
 4.95700000e-04  1.58187899e-07 
 4.95800000e-04  1.57948489e-07 
 4.95900000e-04  1.57774846e-07 
 4.96000000e-04  1.57669000e-07 
 4.96100000e-04  1.73865066e-07 
 4.96200000e-04  1.73666266e-07 
 4.96300000e-04  1.73565620e-07 
 4.96400000e-04  1.73471300e-07 
 4.96500000e-04  1.73432914e-07 
 4.96600000e-04  1.60643490e-07 
 4.96700000e-04  1.60285179e-07 
 4.96800000e-04  1.60111793e-07 
 4.96900000e-04  1.59988644e-07 
 4.97000000e-04  1.59917288e-07 
 4.97100000e-04  1.73627325e-07 
 4.97200000e-04  1.73375887e-07 
 4.97300000e-04  1.73284100e-07 
 4.97400000e-04  1.73203973e-07 
 4.97500000e-04  1.73148263e-07 
 4.97600000e-04  1.59126372e-07 
 4.97700000e-04  1.58736767e-07 
 4.97800000e-04  1.58519386e-07 
 4.97900000e-04  1.58358598e-07 
 4.98000000e-04  1.58256178e-07 
 4.98100000e-04  1.75001881e-07 
 4.98200000e-04  1.74662702e-07 
 4.98300000e-04  1.74547983e-07 
 4.98400000e-04  1.74449697e-07 
 4.98500000e-04  1.74380697e-07 
 4.98600000e-04  1.62871372e-07 
 4.98700000e-04  1.62543465e-07 
 4.98800000e-04  1.62364057e-07 
 4.98900000e-04  1.62239935e-07 
 4.99000000e-04  1.62172852e-07 
 4.99100000e-04  1.73693436e-07 
 4.99200000e-04  1.73411290e-07 
 4.99300000e-04  1.73311514e-07 
 4.99400000e-04  1.73223656e-07 
 4.99500000e-04  1.73186538e-07 
 4.99600000e-04  1.59171906e-07 
 4.99700000e-04  1.58747459e-07 
 4.99800000e-04  1.58520426e-07 
 4.99900000e-04  1.58350026e-07 
 5.00000000e-04  1.58238057e-07 
 5.00100000e-04  1.74468500e-07 
 5.00200000e-04  1.74266878e-07 
 5.00300000e-04  1.74170643e-07 
 5.00400000e-04  1.74081813e-07 
 5.00500000e-04  1.74024592e-07 
 5.00600000e-04  1.61205311e-07 
 5.00700000e-04  1.60866491e-07 
 5.00800000e-04  1.60692411e-07 
 5.00900000e-04  1.60570456e-07 
 5.01000000e-04  1.60502279e-07 
 5.01100000e-04  1.74225495e-07 
 5.01200000e-04  1.73982689e-07 
 5.01300000e-04  1.73888559e-07 
 5.01400000e-04  1.73804843e-07 
 5.01500000e-04  1.73764781e-07 
 5.01600000e-04  1.59692128e-07 
 5.01700000e-04  1.59299295e-07 
 5.01800000e-04  1.59091011e-07 
 5.01900000e-04  1.58930561e-07 
 5.02000000e-04  1.58819463e-07 
 5.02100000e-04  1.76679553e-07 
 5.02200000e-04  1.76132541e-07 
 5.02300000e-04  1.75959821e-07 
 5.02400000e-04  1.75812894e-07 
 5.02500000e-04  1.75716551e-07 
 5.02600000e-04  1.66794556e-07 
 5.02700000e-04  1.66448432e-07 
 5.02800000e-04  1.66275761e-07 
 5.02900000e-04  1.66172179e-07 
 5.03000000e-04  1.66139876e-07 
 5.03100000e-04  1.73497799e-07 
 5.03200000e-04  1.73065209e-07 
 5.03300000e-04  1.72903518e-07 
 5.03400000e-04  1.72760506e-07 
 5.03500000e-04  1.72705976e-07 
 5.03600000e-04  1.58759336e-07 
 5.03700000e-04  1.58231579e-07 
 5.03800000e-04  1.57985733e-07 
 5.03900000e-04  1.57802846e-07 
 5.04000000e-04  1.57684914e-07 
 5.04100000e-04  1.73903312e-07 
 5.04200000e-04  1.73692085e-07 
 5.04300000e-04  1.73583444e-07 
 5.04400000e-04  1.73481796e-07 
 5.04500000e-04  1.73445908e-07 
 5.04600000e-04  1.60644987e-07 
 5.04700000e-04  1.60298083e-07 
 5.04800000e-04  1.60123471e-07 
 5.04900000e-04  1.59991586e-07 
 5.05000000e-04  1.59903782e-07 
 5.05100000e-04  1.73638540e-07 
 5.05200000e-04  1.73380525e-07 
 5.05300000e-04  1.73280611e-07 
 5.05400000e-04  1.73192647e-07 
 5.05500000e-04  1.73162628e-07 
 5.05600000e-04  1.59116655e-07 
 5.05700000e-04  1.58725103e-07 
 5.05800000e-04  1.58513397e-07 
 5.05900000e-04  1.58354595e-07 
 5.06000000e-04  1.58250374e-07 
 5.06100000e-04  1.75002056e-07 
 5.06200000e-04  1.74687338e-07 
 5.06300000e-04  1.74561121e-07 
 5.06400000e-04  1.74448060e-07 
 5.06500000e-04  1.74396842e-07 
 5.06600000e-04  1.62878104e-07 
 5.06700000e-04  1.62542985e-07 
 5.06800000e-04  1.62357551e-07 
 5.06900000e-04  1.62232332e-07 
 5.07000000e-04  1.62169239e-07 
 5.07100000e-04  1.73714653e-07 
 5.07200000e-04  1.73411596e-07 
 5.07300000e-04  1.73312181e-07 
 5.07400000e-04  1.73227181e-07 
 5.07500000e-04  1.73180597e-07 
 5.07600000e-04  1.59166328e-07 
 5.07700000e-04  1.58745313e-07 
 5.07800000e-04  1.58510833e-07 
 5.07900000e-04  1.58340116e-07 
 5.08000000e-04  1.58235186e-07 
 5.08100000e-04  1.74464543e-07 
 5.08200000e-04  1.74246735e-07 
 5.08300000e-04  1.74157075e-07 
 5.08400000e-04  1.74077114e-07 
 5.08500000e-04  1.74032574e-07 
 5.08600000e-04  1.61216650e-07 
 5.08700000e-04  1.60876600e-07 
 5.08800000e-04  1.60686161e-07 
 5.08900000e-04  1.60556405e-07 
 5.09000000e-04  1.60489257e-07 
 5.09100000e-04  1.74236079e-07 
 5.09200000e-04  1.73988446e-07 
 5.09300000e-04  1.73892097e-07 
 5.09400000e-04  1.73806696e-07 
 5.09500000e-04  1.73762222e-07 
 5.09600000e-04  1.59698224e-07 
 5.09700000e-04  1.59310687e-07 
 5.09800000e-04  1.59095579e-07 
 5.09900000e-04  1.58933108e-07 
 5.10000000e-04  1.58824945e-07 
 5.10100000e-04  1.76139600e-07 
 5.10200000e-04  1.75709791e-07 
 5.10300000e-04  1.75563804e-07 
 5.10400000e-04  1.75437372e-07 
 5.10500000e-04  1.75356763e-07 
 5.10600000e-04  1.65127032e-07 
 5.10700000e-04  1.64776895e-07 
 5.10800000e-04  1.64609980e-07 
 5.10900000e-04  1.64503208e-07 
 5.11000000e-04  1.64458487e-07 
 5.11100000e-04  1.73817542e-07 
 5.11200000e-04  1.73495217e-07 
 5.11300000e-04  1.73375849e-07 
 5.11400000e-04  1.73270107e-07 
 5.11500000e-04  1.73223758e-07 
 5.11600000e-04  1.59242774e-07 
 5.11700000e-04  1.58770667e-07 
 5.11800000e-04  1.58538738e-07 
 5.11900000e-04  1.58364624e-07 
 5.12000000e-04  1.58250159e-07 
 5.12100000e-04  1.74485102e-07 
 5.12200000e-04  1.74264162e-07 
 5.12300000e-04  1.74165581e-07 
 5.12400000e-04  1.74075990e-07 
 5.12500000e-04  1.74029194e-07 
 5.12600000e-04  1.61203622e-07 
 5.12700000e-04  1.60868175e-07 
 5.12800000e-04  1.60695164e-07 
 5.12900000e-04  1.60571862e-07 
 5.13000000e-04  1.60499846e-07 
 5.13100000e-04  1.74235572e-07 
 5.13200000e-04  1.73979304e-07 
 5.13300000e-04  1.73888638e-07 
 5.13400000e-04  1.73810091e-07 
 5.13500000e-04  1.73773655e-07 
 5.13600000e-04  1.59693748e-07 
 5.13700000e-04  1.59317112e-07 
 5.13800000e-04  1.59098311e-07 
 5.13900000e-04  1.58940141e-07 
 5.14000000e-04  1.58844525e-07 
 5.14100000e-04  1.75623117e-07 
 5.14200000e-04  1.75291655e-07 
 5.14300000e-04  1.75168472e-07 
 5.14400000e-04  1.75059928e-07 
 5.14500000e-04  1.75017617e-07 
 5.14600000e-04  1.63462827e-07 
 5.14700000e-04  1.63110899e-07 
 5.14800000e-04  1.62952731e-07 
 5.14900000e-04  1.62839290e-07 
 5.15000000e-04  1.62771995e-07 
 5.15100000e-04  1.74329493e-07 
 5.15200000e-04  1.74029043e-07 
 5.15300000e-04  1.73926782e-07 
 5.15400000e-04  1.73838705e-07 
 5.15500000e-04  1.73788340e-07 
 5.15600000e-04  1.59761947e-07 
 5.15700000e-04  1.59322257e-07 
 5.15800000e-04  1.59104285e-07 
 5.15900000e-04  1.58944886e-07 
 5.16000000e-04  1.58845918e-07 
 5.16100000e-04  1.75100457e-07 
 5.16200000e-04  1.74884912e-07 
 5.16300000e-04  1.74785558e-07 
 5.16400000e-04  1.74694768e-07 
 5.16500000e-04  1.74641722e-07 
 5.16600000e-04  1.61799792e-07 
 5.16700000e-04  1.61468948e-07 
 5.16800000e-04  1.61288010e-07 
 5.16900000e-04  1.61156760e-07 
 5.17000000e-04  1.61076775e-07 
 5.17100000e-04  1.74851743e-07 
 5.17200000e-04  1.74612150e-07 
 5.17300000e-04  1.74509698e-07 
 5.17400000e-04  1.74416768e-07 
 5.17500000e-04  1.74381660e-07 
 5.17600000e-04  1.60293502e-07 
 5.17700000e-04  1.59907939e-07 
 5.17800000e-04  1.59685645e-07 
 5.17900000e-04  1.59527802e-07 
 5.18000000e-04  1.59436456e-07 
 5.18100000e-04  1.88939979e-07 
 5.18200000e-04  1.86324200e-07 
 5.18300000e-04  1.85516853e-07 
 5.18400000e-04  1.85259159e-07 
 5.18500000e-04  1.85001464e-07 
 5.18600000e-04  1.75732333e-07 
 5.18700000e-04  1.74600960e-07 
 5.18800000e-04  1.74275367e-07 
 5.18900000e-04  1.74066568e-07 
 5.19000000e-04  1.73976666e-07 
 5.19100000e-04  1.71284331e-07 
 5.19200000e-04  1.70507699e-07 
 5.19300000e-04  1.70299517e-07 
 5.19400000e-04  1.70127914e-07 
 5.19500000e-04  1.70068667e-07 
 5.19600000e-04  1.57648996e-07 
 5.19700000e-04  1.56967609e-07 
 5.19800000e-04  1.56706536e-07 
 5.19900000e-04 -0.00000000e+00 
 5.20000000e-04  1.56573961e-07 
