 time            -i(vdd)        
 2.60000000e-04 -1.26577369e-04 
 2.60100000e-04  1.83731733e-07 
 2.60200000e-04  1.75017188e-07 
 2.60300000e-04  1.72689598e-07 
 2.60400000e-04  1.70727211e-07 
 2.60500000e-04  1.70076481e-07 
 2.60600000e-04  1.76681050e-07 
 2.60700000e-04  1.75910406e-07 
 2.60800000e-04  1.75484948e-07 
 2.60900000e-04  1.75139067e-07 
 2.61000000e-04  1.74874489e-07 
 2.61100000e-04  1.56452794e-07 
 2.61200000e-04  1.54082586e-07 
 2.61300000e-04  1.53474468e-07 
 2.61400000e-04  1.52982602e-07 
 2.61500000e-04  1.52791838e-07 
 2.61600000e-04  1.38890090e-07 
 2.61700000e-04  1.37641601e-07 
 2.61800000e-04  1.37195318e-07 
 2.61900000e-04  1.36877824e-07 
 2.62000000e-04  1.36693206e-07 
 2.62100000e-04  1.61894095e-07 
 2.62200000e-04  1.60617286e-07 
 2.62300000e-04  1.60333295e-07 
 2.62400000e-04  1.60129698e-07 
 2.62500000e-04  1.60039309e-07 
 2.62600000e-04  1.48509761e-07 
 2.62700000e-04  1.47915079e-07 
 2.62800000e-04  1.47635273e-07 
 2.62900000e-04  1.47423249e-07 
 2.63000000e-04  1.47280455e-07 
 2.63100000e-04  1.99993386e-07 
 2.63200000e-04  1.94211514e-07 
 2.63300000e-04  1.92918939e-07 
 2.63400000e-04  1.91921491e-07 
 2.63500000e-04  1.91649556e-07 
 2.63600000e-04  1.78198911e-07 
 2.63700000e-04  1.77563992e-07 
 2.63800000e-04  1.77239581e-07 
 2.63900000e-04  1.76993026e-07 
 2.64000000e-04  1.76826795e-07 
 2.64100000e-04  1.72669130e-07 
 2.64200000e-04  1.68073962e-07 
 2.64300000e-04  1.67026883e-07 
 2.64400000e-04  1.66211601e-07 
 2.64500000e-04  1.65971325e-07 
 2.64600000e-04  1.53753357e-07 
 2.64700000e-04  1.53123055e-07 
 2.64800000e-04  1.52822010e-07 
 2.64900000e-04  1.52595245e-07 
 2.65000000e-04  1.52445114e-07 
 2.65100000e-04  1.66019006e-07 
 2.65200000e-04  1.65520380e-07 
 2.65300000e-04  1.65363732e-07 
 2.65400000e-04  1.65230077e-07 
 2.65500000e-04  1.65185470e-07 
 2.65600000e-04  1.51592074e-07 
 2.65700000e-04  1.51150591e-07 
 2.65800000e-04  1.50903423e-07 
 2.65900000e-04  1.50727828e-07 
 2.66000000e-04  1.50626068e-07 
 2.66100000e-04  1.66992552e-07 
 2.66200000e-04  1.66740130e-07 
 2.66300000e-04  1.66642659e-07 
 2.66400000e-04  1.66554965e-07 
 2.66500000e-04  1.66506087e-07 
 2.66600000e-04  1.55431943e-07 
 2.66700000e-04  1.55033082e-07 
 2.66800000e-04  1.54817458e-07 
 2.66900000e-04  1.54667370e-07 
 2.67000000e-04  1.54584892e-07 
 2.67100000e-04  1.66081584e-07 
 2.67200000e-04  1.65565002e-07 
 2.67300000e-04  1.65411493e-07 
 2.67400000e-04  1.65280774e-07 
 2.67500000e-04  1.65221343e-07 
 2.67600000e-04  1.51669633e-07 
 2.67700000e-04  1.51175568e-07 
 2.67800000e-04  1.50915992e-07 
 2.67900000e-04  1.50720886e-07 
 2.68000000e-04  1.50592291e-07 
 2.68100000e-04  1.66385048e-07 
 2.68200000e-04  1.66213002e-07 
 2.68300000e-04  1.66134880e-07 
 2.68400000e-04  1.66063386e-07 
 2.68500000e-04  1.66029937e-07 
 2.68600000e-04  1.53640886e-07 
 2.68700000e-04  1.53252416e-07 
 2.68800000e-04  1.53045583e-07 
 2.68900000e-04  1.52895584e-07 
 2.69000000e-04  1.52804214e-07 
 2.69100000e-04  1.66133662e-07 
 2.69200000e-04  1.65911383e-07 
 2.69300000e-04  1.65835691e-07 
 2.69400000e-04  1.65770783e-07 
 2.69500000e-04  1.65747951e-07 
 2.69600000e-04  1.52107890e-07 
 2.69700000e-04  1.51661304e-07 
 2.69800000e-04  1.51423420e-07 
 2.69900000e-04  1.51245677e-07 
 2.70000000e-04  1.51129976e-07 
 2.70100000e-04  1.68010543e-07 
 2.70200000e-04  1.67638323e-07 
 2.70300000e-04  1.67505829e-07 
 2.70400000e-04  1.67388457e-07 
 2.70500000e-04  1.67318836e-07 
 2.70600000e-04  1.57533027e-07 
 2.70700000e-04  1.57127796e-07 
 2.70800000e-04  1.56924804e-07 
 2.70900000e-04  1.56785779e-07 
 2.71000000e-04  1.56712742e-07 
 2.71100000e-04  1.66102320e-07 
 2.71200000e-04  1.65544917e-07 
 2.71300000e-04  1.65376892e-07 
 2.71400000e-04  1.65233088e-07 
 2.71500000e-04  1.65194687e-07 
 2.71600000e-04  1.51636846e-07 
 2.71700000e-04  1.51105547e-07 
 2.71800000e-04  1.50844696e-07 
 2.71900000e-04  1.50645270e-07 
 2.72000000e-04  1.50509209e-07 
 2.72100000e-04  1.66320142e-07 
 2.72200000e-04  1.66149712e-07 
 2.72300000e-04  1.66075564e-07 
 2.72400000e-04  1.66008208e-07 
 2.72500000e-04  1.65963510e-07 
 2.72600000e-04  1.53584276e-07 
 2.72700000e-04  1.53196876e-07 
 2.72800000e-04  1.52986324e-07 
 2.72900000e-04  1.52831586e-07 
 2.73000000e-04  1.52734422e-07 
 2.73100000e-04  1.66059850e-07 
 2.73200000e-04  1.65854829e-07 
 2.73300000e-04  1.65780797e-07 
 2.73400000e-04  1.65715871e-07 
 2.73500000e-04  1.65694302e-07 
 2.73600000e-04  1.52058607e-07 
 2.73700000e-04  1.51624599e-07 
 2.73800000e-04  1.51372613e-07 
 2.73900000e-04  1.51191540e-07 
 2.74000000e-04  1.51083620e-07 
 2.74100000e-04  1.67432975e-07 
 2.74200000e-04  1.67157755e-07 
 2.74300000e-04  1.67058934e-07 
 2.74400000e-04  1.66971844e-07 
 2.74500000e-04  1.66919058e-07 
 2.74600000e-04  1.55807160e-07 
 2.74700000e-04  1.55416757e-07 
 2.74800000e-04  1.55210486e-07 
 2.74900000e-04  1.55069310e-07 
 2.75000000e-04  1.54995281e-07 
 2.75100000e-04  1.66141874e-07 
 2.75200000e-04  1.65903867e-07 
 2.75300000e-04  1.65815466e-07 
 2.75400000e-04  1.65736790e-07 
 2.75500000e-04  1.65710194e-07 
 2.75600000e-04  1.52106210e-07 
 2.75700000e-04  1.51631337e-07 
 2.75800000e-04  1.51382362e-07 
 2.75900000e-04  1.51190517e-07 
 2.76000000e-04  1.51057600e-07 
 2.76100000e-04  1.66897269e-07 
 2.76200000e-04  1.66720472e-07 
 2.76300000e-04  1.66648846e-07 
 2.76400000e-04  1.66584533e-07 
 2.76500000e-04  1.66552058e-07 
 2.76600000e-04  1.54149048e-07 
 2.76700000e-04  1.53751258e-07 
 2.76800000e-04  1.53542750e-07 
 2.76900000e-04  1.53399019e-07 
 2.77000000e-04  1.53322103e-07 
 2.77100000e-04  1.66668050e-07 
 2.77200000e-04  1.66448251e-07 
 2.77300000e-04  1.66378451e-07 
 2.77400000e-04  1.66319828e-07 
 2.77500000e-04  1.66279950e-07 
 2.77600000e-04  1.52641336e-07 
 2.77700000e-04  1.52189504e-07 
 2.77800000e-04  1.51958469e-07 
 2.77900000e-04  1.51779783e-07 
 2.78000000e-04  1.51655092e-07 
 2.78100000e-04  1.69109192e-07 
 2.78200000e-04  1.68606082e-07 
 2.78300000e-04  1.68449380e-07 
 2.78400000e-04  1.68315971e-07 
 2.78500000e-04  1.68254719e-07 
 2.78600000e-04  1.59707849e-07 
 2.78700000e-04  1.59333417e-07 
 2.78800000e-04  1.59129578e-07 
 2.78900000e-04  1.58999478e-07 
 2.79000000e-04  1.58945440e-07 
 2.79100000e-04  1.66278065e-07 
 2.79200000e-04  1.65618920e-07 
 2.79300000e-04  1.65432785e-07 
 2.79400000e-04  1.65277373e-07 
 2.79500000e-04  1.65209995e-07 
 2.79600000e-04  1.51667916e-07 
 2.79700000e-04  1.51113837e-07 
 2.79800000e-04  1.50843248e-07 
 2.79900000e-04  1.50635827e-07 
 2.80000000e-04  1.50493545e-07 
 2.80100000e-04  1.68238004e-07 
 2.80200000e-04  1.67727833e-07 
 2.80300000e-04  1.67564458e-07 
 2.80400000e-04  1.67490606e-07 
 2.80500000e-04  1.67445680e-07 
 2.80600000e-04  1.54572392e-07 
 2.80700000e-04  1.54017094e-07 
 2.80800000e-04  1.53749604e-07 
 2.80900000e-04  1.53555417e-07 
 2.81000000e-04  1.53436083e-07 
 2.81100000e-04  1.03752965e-04 
 2.81200000e-04  1.03752555e-04 
 2.81300000e-04  1.03752443e-04 
 2.81400000e-04  1.03752353e-04 
 2.81500000e-04  1.03752305e-04 
 2.81600000e-04  1.03738689e-04 
 2.81700000e-04  1.03738216e-04 
 2.81800000e-04  1.03737970e-04 
 2.81900000e-04  1.03737786e-04 
 2.82000000e-04  1.03737666e-04 
 2.82100000e-04  1.68573706e-07 
 2.82200000e-04  1.68241367e-07 
 2.82300000e-04  1.68133251e-07 
 2.82400000e-04  1.68041000e-07 
 2.82500000e-04  1.68004170e-07 
 2.82600000e-04  1.56894247e-07 
 2.82700000e-04  1.56476259e-07 
 2.82800000e-04  1.56283569e-07 
 2.82900000e-04  1.56152464e-07 
 2.83000000e-04  1.56084880e-07 
 2.83100000e-04  1.67264153e-07 
 2.83200000e-04  1.67009795e-07 
 2.83300000e-04  1.66926391e-07 
 2.83400000e-04  1.66854785e-07 
 2.83500000e-04  1.66820035e-07 
 2.83600000e-04  1.53163210e-07 
 2.83700000e-04  1.52691203e-07 
 2.83800000e-04  1.52451850e-07 
 2.83900000e-04  1.52270785e-07 
 2.84000000e-04  1.52149836e-07 
 2.84100000e-04  1.68030334e-07 
 2.84200000e-04  1.67861072e-07 
 2.84300000e-04  1.67779467e-07 
 2.84400000e-04  1.67703624e-07 
 2.84500000e-04  1.67659674e-07 
 2.84600000e-04  1.55207654e-07 
 2.84700000e-04  1.54806344e-07 
 2.84800000e-04  1.54605343e-07 
 2.84900000e-04  1.54468486e-07 
 2.85000000e-04  1.54397785e-07 
 2.85100000e-04  1.67790781e-07 
 2.85200000e-04  1.67584885e-07 
 2.85300000e-04  1.67508902e-07 
 2.85400000e-04  1.67441669e-07 
 2.85500000e-04  1.67402604e-07 
 2.85600000e-04  1.53695077e-07 
 2.85700000e-04  1.53266820e-07 
 2.85800000e-04  1.53020694e-07 
 2.85900000e-04  1.52841198e-07 
 2.86000000e-04  1.52730422e-07 
 2.86100000e-04  1.69705289e-07 
 2.86200000e-04  1.69317719e-07 
 2.86300000e-04  1.69175110e-07 
 2.86400000e-04  1.69048420e-07 
 2.86500000e-04  1.69002868e-07 
 2.86600000e-04  1.59103880e-07 
 2.86700000e-04  1.58716437e-07 
 2.86800000e-04  1.58523022e-07 
 2.86900000e-04  1.58394897e-07 
 2.87000000e-04  1.58334105e-07 
 2.87100000e-04  1.67392342e-07 
 2.87200000e-04  1.67095276e-07 
 2.87300000e-04  1.66988661e-07 
 2.87400000e-04  1.66894784e-07 
 2.87500000e-04  1.66869857e-07 
 2.87600000e-04  1.53224643e-07 
 2.87700000e-04  1.52712871e-07 
 2.87800000e-04  1.52454574e-07 
 2.87900000e-04  1.52263093e-07 
 2.88000000e-04  1.52140524e-07 
 2.88100000e-04  1.68053492e-07 
 2.88200000e-04  1.67865946e-07 
 2.88300000e-04  1.67789480e-07 
 2.88400000e-04  1.67721610e-07 
 2.88500000e-04  1.67683696e-07 
 2.88600000e-04  1.55186993e-07 
 2.88700000e-04  1.54823489e-07 
 2.88800000e-04  1.54610155e-07 
 2.88900000e-04  1.54460472e-07 
 2.89000000e-04  1.54376433e-07 
 2.89100000e-04  1.67803718e-07 
 2.89200000e-04  1.67591277e-07 
 2.89300000e-04  1.67512043e-07 
 2.89400000e-04  1.67442037e-07 
 2.89500000e-04  1.67408339e-07 
 2.89600000e-04  1.53683719e-07 
 2.89700000e-04  1.53251410e-07 
 2.89800000e-04  1.53016533e-07 
 2.89900000e-04  1.52841633e-07 
 2.90000000e-04  1.52728584e-07 
 2.90100000e-04  1.69160343e-07 
 2.90200000e-04  1.68875386e-07 
 2.90300000e-04  1.68772326e-07 
 2.90400000e-04  1.68681489e-07 
 2.90500000e-04  1.68634322e-07 
 2.90600000e-04  1.57456414e-07 
 2.90700000e-04  1.57057658e-07 
 2.90800000e-04  1.56856537e-07 
 2.90900000e-04  1.56721426e-07 
 2.91000000e-04  1.56654393e-07 
 2.91100000e-04  1.67867890e-07 
 2.91200000e-04  1.67616547e-07 
 2.91300000e-04  1.67535597e-07 
 2.91400000e-04  1.67465847e-07 
 2.91500000e-04  1.67426681e-07 
 2.91600000e-04  1.53742328e-07 
 2.91700000e-04  1.53267402e-07 
 2.91800000e-04  1.53016521e-07 
 2.91900000e-04  1.52832924e-07 
 2.92000000e-04  1.52718718e-07 
 2.92100000e-04  1.68645840e-07 
 2.92200000e-04  1.68458946e-07 
 2.92300000e-04  1.68383463e-07 
 2.92400000e-04  1.68315965e-07 
 2.92500000e-04  1.68271413e-07 
 2.92600000e-04  1.55765814e-07 
 2.92700000e-04  1.55391941e-07 
 2.92800000e-04  1.55191928e-07 
 2.92900000e-04  1.55055596e-07 
 2.93000000e-04  1.54984933e-07 
 2.93100000e-04  1.68406433e-07 
 2.93200000e-04  1.68202159e-07 
 2.93300000e-04  1.68123050e-07 
 2.93400000e-04  1.68052023e-07 
 2.93500000e-04  1.68013018e-07 
 2.93600000e-04  1.54253451e-07 
 2.93700000e-04  1.53837351e-07 
 2.93800000e-04  1.53609455e-07 
 2.93900000e-04  1.53435713e-07 
 2.94000000e-04  1.53317814e-07 
 2.94100000e-04  1.71376300e-07 
 2.94200000e-04  1.70770216e-07 
 2.94300000e-04  1.70577503e-07 
 2.94400000e-04  1.70411764e-07 
 2.94500000e-04  1.70348417e-07 
 2.94600000e-04  1.63019377e-07 
 2.94700000e-04  1.62619736e-07 
 2.94800000e-04  1.62445826e-07 
 2.94900000e-04  1.62336545e-07 
 2.95000000e-04  1.62293910e-07 
 2.95100000e-04  1.67726757e-07 
 2.95200000e-04  1.66857547e-07 
 2.95300000e-04  1.66615953e-07 
 2.95400000e-04  1.66414838e-07 
 2.95500000e-04  1.66339594e-07 
 2.95600000e-04  1.52793147e-07 
 2.95700000e-04  1.52173608e-07 
 2.95800000e-04  1.51905633e-07 
 2.95900000e-04  1.51706156e-07 
 2.96000000e-04  1.51577321e-07 
 2.96100000e-04  1.67457534e-07 
 2.96200000e-04  1.67286875e-07 
 2.96300000e-04  1.67201418e-07 
 2.96400000e-04  1.67121796e-07 
 2.96500000e-04  1.67074887e-07 
 2.96600000e-04  1.54624683e-07 
 2.96700000e-04  1.54241681e-07 
 2.96800000e-04  1.54032542e-07 
 2.96900000e-04  1.53886232e-07 
 2.97000000e-04  1.53804709e-07 
 2.97100000e-04  1.67176964e-07 
 2.97200000e-04  1.66974683e-07 
 2.97300000e-04  1.66903026e-07 
 2.97400000e-04  1.66840327e-07 
 2.97500000e-04  1.66797822e-07 
 2.97600000e-04  1.53105078e-07 
 2.97700000e-04  1.52666769e-07 
 2.97800000e-04  1.52424599e-07 
 2.97900000e-04  1.52244737e-07 
 2.98000000e-04  1.52129122e-07 
 2.98100000e-04  1.68542009e-07 
 2.98200000e-04  1.68255039e-07 
 2.98300000e-04  1.68153232e-07 
 2.98400000e-04  1.68064115e-07 
 2.98500000e-04  1.68030251e-07 
 2.98600000e-04  1.56860662e-07 
 2.98700000e-04  1.56455695e-07 
 2.98800000e-04  1.56265746e-07 
 2.98900000e-04  1.56133356e-07 
 2.99000000e-04  1.56060317e-07 
 2.99100000e-04  1.67263041e-07 
 2.99200000e-04  1.66994759e-07 
 2.99300000e-04  1.66911376e-07 
 2.99400000e-04  1.66840986e-07 
 2.99500000e-04  1.66801937e-07 
 2.99600000e-04  1.53148255e-07 
 2.99700000e-04  1.52664536e-07 
 2.99800000e-04  1.52419627e-07 
 2.99900000e-04  1.52235145e-07 
 3.00000000e-04  1.52112969e-07 
 3.00100000e-04  1.68023877e-07 
 3.00200000e-04  1.67850286e-07 
 3.00300000e-04  1.67768029e-07 
 3.00400000e-04  1.67692307e-07 
 3.00500000e-04  1.67648740e-07 
 3.00600000e-04  1.55195148e-07 
 3.00700000e-04  1.54805145e-07 
 3.00800000e-04  1.54609587e-07 
 3.00900000e-04  1.54461699e-07 
 3.01000000e-04  1.54362958e-07 
 3.01100000e-04  1.67783223e-07 
 3.01200000e-04  1.67566659e-07 
 3.01300000e-04  1.67490805e-07 
 3.01400000e-04  1.67424897e-07 
 3.01500000e-04  1.67391251e-07 
 3.01600000e-04  1.53669627e-07 
 3.01700000e-04  1.53235858e-07 
 3.01800000e-04  1.53004765e-07 
 3.01900000e-04  1.52831359e-07 
 3.02000000e-04  1.52717428e-07 
 3.02100000e-04  1.69691574e-07 
 3.02200000e-04  1.69295031e-07 
 3.02300000e-04  1.69156149e-07 
 3.02400000e-04  1.69034397e-07 
 3.02500000e-04  1.68993120e-07 
 3.02600000e-04  1.59083867e-07 
 3.02700000e-04  1.58707654e-07 
 3.02800000e-04  1.58525460e-07 
 3.02900000e-04  1.58402349e-07 
 3.03000000e-04  1.58340157e-07 
 3.03100000e-04  1.67361856e-07 
 3.03200000e-04  1.67072531e-07 
 3.03300000e-04  1.66979716e-07 
 3.03400000e-04  1.66899855e-07 
 3.03500000e-04  1.66851131e-07 
 3.03600000e-04  1.53218387e-07 
 3.03700000e-04  1.52709701e-07 
 3.03800000e-04  1.52454192e-07 
 3.03900000e-04  1.52265776e-07 
 3.04000000e-04  1.52146539e-07 
 3.04100000e-04  1.68043720e-07 
 3.04200000e-04  1.67857825e-07 
 3.04300000e-04  1.67777338e-07 
 3.04400000e-04  1.67704409e-07 
 3.04500000e-04  1.67657370e-07 
 3.04600000e-04  1.55171730e-07 
 3.04700000e-04  1.54810658e-07 
 3.04800000e-04  1.54599715e-07 
 3.04900000e-04  1.54457441e-07 
 3.05000000e-04  1.54385930e-07 
 3.05100000e-04  1.69540617e-07 
 3.05200000e-04  1.69042034e-07 
 3.05300000e-04  1.68878068e-07 
 3.05400000e-04  1.68798210e-07 
 3.05500000e-04  1.68745530e-07 
 3.05600000e-04  1.54523182e-07 
 3.05700000e-04  1.53938807e-07 
 3.05800000e-04  1.53672679e-07 
 3.05900000e-04  1.53482501e-07 
 3.06000000e-04  1.53369855e-07 
 3.06100000e-04  1.03756094e-04 
 3.06200000e-04  1.03755606e-04 
 3.06300000e-04  1.03755455e-04 
 3.06400000e-04  1.03755327e-04 
 3.06500000e-04  1.03755281e-04 
 3.06600000e-04  1.03744092e-04 
 3.06700000e-04  1.03743694e-04 
 3.06800000e-04  1.03743486e-04 
 3.06900000e-04  1.03743349e-04 
 3.07000000e-04  1.03743287e-04 
 3.07100000e-04  1.69025095e-07 
 3.07200000e-04  1.68726589e-07 
 3.07300000e-04  1.68632804e-07 
 3.07400000e-04  1.68552762e-07 
 3.07500000e-04  1.68533089e-07 
 3.07600000e-04  1.54827176e-07 
 3.07700000e-04  1.54333422e-07 
 3.07800000e-04  1.54098298e-07 
 3.07900000e-04  1.53924565e-07 
 3.08000000e-04  1.53814128e-07 
 3.08100000e-04  1.69790878e-07 
 3.08200000e-04  1.69617499e-07 
 3.08300000e-04  1.69527282e-07 
 3.08400000e-04  1.69442397e-07 
 3.08500000e-04  1.69402745e-07 
 3.08600000e-04  1.56854516e-07 
 3.08700000e-04  1.56486301e-07 
 3.08800000e-04  1.56280611e-07 
 3.08900000e-04  1.56141240e-07 
 3.09000000e-04  1.56070243e-07 
 3.09100000e-04  1.69554051e-07 
 3.09200000e-04  1.69328961e-07 
 3.09300000e-04  1.69247708e-07 
 3.09400000e-04  1.69176759e-07 
 3.09500000e-04  1.69151816e-07 
 3.09600000e-04  1.55343863e-07 
 3.09700000e-04  1.54910871e-07 
 3.09800000e-04  1.54681327e-07 
 3.09900000e-04  1.54514674e-07 
 3.10000000e-04  1.54412861e-07 
 3.10100000e-04  1.71994308e-07 
 3.10200000e-04  1.71489333e-07 
 3.10300000e-04  1.71317036e-07 
 3.10400000e-04  1.71166611e-07 
 3.10500000e-04  1.71121400e-07 
 3.10600000e-04  1.62419435e-07 
 3.10700000e-04  1.62050760e-07 
 3.10800000e-04  1.61868648e-07 
 3.10900000e-04  1.61748679e-07 
 3.11000000e-04  1.61692778e-07 
 3.11100000e-04  1.68800567e-07 
 3.11200000e-04  1.68411594e-07 
 3.11300000e-04  1.68259913e-07 
 3.11400000e-04  1.68123901e-07 
 3.11500000e-04  1.68063693e-07 
 3.11600000e-04  1.54403419e-07 
 3.11700000e-04  1.53829697e-07 
 3.11800000e-04  1.53566281e-07 
 3.11900000e-04  1.53371212e-07 
 3.12000000e-04  1.53246612e-07 
 3.12100000e-04  1.69210661e-07 
 3.12200000e-04  1.69038033e-07 
 3.12300000e-04  1.68945208e-07 
 3.12400000e-04  1.68857241e-07 
 3.12500000e-04  1.68823486e-07 
 3.12600000e-04  1.56277059e-07 
 3.12700000e-04  1.55895251e-07 
 3.12800000e-04  1.55697144e-07 
 3.12900000e-04  1.55556359e-07 
 3.13000000e-04  1.55474664e-07 
 3.13100000e-04  1.68950075e-07 
 3.13200000e-04  1.68723265e-07 
 3.13300000e-04  1.68646920e-07 
 3.13400000e-04  1.68581577e-07 
 3.13500000e-04  1.68535835e-07 
 3.13600000e-04  1.54757399e-07 
 3.13700000e-04  1.54337200e-07 
 3.13800000e-04  1.54102507e-07 
 3.13900000e-04  1.53927219e-07 
 3.14000000e-04  1.53813172e-07 
 3.14100000e-04  1.70329393e-07 
 3.14200000e-04  1.70024124e-07 
 3.14300000e-04  1.69917751e-07 
 3.14400000e-04  1.69825733e-07 
 3.14500000e-04  1.69781219e-07 
 3.14600000e-04  1.58516491e-07 
 3.14700000e-04  1.58120837e-07 
 3.14800000e-04  1.57935946e-07 
 3.14900000e-04  1.57810459e-07 
 3.15000000e-04  1.57746209e-07 
 3.15100000e-04  1.69010628e-07 
 3.15200000e-04  1.68762361e-07 
 3.15300000e-04  1.68675789e-07 
 3.15400000e-04  1.68599666e-07 
 3.15500000e-04  1.68563720e-07 
 3.15600000e-04  1.54797840e-07 
 3.15700000e-04  1.54322986e-07 
 3.15800000e-04  1.54093384e-07 
 3.15900000e-04  1.53918259e-07 
 3.16000000e-04  1.53799290e-07 
 3.16100000e-04  1.69791524e-07 
 3.16200000e-04  1.69595062e-07 
 3.16300000e-04  1.69519254e-07 
 3.16400000e-04  1.69452516e-07 
 3.16500000e-04  1.69397639e-07 
 3.16600000e-04  1.56832142e-07 
 3.16700000e-04  1.56465496e-07 
 3.16800000e-04  1.56270541e-07 
 3.16900000e-04  1.56135399e-07 
 3.17000000e-04  1.56061915e-07 
 3.17100000e-04  1.69556215e-07 
 3.17200000e-04  1.69328771e-07 
 3.17300000e-04  1.69247816e-07 
 3.17400000e-04  1.69177263e-07 
 3.17500000e-04  1.69139125e-07 
 3.17600000e-04  1.55332637e-07 
 3.17700000e-04  1.54896045e-07 
 3.17800000e-04  1.54673137e-07 
 3.17900000e-04  1.54502525e-07 
 3.18000000e-04  1.54385816e-07 
 3.18100000e-04  1.71464095e-07 
 3.18200000e-04  1.71055104e-07 
 3.18300000e-04  1.70916517e-07 
 3.18400000e-04  1.70796366e-07 
 3.18500000e-04  1.70732527e-07 
 3.18600000e-04  1.60746273e-07 
 3.18700000e-04  1.60362857e-07 
 3.18800000e-04  1.60193993e-07 
 3.18900000e-04  1.60075935e-07 
 3.19000000e-04  1.60010242e-07 
 3.19100000e-04  1.69141491e-07 
 3.19200000e-04  1.68841622e-07 
 3.19300000e-04  1.68740128e-07 
 3.19400000e-04  1.68651832e-07 
 3.19500000e-04  1.68598534e-07 
 3.19600000e-04  1.54872015e-07 
 3.19700000e-04  1.54373533e-07 
 3.19800000e-04  1.54114061e-07 
 3.19900000e-04  1.53925865e-07 
 3.20000000e-04  1.53811150e-07 
 3.20100000e-04  1.69809989e-07 
 3.20200000e-04  1.69627226e-07 
 3.20300000e-04  1.69534507e-07 
 3.20400000e-04  1.69447824e-07 
 3.20500000e-04  1.69421787e-07 
 3.20600000e-04  1.56839052e-07 
 3.20700000e-04  1.56461636e-07 
 3.20800000e-04  1.56265699e-07 
 3.20900000e-04  1.56127433e-07 
 3.21000000e-04  1.56048612e-07 
 3.21100000e-04  1.69552039e-07 
 3.21200000e-04  1.69319967e-07 
 3.21300000e-04  1.69240133e-07 
 3.21400000e-04  1.69171105e-07 
 3.21500000e-04  1.69156372e-07 
 3.21600000e-04  1.55325720e-07 
 3.21700000e-04  1.54903412e-07 
 3.21800000e-04  1.54686124e-07 
 3.21900000e-04  1.54519427e-07 
 3.22000000e-04  1.54404868e-07 
 3.22100000e-04  1.70930290e-07 
 3.22200000e-04  1.70631915e-07 
 3.22300000e-04  1.70525852e-07 
 3.22400000e-04  1.70433067e-07 
 3.22500000e-04  1.70370547e-07 
 3.22600000e-04  1.59091968e-07 
 3.22700000e-04  1.58713787e-07 
 3.22800000e-04  1.58526789e-07 
 3.22900000e-04  1.58398082e-07 
 3.23000000e-04  1.58329458e-07 
 3.23100000e-04  1.69646296e-07 
 3.23200000e-04  1.69378638e-07 
 3.23300000e-04  1.69282968e-07 
 3.23400000e-04  1.69198783e-07 
 3.23500000e-04  1.69165632e-07 
 3.23600000e-04  1.55377284e-07 
 3.23700000e-04  1.54913143e-07 
 3.23800000e-04  1.54680114e-07 
 3.23900000e-04  1.54505674e-07 
 3.24000000e-04  1.54391625e-07 
 3.24100000e-04  1.70409568e-07 
 3.24200000e-04  1.70211906e-07 
 3.24300000e-04  1.70132181e-07 
 3.24400000e-04  1.70061241e-07 
 3.24500000e-04  1.70015235e-07 
 3.24600000e-04  1.57415087e-07 
 3.24700000e-04  1.57057671e-07 
 3.24800000e-04  1.56866549e-07 
 3.24900000e-04  1.56732519e-07 
 3.25000000e-04  1.56657329e-07 
 3.25100000e-04  1.70178294e-07 
 3.25200000e-04  1.69958655e-07 
 3.25300000e-04  1.69868482e-07 
 3.25400000e-04  1.69787362e-07 
 3.25500000e-04  1.69752481e-07 
 3.25600000e-04  1.55920459e-07 
 3.25700000e-04  1.55501252e-07 
 3.25800000e-04  1.55266693e-07 
 3.25900000e-04  1.55096749e-07 
 3.26000000e-04  1.54993407e-07 
 3.26100000e-04  1.73663819e-07 
 3.26200000e-04  1.72938345e-07 
 3.26300000e-04  1.72718422e-07 
 3.26400000e-04  1.72531942e-07 
 3.26500000e-04  1.72451234e-07 
 3.26600000e-04  1.66329092e-07 
 3.26700000e-04  1.65953956e-07 
 3.26800000e-04  1.65776540e-07 
 3.26900000e-04  1.65678805e-07 
 3.27000000e-04  1.65663218e-07 
 3.27100000e-04  1.68944485e-07 
 3.27200000e-04  1.68003850e-07 
 3.27300000e-04  1.67757318e-07 
 3.27400000e-04  1.67554855e-07 
 3.27500000e-04  1.67471612e-07 
 3.27600000e-04  1.53884885e-07 
 3.27700000e-04  1.53253847e-07 
 3.27800000e-04  1.52980563e-07 
 3.27900000e-04  1.52775284e-07 
 3.28000000e-04  1.52640103e-07 
 3.28100000e-04  1.68599331e-07 
 3.28200000e-04  1.68414083e-07 
 3.28300000e-04  1.68324790e-07 
 3.28400000e-04  1.68242132e-07 
 3.28500000e-04  1.68206382e-07 
 3.28600000e-04  1.55670157e-07 
 3.28700000e-04  1.55299461e-07 
 3.28800000e-04  1.55097580e-07 
 3.28900000e-04  1.54957391e-07 
 3.29000000e-04  1.54880789e-07 
 3.29100000e-04  1.68323878e-07 
 3.29200000e-04  1.68095765e-07 
 3.29300000e-04  1.68017621e-07 
 3.29400000e-04  1.67950335e-07 
 3.29500000e-04  1.67920141e-07 
 3.29600000e-04  1.54157659e-07 
 3.29700000e-04  1.53743078e-07 
 3.29800000e-04  1.53506899e-07 
 3.29900000e-04  1.53329038e-07 
 3.30000000e-04  1.53211278e-07 
 3.30100000e-04  1.69701876e-07 
 3.30200000e-04  1.69401046e-07 
 3.30300000e-04  1.69292750e-07 
 3.30400000e-04  1.69197851e-07 
 3.30500000e-04  1.69141591e-07 
 3.30600000e-04  1.57922697e-07 
 3.30700000e-04  1.57527771e-07 
 3.30800000e-04  1.57338353e-07 
 3.30900000e-04  1.57206476e-07 
 3.31000000e-04  1.57133897e-07 
 3.31100000e-04  1.68388390e-07 
 3.31200000e-04  1.68130190e-07 
 3.31300000e-04  1.68042060e-07 
 3.31400000e-04  1.67965164e-07 
 3.31500000e-04  1.67936302e-07 
 3.31600000e-04  1.54208584e-07 
 3.31700000e-04  1.53740942e-07 
 3.31800000e-04  1.53507559e-07 
 3.31900000e-04  1.53328876e-07 
 3.32000000e-04  1.53206559e-07 
 3.32100000e-04  1.69161138e-07 
 3.32200000e-04  1.68968771e-07 
 3.32300000e-04  1.68894045e-07 
 3.32400000e-04  1.68827961e-07 
 3.32500000e-04  1.68782859e-07 
 3.32600000e-04  1.56250099e-07 
 3.32700000e-04  1.55864397e-07 
 3.32800000e-04  1.55672810e-07 
 3.32900000e-04  1.55534453e-07 
 3.33000000e-04  1.55450946e-07 
 3.33100000e-04  1.68920823e-07 
 3.33200000e-04  1.68708224e-07 
 3.33300000e-04  1.68628221e-07 
 3.33400000e-04  1.68557354e-07 
 3.33500000e-04  1.68518677e-07 
 3.33600000e-04  1.54729996e-07 
 3.33700000e-04  1.54305509e-07 
 3.33800000e-04  1.54086729e-07 
 3.33900000e-04  1.53911552e-07 
 3.34000000e-04  1.53781293e-07 
 3.34100000e-04  1.70828693e-07 
 3.34200000e-04  1.70433049e-07 
 3.34300000e-04  1.70300661e-07 
 3.34400000e-04  1.70186161e-07 
 3.34500000e-04  1.70115018e-07 
 3.34600000e-04  1.60171596e-07 
 3.34700000e-04  1.59772478e-07 
 3.34800000e-04  1.59595766e-07 
 3.34900000e-04  1.59473602e-07 
 3.35000000e-04  1.59407641e-07 
 3.35100000e-04  1.68510177e-07 
 3.35200000e-04  1.68209204e-07 
 3.35300000e-04  1.68105021e-07 
 3.35400000e-04  1.68013889e-07 
 3.35500000e-04  1.67984170e-07 
 3.35600000e-04  1.54277045e-07 
 3.35700000e-04  1.53762585e-07 
 3.35800000e-04  1.53520557e-07 
 3.35900000e-04  1.53334171e-07 
 3.36000000e-04  1.53205118e-07 
 3.36100000e-04  1.69184546e-07 
 3.36200000e-04  1.68996126e-07 
 3.36300000e-04  1.68910011e-07 
 3.36400000e-04  1.68831228e-07 
 3.36500000e-04  1.68787173e-07 
 3.36600000e-04  1.56256058e-07 
 3.36700000e-04  1.55869727e-07 
 3.36800000e-04  1.55685105e-07 
 3.36900000e-04  1.55549093e-07 
 3.37000000e-04  1.55463161e-07 
 3.37100000e-04  1.68924408e-07 
 3.37200000e-04  1.68701116e-07 
 3.37300000e-04  1.68625210e-07 
 3.37400000e-04  1.68559872e-07 
 3.37500000e-04  1.68524564e-07 
 3.37600000e-04  1.54738405e-07 
 3.37700000e-04  1.54314174e-07 
 3.37800000e-04  1.54080852e-07 
 3.37900000e-04  1.53909260e-07 
 3.38000000e-04  1.53801283e-07 
 3.38100000e-04  1.70308769e-07 
 3.38200000e-04  1.70010602e-07 
 3.38300000e-04  1.69905937e-07 
 3.38400000e-04  1.69814885e-07 
 3.38500000e-04  1.69763997e-07 
 3.38600000e-04  1.58486319e-07 
 3.38700000e-04  1.58137730e-07 
 3.38800000e-04  1.57934495e-07 
 3.38900000e-04  1.57800514e-07 
 3.39000000e-04  1.57737908e-07 
 3.39100000e-04  1.69009692e-07 
 3.39200000e-04  1.68754539e-07 
 3.39300000e-04  1.68667549e-07 
 3.39400000e-04  1.68591723e-07 
 3.39500000e-04  1.68561439e-07 
 3.39600000e-04  1.54797801e-07 
 3.39700000e-04  1.54341835e-07 
 3.39800000e-04  1.54089688e-07 
 3.39900000e-04  1.53907079e-07 
 3.40000000e-04  1.53796137e-07 
 3.40100000e-04  1.69782754e-07 
 3.40200000e-04  1.69587219e-07 
 3.40300000e-04  1.69509830e-07 
 3.40400000e-04  1.69441097e-07 
 3.40500000e-04  1.69401523e-07 
 3.40600000e-04  1.56835737e-07 
 3.40700000e-04  1.56454085e-07 
 3.40800000e-04  1.56261483e-07 
 3.40900000e-04  1.56124620e-07 
 3.41000000e-04  1.56045187e-07 
 3.41100000e-04  1.69539366e-07 
 3.41200000e-04  1.69310616e-07 
 3.41300000e-04  1.69231624e-07 
 3.41400000e-04  1.69163142e-07 
 3.41500000e-04  1.69128195e-07 
 3.41600000e-04  1.55317056e-07 
 3.41700000e-04  1.54891231e-07 
 3.41800000e-04  1.54664913e-07 
 3.41900000e-04  1.54498451e-07 
 3.42000000e-04  1.54393668e-07 
 3.42100000e-04  1.71983019e-07 
 3.42200000e-04  1.71471091e-07 
 3.42300000e-04  1.71305598e-07 
 3.42400000e-04  1.71163278e-07 
 3.42500000e-04  1.71099904e-07 
 3.42600000e-04  1.62415274e-07 
 3.42700000e-04  1.62029713e-07 
 3.42800000e-04  1.61848101e-07 
 3.42900000e-04  1.61731621e-07 
 3.43000000e-04  1.61682264e-07 
 3.43100000e-04  1.68792073e-07 
 3.43200000e-04  1.68405717e-07 
 3.43300000e-04  1.68260818e-07 
 3.43400000e-04  1.68131685e-07 
 3.43500000e-04  1.68059856e-07 
 3.43600000e-04  1.54372778e-07 
 3.43700000e-04  1.53843558e-07 
 3.43800000e-04  1.53568755e-07 
 3.43900000e-04  1.53368565e-07 
 3.44000000e-04  1.53245278e-07 
 3.44100000e-04  1.69215310e-07 
 3.44200000e-04  1.69025310e-07 
 3.44300000e-04  1.68936058e-07 
 3.44400000e-04  1.68853979e-07 
 3.44500000e-04  1.68818314e-07 
 3.44600000e-04  1.56267546e-07 
 3.44700000e-04  1.55884026e-07 
 3.44800000e-04  1.55691191e-07 
 3.44900000e-04  1.55552137e-07 
 3.45000000e-04  1.55468491e-07 
 3.45100000e-04  1.68944364e-07 
 3.45200000e-04  1.68712601e-07 
 3.45300000e-04  1.68634554e-07 
 3.45400000e-04  1.68567830e-07 
 3.45500000e-04  1.68538703e-07 
 3.45600000e-04  1.54748584e-07 
 3.45700000e-04  1.54313927e-07 
 3.45800000e-04  1.54087228e-07 
 3.45900000e-04  1.53915956e-07 
 3.46000000e-04  1.53801787e-07 
 3.46100000e-04  1.70323317e-07 
 3.46200000e-04  1.70012645e-07 
 3.46300000e-04  1.69910405e-07 
 3.46400000e-04  1.69823042e-07 
 3.46500000e-04  1.69759906e-07 
 3.46600000e-04  1.58491114e-07 
 3.46700000e-04  1.58135821e-07 
 3.46800000e-04  1.57941068e-07 
 3.46900000e-04  1.57806038e-07 
 3.47000000e-04  1.57732545e-07 
 3.47100000e-04  1.69013573e-07 
 3.47200000e-04  1.68751384e-07 
 3.47300000e-04  1.68661975e-07 
 3.47400000e-04  1.68584279e-07 
 3.47500000e-04  1.68555915e-07 
 3.47600000e-04  1.54792013e-07 
 3.47700000e-04  1.54329358e-07 
 3.47800000e-04  1.54085137e-07 
 3.47900000e-04  1.53908913e-07 
 3.48000000e-04  1.53802761e-07 
 3.48100000e-04  1.69781110e-07 
 3.48200000e-04  1.69601589e-07 
 3.48300000e-04  1.69518827e-07 
 3.48400000e-04  1.69442486e-07 
 3.48500000e-04  1.69392217e-07 
 3.48600000e-04  1.56828475e-07 
 3.48700000e-04  1.56466038e-07 
 3.48800000e-04  1.56266879e-07 
 3.48900000e-04  1.56129005e-07 
 3.49000000e-04  1.56054275e-07 
 3.49100000e-04  1.69549024e-07 
 3.49200000e-04  1.69324605e-07 
 3.49300000e-04  1.69247698e-07 
 3.49400000e-04  1.69181536e-07 
 3.49500000e-04  1.69133229e-07 
 3.49600000e-04  1.55317154e-07 
 3.49700000e-04  1.54912577e-07 
 3.49800000e-04  1.54672352e-07 
 3.49900000e-04  1.54494258e-07 
 3.50000000e-04  1.54380183e-07 
 3.50100000e-04  1.71448753e-07 
 3.50200000e-04  1.71045262e-07 
 3.50300000e-04  1.70910085e-07 
 3.50400000e-04  1.70792980e-07 
 3.50500000e-04  1.70745516e-07 
 3.50600000e-04  1.60752506e-07 
 3.50700000e-04  1.60367511e-07 
 3.50800000e-04  1.60190559e-07 
 3.50900000e-04  1.60075098e-07 
 3.51000000e-04  1.60022994e-07 
 3.51100000e-04  1.69135926e-07 
 3.51200000e-04  1.68831649e-07 
 3.51300000e-04  1.68733665e-07 
 3.51400000e-04  1.68649462e-07 
 3.51500000e-04  1.68609848e-07 
 3.51600000e-04  1.54872591e-07 
 3.51700000e-04  1.54376371e-07 
 3.51800000e-04  1.54116442e-07 
 3.51900000e-04  1.53929836e-07 
 3.52000000e-04  1.53818792e-07 
 3.52100000e-04  1.69806456e-07 
 3.52200000e-04  1.69604717e-07 
 3.52300000e-04  1.69520359e-07 
 3.52400000e-04  1.69444851e-07 
 3.52500000e-04  1.69408231e-07 
 3.52600000e-04  1.56844682e-07 
 3.52700000e-04  1.56471251e-07 
 3.52800000e-04  1.56276079e-07 
 3.52900000e-04  1.56140227e-07 
 3.53000000e-04  1.56065488e-07 
 3.53100000e-04  1.69543552e-07 
 3.53200000e-04  1.69316205e-07 
 3.53300000e-04  1.69235589e-07 
 3.53400000e-04  1.69165454e-07 
 3.53500000e-04  1.69150586e-07 
 3.53600000e-04  1.55316606e-07 
 3.53700000e-04  1.54914217e-07 
 3.53800000e-04  1.54683009e-07 
 3.53900000e-04  1.54509984e-07 
 3.54000000e-04  1.54396899e-07 
 3.54100000e-04  1.70927867e-07 
 3.54200000e-04  1.70622567e-07 
 3.54300000e-04  1.70517529e-07 
 3.54400000e-04  1.70426682e-07 
 3.54500000e-04  1.70381604e-07 
 3.54600000e-04  1.59081436e-07 
 3.54700000e-04  1.58712491e-07 
 3.54800000e-04  1.58520266e-07 
 3.54900000e-04  1.58392146e-07 
 3.55000000e-04  1.58330071e-07 
 3.55100000e-04  1.69633079e-07 
 3.55200000e-04  1.69382012e-07 
 3.55300000e-04  1.69283407e-07 
 3.55400000e-04  1.69194457e-07 
 3.55500000e-04  1.69160681e-07 
 3.55600000e-04  1.55376088e-07 
 3.55700000e-04  1.54931040e-07 
 3.55800000e-04  1.54690698e-07 
 3.55900000e-04  1.54507108e-07 
 3.56000000e-04  1.54381979e-07 
 3.56100000e-04  1.70398756e-07 
 3.56200000e-04  1.70210910e-07 
 3.56300000e-04  1.70133478e-07 
 3.56400000e-04  1.70063722e-07 
 3.56500000e-04  1.70005076e-07 
 3.56600000e-04  1.57411751e-07 
 3.56700000e-04  1.57047422e-07 
 3.56800000e-04  1.56853770e-07 
 3.56900000e-04  1.56715588e-07 
 3.57000000e-04  1.56634545e-07 
 3.57100000e-04  1.70168484e-07 
 3.57200000e-04  1.69940277e-07 
 3.57300000e-04  1.69860845e-07 
 3.57400000e-04  1.69792115e-07 
 3.57500000e-04  1.69767572e-07 
 3.57600000e-04  1.55907939e-07 
 3.57700000e-04  1.55505462e-07 
 3.57800000e-04  1.55275191e-07 
 3.57900000e-04  1.55099756e-07 
 3.58000000e-04  1.54980803e-07 
 3.58100000e-04  1.73133083e-07 
 3.58200000e-04  1.72519647e-07 
 3.58300000e-04  1.72328701e-07 
 3.58400000e-04  1.72165667e-07 
 3.58500000e-04  1.72085523e-07 
 3.58600000e-04  1.64652395e-07 
 3.58700000e-04  1.64287230e-07 
 3.58800000e-04  1.64108856e-07 
 3.58900000e-04  1.64005817e-07 
 3.59000000e-04  1.63980413e-07 
 3.59100000e-04  1.69434200e-07 
 3.59200000e-04  1.68653283e-07 
 3.59300000e-04  1.68404300e-07 
 3.59400000e-04  1.68191125e-07 
 3.59500000e-04  1.68103444e-07 
 3.59600000e-04  1.54451202e-07 
 3.59700000e-04  1.53864452e-07 
 3.59800000e-04  1.53584953e-07 
 3.59900000e-04  1.53381817e-07 
 3.60000000e-04  1.53257371e-07 
 3.60100000e-04  1.69223976e-07 
 3.60200000e-04  1.69044658e-07 
 3.60300000e-04  1.68952863e-07 
 3.60400000e-04  1.68866644e-07 
 3.60500000e-04  1.68815437e-07 
 3.60600000e-04  1.56258632e-07 
 3.60700000e-04  1.55900529e-07 
 3.60800000e-04  1.55705964e-07 
 3.60900000e-04  1.55560284e-07 
 3.61000000e-04  1.55464946e-07 
 3.61100000e-04  1.68950607e-07 
 3.61200000e-04  1.68730088e-07 
 3.61300000e-04  1.68650794e-07 
 3.61400000e-04  1.68581447e-07 
 3.61500000e-04  1.68555146e-07 
 3.61600000e-04  1.54741063e-07 
 3.61700000e-04  1.54329307e-07 
 3.61800000e-04  1.54098925e-07 
 3.61900000e-04  1.53924383e-07 
 3.62000000e-04  1.53807264e-07 
 3.62100000e-04  1.72525875e-07 
 3.62200000e-04  1.71739151e-07 
 3.62300000e-04  1.71494255e-07 
 3.62400000e-04  1.71393118e-07 
 3.62500000e-04  1.71338433e-07 
 3.62600000e-04  1.59615036e-07 
 3.62700000e-04  1.59067728e-07 
 3.62800000e-04  1.58819706e-07 
 3.62900000e-04  1.58637660e-07 
 3.63000000e-04  1.58522905e-07 
 3.63100000e-04  1.03755945e-04 
 3.63200000e-04  1.03755492e-04 
 3.63300000e-04  1.03755358e-04 
 3.63400000e-04  1.03755243e-04 
 3.63500000e-04  1.03755202e-04 
 3.63600000e-04  1.03741459e-04 
 3.63700000e-04  1.03740962e-04 
 3.63800000e-04  1.03740722e-04 
 3.63900000e-04  1.03740541e-04 
 3.64000000e-04  1.03740421e-04 
 3.64100000e-04  1.70944690e-07 
 3.64200000e-04  1.70725980e-07 
 3.64300000e-04  1.70624699e-07 
 3.64400000e-04  1.70531084e-07 
 3.64500000e-04  1.70493404e-07 
 3.64600000e-04  1.57917137e-07 
 3.64700000e-04  1.57534845e-07 
 3.64800000e-04  1.57357136e-07 
 3.64900000e-04  1.57221307e-07 
 3.65000000e-04  1.57128586e-07 
 3.65100000e-04  1.70689874e-07 
 3.65200000e-04  1.70457540e-07 
 3.65300000e-04  1.70384928e-07 
 3.65400000e-04  1.70323958e-07 
 3.65500000e-04  1.70278139e-07 
 3.65600000e-04  1.56414470e-07 
 3.65700000e-04  1.55992375e-07 
 3.65800000e-04  1.55773286e-07 
 3.65900000e-04  1.55605029e-07 
 3.66000000e-04  1.55489115e-07 
 3.66100000e-04  1.72609371e-07 
 3.66200000e-04  1.72192718e-07 
 3.66300000e-04  1.72056016e-07 
 3.66400000e-04  1.71938199e-07 
 3.66500000e-04  1.71867923e-07 
 3.66600000e-04  1.61835423e-07 
 3.66700000e-04  1.61462879e-07 
 3.66800000e-04  1.61280665e-07 
 3.66900000e-04  1.61162624e-07 
 3.67000000e-04  1.61110691e-07 
 3.67100000e-04  1.70293280e-07 
 3.67200000e-04  1.69980523e-07 
 3.67300000e-04  1.69877826e-07 
 3.67400000e-04  1.69789299e-07 
 3.67500000e-04  1.69744486e-07 
 3.67600000e-04  1.55933453e-07 
 3.67700000e-04  1.55443261e-07 
 3.67800000e-04  1.55202712e-07 
 3.67900000e-04  1.55021145e-07 
 3.68000000e-04  1.54900333e-07 
 3.68100000e-04  1.70953754e-07 
 3.68200000e-04  1.70762493e-07 
 3.68300000e-04  1.70667621e-07 
 3.68400000e-04  1.70579472e-07 
 3.68500000e-04  1.70550040e-07 
 3.68600000e-04  1.57919852e-07 
 3.68700000e-04  1.57537240e-07 
 3.68800000e-04  1.57348485e-07 
 3.68900000e-04  1.57218692e-07 
 3.69000000e-04  1.57149627e-07 
 3.69100000e-04  1.70699390e-07 
 3.69200000e-04  1.70473505e-07 
 3.69300000e-04  1.70390035e-07 
 3.69400000e-04  1.70316601e-07 
 3.69500000e-04  1.70284521e-07 
 3.69600000e-04  1.56401116e-07 
 3.69700000e-04  1.55989955e-07 
 3.69800000e-04  1.55755965e-07 
 3.69900000e-04  1.55586845e-07 
 3.70000000e-04  1.55484548e-07 
 3.70100000e-04  1.72078381e-07 
 3.70200000e-04  1.71771069e-07 
 3.70300000e-04  1.71658416e-07 
 3.70400000e-04  1.71559192e-07 
 3.70500000e-04  1.71500380e-07 
 3.70600000e-04  1.60164730e-07 
 3.70700000e-04  1.59776113e-07 
 3.70800000e-04  1.59599543e-07 
 3.70900000e-04  1.59481079e-07 
 3.71000000e-04  1.59422459e-07 
 3.71100000e-04  1.70784757e-07 
 3.71200000e-04  1.70522611e-07 
 3.71300000e-04  1.70425297e-07 
 3.71400000e-04  1.70338757e-07 
 3.71500000e-04  1.70294421e-07 
 3.71600000e-04  1.56451519e-07 
 3.71700000e-04  1.55999955e-07 
 3.71800000e-04  1.55766456e-07 
 3.71900000e-04  1.55589081e-07 
 3.72000000e-04  1.55469504e-07 
 3.72100000e-04  1.71550855e-07 
 3.72200000e-04  1.71358372e-07 
 3.72300000e-04  1.71272540e-07 
 3.72400000e-04  1.71194077e-07 
 3.72500000e-04  1.71148405e-07 
 3.72600000e-04  1.58479568e-07 
 3.72700000e-04  1.58124756e-07 
 3.72800000e-04  1.57946664e-07 
 3.72900000e-04  1.57817282e-07 
 3.73000000e-04  1.57738047e-07 
 3.73100000e-04  1.71318804e-07 
 3.73200000e-04  1.71071128e-07 
 3.73300000e-04  1.70989052e-07 
 3.73400000e-04  1.70919284e-07 
 3.73500000e-04  1.70882744e-07 
 3.73600000e-04  1.56970215e-07 
 3.73700000e-04  1.56573470e-07 
 3.73800000e-04  1.56344740e-07 
 3.73900000e-04  1.56178532e-07 
 3.74000000e-04  1.56076720e-07 
 3.74100000e-04  1.73758339e-07 
 3.74200000e-04  1.73244367e-07 
 3.74300000e-04  1.73071544e-07 
 3.74400000e-04  1.72921449e-07 
 3.74500000e-04  1.72849334e-07 
 3.74600000e-04  1.64072002e-07 
 3.74700000e-04  1.63704035e-07 
 3.74800000e-04  1.63522972e-07 
 3.74900000e-04  1.63409109e-07 
 3.75000000e-04  1.63364470e-07 
 3.75100000e-04  1.70577737e-07 
 3.75200000e-04  1.70160335e-07 
 3.75300000e-04  1.70008139e-07 
 3.75400000e-04  1.69874086e-07 
 3.75500000e-04  1.69806315e-07 
 3.75600000e-04  1.56034386e-07 
 3.75700000e-04  1.55504544e-07 
 3.75800000e-04  1.55243852e-07 
 3.75900000e-04  1.55052320e-07 
 3.76000000e-04  1.54932032e-07 
 3.76100000e-04  1.70980106e-07 
 3.76200000e-04  1.70784399e-07 
 3.76300000e-04  1.70691760e-07 
 3.76400000e-04  1.70606492e-07 
 3.76500000e-04  1.70568661e-07 
 3.76600000e-04  1.57910661e-07 
 3.76700000e-04  1.57566888e-07 
 3.76800000e-04  1.57363582e-07 
 3.76900000e-04  1.57221381e-07 
 3.77000000e-04  1.57142114e-07 
 3.77100000e-04  1.70718739e-07 
 3.77200000e-04  1.70483867e-07 
 3.77300000e-04  1.70401963e-07 
 3.77400000e-04  1.70331128e-07 
 3.77500000e-04  1.70288230e-07 
 3.77600000e-04  1.56407563e-07 
 3.77700000e-04  1.55991971e-07 
 3.77800000e-04  1.55765827e-07 
 3.77900000e-04  1.55598214e-07 
 3.78000000e-04  1.55490875e-07 
 3.78100000e-04  1.72082931e-07 
 3.78200000e-04  1.71782409e-07 
 3.78300000e-04  1.71673554e-07 
 3.78400000e-04  1.71578116e-07 
 3.78500000e-04  1.71519492e-07 
 3.78600000e-04  1.60152802e-07 
 3.78700000e-04  1.59793780e-07 
 3.78800000e-04  1.59604554e-07 
 3.78900000e-04  1.59477155e-07 
 3.79000000e-04  1.59413432e-07 
 3.79100000e-04  1.70791485e-07 
 3.79200000e-04  1.70514207e-07 
 3.79300000e-04  1.70419159e-07 
 3.79400000e-04  1.70336619e-07 
 3.79500000e-04  1.70309216e-07 
 3.79600000e-04  1.56451945e-07 
 3.79700000e-04  1.56004125e-07 
 3.79800000e-04  1.55771387e-07 
 3.79900000e-04  1.55597780e-07 
 3.80000000e-04  1.55485067e-07 
 3.80100000e-04  1.71557573e-07 
 3.80200000e-04  1.71359641e-07 
 3.80300000e-04  1.71269942e-07 
 3.80400000e-04  1.71188122e-07 
 3.80500000e-04  1.71140982e-07 
 3.80600000e-04  1.58487671e-07 
 3.80700000e-04  1.58124086e-07 
 3.80800000e-04  1.57945724e-07 
 3.80900000e-04  1.57814507e-07 
 3.81000000e-04  1.57731820e-07 
 3.81100000e-04  1.71314009e-07 
 3.81200000e-04  1.71082684e-07 
 3.81300000e-04  1.70996288e-07 
 3.81400000e-04  1.70920118e-07 
 3.81500000e-04  1.70878797e-07 
 3.81600000e-04  1.56991080e-07 
 3.81700000e-04  1.56575432e-07 
 3.81800000e-04  1.56344626e-07 
 3.81900000e-04  1.56177960e-07 
 3.82000000e-04  1.56077350e-07 
 3.82100000e-04  1.73223061e-07 
 3.82200000e-04  1.72815991e-07 
 3.82300000e-04  1.72676221e-07 
 3.82400000e-04  1.72554015e-07 
 3.82500000e-04  1.72482928e-07 
 3.82600000e-04  1.62406045e-07 
 3.82700000e-04  1.62029921e-07 
 3.82800000e-04  1.61851859e-07 
 3.82900000e-04  1.61739268e-07 
 3.83000000e-04  1.61694109e-07 
 3.83100000e-04  1.70909121e-07 
 3.83200000e-04  1.70603280e-07 
 3.83300000e-04  1.70496148e-07 
 3.83400000e-04  1.70402223e-07 
 3.83500000e-04  1.70354175e-07 
 3.83600000e-04  1.56516201e-07 
 3.83700000e-04  1.56024106e-07 
 3.83800000e-04  1.55791131e-07 
 3.83900000e-04  1.55610378e-07 
 3.84000000e-04  1.55483384e-07 
 3.84100000e-04  1.71580046e-07 
 3.84200000e-04  1.71379093e-07 
 3.84300000e-04  1.71288827e-07 
 3.84400000e-04  1.71206715e-07 
 3.84500000e-04  1.71156707e-07 
 3.84600000e-04  1.58502892e-07 
 3.84700000e-04  1.58120123e-07 
 3.84800000e-04  1.57933319e-07 
 3.84900000e-04  1.57804185e-07 
 3.85000000e-04  1.57734432e-07 
 3.85100000e-04  1.71324683e-07 
 3.85200000e-04  1.71095038e-07 
 3.85300000e-04  1.71006902e-07 
 3.85400000e-04  1.70928759e-07 
 3.85500000e-04  1.70897476e-07 
 3.85600000e-04  1.56998731e-07 
 3.85700000e-04  1.56583076e-07 
 3.85800000e-04  1.56365480e-07 
 3.85900000e-04  1.56197986e-07 
 3.86000000e-04  1.56082065e-07 
 3.86100000e-04  1.72706796e-07 
 3.86200000e-04  1.72393413e-07 
 3.86300000e-04  1.72286631e-07 
 3.86400000e-04  1.72194805e-07 
 3.86500000e-04  1.72130782e-07 
 3.86600000e-04  1.60749491e-07 
 3.86700000e-04  1.60376075e-07 
 3.86800000e-04  1.60194023e-07 
 3.86900000e-04  1.60069067e-07 
 3.87000000e-04  1.60002903e-07 
 3.87100000e-04  1.71406931e-07 
 3.87200000e-04  1.71142441e-07 
 3.87300000e-04  1.71040228e-07 
 3.87400000e-04  1.70948738e-07 
 3.87500000e-04  1.70927682e-07 
 3.87600000e-04  1.57034733e-07 
 3.87700000e-04  1.56598411e-07 
 3.87800000e-04  1.56370558e-07 
 3.87900000e-04  1.56194365e-07 
 3.88000000e-04  1.56071350e-07 
 3.88100000e-04  1.72179634e-07 
 3.88200000e-04  1.71970972e-07 
 3.88300000e-04  1.71881003e-07 
 3.88400000e-04  1.71800006e-07 
 3.88500000e-04  1.71758823e-07 
 3.88600000e-04  1.59088503e-07 
 3.88700000e-04  1.58719639e-07 
 3.88800000e-04  1.58531004e-07 
 3.88900000e-04  1.58400455e-07 
 3.89000000e-04  1.58329712e-07 
 3.89100000e-04  1.71939715e-07 
 3.89200000e-04  1.71707279e-07 
 3.89300000e-04  1.71616750e-07 
 3.89400000e-04  1.71535991e-07 
 3.89500000e-04  1.71518123e-07 
 3.89600000e-04  1.57572548e-07 
 3.89700000e-04  1.57167442e-07 
 3.89800000e-04  1.56947578e-07 
 3.89900000e-04  1.56782796e-07 
 3.90000000e-04  1.56674718e-07 
 3.90100000e-04  1.75962513e-07 
 3.90200000e-04  1.75119147e-07 
 3.90300000e-04  1.74865226e-07 
 3.90400000e-04  1.74650158e-07 
 3.90500000e-04  1.74571266e-07 
 3.90600000e-04  1.69631411e-07 
 3.90700000e-04  1.69261587e-07 
 3.90800000e-04  1.69107938e-07 
 3.90900000e-04  1.69022739e-07 
 3.91000000e-04  1.69008038e-07 
 3.91100000e-04  1.70177954e-07 
 3.91200000e-04  1.69191431e-07 
 3.91300000e-04  1.68930315e-07 
 3.91400000e-04  1.68715412e-07 
 3.91500000e-04  1.68630306e-07 
 3.91600000e-04  1.55004527e-07 
 3.91700000e-04  1.54361528e-07 
 3.91800000e-04  1.54074212e-07 
 3.91900000e-04  1.53864892e-07 
 3.92000000e-04  1.53735918e-07 
 3.92100000e-04  1.69749253e-07 
 3.92200000e-04  1.69553121e-07 
 3.92300000e-04  1.69465634e-07 
 3.92400000e-04  1.69385733e-07 
 3.92500000e-04  1.69334132e-07 
 3.92600000e-04  1.56740281e-07 
 3.92700000e-04  1.56366952e-07 
 3.92800000e-04  1.56185507e-07 
 3.92900000e-04  1.56048888e-07 
 3.93000000e-04  1.55958389e-07 
 3.93100000e-04  1.69470454e-07 
 3.93200000e-04  1.69238164e-07 
 3.93300000e-04  1.69161268e-07 
 3.93400000e-04  1.69095677e-07 
 3.93500000e-04  1.69055636e-07 
 3.93600000e-04  1.55231006e-07 
 3.93700000e-04  1.54804120e-07 
 3.93800000e-04  1.54580347e-07 
 3.93900000e-04  1.54406140e-07 
 3.94000000e-04  1.54282942e-07 
 3.94100000e-04  1.70831847e-07 
 3.94200000e-04  1.70527735e-07 
 3.94300000e-04  1.70421438e-07 
 3.94400000e-04  1.70328659e-07 
 3.94500000e-04  1.70271508e-07 
 3.94600000e-04  1.58984717e-07 
 3.94700000e-04  1.58609421e-07 
 3.94800000e-04  1.58428338e-07 
 3.94900000e-04  1.58301448e-07 
 3.95000000e-04  1.58230337e-07 
 3.95100000e-04  1.69543972e-07 
 3.95200000e-04  1.69269108e-07 
 3.95300000e-04  1.69184749e-07 
 3.95400000e-04  1.69113730e-07 
 3.95500000e-04  1.69063695e-07 
 3.95600000e-04  1.55287313e-07 
 3.95700000e-04  1.54813664e-07 
 3.95800000e-04  1.54574792e-07 
 3.95900000e-04  1.54400546e-07 
 3.96000000e-04  1.54292849e-07 
 3.96100000e-04  1.70296963e-07 
 3.96200000e-04  1.70115055e-07 
 3.96300000e-04  1.70034027e-07 
 3.96400000e-04  1.69959684e-07 
 3.96500000e-04  1.69914367e-07 
 3.96600000e-04  1.57316102e-07 
 3.96700000e-04  1.56951675e-07 
 3.96800000e-04  1.56755639e-07 
 3.96900000e-04  1.56613189e-07 
 3.97000000e-04  1.56525896e-07 
 3.97100000e-04  1.70064129e-07 
 3.97200000e-04  1.69834514e-07 
 3.97300000e-04  1.69757395e-07 
 3.97400000e-04  1.69691412e-07 
 3.97500000e-04  1.69647109e-07 
 3.97600000e-04  1.55801701e-07 
 3.97700000e-04  1.55386706e-07 
 3.97800000e-04  1.55159043e-07 
 3.97900000e-04  1.54991765e-07 
 3.98000000e-04  1.54886660e-07 
 3.98100000e-04  1.71979634e-07 
 3.98200000e-04  1.71560924e-07 
 3.98300000e-04  1.71425262e-07 
 3.98400000e-04  1.71309139e-07 
 3.98500000e-04  1.71244509e-07 
 3.98600000e-04  1.61223484e-07 
 3.98700000e-04  1.60852625e-07 
 3.98800000e-04  1.60677335e-07 
 3.98900000e-04  1.60556869e-07 
 3.99000000e-04  1.60492837e-07 
 3.99100000e-04  1.69662174e-07 
 3.99200000e-04  1.69349616e-07 
 3.99300000e-04  1.69236972e-07 
 3.99400000e-04  1.69137944e-07 
 3.99500000e-04  1.69105353e-07 
 3.99600000e-04  1.55334518e-07 
 3.99700000e-04  1.54842180e-07 
 3.99800000e-04  1.54596207e-07 
 3.99900000e-04  1.54410899e-07 
 4.00000000e-04  1.54288053e-07 
 4.00100000e-04  1.70312643e-07 
 4.00200000e-04  1.70128445e-07 
 4.00300000e-04  1.70045954e-07 
 4.00400000e-04  1.69970517e-07 
 4.00500000e-04  1.69932234e-07 
 4.00600000e-04  1.57312754e-07 
 4.00700000e-04  1.56943647e-07 
 4.00800000e-04  1.56756221e-07 
 4.00900000e-04  1.56623706e-07 
 4.01000000e-04  1.56547710e-07 
 4.01100000e-04  1.70078430e-07 
 4.01200000e-04  1.69840515e-07 
 4.01300000e-04  1.69759052e-07 
 4.01400000e-04  1.69689112e-07 
 4.01500000e-04  1.69652904e-07 
 4.01600000e-04  1.55810327e-07 
 4.01700000e-04  1.55390641e-07 
 4.01800000e-04  1.55161944e-07 
 4.01900000e-04  1.54993830e-07 
 4.02000000e-04  1.54888085e-07 
 4.02100000e-04  1.71453757e-07 
 4.02200000e-04  1.71145565e-07 
 4.02300000e-04  1.71036615e-07 
 4.02400000e-04  1.70941739e-07 
 4.02500000e-04  1.70882945e-07 
 4.02600000e-04  1.59569606e-07 
 4.02700000e-04  1.59202533e-07 
 4.02800000e-04  1.59016710e-07 
 4.02900000e-04  1.58889371e-07 
 4.03000000e-04  1.58822239e-07 
 4.03100000e-04  1.70162934e-07 
 4.03200000e-04  1.69895811e-07 
 4.03300000e-04  1.69793892e-07 
 4.03400000e-04  1.69702900e-07 
 4.03500000e-04  1.69670427e-07 
 4.03600000e-04  1.55860026e-07 
 4.03700000e-04  1.55405834e-07 
 4.03800000e-04  1.55174017e-07 
 4.03900000e-04  1.54992946e-07 
 4.04000000e-04  1.54864093e-07 
 4.04100000e-04  1.70922496e-07 
 4.04200000e-04  1.70718479e-07 
 4.04300000e-04  1.70642239e-07 
 4.04400000e-04  1.70575678e-07 
 4.04500000e-04  1.70525276e-07 
 4.04600000e-04  1.57906044e-07 
 4.04700000e-04  1.57524102e-07 
 4.04800000e-04  1.57342690e-07 
 4.04900000e-04  1.57208864e-07 
 4.05000000e-04  1.57123996e-07 
 4.05100000e-04  1.70683439e-07 
 4.05200000e-04  1.70445137e-07 
 4.05300000e-04  1.70362942e-07 
 4.05400000e-04  1.70292153e-07 
 4.05500000e-04  1.70262874e-07 
 4.05600000e-04  1.56394144e-07 
 4.05700000e-04  1.55978950e-07 
 4.05800000e-04  1.55747923e-07 
 4.05900000e-04  1.55574403e-07 
 4.06000000e-04  1.55460075e-07 
 4.06100000e-04  1.73132157e-07 
 4.06200000e-04  1.72620315e-07 
 4.06300000e-04  1.72443664e-07 
 4.06400000e-04  1.72289274e-07 
 4.06500000e-04  1.72221497e-07 
 4.06600000e-04  1.63479274e-07 
 4.06700000e-04  1.63099231e-07 
 4.06800000e-04  1.62921429e-07 
 4.06900000e-04  1.62813965e-07 
 4.07000000e-04  1.62778793e-07 
 4.07100000e-04  1.72217253e-07 
 4.07200000e-04  1.71171586e-07 
 4.07300000e-04  1.70812071e-07 
 4.07400000e-04  1.70647355e-07 
 4.07500000e-04  1.70545583e-07 
 4.07600000e-04  1.56313739e-07 
 4.07700000e-04  1.55600162e-07 
 4.07800000e-04  1.55309767e-07 
 4.07900000e-04  1.55102887e-07 
 4.08000000e-04  1.54981169e-07 
 4.08100000e-04  1.03757284e-04 
 4.08200000e-04  1.03756891e-04 
 4.08300000e-04  1.03756766e-04 
 4.08400000e-04  1.03756660e-04 
 4.08500000e-04  1.03756597e-04 
 4.08600000e-04  1.03743991e-04 
 4.08700000e-04  1.03743616e-04 
 4.08800000e-04  1.03743416e-04 
 4.08900000e-04  1.03743273e-04 
 4.09000000e-04  1.03743188e-04 
 4.09100000e-04  1.71237978e-07 
 4.09200000e-04  1.70968451e-07 
 4.09300000e-04  1.70880837e-07 
 4.09400000e-04  1.70806267e-07 
 4.09500000e-04  1.70773679e-07 
 4.09600000e-04  1.56905916e-07 
 4.09700000e-04  1.56464762e-07 
 4.09800000e-04  1.56246673e-07 
 4.09900000e-04  1.56083893e-07 
 4.10000000e-04  1.55978036e-07 
 4.10100000e-04  1.72606575e-07 
 4.10200000e-04  1.72291418e-07 
 4.10300000e-04  1.72178226e-07 
 4.10400000e-04  1.72079412e-07 
 4.10500000e-04  1.72022604e-07 
 4.10600000e-04  1.60642678e-07 
 4.10700000e-04  1.60289602e-07 
 4.10800000e-04  1.60106918e-07 
 4.10900000e-04  1.59979994e-07 
 4.11000000e-04  1.59910456e-07 
 4.11100000e-04  1.71313619e-07 
 4.11200000e-04  1.71038840e-07 
 4.11300000e-04  1.70938148e-07 
 4.11400000e-04  1.70849365e-07 
 4.11500000e-04  1.70814964e-07 
 4.11600000e-04  1.56942127e-07 
 4.11700000e-04  1.56472325e-07 
 4.11800000e-04  1.56249256e-07 
 4.11900000e-04  1.56080797e-07 
 4.12000000e-04  1.55968536e-07 
 4.12100000e-04  1.72091358e-07 
 4.12200000e-04  1.71872128e-07 
 4.12300000e-04  1.71786998e-07 
 4.12400000e-04  1.71712306e-07 
 4.12500000e-04  1.71661250e-07 
 4.12600000e-04  1.58980682e-07 
 4.12700000e-04  1.58605860e-07 
 4.12800000e-04  1.58422176e-07 
 4.12900000e-04  1.58289455e-07 
 4.13000000e-04  1.58209165e-07 
 4.13100000e-04  1.71841836e-07 
 4.13200000e-04  1.71586751e-07 
 4.13300000e-04  1.71501847e-07 
 4.13400000e-04  1.71429825e-07 
 4.13500000e-04  1.71404044e-07 
 4.13600000e-04  1.57455982e-07 
 4.13700000e-04  1.57069641e-07 
 4.13800000e-04  1.56844708e-07 
 4.13900000e-04  1.56672099e-07 
 4.14000000e-04  1.56553330e-07 
 4.14100000e-04  1.73750736e-07 
 4.14200000e-04  1.73325313e-07 
 4.14300000e-04  1.73177576e-07 
 4.14400000e-04  1.73049047e-07 
 4.14500000e-04  1.72985926e-07 
 4.14600000e-04  1.62877542e-07 
 4.14700000e-04  1.62516249e-07 
 4.14800000e-04  1.62339648e-07 
 4.14900000e-04  1.62227891e-07 
 4.15000000e-04  1.62182889e-07 
 4.15100000e-04  1.71419966e-07 
 4.15200000e-04  1.71111012e-07 
 4.15300000e-04  1.70997272e-07 
 4.15400000e-04  1.70896464e-07 
 4.15500000e-04  1.70849135e-07 
 4.15600000e-04  1.57012567e-07 
 4.15700000e-04  1.56510087e-07 
 4.15800000e-04  1.56275624e-07 
 4.15900000e-04  1.56095557e-07 
 4.16000000e-04  1.55971467e-07 
 4.16100000e-04  1.72085140e-07 
 4.16200000e-04  1.71893496e-07 
 4.16300000e-04  1.71803185e-07 
 4.16400000e-04  1.71719980e-07 
 4.16500000e-04  1.71672008e-07 
 4.16600000e-04  1.58981473e-07 
 4.16700000e-04  1.58608711e-07 
 4.16800000e-04  1.58427117e-07 
 4.16900000e-04  1.58299379e-07 
 4.17000000e-04  1.58227060e-07 
 4.17100000e-04  1.71843821e-07 
 4.17200000e-04  1.71596591e-07 
 4.17300000e-04  1.71514544e-07 
 4.17400000e-04  1.71444705e-07 
 4.17500000e-04  1.71408170e-07 
 4.17600000e-04  1.57464297e-07 
 4.17700000e-04  1.57064290e-07 
 4.17800000e-04  1.56832747e-07 
 4.17900000e-04  1.56662851e-07 
 4.18000000e-04  1.56556407e-07 
 4.18100000e-04  1.73224423e-07 
 4.18200000e-04  1.72899194e-07 
 4.18300000e-04  1.72779882e-07 
 4.18400000e-04  1.72675061e-07 
 4.18500000e-04  1.72636836e-07 
 4.18600000e-04  1.61227175e-07 
 4.18700000e-04  1.60856556e-07 
 4.18800000e-04  1.60669717e-07 
 4.18900000e-04  1.60544908e-07 
 4.19000000e-04  1.60483943e-07 
 4.19100000e-04  1.71930372e-07 
 4.19200000e-04  1.71652178e-07 
 4.19300000e-04  1.71548171e-07 
 4.19400000e-04  1.71456248e-07 
 4.19500000e-04  1.71432004e-07 
 4.19600000e-04  1.57512277e-07 
 4.19700000e-04  1.57078903e-07 
 4.19800000e-04  1.56848626e-07 
 4.19900000e-04  1.56671266e-07 
 4.20000000e-04  1.56548349e-07 
 4.20100000e-04  1.72685784e-07 
 4.20200000e-04  1.72482208e-07 
 4.20300000e-04  1.72402569e-07 
 4.20400000e-04  1.72332286e-07 
 4.20500000e-04  1.72266709e-07 
 4.20600000e-04  1.59549880e-07 
 4.20700000e-04  1.59189406e-07 
 4.20800000e-04  1.59012539e-07 
 4.20900000e-04  1.58883954e-07 
 4.21000000e-04  1.58805030e-07 
 4.21100000e-04  1.72452245e-07 
 4.21200000e-04  1.72232024e-07 
 4.21300000e-04  1.72134596e-07 
 4.21400000e-04  1.72045382e-07 
 4.21500000e-04  1.72020918e-07 
 4.21600000e-04  1.58031190e-07 
 4.21700000e-04  1.57651732e-07 
 4.21800000e-04  1.57424814e-07 
 4.21900000e-04  1.57255000e-07 
 4.22000000e-04  1.57143944e-07 
 4.22100000e-04  1.75434056e-07 
 4.22200000e-04  1.74786642e-07 
 4.22300000e-04  1.74587144e-07 
 4.22400000e-04  1.74418396e-07 
 4.22500000e-04  1.74343614e-07 
 4.22600000e-04  1.66785708e-07 
 4.22700000e-04  1.66423065e-07 
 4.22800000e-04  1.66260799e-07 
 4.22900000e-04  1.66164670e-07 
 4.23000000e-04  1.66136626e-07 
 4.23100000e-04  1.71728708e-07 
 4.23200000e-04  1.70910130e-07 
 4.23300000e-04  1.70658314e-07 
 4.23400000e-04  1.70445562e-07 
 4.23500000e-04  1.70365963e-07 
 4.23600000e-04  1.56578543e-07 
 4.23700000e-04  1.55995400e-07 
 4.23800000e-04  1.55739860e-07 
 4.23900000e-04  1.55547418e-07 
 4.24000000e-04  1.55419919e-07 
 4.24100000e-04  1.71504714e-07 
 4.24200000e-04  1.71300173e-07 
 4.24300000e-04  1.71215499e-07 
 4.24400000e-04  1.71139398e-07 
 4.24500000e-04  1.71088583e-07 
 4.24600000e-04  1.58389759e-07 
 4.24700000e-04  1.58035937e-07 
 4.24800000e-04  1.57852983e-07 
 4.24900000e-04  1.57718708e-07 
 4.25000000e-04  1.57634496e-07 
 4.25100000e-04  1.71247301e-07 
 4.25200000e-04  1.71002165e-07 
 4.25300000e-04  1.70911096e-07 
 4.25400000e-04  1.70831254e-07 
 4.25500000e-04  1.70793889e-07 
 4.25600000e-04  1.56889097e-07 
 4.25700000e-04  1.56472444e-07 
 4.25800000e-04  1.56258932e-07 
 4.25900000e-04  1.56092853e-07 
 4.26000000e-04  1.55975556e-07 
 4.26100000e-04  1.72600381e-07 
 4.26200000e-04  1.72290128e-07 
 4.26300000e-04  1.72171160e-07 
 4.26400000e-04  1.72065090e-07 
 4.26500000e-04  1.72016411e-07 
 4.26600000e-04  1.60646137e-07 
 4.26700000e-04  1.60268189e-07 
 4.26800000e-04  1.60091855e-07 
 4.26900000e-04  1.59969017e-07 
 4.27000000e-04  1.59901212e-07 
 4.27100000e-04  1.71295963e-07 
 4.27200000e-04  1.71022688e-07 
 4.27300000e-04  1.70925712e-07 
 4.27400000e-04  1.70840313e-07 
 4.27500000e-04  1.70818435e-07 
 4.27600000e-04  1.56924639e-07 
 4.27700000e-04  1.56482686e-07 
 4.27800000e-04  1.56253623e-07 
 4.27900000e-04  1.56084155e-07 
 4.28000000e-04  1.55976018e-07 
 4.28100000e-04  1.72074710e-07 
 4.28200000e-04  1.71886071e-07 
 4.28300000e-04  1.71790906e-07 
 4.28400000e-04  1.71702299e-07 
 4.28500000e-04  1.71655726e-07 
 4.28600000e-04  1.58970376e-07 
 4.28700000e-04  1.58597112e-07 
 4.28800000e-04  1.58414867e-07 
 4.28900000e-04  1.58285318e-07 
 4.29000000e-04  1.58209975e-07 
 4.29100000e-04  1.71839113e-07 
 4.29200000e-04  1.71590159e-07 
 4.29300000e-04  1.71507992e-07 
 4.29400000e-04  1.71438329e-07 
 4.29500000e-04  1.71392563e-07 
 4.29600000e-04  1.57464814e-07 
 4.29700000e-04  1.57042695e-07 
 4.29800000e-04  1.56823978e-07 
 4.29900000e-04  1.56659795e-07 
 4.30000000e-04  1.56551717e-07 
 4.30100000e-04  1.73748156e-07 
 4.30200000e-04  1.73337273e-07 
 4.30300000e-04  1.73183540e-07 
 4.30400000e-04  1.73046747e-07 
 4.30500000e-04  1.72987581e-07 
 4.30600000e-04  1.62884059e-07 
 4.30700000e-04  1.62514716e-07 
 4.30800000e-04  1.62351525e-07 
 4.30900000e-04  1.62237498e-07 
 4.31000000e-04  1.62174032e-07 
 4.31100000e-04  1.71416959e-07 
 4.31200000e-04  1.71104136e-07 
 4.31300000e-04  1.70994356e-07 
 4.31400000e-04  1.70898119e-07 
 4.31500000e-04  1.70852549e-07 
 4.31600000e-04  1.56992339e-07 
 4.31700000e-04  1.56516787e-07 
 4.31800000e-04  1.56272747e-07 
 4.31900000e-04  1.56093912e-07 
 4.32000000e-04  1.55982189e-07 
 4.32100000e-04  1.72091550e-07 
 4.32200000e-04  1.71898712e-07 
 4.32300000e-04  1.71806507e-07 
 4.32400000e-04  1.71721491e-07 
 4.32500000e-04  1.71666418e-07 
 4.32600000e-04  1.58967451e-07 
 4.32700000e-04  1.58605957e-07 
 4.32800000e-04  1.58425960e-07 
 4.32900000e-04  1.58297399e-07 
 4.33000000e-04  1.58221738e-07 
 4.33100000e-04  1.71839639e-07 
 4.33200000e-04  1.71607880e-07 
 4.33300000e-04  1.71520004e-07 
 4.33400000e-04  1.71441950e-07 
 4.33500000e-04  1.71417107e-07 
 4.33600000e-04  1.57459106e-07 
 4.33700000e-04  1.57046268e-07 
 4.33800000e-04  1.56840391e-07 
 4.33900000e-04  1.56675621e-07 
 4.34000000e-04  1.56553099e-07 
 4.34100000e-04  1.73210166e-07 
 4.34200000e-04  1.72900911e-07 
 4.34300000e-04  1.72783744e-07 
 4.34400000e-04  1.72679891e-07 
 4.34500000e-04  1.72625460e-07 
 4.34600000e-04  1.61223339e-07 
 4.34700000e-04  1.60855821e-07 
 4.34800000e-04  1.60676099e-07 
 4.34900000e-04  1.60549889e-07 
 4.35000000e-04  1.60478724e-07 
 4.35100000e-04  1.71915441e-07 
 4.35200000e-04  1.71643084e-07 
 4.35300000e-04  1.71549557e-07 
 4.35400000e-04  1.71467938e-07 
 4.35500000e-04  1.71429660e-07 
 4.35600000e-04  1.57499456e-07 
 4.35700000e-04  1.57063577e-07 
 4.35800000e-04  1.56843958e-07 
 4.35900000e-04  1.56671393e-07 
 4.36000000e-04  1.56547209e-07 
 4.36100000e-04  1.72690447e-07 
 4.36200000e-04  1.72483734e-07 
 4.36300000e-04  1.72403148e-07 
 4.36400000e-04  1.72331756e-07 
 4.36500000e-04  1.72268286e-07 
 4.36600000e-04  1.59544686e-07 
 4.36700000e-04  1.59208027e-07 
 4.36800000e-04  1.59018277e-07 
 4.36900000e-04  1.58881318e-07 
 4.37000000e-04  1.58798656e-07 
 4.37100000e-04  1.72458172e-07 
 4.37200000e-04  1.72207589e-07 
 4.37300000e-04  1.72120377e-07 
 4.37400000e-04  1.72045245e-07 
 4.37500000e-04  1.72023304e-07 
 4.37600000e-04  1.58051010e-07 
 4.37700000e-04  1.57633778e-07 
 4.37800000e-04  1.57419695e-07 
 4.37900000e-04  1.57256513e-07 
 4.38000000e-04  1.57145678e-07 
 4.38100000e-04  1.74900384e-07 
 4.38200000e-04  1.74369174e-07 
 4.38300000e-04  1.74199487e-07 
 4.38400000e-04  1.74054283e-07 
 4.38500000e-04  1.73970264e-07 
 4.38600000e-04  1.65135170e-07 
 4.38700000e-04  1.64783496e-07 
 4.38800000e-04  1.64605580e-07 
 4.38900000e-04  1.64497940e-07 
 4.39000000e-04  1.64462634e-07 
 4.39100000e-04  1.71708587e-07 
 4.39200000e-04  1.71291320e-07 
 4.39300000e-04  1.71144035e-07 
 4.39400000e-04  1.71015171e-07 
 4.39500000e-04  1.70935568e-07 
 4.39600000e-04  1.57114551e-07 
 4.39700000e-04  1.56567746e-07 
 4.39800000e-04  1.56313652e-07 
 4.39900000e-04  1.56128671e-07 
 4.40000000e-04  1.56014831e-07 
 4.40100000e-04  1.72128237e-07 
 4.40200000e-04  1.71924352e-07 
 4.40300000e-04  1.71831655e-07 
 4.40400000e-04  1.71746868e-07 
 4.40500000e-04  1.71693030e-07 
 4.40600000e-04  1.58981376e-07 
 4.40700000e-04  1.58620469e-07 
 4.40800000e-04  1.58434712e-07 
 4.40900000e-04  1.58304916e-07 
 4.41000000e-04  1.58232684e-07 
 4.41100000e-04  1.71851526e-07 
 4.41200000e-04  1.71623330e-07 
 4.41300000e-04  1.71528381e-07 
 4.41400000e-04  1.71442707e-07 
 4.41500000e-04  1.71420554e-07 
 4.41600000e-04  1.57472162e-07 
 4.41700000e-04  1.57051817e-07 
 4.41800000e-04  1.56831452e-07 
 4.41900000e-04  1.56664609e-07 
 4.42000000e-04  1.56552815e-07 
 4.42100000e-04  1.73226206e-07 
 4.42200000e-04  1.72924555e-07 
 4.42300000e-04  1.72802007e-07 
 4.42400000e-04  1.72691305e-07 
 4.42500000e-04  1.72649474e-07 
 4.42600000e-04  1.61214231e-07 
 4.42700000e-04  1.60861344e-07 
 4.42800000e-04  1.60673593e-07 
 4.42900000e-04  1.60549857e-07 
 4.43000000e-04  1.60491815e-07 
 4.43100000e-04  1.73843859e-07 
 4.43200000e-04  1.73172608e-07 
 4.43300000e-04  1.72955735e-07 
 4.43400000e-04  1.72851601e-07 
 4.43500000e-04  1.72783896e-07 
 4.43600000e-04  1.58365721e-07 
 4.43700000e-04  1.57773805e-07 
 4.43800000e-04  1.57509894e-07 
 4.43900000e-04  1.57324401e-07 
 4.44000000e-04  1.57218828e-07 
 4.44100000e-04  1.03759634e-04 
 4.44200000e-04  1.03759245e-04 
 4.44300000e-04  1.03759111e-04 
 4.44400000e-04  1.03758993e-04 
 4.44500000e-04  1.03758956e-04 
 4.44600000e-04  1.03746242e-04 
 4.44700000e-04  1.03745865e-04 
 4.44800000e-04  1.03745670e-04 
 4.44900000e-04  1.03745539e-04 
 4.45000000e-04  1.03745472e-04 
 4.45100000e-04  1.73614909e-07 
 4.45200000e-04  1.73348000e-07 
 4.45300000e-04  1.73251333e-07 
 4.45400000e-04  1.73166093e-07 
 4.45500000e-04  1.73132001e-07 
 4.45600000e-04  1.59142704e-07 
 4.45700000e-04  1.58734779e-07 
 4.45800000e-04  1.58506632e-07 
 4.45900000e-04  1.58341371e-07 
 4.46000000e-04  1.58240812e-07 
 4.46100000e-04  1.75524000e-07 
 4.46200000e-04  1.75109117e-07 
 4.46300000e-04  1.74957996e-07 
 4.46400000e-04  1.74824755e-07 
 4.46500000e-04  1.74757785e-07 
 4.46600000e-04  1.64548292e-07 
 4.46700000e-04  1.64198385e-07 
 4.46800000e-04  1.64035757e-07 
 4.46900000e-04  1.63930431e-07 
 4.47000000e-04  1.63884042e-07 
 4.47100000e-04  1.73205022e-07 
 4.47200000e-04  1.72878241e-07 
 4.47300000e-04  1.72767481e-07 
 4.47400000e-04  1.72671053e-07 
 4.47500000e-04  1.72610772e-07 
 4.47600000e-04  1.58656616e-07 
 4.47700000e-04  1.58193105e-07 
 4.47800000e-04  1.57955398e-07 
 4.47900000e-04  1.57780506e-07 
 4.48000000e-04  1.57670243e-07 
 4.48100000e-04  1.73869678e-07 
 4.48200000e-04  1.73650986e-07 
 4.48300000e-04  1.73563110e-07 
 4.48400000e-04  1.73484768e-07 
 4.48500000e-04  1.73412805e-07 
 4.48600000e-04  1.60641926e-07 
 4.48700000e-04  1.60295429e-07 
 4.48800000e-04  1.60110975e-07 
 4.48900000e-04  1.59983912e-07 
 4.49000000e-04  1.59915878e-07 
 4.49100000e-04  1.73613381e-07 
 4.49200000e-04  1.73376663e-07 
 4.49300000e-04  1.73277517e-07 
 4.49400000e-04  1.73187582e-07 
 4.49500000e-04  1.73151360e-07 
 4.49600000e-04  1.59118963e-07 
 4.49700000e-04  1.58721390e-07 
 4.49800000e-04  1.58515933e-07 
 4.49900000e-04  1.58354775e-07 
 4.50000000e-04  1.58239139e-07 
 4.50100000e-04  1.74989045e-07 
 4.50200000e-04  1.74669217e-07 
 4.50300000e-04  1.74543449e-07 
 4.50400000e-04  1.74431038e-07 
 4.50500000e-04  1.74387115e-07 
 4.50600000e-04  1.62878353e-07 
 4.50700000e-04  1.62526742e-07 
 4.50800000e-04  1.62357989e-07 
 4.50900000e-04  1.62240080e-07 
 4.51000000e-04  1.62174448e-07 
 4.51100000e-04  1.73702048e-07 
 4.51200000e-04  1.73422446e-07 
 4.51300000e-04  1.73309485e-07 
 4.51400000e-04  1.73207679e-07 
 4.51500000e-04  1.73173909e-07 
 4.51600000e-04  1.59184240e-07 
 4.51700000e-04  1.58738599e-07 
 4.51800000e-04  1.58518803e-07 
 4.51900000e-04  1.58349400e-07 
 4.52000000e-04  1.58231810e-07 
 4.52100000e-04  1.74463728e-07 
 4.52200000e-04  1.74244877e-07 
 4.52300000e-04  1.74157313e-07 
 4.52400000e-04  1.74079703e-07 
 4.52500000e-04  1.74015446e-07 
 4.52600000e-04  1.61216814e-07 
 4.52700000e-04  1.60856708e-07 
 4.52800000e-04  1.60687496e-07 
 4.52900000e-04  1.60564678e-07 
 4.53000000e-04  1.60489545e-07 
 4.53100000e-04  1.74238538e-07 
 4.53200000e-04  1.73984731e-07 
 4.53300000e-04  1.73888053e-07 
 4.53400000e-04  1.73802603e-07 
 4.53500000e-04  1.73752940e-07 
 4.53600000e-04  1.59690024e-07 
 4.53700000e-04  1.59306086e-07 
 4.53800000e-04  1.59093422e-07 
 4.53900000e-04  1.58932940e-07 
 4.54000000e-04  1.58826111e-07 
 4.54100000e-04  1.77722706e-07 
 4.54200000e-04  1.76980827e-07 
 4.54300000e-04  1.76748903e-07 
 4.54400000e-04  1.76550438e-07 
 4.54500000e-04  1.76456451e-07 
 4.54600000e-04  1.70122836e-07 
 4.54700000e-04  1.69766636e-07 
 4.54800000e-04  1.69600638e-07 
 4.54900000e-04  1.69509234e-07 
 4.55000000e-04  1.69494601e-07 
 4.55100000e-04  1.73008476e-07 
 4.55200000e-04  1.72043393e-07 
 4.55300000e-04  1.71787631e-07 
 4.55400000e-04  1.71576966e-07 
 4.55500000e-04  1.71482227e-07 
 4.55600000e-04  1.57671943e-07 
 4.55700000e-04  1.57069885e-07 
 4.55800000e-04  1.56816316e-07 
 4.55900000e-04  1.56623346e-07 
 4.56000000e-04  1.56492710e-07 
 4.56100000e-04  1.72652826e-07 
 4.56200000e-04  1.72449845e-07 
 4.56300000e-04  1.72356410e-07 
 4.56400000e-04  1.72270459e-07 
 4.56500000e-04  1.72204708e-07 
 4.56600000e-04  1.59460109e-07 
 4.56700000e-04  1.59120438e-07 
 4.56800000e-04  1.58942307e-07 
 4.56900000e-04  1.58810055e-07 
 4.57000000e-04  1.58724951e-07 
 4.57100000e-04  1.72390415e-07 
 4.57200000e-04  1.72134516e-07 
 4.57300000e-04  1.72041030e-07 
 4.57400000e-04  1.71959787e-07 
 4.57500000e-04  1.71928035e-07 
 4.57600000e-04  1.57947816e-07 
 4.57700000e-04  1.57546672e-07 
 4.57800000e-04  1.57333106e-07 
 4.57900000e-04  1.57168031e-07 
 4.58000000e-04  1.57052792e-07 
 4.58100000e-04  1.73767254e-07 
 4.58200000e-04  1.73442334e-07 
 4.58300000e-04  1.73318655e-07 
 4.58400000e-04  1.73209661e-07 
 4.58500000e-04  1.73169979e-07 
 4.58600000e-04  1.61709835e-07 
 4.58700000e-04  1.61345233e-07 
 4.58800000e-04  1.61159671e-07 
 4.58900000e-04  1.61038348e-07 
 4.59000000e-04  1.60983113e-07 
 4.59100000e-04  1.72447464e-07 
 4.59200000e-04  1.72168246e-07 
 4.59300000e-04  1.72073374e-07 
 4.59400000e-04  1.71991015e-07 
 4.59500000e-04  1.71953020e-07 
 4.59600000e-04  1.57992878e-07 
 4.59700000e-04  1.57550846e-07 
 4.59800000e-04  1.57325594e-07 
 4.59900000e-04  1.57159829e-07 
 4.60000000e-04  1.57055251e-07 
 4.60100000e-04  1.73218611e-07 
 4.60200000e-04  1.73009556e-07 
 4.60300000e-04  1.72917481e-07 
 4.60400000e-04  1.72834010e-07 
 4.60500000e-04  1.72791041e-07 
 4.60600000e-04  1.60035088e-07 
 4.60700000e-04  1.59686700e-07 
 4.60800000e-04  1.59494477e-07 
 4.60900000e-04  1.59363871e-07 
 4.61000000e-04  1.59296647e-07 
 4.61100000e-04  1.72972340e-07 
 4.61200000e-04  1.72737210e-07 
 4.61300000e-04  1.72644837e-07 
 4.61400000e-04  1.72562453e-07 
 4.61500000e-04  1.72529741e-07 
 4.61600000e-04  1.58522919e-07 
 4.61700000e-04  1.58120814e-07 
 4.61800000e-04  1.57906276e-07 
 4.61900000e-04  1.57745974e-07 
 4.62000000e-04  1.57641438e-07 
 4.62100000e-04  1.74893923e-07 
 4.62200000e-04  1.74464108e-07 
 4.62300000e-04  1.74317349e-07 
 4.62400000e-04  1.74189927e-07 
 4.62500000e-04  1.74124002e-07 
 4.62600000e-04  1.63937992e-07 
 4.62700000e-04  1.63605065e-07 
 4.62800000e-04  1.63419208e-07 
 4.62900000e-04  1.63306373e-07 
 4.63000000e-04  1.63268684e-07 
 4.63100000e-04  1.72581601e-07 
 4.63200000e-04  1.72252694e-07 
 4.63300000e-04  1.72135031e-07 
 4.63400000e-04  1.72031773e-07 
 4.63500000e-04  1.71976112e-07 
 4.63600000e-04  1.58059901e-07 
 4.63700000e-04  1.57584093e-07 
 4.63800000e-04  1.57349744e-07 
 4.63900000e-04  1.57172499e-07 
 4.64000000e-04  1.57053975e-07 
 4.64100000e-04  1.73237214e-07 
 4.64200000e-04  1.73028356e-07 
 4.64300000e-04  1.72932216e-07 
 4.64400000e-04  1.72844173e-07 
 4.64500000e-04  1.72793187e-07 
 4.64600000e-04  1.60041096e-07 
 4.64700000e-04  1.59683938e-07 
 4.64800000e-04  1.59502909e-07 
 4.64900000e-04  1.59375044e-07 
 4.65000000e-04  1.59301837e-07 
 4.65100000e-04  1.72990785e-07 
 4.65200000e-04  1.72755429e-07 
 4.65300000e-04  1.72655605e-07 
 4.65400000e-04  1.72565351e-07 
 4.65500000e-04  1.72528468e-07 
 4.65600000e-04  1.58530978e-07 
 4.65700000e-04  1.58131855e-07 
 4.65800000e-04  1.57910456e-07 
 4.65900000e-04  1.57749393e-07 
 4.66000000e-04  1.57650387e-07 
 4.66100000e-04  1.74353742e-07 
 4.66200000e-04  1.74045971e-07 
 4.66300000e-04  1.73931703e-07 
 4.66400000e-04  1.73830320e-07 
 4.66500000e-04  1.73765891e-07 
 4.66600000e-04  1.62283172e-07 
 4.66700000e-04  1.61926753e-07 
 4.66800000e-04  1.61750398e-07 
 4.66900000e-04  1.61628446e-07 
 4.67000000e-04  1.61562426e-07 
 4.67100000e-04  1.73068514e-07 
 4.67200000e-04  1.72788827e-07 
 4.67300000e-04  1.72688007e-07 
 4.67400000e-04  1.72599266e-07 
 4.67500000e-04  1.72547672e-07 
 4.67600000e-04  1.58583033e-07 
 4.67700000e-04  1.58132798e-07 
 4.67800000e-04  1.57916139e-07 
 4.67900000e-04  1.57749606e-07 
 4.68000000e-04  1.57634588e-07 
 4.68100000e-04  1.73839535e-07 
 4.68200000e-04  1.73620484e-07 
 4.68300000e-04  1.73530889e-07 
 4.68400000e-04  1.73451282e-07 
 4.68500000e-04  1.73402095e-07 
 4.68600000e-04  1.60612095e-07 
 4.68700000e-04  1.60267436e-07 
 4.68800000e-04  1.60092484e-07 
 4.68900000e-04  1.59971789e-07 
 4.69000000e-04  1.59906875e-07 
 4.69100000e-04  1.73603223e-07 
 4.69200000e-04  1.73353563e-07 
 4.69300000e-04  1.73256479e-07 
 4.69400000e-04  1.73170566e-07 
 4.69500000e-04  1.73137662e-07 
 4.69600000e-04  1.59107985e-07 
 4.69700000e-04  1.58709282e-07 
 4.69800000e-04  1.58501592e-07 
 4.69900000e-04  1.58341018e-07 
 4.70000000e-04  1.58228854e-07 
 4.70100000e-04  1.76041180e-07 
 4.70200000e-04  1.75505666e-07 
 4.70300000e-04  1.75330292e-07 
 4.70400000e-04  1.75179391e-07 
 4.70500000e-04  1.75095420e-07 
 4.70600000e-04  1.66185971e-07 
 4.70700000e-04  1.65855076e-07 
 4.70800000e-04  1.65686305e-07 
 4.70900000e-04  1.65577323e-07 
 4.71000000e-04  1.65529823e-07 
 4.71100000e-04  1.72849961e-07 
 4.71200000e-04  1.72433959e-07 
 4.71300000e-04  1.72274839e-07 
 4.71400000e-04  1.72133206e-07 
 4.71500000e-04  1.72063277e-07 
 4.71600000e-04  1.58165192e-07 
 4.71700000e-04  1.57639365e-07 
 4.71800000e-04  1.57392875e-07 
 4.71900000e-04  1.57208725e-07 
 4.72000000e-04  1.57088689e-07 
 4.72100000e-04  1.73258471e-07 
 4.72200000e-04  1.73058980e-07 
 4.72300000e-04  1.72962896e-07 
 4.72400000e-04  1.72873836e-07 
 4.72500000e-04  1.72819864e-07 
 4.72600000e-04  1.60056742e-07 
 4.72700000e-04  1.59703864e-07 
 4.72800000e-04  1.59512268e-07 
 4.72900000e-04  1.59380079e-07 
 4.73000000e-04  1.59308982e-07 
 4.73100000e-04  1.72997016e-07 
 4.73200000e-04  1.72749158e-07 
 4.73300000e-04  1.72658095e-07 
 4.73400000e-04  1.72578329e-07 
 4.73500000e-04  1.72539824e-07 
 4.73600000e-04  1.58533811e-07 
 4.73700000e-04  1.58131383e-07 
 4.73800000e-04  1.57925251e-07 
 4.73900000e-04  1.57758354e-07 
 4.74000000e-04  1.57631732e-07 
 4.74100000e-04  1.74371231e-07 
 4.74200000e-04  1.74051225e-07 
 4.74300000e-04  1.73931747e-07 
 4.74400000e-04  1.73826535e-07 
 4.74500000e-04  1.73770093e-07 
 4.74600000e-04  1.62300780e-07 
 4.74700000e-04  1.61948542e-07 
 4.74800000e-04  1.61770299e-07 
 4.74900000e-04  1.61645952e-07 
 4.75000000e-04  1.61577010e-07 
 4.75100000e-04  1.73084747e-07 
 4.75200000e-04  1.72786916e-07 
 4.75300000e-04  1.72684478e-07 
 4.75400000e-04  1.72595635e-07 
 4.75500000e-04  1.72552156e-07 
 4.75600000e-04  1.58584806e-07 
 4.75700000e-04  1.58140292e-07 
 4.75800000e-04  1.57929736e-07 
 4.75900000e-04  1.57764481e-07 
 4.76000000e-04  1.57645761e-07 
 4.76100000e-04  1.73842319e-07 
 4.76200000e-04  1.73640052e-07 
 4.76300000e-04  1.73542311e-07 
 4.76400000e-04  1.73451819e-07 
 4.76500000e-04  1.73403757e-07 
 4.76600000e-04  1.60621041e-07 
 4.76700000e-04  1.60270098e-07 
 4.76800000e-04  1.60092732e-07 
 4.76900000e-04  1.59971114e-07 
 4.77000000e-04  1.59906804e-07 
 4.77100000e-04  1.73595799e-07 
 4.77200000e-04  1.73350073e-07 
 4.77300000e-04  1.73264577e-07 
 4.77400000e-04  1.73190823e-07 
 4.77500000e-04  1.73145858e-07 
 4.77600000e-04  1.59110449e-07 
 4.77700000e-04  1.58715408e-07 
 4.77800000e-04  1.58509146e-07 
 4.77900000e-04  1.58347143e-07 
 4.78000000e-04  1.58230595e-07 
 4.78100000e-04  1.75511262e-07 
 4.78200000e-04  1.75091326e-07 
 4.78300000e-04  1.74942842e-07 
 4.78400000e-04  1.74812434e-07 
 4.78500000e-04  1.74736832e-07 
 4.78600000e-04  1.64527727e-07 
 4.78700000e-04  1.64194167e-07 
 4.78800000e-04  1.64021418e-07 
 4.78900000e-04  1.63911311e-07 
 4.79000000e-04  1.63865625e-07 
 4.79100000e-04  1.73191261e-07 
 4.79200000e-04  1.72886755e-07 
 4.79300000e-04  1.72762104e-07 
 4.79400000e-04  1.72648956e-07 
 4.79500000e-04  1.72599085e-07 
 4.79600000e-04  1.58657170e-07 
 4.79700000e-04  1.58182555e-07 
 4.79800000e-04  1.57942753e-07 
 4.79900000e-04  1.57769519e-07 
 4.80000000e-04  1.57664751e-07 
 4.80100000e-04  1.73868844e-07 
 4.80200000e-04  1.73647938e-07 
 4.80300000e-04  1.73547544e-07 
 4.80400000e-04  1.73456080e-07 
 4.80500000e-04  1.73409906e-07 
 4.80600000e-04  1.60624421e-07 
 4.80700000e-04  1.60289945e-07 
 4.80800000e-04  1.60098759e-07 
 4.80900000e-04  1.59970536e-07 
 4.81000000e-04  1.59907056e-07 
 4.81100000e-04  1.73606454e-07 
 4.81200000e-04  1.73352947e-07 
 4.81300000e-04  1.73259678e-07 
 4.81400000e-04  1.73178060e-07 
 4.81500000e-04  1.73148420e-07 
 4.81600000e-04  1.59119623e-07 
 4.81700000e-04  1.58726363e-07 
 4.81800000e-04  1.58506873e-07 
 4.81900000e-04  1.58340403e-07 
 4.82000000e-04  1.58228424e-07 
 4.82100000e-04  1.74993374e-07 
 4.82200000e-04  1.74662128e-07 
 4.82300000e-04  1.74545149e-07 
 4.82400000e-04  1.74443691e-07 
 4.82500000e-04  1.74377383e-07 
 4.82600000e-04  1.62863940e-07 
 4.82700000e-04  1.62533144e-07 
 4.82800000e-04  1.62353204e-07 
 4.82900000e-04  1.62235898e-07 
 4.83000000e-04  1.62183003e-07 
 4.83100000e-04  1.73683746e-07 
 4.83200000e-04  1.73410065e-07 
 4.83300000e-04  1.73303757e-07 
 4.83400000e-04  1.73208410e-07 
 4.83500000e-04  1.73174532e-07 
 4.83600000e-04  1.59161530e-07 
 4.83700000e-04  1.58735498e-07 
 4.83800000e-04  1.58518119e-07 
 4.83900000e-04  1.58350839e-07 
 4.84000000e-04  1.58235029e-07 
 4.84100000e-04  1.74462308e-07 
 4.84200000e-04  1.74261582e-07 
 4.84300000e-04  1.74166202e-07 
 4.84400000e-04  1.74078068e-07 
 4.84500000e-04  1.74018577e-07 
 4.84600000e-04  1.61210345e-07 
 4.84700000e-04  1.60856734e-07 
 4.84800000e-04  1.60674704e-07 
 4.84900000e-04  1.60555933e-07 
 4.85000000e-04  1.60502211e-07 
 4.85100000e-04  1.74228867e-07 
 4.85200000e-04  1.73982124e-07 
 4.85300000e-04  1.73891023e-07 
 4.85400000e-04  1.73810802e-07 
 4.85500000e-04  1.73770367e-07 
 4.85600000e-04  1.59691564e-07 
 4.85700000e-04  1.59314305e-07 
 4.85800000e-04  1.59093905e-07 
 4.85900000e-04  1.58932823e-07 
 4.86000000e-04  1.58832723e-07 
 4.86100000e-04  1.77208340e-07 
 4.86200000e-04  1.76552769e-07 
 4.86300000e-04  1.76340530e-07 
 4.86400000e-04  1.76158176e-07 
 4.86500000e-04  1.76074486e-07 
 4.86600000e-04  1.68442240e-07 
 4.86700000e-04  1.68105517e-07 
 4.86800000e-04  1.67938882e-07 
 4.86900000e-04  1.67845183e-07 
 4.87000000e-04  1.67826517e-07 
 4.87100000e-04  1.73486335e-07 
 4.87200000e-04  1.72681936e-07 
 4.87300000e-04  1.72428282e-07 
 4.87400000e-04  1.72211337e-07 
 4.87500000e-04  1.72115178e-07 
 4.87600000e-04  1.58234306e-07 
 4.87700000e-04  1.57667183e-07 
 4.87800000e-04  1.57414001e-07 
 4.87900000e-04  1.57228552e-07 
 4.88000000e-04  1.57112769e-07 
 4.88100000e-04  1.73277998e-07 
 4.88200000e-04  1.73059908e-07 
 4.88300000e-04  1.72967903e-07 
 4.88400000e-04  1.72885338e-07 
 4.88500000e-04  1.72828441e-07 
 4.88600000e-04  1.60049311e-07 
 4.88700000e-04  1.59708263e-07 
 4.88800000e-04  1.59522963e-07 
 4.88900000e-04  1.59392261e-07 
 4.89000000e-04  1.59317940e-07 
 4.89100000e-04  1.73163073e-07 
 4.89200000e-04  1.72811506e-07 
 4.89300000e-04  1.72675913e-07 
 4.89400000e-04  1.72605391e-07 
 4.89500000e-04  1.72550169e-07 
 4.89600000e-04  1.58551474e-07 
 4.89700000e-04  1.58163303e-07 
 4.89800000e-04  1.57941766e-07 
 4.89900000e-04  1.57768521e-07 
 4.90000000e-04  1.57644916e-07 
 4.90100000e-04  1.74376352e-07 
 4.90200000e-04  1.74062820e-07 
 4.90300000e-04  1.73935593e-07 
 4.90400000e-04  1.73821636e-07 
 4.90500000e-04  1.73763955e-07 
 4.90600000e-04  1.62302343e-07 
 4.90700000e-04  1.61940465e-07 
 4.90800000e-04  1.61762094e-07 
 4.90900000e-04  1.61641167e-07 
 4.91000000e-04  1.61579344e-07 
 4.91100000e-04  1.73075100e-07 
 4.91200000e-04  1.72798501e-07 
 4.91300000e-04  1.72691403e-07 
 4.91400000e-04  1.72595268e-07 
 4.91500000e-04  1.72556043e-07 
 4.91600000e-04  1.58578941e-07 
 4.91700000e-04  1.58138727e-07 
 4.91800000e-04  1.57924229e-07 
 4.91900000e-04  1.57763567e-07 
 4.92000000e-04  1.57658306e-07 
 4.92100000e-04  1.73836031e-07 
 4.92200000e-04  1.73639093e-07 
 4.92300000e-04  1.73541501e-07 
 4.92400000e-04  1.73450731e-07 
 4.92500000e-04  1.73402992e-07 
 4.92600000e-04  1.60621068e-07 
 4.92700000e-04  1.60282896e-07 
 4.92800000e-04  1.60100291e-07 
 4.92900000e-04  1.59965407e-07 
 4.93000000e-04  1.59879637e-07 
 4.93100000e-04  1.73606000e-07 
 4.93200000e-04  1.73352187e-07 
 4.93300000e-04  1.73256980e-07 
 4.93400000e-04  1.73173621e-07 
 4.93500000e-04  1.73153766e-07 
 4.93600000e-04  1.59116170e-07 
 4.93700000e-04  1.58726679e-07 
 4.93800000e-04  1.58513536e-07 
 4.93900000e-04  1.58345357e-07 
 4.94000000e-04  1.58223592e-07 
 4.94100000e-04  1.75941337e-07 
 4.94200000e-04  1.75292442e-07 
 4.94300000e-04  1.75093469e-07 
 4.94400000e-04  1.75015073e-07 
 4.94500000e-04  1.74966047e-07 
 4.94600000e-04  1.64829584e-07 
 4.94700000e-04  1.64485918e-07 
 4.94800000e-04  1.64298961e-07 
 4.94900000e-04  1.64153245e-07 
 4.95000000e-04  1.64049997e-07 
 4.95100000e-04  1.73194843e-07 
 4.95200000e-04  1.72870865e-07 
 4.95300000e-04  1.72762173e-07 
 4.95400000e-04  1.72667878e-07 
 4.95500000e-04  1.72612255e-07 
 4.95600000e-04  1.58658966e-07 
 4.95700000e-04  1.58175558e-07 
 4.95800000e-04  1.57945913e-07 
 4.95900000e-04  1.57775777e-07 
 4.96000000e-04  1.57666982e-07 
 4.96100000e-04  1.73857392e-07 
 4.96200000e-04  1.73644189e-07 
 4.96300000e-04  1.73555501e-07 
 4.96400000e-04  1.73475591e-07 
 4.96500000e-04  1.73417193e-07 
 4.96600000e-04  1.60624790e-07 
 4.96700000e-04  1.60272425e-07 
 4.96800000e-04  1.60099648e-07 
 4.96900000e-04  1.59973663e-07 
 4.97000000e-04  1.59895919e-07 
 4.97100000e-04  1.73607658e-07 
 4.97200000e-04  1.73373545e-07 
 4.97300000e-04  1.73272641e-07 
 4.97400000e-04  1.73180921e-07 
 4.97500000e-04  1.73142907e-07 
 4.97600000e-04  1.59128758e-07 
 4.97700000e-04  1.58729354e-07 
 4.97800000e-04  1.58512041e-07 
 4.97900000e-04  1.58346084e-07 
 4.98000000e-04  1.58233092e-07 
 4.98100000e-04  1.74983080e-07 
 4.98200000e-04  1.74664849e-07 
 4.98300000e-04  1.74545462e-07 
 4.98400000e-04  1.74439625e-07 
 4.98500000e-04  1.74389731e-07 
 4.98600000e-04  1.62867882e-07 
 4.98700000e-04  1.62536078e-07 
 4.98800000e-04  1.62357309e-07 
 4.98900000e-04  1.62238361e-07 
 4.99000000e-04  1.62181133e-07 
 4.99100000e-04  1.73689142e-07 
 4.99200000e-04  1.73405819e-07 
 4.99300000e-04  1.73299649e-07 
 4.99400000e-04  1.73205532e-07 
 4.99500000e-04  1.73179317e-07 
 4.99600000e-04  1.59171131e-07 
 4.99700000e-04  1.58734100e-07 
 4.99800000e-04  1.58514670e-07 
 4.99900000e-04  1.58346908e-07 
 5.00000000e-04  1.58232451e-07 
 5.00100000e-04  1.74464062e-07 
 5.00200000e-04  1.74261930e-07 
 5.00300000e-04  1.74168477e-07 
 5.00400000e-04  1.74082393e-07 
 5.00500000e-04  1.74028393e-07 
 5.00600000e-04  1.61204841e-07 
 5.00700000e-04  1.60864397e-07 
 5.00800000e-04  1.60688177e-07 
 5.00900000e-04  1.60562789e-07 
 5.01000000e-04  1.60489844e-07 
 5.01100000e-04  1.74240319e-07 
 5.01200000e-04  1.73980766e-07 
 5.01300000e-04  1.73888768e-07 
 5.01400000e-04  1.73809190e-07 
 5.01500000e-04  1.73768140e-07 
 5.01600000e-04  1.59696078e-07 
 5.01700000e-04  1.59301731e-07 
 5.01800000e-04  1.59104451e-07 
 5.01900000e-04  1.58944081e-07 
 5.02000000e-04  1.58821790e-07 
 5.02100000e-04  1.76681528e-07 
 5.02200000e-04  1.76132248e-07 
 5.02300000e-04  1.75956915e-07 
 5.02400000e-04  1.75807590e-07 
 5.02500000e-04  1.75710139e-07 
 5.02600000e-04  1.66779072e-07 
 5.02700000e-04  1.66442522e-07 
 5.02800000e-04  1.66276981e-07 
 5.02900000e-04  1.66173983e-07 
 5.03000000e-04  1.66135511e-07 
 5.03100000e-04  1.73482536e-07 
 5.03200000e-04  1.73063684e-07 
 5.03300000e-04  1.72898053e-07 
 5.03400000e-04  1.72749729e-07 
 5.03500000e-04  1.72682874e-07 
 5.03600000e-04  1.58760453e-07 
 5.03700000e-04  1.58250389e-07 
 5.03800000e-04  1.58000813e-07 
 5.03900000e-04  1.57812075e-07 
 5.04000000e-04  1.57686105e-07 
 5.04100000e-04  1.73904069e-07 
 5.04200000e-04  1.73688088e-07 
 5.04300000e-04  1.73579025e-07 
 5.04400000e-04  1.73477737e-07 
 5.04500000e-04  1.73432655e-07 
 5.04600000e-04  1.60637968e-07 
 5.04700000e-04  1.60295918e-07 
 5.04800000e-04  1.60113554e-07 
 5.04900000e-04  1.59984894e-07 
 5.05000000e-04  1.59911640e-07 
 5.05100000e-04  1.73619392e-07 
 5.05200000e-04  1.73376380e-07 
 5.05300000e-04  1.73278805e-07 
 5.05400000e-04  1.73191558e-07 
 5.05500000e-04  1.73156327e-07 
 5.05600000e-04  1.59119585e-07 
 5.05700000e-04  1.58733948e-07 
 5.05800000e-04  1.58512395e-07 
 5.05900000e-04  1.58347818e-07 
 5.06000000e-04  1.58242025e-07 
 5.06100000e-04  1.75002557e-07 
 5.06200000e-04  1.74674196e-07 
 5.06300000e-04  1.74553101e-07 
 5.06400000e-04  1.74446996e-07 
 5.06500000e-04  1.74393503e-07 
 5.06600000e-04  1.62870801e-07 
 5.06700000e-04  1.62525040e-07 
 5.06800000e-04  1.62347894e-07 
 5.06900000e-04  1.62228805e-07 
 5.07000000e-04  1.62169614e-07 
 5.07100000e-04  1.73698348e-07 
 5.07200000e-04  1.73417987e-07 
 5.07300000e-04  1.73313685e-07 
 5.07400000e-04  1.73221247e-07 
 5.07500000e-04  1.73178840e-07 
 5.07600000e-04  1.59173830e-07 
 5.07700000e-04  1.58732222e-07 
 5.07800000e-04  1.58517505e-07 
 5.07900000e-04  1.58352590e-07 
 5.08000000e-04  1.58239056e-07 
 5.08100000e-04  1.74469286e-07 
 5.08200000e-04  1.74246337e-07 
 5.08300000e-04  1.74155966e-07 
 5.08400000e-04  1.74075636e-07 
 5.08500000e-04  1.74017992e-07 
 5.08600000e-04  1.61218724e-07 
 5.08700000e-04  1.60873889e-07 
 5.08800000e-04  1.60699093e-07 
 5.08900000e-04  1.60570539e-07 
 5.09000000e-04  1.60489693e-07 
 5.09100000e-04  1.74234789e-07 
 5.09200000e-04  1.73987377e-07 
 5.09300000e-04  1.73893815e-07 
 5.09400000e-04  1.73811488e-07 
 5.09500000e-04  1.73761174e-07 
 5.09600000e-04  1.59697195e-07 
 5.09700000e-04  1.59316350e-07 
 5.09800000e-04  1.59095708e-07 
 5.09900000e-04  1.58933849e-07 
 5.10000000e-04  1.58832638e-07 
 5.10100000e-04  1.76138822e-07 
 5.10200000e-04  1.75714903e-07 
 5.10300000e-04  1.75566219e-07 
 5.10400000e-04  1.75436240e-07 
 5.10500000e-04  1.75355495e-07 
 5.10600000e-04  1.65140138e-07 
 5.10700000e-04  1.64782131e-07 
 5.10800000e-04  1.64619423e-07 
 5.10900000e-04  1.64509816e-07 
 5.11000000e-04  1.64454994e-07 
 5.11100000e-04  1.73821643e-07 
 5.11200000e-04  1.73500907e-07 
 5.11300000e-04  1.73381227e-07 
 5.11400000e-04  1.73274780e-07 
 5.11500000e-04  1.73221994e-07 
 5.11600000e-04  1.59241760e-07 
 5.11700000e-04  1.58770235e-07 
 5.11800000e-04  1.58540175e-07 
 5.11900000e-04  1.58370602e-07 
 5.12000000e-04  1.58263433e-07 
 5.12100000e-04  1.74484231e-07 
 5.12200000e-04  1.74269390e-07 
 5.12300000e-04  1.74168652e-07 
 5.12400000e-04  1.74076181e-07 
 5.12500000e-04  1.74052211e-07 
 5.12600000e-04  1.61221128e-07 
 5.12700000e-04  1.60872758e-07 
 5.12800000e-04  1.60703153e-07 
 5.12900000e-04  1.60577538e-07 
 5.13000000e-04  1.60497309e-07 
 5.13100000e-04  1.74243638e-07 
 5.13200000e-04  1.73993131e-07 
 5.13300000e-04  1.73896222e-07 
 5.13400000e-04  1.73810662e-07 
 5.13500000e-04  1.73773355e-07 
 5.13600000e-04  1.59693088e-07 
 5.13700000e-04  1.59318258e-07 
 5.13800000e-04  1.59108259e-07 
 5.13900000e-04  1.58949111e-07 
 5.14000000e-04  1.58842429e-07 
 5.14100000e-04  1.75619502e-07 
 5.14200000e-04  1.75293796e-07 
 5.14300000e-04  1.75169128e-07 
 5.14400000e-04  1.75058785e-07 
 5.14500000e-04  1.75003652e-07 
 5.14600000e-04  1.63457338e-07 
 5.14700000e-04  1.63117053e-07 
 5.14800000e-04  1.62951775e-07 
 5.14900000e-04  1.62831454e-07 
 5.15000000e-04  1.62757515e-07 
 5.15100000e-04  1.74328452e-07 
 5.15200000e-04  1.74040471e-07 
 5.15300000e-04  1.73933378e-07 
 5.15400000e-04  1.73838853e-07 
 5.15500000e-04  1.73788371e-07 
 5.15600000e-04  1.59761652e-07 
 5.15700000e-04  1.59323263e-07 
 5.15800000e-04  1.59103727e-07 
 5.15900000e-04  1.58936959e-07 
 5.16000000e-04  1.58824634e-07 
 5.16100000e-04  1.75088938e-07 
 5.16200000e-04  1.74888390e-07 
 5.16300000e-04  1.74788215e-07 
 5.16400000e-04  1.74694694e-07 
 5.16500000e-04  1.74647484e-07 
 5.16600000e-04  1.61790964e-07 
 5.16700000e-04  1.61457050e-07 
 5.16800000e-04  1.61276772e-07 
 5.16900000e-04  1.61150584e-07 
 5.17000000e-04  1.61080200e-07 
 5.17100000e-04  1.74853082e-07 
 5.17200000e-04  1.74597848e-07 
 5.17300000e-04  1.74509584e-07 
 5.17400000e-04  1.74433674e-07 
 5.17500000e-04  1.74383281e-07 
 5.17600000e-04  1.60292142e-07 
 5.17700000e-04  1.59909947e-07 
 5.17800000e-04  1.59698353e-07 
 5.17900000e-04  1.59537099e-07 
 5.18000000e-04  1.59427784e-07 
 5.18100000e-04  1.88940841e-07 
 5.18200000e-04  1.86324035e-07 
 5.18300000e-04  1.85518081e-07 
 5.18400000e-04  1.85263843e-07 
 5.18500000e-04  1.85009606e-07 
 5.18600000e-04  1.75732699e-07 
 5.18700000e-04  1.74614399e-07 
 5.18800000e-04  1.74276012e-07 
 5.18900000e-04  1.74062644e-07 
 5.19000000e-04  1.73976548e-07 
 5.19100000e-04  1.71284538e-07 
 5.19200000e-04  1.70507685e-07 
 5.19300000e-04  1.70299568e-07 
 5.19400000e-04  1.70128025e-07 
 5.19500000e-04  1.70052504e-07 
 5.19600000e-04  1.57649000e-07 
 5.19700000e-04  1.56967843e-07 
 5.19800000e-04  1.56706892e-07 
 5.19900000e-04 -0.00000000e+00 
 5.20000000e-04  1.56574380e-07 
