 time            -i(vdd)        
 2.60000000e-04 -1.26577369e-04 
 2.60100000e-04  1.83721453e-07 
 2.60200000e-04  1.75016456e-07 
 2.60300000e-04  1.72689848e-07 
 2.60400000e-04  1.70727347e-07 
 2.60500000e-04  1.70076576e-07 
 2.60600000e-04  1.76684407e-07 
 2.60700000e-04  1.75910834e-07 
 2.60800000e-04  1.75485279e-07 
 2.60900000e-04  1.75139159e-07 
 2.61000000e-04  1.74874196e-07 
 2.61100000e-04  1.56452575e-07 
 2.61200000e-04  1.54079660e-07 
 2.61300000e-04  1.53473811e-07 
 2.61400000e-04  1.52984717e-07 
 2.61500000e-04  1.52783448e-07 
 2.61600000e-04  1.38888333e-07 
 2.61700000e-04  1.37638469e-07 
 2.61800000e-04  1.37194069e-07 
 2.61900000e-04  1.36877780e-07 
 2.62000000e-04  1.36693666e-07 
 2.62100000e-04  1.61886876e-07 
 2.62200000e-04  1.60617896e-07 
 2.62300000e-04  1.60334607e-07 
 2.62400000e-04  1.60129669e-07 
 2.62500000e-04  1.60037754e-07 
 2.62600000e-04  1.48504765e-07 
 2.62700000e-04  1.47915126e-07 
 2.62800000e-04  1.47635238e-07 
 2.62900000e-04  1.47422080e-07 
 2.63000000e-04  1.47277078e-07 
 2.63100000e-04  1.99993508e-07 
 2.63200000e-04  1.94212020e-07 
 2.63300000e-04  1.92920256e-07 
 2.63400000e-04  1.91923699e-07 
 2.63500000e-04  1.91648852e-07 
 2.63600000e-04  1.78196278e-07 
 2.63700000e-04  1.77568560e-07 
 2.63800000e-04  1.77243123e-07 
 2.63900000e-04  1.76995960e-07 
 2.64000000e-04  1.76829550e-07 
 2.64100000e-04  1.72663443e-07 
 2.64200000e-04  1.68073461e-07 
 2.64300000e-04  1.67028109e-07 
 2.64400000e-04  1.66213846e-07 
 2.64500000e-04  1.65972287e-07 
 2.64600000e-04  1.53758862e-07 
 2.64700000e-04  1.53122554e-07 
 2.64800000e-04  1.52812612e-07 
 2.64900000e-04  1.52579794e-07 
 2.65000000e-04  1.52426542e-07 
 2.65100000e-04  1.66020846e-07 
 2.65200000e-04  1.65520717e-07 
 2.65300000e-04  1.65364132e-07 
 2.65400000e-04  1.65230679e-07 
 2.65500000e-04  1.65183740e-07 
 2.65600000e-04  1.51581190e-07 
 2.65700000e-04  1.51133633e-07 
 2.65800000e-04  1.50911727e-07 
 2.65900000e-04  1.50743152e-07 
 2.66000000e-04  1.50629598e-07 
 2.66100000e-04  1.67004203e-07 
 2.66200000e-04  1.66732967e-07 
 2.66300000e-04  1.66636978e-07 
 2.66400000e-04  1.66553050e-07 
 2.66500000e-04  1.66504647e-07 
 2.66600000e-04  1.55427902e-07 
 2.66700000e-04  1.55026348e-07 
 2.66800000e-04  1.54812028e-07 
 2.66900000e-04  1.54663717e-07 
 2.67000000e-04  1.54583500e-07 
 2.67100000e-04  1.67992036e-07 
 2.67200000e-04  1.67094609e-07 
 2.67300000e-04  1.66801208e-07 
 2.67400000e-04  1.66672127e-07 
 2.67500000e-04  1.66596141e-07 
 2.67600000e-04  1.52508597e-07 
 2.67700000e-04  1.51850138e-07 
 2.67800000e-04  1.51571198e-07 
 2.67900000e-04  1.51364549e-07 
 2.68000000e-04  1.51231736e-07 
 2.68100000e-04  1.03753311e-04 
 2.68200000e-04  1.03752941e-04 
 2.68300000e-04  1.03752824e-04 
 2.68400000e-04  1.03752725e-04 
 2.68500000e-04  1.03752665e-04 
 2.68600000e-04  1.03740301e-04 
 2.68700000e-04  1.03739867e-04 
 2.68800000e-04  1.03739656e-04 
 2.68900000e-04  1.03739508e-04 
 2.69000000e-04  1.03739424e-04 
 2.69100000e-04  1.67263537e-07 
 2.69200000e-04  1.67007506e-07 
 2.69300000e-04  1.66930469e-07 
 2.69400000e-04  1.66866310e-07 
 2.69500000e-04  1.66851044e-07 
 2.69600000e-04  1.53205635e-07 
 2.69700000e-04  1.52745484e-07 
 2.69800000e-04  1.52510880e-07 
 2.69900000e-04  1.52332963e-07 
 2.70000000e-04  1.52213524e-07 
 2.70100000e-04  1.69149044e-07 
 2.70200000e-04  1.68761685e-07 
 2.70300000e-04  1.68630189e-07 
 2.70400000e-04  1.68515568e-07 
 2.70500000e-04  1.68475774e-07 
 2.70600000e-04  1.58598766e-07 
 2.70700000e-04  1.58203438e-07 
 2.70800000e-04  1.58021669e-07 
 2.70900000e-04  1.57894490e-07 
 2.71000000e-04  1.57823626e-07 
 2.71100000e-04  1.67250788e-07 
 2.71200000e-04  1.66682317e-07 
 2.71300000e-04  1.66514515e-07 
 2.71400000e-04  1.66372187e-07 
 2.71500000e-04  1.66328679e-07 
 2.71600000e-04  1.52721829e-07 
 2.71700000e-04  1.52192803e-07 
 2.71800000e-04  1.51932405e-07 
 2.71900000e-04  1.51739188e-07 
 2.72000000e-04  1.51615275e-07 
 2.72100000e-04  1.67475867e-07 
 2.72200000e-04  1.67309761e-07 
 2.72300000e-04  1.67229108e-07 
 2.72400000e-04  1.67154104e-07 
 2.72500000e-04  1.67100111e-07 
 2.72600000e-04  1.54656641e-07 
 2.72700000e-04  1.54260350e-07 
 2.72800000e-04  1.54059566e-07 
 2.72900000e-04  1.53915499e-07 
 2.73000000e-04  1.53829939e-07 
 2.73100000e-04  1.67213916e-07 
 2.73200000e-04  1.66997988e-07 
 2.73300000e-04  1.66920861e-07 
 2.73400000e-04  1.66853769e-07 
 2.73500000e-04  1.66841294e-07 
 2.73600000e-04  1.53131811e-07 
 2.73700000e-04  1.52701610e-07 
 2.73800000e-04  1.52466710e-07 
 2.73900000e-04  1.52286778e-07 
 2.74000000e-04  1.52163548e-07 
 2.74100000e-04  1.68592451e-07 
 2.74200000e-04  1.68292409e-07 
 2.74300000e-04  1.68191425e-07 
 2.74400000e-04  1.68104737e-07 
 2.74500000e-04  1.68046612e-07 
 2.74600000e-04  1.56881051e-07 
 2.74700000e-04  1.56510336e-07 
 2.74800000e-04  1.56307575e-07 
 2.74900000e-04  1.56167135e-07 
 2.75000000e-04  1.56090980e-07 
 2.75100000e-04  1.67283492e-07 
 2.75200000e-04  1.67026863e-07 
 2.75300000e-04  1.66938770e-07 
 2.75400000e-04  1.66861805e-07 
 2.75500000e-04  1.66851896e-07 
 2.75600000e-04  1.53170692e-07 
 2.75700000e-04  1.52699436e-07 
 2.75800000e-04  1.52453353e-07 
 2.75900000e-04  1.52269839e-07 
 2.76000000e-04  1.52150863e-07 
 2.76100000e-04  1.68044834e-07 
 2.76200000e-04  1.67874267e-07 
 2.76300000e-04  1.67793452e-07 
 2.76400000e-04  1.67718933e-07 
 2.76500000e-04  1.67693223e-07 
 2.76600000e-04  1.55206604e-07 
 2.76700000e-04  1.54821231e-07 
 2.76800000e-04  1.54627243e-07 
 2.76900000e-04  1.54487207e-07 
 2.77000000e-04  1.54402819e-07 
 2.77100000e-04  1.67802078e-07 
 2.77200000e-04  1.67580791e-07 
 2.77300000e-04  1.67512290e-07 
 2.77400000e-04  1.67454925e-07 
 2.77500000e-04  1.67429261e-07 
 2.77600000e-04  1.53691250e-07 
 2.77700000e-04  1.53270407e-07 
 2.77800000e-04  1.53029393e-07 
 2.77900000e-04  1.52848227e-07 
 2.78000000e-04  1.52728797e-07 
 2.78100000e-04  1.70254496e-07 
 2.78200000e-04  1.69737913e-07 
 2.78300000e-04  1.69582423e-07 
 2.78400000e-04  1.69451593e-07 
 2.78500000e-04  1.69386503e-07 
 2.78600000e-04  1.60774288e-07 
 2.78700000e-04  1.60401706e-07 
 2.78800000e-04  1.60207511e-07 
 2.78900000e-04  1.60089116e-07 
 2.79000000e-04  1.60048907e-07 
 2.79100000e-04  1.67436612e-07 
 2.79200000e-04  1.66761579e-07 
 2.79300000e-04  1.66566906e-07 
 2.79400000e-04  1.66403826e-07 
 2.79500000e-04  1.66329611e-07 
 2.79600000e-04  1.52754905e-07 
 2.79700000e-04  1.52179925e-07 
 2.79800000e-04  1.51915574e-07 
 2.79900000e-04  1.51716028e-07 
 2.80000000e-04  1.51583324e-07 
 2.80100000e-04  1.67465429e-07 
 2.80200000e-04  1.67275865e-07 
 2.80300000e-04  1.67193358e-07 
 2.80400000e-04  1.67118761e-07 
 2.80500000e-04  1.67086395e-07 
 2.80600000e-04  1.54624998e-07 
 2.80700000e-04  1.54225972e-07 
 2.80800000e-04  1.54034122e-07 
 2.80900000e-04  1.53895811e-07 
 2.81000000e-04  1.53812721e-07 
 2.81100000e-04  1.67189332e-07 
 2.81200000e-04  1.66971933e-07 
 2.81300000e-04  1.66902611e-07 
 2.81400000e-04  1.66843835e-07 
 2.81500000e-04  1.66798384e-07 
 2.81600000e-04  1.53110530e-07 
 2.81700000e-04  1.52680492e-07 
 2.81800000e-04  1.52433054e-07 
 2.81900000e-04  1.52253157e-07 
 2.82000000e-04  1.52142924e-07 
 2.82100000e-04  1.68554896e-07 
 2.82200000e-04  1.68277351e-07 
 2.82300000e-04  1.68168669e-07 
 2.82400000e-04  1.68071071e-07 
 2.82500000e-04  1.68040669e-07 
 2.82600000e-04  1.56855292e-07 
 2.82700000e-04  1.56481936e-07 
 2.82800000e-04  1.56270489e-07 
 2.82900000e-04  1.56129344e-07 
 2.83000000e-04  1.56060709e-07 
 2.83100000e-04  1.67270045e-07 
 2.83200000e-04  1.67009475e-07 
 2.83300000e-04  1.66918461e-07 
 2.83400000e-04  1.66839212e-07 
 2.83500000e-04  1.66826047e-07 
 2.83600000e-04  1.53149103e-07 
 2.83700000e-04  1.52681792e-07 
 2.83800000e-04  1.52428529e-07 
 2.83900000e-04  1.52248285e-07 
 2.84000000e-04  1.52143352e-07 
 2.84100000e-04  1.68035353e-07 
 2.84200000e-04  1.67847819e-07 
 2.84300000e-04  1.67773611e-07 
 2.84400000e-04  1.67707886e-07 
 2.84500000e-04  1.67671672e-07 
 2.84600000e-04  1.55179763e-07 
 2.84700000e-04  1.54802781e-07 
 2.84800000e-04  1.54611309e-07 
 2.84900000e-04  1.54472320e-07 
 2.85000000e-04  1.54387456e-07 
 2.85100000e-04  1.67793489e-07 
 2.85200000e-04  1.67575863e-07 
 2.85300000e-04  1.67501395e-07 
 2.85400000e-04  1.67437168e-07 
 2.85500000e-04  1.67395374e-07 
 2.85600000e-04  1.53685353e-07 
 2.85700000e-04  1.53254306e-07 
 2.85800000e-04  1.53019663e-07 
 2.85900000e-04  1.52839466e-07 
 2.86000000e-04  1.52715423e-07 
 2.86100000e-04  1.69698415e-07 
 2.86200000e-04  1.69301466e-07 
 2.86300000e-04  1.69166839e-07 
 2.86400000e-04  1.69049632e-07 
 2.86500000e-04  1.69001294e-07 
 2.86600000e-04  1.59096428e-07 
 2.86700000e-04  1.58713234e-07 
 2.86800000e-04  1.58524149e-07 
 2.86900000e-04  1.58396281e-07 
 2.87000000e-04  1.58331545e-07 
 2.87100000e-04  1.67389026e-07 
 2.87200000e-04  1.67094660e-07 
 2.87300000e-04  1.66989634e-07 
 2.87400000e-04  1.66897267e-07 
 2.87500000e-04  1.66873503e-07 
 2.87600000e-04  1.53220972e-07 
 2.87700000e-04  1.52710280e-07 
 2.87800000e-04  1.52450937e-07 
 2.87900000e-04  1.52264954e-07 
 2.88000000e-04  1.52154636e-07 
 2.88100000e-04  1.68052090e-07 
 2.88200000e-04  1.67864980e-07 
 2.88300000e-04  1.67787437e-07 
 2.88400000e-04  1.67718107e-07 
 2.88500000e-04  1.67681871e-07 
 2.88600000e-04  1.55193558e-07 
 2.88700000e-04  1.54809835e-07 
 2.88800000e-04  1.54614188e-07 
 2.88900000e-04  1.54467742e-07 
 2.89000000e-04  1.54372032e-07 
 2.89100000e-04  1.67788269e-07 
 2.89200000e-04  1.67580253e-07 
 2.89300000e-04  1.67504575e-07 
 2.89400000e-04  1.67437841e-07 
 2.89500000e-04  1.67410879e-07 
 2.89600000e-04  1.53686003e-07 
 2.89700000e-04  1.53259176e-07 
 2.89800000e-04  1.53023611e-07 
 2.89900000e-04  1.52843113e-07 
 2.90000000e-04  1.52719402e-07 
 2.90100000e-04  1.69169570e-07 
 2.90200000e-04  1.68892199e-07 
 2.90300000e-04  1.68782076e-07 
 2.90400000e-04  1.68682794e-07 
 2.90500000e-04  1.68648611e-07 
 2.90600000e-04  1.57446214e-07 
 2.90700000e-04  1.57060880e-07 
 2.90800000e-04  1.56870493e-07 
 2.90900000e-04  1.56732867e-07 
 2.91000000e-04  1.56649646e-07 
 2.91100000e-04  1.67871671e-07 
 2.91200000e-04  1.67623967e-07 
 2.91300000e-04  1.67538574e-07 
 2.91400000e-04  1.67463811e-07 
 2.91500000e-04  1.67436209e-07 
 2.91600000e-04  1.53737895e-07 
 2.91700000e-04  1.53276853e-07 
 2.91800000e-04  1.53025340e-07 
 2.91900000e-04  1.52838739e-07 
 2.92000000e-04  1.52719080e-07 
 2.92100000e-04  1.68645447e-07 
 2.92200000e-04  1.68462620e-07 
 2.92300000e-04  1.68385795e-07 
 2.92400000e-04  1.68316493e-07 
 2.92500000e-04  1.68278902e-07 
 2.92600000e-04  1.55771120e-07 
 2.92700000e-04  1.55380820e-07 
 2.92800000e-04  1.55187048e-07 
 2.92900000e-04  1.55049294e-07 
 2.93000000e-04  1.54969300e-07 
 2.93100000e-04  1.68405163e-07 
 2.93200000e-04  1.68199076e-07 
 2.93300000e-04  1.68121676e-07 
 2.93400000e-04  1.68052975e-07 
 2.93500000e-04  1.68023033e-07 
 2.93600000e-04  1.54272864e-07 
 2.93700000e-04  1.53833099e-07 
 2.93800000e-04  1.53602487e-07 
 2.93900000e-04  1.53428800e-07 
 2.94000000e-04  1.53313813e-07 
 2.94100000e-04  1.71373281e-07 
 2.94200000e-04  1.70767907e-07 
 2.94300000e-04  1.70575386e-07 
 2.94400000e-04  1.70409852e-07 
 2.94500000e-04  1.70343561e-07 
 2.94600000e-04  1.63018647e-07 
 2.94700000e-04  1.62624059e-07 
 2.94800000e-04  1.62443036e-07 
 2.94900000e-04  1.62337907e-07 
 2.95000000e-04  1.62311050e-07 
 2.95100000e-04  1.67741943e-07 
 2.95200000e-04  1.66862645e-07 
 2.95300000e-04  1.66622354e-07 
 2.95400000e-04  1.66423928e-07 
 2.95500000e-04  1.66346422e-07 
 2.95600000e-04  1.52784321e-07 
 2.95700000e-04  1.52188288e-07 
 2.95800000e-04  1.51909204e-07 
 2.95900000e-04  1.51701571e-07 
 2.96000000e-04  1.51567622e-07 
 2.96100000e-04  1.67454807e-07 
 2.96200000e-04  1.67287593e-07 
 2.96300000e-04  1.67203022e-07 
 2.96400000e-04  1.67123979e-07 
 2.96500000e-04  1.67074036e-07 
 2.96600000e-04  1.54620655e-07 
 2.96700000e-04  1.54218221e-07 
 2.96800000e-04  1.54018983e-07 
 2.96900000e-04  1.53880449e-07 
 2.97000000e-04  1.53804509e-07 
 2.97100000e-04  1.67188844e-07 
 2.97200000e-04  1.66975264e-07 
 2.97300000e-04  1.66902663e-07 
 2.97400000e-04  1.66840050e-07 
 2.97500000e-04  1.66797151e-07 
 2.97600000e-04  1.53096782e-07 
 2.97700000e-04  1.52667628e-07 
 2.97800000e-04  1.52431265e-07 
 2.97900000e-04  1.52246857e-07 
 2.98000000e-04  1.52115980e-07 
 2.98100000e-04  1.70738179e-07 
 2.98200000e-04  1.69986457e-07 
 2.98300000e-04  1.69753165e-07 
 2.98400000e-04  1.69646638e-07 
 2.98500000e-04  1.69581072e-07 
 2.98600000e-04  1.57960467e-07 
 2.98700000e-04  1.57400037e-07 
 2.98800000e-04  1.57145309e-07 
 2.98900000e-04  1.56960822e-07 
 2.99000000e-04  1.56848044e-07 
 2.99100000e-04  1.03754181e-04 
 2.99200000e-04  1.03753739e-04 
 2.99300000e-04  1.03753611e-04 
 2.99400000e-04  1.03753502e-04 
 2.99500000e-04  1.03753456e-04 
 2.99600000e-04  1.03739804e-04 
 2.99700000e-04  1.03739314e-04 
 2.99800000e-04  1.03739050e-04 
 2.99900000e-04  1.03738857e-04 
 3.00000000e-04  1.03738736e-04 
 3.00100000e-04  1.69180965e-07 
 3.00200000e-04  1.68959320e-07 
 3.00300000e-04  1.68875599e-07 
 3.00400000e-04  1.68801792e-07 
 3.00500000e-04  1.68743488e-07 
 3.00600000e-04  1.56269625e-07 
 3.00700000e-04  1.55863194e-07 
 3.00800000e-04  1.55674870e-07 
 3.00900000e-04  1.55544935e-07 
 3.01000000e-04  1.55475202e-07 
 3.01100000e-04  1.68918714e-07 
 3.01200000e-04  1.68700163e-07 
 3.01300000e-04  1.68631094e-07 
 3.01400000e-04  1.68572830e-07 
 3.01500000e-04  1.68534739e-07 
 3.01600000e-04  1.54741843e-07 
 3.01700000e-04  1.54337617e-07 
 3.01800000e-04  1.54109982e-07 
 3.01900000e-04  1.53933483e-07 
 3.02000000e-04  1.53809703e-07 
 3.02100000e-04  1.70845792e-07 
 3.02200000e-04  1.70429803e-07 
 3.02300000e-04  1.70302485e-07 
 3.02400000e-04  1.70195226e-07 
 3.02500000e-04  1.70121066e-07 
 3.02600000e-04  1.60166578e-07 
 3.02700000e-04  1.59801957e-07 
 3.02800000e-04  1.59615238e-07 
 3.02900000e-04  1.59488658e-07 
 3.03000000e-04  1.59424085e-07 
 3.03100000e-04  1.68533575e-07 
 3.03200000e-04  1.68239479e-07 
 3.03300000e-04  1.68123188e-07 
 3.03400000e-04  1.68018702e-07 
 3.03500000e-04  1.67976146e-07 
 3.03600000e-04  1.54288247e-07 
 3.03700000e-04  1.53795002e-07 
 3.03800000e-04  1.53539905e-07 
 3.03900000e-04  1.53348999e-07 
 3.04000000e-04  1.53224279e-07 
 3.04100000e-04  1.69181606e-07 
 3.04200000e-04  1.68991281e-07 
 3.04300000e-04  1.68916927e-07 
 3.04400000e-04  1.68850853e-07 
 3.04500000e-04  1.68804544e-07 
 3.04600000e-04  1.56263342e-07 
 3.04700000e-04  1.55872571e-07 
 3.04800000e-04  1.55685487e-07 
 3.04900000e-04  1.55547742e-07 
 3.05000000e-04  1.55460862e-07 
 3.05100000e-04  1.68927952e-07 
 3.05200000e-04  1.68716732e-07 
 3.05300000e-04  1.68634889e-07 
 3.05400000e-04  1.68561538e-07 
 3.05500000e-04  1.68526618e-07 
 3.05600000e-04  1.54748666e-07 
 3.05700000e-04  1.54336405e-07 
 3.05800000e-04  1.54098065e-07 
 3.05900000e-04  1.53916773e-07 
 3.06000000e-04  1.53794296e-07 
 3.06100000e-04  1.70316794e-07 
 3.06200000e-04  1.70008354e-07 
 3.06300000e-04  1.69898342e-07 
 3.06400000e-04  1.69802531e-07 
 3.06500000e-04  1.69760429e-07 
 3.06600000e-04  1.58509536e-07 
 3.06700000e-04  1.58117416e-07 
 3.06800000e-04  1.57929586e-07 
 3.06900000e-04  1.57806020e-07 
 3.07000000e-04  1.57748712e-07 
 3.07100000e-04  1.69011668e-07 
 3.07200000e-04  1.68748905e-07 
 3.07300000e-04  1.68666104e-07 
 3.07400000e-04  1.68595492e-07 
 3.07500000e-04  1.68556088e-07 
 3.07600000e-04  1.54782530e-07 
 3.07700000e-04  1.54341616e-07 
 3.07800000e-04  1.54101023e-07 
 3.07900000e-04  1.53921840e-07 
 3.08000000e-04  1.53805971e-07 
 3.08100000e-04  1.69784381e-07 
 3.08200000e-04  1.69614232e-07 
 3.08300000e-04  1.69531102e-07 
 3.08400000e-04  1.69453924e-07 
 3.08500000e-04  1.69399622e-07 
 3.08600000e-04  1.56832362e-07 
 3.08700000e-04  1.56460703e-07 
 3.08800000e-04  1.56269098e-07 
 3.08900000e-04  1.56133591e-07 
 3.09000000e-04  1.56055917e-07 
 3.09100000e-04  1.69540563e-07 
 3.09200000e-04  1.69321009e-07 
 3.09300000e-04  1.69240926e-07 
 3.09400000e-04  1.69170218e-07 
 3.09500000e-04  1.69152437e-07 
 3.09600000e-04  1.55326423e-07 
 3.09700000e-04  1.54901762e-07 
 3.09800000e-04  1.54679359e-07 
 3.09900000e-04  1.54511104e-07 
 3.10000000e-04  1.54398668e-07 
 3.10100000e-04  1.71989891e-07 
 3.10200000e-04  1.71477074e-07 
 3.10300000e-04  1.71311542e-07 
 3.10400000e-04  1.71169449e-07 
 3.10500000e-04  1.71110500e-07 
 3.10600000e-04  1.62426086e-07 
 3.10700000e-04  1.62044623e-07 
 3.10800000e-04  1.61858441e-07 
 3.10900000e-04  1.61738023e-07 
 3.11000000e-04  1.61685408e-07 
 3.11100000e-04  1.68820970e-07 
 3.11200000e-04  1.68406714e-07 
 3.11300000e-04  1.68257329e-07 
 3.11400000e-04  1.68126303e-07 
 3.11500000e-04  1.68061084e-07 
 3.11600000e-04  1.54392884e-07 
 3.11700000e-04  1.53848220e-07 
 3.11800000e-04  1.53582387e-07 
 3.11900000e-04  1.53376636e-07 
 3.12000000e-04  1.53232826e-07 
 3.12100000e-04  1.69223174e-07 
 3.12200000e-04  1.69014269e-07 
 3.12300000e-04  1.68929330e-07 
 3.12400000e-04  1.68854060e-07 
 3.12500000e-04  1.68821303e-07 
 3.12600000e-04  1.56259582e-07 
 3.12700000e-04  1.55883804e-07 
 3.12800000e-04  1.55696304e-07 
 3.12900000e-04  1.55557289e-07 
 3.13000000e-04  1.55468246e-07 
 3.13100000e-04  1.68955177e-07 
 3.13200000e-04  1.68717253e-07 
 3.13300000e-04  1.68636259e-07 
 3.13400000e-04  1.68567165e-07 
 3.13500000e-04  1.68552478e-07 
 3.13600000e-04  1.54743419e-07 
 3.13700000e-04  1.54319733e-07 
 3.13800000e-04  1.54093087e-07 
 3.13900000e-04  1.53921886e-07 
 3.14000000e-04  1.53807836e-07 
 3.14100000e-04  1.70326661e-07 
 3.14200000e-04  1.70015791e-07 
 3.14300000e-04  1.69910811e-07 
 3.14400000e-04  1.69820805e-07 
 3.14500000e-04  1.69771762e-07 
 3.14600000e-04  1.58495792e-07 
 3.14700000e-04  1.58116902e-07 
 3.14800000e-04  1.57926403e-07 
 3.14900000e-04  1.57797361e-07 
 3.15000000e-04  1.57731677e-07 
 3.15100000e-04  1.69023273e-07 
 3.15200000e-04  1.68751464e-07 
 3.15300000e-04  1.68659495e-07 
 3.15400000e-04  1.68579896e-07 
 3.15500000e-04  1.68560797e-07 
 3.15600000e-04  1.54797472e-07 
 3.15700000e-04  1.54324727e-07 
 3.15800000e-04  1.54100883e-07 
 3.15900000e-04  1.53925789e-07 
 3.16000000e-04  1.53800942e-07 
 3.16100000e-04  1.69788040e-07 
 3.16200000e-04  1.69614297e-07 
 3.16300000e-04  1.69533021e-07 
 3.16400000e-04  1.69458027e-07 
 3.16500000e-04  1.69393911e-07 
 3.16600000e-04  1.56827401e-07 
 3.16700000e-04  1.56458707e-07 
 3.16800000e-04  1.56269886e-07 
 3.16900000e-04  1.56135107e-07 
 3.17000000e-04  1.56056027e-07 
 3.17100000e-04  1.69563484e-07 
 3.17200000e-04  1.69328072e-07 
 3.17300000e-04  1.69247012e-07 
 3.17400000e-04  1.69177742e-07 
 3.17500000e-04  1.69141236e-07 
 3.17600000e-04  1.55321807e-07 
 3.17700000e-04  1.54898228e-07 
 3.17800000e-04  1.54677147e-07 
 3.17900000e-04  1.54506743e-07 
 3.18000000e-04  1.54388568e-07 
 3.18100000e-04  1.71455830e-07 
 3.18200000e-04  1.71049737e-07 
 3.18300000e-04  1.70913162e-07 
 3.18400000e-04  1.70794950e-07 
 3.18500000e-04  1.70743191e-07 
 3.18600000e-04  1.60756346e-07 
 3.18700000e-04  1.60360418e-07 
 3.18800000e-04  1.60192831e-07 
 3.18900000e-04  1.60074733e-07 
 3.19000000e-04  1.60007637e-07 
 3.19100000e-04  1.69136204e-07 
 3.19200000e-04  1.68836591e-07 
 3.19300000e-04  1.68736516e-07 
 3.19400000e-04  1.68649736e-07 
 3.19500000e-04  1.68596873e-07 
 3.19600000e-04  1.54859470e-07 
 3.19700000e-04  1.54379360e-07 
 3.19800000e-04  1.54118236e-07 
 3.19900000e-04  1.53927950e-07 
 3.20000000e-04  1.53810694e-07 
 3.20100000e-04  1.69809421e-07 
 3.20200000e-04  1.69622578e-07 
 3.20300000e-04  1.69531008e-07 
 3.20400000e-04  1.69445964e-07 
 3.20500000e-04  1.69420371e-07 
 3.20600000e-04  1.56838542e-07 
 3.20700000e-04  1.56471204e-07 
 3.20800000e-04  1.56276285e-07 
 3.20900000e-04  1.56141312e-07 
 3.21000000e-04  1.56068129e-07 
 3.21100000e-04  1.69547880e-07 
 3.21200000e-04  1.69325603e-07 
 3.21300000e-04  1.69242983e-07 
 3.21400000e-04  1.69169994e-07 
 3.21500000e-04  1.69149627e-07 
 3.21600000e-04  1.55333856e-07 
 3.21700000e-04  1.54902955e-07 
 3.21800000e-04  1.54671293e-07 
 3.21900000e-04  1.54501587e-07 
 3.22000000e-04  1.54395744e-07 
 3.22100000e-04  1.70939082e-07 
 3.22200000e-04  1.70629422e-07 
 3.22300000e-04  1.70524043e-07 
 3.22400000e-04  1.70433416e-07 
 3.22500000e-04  1.70372867e-07 
 3.22600000e-04  1.59094889e-07 
 3.22700000e-04  1.58717471e-07 
 3.22800000e-04  1.58530737e-07 
 3.22900000e-04  1.58405019e-07 
 3.23000000e-04  1.58342194e-07 
 3.23100000e-04  1.69643755e-07 
 3.23200000e-04  1.69390513e-07 
 3.23300000e-04  1.69289991e-07 
 3.23400000e-04  1.69199508e-07 
 3.23500000e-04  1.69179626e-07 
 3.23600000e-04  1.55384719e-07 
 3.23700000e-04  1.54911470e-07 
 3.23800000e-04  1.54680163e-07 
 3.23900000e-04  1.54509864e-07 
 3.24000000e-04  1.54402446e-07 
 3.24100000e-04  1.70408252e-07 
 3.24200000e-04  1.70227969e-07 
 3.24300000e-04  1.70141855e-07 
 3.24400000e-04  1.70062209e-07 
 3.24500000e-04  1.70014008e-07 
 3.24600000e-04  1.57415363e-07 
 3.24700000e-04  1.57059377e-07 
 3.24800000e-04  1.56862366e-07 
 3.24900000e-04  1.56722330e-07 
 3.25000000e-04  1.56641013e-07 
 3.25100000e-04  1.70171266e-07 
 3.25200000e-04  1.69934195e-07 
 3.25300000e-04  1.69857171e-07 
 3.25400000e-04  1.69792093e-07 
 3.25500000e-04  1.69751706e-07 
 3.25600000e-04  1.55927987e-07 
 3.25700000e-04  1.55506995e-07 
 3.25800000e-04  1.55274669e-07 
 3.25900000e-04  1.55099765e-07 
 3.26000000e-04  1.54984043e-07 
 3.26100000e-04  1.73663979e-07 
 3.26200000e-04  1.72942717e-07 
 3.26300000e-04  1.72720452e-07 
 3.26400000e-04  1.72530908e-07 
 3.26500000e-04  1.72454153e-07 
 3.26600000e-04  1.66316470e-07 
 3.26700000e-04  1.65948529e-07 
 3.26800000e-04  1.65775716e-07 
 3.26900000e-04  1.65680868e-07 
 3.27000000e-04  1.65666393e-07 
 3.27100000e-04  1.68961079e-07 
 3.27200000e-04  1.68000601e-07 
 3.27300000e-04  1.67754324e-07 
 3.27400000e-04  1.67554312e-07 
 3.27500000e-04  1.67485491e-07 
 3.27600000e-04  1.53884061e-07 
 3.27700000e-04  1.53254411e-07 
 3.27800000e-04  1.52977573e-07 
 3.27900000e-04  1.52777161e-07 
 3.28000000e-04  1.52655534e-07 
 3.28100000e-04  1.68599234e-07 
 3.28200000e-04  1.68412971e-07 
 3.28300000e-04  1.68327892e-07 
 3.28400000e-04  1.68249798e-07 
 3.28500000e-04  1.68207214e-07 
 3.28600000e-04  1.55675872e-07 
 3.28700000e-04  1.55299478e-07 
 3.28800000e-04  1.55101146e-07 
 3.28900000e-04  1.54958243e-07 
 3.29000000e-04  1.54872463e-07 
 3.29100000e-04  1.68335600e-07 
 3.29200000e-04  1.68106180e-07 
 3.29300000e-04  1.68022105e-07 
 3.29400000e-04  1.67948609e-07 
 3.29500000e-04  1.67915799e-07 
 3.29600000e-04  1.54156133e-07 
 3.29700000e-04  1.53743885e-07 
 3.29800000e-04  1.53503719e-07 
 3.29900000e-04  1.53328545e-07 
 3.30000000e-04  1.53220361e-07 
 3.30100000e-04  1.69700438e-07 
 3.30200000e-04  1.69404022e-07 
 3.30300000e-04  1.69295516e-07 
 3.30400000e-04  1.69199940e-07 
 3.30500000e-04  1.69161124e-07 
 3.30600000e-04  1.57909652e-07 
 3.30700000e-04  1.57541187e-07 
 3.30800000e-04  1.57343726e-07 
 3.30900000e-04  1.57207387e-07 
 3.31000000e-04  1.57134043e-07 
 3.31100000e-04  1.68390994e-07 
 3.31200000e-04  1.68142966e-07 
 3.31300000e-04  1.68050015e-07 
 3.31400000e-04  1.67967108e-07 
 3.31500000e-04  1.67946004e-07 
 3.31600000e-04  1.54206680e-07 
 3.31700000e-04  1.53740678e-07 
 3.31800000e-04  1.53503338e-07 
 3.31900000e-04  1.53326647e-07 
 3.32000000e-04  1.53212461e-07 
 3.32100000e-04  1.69161346e-07 
 3.32200000e-04  1.68967071e-07 
 3.32300000e-04  1.68893174e-07 
 3.32400000e-04  1.68828241e-07 
 3.32500000e-04  1.68782689e-07 
 3.32600000e-04  1.56240809e-07 
 3.32700000e-04  1.55878899e-07 
 3.32800000e-04  1.55675856e-07 
 3.32900000e-04  1.55533903e-07 
 3.33000000e-04  1.55454911e-07 
 3.33100000e-04  1.68919514e-07 
 3.33200000e-04  1.68713598e-07 
 3.33300000e-04  1.68631909e-07 
 3.33400000e-04  1.68558426e-07 
 3.33500000e-04  1.68518677e-07 
 3.33600000e-04  1.54735184e-07 
 3.33700000e-04  1.54306065e-07 
 3.33800000e-04  1.54085028e-07 
 3.33900000e-04  1.53909578e-07 
 3.34000000e-04  1.53781091e-07 
 3.34100000e-04  1.70828381e-07 
 3.34200000e-04  1.70430983e-07 
 3.34300000e-04  1.70297714e-07 
 3.34400000e-04  1.70182187e-07 
 3.34500000e-04  1.70118070e-07 
 3.34600000e-04  1.60146380e-07 
 3.34700000e-04  1.59773933e-07 
 3.34800000e-04  1.59586737e-07 
 3.34900000e-04  1.59468387e-07 
 3.35000000e-04  1.59420997e-07 
 3.35100000e-04  1.68509585e-07 
 3.35200000e-04  1.68209115e-07 
 3.35300000e-04  1.68105330e-07 
 3.35400000e-04  1.68014558e-07 
 3.35500000e-04  1.67979862e-07 
 3.35600000e-04  1.54282940e-07 
 3.35700000e-04  1.53783487e-07 
 3.35800000e-04  1.53531690e-07 
 3.35900000e-04  1.53344477e-07 
 3.36000000e-04  1.53223825e-07 
 3.36100000e-04  1.69183705e-07 
 3.36200000e-04  1.68997965e-07 
 3.36300000e-04  1.68914939e-07 
 3.36400000e-04  1.68839327e-07 
 3.36500000e-04  1.68786262e-07 
 3.36600000e-04  1.56254765e-07 
 3.36700000e-04  1.55870966e-07 
 3.36800000e-04  1.55679505e-07 
 3.36900000e-04  1.55543690e-07 
 3.37000000e-04  1.55465216e-07 
 3.37100000e-04  1.68932354e-07 
 3.37200000e-04  1.68700840e-07 
 3.37300000e-04  1.68624357e-07 
 3.37400000e-04  1.68559331e-07 
 3.37500000e-04  1.68532117e-07 
 3.37600000e-04  1.54737213e-07 
 3.37700000e-04  1.54307527e-07 
 3.37800000e-04  1.54083780e-07 
 3.37900000e-04  1.53914988e-07 
 3.38000000e-04  1.53802821e-07 
 3.38100000e-04  1.70312127e-07 
 3.38200000e-04  1.70008814e-07 
 3.38300000e-04  1.69893127e-07 
 3.38400000e-04  1.69790415e-07 
 3.38500000e-04  1.69759399e-07 
 3.38600000e-04  1.58489427e-07 
 3.38700000e-04  1.58134019e-07 
 3.38800000e-04  1.57928510e-07 
 3.38900000e-04  1.57795442e-07 
 3.39000000e-04  1.57737039e-07 
 3.39100000e-04  1.69010893e-07 
 3.39200000e-04  1.68754470e-07 
 3.39300000e-04  1.68656197e-07 
 3.39400000e-04  1.68568229e-07 
 3.39500000e-04  1.68539164e-07 
 3.39600000e-04  1.54788323e-07 
 3.39700000e-04  1.54343979e-07 
 3.39800000e-04  1.54093521e-07 
 3.39900000e-04  1.53907723e-07 
 3.40000000e-04  1.53788562e-07 
 3.40100000e-04  1.69781045e-07 
 3.40200000e-04  1.69587723e-07 
 3.40300000e-04  1.69512754e-07 
 3.40400000e-04  1.69446580e-07 
 3.40500000e-04  1.69403204e-07 
 3.40600000e-04  1.56824191e-07 
 3.40700000e-04  1.56462743e-07 
 3.40800000e-04  1.56267401e-07 
 3.40900000e-04  1.56127314e-07 
 3.41000000e-04  1.56044161e-07 
 3.41100000e-04  1.69536496e-07 
 3.41200000e-04  1.69310490e-07 
 3.41300000e-04  1.69230529e-07 
 3.41400000e-04  1.69160644e-07 
 3.41500000e-04  1.69129420e-07 
 3.41600000e-04  1.55316454e-07 
 3.41700000e-04  1.54891026e-07 
 3.41800000e-04  1.54661384e-07 
 3.41900000e-04  1.54494324e-07 
 3.42000000e-04  1.54391753e-07 
 3.42100000e-04  1.71982026e-07 
 3.42200000e-04  1.71474399e-07 
 3.42300000e-04  1.71308461e-07 
 3.42400000e-04  1.71165055e-07 
 3.42500000e-04  1.71103890e-07 
 3.42600000e-04  1.62402282e-07 
 3.42700000e-04  1.62030682e-07 
 3.42800000e-04  1.61847438e-07 
 3.42900000e-04  1.61736389e-07 
 3.43000000e-04  1.61699749e-07 
 3.43100000e-04  1.68806270e-07 
 3.43200000e-04  1.68407009e-07 
 3.43300000e-04  1.68259596e-07 
 3.43400000e-04  1.68129296e-07 
 3.43500000e-04  1.68059012e-07 
 3.43600000e-04  1.54380509e-07 
 3.43700000e-04  1.53843094e-07 
 3.43800000e-04  1.53568371e-07 
 3.43900000e-04  1.53368487e-07 
 3.44000000e-04  1.53245734e-07 
 3.44100000e-04  1.69214238e-07 
 3.44200000e-04  1.69026894e-07 
 3.44300000e-04  1.68933982e-07 
 3.44400000e-04  1.68847624e-07 
 3.44500000e-04  1.68817494e-07 
 3.44600000e-04  1.56254726e-07 
 3.44700000e-04  1.55890430e-07 
 3.44800000e-04  1.55691912e-07 
 3.44900000e-04  1.55551479e-07 
 3.45000000e-04  1.55470895e-07 
 3.45100000e-04  1.68953321e-07 
 3.45200000e-04  1.68713375e-07 
 3.45300000e-04  1.68635822e-07 
 3.45400000e-04  1.68570508e-07 
 3.45500000e-04  1.68539668e-07 
 3.45600000e-04  1.54748393e-07 
 3.45700000e-04  1.54334539e-07 
 3.45800000e-04  1.54089988e-07 
 3.45900000e-04  1.53909794e-07 
 3.46000000e-04  1.53795915e-07 
 3.46100000e-04  1.70320559e-07 
 3.46200000e-04  1.70013241e-07 
 3.46300000e-04  1.69911144e-07 
 3.46400000e-04  1.69823745e-07 
 3.46500000e-04  1.69767715e-07 
 3.46600000e-04  1.58513005e-07 
 3.46700000e-04  1.58124060e-07 
 3.46800000e-04  1.57930285e-07 
 3.46900000e-04  1.57802382e-07 
 3.47000000e-04  1.57742361e-07 
 3.47100000e-04  1.69018825e-07 
 3.47200000e-04  1.68749809e-07 
 3.47300000e-04  1.68662353e-07 
 3.47400000e-04  1.68587491e-07 
 3.47500000e-04  1.68548276e-07 
 3.47600000e-04  1.54796744e-07 
 3.47700000e-04  1.54326529e-07 
 3.47800000e-04  1.54086187e-07 
 3.47900000e-04  1.53906975e-07 
 3.48000000e-04  1.53790754e-07 
 3.48100000e-04  1.69782515e-07 
 3.48200000e-04  1.69600341e-07 
 3.48300000e-04  1.69517471e-07 
 3.48400000e-04  1.69441270e-07 
 3.48500000e-04  1.69392607e-07 
 3.48600000e-04  1.56829958e-07 
 3.48700000e-04  1.56459915e-07 
 3.48800000e-04  1.56268196e-07 
 3.48900000e-04  1.56129612e-07 
 3.49000000e-04  1.56045767e-07 
 3.49100000e-04  1.69540265e-07 
 3.49200000e-04  1.69324403e-07 
 3.49300000e-04  1.69245297e-07 
 3.49400000e-04  1.69175267e-07 
 3.49500000e-04  1.69132813e-07 
 3.49600000e-04  1.55334145e-07 
 3.49700000e-04  1.54914225e-07 
 3.49800000e-04  1.54685475e-07 
 3.49900000e-04  1.54507030e-07 
 3.50000000e-04  1.54380400e-07 
 3.50100000e-04  1.71447567e-07 
 3.50200000e-04  1.71046539e-07 
 3.50300000e-04  1.70910986e-07 
 3.50400000e-04  1.70793240e-07 
 3.50500000e-04  1.70745737e-07 
 3.50600000e-04  1.60737560e-07 
 3.50700000e-04  1.60381142e-07 
 3.50800000e-04  1.60185264e-07 
 3.50900000e-04  1.60057212e-07 
 3.51000000e-04  1.59999050e-07 
 3.51100000e-04  1.69138474e-07 
 3.51200000e-04  1.68834021e-07 
 3.51300000e-04  1.68735239e-07 
 3.51400000e-04  1.68650227e-07 
 3.51500000e-04  1.68610005e-07 
 3.51600000e-04  1.54858079e-07 
 3.51700000e-04  1.54375299e-07 
 3.51800000e-04  1.54117736e-07 
 3.51900000e-04  1.53931076e-07 
 3.52000000e-04  1.53817481e-07 
 3.52100000e-04  1.69806902e-07 
 3.52200000e-04  1.69605224e-07 
 3.52300000e-04  1.69521435e-07 
 3.52400000e-04  1.69446587e-07 
 3.52500000e-04  1.69401189e-07 
 3.52600000e-04  1.56833003e-07 
 3.52700000e-04  1.56477718e-07 
 3.52800000e-04  1.56278659e-07 
 3.52900000e-04  1.56137935e-07 
 3.53000000e-04  1.56057226e-07 
 3.53100000e-04  1.71311088e-07 
 3.53200000e-04  1.70808675e-07 
 3.53300000e-04  1.70626680e-07 
 3.53400000e-04  1.70545222e-07 
 3.53500000e-04  1.70496250e-07 
 3.53600000e-04  1.56185743e-07 
 3.53700000e-04  1.55607464e-07 
 3.53800000e-04  1.55342912e-07 
 3.53900000e-04  1.55154448e-07 
 3.54000000e-04  1.55043612e-07 
 3.54100000e-04  1.03757853e-04 
 3.54200000e-04  1.03757362e-04 
 3.54300000e-04  1.03757210e-04 
 3.54400000e-04  1.03757080e-04 
 3.54500000e-04  1.03757041e-04 
 3.54600000e-04  1.03745742e-04 
 3.54700000e-04  1.03745352e-04 
 3.54800000e-04  1.03745165e-04 
 3.54900000e-04  1.03745033e-04 
 3.55000000e-04  1.03744956e-04 
 3.55100000e-04  1.70793841e-07 
 3.55200000e-04  1.70483117e-07 
 3.55300000e-04  1.70382589e-07 
 3.55400000e-04  1.70296224e-07 
 3.55500000e-04  1.70273779e-07 
 3.55600000e-04  1.56468589e-07 
 3.55700000e-04  1.56000985e-07 
 3.55800000e-04  1.55773345e-07 
 3.55900000e-04  1.55605637e-07 
 3.56000000e-04  1.55499670e-07 
 3.56100000e-04  1.71559141e-07 
 3.56200000e-04  1.71354931e-07 
 3.56300000e-04  1.71272610e-07 
 3.56400000e-04  1.71199246e-07 
 3.56500000e-04  1.71147442e-07 
 3.56600000e-04  1.58514485e-07 
 3.56700000e-04  1.58147171e-07 
 3.56800000e-04  1.57949562e-07 
 3.56900000e-04  1.57815807e-07 
 3.57000000e-04  1.57747840e-07 
 3.57100000e-04  1.71339823e-07 
 3.57200000e-04  1.71104860e-07 
 3.57300000e-04  1.71012520e-07 
 3.57400000e-04  1.70930430e-07 
 3.57500000e-04  1.70893143e-07 
 3.57600000e-04  1.56981593e-07 
 3.57700000e-04  1.56590178e-07 
 3.57800000e-04  1.56366677e-07 
 3.57900000e-04  1.56191892e-07 
 3.58000000e-04  1.56067273e-07 
 3.58100000e-04  1.74290964e-07 
 3.58200000e-04  1.73678721e-07 
 3.58300000e-04  1.73479424e-07 
 3.58400000e-04  1.73306981e-07 
 3.58500000e-04  1.73213109e-07 
 3.58600000e-04  1.65731790e-07 
 3.58700000e-04  1.65364801e-07 
 3.58800000e-04  1.65195530e-07 
 3.58900000e-04  1.65097252e-07 
 3.59000000e-04  1.65072127e-07 
 3.59100000e-04  1.70594074e-07 
 3.59200000e-04  1.69795943e-07 
 3.59300000e-04  1.69542708e-07 
 3.59400000e-04  1.69326362e-07 
 3.59500000e-04  1.69232884e-07 
 3.59600000e-04  1.55523868e-07 
 3.59700000e-04  1.54925558e-07 
 3.59800000e-04  1.54662796e-07 
 3.59900000e-04  1.54464630e-07 
 3.60000000e-04  1.54333014e-07 
 3.60100000e-04  1.70386723e-07 
 3.60200000e-04  1.70172308e-07 
 3.60300000e-04  1.70079192e-07 
 3.60400000e-04  1.69995412e-07 
 3.60500000e-04  1.69952098e-07 
 3.60600000e-04  1.57341186e-07 
 3.60700000e-04  1.56980068e-07 
 3.60800000e-04  1.56787266e-07 
 3.60900000e-04  1.56646738e-07 
 3.61000000e-04  1.56560047e-07 
 3.61100000e-04  1.70091753e-07 
 3.61200000e-04  1.69878154e-07 
 3.61300000e-04  1.69791142e-07 
 3.61400000e-04  1.69712677e-07 
 3.61500000e-04  1.69680899e-07 
 3.61600000e-04  1.55812311e-07 
 3.61700000e-04  1.55411550e-07 
 3.61800000e-04  1.55181959e-07 
 3.61900000e-04  1.55006703e-07 
 3.62000000e-04  1.54887408e-07 
 3.62100000e-04  1.71478332e-07 
 3.62200000e-04  1.71172130e-07 
 3.62300000e-04  1.71057420e-07 
 3.62400000e-04  1.70956072e-07 
 3.62500000e-04  1.70905172e-07 
 3.62600000e-04  1.59570275e-07 
 3.62700000e-04  1.59193473e-07 
 3.62800000e-04  1.59005385e-07 
 3.62900000e-04  1.58880810e-07 
 3.63000000e-04  1.58821667e-07 
 3.63100000e-04  1.70167227e-07 
 3.63200000e-04  1.69896444e-07 
 3.63300000e-04  1.69806187e-07 
 3.63400000e-04  1.69728088e-07 
 3.63500000e-04  1.69676568e-07 
 3.63600000e-04  1.55860690e-07 
 3.63700000e-04  1.55402730e-07 
 3.63800000e-04  1.55168287e-07 
 3.63900000e-04  1.54998983e-07 
 3.64000000e-04  1.54896783e-07 
 3.64100000e-04  1.70924492e-07 
 3.64200000e-04  1.70737255e-07 
 3.64300000e-04  1.70650387e-07 
 3.64400000e-04  1.70570641e-07 
 3.64500000e-04  1.70521004e-07 
 3.64600000e-04  1.57910372e-07 
 3.64700000e-04  1.57537749e-07 
 3.64800000e-04  1.57348265e-07 
 3.64900000e-04  1.57208699e-07 
 3.65000000e-04  1.57120537e-07 
 3.65100000e-04  1.70687168e-07 
 3.65200000e-04  1.70451427e-07 
 3.65300000e-04  1.70365621e-07 
 3.65400000e-04  1.70290466e-07 
 3.65500000e-04  1.70264018e-07 
 3.65600000e-04  1.56395703e-07 
 3.65700000e-04  1.55977270e-07 
 3.65800000e-04  1.55757154e-07 
 3.65900000e-04  1.55591069e-07 
 3.66000000e-04  1.55480627e-07 
 3.66100000e-04  1.72597088e-07 
 3.66200000e-04  1.72191092e-07 
 3.66300000e-04  1.72049512e-07 
 3.66400000e-04  1.71925647e-07 
 3.66500000e-04  1.71876481e-07 
 3.66600000e-04  1.61821642e-07 
 3.66700000e-04  1.61452556e-07 
 3.66800000e-04  1.61269715e-07 
 3.66900000e-04  1.61146773e-07 
 3.67000000e-04  1.61085529e-07 
 3.67100000e-04  1.70296290e-07 
 3.67200000e-04  1.69984304e-07 
 3.67300000e-04  1.69875228e-07 
 3.67400000e-04  1.69779868e-07 
 3.67500000e-04  1.69734237e-07 
 3.67600000e-04  1.55934488e-07 
 3.67700000e-04  1.55446734e-07 
 3.67800000e-04  1.55202846e-07 
 3.67900000e-04  1.55023719e-07 
 3.68000000e-04  1.54911307e-07 
 3.68100000e-04  1.70949962e-07 
 3.68200000e-04  1.70757636e-07 
 3.68300000e-04  1.70662243e-07 
 3.68400000e-04  1.70573387e-07 
 3.68500000e-04  1.70540439e-07 
 3.68600000e-04  1.57916061e-07 
 3.68700000e-04  1.57528961e-07 
 3.68800000e-04  1.57341670e-07 
 3.68900000e-04  1.57214952e-07 
 3.69000000e-04  1.57150627e-07 
 3.69100000e-04  1.70703115e-07 
 3.69200000e-04  1.70466318e-07 
 3.69300000e-04  1.70386335e-07 
 3.69400000e-04  1.70318150e-07 
 3.69500000e-04  1.70288232e-07 
 3.69600000e-04  1.56395593e-07 
 3.69700000e-04  1.55979722e-07 
 3.69800000e-04  1.55755651e-07 
 3.69900000e-04  1.55589615e-07 
 3.70000000e-04  1.55483349e-07 
 3.70100000e-04  1.72075683e-07 
 3.70200000e-04  1.71771589e-07 
 3.70300000e-04  1.71657971e-07 
 3.70400000e-04  1.71557661e-07 
 3.70500000e-04  1.71501817e-07 
 3.70600000e-04  1.60157423e-07 
 3.70700000e-04  1.59790570e-07 
 3.70800000e-04  1.59597703e-07 
 3.70900000e-04  1.59469138e-07 
 3.71000000e-04  1.59406808e-07 
 3.71100000e-04  1.70773545e-07 
 3.71200000e-04  1.70512918e-07 
 3.71300000e-04  1.70420781e-07 
 3.71400000e-04  1.70339501e-07 
 3.71500000e-04  1.70302703e-07 
 3.71600000e-04  1.56451968e-07 
 3.71700000e-04  1.55994856e-07 
 3.71800000e-04  1.55764555e-07 
 3.71900000e-04  1.55589049e-07 
 3.72000000e-04  1.55469969e-07 
 3.72100000e-04  1.71555864e-07 
 3.72200000e-04  1.71358645e-07 
 3.72300000e-04  1.71270989e-07 
 3.72400000e-04  1.71191374e-07 
 3.72500000e-04  1.71155496e-07 
 3.72600000e-04  1.58482886e-07 
 3.72700000e-04  1.58124791e-07 
 3.72800000e-04  1.57944807e-07 
 3.72900000e-04  1.57814709e-07 
 3.73000000e-04  1.57735975e-07 
 3.73100000e-04  1.71323844e-07 
 3.73200000e-04  1.71074105e-07 
 3.73300000e-04  1.70990331e-07 
 3.73400000e-04  1.70919025e-07 
 3.73500000e-04  1.70884070e-07 
 3.73600000e-04  1.56987546e-07 
 3.73700000e-04  1.56579458e-07 
 3.73800000e-04  1.56350036e-07 
 3.73900000e-04  1.56181083e-07 
 3.74000000e-04  1.56074409e-07 
 3.74100000e-04  1.73761113e-07 
 3.74200000e-04  1.73246570e-07 
 3.74300000e-04  1.73071629e-07 
 3.74400000e-04  1.72918940e-07 
 3.74500000e-04  1.72851491e-07 
 3.74600000e-04  1.64070117e-07 
 3.74700000e-04  1.63699315e-07 
 3.74800000e-04  1.63530206e-07 
 3.74900000e-04  1.63419599e-07 
 3.75000000e-04  1.63369236e-07 
 3.75100000e-04  1.70569461e-07 
 3.75200000e-04  1.70175433e-07 
 3.75300000e-04  1.70016733e-07 
 3.75400000e-04  1.69873675e-07 
 3.75500000e-04  1.69810613e-07 
 3.75600000e-04  1.56031743e-07 
 3.75700000e-04  1.55489369e-07 
 3.75800000e-04  1.55237155e-07 
 3.75900000e-04  1.55050055e-07 
 3.76000000e-04  1.54930024e-07 
 3.76100000e-04  1.70980580e-07 
 3.76200000e-04  1.70779842e-07 
 3.76300000e-04  1.70689671e-07 
 3.76400000e-04  1.70607610e-07 
 3.76500000e-04  1.70559755e-07 
 3.76600000e-04  1.57928545e-07 
 3.76700000e-04  1.57558790e-07 
 3.76800000e-04  1.57374024e-07 
 3.76900000e-04  1.57233982e-07 
 3.77000000e-04  1.57139972e-07 
 3.77100000e-04  1.70712930e-07 
 3.77200000e-04  1.70478874e-07 
 3.77300000e-04  1.70399812e-07 
 3.77400000e-04  1.70331820e-07 
 3.77500000e-04  1.70281692e-07 
 3.77600000e-04  1.56400858e-07 
 3.77700000e-04  1.55987653e-07 
 3.77800000e-04  1.55762468e-07 
 3.77900000e-04  1.55590704e-07 
 3.78000000e-04  1.55473948e-07 
 3.78100000e-04  1.72077280e-07 
 3.78200000e-04  1.71779466e-07 
 3.78300000e-04  1.71672075e-07 
 3.78400000e-04  1.71577876e-07 
 3.78500000e-04  1.71521845e-07 
 3.78600000e-04  1.60156648e-07 
 3.78700000e-04  1.59800099e-07 
 3.78800000e-04  1.59610810e-07 
 3.78900000e-04  1.59485223e-07 
 3.79000000e-04  1.59425246e-07 
 3.79100000e-04  1.70781712e-07 
 3.79200000e-04  1.70517684e-07 
 3.79300000e-04  1.70418014e-07 
 3.79400000e-04  1.70328897e-07 
 3.79500000e-04  1.70300550e-07 
 3.79600000e-04  1.56452132e-07 
 3.79700000e-04  1.55989823e-07 
 3.79800000e-04  1.55763525e-07 
 3.79900000e-04  1.55596340e-07 
 3.80000000e-04  1.55489914e-07 
 3.80100000e-04  1.73500086e-07 
 3.80200000e-04  1.72951848e-07 
 3.80300000e-04  1.72772782e-07 
 3.80400000e-04  1.72686825e-07 
 3.80500000e-04  1.72630955e-07 
 3.80600000e-04  1.59494634e-07 
 3.80700000e-04  1.58984167e-07 
 3.80800000e-04  1.58749738e-07 
 3.80900000e-04  1.58570596e-07 
 3.81000000e-04  1.58447808e-07 
 3.81100000e-04  1.03758249e-04 
 3.81200000e-04  1.03757815e-04 
 3.81300000e-04  1.03757699e-04 
 3.81400000e-04  1.03757605e-04 
 3.81500000e-04  1.03757563e-04 
 3.81600000e-04  1.03743664e-04 
 3.81700000e-04  1.03743237e-04 
 3.81800000e-04  1.03743004e-04 
 3.81900000e-04  1.03742829e-04 
 3.82000000e-04  1.03742715e-04 
 3.82100000e-04  1.74391595e-07 
 3.82200000e-04  1.73929008e-07 
 3.82300000e-04  1.73779143e-07 
 3.82400000e-04  1.73650506e-07 
 3.82500000e-04  1.73589878e-07 
 3.82600000e-04  1.63501125e-07 
 3.82700000e-04  1.63118248e-07 
 3.82800000e-04  1.62944402e-07 
 3.82900000e-04  1.62836304e-07 
 3.83000000e-04  1.62795923e-07 
 3.83100000e-04  1.72059662e-07 
 3.83200000e-04  1.71752466e-07 
 3.83300000e-04  1.71643552e-07 
 3.83400000e-04  1.71548041e-07 
 3.83500000e-04  1.71492977e-07 
 3.83600000e-04  1.57599378e-07 
 3.83700000e-04  1.57130390e-07 
 3.83800000e-04  1.56882918e-07 
 3.83900000e-04  1.56705381e-07 
 3.84000000e-04  1.56599880e-07 
 3.84100000e-04  1.72725970e-07 
 3.84200000e-04  1.72516730e-07 
 3.84300000e-04  1.72429246e-07 
 3.84400000e-04  1.72350882e-07 
 3.84500000e-04  1.72292096e-07 
 3.84600000e-04  1.59568659e-07 
 3.84700000e-04  1.59225122e-07 
 3.84800000e-04  1.59027640e-07 
 3.84900000e-04  1.58894307e-07 
 3.85000000e-04  1.58827040e-07 
 3.85100000e-04  1.72482557e-07 
 3.85200000e-04  1.72238335e-07 
 3.85300000e-04  1.72149600e-07 
 3.85400000e-04  1.72072007e-07 
 3.85500000e-04  1.72029783e-07 
 3.85600000e-04  1.58053207e-07 
 3.85700000e-04  1.57646023e-07 
 3.85800000e-04  1.57427920e-07 
 3.85900000e-04  1.57266861e-07 
 3.86000000e-04  1.57164539e-07 
 3.86100000e-04  1.73847435e-07 
 3.86200000e-04  1.73543089e-07 
 3.86300000e-04  1.73419941e-07 
 3.86400000e-04  1.73308992e-07 
 3.86500000e-04  1.73251353e-07 
 3.86600000e-04  1.61822933e-07 
 3.86700000e-04  1.61453956e-07 
 3.86800000e-04  1.61276616e-07 
 3.86900000e-04  1.61157124e-07 
 3.87000000e-04  1.61097196e-07 
 3.87100000e-04  1.72555415e-07 
 3.87200000e-04  1.72277272e-07 
 3.87300000e-04  1.72174751e-07 
 3.87400000e-04  1.72084150e-07 
 3.87500000e-04  1.72059494e-07 
 3.87600000e-04  1.58111135e-07 
 3.87700000e-04  1.57673168e-07 
 3.87800000e-04  1.57443946e-07 
 3.87900000e-04  1.57273808e-07 
 3.88000000e-04  1.57164505e-07 
 3.88100000e-04  1.73329153e-07 
 3.88200000e-04  1.73117814e-07 
 3.88300000e-04  1.73031946e-07 
 3.88400000e-04  1.72955607e-07 
 3.88500000e-04  1.72898895e-07 
 3.88600000e-04  1.60157781e-07 
 3.88700000e-04  1.59787795e-07 
 3.88800000e-04  1.59608523e-07 
 3.88900000e-04  1.59486188e-07 
 3.89000000e-04  1.59422470e-07 
 3.89100000e-04  1.73092553e-07 
 3.89200000e-04  1.72860095e-07 
 3.89300000e-04  1.72765107e-07 
 3.89400000e-04  1.72679644e-07 
 3.89500000e-04  1.72648729e-07 
 3.89600000e-04  1.58627061e-07 
 3.89700000e-04  1.58246795e-07 
 3.89800000e-04  1.58027528e-07 
 3.89900000e-04  1.57862977e-07 
 3.90000000e-04  1.57754759e-07 
 3.90100000e-04  1.77120970e-07 
 3.90200000e-04  1.76273364e-07 
 3.90300000e-04  1.76010971e-07 
 3.90400000e-04  1.75787269e-07 
 3.90500000e-04  1.75691591e-07 
 3.90600000e-04  1.70706755e-07 
 3.90700000e-04  1.70360259e-07 
 3.90800000e-04  1.70193917e-07 
 3.90900000e-04  1.70108432e-07 
 3.91000000e-04  1.70106246e-07 
 3.91100000e-04  1.71310867e-07 
 3.91200000e-04  1.70323744e-07 
 3.91300000e-04  1.70060187e-07 
 3.91400000e-04  1.69842289e-07 
 3.91500000e-04  1.69755179e-07 
 3.91600000e-04  1.56068370e-07 
 3.91700000e-04  1.55432106e-07 
 3.91800000e-04  1.55155009e-07 
 3.91900000e-04  1.54950155e-07 
 3.92000000e-04  1.54819707e-07 
 3.92100000e-04  1.70908286e-07 
 3.92200000e-04  1.70703986e-07 
 3.92300000e-04  1.70607432e-07 
 3.92400000e-04  1.70518850e-07 
 3.92500000e-04  1.70472708e-07 
 3.92600000e-04  1.57817041e-07 
 3.92700000e-04  1.57461301e-07 
 3.92800000e-04  1.57265696e-07 
 3.92900000e-04  1.57126422e-07 
 3.93000000e-04  1.57045140e-07 
 3.93100000e-04  1.70616377e-07 
 3.93200000e-04  1.70393340e-07 
 3.93300000e-04  1.70306030e-07 
 3.93400000e-04  1.70227869e-07 
 3.93500000e-04  1.70186539e-07 
 3.93600000e-04  1.56295950e-07 
 3.93700000e-04  1.55894334e-07 
 3.93800000e-04  1.55661418e-07 
 3.93900000e-04  1.55485142e-07 
 3.94000000e-04  1.55367177e-07 
 3.94100000e-04  1.71981803e-07 
 3.94200000e-04  1.71687593e-07 
 3.94300000e-04  1.71565829e-07 
 3.94400000e-04  1.71455208e-07 
 3.94500000e-04  1.71417957e-07 
 3.94600000e-04  1.60043955e-07 
 3.94700000e-04  1.59676989e-07 
 3.94800000e-04  1.59490987e-07 
 3.94900000e-04  1.59369695e-07 
 3.95000000e-04  1.59315038e-07 
 3.95100000e-04  1.70679066e-07 
 3.95200000e-04  1.70420841e-07 
 3.95300000e-04  1.70319462e-07 
 3.95400000e-04  1.70227806e-07 
 3.95500000e-04  1.70195321e-07 
 3.95600000e-04  1.56331536e-07 
 3.95700000e-04  1.55891928e-07 
 3.95800000e-04  1.55660652e-07 
 3.95900000e-04  1.55487563e-07 
 3.96000000e-04  1.55374376e-07 
 3.96100000e-04  1.71444117e-07 
 3.96200000e-04  1.71264876e-07 
 3.96300000e-04  1.71177418e-07 
 3.96400000e-04  1.71095789e-07 
 3.96500000e-04  1.71050085e-07 
 3.96600000e-04  1.58377013e-07 
 3.96700000e-04  1.58019992e-07 
 3.96800000e-04  1.57835636e-07 
 3.96900000e-04  1.57702666e-07 
 3.97000000e-04  1.57622587e-07 
 3.97100000e-04  1.71212429e-07 
 3.97200000e-04  1.70989082e-07 
 3.97300000e-04  1.70893645e-07 
 3.97400000e-04  1.70807138e-07 
 3.97500000e-04  1.70789830e-07 
 3.97600000e-04  1.56865153e-07 
 3.97700000e-04  1.56450934e-07 
 3.97800000e-04  1.56230128e-07 
 3.97900000e-04  1.56063284e-07 
 3.98000000e-04  1.55951984e-07 
 3.98100000e-04  1.73117013e-07 
 3.98200000e-04  1.72706971e-07 
 3.98300000e-04  1.72559706e-07 
 3.98400000e-04  1.72430073e-07 
 3.98500000e-04  1.72370348e-07 
 3.98600000e-04  1.62302001e-07 
 3.98700000e-04  1.61932217e-07 
 3.98800000e-04  1.61751619e-07 
 3.98900000e-04  1.61632035e-07 
 3.99000000e-04  1.61575274e-07 
 3.99100000e-04  1.70809013e-07 
 3.99200000e-04  1.70493842e-07 
 3.99300000e-04  1.70385769e-07 
 3.99400000e-04  1.70291617e-07 
 3.99500000e-04  1.70239313e-07 
 3.99600000e-04  1.56408102e-07 
 3.99700000e-04  1.55927115e-07 
 3.99800000e-04  1.55682071e-07 
 3.99900000e-04  1.55498981e-07 
 4.00000000e-04  1.55379677e-07 
 4.00100000e-04  1.71472640e-07 
 4.00200000e-04  1.71263779e-07 
 4.00300000e-04  1.71178217e-07 
 4.00400000e-04  1.71101830e-07 
 4.00500000e-04  1.71044065e-07 
 4.00600000e-04  1.58388994e-07 
 4.00700000e-04  1.58012248e-07 
 4.00800000e-04  1.57831870e-07 
 4.00900000e-04  1.57703755e-07 
 4.01000000e-04  1.57629433e-07 
 4.01100000e-04  1.71216620e-07 
 4.01200000e-04  1.70978575e-07 
 4.01300000e-04  1.70896278e-07 
 4.01400000e-04  1.70825559e-07 
 4.01500000e-04  1.70776179e-07 
 4.01600000e-04  1.56863724e-07 
 4.01700000e-04  1.56460618e-07 
 4.01800000e-04  1.56234475e-07 
 4.01900000e-04  1.56065146e-07 
 4.02000000e-04  1.55954295e-07 
 4.02100000e-04  1.72603520e-07 
 4.02200000e-04  1.72288545e-07 
 4.02300000e-04  1.72165087e-07 
 4.02400000e-04  1.72055257e-07 
 4.02500000e-04  1.72014543e-07 
 4.02600000e-04  1.60640330e-07 
 4.02700000e-04  1.60267891e-07 
 4.02800000e-04  1.60081272e-07 
 4.02900000e-04  1.59957540e-07 
 4.03000000e-04  1.59898555e-07 
 4.03100000e-04  1.71305397e-07 
 4.03200000e-04  1.71016351e-07 
 4.03300000e-04  1.70916817e-07 
 4.03400000e-04  1.70830769e-07 
 4.03500000e-04  1.70811382e-07 
 4.03600000e-04  1.56919822e-07 
 4.03700000e-04  1.56484142e-07 
 4.03800000e-04  1.56249884e-07 
 4.03900000e-04  1.56076276e-07 
 4.04000000e-04  1.55965104e-07 
 4.04100000e-04  1.72067492e-07 
 4.04200000e-04  1.71859180e-07 
 4.04300000e-04  1.71772700e-07 
 4.04400000e-04  1.71695120e-07 
 4.04500000e-04  1.71650822e-07 
 4.04600000e-04  1.58962799e-07 
 4.04700000e-04  1.58592527e-07 
 4.04800000e-04  1.58411961e-07 
 4.04900000e-04  1.58285667e-07 
 4.05000000e-04  1.58215233e-07 
 4.05100000e-04  1.71832793e-07 
 4.05200000e-04  1.71592036e-07 
 4.05300000e-04  1.71506167e-07 
 4.05400000e-04  1.71431669e-07 
 4.05500000e-04  1.71396917e-07 
 4.05600000e-04  1.57462713e-07 
 4.05700000e-04  1.57058022e-07 
 4.05800000e-04  1.56833221e-07 
 4.05900000e-04  1.56664369e-07 
 4.06000000e-04  1.56553103e-07 
 4.06100000e-04  1.74268819e-07 
 4.06200000e-04  1.73745043e-07 
 4.06300000e-04  1.73570141e-07 
 4.06400000e-04  1.73418426e-07 
 4.06500000e-04  1.73354351e-07 
 4.06600000e-04  1.64544101e-07 
 4.06700000e-04  1.64191898e-07 
 4.06800000e-04  1.64005582e-07 
 4.06900000e-04  1.63891772e-07 
 4.07000000e-04  1.63852629e-07 
 4.07100000e-04  1.71091705e-07 
 4.07200000e-04  1.70675143e-07 
 4.07300000e-04  1.70523431e-07 
 4.07400000e-04  1.70389774e-07 
 4.07500000e-04  1.70309651e-07 
 4.07600000e-04  1.56510401e-07 
 4.07700000e-04  1.55984059e-07 
 4.07800000e-04  1.55724592e-07 
 4.07900000e-04  1.55530971e-07 
 4.08000000e-04  1.55405147e-07 
 4.08100000e-04  1.71505870e-07 
 4.08200000e-04  1.71287968e-07 
 4.08300000e-04  1.71201351e-07 
 4.08400000e-04  1.71125119e-07 
 4.08500000e-04  1.71063109e-07 
 4.08600000e-04  1.58394408e-07 
 4.08700000e-04  1.58033519e-07 
 4.08800000e-04  1.57849716e-07 
 4.08900000e-04  1.57718286e-07 
 4.09000000e-04  1.57640752e-07 
 4.09100000e-04  1.71233873e-07 
 4.09200000e-04  1.70990995e-07 
 4.09300000e-04  1.70900196e-07 
 4.09400000e-04  1.70820708e-07 
 4.09500000e-04  1.70799283e-07 
 4.09600000e-04  1.56889891e-07 
 4.09700000e-04  1.56460571e-07 
 4.09800000e-04  1.56243361e-07 
 4.09900000e-04  1.56077086e-07 
 4.10000000e-04  1.55963221e-07 
 4.10100000e-04  1.72592128e-07 
 4.10200000e-04  1.72291944e-07 
 4.10300000e-04  1.72173420e-07 
 4.10400000e-04  1.72067166e-07 
 4.10500000e-04  1.72018384e-07 
 4.10600000e-04  1.60630347e-07 
 4.10700000e-04  1.60283992e-07 
 4.10800000e-04  1.60096563e-07 
 4.10900000e-04  1.59968505e-07 
 4.11000000e-04  1.59901557e-07 
 4.11100000e-04  1.71310904e-07 
 4.11200000e-04  1.71021472e-07 
 4.11300000e-04  1.70930629e-07 
 4.11400000e-04  1.70853731e-07 
 4.11500000e-04  1.70806531e-07 
 4.11600000e-04  1.56918904e-07 
 4.11700000e-04  1.56478539e-07 
 4.11800000e-04  1.56251993e-07 
 4.11900000e-04  1.56084167e-07 
 4.12000000e-04  1.55976778e-07 
 4.12100000e-04  1.72066617e-07 
 4.12200000e-04  1.71880272e-07 
 4.12300000e-04  1.71787337e-07 
 4.12400000e-04  1.71700832e-07 
 4.12500000e-04  1.71645748e-07 
 4.12600000e-04  1.58965526e-07 
 4.12700000e-04  1.58611763e-07 
 4.12800000e-04  1.58425504e-07 
 4.12900000e-04  1.58291836e-07 
 4.13000000e-04  1.58212281e-07 
 4.13100000e-04  1.71822222e-07 
 4.13200000e-04  1.71596051e-07 
 4.13300000e-04  1.71511676e-07 
 4.13400000e-04  1.71437217e-07 
 4.13500000e-04  1.71404764e-07 
 4.13600000e-04  1.57455623e-07 
 4.13700000e-04  1.57055825e-07 
 4.13800000e-04  1.56831816e-07 
 4.13900000e-04  1.56660352e-07 
 4.14000000e-04  1.56542956e-07 
 4.14100000e-04  1.73748269e-07 
 4.14200000e-04  1.73334077e-07 
 4.14300000e-04  1.73188892e-07 
 4.14400000e-04  1.73062129e-07 
 4.14500000e-04  1.73003155e-07 
 4.14600000e-04  1.62874437e-07 
 4.14700000e-04  1.62525971e-07 
 4.14800000e-04  1.62336728e-07 
 4.14900000e-04  1.62221764e-07 
 4.15000000e-04  1.62183284e-07 
 4.15100000e-04  1.71417436e-07 
 4.15200000e-04  1.71111931e-07 
 4.15300000e-04  1.70997593e-07 
 4.15400000e-04  1.70895591e-07 
 4.15500000e-04  1.70848043e-07 
 4.15600000e-04  1.56992105e-07 
 4.15700000e-04  1.56513332e-07 
 4.15800000e-04  1.56269791e-07 
 4.15900000e-04  1.56091680e-07 
 4.16000000e-04  1.55980924e-07 
 4.16100000e-04  1.72093145e-07 
 4.16200000e-04  1.71878262e-07 
 4.16300000e-04  1.71791744e-07 
 4.16400000e-04  1.71714756e-07 
 4.16500000e-04  1.71664568e-07 
 4.16600000e-04  1.58959903e-07 
 4.16700000e-04  1.58609417e-07 
 4.16800000e-04  1.58418415e-07 
 4.16900000e-04  1.58290704e-07 
 4.17000000e-04  1.58228140e-07 
 4.17100000e-04  1.71841077e-07 
 4.17200000e-04  1.71609291e-07 
 4.17300000e-04  1.71512795e-07 
 4.17400000e-04  1.71425765e-07 
 4.17500000e-04  1.71393216e-07 
 4.17600000e-04  1.57462904e-07 
 4.17700000e-04  1.57064130e-07 
 4.17800000e-04  1.56840084e-07 
 4.17900000e-04  1.56673238e-07 
 4.18000000e-04  1.56565253e-07 
 4.18100000e-04  1.73217167e-07 
 4.18200000e-04  1.72898693e-07 
 4.18300000e-04  1.72786720e-07 
 4.18400000e-04  1.72689612e-07 
 4.18500000e-04  1.72623171e-07 
 4.18600000e-04  1.61221779e-07 
 4.18700000e-04  1.60850064e-07 
 4.18800000e-04  1.60671218e-07 
 4.18900000e-04  1.60555109e-07 
 4.19000000e-04  1.60503578e-07 
 4.19100000e-04  1.71917679e-07 
 4.19200000e-04  1.71640711e-07 
 4.19300000e-04  1.71548087e-07 
 4.19400000e-04  1.71468078e-07 
 4.19500000e-04  1.71428950e-07 
 4.19600000e-04  1.57519090e-07 
 4.19700000e-04  1.57078956e-07 
 4.19800000e-04  1.56835621e-07 
 4.19900000e-04  1.56659693e-07 
 4.20000000e-04  1.56553156e-07 
 4.20100000e-04  1.72705330e-07 
 4.20200000e-04  1.72481002e-07 
 4.20300000e-04  1.72392242e-07 
 4.20400000e-04  1.72313968e-07 
 4.20500000e-04  1.72254720e-07 
 4.20600000e-04  1.59557582e-07 
 4.20700000e-04  1.59195817e-07 
 4.20800000e-04  1.59015955e-07 
 4.20900000e-04  1.58891572e-07 
 4.21000000e-04  1.58824282e-07 
 4.21100000e-04  1.72443978e-07 
 4.21200000e-04  1.72210710e-07 
 4.21300000e-04  1.72124259e-07 
 4.21400000e-04  1.72048041e-07 
 4.21500000e-04  1.72004696e-07 
 4.21600000e-04  1.58048929e-07 
 4.21700000e-04  1.57630258e-07 
 4.21800000e-04  1.57422622e-07 
 4.21900000e-04  1.57262961e-07 
 4.22000000e-04  1.57152638e-07 
 4.22100000e-04  1.75419114e-07 
 4.22200000e-04  1.74794708e-07 
 4.22300000e-04  1.74594571e-07 
 4.22400000e-04  1.74422415e-07 
 4.22500000e-04  1.74348218e-07 
 4.22600000e-04  1.66787079e-07 
 4.22700000e-04  1.66422519e-07 
 4.22800000e-04  1.66257111e-07 
 4.22900000e-04  1.66163825e-07 
 4.23000000e-04  1.66144794e-07 
 4.23100000e-04  1.71724970e-07 
 4.23200000e-04  1.70926644e-07 
 4.23300000e-04  1.70668168e-07 
 4.23400000e-04  1.70446344e-07 
 4.23500000e-04  1.70355972e-07 
 4.23600000e-04  1.56578561e-07 
 4.23700000e-04  1.56012184e-07 
 4.23800000e-04  1.55743768e-07 
 4.23900000e-04  1.55546029e-07 
 4.24000000e-04  1.55421056e-07 
 4.24100000e-04  1.71507903e-07 
 4.24200000e-04  1.71300055e-07 
 4.24300000e-04  1.71215154e-07 
 4.24400000e-04  1.71139074e-07 
 4.24500000e-04  1.71088905e-07 
 4.24600000e-04  1.58395286e-07 
 4.24700000e-04  1.58032954e-07 
 4.24800000e-04  1.57844750e-07 
 4.24900000e-04  1.57710333e-07 
 4.25000000e-04  1.57631252e-07 
 4.25100000e-04  1.71244343e-07 
 4.25200000e-04  1.71000615e-07 
 4.25300000e-04  1.70910036e-07 
 4.25400000e-04  1.70830829e-07 
 4.25500000e-04  1.70805808e-07 
 4.25600000e-04  1.56885956e-07 
 4.25700000e-04  1.56474604e-07 
 4.25800000e-04  1.56255312e-07 
 4.25900000e-04  1.56088184e-07 
 4.26000000e-04  1.55974721e-07 
 4.26100000e-04  1.72617110e-07 
 4.26200000e-04  1.72290832e-07 
 4.26300000e-04  1.72170138e-07 
 4.26400000e-04  1.72064630e-07 
 4.26500000e-04  1.72014212e-07 
 4.26600000e-04  1.60637834e-07 
 4.26700000e-04  1.60265161e-07 
 4.26800000e-04  1.60088314e-07 
 4.26900000e-04  1.59967704e-07 
 4.27000000e-04  1.59904957e-07 
 4.27100000e-04  1.71299910e-07 
 4.27200000e-04  1.71027525e-07 
 4.27300000e-04  1.70928327e-07 
 4.27400000e-04  1.70840504e-07 
 4.27500000e-04  1.70810369e-07 
 4.27600000e-04  1.56935531e-07 
 4.27700000e-04  1.56490546e-07 
 4.27800000e-04  1.56256212e-07 
 4.27900000e-04  1.56077821e-07 
 4.28000000e-04  1.55956993e-07 
 4.28100000e-04  1.72074335e-07 
 4.28200000e-04  1.71883389e-07 
 4.28300000e-04  1.71788614e-07 
 4.28400000e-04  1.71700236e-07 
 4.28500000e-04  1.71654719e-07 
 4.28600000e-04  1.58964227e-07 
 4.28700000e-04  1.58609011e-07 
 4.28800000e-04  1.58418265e-07 
 4.28900000e-04  1.58286404e-07 
 4.29000000e-04  1.58215133e-07 
 4.29100000e-04  1.71833866e-07 
 4.29200000e-04  1.71596347e-07 
 4.29300000e-04  1.71510403e-07 
 4.29400000e-04  1.71435218e-07 
 4.29500000e-04  1.71407456e-07 
 4.29600000e-04  1.57465616e-07 
 4.29700000e-04  1.57044550e-07 
 4.29800000e-04  1.56823288e-07 
 4.29900000e-04  1.56661461e-07 
 4.30000000e-04  1.56560798e-07 
 4.30100000e-04  1.73744083e-07 
 4.30200000e-04  1.73334408e-07 
 4.30300000e-04  1.73181124e-07 
 4.30400000e-04  1.73044958e-07 
 4.30500000e-04  1.72992459e-07 
 4.30600000e-04  1.62873778e-07 
 4.30700000e-04  1.62527419e-07 
 4.30800000e-04  1.62355494e-07 
 4.30900000e-04  1.62232981e-07 
 4.31000000e-04  1.62161282e-07 
 4.31100000e-04  1.71420193e-07 
 4.31200000e-04  1.71103535e-07 
 4.31300000e-04  1.70993362e-07 
 4.31400000e-04  1.70897137e-07 
 4.31500000e-04  1.70868268e-07 
 4.31600000e-04  1.56992502e-07 
 4.31700000e-04  1.56503686e-07 
 4.31800000e-04  1.56272485e-07 
 4.31900000e-04  1.56098072e-07 
 4.32000000e-04  1.55982086e-07 
 4.32100000e-04  1.72098310e-07 
 4.32200000e-04  1.71895154e-07 
 4.32300000e-04  1.71803080e-07 
 4.32400000e-04  1.71718941e-07 
 4.32500000e-04  1.71665352e-07 
 4.32600000e-04  1.58980925e-07 
 4.32700000e-04  1.58621237e-07 
 4.32800000e-04  1.58432286e-07 
 4.32900000e-04  1.58298971e-07 
 4.33000000e-04  1.58222896e-07 
 4.33100000e-04  1.71837067e-07 
 4.33200000e-04  1.71596273e-07 
 4.33300000e-04  1.71515095e-07 
 4.33400000e-04  1.71445798e-07 
 4.33500000e-04  1.71414284e-07 
 4.33600000e-04  1.57459125e-07 
 4.33700000e-04  1.57044649e-07 
 4.33800000e-04  1.56827601e-07 
 4.33900000e-04  1.56663423e-07 
 4.34000000e-04  1.56553629e-07 
 4.34100000e-04  1.73209777e-07 
 4.34200000e-04  1.72900363e-07 
 4.34300000e-04  1.72784763e-07 
 4.34400000e-04  1.72682664e-07 
 4.34500000e-04  1.72624827e-07 
 4.34600000e-04  1.61212562e-07 
 4.34700000e-04  1.60858358e-07 
 4.34800000e-04  1.60677434e-07 
 4.34900000e-04  1.60552811e-07 
 4.35000000e-04  1.60486110e-07 
 4.35100000e-04  1.71914721e-07 
 4.35200000e-04  1.71644376e-07 
 4.35300000e-04  1.71551900e-07 
 4.35400000e-04  1.71471178e-07 
 4.35500000e-04  1.71430646e-07 
 4.35600000e-04  1.57506536e-07 
 4.35700000e-04  1.57062367e-07 
 4.35800000e-04  1.56829908e-07 
 4.35900000e-04  1.56656946e-07 
 4.36000000e-04  1.56545198e-07 
 4.36100000e-04  1.72687520e-07 
 4.36200000e-04  1.72488362e-07 
 4.36300000e-04  1.72395316e-07 
 4.36400000e-04  1.72309754e-07 
 4.36500000e-04  1.72268693e-07 
 4.36600000e-04  1.59553465e-07 
 4.36700000e-04  1.59200476e-07 
 4.36800000e-04  1.59003483e-07 
 4.36900000e-04  1.58871843e-07 
 4.37000000e-04  1.58807463e-07 
 4.37100000e-04  1.72457977e-07 
 4.37200000e-04  1.72207912e-07 
 4.37300000e-04  1.72120983e-07 
 4.37400000e-04  1.72046117e-07 
 4.37500000e-04  1.72025982e-07 
 4.37600000e-04  1.58051513e-07 
 4.37700000e-04  1.57632075e-07 
 4.37800000e-04  1.57425271e-07 
 4.37900000e-04  1.57262853e-07 
 4.38000000e-04  1.57146061e-07 
 4.38100000e-04  1.74903844e-07 
 4.38200000e-04  1.74369062e-07 
 4.38300000e-04  1.74198967e-07 
 4.38400000e-04  1.74053953e-07 
 4.38500000e-04  1.73971071e-07 
 4.38600000e-04  1.65127351e-07 
 4.38700000e-04  1.64771886e-07 
 4.38800000e-04  1.64601008e-07 
 4.38900000e-04  1.64498149e-07 
 4.39000000e-04  1.64465298e-07 
 4.39100000e-04  1.71704948e-07 
 4.39200000e-04  1.71299384e-07 
 4.39300000e-04  1.71147590e-07 
 4.39400000e-04  1.71013059e-07 
 4.39500000e-04  1.70938497e-07 
 4.39600000e-04  1.57110622e-07 
 4.39700000e-04  1.56557514e-07 
 4.39800000e-04  1.56309543e-07 
 4.39900000e-04  1.56122083e-07 
 4.40000000e-04  1.55996883e-07 
 4.40100000e-04  1.72125986e-07 
 4.40200000e-04  1.71927762e-07 
 4.40300000e-04  1.71832981e-07 
 4.40400000e-04  1.71745694e-07 
 4.40500000e-04  1.71684460e-07 
 4.40600000e-04  1.58983501e-07 
 4.40700000e-04  1.58622685e-07 
 4.40800000e-04  1.58433410e-07 
 4.40900000e-04  1.58297971e-07 
 4.41000000e-04  1.58217905e-07 
 4.41100000e-04  1.71848294e-07 
 4.41200000e-04  1.71622142e-07 
 4.41300000e-04  1.71528413e-07 
 4.41400000e-04  1.71443800e-07 
 4.41500000e-04  1.71420548e-07 
 4.41600000e-04  1.57471724e-07 
 4.41700000e-04  1.57051041e-07 
 4.41800000e-04  1.56831776e-07 
 4.41900000e-04  1.56664996e-07 
 4.42000000e-04  1.56552190e-07 
 4.42100000e-04  1.73225102e-07 
 4.42200000e-04  1.72922573e-07 
 4.42300000e-04  1.72800981e-07 
 4.42400000e-04  1.72691532e-07 
 4.42500000e-04  1.72650910e-07 
 4.42600000e-04  1.61212150e-07 
 4.42700000e-04  1.60871109e-07 
 4.42800000e-04  1.60676746e-07 
 4.42900000e-04  1.60553505e-07 
 4.43000000e-04  1.60503468e-07 
 4.43100000e-04  1.71924276e-07 
 4.43200000e-04  1.71645076e-07 
 4.43300000e-04  1.71555869e-07 
 4.43400000e-04  1.71479820e-07 
 4.43500000e-04  1.71428050e-07 
 4.43600000e-04  1.57510209e-07 
 4.43700000e-04  1.57084973e-07 
 4.43800000e-04  1.56850430e-07 
 4.43900000e-04  1.56677544e-07 
 4.44000000e-04  1.56568099e-07 
 4.44100000e-04  1.72705257e-07 
 4.44200000e-04  1.72496222e-07 
 4.44300000e-04  1.72403662e-07 
 4.44400000e-04  1.72320084e-07 
 4.44500000e-04  1.72280242e-07 
 4.44600000e-04  1.59555471e-07 
 4.44700000e-04  1.59201240e-07 
 4.44800000e-04  1.59011264e-07 
 4.44900000e-04  1.58877869e-07 
 4.45000000e-04  1.58802674e-07 
 4.45100000e-04  1.72450591e-07 
 4.45200000e-04  1.72218094e-07 
 4.45300000e-04  1.72125676e-07 
 4.45400000e-04  1.72042685e-07 
 4.45500000e-04  1.72004320e-07 
 4.45600000e-04  1.58034132e-07 
 4.45700000e-04  1.57653863e-07 
 4.45800000e-04  1.57433073e-07 
 4.45900000e-04  1.57264921e-07 
 4.46000000e-04  1.57150900e-07 
 4.46100000e-04  1.74366855e-07 
 4.46200000e-04  1.73966578e-07 
 4.46300000e-04  1.73817588e-07 
 4.46400000e-04  1.73684796e-07 
 4.46500000e-04  1.73628328e-07 
 4.46600000e-04  1.63469180e-07 
 4.46700000e-04  1.63106777e-07 
 4.46800000e-04  1.62934084e-07 
 4.46900000e-04  1.62822571e-07 
 4.47000000e-04  1.62773997e-07 
 4.47100000e-04  1.72042994e-07 
 4.47200000e-04  1.71739926e-07 
 4.47300000e-04  1.71619494e-07 
 4.47400000e-04  1.71510694e-07 
 4.47500000e-04  1.71471714e-07 
 4.47600000e-04  1.57580775e-07 
 4.47700000e-04  1.57108688e-07 
 4.47800000e-04  1.56862069e-07 
 4.47900000e-04  1.56684941e-07 
 4.48000000e-04  1.56579333e-07 
 4.48100000e-04  1.72730010e-07 
 4.48200000e-04  1.72507987e-07 
 4.48300000e-04  1.72413930e-07 
 4.48400000e-04  1.72329684e-07 
 4.48500000e-04  1.72275458e-07 
 4.48600000e-04  1.59554495e-07 
 4.48700000e-04  1.59210242e-07 
 4.48800000e-04  1.59027824e-07 
 4.48900000e-04  1.58894332e-07 
 4.49000000e-04  1.58810955e-07 
 4.49100000e-04  1.74210007e-07 
 4.49200000e-04  1.73703736e-07 
 4.49300000e-04  1.73522353e-07 
 4.49400000e-04  1.73428447e-07 
 4.49500000e-04  1.73362806e-07 
 4.49600000e-04  1.58907929e-07 
 4.49700000e-04  1.58350275e-07 
 4.49800000e-04  1.58095634e-07 
 4.49900000e-04  1.57916601e-07 
 4.50000000e-04  1.57814618e-07 
 4.50100000e-04  1.03760780e-04 
 4.50200000e-04  1.03760291e-04 
 4.50300000e-04  1.03760129e-04 
 4.50400000e-04  1.03759989e-04 
 4.50500000e-04  1.03759931e-04 
 4.50600000e-04  1.03748491e-04 
 4.50700000e-04  1.03748111e-04 
 4.50800000e-04  1.03747934e-04 
 4.50900000e-04  1.03747807e-04 
 4.51000000e-04  1.03747733e-04 
 4.51100000e-04  1.73718852e-07 
 4.51200000e-04  1.73386396e-07 
 4.51300000e-04  1.73272391e-07 
 4.51400000e-04  1.73173384e-07 
 4.51500000e-04  1.73155778e-07 
 4.51600000e-04  1.59203195e-07 
 4.51700000e-04  1.58752236e-07 
 4.51800000e-04  1.58522975e-07 
 4.51900000e-04  1.58352186e-07 
 4.52000000e-04  1.58241544e-07 
 4.52100000e-04  1.74481920e-07 
 4.52200000e-04  1.74254133e-07 
 4.52300000e-04  1.74158636e-07 
 4.52400000e-04  1.74073312e-07 
 4.52500000e-04  1.74032598e-07 
 4.52600000e-04  1.61216304e-07 
 4.52700000e-04  1.60881963e-07 
 4.52800000e-04  1.60699445e-07 
 4.52900000e-04  1.60574197e-07 
 4.53000000e-04  1.60507856e-07 
 4.53100000e-04  1.74240088e-07 
 4.53200000e-04  1.73989147e-07 
 4.53300000e-04  1.73895593e-07 
 4.53400000e-04  1.73813508e-07 
 4.53500000e-04  1.73770918e-07 
 4.53600000e-04  1.59709284e-07 
 4.53700000e-04  1.59320236e-07 
 4.53800000e-04  1.59111661e-07 
 4.53900000e-04  1.58953338e-07 
 4.54000000e-04  1.58846678e-07 
 4.54100000e-04  1.77733773e-07 
 4.54200000e-04  1.76986261e-07 
 4.54300000e-04  1.76755508e-07 
 4.54400000e-04  1.76558881e-07 
 4.54500000e-04  1.76463440e-07 
 4.54600000e-04  1.70126374e-07 
 4.54700000e-04  1.69782225e-07 
 4.54800000e-04  1.69620805e-07 
 4.54900000e-04  1.69532977e-07 
 4.55000000e-04  1.69520892e-07 
 4.55100000e-04  1.73011989e-07 
 4.55200000e-04  1.72058346e-07 
 4.55300000e-04  1.71797348e-07 
 4.55400000e-04  1.71579990e-07 
 4.55500000e-04  1.71483181e-07 
 4.55600000e-04  1.57689443e-07 
 4.55700000e-04  1.57069271e-07 
 4.55800000e-04  1.56812422e-07 
 4.55900000e-04  1.56620337e-07 
 4.56000000e-04  1.56494881e-07 
 4.56100000e-04  1.72664531e-07 
 4.56200000e-04  1.72452504e-07 
 4.56300000e-04  1.72356465e-07 
 4.56400000e-04  1.72269155e-07 
 4.56500000e-04  1.72215210e-07 
 4.56600000e-04  1.59469012e-07 
 4.56700000e-04  1.59114717e-07 
 4.56800000e-04  1.58927503e-07 
 4.56900000e-04  1.58800132e-07 
 4.57000000e-04  1.58734316e-07 
 4.57100000e-04  1.72387188e-07 
 4.57200000e-04  1.72134987e-07 
 4.57300000e-04  1.72043382e-07 
 4.57400000e-04  1.71963867e-07 
 4.57500000e-04  1.71936186e-07 
 4.57600000e-04  1.57948866e-07 
 4.57700000e-04  1.57567391e-07 
 4.57800000e-04  1.57333127e-07 
 4.57900000e-04  1.57162632e-07 
 4.58000000e-04  1.57057737e-07 
 4.58100000e-04  1.73742012e-07 
 4.58200000e-04  1.73437242e-07 
 4.58300000e-04  1.73319586e-07 
 4.58400000e-04  1.73214589e-07 
 4.58500000e-04  1.73151487e-07 
 4.58600000e-04  1.61699795e-07 
 4.58700000e-04  1.61353588e-07 
 4.58800000e-04  1.61179145e-07 
 4.58900000e-04  1.61055543e-07 
 4.59000000e-04  1.60984204e-07 
 4.59100000e-04  1.72440797e-07 
 4.59200000e-04  1.72163490e-07 
 4.59300000e-04  1.72065112e-07 
 4.59400000e-04  1.71978532e-07 
 4.59500000e-04  1.71931154e-07 
 4.59600000e-04  1.57991026e-07 
 4.59700000e-04  1.57552017e-07 
 4.59800000e-04  1.57326173e-07 
 4.59900000e-04  1.57156125e-07 
 4.60000000e-04  1.57043452e-07 
 4.60100000e-04  1.73224525e-07 
 4.60200000e-04  1.73010885e-07 
 4.60300000e-04  1.72918910e-07 
 4.60400000e-04  1.72835779e-07 
 4.60500000e-04  1.72802067e-07 
 4.60600000e-04  1.60029211e-07 
 4.60700000e-04  1.59672568e-07 
 4.60800000e-04  1.59489319e-07 
 4.60900000e-04  1.59364333e-07 
 4.61000000e-04  1.59299269e-07 
 4.61100000e-04  1.72991637e-07 
 4.61200000e-04  1.72746153e-07 
 4.61300000e-04  1.72648828e-07 
 4.61400000e-04  1.72562181e-07 
 4.61500000e-04  1.72524943e-07 
 4.61600000e-04  1.58519743e-07 
 4.61700000e-04  1.58118413e-07 
 4.61800000e-04  1.57905278e-07 
 4.61900000e-04  1.57745251e-07 
 4.62000000e-04  1.57639821e-07 
 4.62100000e-04  1.74893269e-07 
 4.62200000e-04  1.74466970e-07 
 4.62300000e-04  1.74319998e-07 
 4.62400000e-04  1.74192329e-07 
 4.62500000e-04  1.74125204e-07 
 4.62600000e-04  1.63944612e-07 
 4.62700000e-04  1.63596167e-07 
 4.62800000e-04  1.63415453e-07 
 4.62900000e-04  1.63301325e-07 
 4.63000000e-04  1.63255706e-07 
 4.63100000e-04  1.72577705e-07 
 4.63200000e-04  1.72258564e-07 
 4.63300000e-04  1.72138743e-07 
 4.63400000e-04  1.72032088e-07 
 4.63500000e-04  1.71988631e-07 
 4.63600000e-04  1.58071960e-07 
 4.63700000e-04  1.57577590e-07 
 4.63800000e-04  1.57346859e-07 
 4.63900000e-04  1.57175059e-07 
 4.64000000e-04  1.57063862e-07 
 4.64100000e-04  1.73237196e-07 
 4.64200000e-04  1.73025673e-07 
 4.64300000e-04  1.72928856e-07 
 4.64400000e-04  1.72840225e-07 
 4.64500000e-04  1.72803307e-07 
 4.64600000e-04  1.60045771e-07 
 4.64700000e-04  1.59691247e-07 
 4.64800000e-04  1.59509083e-07 
 4.64900000e-04  1.59380283e-07 
 4.65000000e-04  1.59306342e-07 
 4.65100000e-04  1.72981272e-07 
 4.65200000e-04  1.72746249e-07 
 4.65300000e-04  1.72654712e-07 
 4.65400000e-04  1.72572848e-07 
 4.65500000e-04  1.72533586e-07 
 4.65600000e-04  1.58530150e-07 
 4.65700000e-04  1.58137360e-07 
 4.65800000e-04  1.57915127e-07 
 4.65900000e-04  1.57744622e-07 
 4.66000000e-04  1.57627291e-07 
 4.66100000e-04  1.74368397e-07 
 4.66200000e-04  1.74048522e-07 
 4.66300000e-04  1.73932509e-07 
 4.66400000e-04  1.73830885e-07 
 4.66500000e-04  1.73767057e-07 
 4.66600000e-04  1.62278589e-07 
 4.66700000e-04  1.61944250e-07 
 4.66800000e-04  1.61757851e-07 
 4.66900000e-04  1.61634614e-07 
 4.67000000e-04  1.61576342e-07 
 4.67100000e-04  1.73066525e-07 
 4.67200000e-04  1.72793414e-07 
 4.67300000e-04  1.72690929e-07 
 4.67400000e-04  1.72600010e-07 
 4.67500000e-04  1.72548535e-07 
 4.67600000e-04  1.58583956e-07 
 4.67700000e-04  1.58134444e-07 
 4.67800000e-04  1.57913372e-07 
 4.67900000e-04  1.57744298e-07 
 4.68000000e-04  1.57628673e-07 
 4.68100000e-04  1.73840273e-07 
 4.68200000e-04  1.73621066e-07 
 4.68300000e-04  1.73531344e-07 
 4.68400000e-04  1.73451551e-07 
 4.68500000e-04  1.73402790e-07 
 4.68600000e-04  1.60615962e-07 
 4.68700000e-04  1.60283856e-07 
 4.68800000e-04  1.60097478e-07 
 4.68900000e-04  1.59966056e-07 
 4.69000000e-04  1.59891130e-07 
 4.69100000e-04  1.73601988e-07 
 4.69200000e-04  1.73364479e-07 
 4.69300000e-04  1.73262919e-07 
 4.69400000e-04  1.73171007e-07 
 4.69500000e-04  1.73137809e-07 
 4.69600000e-04  1.59108134e-07 
 4.69700000e-04  1.58701367e-07 
 4.69800000e-04  1.58501692e-07 
 4.69900000e-04  1.58342994e-07 
 4.70000000e-04  1.58226371e-07 
 4.70100000e-04  1.76043657e-07 
 4.70200000e-04  1.75505339e-07 
 4.70300000e-04  1.75329975e-07 
 4.70400000e-04  1.75179092e-07 
 4.70500000e-04  1.75095404e-07 
 4.70600000e-04  1.66208681e-07 
 4.70700000e-04  1.65853246e-07 
 4.70800000e-04  1.65687798e-07 
 4.70900000e-04  1.65583896e-07 
 4.71000000e-04  1.65543291e-07 
 4.71100000e-04  1.72873326e-07 
 4.71200000e-04  1.72446744e-07 
 4.71300000e-04  1.72284988e-07 
 4.71400000e-04  1.72141209e-07 
 4.71500000e-04  1.72064564e-07 
 4.71600000e-04  1.58157714e-07 
 4.71700000e-04  1.57644475e-07 
 4.71800000e-04  1.57402534e-07 
 4.71900000e-04  1.57216939e-07 
 4.72000000e-04  1.57089275e-07 
 4.72100000e-04  1.73260161e-07 
 4.72200000e-04  1.73052877e-07 
 4.72300000e-04  1.72959416e-07 
 4.72400000e-04  1.72873951e-07 
 4.72500000e-04  1.72819709e-07 
 4.72600000e-04  1.60046426e-07 
 4.72700000e-04  1.59690434e-07 
 4.72800000e-04  1.59518782e-07 
 4.72900000e-04  1.59395641e-07 
 4.73000000e-04  1.59322344e-07 
 4.73100000e-04  1.72990433e-07 
 4.73200000e-04  1.72756089e-07 
 4.73300000e-04  1.72662343e-07 
 4.73400000e-04  1.72578371e-07 
 4.73500000e-04  1.72538243e-07 
 4.73600000e-04  1.58534684e-07 
 4.73700000e-04  1.58131623e-07 
 4.73800000e-04  1.57925623e-07 
 4.73900000e-04  1.57763794e-07 
 4.74000000e-04  1.57647332e-07 
 4.74100000e-04  1.74371359e-07 
 4.74200000e-04  1.74050693e-07 
 4.74300000e-04  1.73931043e-07 
 4.74400000e-04  1.73825631e-07 
 4.74500000e-04  1.73769416e-07 
 4.74600000e-04  1.62282723e-07 
 4.74700000e-04  1.61942983e-07 
 4.74800000e-04  1.61757696e-07 
 4.74900000e-04  1.61637990e-07 
 4.75000000e-04  1.61585739e-07 
 4.75100000e-04  1.73084258e-07 
 4.75200000e-04  1.72801023e-07 
 4.75300000e-04  1.72692846e-07 
 4.75400000e-04  1.72596454e-07 
 4.75500000e-04  1.72552161e-07 
 4.75600000e-04  1.58585562e-07 
 4.75700000e-04  1.58140391e-07 
 4.75800000e-04  1.57929777e-07 
 4.75900000e-04  1.57761129e-07 
 4.76000000e-04  1.57635569e-07 
 4.76100000e-04  1.73842550e-07 
 4.76200000e-04  1.73640253e-07 
 4.76300000e-04  1.73542460e-07 
 4.76400000e-04  1.73451912e-07 
 4.76500000e-04  1.73403531e-07 
 4.76600000e-04  1.60625295e-07 
 4.76700000e-04  1.60270468e-07 
 4.76800000e-04  1.60090480e-07 
 4.76900000e-04  1.59968737e-07 
 4.77000000e-04  1.59906882e-07 
 4.77100000e-04  1.73596903e-07 
 4.77200000e-04  1.73357095e-07 
 4.77300000e-04  1.73268804e-07 
 4.77400000e-04  1.73191227e-07 
 4.77500000e-04  1.73145954e-07 
 4.77600000e-04  1.59110660e-07 
 4.77700000e-04  1.58721505e-07 
 4.77800000e-04  1.58501940e-07 
 4.77900000e-04  1.58339185e-07 
 4.78000000e-04  1.58234833e-07 
 4.78100000e-04  1.75522637e-07 
 4.78200000e-04  1.75095118e-07 
 4.78300000e-04  1.74943884e-07 
 4.78400000e-04  1.74811853e-07 
 4.78500000e-04  1.74736537e-07 
 4.78600000e-04  1.64537362e-07 
 4.78700000e-04  1.64191586e-07 
 4.78800000e-04  1.64020646e-07 
 4.78900000e-04  1.63911459e-07 
 4.79000000e-04  1.63865778e-07 
 4.79100000e-04  1.73191265e-07 
 4.79200000e-04  1.72886930e-07 
 4.79300000e-04  1.72761966e-07 
 4.79400000e-04  1.72648454e-07 
 4.79500000e-04  1.72599364e-07 
 4.79600000e-04  1.58656979e-07 
 4.79700000e-04  1.58173738e-07 
 4.79800000e-04  1.57939847e-07 
 4.79900000e-04  1.57769568e-07 
 4.80000000e-04  1.57664712e-07 
 4.80100000e-04  1.73869655e-07 
 4.80200000e-04  1.73643343e-07 
 4.80300000e-04  1.73545063e-07 
 4.80400000e-04  1.73456388e-07 
 4.80500000e-04  1.73410055e-07 
 4.80600000e-04  1.60624368e-07 
 4.80700000e-04  1.60272607e-07 
 4.80800000e-04  1.60092891e-07 
 4.80900000e-04  1.59971188e-07 
 4.81000000e-04  1.59909128e-07 
 4.81100000e-04  1.73608289e-07 
 4.81200000e-04  1.73352925e-07 
 4.81300000e-04  1.73259617e-07 
 4.81400000e-04  1.73177801e-07 
 4.81500000e-04  1.73160478e-07 
 4.81600000e-04  1.59119725e-07 
 4.81700000e-04  1.58706023e-07 
 4.81800000e-04  1.58501056e-07 
 4.81900000e-04  1.58346016e-07 
 4.82000000e-04  1.58242276e-07 
 4.82100000e-04  1.74992372e-07 
 4.82200000e-04  1.74671785e-07 
 4.82300000e-04  1.74550933e-07 
 4.82400000e-04  1.74444283e-07 
 4.82500000e-04  1.74377266e-07 
 4.82600000e-04  1.62887704e-07 
 4.82700000e-04  1.62518334e-07 
 4.82800000e-04  1.62348233e-07 
 4.82900000e-04  1.62231039e-07 
 4.83000000e-04  1.62168220e-07 
 4.83100000e-04  1.73684017e-07 
 4.83200000e-04  1.73410087e-07 
 4.83300000e-04  1.73304033e-07 
 4.83400000e-04  1.73208947e-07 
 4.83500000e-04  1.73174041e-07 
 4.83600000e-04  1.59166532e-07 
 4.83700000e-04  1.58723711e-07 
 4.83800000e-04  1.58514288e-07 
 4.83900000e-04  1.58350947e-07 
 4.84000000e-04  1.58234940e-07 
 4.84100000e-04  1.74462416e-07 
 4.84200000e-04  1.74261660e-07 
 4.84300000e-04  1.74166580e-07 
 4.84400000e-04  1.74078784e-07 
 4.84500000e-04  1.74018619e-07 
 4.84600000e-04  1.61210338e-07 
 4.84700000e-04  1.60854894e-07 
 4.84800000e-04  1.60675588e-07 
 4.84900000e-04  1.60555036e-07 
 4.85000000e-04  1.60494888e-07 
 4.85100000e-04  1.74224120e-07 
 4.85200000e-04  1.73982256e-07 
 4.85300000e-04  1.73891601e-07 
 4.85400000e-04  1.73811867e-07 
 4.85500000e-04  1.73763063e-07 
 4.85600000e-04  1.59691431e-07 
 4.85700000e-04  1.59294901e-07 
 4.85800000e-04  1.59087471e-07 
 4.85900000e-04  1.58929013e-07 
 4.86000000e-04  1.58820871e-07 
 4.86100000e-04  1.77208369e-07 
 4.86200000e-04  1.76553874e-07 
 4.86300000e-04  1.76341314e-07 
 4.86400000e-04  1.76158500e-07 
 4.86500000e-04  1.76074637e-07 
 4.86600000e-04  1.68441465e-07 
 4.86700000e-04  1.68103152e-07 
 4.86800000e-04  1.67938132e-07 
 4.86900000e-04  1.67845208e-07 
 4.87000000e-04  1.67826450e-07 
 4.87100000e-04  1.73482628e-07 
 4.87200000e-04  1.72681197e-07 
 4.87300000e-04  1.72427005e-07 
 4.87400000e-04  1.72209555e-07 
 4.87500000e-04  1.72113677e-07 
 4.87600000e-04  1.58233990e-07 
 4.87700000e-04  1.57666788e-07 
 4.87800000e-04  1.57413788e-07 
 4.87900000e-04  1.57228380e-07 
 4.88000000e-04  1.57112495e-07 
 4.88100000e-04  1.73280923e-07 
 4.88200000e-04  1.73075494e-07 
 4.88300000e-04  1.72976981e-07 
 4.88400000e-04  1.72885692e-07 
 4.88500000e-04  1.72828312e-07 
 4.88600000e-04  1.60057350e-07 
 4.88700000e-04  1.59698779e-07 
 4.88800000e-04  1.59519964e-07 
 4.88900000e-04  1.59392612e-07 
 4.89000000e-04  1.59318405e-07 
 4.89100000e-04  1.73162789e-07 
 4.89200000e-04  1.72811475e-07 
 4.89300000e-04  1.72676375e-07 
 4.89400000e-04  1.72606697e-07 
 4.89500000e-04  1.72551216e-07 
 4.89600000e-04  1.58551045e-07 
 4.89700000e-04  1.58163613e-07 
 4.89800000e-04  1.57942158e-07 
 4.89900000e-04  1.57768828e-07 
 4.90000000e-04  1.57644962e-07 
 4.90100000e-04  1.74369426e-07 
 4.90200000e-04  1.74061814e-07 
 4.90300000e-04  1.73933163e-07 
 4.90400000e-04  1.73816326e-07 
 4.90500000e-04  1.73776516e-07 
 4.90600000e-04  1.62293223e-07 
 4.90700000e-04  1.61955287e-07 
 4.90800000e-04  1.61766955e-07 
 4.90900000e-04  1.61641051e-07 
 4.91000000e-04  1.61579393e-07 
 4.91100000e-04  1.73073683e-07 
 4.91200000e-04  1.72797178e-07 
 4.91300000e-04  1.72688942e-07 
 4.91400000e-04  1.72591705e-07 
 4.91500000e-04  1.72555551e-07 
 4.91600000e-04  1.58579440e-07 
 4.91700000e-04  1.58138568e-07 
 4.91800000e-04  1.57924331e-07 
 4.91900000e-04  1.57763658e-07 
 4.92000000e-04  1.57658107e-07 
 4.92100000e-04  1.73836155e-07 
 4.92200000e-04  1.73638967e-07 
 4.92300000e-04  1.73541419e-07 
 4.92400000e-04  1.73450724e-07 
 4.92500000e-04  1.73403259e-07 
 4.92600000e-04  1.60621396e-07 
 4.92700000e-04  1.60278190e-07 
 4.92800000e-04  1.60094674e-07 
 4.92900000e-04  1.59970327e-07 
 4.93000000e-04  1.59906900e-07 
 4.93100000e-04  1.73600066e-07 
 4.93200000e-04  1.73351439e-07 
 4.93300000e-04  1.73257268e-07 
 4.93400000e-04  1.73174140e-07 
 4.93500000e-04  1.73154034e-07 
 4.93600000e-04  1.59115395e-07 
 4.93700000e-04  1.58726484e-07 
 4.93800000e-04  1.58513410e-07 
 4.93900000e-04  1.58345350e-07 
 4.94000000e-04  1.58223759e-07 
 4.94100000e-04  1.75941322e-07 
 4.94200000e-04  1.75292349e-07 
 4.94300000e-04  1.75093455e-07 
 4.94400000e-04  1.75015263e-07 
 4.94500000e-04  1.74955956e-07 
 4.94600000e-04  1.64837076e-07 
 4.94700000e-04  1.64485955e-07 
 4.94800000e-04  1.64299172e-07 
 4.94900000e-04  1.64155982e-07 
 4.95000000e-04  1.64057685e-07 
 4.95100000e-04  1.73194967e-07 
 4.95200000e-04  1.72870754e-07 
 4.95300000e-04  1.72762525e-07 
 4.95400000e-04  1.72668755e-07 
 4.95500000e-04  1.72612496e-07 
 4.95600000e-04  1.58659075e-07 
 4.95700000e-04  1.58172743e-07 
 4.95800000e-04  1.57938672e-07 
 4.95900000e-04  1.57769388e-07 
 4.96000000e-04  1.57666886e-07 
 4.96100000e-04  1.73854952e-07 
 4.96200000e-04  1.73644280e-07 
 4.96300000e-04  1.73555670e-07 
 4.96400000e-04  1.73475829e-07 
 4.96500000e-04  1.73417086e-07 
 4.96600000e-04  1.60633825e-07 
 4.96700000e-04  1.60280360e-07 
 4.96800000e-04  1.60102313e-07 
 4.96900000e-04  1.59973605e-07 
 4.97000000e-04  1.59895762e-07 
 4.97100000e-04  1.73607621e-07 
 4.97200000e-04  1.73373533e-07 
 4.97300000e-04  1.73271536e-07 
 4.97400000e-04  1.73178622e-07 
 4.97500000e-04  1.73142528e-07 
 4.97600000e-04  1.59128467e-07 
 4.97700000e-04  1.58729297e-07 
 4.97800000e-04  1.58511957e-07 
 4.97900000e-04  1.58345869e-07 
 4.98000000e-04  1.58232641e-07 
 4.98100000e-04  1.74983367e-07 
 4.98200000e-04  1.74664910e-07 
 4.98300000e-04  1.74545219e-07 
 4.98400000e-04  1.74439061e-07 
 4.98500000e-04  1.74389381e-07 
 4.98600000e-04  1.62869580e-07 
 4.98700000e-04  1.62539378e-07 
 4.98800000e-04  1.62358531e-07 
 4.98900000e-04  1.62238558e-07 
 4.99000000e-04  1.62181390e-07 
 4.99100000e-04  1.73702739e-07 
 4.99200000e-04  1.73398648e-07 
 4.99300000e-04  1.73294979e-07 
 4.99400000e-04  1.73205403e-07 
 4.99500000e-04  1.73179104e-07 
 4.99600000e-04  1.59171212e-07 
 4.99700000e-04  1.58732549e-07 
 4.99800000e-04  1.58503035e-07 
 4.99900000e-04  1.58335674e-07 
 5.00000000e-04  1.58232438e-07 
 5.00100000e-04  1.74464158e-07 
 5.00200000e-04  1.74267841e-07 
 5.00300000e-04  1.74172407e-07 
 5.00400000e-04  1.74083571e-07 
 5.00500000e-04  1.74029424e-07 
 5.00600000e-04  1.61204576e-07 
 5.00700000e-04  1.60875307e-07 
 5.00800000e-04  1.60688434e-07 
 5.00900000e-04  1.60559390e-07 
 5.01000000e-04  1.60490010e-07 
 5.01100000e-04  1.74230645e-07 
 5.01200000e-04  1.73979597e-07 
 5.01300000e-04  1.73888753e-07 
 5.01400000e-04  1.73809344e-07 
 5.01500000e-04  1.73768402e-07 
 5.01600000e-04  1.59696706e-07 
 5.01700000e-04  1.59301810e-07 
 5.01800000e-04  1.59104447e-07 
 5.01900000e-04  1.58944044e-07 
 5.02000000e-04  1.58821771e-07 
 5.02100000e-04  1.76684329e-07 
 5.02200000e-04  1.76131290e-07 
 5.02300000e-04  1.75956623e-07 
 5.02400000e-04  1.75808124e-07 
 5.02500000e-04  1.75710080e-07 
 5.02600000e-04  1.66778164e-07 
 5.02700000e-04  1.66442548e-07 
 5.02800000e-04  1.66276989e-07 
 5.02900000e-04  1.66171772e-07 
 5.03000000e-04  1.66128813e-07 
 5.03100000e-04  1.73499587e-07 
 5.03200000e-04  1.73064725e-07 
 5.03300000e-04  1.72898072e-07 
 5.03400000e-04  1.72749935e-07 
 5.03500000e-04  1.72682857e-07 
 5.03600000e-04  1.58760521e-07 
 5.03700000e-04  1.58250293e-07 
 5.03800000e-04  1.58000884e-07 
 5.03900000e-04  1.57816570e-07 
 5.04000000e-04  1.57699415e-07 
 5.04100000e-04  1.73906340e-07 
 5.04200000e-04  1.73688078e-07 
 5.04300000e-04  1.73579127e-07 
 5.04400000e-04  1.73477952e-07 
 5.04500000e-04  1.73432876e-07 
 5.04600000e-04  1.60637948e-07 
 5.04700000e-04  1.60295673e-07 
 5.04800000e-04  1.60113528e-07 
 5.04900000e-04  1.59982046e-07 
 5.05000000e-04  1.59902835e-07 
 5.05100000e-04  1.73630572e-07 
 5.05200000e-04  1.73377483e-07 
 5.05300000e-04  1.73278660e-07 
 5.05400000e-04  1.73191355e-07 
 5.05500000e-04  1.73156324e-07 
 5.05600000e-04  1.59121911e-07 
 5.05700000e-04  1.58733922e-07 
 5.05800000e-04  1.58512370e-07 
 5.05900000e-04  1.58346632e-07 
 5.06000000e-04  1.58238478e-07 
 5.06100000e-04  1.75005009e-07 
 5.06200000e-04  1.74669687e-07 
 5.06300000e-04  1.74550356e-07 
 5.06400000e-04  1.74446647e-07 
 5.06500000e-04  1.74383308e-07 
 5.06600000e-04  1.62884306e-07 
 5.06700000e-04  1.62524977e-07 
 5.06800000e-04  1.62347834e-07 
 5.06900000e-04  1.62228724e-07 
 5.07000000e-04  1.62169487e-07 
 5.07100000e-04  1.73693656e-07 
 5.07200000e-04  1.73418705e-07 
 5.07300000e-04  1.73314661e-07 
 5.07400000e-04  1.73221896e-07 
 5.07500000e-04  1.73178921e-07 
 5.07600000e-04  1.59178863e-07 
 5.07700000e-04  1.58740106e-07 
 5.07800000e-04  1.58520052e-07 
 5.07900000e-04  1.58352497e-07 
 5.08000000e-04  1.58239108e-07 
 5.08100000e-04  1.74469291e-07 
 5.08200000e-04  1.74246741e-07 
 5.08300000e-04  1.74156078e-07 
 5.08400000e-04  1.74075389e-07 
 5.08500000e-04  1.74018630e-07 
 5.08600000e-04  1.61218700e-07 
 5.08700000e-04  1.60873984e-07 
 5.08800000e-04  1.60699210e-07 
 5.08900000e-04  1.60570568e-07 
 5.09000000e-04  1.60489524e-07 
 5.09100000e-04  1.74234785e-07 
 5.09200000e-04  1.73987256e-07 
 5.09300000e-04  1.73890978e-07 
 5.09400000e-04  1.73805691e-07 
 5.09500000e-04  1.73760747e-07 
 5.09600000e-04  1.59697823e-07 
 5.09700000e-04  1.59316400e-07 
 5.09800000e-04  1.59095903e-07 
 5.09900000e-04  1.58930618e-07 
 5.10000000e-04  1.58822297e-07 
 5.10100000e-04  1.76138836e-07 
 5.10200000e-04  1.75714822e-07 
 5.10300000e-04  1.75566063e-07 
 5.10400000e-04  1.75436010e-07 
 5.10500000e-04  1.75355666e-07 
 5.10600000e-04  1.65120340e-07 
 5.10700000e-04  1.64777169e-07 
 5.10800000e-04  1.64617797e-07 
 5.10900000e-04  1.64509864e-07 
 5.11000000e-04  1.64455000e-07 
 5.11100000e-04  1.73821610e-07 
 5.11200000e-04  1.73500699e-07 
 5.11300000e-04  1.73378580e-07 
 5.11400000e-04  1.73269500e-07 
 5.11500000e-04  1.73229276e-07 
 5.11600000e-04  1.59241901e-07 
 5.11700000e-04  1.58770255e-07 
 5.11800000e-04  1.58540146e-07 
 5.11900000e-04  1.58370562e-07 
 5.12000000e-04  1.58263423e-07 
 5.12100000e-04  1.74484216e-07 
 5.12200000e-04  1.74269245e-07 
 5.12300000e-04  1.74168494e-07 
 5.12400000e-04  1.74076024e-07 
 5.12500000e-04  1.74051837e-07 
 5.12600000e-04  1.61203737e-07 
 5.12700000e-04  1.60872697e-07 
 5.12800000e-04  1.60703218e-07 
 5.12900000e-04  1.60579615e-07 
 5.13000000e-04  1.60503342e-07 
 5.13100000e-04  1.74243705e-07 
 5.13200000e-04  1.73993287e-07 
 5.13300000e-04  1.73895777e-07 
 5.13400000e-04  1.73809549e-07 
 5.13500000e-04  1.73771780e-07 
 5.13600000e-04  1.59692948e-07 
 5.13700000e-04  1.59320174e-07 
 5.13800000e-04  1.59108953e-07 
 5.13900000e-04  1.58945274e-07 
 5.14000000e-04  1.58830647e-07 
 5.14100000e-04  1.75619402e-07 
 5.14200000e-04  1.75292046e-07 
 5.14300000e-04  1.75168637e-07 
 5.14400000e-04  1.75059833e-07 
 5.14500000e-04  1.75003811e-07 
 5.14600000e-04  1.63457145e-07 
 5.14700000e-04  1.63113565e-07 
 5.14800000e-04  1.62948733e-07 
 5.14900000e-04  1.62836592e-07 
 5.15000000e-04  1.62778812e-07 
 5.15100000e-04  1.74329253e-07 
 5.15200000e-04  1.74040384e-07 
 5.15300000e-04  1.73933406e-07 
 5.15400000e-04  1.73839107e-07 
 5.15500000e-04  1.73788618e-07 
 5.15600000e-04  1.59761690e-07 
 5.15700000e-04  1.59323231e-07 
 5.15800000e-04  1.59103682e-07 
 5.15900000e-04  1.58936920e-07 
 5.16000000e-04  1.58824619e-07 
 5.16100000e-04  1.75089926e-07 
 5.16200000e-04  1.74888579e-07 
 5.16300000e-04  1.74788243e-07 
 5.16400000e-04  1.74694551e-07 
 5.16500000e-04  1.74647155e-07 
 5.16600000e-04  1.61793398e-07 
 5.16700000e-04  1.61457072e-07 
 5.16800000e-04  1.61276982e-07 
 5.16900000e-04  1.61153634e-07 
 5.17000000e-04  1.61088827e-07 
 5.17100000e-04  1.74853080e-07 
 5.17200000e-04  1.74597887e-07 
 5.17300000e-04  1.74509788e-07 
 5.17400000e-04  1.74434055e-07 
 5.17500000e-04  1.74383454e-07 
 5.17600000e-04  1.60292143e-07 
 5.17700000e-04  1.59909984e-07 
 5.17800000e-04  1.59698410e-07 
 5.17900000e-04  1.59537103e-07 
 5.18000000e-04  1.59427657e-07 
 5.18100000e-04  1.88939883e-07 
 5.18200000e-04  1.86324108e-07 
 5.18300000e-04  1.85519844e-07 
 5.18400000e-04  1.85269558e-07 
 5.18500000e-04  1.85019273e-07 
 5.18600000e-04  1.75732430e-07 
 5.18700000e-04  1.74614410e-07 
 5.18800000e-04  1.74275991e-07 
 5.18900000e-04  1.74062639e-07 
 5.19000000e-04  1.73976606e-07 
 5.19100000e-04  1.71282229e-07 
 5.19200000e-04  1.70507834e-07 
 5.19300000e-04  1.70299552e-07 
 5.19400000e-04  1.70127825e-07 
 5.19500000e-04  1.70065268e-07 
 5.19600000e-04  1.57647845e-07 
 5.19700000e-04  1.56967491e-07 
 5.19800000e-04  1.56706619e-07 
 5.19900000e-04 -0.00000000e+00 
 5.20000000e-04  1.56574147e-07 
