 time            -i(vdd)        
 2.60000000e-04 -1.26577369e-04 
 2.60100000e-04  1.83721383e-07 
 2.60200000e-04  1.75016818e-07 
 2.60300000e-04  1.72690010e-07 
 2.60400000e-04  1.70727259e-07 
 2.60500000e-04  1.70076349e-07 
 2.60600000e-04  1.76681492e-07 
 2.60700000e-04  1.75913434e-07 
 2.60800000e-04  1.75486246e-07 
 2.60900000e-04  1.75139473e-07 
 2.61000000e-04  1.74874857e-07 
 2.61100000e-04  1.56448048e-07 
 2.61200000e-04  1.54080212e-07 
 2.61300000e-04  1.53474001e-07 
 2.61400000e-04  1.52984071e-07 
 2.61500000e-04  1.52782349e-07 
 2.61600000e-04  1.38885151e-07 
 2.61700000e-04  1.37640651e-07 
 2.61800000e-04  1.37194284e-07 
 2.61900000e-04  1.36876906e-07 
 2.62000000e-04  1.36692610e-07 
 2.62100000e-04  1.61885619e-07 
 2.62200000e-04  1.60615870e-07 
 2.62300000e-04  1.60334427e-07 
 2.62400000e-04  1.60131720e-07 
 2.62500000e-04  1.60035939e-07 
 2.62600000e-04  1.48502042e-07 
 2.62700000e-04  1.47914543e-07 
 2.62800000e-04  1.47630825e-07 
 2.62900000e-04  1.47419253e-07 
 2.63000000e-04  1.47281370e-07 
 2.63100000e-04  1.99995123e-07 
 2.63200000e-04  1.94211725e-07 
 2.63300000e-04  1.92920726e-07 
 2.63400000e-04  1.91925209e-07 
 2.63500000e-04  1.91647281e-07 
 2.63600000e-04  1.78201203e-07 
 2.63700000e-04  1.77571139e-07 
 2.63800000e-04  1.77243733e-07 
 2.63900000e-04  1.76996135e-07 
 2.64000000e-04  1.76830870e-07 
 2.64100000e-04  1.72663123e-07 
 2.64200000e-04  1.68078955e-07 
 2.64300000e-04  1.67030597e-07 
 2.64400000e-04  1.66212470e-07 
 2.64500000e-04  1.65972390e-07 
 2.64600000e-04  1.53760220e-07 
 2.64700000e-04  1.53128686e-07 
 2.64800000e-04  1.52814908e-07 
 2.64900000e-04  1.52580624e-07 
 2.65000000e-04  1.52428349e-07 
 2.65100000e-04  1.66019143e-07 
 2.65200000e-04  1.65523614e-07 
 2.65300000e-04  1.65364024e-07 
 2.65400000e-04  1.65226802e-07 
 2.65500000e-04  1.65174781e-07 
 2.65600000e-04  1.51582936e-07 
 2.65700000e-04  1.51137403e-07 
 2.65800000e-04  1.50911965e-07 
 2.65900000e-04  1.50741543e-07 
 2.66000000e-04  1.50627880e-07 
 2.66100000e-04  1.66986153e-07 
 2.66200000e-04  1.66722201e-07 
 2.66300000e-04  1.66631649e-07 
 2.66400000e-04  1.66552807e-07 
 2.66500000e-04  1.66502835e-07 
 2.66600000e-04  1.55448875e-07 
 2.66700000e-04  1.55021323e-07 
 2.66800000e-04  1.54813420e-07 
 2.66900000e-04  1.54665833e-07 
 2.67000000e-04  1.54580471e-07 
 2.67100000e-04  1.66083157e-07 
 2.67200000e-04  1.65566372e-07 
 2.67300000e-04  1.65410627e-07 
 2.67400000e-04  1.65277529e-07 
 2.67500000e-04  1.65224614e-07 
 2.67600000e-04  1.51664066e-07 
 2.67700000e-04  1.51176580e-07 
 2.67800000e-04  1.50913345e-07 
 2.67900000e-04  1.50716830e-07 
 2.68000000e-04  1.50589145e-07 
 2.68100000e-04  1.66393985e-07 
 2.68200000e-04  1.66214691e-07 
 2.68300000e-04  1.66134811e-07 
 2.68400000e-04  1.66061781e-07 
 2.68500000e-04  1.66023003e-07 
 2.68600000e-04  1.53645029e-07 
 2.68700000e-04  1.53254879e-07 
 2.68800000e-04  1.53042061e-07 
 2.68900000e-04  1.52891829e-07 
 2.69000000e-04  1.52806162e-07 
 2.69100000e-04  1.66126734e-07 
 2.69200000e-04  1.65919633e-07 
 2.69300000e-04  1.65841838e-07 
 2.69400000e-04  1.65772871e-07 
 2.69500000e-04  1.65754234e-07 
 2.69600000e-04  1.52108845e-07 
 2.69700000e-04  1.51662315e-07 
 2.69800000e-04  1.51427439e-07 
 2.69900000e-04  1.51242601e-07 
 2.70000000e-04  1.51109381e-07 
 2.70100000e-04  1.68006318e-07 
 2.70200000e-04  1.67617834e-07 
 2.70300000e-04  1.67494062e-07 
 2.70400000e-04  1.67388335e-07 
 2.70500000e-04  1.67319136e-07 
 2.70600000e-04  1.57533176e-07 
 2.70700000e-04  1.57129140e-07 
 2.70800000e-04  1.56925994e-07 
 2.70900000e-04  1.56794426e-07 
 2.71000000e-04  1.56736700e-07 
 2.71100000e-04  1.66112038e-07 
 2.71200000e-04  1.65544758e-07 
 2.71300000e-04  1.65386062e-07 
 2.71400000e-04  1.65253885e-07 
 2.71500000e-04  1.65183270e-07 
 2.71600000e-04  1.51641033e-07 
 2.71700000e-04  1.51105614e-07 
 2.71800000e-04  1.50845616e-07 
 2.71900000e-04  1.50645981e-07 
 2.72000000e-04  1.50508617e-07 
 2.72100000e-04  1.66335495e-07 
 2.72200000e-04  1.66164932e-07 
 2.72300000e-04  1.66083118e-07 
 2.72400000e-04  1.66007707e-07 
 2.72500000e-04  1.65959988e-07 
 2.72600000e-04  1.53588945e-07 
 2.72700000e-04  1.53195903e-07 
 2.72800000e-04  1.52986415e-07 
 2.72900000e-04  1.52834266e-07 
 2.73000000e-04  1.52741263e-07 
 2.73100000e-04  1.66059554e-07 
 2.73200000e-04  1.65855292e-07 
 2.73300000e-04  1.65780883e-07 
 2.73400000e-04  1.65715577e-07 
 2.73500000e-04  1.65689539e-07 
 2.73600000e-04  1.52059574e-07 
 2.73700000e-04  1.51620808e-07 
 2.73800000e-04  1.51387751e-07 
 2.73900000e-04  1.51207864e-07 
 2.74000000e-04  1.51082823e-07 
 2.74100000e-04  1.67429719e-07 
 2.74200000e-04  1.67156331e-07 
 2.74300000e-04  1.67059472e-07 
 2.74400000e-04  1.66974507e-07 
 2.74500000e-04  1.66919781e-07 
 2.74600000e-04  1.55831284e-07 
 2.74700000e-04  1.55418966e-07 
 2.74800000e-04  1.55213960e-07 
 2.74900000e-04  1.55071629e-07 
 2.75000000e-04  1.54993947e-07 
 2.75100000e-04  1.66141535e-07 
 2.75200000e-04  1.65904774e-07 
 2.75300000e-04  1.65816626e-07 
 2.75400000e-04  1.65737853e-07 
 2.75500000e-04  1.65707353e-07 
 2.75600000e-04  1.52103541e-07 
 2.75700000e-04  1.51638807e-07 
 2.75800000e-04  1.51381821e-07 
 2.75900000e-04  1.51190071e-07 
 2.76000000e-04  1.51065613e-07 
 2.76100000e-04  1.66900544e-07 
 2.76200000e-04  1.66720244e-07 
 2.76300000e-04  1.66648236e-07 
 2.76400000e-04  1.66583985e-07 
 2.76500000e-04  1.66553142e-07 
 2.76600000e-04  1.54146801e-07 
 2.76700000e-04  1.53741177e-07 
 2.76800000e-04  1.53540465e-07 
 2.76900000e-04  1.53400496e-07 
 2.77000000e-04  1.53323182e-07 
 2.77100000e-04  1.66670746e-07 
 2.77200000e-04  1.66458793e-07 
 2.77300000e-04  1.66380151e-07 
 2.77400000e-04  1.66311179e-07 
 2.77500000e-04  1.66287546e-07 
 2.77600000e-04  1.52632118e-07 
 2.77700000e-04  1.52188807e-07 
 2.77800000e-04  1.51960121e-07 
 2.77900000e-04  1.51782670e-07 
 2.78000000e-04  1.51658062e-07 
 2.78100000e-04  1.69108431e-07 
 2.78200000e-04  1.68605782e-07 
 2.78300000e-04  1.68447936e-07 
 2.78400000e-04  1.68313213e-07 
 2.78500000e-04  1.68249514e-07 
 2.78600000e-04  1.59714161e-07 
 2.78700000e-04  1.59315953e-07 
 2.78800000e-04  1.59134852e-07 
 2.78900000e-04  1.59008048e-07 
 2.79000000e-04  1.58937251e-07 
 2.79100000e-04  1.66278864e-07 
 2.79200000e-04  1.65619336e-07 
 2.79300000e-04  1.65433234e-07 
 2.79400000e-04  1.65277834e-07 
 2.79500000e-04  1.65197566e-07 
 2.79600000e-04  1.51669643e-07 
 2.79700000e-04  1.51113194e-07 
 2.79800000e-04  1.50842545e-07 
 2.79900000e-04  1.50633247e-07 
 2.80000000e-04  1.50487228e-07 
 2.80100000e-04  1.66318853e-07 
 2.80200000e-04  1.66152959e-07 
 2.80300000e-04  1.66066654e-07 
 2.80400000e-04  1.65985692e-07 
 2.80500000e-04  1.65956506e-07 
 2.80600000e-04  1.53563196e-07 
 2.80700000e-04  1.53169775e-07 
 2.80800000e-04  1.52962113e-07 
 2.80900000e-04  1.52813655e-07 
 2.81000000e-04  1.52726260e-07 
 2.81100000e-04  1.66038098e-07 
 2.81200000e-04  1.65840096e-07 
 2.81300000e-04  1.65764993e-07 
 2.81400000e-04  1.65698317e-07 
 2.81500000e-04  1.65678958e-07 
 2.81600000e-04  1.52031183e-07 
 2.81700000e-04  1.51584275e-07 
 2.81800000e-04  1.51358127e-07 
 2.81900000e-04  1.51182864e-07 
 2.82000000e-04  1.51060080e-07 
 2.82100000e-04  1.67415531e-07 
 2.82200000e-04  1.67137390e-07 
 2.82300000e-04  1.67036767e-07 
 2.82400000e-04  1.66948109e-07 
 2.82500000e-04  1.66911400e-07 
 2.82600000e-04  1.55803367e-07 
 2.82700000e-04  1.55398282e-07 
 2.82800000e-04  1.55193222e-07 
 2.82900000e-04  1.55054056e-07 
 2.83000000e-04  1.54982857e-07 
 2.83100000e-04  1.66121323e-07 
 2.83200000e-04  1.65873472e-07 
 2.83300000e-04  1.65788049e-07 
 2.83400000e-04  1.65713718e-07 
 2.83500000e-04  1.65684417e-07 
 2.83600000e-04  1.52074324e-07 
 2.83700000e-04  1.51596775e-07 
 2.83800000e-04  1.51349299e-07 
 2.83900000e-04  1.51164995e-07 
 2.84000000e-04  1.51045846e-07 
 2.84100000e-04  1.66881154e-07 
 2.84200000e-04  1.66715388e-07 
 2.84300000e-04  1.66636084e-07 
 2.84400000e-04  1.66562340e-07 
 2.84500000e-04  1.66526364e-07 
 2.84600000e-04  1.54118402e-07 
 2.84700000e-04  1.53745569e-07 
 2.84800000e-04  1.53537273e-07 
 2.84900000e-04  1.53383891e-07 
 2.85000000e-04  1.53287147e-07 
 2.85100000e-04  1.66640156e-07 
 2.85200000e-04  1.66433581e-07 
 2.85300000e-04  1.66360475e-07 
 2.85400000e-04  1.66296443e-07 
 2.85500000e-04  1.66278288e-07 
 2.85600000e-04  1.52609286e-07 
 2.85700000e-04  1.52172642e-07 
 2.85800000e-04  1.51938448e-07 
 2.85900000e-04  1.51757473e-07 
 2.86000000e-04  1.51631381e-07 
 2.86100000e-04  1.68550707e-07 
 2.86200000e-04  1.68163250e-07 
 2.86300000e-04  1.68032560e-07 
 2.86400000e-04  1.67918826e-07 
 2.86500000e-04  1.67867203e-07 
 2.86600000e-04  1.58031567e-07 
 2.86700000e-04  1.57648981e-07 
 2.86800000e-04  1.57452299e-07 
 2.86900000e-04  1.57319450e-07 
 2.87000000e-04  1.57252435e-07 
 2.87100000e-04  1.66229092e-07 
 2.87200000e-04  1.65965160e-07 
 2.87300000e-04  1.65864157e-07 
 2.87400000e-04  1.65773119e-07 
 2.87500000e-04  1.65731357e-07 
 2.87600000e-04  1.52160904e-07 
 2.87700000e-04  1.51626620e-07 
 2.87800000e-04  1.51381754e-07 
 2.87900000e-04  1.51187833e-07 
 2.88000000e-04  1.51046452e-07 
 2.88100000e-04  1.66896416e-07 
 2.88200000e-04  1.66727975e-07 
 2.88300000e-04  1.66655566e-07 
 2.88400000e-04  1.66589888e-07 
 2.88500000e-04  1.66542475e-07 
 2.88600000e-04  1.54114645e-07 
 2.88700000e-04  1.53747014e-07 
 2.88800000e-04  1.53528851e-07 
 2.88900000e-04  1.53379816e-07 
 2.89000000e-04  1.53302077e-07 
 2.89100000e-04  1.66646649e-07 
 2.89200000e-04  1.66439650e-07 
 2.89300000e-04  1.66371600e-07 
 2.89400000e-04  1.66313130e-07 
 2.89500000e-04  1.66280121e-07 
 2.89600000e-04  1.52625048e-07 
 2.89700000e-04  1.52174844e-07 
 2.89800000e-04  1.51938041e-07 
 2.89900000e-04  1.51760701e-07 
 2.90000000e-04  1.51644686e-07 
 2.90100000e-04  1.68022365e-07 
 2.90200000e-04  1.67738215e-07 
 2.90300000e-04  1.67640445e-07 
 2.90400000e-04  1.67555451e-07 
 2.90500000e-04  1.67503699e-07 
 2.90600000e-04  1.56380615e-07 
 2.90700000e-04  1.55974786e-07 
 2.90800000e-04  1.55775394e-07 
 2.90900000e-04  1.55639827e-07 
 2.91000000e-04  1.55570079e-07 
 2.91100000e-04  1.66726836e-07 
 2.91200000e-04  1.66495360e-07 
 2.91300000e-04  1.66414467e-07 
 2.91400000e-04  1.66343083e-07 
 2.91500000e-04  1.66295709e-07 
 2.91600000e-04  1.52656142e-07 
 2.91700000e-04  1.52181101e-07 
 2.91800000e-04  1.51934016e-07 
 2.91900000e-04  1.51751219e-07 
 2.92000000e-04  1.51634723e-07 
 2.92100000e-04  1.67496881e-07 
 2.92200000e-04  1.67321127e-07 
 2.92300000e-04  1.67254772e-07 
 2.92400000e-04  1.67196500e-07 
 2.92500000e-04  1.67149182e-07 
 2.92600000e-04  1.54713650e-07 
 2.92700000e-04  1.54320018e-07 
 2.92800000e-04  1.54118624e-07 
 2.92900000e-04  1.53975725e-07 
 2.93000000e-04  1.53893115e-07 
 2.93100000e-04  1.69023064e-07 
 2.93200000e-04  1.68530570e-07 
 2.93300000e-04  1.68366841e-07 
 2.93400000e-04  1.68284516e-07 
 2.93500000e-04  1.68228495e-07 
 2.93600000e-04  1.54047083e-07 
 2.93700000e-04  1.53454554e-07 
 2.93800000e-04  1.53188022e-07 
 2.93900000e-04  1.52990897e-07 
 2.94000000e-04  1.52864633e-07 
 2.94100000e-04  1.03757152e-04 
 2.94200000e-04  1.03756365e-04 
 2.94300000e-04  1.03756134e-04 
 2.94400000e-04  1.03755938e-04 
 2.94500000e-04  1.03755870e-04 
 2.94600000e-04  1.03748604e-04 
 2.94700000e-04  1.03748174e-04 
 2.94800000e-04  1.03747993e-04 
 2.94900000e-04  1.03747876e-04 
 2.95000000e-04  1.03747825e-04 
 2.95100000e-04  1.67725515e-07 
 2.95200000e-04  1.66824379e-07 
 2.95300000e-04  1.66582363e-07 
 2.95400000e-04  1.66382723e-07 
 2.95500000e-04  1.66311766e-07 
 2.95600000e-04  1.52804179e-07 
 2.95700000e-04  1.52195852e-07 
 2.95800000e-04  1.51911558e-07 
 2.95900000e-04  1.51701857e-07 
 2.96000000e-04  1.51569083e-07 
 2.96100000e-04  1.67461361e-07 
 2.96200000e-04  1.67275050e-07 
 2.96300000e-04  1.67201066e-07 
 2.96400000e-04  1.67135473e-07 
 2.96500000e-04  1.67091469e-07 
 2.96600000e-04  1.54628199e-07 
 2.96700000e-04  1.54236018e-07 
 2.96800000e-04  1.54031566e-07 
 2.96900000e-04  1.53888594e-07 
 2.97000000e-04  1.53809019e-07 
 2.97100000e-04  1.67184475e-07 
 2.97200000e-04  1.66979734e-07 
 2.97300000e-04  1.66901220e-07 
 2.97400000e-04  1.66831199e-07 
 2.97500000e-04  1.66799439e-07 
 2.97600000e-04  1.53094834e-07 
 2.97700000e-04  1.52674771e-07 
 2.97800000e-04  1.52429600e-07 
 2.97900000e-04  1.52251441e-07 
 2.98000000e-04  1.52142388e-07 
 2.98100000e-04  1.68565078e-07 
 2.98200000e-04  1.68267264e-07 
 2.98300000e-04  1.68165674e-07 
 2.98400000e-04  1.68078265e-07 
 2.98500000e-04  1.68027006e-07 
 2.98600000e-04  1.56870283e-07 
 2.98700000e-04  1.56477753e-07 
 2.98800000e-04  1.56265625e-07 
 2.98900000e-04  1.56129887e-07 
 2.99000000e-04  1.56072927e-07 
 2.99100000e-04  1.67267405e-07 
 2.99200000e-04  1.66998897e-07 
 2.99300000e-04  1.66914954e-07 
 2.99400000e-04  1.66844002e-07 
 2.99500000e-04  1.66808610e-07 
 2.99600000e-04  1.53148443e-07 
 2.99700000e-04  1.52671648e-07 
 2.99800000e-04  1.52430859e-07 
 2.99900000e-04  1.52245754e-07 
 3.00000000e-04  1.52118064e-07 
 3.00100000e-04  1.68020212e-07 
 3.00200000e-04  1.67840173e-07 
 3.00300000e-04  1.67767893e-07 
 3.00400000e-04  1.67703347e-07 
 3.00500000e-04  1.67659343e-07 
 3.00600000e-04  1.55184382e-07 
 3.00700000e-04  1.54799471e-07 
 3.00800000e-04  1.54593262e-07 
 3.00900000e-04  1.54455377e-07 
 3.01000000e-04  1.54387948e-07 
 3.01100000e-04  1.67787944e-07 
 3.01200000e-04  1.67558712e-07 
 3.01300000e-04  1.67487077e-07 
 3.01400000e-04  1.67427275e-07 
 3.01500000e-04  1.67405174e-07 
 3.01600000e-04  1.53678660e-07 
 3.01700000e-04  1.53236318e-07 
 3.01800000e-04  1.53008838e-07 
 3.01900000e-04  1.52836191e-07 
 3.02000000e-04  1.52720075e-07 
 3.02100000e-04  1.69692716e-07 
 3.02200000e-04  1.69307622e-07 
 3.02300000e-04  1.69166191e-07 
 3.02400000e-04  1.69040665e-07 
 3.02500000e-04  1.68998613e-07 
 3.02600000e-04  1.59086977e-07 
 3.02700000e-04  1.58714978e-07 
 3.02800000e-04  1.58517221e-07 
 3.02900000e-04  1.58393690e-07 
 3.03000000e-04  1.58346699e-07 
 3.03100000e-04  1.67372311e-07 
 3.03200000e-04  1.67083809e-07 
 3.03300000e-04  1.66991784e-07 
 3.03400000e-04  1.66912754e-07 
 3.03500000e-04  1.66866370e-07 
 3.03600000e-04  1.53222988e-07 
 3.03700000e-04  1.52705706e-07 
 3.03800000e-04  1.52457002e-07 
 3.03900000e-04  1.52262429e-07 
 3.04000000e-04  1.52123663e-07 
 3.04100000e-04  1.68032989e-07 
 3.04200000e-04  1.67856679e-07 
 3.04300000e-04  1.67777719e-07 
 3.04400000e-04  1.67705678e-07 
 3.04500000e-04  1.67662960e-07 
 3.04600000e-04  1.55199082e-07 
 3.04700000e-04  1.54797107e-07 
 3.04800000e-04  1.54605697e-07 
 3.04900000e-04  1.54469011e-07 
 3.05000000e-04  1.54388745e-07 
 3.05100000e-04  1.67787074e-07 
 3.05200000e-04  1.67574742e-07 
 3.05300000e-04  1.67497386e-07 
 3.05400000e-04  1.67429398e-07 
 3.05500000e-04  1.67404441e-07 
 3.05600000e-04  1.53680148e-07 
 3.05700000e-04  1.53231659e-07 
 3.05800000e-04  1.52998165e-07 
 3.05900000e-04  1.52824706e-07 
 3.06000000e-04  1.52713145e-07 
 3.06100000e-04  1.69156160e-07 
 3.06200000e-04  1.68877636e-07 
 3.06300000e-04  1.68769638e-07 
 3.06400000e-04  1.68672584e-07 
 3.06500000e-04  1.68626907e-07 
 3.06600000e-04  1.57428172e-07 
 3.06700000e-04  1.57059832e-07 
 3.06800000e-04  1.56856547e-07 
 3.06900000e-04  1.56719132e-07 
 3.07000000e-04  1.56649635e-07 
 3.07100000e-04  1.67870265e-07 
 3.07200000e-04  1.67616529e-07 
 3.07300000e-04  1.67531851e-07 
 3.07400000e-04  1.67458411e-07 
 3.07500000e-04  1.67420819e-07 
 3.07600000e-04  1.53730743e-07 
 3.07700000e-04  1.53255352e-07 
 3.07800000e-04  1.53018053e-07 
 3.07900000e-04  1.52836003e-07 
 3.08000000e-04  1.52710911e-07 
 3.08100000e-04  1.68638273e-07 
 3.08200000e-04  1.68457277e-07 
 3.08300000e-04  1.68378791e-07 
 3.08400000e-04  1.68307391e-07 
 3.08500000e-04  1.68276935e-07 
 3.08600000e-04  1.55777318e-07 
 3.08700000e-04  1.55384004e-07 
 3.08800000e-04  1.55194157e-07 
 3.08900000e-04  1.55054709e-07 
 3.09000000e-04  1.54967214e-07 
 3.09100000e-04  1.68410324e-07 
 3.09200000e-04  1.68172709e-07 
 3.09300000e-04  1.68096445e-07 
 3.09400000e-04  1.68032585e-07 
 3.09500000e-04  1.68018809e-07 
 3.09600000e-04  1.54248800e-07 
 3.09700000e-04  1.53819810e-07 
 3.09800000e-04  1.53591892e-07 
 3.09900000e-04  1.53421145e-07 
 3.10000000e-04  1.53309340e-07 
 3.10100000e-04  1.70844146e-07 
 3.10200000e-04  1.70326723e-07 
 3.10300000e-04  1.70169615e-07 
 3.10400000e-04  1.70037262e-07 
 3.10500000e-04  1.69982661e-07 
 3.10600000e-04  1.61337369e-07 
 3.10700000e-04  1.60954179e-07 
 3.10800000e-04  1.60768635e-07 
 3.10900000e-04  1.60655014e-07 
 3.11000000e-04  1.60615549e-07 
 3.11100000e-04  1.67677767e-07 
 3.11200000e-04  1.67289750e-07 
 3.11300000e-04  1.67134270e-07 
 3.11400000e-04  1.66994305e-07 
 3.11500000e-04  1.66932945e-07 
 3.11600000e-04  1.53322676e-07 
 3.11700000e-04  1.52763320e-07 
 3.11800000e-04  1.52495678e-07 
 3.11900000e-04  1.52295427e-07 
 3.12000000e-04  1.52164656e-07 
 3.12100000e-04  1.68073432e-07 
 3.12200000e-04  1.67887469e-07 
 3.12300000e-04  1.67809299e-07 
 3.12400000e-04  1.67738962e-07 
 3.12500000e-04  1.67696075e-07 
 3.12600000e-04  1.55189583e-07 
 3.12700000e-04  1.54825209e-07 
 3.12800000e-04  1.54622685e-07 
 3.12900000e-04  1.54476172e-07 
 3.13000000e-04  1.54387401e-07 
 3.13100000e-04  1.67793978e-07 
 3.13200000e-04  1.67594058e-07 
 3.13300000e-04  1.67514678e-07 
 3.13400000e-04  1.67442911e-07 
 3.13500000e-04  1.67411038e-07 
 3.13600000e-04  1.53691250e-07 
 3.13700000e-04  1.53262341e-07 
 3.13800000e-04  1.53017718e-07 
 3.13900000e-04  1.52838579e-07 
 3.14000000e-04  1.52726953e-07 
 3.14100000e-04  1.69165851e-07 
 3.14200000e-04  1.68894008e-07 
 3.14300000e-04  1.68788244e-07 
 3.14400000e-04  1.68692889e-07 
 3.14500000e-04  1.68632485e-07 
 3.14600000e-04  1.57434576e-07 
 3.14700000e-04  1.57051119e-07 
 3.14800000e-04  1.56859458e-07 
 3.14900000e-04  1.56729345e-07 
 3.15000000e-04  1.56662681e-07 
 3.15100000e-04  1.67870204e-07 
 3.15200000e-04  1.67630091e-07 
 3.15300000e-04  1.67539386e-07 
 3.15400000e-04  1.67458142e-07 
 3.15500000e-04  1.67424490e-07 
 3.15600000e-04  1.53737670e-07 
 3.15700000e-04  1.53249687e-07 
 3.15800000e-04  1.53009379e-07 
 3.15900000e-04  1.52829660e-07 
 3.16000000e-04  1.52712399e-07 
 3.16100000e-04  1.68645022e-07 
 3.16200000e-04  1.68463729e-07 
 3.16300000e-04  1.68380582e-07 
 3.16400000e-04  1.68304274e-07 
 3.16500000e-04  1.68270010e-07 
 3.16600000e-04  1.55783522e-07 
 3.16700000e-04  1.55391650e-07 
 3.16800000e-04  1.55193447e-07 
 3.16900000e-04  1.55052995e-07 
 3.17000000e-04  1.54972071e-07 
 3.17100000e-04  1.68415078e-07 
 3.17200000e-04  1.68176213e-07 
 3.17300000e-04  1.68101844e-07 
 3.17400000e-04  1.68040279e-07 
 3.17500000e-04  1.68021616e-07 
 3.17600000e-04  1.54254723e-07 
 3.17700000e-04  1.53823828e-07 
 3.17800000e-04  1.53600202e-07 
 3.17900000e-04  1.53424681e-07 
 3.18000000e-04  1.53298737e-07 
 3.18100000e-04  1.70313026e-07 
 3.18200000e-04  1.69930252e-07 
 3.18300000e-04  1.69794061e-07 
 3.18400000e-04  1.69673710e-07 
 3.18500000e-04  1.69606751e-07 
 3.18600000e-04  1.59679834e-07 
 3.18700000e-04  1.59297971e-07 
 3.18800000e-04  1.59107329e-07 
 3.18900000e-04  1.58982798e-07 
 3.19000000e-04  1.58926420e-07 
 3.19100000e-04  1.67998758e-07 
 3.19200000e-04  1.67698207e-07 
 3.19300000e-04  1.67596058e-07 
 3.19400000e-04  1.67507040e-07 
 3.19500000e-04  1.67479669e-07 
 3.19600000e-04  1.53790331e-07 
 3.19700000e-04  1.53303903e-07 
 3.19800000e-04  1.53042884e-07 
 3.19900000e-04  1.52848005e-07 
 3.20000000e-04  1.52721306e-07 
 3.20100000e-04  1.68667402e-07 
 3.20200000e-04  1.68477948e-07 
 3.20300000e-04  1.68400564e-07 
 3.20400000e-04  1.68331477e-07 
 3.20500000e-04  1.68290401e-07 
 3.20600000e-04  1.55764463e-07 
 3.20700000e-04  1.55390046e-07 
 3.20800000e-04  1.55191430e-07 
 3.20900000e-04  1.55049714e-07 
 3.21000000e-04  1.54966648e-07 
 3.21100000e-04  1.68405628e-07 
 3.21200000e-04  1.68197768e-07 
 3.21300000e-04  1.68119911e-07 
 3.21400000e-04  1.68050917e-07 
 3.21500000e-04  1.68013309e-07 
 3.21600000e-04  1.54268025e-07 
 3.21700000e-04  1.53835265e-07 
 3.21800000e-04  1.53601694e-07 
 3.21900000e-04  1.53424225e-07 
 3.22000000e-04  1.53304580e-07 
 3.22100000e-04  1.69786636e-07 
 3.22200000e-04  1.69495728e-07 
 3.22300000e-04  1.69393338e-07 
 3.22400000e-04  1.69303805e-07 
 3.22500000e-04  1.69248786e-07 
 3.22600000e-04  1.58026680e-07 
 3.22700000e-04  1.57640627e-07 
 3.22800000e-04  1.57446828e-07 
 3.22900000e-04  1.57316433e-07 
 3.23000000e-04  1.57251392e-07 
 3.23100000e-04  1.68490416e-07 
 3.23200000e-04  1.68242159e-07 
 3.23300000e-04  1.68157826e-07 
 3.23400000e-04  1.68083994e-07 
 3.23500000e-04  1.68050709e-07 
 3.23600000e-04  1.54322534e-07 
 3.23700000e-04  1.53853064e-07 
 3.23800000e-04  1.53614769e-07 
 3.23900000e-04  1.53436854e-07 
 3.24000000e-04  1.53321173e-07 
 3.24100000e-04  1.69257733e-07 
 3.24200000e-04  1.69074966e-07 
 3.24300000e-04  1.68999846e-07 
 3.24400000e-04  1.68932467e-07 
 3.24500000e-04  1.68901148e-07 
 3.24600000e-04  1.56348488e-07 
 3.24700000e-04  1.55987260e-07 
 3.24800000e-04  1.55780217e-07 
 3.24900000e-04  1.55640193e-07 
 3.25000000e-04  1.55569252e-07 
 3.25100000e-04  1.69030016e-07 
 3.25200000e-04  1.68807656e-07 
 3.25300000e-04  1.68733542e-07 
 3.25400000e-04  1.68670213e-07 
 3.25500000e-04  1.68638845e-07 
 3.25600000e-04  1.54851963e-07 
 3.25700000e-04  1.54432230e-07 
 3.25800000e-04  1.54196149e-07 
 3.25900000e-04  1.54023495e-07 
 3.26000000e-04  1.53916217e-07 
 3.26100000e-04  1.72530462e-07 
 3.26200000e-04  1.71802065e-07 
 3.26300000e-04  1.71589061e-07 
 3.26400000e-04  1.71410694e-07 
 3.26500000e-04  1.71330230e-07 
 3.26600000e-04  1.65267805e-07 
 3.26700000e-04  1.64868468e-07 
 3.26800000e-04  1.64691762e-07 
 3.26900000e-04  1.64591684e-07 
 3.27000000e-04  1.64570604e-07 
 3.27100000e-04  1.67807685e-07 
 3.27200000e-04  1.66869906e-07 
 3.27300000e-04  1.66629203e-07 
 3.27400000e-04  1.66432672e-07 
 3.27500000e-04  1.66339416e-07 
 3.27600000e-04  1.52816623e-07 
 3.27700000e-04  1.52199536e-07 
 3.27800000e-04  1.51910064e-07 
 3.27900000e-04  1.51699912e-07 
 3.28000000e-04  1.51571536e-07 
 3.28100000e-04  1.67460881e-07 
 3.28200000e-04  1.67289626e-07 
 3.28300000e-04  1.67205466e-07 
 3.28400000e-04  1.67127152e-07 
 3.28500000e-04  1.67065817e-07 
 3.28600000e-04  1.54595113e-07 
 3.28700000e-04  1.54215591e-07 
 3.28800000e-04  1.54023462e-07 
 3.28900000e-04  1.53884353e-07 
 3.29000000e-04  1.53799879e-07 
 3.29100000e-04  1.67191378e-07 
 3.29200000e-04  1.66969503e-07 
 3.29300000e-04  1.66890697e-07 
 3.29400000e-04  1.66822218e-07 
 3.29500000e-04  1.66808924e-07 
 3.29600000e-04  1.53097874e-07 
 3.29700000e-04  1.52663081e-07 
 3.29800000e-04  1.52428506e-07 
 3.29900000e-04  1.52247335e-07 
 3.30000000e-04  1.52121197e-07 
 3.30100000e-04  1.68556610e-07 
 3.30200000e-04  1.68275613e-07 
 3.30300000e-04  1.68168846e-07 
 3.30400000e-04  1.68073991e-07 
 3.30500000e-04  1.68013487e-07 
 3.30600000e-04  1.56857920e-07 
 3.30700000e-04  1.56468928e-07 
 3.30800000e-04  1.56263163e-07 
 3.30900000e-04  1.56124636e-07 
 3.31000000e-04  1.56055412e-07 
 3.31100000e-04  1.67254683e-07 
 3.31200000e-04  1.66996915e-07 
 3.31300000e-04  1.66910398e-07 
 3.31400000e-04  1.66835618e-07 
 3.31500000e-04  1.66805237e-07 
 3.31600000e-04  1.53146776e-07 
 3.31700000e-04  1.52670796e-07 
 3.31800000e-04  1.52415874e-07 
 3.31900000e-04  1.52227954e-07 
 3.32000000e-04  1.52109095e-07 
 3.32100000e-04  1.68013563e-07 
 3.32200000e-04  1.67839728e-07 
 3.32300000e-04  1.67760547e-07 
 3.32400000e-04  1.67687814e-07 
 3.32500000e-04  1.67656321e-07 
 3.32600000e-04  1.55173803e-07 
 3.32700000e-04  1.54787853e-07 
 3.32800000e-04  1.54592325e-07 
 3.32900000e-04  1.54455531e-07 
 3.33000000e-04  1.54379265e-07 
 3.33100000e-04  1.67773723e-07 
 3.33200000e-04  1.67550852e-07 
 3.33300000e-04  1.67480498e-07 
 3.33400000e-04  1.67421073e-07 
 3.33500000e-04  1.67401410e-07 
 3.33600000e-04  1.53669574e-07 
 3.33700000e-04  1.53227284e-07 
 3.33800000e-04  1.53004377e-07 
 3.33900000e-04  1.52833990e-07 
 3.34000000e-04  1.52717719e-07 
 3.34100000e-04  1.69688611e-07 
 3.34200000e-04  1.69288504e-07 
 3.34300000e-04  1.69161880e-07 
 3.34400000e-04  1.69053828e-07 
 3.34500000e-04  1.68986045e-07 
 3.34600000e-04  1.59098386e-07 
 3.34700000e-04  1.58714385e-07 
 3.34800000e-04  1.58521164e-07 
 3.34900000e-04  1.58395271e-07 
 3.35000000e-04  1.58338773e-07 
 3.35100000e-04  1.67372872e-07 
 3.35200000e-04  1.67081833e-07 
 3.35300000e-04  1.66980892e-07 
 3.35400000e-04  1.66892535e-07 
 3.35500000e-04  1.66859537e-07 
 3.35600000e-04  1.53216824e-07 
 3.35700000e-04  1.52698336e-07 
 3.35800000e-04  1.52438624e-07 
 3.35900000e-04  1.52249516e-07 
 3.36000000e-04  1.52133182e-07 
 3.36100000e-04  1.68030599e-07 
 3.36200000e-04  1.67850170e-07 
 3.36300000e-04  1.67771168e-07 
 3.36400000e-04  1.67699352e-07 
 3.36500000e-04  1.67674132e-07 
 3.36600000e-04  1.55190106e-07 
 3.36700000e-04  1.54790259e-07 
 3.36800000e-04  1.54589151e-07 
 3.36900000e-04  1.54447390e-07 
 3.37000000e-04  1.54366788e-07 
 3.37100000e-04  1.67782921e-07 
 3.37200000e-04  1.67570769e-07 
 3.37300000e-04  1.67497947e-07 
 3.37400000e-04  1.67435022e-07 
 3.37500000e-04  1.67397012e-07 
 3.37600000e-04  1.53668721e-07 
 3.37700000e-04  1.53245562e-07 
 3.37800000e-04  1.53003585e-07 
 3.37900000e-04  1.52826657e-07 
 3.38000000e-04  1.52716769e-07 
 3.38100000e-04  1.69171058e-07 
 3.38200000e-04  1.68866133e-07 
 3.38300000e-04  1.68767873e-07 
 3.38400000e-04  1.68684641e-07 
 3.38500000e-04  1.68624447e-07 
 3.38600000e-04  1.57437020e-07 
 3.38700000e-04  1.57053424e-07 
 3.38800000e-04  1.56857749e-07 
 3.38900000e-04  1.56723836e-07 
 3.39000000e-04  1.56653572e-07 
 3.39100000e-04  1.67861340e-07 
 3.39200000e-04  1.67605304e-07 
 3.39300000e-04  1.67524015e-07 
 3.39400000e-04  1.67454625e-07 
 3.39500000e-04  1.67433101e-07 
 3.39600000e-04  1.53725380e-07 
 3.39700000e-04  1.53260332e-07 
 3.39800000e-04  1.53009072e-07 
 3.39900000e-04  1.52827833e-07 
 3.40000000e-04  1.52718762e-07 
 3.40100000e-04  1.68633933e-07 
 3.40200000e-04  1.68461087e-07 
 3.40300000e-04  1.68377766e-07 
 3.40400000e-04  1.68300317e-07 
 3.40500000e-04  1.68275858e-07 
 3.40600000e-04  1.55754028e-07 
 3.40700000e-04  1.55397316e-07 
 3.40800000e-04  1.55196725e-07 
 3.40900000e-04  1.55047894e-07 
 3.41000000e-04  1.54952389e-07 
 3.41100000e-04  1.68391864e-07 
 3.41200000e-04  1.68183660e-07 
 3.41300000e-04  1.68110242e-07 
 3.41400000e-04  1.68046145e-07 
 3.41500000e-04  1.68016259e-07 
 3.41600000e-04  1.54250800e-07 
 3.41700000e-04  1.53814549e-07 
 3.41800000e-04  1.53586680e-07 
 3.41900000e-04  1.53416775e-07 
 3.42000000e-04  1.53306598e-07 
 3.42100000e-04  1.70841118e-07 
 3.42200000e-04  1.70344544e-07 
 3.42300000e-04  1.70180710e-07 
 3.42400000e-04  1.70038439e-07 
 3.42500000e-04  1.69967646e-07 
 3.42600000e-04  1.61340434e-07 
 3.42700000e-04  1.60972064e-07 
 3.42800000e-04  1.60773013e-07 
 3.42900000e-04  1.60648077e-07 
 3.43000000e-04  1.60599530e-07 
 3.43100000e-04  1.67654852e-07 
 3.43200000e-04  1.67264267e-07 
 3.43300000e-04  1.67130691e-07 
 3.43400000e-04  1.67014514e-07 
 3.43500000e-04  1.66928774e-07 
 3.43600000e-04  1.53313923e-07 
 3.43700000e-04  1.52761546e-07 
 3.43800000e-04  1.52495576e-07 
 3.43900000e-04  1.52291411e-07 
 3.44000000e-04  1.52150928e-07 
 3.44100000e-04  1.68066625e-07 
 3.44200000e-04  1.67895658e-07 
 3.44300000e-04  1.67811158e-07 
 3.44400000e-04  1.67732480e-07 
 3.44500000e-04  1.67694866e-07 
 3.44600000e-04  1.55207365e-07 
 3.44700000e-04  1.54803688e-07 
 3.44800000e-04  1.54613463e-07 
 3.44900000e-04  1.54476647e-07 
 3.45000000e-04  1.54394852e-07 
 3.45100000e-04  1.67800235e-07 
 3.45200000e-04  1.67590001e-07 
 3.45300000e-04  1.67504565e-07 
 3.45400000e-04  1.67427615e-07 
 3.45500000e-04  1.67403892e-07 
 3.45600000e-04  1.53677814e-07 
 3.45700000e-04  1.53253405e-07 
 3.45800000e-04  1.53010520e-07 
 3.45900000e-04  1.52829015e-07 
 3.46000000e-04  1.52710751e-07 
 3.46100000e-04  1.69177422e-07 
 3.46200000e-04  1.68876288e-07 
 3.46300000e-04  1.68773881e-07 
 3.46400000e-04  1.68686046e-07 
 3.46500000e-04  1.68642284e-07 
 3.46600000e-04  1.57433747e-07 
 3.46700000e-04  1.57058557e-07 
 3.46800000e-04  1.56855440e-07 
 3.46900000e-04  1.56716545e-07 
 3.47000000e-04  1.56643829e-07 
 3.47100000e-04  1.67866574e-07 
 3.47200000e-04  1.67617300e-07 
 3.47300000e-04  1.67528779e-07 
 3.47400000e-04  1.67450831e-07 
 3.47500000e-04  1.67430805e-07 
 3.47600000e-04  1.53730463e-07 
 3.47700000e-04  1.53248458e-07 
 3.47800000e-04  1.53009744e-07 
 3.47900000e-04  1.52832733e-07 
 3.48000000e-04  1.52719302e-07 
 3.48100000e-04  1.68645683e-07 
 3.48200000e-04  1.68458462e-07 
 3.48300000e-04  1.68377471e-07 
 3.48400000e-04  1.68304160e-07 
 3.48500000e-04  1.68259858e-07 
 3.48600000e-04  1.55768836e-07 
 3.48700000e-04  1.55372677e-07 
 3.48800000e-04  1.55179009e-07 
 3.48900000e-04  1.55041391e-07 
 3.49000000e-04  1.54961516e-07 
 3.49100000e-04  1.68412067e-07 
 3.49200000e-04  1.68175926e-07 
 3.49300000e-04  1.68101707e-07 
 3.49400000e-04  1.68039692e-07 
 3.49500000e-04  1.68009711e-07 
 3.49600000e-04  1.54242870e-07 
 3.49700000e-04  1.53813814e-07 
 3.49800000e-04  1.53587485e-07 
 3.49900000e-04  1.53417918e-07 
 3.50000000e-04  1.53306832e-07 
 3.50100000e-04  1.70304157e-07 
 3.50200000e-04  1.69926863e-07 
 3.50300000e-04  1.69788264e-07 
 3.50400000e-04  1.69664589e-07 
 3.50500000e-04  1.69612417e-07 
 3.50600000e-04  1.59671382e-07 
 3.50700000e-04  1.59310382e-07 
 3.50800000e-04  1.59113664e-07 
 3.50900000e-04  1.58986900e-07 
 3.51000000e-04  1.58932222e-07 
 3.51100000e-04  1.68002009e-07 
 3.51200000e-04  1.67692413e-07 
 3.51300000e-04  1.67596547e-07 
 3.51400000e-04  1.67515850e-07 
 3.51500000e-04  1.67472238e-07 
 3.51600000e-04  1.53789490e-07 
 3.51700000e-04  1.53293068e-07 
 3.51800000e-04  1.53033285e-07 
 3.51900000e-04  1.52841750e-07 
 3.52000000e-04  1.52720538e-07 
 3.52100000e-04  1.68657695e-07 
 3.52200000e-04  1.68472129e-07 
 3.52300000e-04  1.68393612e-07 
 3.52400000e-04  1.68322999e-07 
 3.52500000e-04  1.68271708e-07 
 3.52600000e-04  1.55769959e-07 
 3.52700000e-04  1.55398076e-07 
 3.52800000e-04  1.55188507e-07 
 3.52900000e-04  1.55048607e-07 
 3.53000000e-04  1.54980496e-07 
 3.53100000e-04  1.68417817e-07 
 3.53200000e-04  1.68186009e-07 
 3.53300000e-04  1.68108271e-07 
 3.53400000e-04  1.68041786e-07 
 3.53500000e-04  1.68025062e-07 
 3.53600000e-04  1.54269985e-07 
 3.53700000e-04  1.53843570e-07 
 3.53800000e-04  1.53607366e-07 
 3.53900000e-04  1.53427590e-07 
 3.54000000e-04  1.53305944e-07 
 3.54100000e-04  1.69792925e-07 
 3.54200000e-04  1.69497306e-07 
 3.54300000e-04  1.69391136e-07 
 3.54400000e-04  1.69298152e-07 
 3.54500000e-04  1.69251424e-07 
 3.54600000e-04  1.58016309e-07 
 3.54700000e-04  1.57648508e-07 
 3.54800000e-04  1.57441007e-07 
 3.54900000e-04  1.57308551e-07 
 3.55000000e-04  1.57253432e-07 
 3.55100000e-04  1.68499411e-07 
 3.55200000e-04  1.68237223e-07 
 3.55300000e-04  1.68146892e-07 
 3.55400000e-04  1.68068360e-07 
 3.55500000e-04  1.68034696e-07 
 3.55600000e-04  1.54317286e-07 
 3.55700000e-04  1.53856246e-07 
 3.55800000e-04  1.53613614e-07 
 3.55900000e-04  1.53429096e-07 
 3.56000000e-04  1.53304443e-07 
 3.56100000e-04  1.69255118e-07 
 3.56200000e-04  1.69089750e-07 
 3.56300000e-04  1.69001430e-07 
 3.56400000e-04  1.68917826e-07 
 3.56500000e-04  1.68888463e-07 
 3.56600000e-04  1.56354696e-07 
 3.56700000e-04  1.55973308e-07 
 3.56800000e-04  1.55780005e-07 
 3.56900000e-04  1.55643739e-07 
 3.57000000e-04  1.55566228e-07 
 3.57100000e-04  1.69030638e-07 
 3.57200000e-04  1.68810021e-07 
 3.57300000e-04  1.68726454e-07 
 3.57400000e-04  1.68652352e-07 
 3.57500000e-04  1.68623210e-07 
 3.57600000e-04  1.54831353e-07 
 3.57700000e-04  1.54423234e-07 
 3.57800000e-04  1.54192330e-07 
 3.57900000e-04  1.54013415e-07 
 3.58000000e-04  1.53888045e-07 
 3.58100000e-04  1.72003108e-07 
 3.58200000e-04  1.71373426e-07 
 3.58300000e-04  1.71188198e-07 
 3.58400000e-04  1.71033268e-07 
 3.58500000e-04  1.70959451e-07 
 3.58600000e-04  1.63586398e-07 
 3.58700000e-04  1.63222138e-07 
 3.58800000e-04  1.63043691e-07 
 3.58900000e-04  1.62929854e-07 
 3.59000000e-04  1.62882584e-07 
 3.59100000e-04  1.68275156e-07 
 3.59200000e-04  1.67503424e-07 
 3.59300000e-04  1.67260950e-07 
 3.59400000e-04  1.67053730e-07 
 3.59500000e-04  1.66987982e-07 
 3.59600000e-04  1.53386936e-07 
 3.59700000e-04  1.52788252e-07 
 3.59800000e-04  1.52508382e-07 
 3.59900000e-04  1.52303715e-07 
 3.60000000e-04  1.52176540e-07 
 3.60100000e-04  1.68077716e-07 
 3.60200000e-04  1.67904135e-07 
 3.60300000e-04  1.67821185e-07 
 3.60400000e-04  1.67744253e-07 
 3.60500000e-04  1.67688756e-07 
 3.60600000e-04  1.55208702e-07 
 3.60700000e-04  1.54813088e-07 
 3.60800000e-04  1.54611406e-07 
 3.60900000e-04  1.54471641e-07 
 3.61000000e-04  1.54395664e-07 
 3.61100000e-04  1.67806405e-07 
 3.61200000e-04  1.67600324e-07 
 3.61300000e-04  1.67517525e-07 
 3.61400000e-04  1.67442807e-07 
 3.61500000e-04  1.67397546e-07 
 3.61600000e-04  1.53686149e-07 
 3.61700000e-04  1.53250782e-07 
 3.61800000e-04  1.53016782e-07 
 3.61900000e-04  1.52840983e-07 
 3.62000000e-04  1.52725139e-07 
 3.62100000e-04  1.69185085e-07 
 3.62200000e-04  1.68886113e-07 
 3.62300000e-04  1.68783406e-07 
 3.62400000e-04  1.68694652e-07 
 3.62500000e-04  1.68642220e-07 
 3.62600000e-04  1.57428580e-07 
 3.62700000e-04  1.57055750e-07 
 3.62800000e-04  1.56860104e-07 
 3.62900000e-04  1.56725235e-07 
 3.63000000e-04  1.56652971e-07 
 3.63100000e-04  1.67876498e-07 
 3.63200000e-04  1.67613862e-07 
 3.63300000e-04  1.67531675e-07 
 3.63400000e-04  1.67461898e-07 
 3.63500000e-04  1.67432886e-07 
 3.63600000e-04  1.53730450e-07 
 3.63700000e-04  1.53261487e-07 
 3.63800000e-04  1.53013650e-07 
 3.63900000e-04  1.52828869e-07 
 3.64000000e-04  1.52709044e-07 
 3.64100000e-04  1.68638199e-07 
 3.64200000e-04  1.68461973e-07 
 3.64300000e-04  1.68385299e-07 
 3.64400000e-04  1.68315405e-07 
 3.64500000e-04  1.68263916e-07 
 3.64600000e-04  1.55757139e-07 
 3.64700000e-04  1.55401223e-07 
 3.64800000e-04  1.55191545e-07 
 3.64900000e-04  1.55048540e-07 
 3.65000000e-04  1.54974222e-07 
 3.65100000e-04  1.68408121e-07 
 3.65200000e-04  1.68195693e-07 
 3.65300000e-04  1.68118136e-07 
 3.65400000e-04  1.68050212e-07 
 3.65500000e-04  1.68015292e-07 
 3.65600000e-04  1.54262973e-07 
 3.65700000e-04  1.53824777e-07 
 3.65800000e-04  1.53590299e-07 
 3.65900000e-04  1.53414003e-07 
 3.66000000e-04  1.53297528e-07 
 3.66100000e-04  1.72779588e-07 
 3.66200000e-04  1.71772798e-07 
 3.66300000e-04  1.71455974e-07 
 3.66400000e-04  1.71322717e-07 
 3.66500000e-04  1.71248776e-07 
 3.66600000e-04  1.60857722e-07 
 3.66700000e-04  1.60324994e-07 
 3.66800000e-04  1.60074894e-07 
 3.66900000e-04  1.59891730e-07 
 3.67000000e-04  1.59776834e-07 
 3.67100000e-04  1.03754913e-04 
 3.67200000e-04  1.03754421e-04 
 3.67300000e-04  1.03754281e-04 
 3.67400000e-04  1.03754165e-04 
 3.67500000e-04  1.03754102e-04 
 3.67600000e-04  1.03740459e-04 
 3.67700000e-04  1.03739929e-04 
 3.67800000e-04  1.03739678e-04 
 3.67900000e-04  1.03739487e-04 
 3.68000000e-04  1.03739357e-04 
 3.68100000e-04  1.69817510e-07 
 3.68200000e-04  1.69587395e-07 
 3.68300000e-04  1.69500627e-07 
 3.68400000e-04  1.69424175e-07 
 3.68500000e-04  1.69389274e-07 
 3.68600000e-04  1.56874669e-07 
 3.68700000e-04  1.56478151e-07 
 3.68800000e-04  1.56272052e-07 
 3.68900000e-04  1.56136053e-07 
 3.69000000e-04  1.56072275e-07 
 3.69100000e-04  1.69564049e-07 
 3.69200000e-04  1.69335786e-07 
 3.69300000e-04  1.69251303e-07 
 3.69400000e-04  1.69177207e-07 
 3.69500000e-04  1.69162531e-07 
 3.69600000e-04  1.55349266e-07 
 3.69700000e-04  1.54923980e-07 
 3.69800000e-04  1.54691211e-07 
 3.69900000e-04  1.54515574e-07 
 3.70000000e-04  1.54398780e-07 
 3.70100000e-04  1.70951757e-07 
 3.70200000e-04  1.70656737e-07 
 3.70300000e-04  1.70540806e-07 
 3.70400000e-04  1.70436978e-07 
 3.70500000e-04  1.70379653e-07 
 3.70600000e-04  1.59098462e-07 
 3.70700000e-04  1.58733762e-07 
 3.70800000e-04  1.58543196e-07 
 3.70900000e-04  1.58410554e-07 
 3.71000000e-04  1.58337571e-07 
 3.71100000e-04  1.69639700e-07 
 3.71200000e-04  1.69388918e-07 
 3.71300000e-04  1.69298158e-07 
 3.71400000e-04  1.69217878e-07 
 3.71500000e-04  1.69177680e-07 
 3.71600000e-04  1.55385233e-07 
 3.71700000e-04  1.54920478e-07 
 3.71800000e-04  1.54688370e-07 
 3.71900000e-04  1.54515884e-07 
 3.72000000e-04  1.54404805e-07 
 3.72100000e-04  1.70418020e-07 
 3.72200000e-04  1.70224116e-07 
 3.72300000e-04  1.70142685e-07 
 3.72400000e-04  1.70069545e-07 
 3.72500000e-04  1.70024548e-07 
 3.72600000e-04  1.57419446e-07 
 3.72700000e-04  1.57049161e-07 
 3.72800000e-04  1.56866554e-07 
 3.72900000e-04  1.56729755e-07 
 3.73000000e-04  1.56640111e-07 
 3.73100000e-04  1.70178415e-07 
 3.73200000e-04  1.69950994e-07 
 3.73300000e-04  1.69870683e-07 
 3.73400000e-04  1.69800973e-07 
 3.73500000e-04  1.69756998e-07 
 3.73600000e-04  1.55919079e-07 
 3.73700000e-04  1.55492345e-07 
 3.73800000e-04  1.55267624e-07 
 3.73900000e-04  1.55102423e-07 
 3.74000000e-04  1.54998522e-07 
 3.74100000e-04  1.72607428e-07 
 3.74200000e-04  1.72109119e-07 
 3.74300000e-04  1.71940556e-07 
 3.74400000e-04  1.71793511e-07 
 3.74500000e-04  1.71717345e-07 
 3.74600000e-04  1.62999551e-07 
 3.74700000e-04  1.62633775e-07 
 3.74800000e-04  1.62446167e-07 
 3.74900000e-04  1.62331567e-07 
 3.75000000e-04  1.62292183e-07 
 3.75100000e-04  1.69441772e-07 
 3.75200000e-04  1.69039549e-07 
 3.75300000e-04  1.68880810e-07 
 3.75400000e-04  1.68738629e-07 
 3.75500000e-04  1.68675146e-07 
 3.75600000e-04  1.54958882e-07 
 3.75700000e-04  1.54432388e-07 
 3.75800000e-04  1.54165680e-07 
 3.75900000e-04  1.53971194e-07 
 3.76000000e-04  1.53851111e-07 
 3.76100000e-04  1.69844238e-07 
 3.76200000e-04  1.69638934e-07 
 3.76300000e-04  1.69549181e-07 
 3.76400000e-04  1.69467990e-07 
 3.76500000e-04  1.69428826e-07 
 3.76600000e-04  1.56860344e-07 
 3.76700000e-04  1.56487239e-07 
 3.76800000e-04  1.56292191e-07 
 3.76900000e-04  1.56148938e-07 
 3.77000000e-04  1.56059015e-07 
 3.77100000e-04  1.69571957e-07 
 3.77200000e-04  1.69341409e-07 
 3.77300000e-04  1.69258658e-07 
 3.77400000e-04  1.69186487e-07 
 3.77500000e-04  1.69145780e-07 
 3.77600000e-04  1.55327214e-07 
 3.77700000e-04  1.54904070e-07 
 3.77800000e-04  1.54688516e-07 
 3.77900000e-04  1.54521144e-07 
 3.78000000e-04  1.54403370e-07 
 3.78100000e-04  1.70937326e-07 
 3.78200000e-04  1.70646578e-07 
 3.78300000e-04  1.70534628e-07 
 3.78400000e-04  1.70434802e-07 
 3.78500000e-04  1.70382227e-07 
 3.78600000e-04  1.59085520e-07 
 3.78700000e-04  1.58727830e-07 
 3.78800000e-04  1.58530292e-07 
 3.78900000e-04  1.58395366e-07 
 3.79000000e-04  1.58324928e-07 
 3.79100000e-04  1.69637690e-07 
 3.79200000e-04  1.69393137e-07 
 3.79300000e-04  1.69292464e-07 
 3.79400000e-04  1.69200502e-07 
 3.79500000e-04  1.69185074e-07 
 3.79600000e-04  1.55386298e-07 
 3.79700000e-04  1.54931476e-07 
 3.79800000e-04  1.54700270e-07 
 3.79900000e-04  1.54519820e-07 
 3.80000000e-04  1.54391621e-07 
 3.80100000e-04  1.70418613e-07 
 3.80200000e-04  1.70217681e-07 
 3.80300000e-04  1.70134908e-07 
 3.80400000e-04  1.70061310e-07 
 3.80500000e-04  1.70010969e-07 
 3.80600000e-04  1.57432346e-07 
 3.80700000e-04  1.57061142e-07 
 3.80800000e-04  1.56867020e-07 
 3.80900000e-04  1.56731900e-07 
 3.81000000e-04  1.56657538e-07 
 3.81100000e-04  1.70172378e-07 
 3.81200000e-04  1.69948471e-07 
 3.81300000e-04  1.69869412e-07 
 3.81400000e-04  1.69800589e-07 
 3.81500000e-04  1.69769439e-07 
 3.81600000e-04  1.55903704e-07 
 3.81700000e-04  1.55484851e-07 
 3.81800000e-04  1.55265711e-07 
 3.81900000e-04  1.55101004e-07 
 3.82000000e-04  1.54992335e-07 
 3.82100000e-04  1.72081555e-07 
 3.82200000e-04  1.71688067e-07 
 3.82300000e-04  1.71544368e-07 
 3.82400000e-04  1.71416725e-07 
 3.82500000e-04  1.71355427e-07 
 3.82600000e-04  1.61327708e-07 
 3.82700000e-04  1.60960965e-07 
 3.82800000e-04  1.60782144e-07 
 3.82900000e-04  1.60665693e-07 
 3.83000000e-04  1.60613473e-07 
 3.83100000e-04  1.69773661e-07 
 3.83200000e-04  1.69461564e-07 
 3.83300000e-04  1.69350621e-07 
 3.83400000e-04  1.69253170e-07 
 3.83500000e-04  1.69209564e-07 
 3.83600000e-04  1.55464525e-07 
 3.83700000e-04  1.54948506e-07 
 3.83800000e-04  1.54708722e-07 
 3.83900000e-04  1.54527541e-07 
 3.84000000e-04  1.54406708e-07 
 3.84100000e-04  1.70424317e-07 
 3.84200000e-04  1.70240256e-07 
 3.84300000e-04  1.70156469e-07 
 3.84400000e-04  1.70079523e-07 
 3.84500000e-04  1.70031594e-07 
 3.84600000e-04  1.57437301e-07 
 3.84700000e-04  1.57060973e-07 
 3.84800000e-04  1.56864034e-07 
 3.84900000e-04  1.56728104e-07 
 3.85000000e-04  1.56655000e-07 
 3.85100000e-04  1.70184633e-07 
 3.85200000e-04  1.69943899e-07 
 3.85300000e-04  1.69860569e-07 
 3.85400000e-04  1.69788902e-07 
 3.85500000e-04  1.69761363e-07 
 3.85600000e-04  1.55927403e-07 
 3.85700000e-04  1.55498484e-07 
 3.85800000e-04  1.55268464e-07 
 3.85900000e-04  1.55095323e-07 
 3.86000000e-04  1.54980745e-07 
 3.86100000e-04  1.71556294e-07 
 3.86200000e-04  1.71268179e-07 
 3.86300000e-04  1.71149018e-07 
 3.86400000e-04  1.71040812e-07 
 3.86500000e-04  1.70992165e-07 
 3.86600000e-04  1.59673908e-07 
 3.86700000e-04  1.59312708e-07 
 3.86800000e-04  1.59119812e-07 
 3.86900000e-04  1.58991236e-07 
 3.87000000e-04  1.58928898e-07 
 3.87100000e-04  1.70260658e-07 
 3.87200000e-04  1.70005498e-07 
 3.87300000e-04  1.69909274e-07 
 3.87400000e-04  1.69823490e-07 
 3.87500000e-04  1.69786278e-07 
 3.87600000e-04  1.55975954e-07 
 3.87700000e-04  1.55500762e-07 
 3.87800000e-04  1.55278461e-07 
 3.87900000e-04  1.55110759e-07 
 3.88000000e-04  1.54999267e-07 
 3.88100000e-04  1.71028560e-07 
 3.88200000e-04  1.70842817e-07 
 3.88300000e-04  1.70756448e-07 
 3.88400000e-04  1.70677076e-07 
 3.88500000e-04  1.70624288e-07 
 3.88600000e-04  1.58000534e-07 
 3.88700000e-04  1.57627460e-07 
 3.88800000e-04  1.57440652e-07 
 3.88900000e-04  1.57309553e-07 
 3.89000000e-04  1.57235808e-07 
 3.89100000e-04  1.70794939e-07 
 3.89200000e-04  1.70560798e-07 
 3.89300000e-04  1.70487225e-07 
 3.89400000e-04  1.70425098e-07 
 3.89500000e-04  1.70372100e-07 
 3.89600000e-04  1.56503724e-07 
 3.89700000e-04  1.56090068e-07 
 3.89800000e-04  1.55857994e-07 
 3.89900000e-04  1.55687239e-07 
 3.90000000e-04  1.55579626e-07 
 3.90100000e-04  1.74835661e-07 
 3.90200000e-04  1.73985022e-07 
 3.90300000e-04  1.73733360e-07 
 3.90400000e-04  1.73521628e-07 
 3.90500000e-04  1.73423541e-07 
 3.90600000e-04  1.68567035e-07 
 3.90700000e-04  1.68203898e-07 
 3.90800000e-04  1.68040485e-07 
 3.90900000e-04  1.67946386e-07 
 3.91000000e-04  1.67923675e-07 
 3.91100000e-04  1.69024673e-07 
 3.91200000e-04  1.68061543e-07 
 3.91300000e-04  1.67802183e-07 
 3.91400000e-04  1.67587088e-07 
 3.91500000e-04  1.67507097e-07 
 3.91600000e-04  1.53942688e-07 
 3.91700000e-04  1.53259272e-07 
 3.91800000e-04  1.52985708e-07 
 3.91900000e-04  1.52785252e-07 
 3.92000000e-04  1.52660096e-07 
 3.92100000e-04  1.68610115e-07 
 3.92200000e-04  1.68427537e-07 
 3.92300000e-04  1.68336624e-07 
 3.92400000e-04  1.68251779e-07 
 3.92500000e-04  1.68211738e-07 
 3.92600000e-04  1.55660565e-07 
 3.92700000e-04  1.55309737e-07 
 3.92800000e-04  1.55100426e-07 
 3.92900000e-04  1.54960821e-07 
 3.93000000e-04  1.54893005e-07 
 3.93100000e-04  1.68323570e-07 
 3.93200000e-04  1.68106684e-07 
 3.93300000e-04  1.68027154e-07 
 3.93400000e-04  1.67957140e-07 
 3.93500000e-04  1.67922444e-07 
 3.93600000e-04  1.54153295e-07 
 3.93700000e-04  1.53729395e-07 
 3.93800000e-04  1.53501340e-07 
 3.93900000e-04  1.53325337e-07 
 3.94000000e-04  1.53202912e-07 
 3.94100000e-04  1.69694692e-07 
 3.94200000e-04  1.69400388e-07 
 3.94300000e-04  1.69294366e-07 
 3.94400000e-04  1.69201342e-07 
 3.94500000e-04  1.69148322e-07 
 3.94600000e-04  1.57921351e-07 
 3.94700000e-04  1.57544008e-07 
 3.94800000e-04  1.57340473e-07 
 3.94900000e-04  1.57207269e-07 
 3.95000000e-04  1.57146374e-07 
 3.95100000e-04  1.70305668e-07 
 3.95200000e-04  1.69659672e-07 
 3.95300000e-04  1.69454421e-07 
 3.95400000e-04  1.69349261e-07 
 3.95500000e-04  1.69276443e-07 
 3.95600000e-04  1.55054706e-07 
 3.95700000e-04  1.54438739e-07 
 3.95800000e-04  1.54163505e-07 
 3.95900000e-04  1.53967258e-07 
 3.96000000e-04  1.53851559e-07 
 3.96100000e-04  1.03756096e-04 
 3.96200000e-04  1.03755704e-04 
 3.96300000e-04  1.03755586e-04 
 3.96400000e-04  1.03755488e-04 
 3.96500000e-04  1.03755424e-04 
 3.96600000e-04  1.03742910e-04 
 3.96700000e-04  1.03742508e-04 
 3.96800000e-04  1.03742311e-04 
 3.96900000e-04  1.03742171e-04 
 3.97000000e-04  1.03742091e-04 
 3.97100000e-04  1.70075169e-07 
 3.97200000e-04  1.69820883e-07 
 3.97300000e-04  1.69731299e-07 
 3.97400000e-04  1.69653166e-07 
 3.97500000e-04  1.69624528e-07 
 3.97600000e-04  1.55833465e-07 
 3.97700000e-04  1.55397237e-07 
 3.97800000e-04  1.55161798e-07 
 3.97900000e-04  1.54992327e-07 
 3.98000000e-04  1.54890786e-07 
 3.98100000e-04  1.71976787e-07 
 3.98200000e-04  1.71585000e-07 
 3.98300000e-04  1.71446114e-07 
 3.98400000e-04  1.71323850e-07 
 3.98500000e-04  1.71261779e-07 
 3.98600000e-04  1.61236640e-07 
 3.98700000e-04  1.60870330e-07 
 3.98800000e-04  1.60680296e-07 
 3.98900000e-04  1.60559895e-07 
 3.99000000e-04  1.60511199e-07 
 3.99100000e-04  1.69655773e-07 
 3.99200000e-04  1.69370740e-07 
 3.99300000e-04  1.69260860e-07 
 3.99400000e-04  1.69161987e-07 
 3.99500000e-04  1.69106851e-07 
 3.99600000e-04  1.55342767e-07 
 3.99700000e-04  1.54852582e-07 
 3.99800000e-04  1.54610938e-07 
 3.99900000e-04  1.54428577e-07 
 4.00000000e-04  1.54307244e-07 
 4.00100000e-04  1.70322228e-07 
 4.00200000e-04  1.70129821e-07 
 4.00300000e-04  1.70049556e-07 
 4.00400000e-04  1.69977036e-07 
 4.00500000e-04  1.69920635e-07 
 4.00600000e-04  1.57313735e-07 
 4.00700000e-04  1.56942272e-07 
 4.00800000e-04  1.56755012e-07 
 4.00900000e-04  1.56623393e-07 
 4.01000000e-04  1.56549049e-07 
 4.01100000e-04  1.70075071e-07 
 4.01200000e-04  1.69836467e-07 
 4.01300000e-04  1.69759601e-07 
 4.01400000e-04  1.69694618e-07 
 4.01500000e-04  1.69657947e-07 
 4.01600000e-04  1.55812325e-07 
 4.01700000e-04  1.55385983e-07 
 4.01800000e-04  1.55166296e-07 
 4.01900000e-04  1.54993893e-07 
 4.02000000e-04  1.54870140e-07 
 4.02100000e-04  1.71446520e-07 
 4.02200000e-04  1.71144614e-07 
 4.02300000e-04  1.71036778e-07 
 4.02400000e-04  1.70942261e-07 
 4.02500000e-04  1.70891486e-07 
 4.02600000e-04  1.59574807e-07 
 4.02700000e-04  1.59189199e-07 
 4.02800000e-04  1.59009700e-07 
 4.02900000e-04  1.58883827e-07 
 4.03000000e-04  1.58813146e-07 
 4.03100000e-04  1.70155891e-07 
 4.03200000e-04  1.69895329e-07 
 4.03300000e-04  1.69803597e-07 
 4.03400000e-04  1.69723004e-07 
 4.03500000e-04  1.69677316e-07 
 4.03600000e-04  1.55858976e-07 
 4.03700000e-04  1.55416311e-07 
 4.03800000e-04  1.55170917e-07 
 4.03900000e-04  1.54987954e-07 
 4.04000000e-04  1.54869266e-07 
 4.04100000e-04  1.70925153e-07 
 4.04200000e-04  1.70719853e-07 
 4.04300000e-04  1.70638699e-07 
 4.04400000e-04  1.70567152e-07 
 4.04500000e-04  1.70522744e-07 
 4.04600000e-04  1.57890354e-07 
 4.04700000e-04  1.57540003e-07 
 4.04800000e-04  1.57349166e-07 
 4.04900000e-04  1.57207989e-07 
 4.05000000e-04  1.57117910e-07 
 4.05100000e-04  1.70686806e-07 
 4.05200000e-04  1.70454428e-07 
 4.05300000e-04  1.70369145e-07 
 4.05400000e-04  1.70294418e-07 
 4.05500000e-04  1.70266758e-07 
 4.05600000e-04  1.56380033e-07 
 4.05700000e-04  1.55976764e-07 
 4.05800000e-04  1.55750983e-07 
 4.05900000e-04  1.55580158e-07 
 4.06000000e-04  1.55465891e-07 
 4.06100000e-04  1.73137299e-07 
 4.06200000e-04  1.72624388e-07 
 4.06300000e-04  1.72447076e-07 
 4.06400000e-04  1.72291666e-07 
 4.06500000e-04  1.72221315e-07 
 4.06600000e-04  1.63478010e-07 
 4.06700000e-04  1.63102538e-07 
 4.06800000e-04  1.62920186e-07 
 4.06900000e-04  1.62811034e-07 
 4.07000000e-04  1.62777262e-07 
 4.07100000e-04  1.69955249e-07 
 4.07200000e-04  1.69550563e-07 
 4.07300000e-04  1.69398034e-07 
 4.07400000e-04  1.69262650e-07 
 4.07500000e-04  1.69189931e-07 
 4.07600000e-04  1.55455551e-07 
 4.07700000e-04  1.54910422e-07 
 4.07800000e-04  1.54646949e-07 
 4.07900000e-04  1.54453159e-07 
 4.08000000e-04  1.54331119e-07 
 4.08100000e-04  1.70345205e-07 
 4.08200000e-04  1.70152000e-07 
 4.08300000e-04  1.70064366e-07 
 4.08400000e-04  1.69984247e-07 
 4.08500000e-04  1.69949044e-07 
 4.08600000e-04  1.57322835e-07 
 4.08700000e-04  1.56969259e-07 
 4.08800000e-04  1.56766126e-07 
 4.08900000e-04  1.56627723e-07 
 4.09000000e-04  1.56555963e-07 
 4.09100000e-04  1.70082908e-07 
 4.09200000e-04  1.69850792e-07 
 4.09300000e-04  1.69771322e-07 
 4.09400000e-04  1.69702874e-07 
 4.09500000e-04  1.69655590e-07 
 4.09600000e-04  1.55816646e-07 
 4.09700000e-04  1.55392518e-07 
 4.09800000e-04  1.55165285e-07 
 4.09900000e-04  1.54993319e-07 
 4.10000000e-04  1.54878229e-07 
 4.10100000e-04  1.71467893e-07 
 4.10200000e-04  1.71162191e-07 
 4.10300000e-04  1.71043711e-07 
 4.10400000e-04  1.70938533e-07 
 4.10500000e-04  1.70887134e-07 
 4.10600000e-04  1.59571213e-07 
 4.10700000e-04  1.59188881e-07 
 4.10800000e-04  1.59012943e-07 
 4.10900000e-04  1.58886383e-07 
 4.11000000e-04  1.58810625e-07 
 4.11100000e-04  1.70162544e-07 
 4.11200000e-04  1.69895977e-07 
 4.11300000e-04  1.69797598e-07 
 4.11400000e-04  1.69710426e-07 
 4.11500000e-04  1.69678475e-07 
 4.11600000e-04  1.55864047e-07 
 4.11700000e-04  1.55406950e-07 
 4.11800000e-04  1.55174944e-07 
 4.11900000e-04  1.54996719e-07 
 4.12000000e-04  1.54873835e-07 
 4.12100000e-04  1.70926065e-07 
 4.12200000e-04  1.70730654e-07 
 4.12300000e-04  1.70646197e-07 
 4.12400000e-04  1.70569970e-07 
 4.12500000e-04  1.70530161e-07 
 4.12600000e-04  1.57894550e-07 
 4.12700000e-04  1.57522106e-07 
 4.12800000e-04  1.57343478e-07 
 4.12900000e-04  1.57214317e-07 
 4.13000000e-04  1.57136050e-07 
 4.13100000e-04  1.70682497e-07 
 4.13200000e-04  1.70469361e-07 
 4.13300000e-04  1.70381373e-07 
 4.13400000e-04  1.70301418e-07 
 4.13500000e-04  1.70273485e-07 
 4.13600000e-04  1.56385761e-07 
 4.13700000e-04  1.55975434e-07 
 4.13800000e-04  1.55752168e-07 
 4.13900000e-04  1.55580419e-07 
 4.14000000e-04  1.55461674e-07 
 4.14100000e-04  1.72595162e-07 
 4.14200000e-04  1.72190132e-07 
 4.14300000e-04  1.72049799e-07 
 4.14400000e-04  1.71926883e-07 
 4.14500000e-04  1.71856610e-07 
 4.14600000e-04  1.61822604e-07 
 4.14700000e-04  1.61449675e-07 
 4.14800000e-04  1.61264795e-07 
 4.14900000e-04  1.61146367e-07 
 4.15000000e-04  1.61096349e-07 
 4.15100000e-04  1.70285067e-07 
 4.15200000e-04  1.69969134e-07 
 4.15300000e-04  1.69864701e-07 
 4.15400000e-04  1.69774920e-07 
 4.15500000e-04  1.69730318e-07 
 4.15600000e-04  1.55935430e-07 
 4.15700000e-04  1.55430547e-07 
 4.15800000e-04  1.55194743e-07 
 4.15900000e-04  1.55011420e-07 
 4.16000000e-04  1.54882095e-07 
 4.16100000e-04  1.70946869e-07 
 4.16200000e-04  1.70754274e-07 
 4.16300000e-04  1.70659095e-07 
 4.16400000e-04  1.70570481e-07 
 4.16500000e-04  1.70526082e-07 
 4.16600000e-04  1.57909207e-07 
 4.16700000e-04  1.57549532e-07 
 4.16800000e-04  1.57361668e-07 
 4.16900000e-04  1.57219164e-07 
 4.17000000e-04  1.57123310e-07 
 4.17100000e-04  1.70701356e-07 
 4.17200000e-04  1.70476861e-07 
 4.17300000e-04  1.70390022e-07 
 4.17400000e-04  1.70312861e-07 
 4.17500000e-04  1.70269705e-07 
 4.17600000e-04  1.56383809e-07 
 4.17700000e-04  1.55977288e-07 
 4.17800000e-04  1.55746819e-07 
 4.17900000e-04  1.55580065e-07 
 4.18000000e-04  1.55478897e-07 
 4.18100000e-04  1.72076466e-07 
 4.18200000e-04  1.71770865e-07 
 4.18300000e-04  1.71652851e-07 
 4.18400000e-04  1.71547855e-07 
 4.18500000e-04  1.71495595e-07 
 4.18600000e-04  1.60149164e-07 
 4.18700000e-04  1.59779685e-07 
 4.18800000e-04  1.59601492e-07 
 4.18900000e-04  1.59476124e-07 
 4.19000000e-04  1.59405108e-07 
 4.19100000e-04  1.70787570e-07 
 4.19200000e-04  1.70511572e-07 
 4.19300000e-04  1.70420159e-07 
 4.19400000e-04  1.70341684e-07 
 4.19500000e-04  1.70295848e-07 
 4.19600000e-04  1.56432115e-07 
 4.19700000e-04  1.55993856e-07 
 4.19800000e-04  1.55764530e-07 
 4.19900000e-04  1.55592339e-07 
 4.20000000e-04  1.55478943e-07 
 4.20100000e-04  1.71554272e-07 
 4.20200000e-04  1.71352953e-07 
 4.20300000e-04  1.71266788e-07 
 4.20400000e-04  1.71189049e-07 
 4.20500000e-04  1.71150142e-07 
 4.20600000e-04  1.58490253e-07 
 4.20700000e-04  1.58114298e-07 
 4.20800000e-04  1.57936103e-07 
 4.20900000e-04  1.57805295e-07 
 4.21000000e-04  1.57723225e-07 
 4.21100000e-04  1.71312212e-07 
 4.21200000e-04  1.71085940e-07 
 4.21300000e-04  1.70996604e-07 
 4.21400000e-04  1.70916930e-07 
 4.21500000e-04  1.70883592e-07 
 4.21600000e-04  1.56967760e-07 
 4.21700000e-04  1.56557360e-07 
 4.21800000e-04  1.56341406e-07 
 4.21900000e-04  1.56178701e-07 
 4.22000000e-04  1.56070783e-07 
 4.22100000e-04  1.74277869e-07 
 4.22200000e-04  1.73656694e-07 
 4.22300000e-04  1.73454196e-07 
 4.22400000e-04  1.73279101e-07 
 4.22500000e-04  1.73224210e-07 
 4.22600000e-04  1.65719781e-07 
 4.22700000e-04  1.65350695e-07 
 4.22800000e-04  1.65186989e-07 
 4.22900000e-04  1.65082290e-07 
 4.23000000e-04  1.65038315e-07 
 4.23100000e-04  1.70586310e-07 
 4.23200000e-04  1.69774751e-07 
 4.23300000e-04  1.69535027e-07 
 4.23400000e-04  1.69334498e-07 
 4.23500000e-04  1.69232152e-07 
 4.23600000e-04  1.55504283e-07 
 4.23700000e-04  1.54928309e-07 
 4.23800000e-04  1.54656964e-07 
 4.23900000e-04  1.54458703e-07 
 4.24000000e-04  1.54335691e-07 
 4.24100000e-04  1.70379939e-07 
 4.24200000e-04  1.70170715e-07 
 4.24300000e-04  1.70078721e-07 
 4.24400000e-04  1.69995802e-07 
 4.24500000e-04  1.69949337e-07 
 4.24600000e-04  1.57334467e-07 
 4.24700000e-04  1.56958334e-07 
 4.24800000e-04  1.56773974e-07 
 4.24900000e-04  1.56642282e-07 
 4.25000000e-04  1.56564770e-07 
 4.25100000e-04  1.70084525e-07 
 4.25200000e-04  1.69868461e-07 
 4.25300000e-04  1.69789874e-07 
 4.25400000e-04  1.69720739e-07 
 4.25500000e-04  1.69678625e-07 
 4.25600000e-04  1.55805020e-07 
 4.25700000e-04  1.55409223e-07 
 4.25800000e-04  1.55180259e-07 
 4.25900000e-04  1.55007712e-07 
 4.26000000e-04  1.54893215e-07 
 4.26100000e-04  1.71451042e-07 
 4.26200000e-04  1.71157429e-07 
 4.26300000e-04  1.71049179e-07 
 4.26400000e-04  1.70953527e-07 
 4.26500000e-04  1.70887375e-07 
 4.26600000e-04  1.59565593e-07 
 4.26700000e-04  1.59205777e-07 
 4.26800000e-04  1.59016015e-07 
 4.26900000e-04  1.58886227e-07 
 4.27000000e-04  1.58818153e-07 
 4.27100000e-04  1.70164144e-07 
 4.27200000e-04  1.69884252e-07 
 4.27300000e-04  1.69793134e-07 
 4.27400000e-04  1.69715015e-07 
 4.27500000e-04  1.69678962e-07 
 4.27600000e-04  1.55849545e-07 
 4.27700000e-04  1.55406846e-07 
 4.27800000e-04  1.55166436e-07 
 4.27900000e-04  1.54993533e-07 
 4.28000000e-04  1.54890113e-07 
 4.28100000e-04  1.70921515e-07 
 4.28200000e-04  1.70740843e-07 
 4.28300000e-04  1.70645586e-07 
 4.28400000e-04  1.70555736e-07 
 4.28500000e-04  1.70520399e-07 
 4.28600000e-04  1.57908170e-07 
 4.28700000e-04  1.57539604e-07 
 4.28800000e-04  1.57345595e-07 
 4.28900000e-04  1.57208991e-07 
 4.29000000e-04  1.57131449e-07 
 4.29100000e-04  1.70691020e-07 
 4.29200000e-04  1.70447813e-07 
 4.29300000e-04  1.70365975e-07 
 4.29400000e-04  1.70296227e-07 
 4.29500000e-04  1.70264534e-07 
 4.29600000e-04  1.56391687e-07 
 4.29700000e-04  1.55976963e-07 
 4.29800000e-04  1.55752953e-07 
 4.29900000e-04  1.55585795e-07 
 4.30000000e-04  1.55477128e-07 
 4.30100000e-04  1.72613391e-07 
 4.30200000e-04  1.72196200e-07 
 4.30300000e-04  1.72047406e-07 
 4.30400000e-04  1.71916947e-07 
 4.30500000e-04  1.71870715e-07 
 4.30600000e-04  1.61801708e-07 
 4.30700000e-04  1.61444043e-07 
 4.30800000e-04  1.61265808e-07 
 4.30900000e-04  1.61150211e-07 
 4.31000000e-04  1.61099074e-07 
 4.31100000e-04  1.70282653e-07 
 4.31200000e-04  1.69977550e-07 
 4.31300000e-04  1.69867002e-07 
 4.31400000e-04  1.69769268e-07 
 4.31500000e-04  1.69734486e-07 
 4.31600000e-04  1.55933283e-07 
 4.31700000e-04  1.55438313e-07 
 4.31800000e-04  1.55188613e-07 
 4.31900000e-04  1.55006178e-07 
 4.32000000e-04  1.54892977e-07 
 4.32100000e-04  1.70944979e-07 
 4.32200000e-04  1.70747525e-07 
 4.32300000e-04  1.70663296e-07 
 4.32400000e-04  1.70587546e-07 
 4.32500000e-04  1.70543216e-07 
 4.32600000e-04  1.57908696e-07 
 4.32700000e-04  1.57530763e-07 
 4.32800000e-04  1.57343129e-07 
 4.32900000e-04  1.57213387e-07 
 4.33000000e-04  1.57143209e-07 
 4.33100000e-04  1.70692264e-07 
 4.33200000e-04  1.70463078e-07 
 4.33300000e-04  1.70386131e-07 
 4.33400000e-04  1.70319890e-07 
 4.33500000e-04  1.70268718e-07 
 4.33600000e-04  1.56398131e-07 
 4.33700000e-04  1.55980876e-07 
 4.33800000e-04  1.55752517e-07 
 4.33900000e-04  1.55580948e-07 
 4.34000000e-04  1.55467806e-07 
 4.34100000e-04  1.72071885e-07 
 4.34200000e-04  1.71769440e-07 
 4.34300000e-04  1.71654929e-07 
 4.34400000e-04  1.71553517e-07 
 4.34500000e-04  1.71494415e-07 
 4.34600000e-04  1.60146850e-07 
 4.34700000e-04  1.59774347e-07 
 4.34800000e-04  1.59598690e-07 
 4.34900000e-04  1.59481806e-07 
 4.35000000e-04  1.59425387e-07 
 4.35100000e-04  1.70774868e-07 
 4.35200000e-04  1.70519037e-07 
 4.35300000e-04  1.70419241e-07 
 4.35400000e-04  1.70329229e-07 
 4.35500000e-04  1.70289447e-07 
 4.35600000e-04  1.56447078e-07 
 4.35700000e-04  1.55989004e-07 
 4.35800000e-04  1.55759547e-07 
 4.35900000e-04  1.55586709e-07 
 4.36000000e-04  1.55472119e-07 
 4.36100000e-04  1.71546211e-07 
 4.36200000e-04  1.71361633e-07 
 4.36300000e-04  1.71271177e-07 
 4.36400000e-04  1.71187107e-07 
 4.36500000e-04  1.71133254e-07 
 4.36600000e-04  1.58474210e-07 
 4.36700000e-04  1.58129226e-07 
 4.36800000e-04  1.57932387e-07 
 4.36900000e-04  1.57797035e-07 
 4.37000000e-04  1.57724955e-07 
 4.37100000e-04  1.71307815e-07 
 4.37200000e-04  1.71076392e-07 
 4.37300000e-04  1.70990238e-07 
 4.37400000e-04  1.70914490e-07 
 4.37500000e-04  1.70880351e-07 
 4.37600000e-04  1.56986240e-07 
 4.37700000e-04  1.56577200e-07 
 4.37800000e-04  1.56353820e-07 
 4.37900000e-04  1.56184730e-07 
 4.38000000e-04  1.56071483e-07 
 4.38100000e-04  1.73752272e-07 
 4.38200000e-04  1.73235490e-07 
 4.38300000e-04  1.73060429e-07 
 4.38400000e-04  1.72907742e-07 
 4.38500000e-04  1.72849273e-07 
 4.38600000e-04  1.64067137e-07 
 4.38700000e-04  1.63694295e-07 
 4.38800000e-04  1.63520158e-07 
 4.38900000e-04  1.63409337e-07 
 4.39000000e-04  1.63363669e-07 
 4.39100000e-04  1.70575554e-07 
 4.39200000e-04  1.70178318e-07 
 4.39300000e-04  1.70016049e-07 
 4.39400000e-04  1.69869364e-07 
 4.39500000e-04  1.69805585e-07 
 4.39600000e-04  1.56046287e-07 
 4.39700000e-04  1.55493118e-07 
 4.39800000e-04  1.55241982e-07 
 4.39900000e-04  1.55053065e-07 
 4.40000000e-04  1.54928173e-07 
 4.40100000e-04  1.70974305e-07 
 4.40200000e-04  1.70771795e-07 
 4.40300000e-04  1.70684275e-07 
 4.40400000e-04  1.70605193e-07 
 4.40500000e-04  1.70546014e-07 
 4.40600000e-04  1.57921045e-07 
 4.40700000e-04  1.57559060e-07 
 4.40800000e-04  1.57357840e-07 
 4.40900000e-04  1.57216849e-07 
 4.41000000e-04  1.57137823e-07 
 4.41100000e-04  1.70708177e-07 
 4.41200000e-04  1.70485417e-07 
 4.41300000e-04  1.70391411e-07 
 4.41400000e-04  1.70305995e-07 
 4.41500000e-04  1.70289151e-07 
 4.41600000e-04  1.56388498e-07 
 4.41700000e-04  1.55988099e-07 
 4.41800000e-04  1.55760474e-07 
 4.41900000e-04  1.55591928e-07 
 4.42000000e-04  1.55484162e-07 
 4.42100000e-04  1.72072348e-07 
 4.42200000e-04  1.71786279e-07 
 4.42300000e-04  1.71669988e-07 
 4.42400000e-04  1.71564884e-07 
 4.42500000e-04  1.71501286e-07 
 4.42600000e-04  1.60157470e-07 
 4.42700000e-04  1.59787988e-07 
 4.42800000e-04  1.59601490e-07 
 4.42900000e-04  1.59474033e-07 
 4.43000000e-04  1.59407314e-07 
 4.43100000e-04  1.70776896e-07 
 4.43200000e-04  1.70516158e-07 
 4.43300000e-04  1.70416948e-07 
 4.43400000e-04  1.70328338e-07 
 4.43500000e-04  1.70301990e-07 
 4.43600000e-04  1.56450004e-07 
 4.43700000e-04  1.55999343e-07 
 4.43800000e-04  1.55759234e-07 
 4.43900000e-04  1.55587888e-07 
 4.44000000e-04  1.55487307e-07 
 4.44100000e-04  1.71546130e-07 
 4.44200000e-04  1.71355475e-07 
 4.44300000e-04  1.71267396e-07 
 4.44400000e-04  1.71186470e-07 
 4.44500000e-04  1.71139295e-07 
 4.44600000e-04  1.58483012e-07 
 4.44700000e-04  1.58129859e-07 
 4.44800000e-04  1.57938047e-07 
 4.44900000e-04  1.57801368e-07 
 4.45000000e-04  1.57721395e-07 
 4.45100000e-04  1.71323289e-07 
 4.45200000e-04  1.71074950e-07 
 4.45300000e-04  1.70992853e-07 
 4.45400000e-04  1.70923305e-07 
 4.45500000e-04  1.70874831e-07 
 4.45600000e-04  1.56968662e-07 
 4.45700000e-04  1.56573966e-07 
 4.45800000e-04  1.56345479e-07 
 4.45900000e-04  1.56175125e-07 
 4.46000000e-04  1.56064576e-07 
 4.46100000e-04  1.73229121e-07 
 4.46200000e-04  1.72808962e-07 
 4.46300000e-04  1.72669681e-07 
 4.46400000e-04  1.72549948e-07 
 4.46500000e-04  1.72488105e-07 
 4.46600000e-04  1.62408402e-07 
 4.46700000e-04  1.62031350e-07 
 4.46800000e-04  1.61850424e-07 
 4.46900000e-04  1.61734757e-07 
 4.47000000e-04  1.61686238e-07 
 4.47100000e-04  1.70918715e-07 
 4.47200000e-04  1.70599884e-07 
 4.47300000e-04  1.70490416e-07 
 4.47400000e-04  1.70395426e-07 
 4.47500000e-04  1.70340484e-07 
 4.47600000e-04  1.56513412e-07 
 4.47700000e-04  1.56025855e-07 
 4.47800000e-04  1.55785527e-07 
 4.47900000e-04  1.55607930e-07 
 4.48000000e-04  1.55494874e-07 
 4.48100000e-04  1.71576325e-07 
 4.48200000e-04  1.71374056e-07 
 4.48300000e-04  1.71285720e-07 
 4.48400000e-04  1.71205700e-07 
 4.48500000e-04  1.71171025e-07 
 4.48600000e-04  1.58491116e-07 
 4.48700000e-04  1.58139969e-07 
 4.48800000e-04  1.57949743e-07 
 4.48900000e-04  1.57814413e-07 
 4.49000000e-04  1.57735538e-07 
 4.49100000e-04  1.71322264e-07 
 4.49200000e-04  1.71083906e-07 
 4.49300000e-04  1.71004277e-07 
 4.49400000e-04  1.70935992e-07 
 4.49500000e-04  1.70899239e-07 
 4.49600000e-04  1.56986468e-07 
 4.49700000e-04  1.56578588e-07 
 4.49800000e-04  1.56356155e-07 
 4.49900000e-04  1.56185534e-07 
 4.50000000e-04  1.56068189e-07 
 4.50100000e-04  1.72698042e-07 
 4.50200000e-04  1.72400334e-07 
 4.50300000e-04  1.72286827e-07 
 4.50400000e-04  1.72185813e-07 
 4.50500000e-04  1.72122437e-07 
 4.50600000e-04  1.60736338e-07 
 4.50700000e-04  1.60374894e-07 
 4.50800000e-04  1.60191850e-07 
 4.50900000e-04  1.60068594e-07 
 4.51000000e-04  1.60006842e-07 
 4.51100000e-04  1.71404238e-07 
 4.51200000e-04  1.71138844e-07 
 4.51300000e-04  1.71038379e-07 
 4.51400000e-04  1.70948781e-07 
 4.51500000e-04  1.70916813e-07 
 4.51600000e-04  1.57043093e-07 
 4.51700000e-04  1.56577358e-07 
 4.51800000e-04  1.56349020e-07 
 4.51900000e-04  1.56178722e-07 
 4.52000000e-04  1.56068122e-07 
 4.52100000e-04  1.72176375e-07 
 4.52200000e-04  1.71984303e-07 
 4.52300000e-04  1.71890761e-07 
 4.52400000e-04  1.71803785e-07 
 4.52500000e-04  1.71764300e-07 
 4.52600000e-04  1.59064979e-07 
 4.52700000e-04  1.58713651e-07 
 4.52800000e-04  1.58533333e-07 
 4.52900000e-04  1.58401546e-07 
 4.53000000e-04  1.58319640e-07 
 4.53100000e-04  1.71932767e-07 
 4.53200000e-04  1.71701019e-07 
 4.53300000e-04  1.71619257e-07 
 4.53400000e-04  1.71548072e-07 
 4.53500000e-04  1.71497118e-07 
 4.53600000e-04  1.57570380e-07 
 4.53700000e-04  1.57162316e-07 
 4.53800000e-04  1.56942281e-07 
 4.53900000e-04  1.56777415e-07 
 4.54000000e-04  1.56669284e-07 
 4.54100000e-04  1.75443998e-07 
 4.54200000e-04  1.74704261e-07 
 4.54300000e-04  1.74475608e-07 
 4.54400000e-04  1.74281025e-07 
 4.54500000e-04  1.74190140e-07 
 4.54600000e-04  1.67982551e-07 
 4.54700000e-04  1.67607316e-07 
 4.54800000e-04  1.67442110e-07 
 4.54900000e-04  1.67345471e-07 
 4.55000000e-04  1.67319389e-07 
 4.55100000e-04  1.70721579e-07 
 4.55200000e-04  1.69769198e-07 
 4.55300000e-04  1.69512945e-07 
 4.55400000e-04  1.69301157e-07 
 4.55500000e-04  1.69215221e-07 
 4.55600000e-04  1.55547545e-07 
 4.55700000e-04  1.54932997e-07 
 4.55800000e-04  1.54660197e-07 
 4.55900000e-04  1.54455914e-07 
 4.56000000e-04  1.54322134e-07 
 4.56100000e-04  1.70365034e-07 
 4.56200000e-04  1.70165211e-07 
 4.56300000e-04  1.70075282e-07 
 4.56400000e-04  1.69992994e-07 
 4.56500000e-04  1.69960628e-07 
 4.56600000e-04  1.57319198e-07 
 4.56700000e-04  1.56972834e-07 
 4.56800000e-04  1.56780436e-07 
 4.56900000e-04  1.56639341e-07 
 4.57000000e-04  1.56550986e-07 
 4.57100000e-04  1.70099262e-07 
 4.57200000e-04  1.69867209e-07 
 4.57300000e-04  1.69782842e-07 
 4.57400000e-04  1.69709139e-07 
 4.57500000e-04  1.69666080e-07 
 4.57600000e-04  1.55814662e-07 
 4.57700000e-04  1.55398307e-07 
 4.57800000e-04  1.55179124e-07 
 4.57900000e-04  1.55011232e-07 
 4.58000000e-04  1.54896068e-07 
 4.58100000e-04  1.71456666e-07 
 4.58200000e-04  1.71168223e-07 
 4.58300000e-04  1.71055622e-07 
 4.58400000e-04  1.70954621e-07 
 4.58500000e-04  1.70907770e-07 
 4.58600000e-04  1.59568164e-07 
 4.58700000e-04  1.59189721e-07 
 4.58800000e-04  1.59005561e-07 
 4.58900000e-04  1.58879278e-07 
 4.59000000e-04  1.58812515e-07 
 4.59100000e-04  1.70159755e-07 
 4.59200000e-04  1.69891878e-07 
 4.59300000e-04  1.69795591e-07 
 4.59400000e-04  1.69710569e-07 
 4.59500000e-04  1.69677013e-07 
 4.59600000e-04  1.55855019e-07 
 4.59700000e-04  1.55403869e-07 
 4.59800000e-04  1.55172959e-07 
 4.59900000e-04  1.54995995e-07 
 4.60000000e-04  1.54874499e-07 
 4.60100000e-04  1.70934671e-07 
 4.60200000e-04  1.70738459e-07 
 4.60300000e-04  1.70651253e-07 
 4.60400000e-04  1.70572139e-07 
 4.60500000e-04  1.70528906e-07 
 4.60600000e-04  1.57909156e-07 
 4.60700000e-04  1.57545619e-07 
 4.60800000e-04  1.57343690e-07 
 4.60900000e-04  1.57208321e-07 
 4.61000000e-04  1.57141436e-07 
 4.61100000e-04  1.70685311e-07 
 4.61200000e-04  1.70458992e-07 
 4.61300000e-04  1.70379931e-07 
 4.61400000e-04  1.70311263e-07 
 4.61500000e-04  1.70280031e-07 
 4.61600000e-04  1.56384352e-07 
 4.61700000e-04  1.55977221e-07 
 4.61800000e-04  1.55754874e-07 
 4.61900000e-04  1.55588522e-07 
 4.62000000e-04  1.55479743e-07 
 4.62100000e-04  1.72604740e-07 
 4.62200000e-04  1.72189617e-07 
 4.62300000e-04  1.72049161e-07 
 4.62400000e-04  1.71927676e-07 
 4.62500000e-04  1.71858348e-07 
 4.62600000e-04  1.61806043e-07 
 4.62700000e-04  1.61455939e-07 
 4.62800000e-04  1.61268370e-07 
 4.62900000e-04  1.61148355e-07 
 4.63000000e-04  1.61097844e-07 
 4.63100000e-04  1.70279482e-07 
 4.63200000e-04  1.69981944e-07 
 4.63300000e-04  1.69869161e-07 
 4.63400000e-04  1.69768478e-07 
 4.63500000e-04  1.69730135e-07 
 4.63600000e-04  1.55935964e-07 
 4.63700000e-04  1.55442482e-07 
 4.63800000e-04  1.55190592e-07 
 4.63900000e-04  1.55008970e-07 
 4.64000000e-04  1.54899652e-07 
 4.64100000e-04  1.70940732e-07 
 4.64200000e-04  1.70738383e-07 
 4.64300000e-04  1.70653345e-07 
 4.64400000e-04  1.70576673e-07 
 4.64500000e-04  1.70546150e-07 
 4.64600000e-04  1.57895497e-07 
 4.64700000e-04  1.57532377e-07 
 4.64800000e-04  1.57349536e-07 
 4.64900000e-04  1.57218511e-07 
 4.65000000e-04  1.57140750e-07 
 4.65100000e-04  1.70704404e-07 
 4.65200000e-04  1.70465652e-07 
 4.65300000e-04  1.70378988e-07 
 4.65400000e-04  1.70303465e-07 
 4.65500000e-04  1.70279742e-07 
 4.65600000e-04  1.56399756e-07 
 4.65700000e-04  1.55983317e-07 
 4.65800000e-04  1.55757585e-07 
 4.65900000e-04  1.55585987e-07 
 4.66000000e-04  1.55470048e-07 
 4.66100000e-04  1.72073064e-07 
 4.66200000e-04  1.71769304e-07 
 4.66300000e-04  1.71657558e-07 
 4.66400000e-04  1.71558805e-07 
 4.66500000e-04  1.71505728e-07 
 4.66600000e-04  1.60156574e-07 
 4.66700000e-04  1.59775036e-07 
 4.66800000e-04  1.59600355e-07 
 4.66900000e-04  1.59476100e-07 
 4.67000000e-04  1.59403672e-07 
 4.67100000e-04  1.70772451e-07 
 4.67200000e-04  1.70511896e-07 
 4.67300000e-04  1.70415145e-07 
 4.67400000e-04  1.70329130e-07 
 4.67500000e-04  1.70287707e-07 
 4.67600000e-04  1.56450493e-07 
 4.67700000e-04  1.55994095e-07 
 4.67800000e-04  1.55761404e-07 
 4.67900000e-04  1.55585024e-07 
 4.68000000e-04  1.55466545e-07 
 4.68100000e-04  1.71541967e-07 
 4.68200000e-04  1.71351118e-07 
 4.68300000e-04  1.71264468e-07 
 4.68400000e-04  1.71185168e-07 
 4.68500000e-04  1.71132788e-07 
 4.68600000e-04  1.58496358e-07 
 4.68700000e-04  1.58113516e-07 
 4.68800000e-04  1.57940724e-07 
 4.68900000e-04  1.57811945e-07 
 4.69000000e-04  1.57728373e-07 
 4.69100000e-04  1.71324123e-07 
 4.69200000e-04  1.71075241e-07 
 4.69300000e-04  1.70989699e-07 
 4.69400000e-04  1.70916346e-07 
 4.69500000e-04  1.70889849e-07 
 4.69600000e-04  1.56985064e-07 
 4.69700000e-04  1.56572098e-07 
 4.69800000e-04  1.56356793e-07 
 4.69900000e-04  1.56187286e-07 
 4.70000000e-04  1.56064832e-07 
 4.70100000e-04  1.73751054e-07 
 4.70200000e-04  1.73226285e-07 
 4.70300000e-04  1.73062106e-07 
 4.70400000e-04  1.72922504e-07 
 4.70500000e-04  1.72846262e-07 
 4.70600000e-04  1.64053252e-07 
 4.70700000e-04  1.63692226e-07 
 4.70800000e-04  1.63517669e-07 
 4.70900000e-04  1.63408371e-07 
 4.71000000e-04  1.63366202e-07 
 4.71100000e-04  1.70567023e-07 
 4.71200000e-04  1.70157327e-07 
 4.71300000e-04  1.70012568e-07 
 4.71400000e-04  1.69886069e-07 
 4.71500000e-04  1.69818388e-07 
 4.71600000e-04  1.56036001e-07 
 4.71700000e-04  1.55487131e-07 
 4.71800000e-04  1.55239194e-07 
 4.71900000e-04  1.55052970e-07 
 4.72000000e-04  1.54930213e-07 
 4.72100000e-04  1.70978849e-07 
 4.72200000e-04  1.70780479e-07 
 4.72300000e-04  1.70694633e-07 
 4.72400000e-04  1.70617081e-07 
 4.72500000e-04  1.70571734e-07 
 4.72600000e-04  1.57927332e-07 
 4.72700000e-04  1.57555791e-07 
 4.72800000e-04  1.57359863e-07 
 4.72900000e-04  1.57225659e-07 
 4.73000000e-04  1.57154933e-07 
 4.73100000e-04  1.70720762e-07 
 4.73200000e-04  1.70478429e-07 
 4.73300000e-04  1.70399071e-07 
 4.73400000e-04  1.70331751e-07 
 4.73500000e-04  1.70281633e-07 
 4.73600000e-04  1.56392963e-07 
 4.73700000e-04  1.55988002e-07 
 4.73800000e-04  1.55766696e-07 
 4.73900000e-04  1.55595227e-07 
 4.74000000e-04  1.55474968e-07 
 4.74100000e-04  1.72079324e-07 
 4.74200000e-04  1.71777265e-07 
 4.74300000e-04  1.71660131e-07 
 4.74400000e-04  1.71555592e-07 
 4.74500000e-04  1.71504196e-07 
 4.74600000e-04  1.60165942e-07 
 4.74700000e-04  1.59800869e-07 
 4.74800000e-04  1.59613376e-07 
 4.74900000e-04  1.59484968e-07 
 4.75000000e-04  1.59417315e-07 
 4.75100000e-04  1.70777636e-07 
 4.75200000e-04  1.70508535e-07 
 4.75300000e-04  1.70419411e-07 
 4.75400000e-04  1.70342131e-07 
 4.75500000e-04  1.70303601e-07 
 4.75600000e-04  1.56450469e-07 
 4.75700000e-04  1.55999542e-07 
 4.75800000e-04  1.55765302e-07 
 4.75900000e-04  1.55590162e-07 
 4.76000000e-04  1.55475792e-07 
 4.76100000e-04  1.71542146e-07 
 4.76200000e-04  1.71356612e-07 
 4.76300000e-04  1.71271388e-07 
 4.76400000e-04  1.71192943e-07 
 4.76500000e-04  1.71148065e-07 
 4.76600000e-04  1.58495158e-07 
 4.76700000e-04  1.58115399e-07 
 4.76800000e-04  1.57931255e-07 
 4.76900000e-04  1.57799456e-07 
 4.77000000e-04  1.57721455e-07 
 4.77100000e-04  1.71320387e-07 
 4.77200000e-04  1.71084720e-07 
 4.77300000e-04  1.70995121e-07 
 4.77400000e-04  1.70915867e-07 
 4.77500000e-04  1.70889443e-07 
 4.77600000e-04  1.56974417e-07 
 4.77700000e-04  1.56572743e-07 
 4.77800000e-04  1.56353794e-07 
 4.77900000e-04  1.56184436e-07 
 4.78000000e-04  1.56066033e-07 
 4.78100000e-04  1.73230840e-07 
 4.78200000e-04  1.72821288e-07 
 4.78300000e-04  1.72668962e-07 
 4.78400000e-04  1.72533666e-07 
 4.78500000e-04  1.72486882e-07 
 4.78600000e-04  1.62392096e-07 
 4.78700000e-04  1.62032996e-07 
 4.78800000e-04  1.61850185e-07 
 4.78900000e-04  1.61735393e-07 
 4.79000000e-04  1.61690565e-07 
 4.79100000e-04  1.70912696e-07 
 4.79200000e-04  1.70599129e-07 
 4.79300000e-04  1.70488340e-07 
 4.79400000e-04  1.70391273e-07 
 4.79500000e-04  1.70337122e-07 
 4.79600000e-04  1.56524598e-07 
 4.79700000e-04  1.56037872e-07 
 4.79800000e-04  1.55785255e-07 
 4.79900000e-04  1.55599140e-07 
 4.80000000e-04  1.55481427e-07 
 4.80100000e-04  1.71570186e-07 
 4.80200000e-04  1.71369919e-07 
 4.80300000e-04  1.71282574e-07 
 4.80400000e-04  1.71203533e-07 
 4.80500000e-04  1.71167681e-07 
 4.80600000e-04  1.58498393e-07 
 4.80700000e-04  1.58125126e-07 
 4.80800000e-04  1.57933282e-07 
 4.80900000e-04  1.57801719e-07 
 4.81000000e-04  1.57732138e-07 
 4.81100000e-04  1.71326828e-07 
 4.81200000e-04  1.71082754e-07 
 4.81300000e-04  1.70998725e-07 
 4.81400000e-04  1.70926460e-07 
 4.81500000e-04  1.70893369e-07 
 4.81600000e-04  1.56987329e-07 
 4.81700000e-04  1.56575755e-07 
 4.81800000e-04  1.56347404e-07 
 4.81900000e-04  1.56180232e-07 
 4.82000000e-04  1.56075966e-07 
 4.82100000e-04  1.72695192e-07 
 4.82200000e-04  1.72394697e-07 
 4.82300000e-04  1.72282706e-07 
 4.82400000e-04  1.72183266e-07 
 4.82500000e-04  1.72115826e-07 
 4.82600000e-04  1.60753453e-07 
 4.82700000e-04  1.60373530e-07 
 4.82800000e-04  1.60187862e-07 
 4.82900000e-04  1.60064872e-07 
 4.83000000e-04  1.60006337e-07 
 4.83100000e-04  1.71408374e-07 
 4.83200000e-04  1.71133531e-07 
 4.83300000e-04  1.71037006e-07 
 4.83400000e-04  1.70952435e-07 
 4.83500000e-04  1.70912458e-07 
 4.83600000e-04  1.57046880e-07 
 4.83700000e-04  1.56594615e-07 
 4.83800000e-04  1.56353261e-07 
 4.83900000e-04  1.56178401e-07 
 4.84000000e-04  1.56071934e-07 
 4.84100000e-04  1.72175247e-07 
 4.84200000e-04  1.71969396e-07 
 4.84300000e-04  1.71882039e-07 
 4.84400000e-04  1.71803301e-07 
 4.84500000e-04  1.71765106e-07 
 4.84600000e-04  1.59070431e-07 
 4.84700000e-04  1.58716233e-07 
 4.84800000e-04  1.58531090e-07 
 4.84900000e-04  1.58395324e-07 
 4.85000000e-04  1.58310289e-07 
 4.85100000e-04  1.71952975e-07 
 4.85200000e-04  1.71709396e-07 
 4.85300000e-04  1.71621332e-07 
 4.85400000e-04  1.71545016e-07 
 4.85500000e-04  1.71499432e-07 
 4.85600000e-04  1.57569510e-07 
 4.85700000e-04  1.57166967e-07 
 4.85800000e-04  1.56942400e-07 
 4.85900000e-04  1.56776794e-07 
 4.86000000e-04  1.56671806e-07 
 4.86100000e-04  1.74906840e-07 
 4.86200000e-04  1.74281455e-07 
 4.86300000e-04  1.74083916e-07 
 4.86400000e-04  1.73914354e-07 
 4.86500000e-04  1.73818415e-07 
 4.86600000e-04  1.66304011e-07 
 4.86700000e-04  1.65954810e-07 
 4.86800000e-04  1.65785760e-07 
 4.86900000e-04  1.65680842e-07 
 4.87000000e-04  1.65641872e-07 
 4.87100000e-04  1.71203671e-07 
 4.87200000e-04  1.70402431e-07 
 4.87300000e-04  1.70156692e-07 
 4.87400000e-04  1.69948435e-07 
 4.87500000e-04  1.69856991e-07 
 4.87600000e-04  1.56111383e-07 
 4.87700000e-04  1.55530886e-07 
 4.87800000e-04  1.55265946e-07 
 4.87900000e-04  1.55065160e-07 
 4.88000000e-04  1.54930127e-07 
 4.88100000e-04  1.72928406e-07 
 4.88200000e-04  1.72385626e-07 
 4.88300000e-04  1.72201606e-07 
 4.88400000e-04  1.72114097e-07 
 4.88500000e-04  1.72057775e-07 
 4.88600000e-04  1.58941369e-07 
 4.88700000e-04  1.58416062e-07 
 4.88800000e-04  1.58173586e-07 
 4.88900000e-04  1.57993007e-07 
 4.89000000e-04  1.57875757e-07 
 4.89100000e-04  1.03757738e-04 
 4.89200000e-04  1.03757256e-04 
 4.89300000e-04  1.03757091e-04 
 4.89400000e-04  1.03757010e-04 
 4.89500000e-04  1.03756947e-04 
 4.89600000e-04  1.03743080e-04 
 4.89700000e-04  1.03742651e-04 
 4.89800000e-04  1.03742413e-04 
 4.89900000e-04  1.03742236e-04 
 4.90000000e-04  1.03742123e-04 
 4.90100000e-04  1.73224143e-07 
 4.90200000e-04  1.72896952e-07 
 4.90300000e-04  1.72768867e-07 
 4.90400000e-04  1.72653952e-07 
 4.90500000e-04  1.72605626e-07 
 4.90600000e-04  1.61247965e-07 
 4.90700000e-04  1.60872703e-07 
 4.90800000e-04  1.60699745e-07 
 4.90900000e-04  1.60581361e-07 
 4.91000000e-04  1.60519122e-07 
 4.91100000e-04  1.71927209e-07 
 4.91200000e-04  1.71654732e-07 
 4.91300000e-04  1.71559132e-07 
 4.91400000e-04  1.71475613e-07 
 4.91500000e-04  1.71436852e-07 
 4.91600000e-04  1.57538876e-07 
 4.91700000e-04  1.57077783e-07 
 4.91800000e-04  1.56854404e-07 
 4.91900000e-04  1.56683998e-07 
 4.92000000e-04  1.56568106e-07 
 4.92100000e-04  1.72716389e-07 
 4.92200000e-04  1.72505834e-07 
 4.92300000e-04  1.72418110e-07 
 4.92400000e-04  1.72339627e-07 
 4.92500000e-04  1.72293533e-07 
 4.92600000e-04  1.59563020e-07 
 4.92700000e-04  1.59219676e-07 
 4.92800000e-04  1.59033444e-07 
 4.92900000e-04  1.58898078e-07 
 4.93000000e-04  1.58815073e-07 
 4.93100000e-04  1.72468859e-07 
 4.93200000e-04  1.72229866e-07 
 4.93300000e-04  1.72139932e-07 
 4.93400000e-04  1.72060783e-07 
 4.93500000e-04  1.72034280e-07 
 4.93600000e-04  1.58063727e-07 
 4.93700000e-04  1.57655011e-07 
 4.93800000e-04  1.57436461e-07 
 4.93900000e-04  1.57271593e-07 
 4.94000000e-04  1.57162135e-07 
 4.94100000e-04  1.74810345e-07 
 4.94200000e-04  1.74159545e-07 
 4.94300000e-04  1.73966630e-07 
 4.94400000e-04  1.73896492e-07 
 4.94500000e-04  1.73840193e-07 
 4.94600000e-04  1.63762770e-07 
 4.94700000e-04  1.63421677e-07 
 4.94800000e-04  1.63230183e-07 
 4.94900000e-04  1.63083446e-07 
 4.95000000e-04  1.62982808e-07 
 4.95100000e-04  1.72063174e-07 
 4.95200000e-04  1.71729883e-07 
 4.95300000e-04  1.71623195e-07 
 4.95400000e-04  1.71532309e-07 
 4.95500000e-04  1.71472533e-07 
 4.95600000e-04  1.57599894e-07 
 4.95700000e-04  1.57104268e-07 
 4.95800000e-04  1.56869308e-07 
 4.95900000e-04  1.56690315e-07 
 4.96000000e-04  1.56569005e-07 
 4.96100000e-04  1.72718951e-07 
 4.96200000e-04  1.72509672e-07 
 4.96300000e-04  1.72420518e-07 
 4.96400000e-04  1.72339998e-07 
 4.96500000e-04  1.72297260e-07 
 4.96600000e-04  1.59561677e-07 
 4.96700000e-04  1.59208736e-07 
 4.96800000e-04  1.59029109e-07 
 4.96900000e-04  1.58897879e-07 
 4.97000000e-04  1.58816540e-07 
 4.97100000e-04  1.72467564e-07 
 4.97200000e-04  1.72234148e-07 
 4.97300000e-04  1.72142908e-07 
 4.97400000e-04  1.72061398e-07 
 4.97500000e-04  1.72027720e-07 
 4.97600000e-04  1.58041538e-07 
 4.97700000e-04  1.57665266e-07 
 4.97800000e-04  1.57443884e-07 
 4.97900000e-04  1.57274728e-07 
 4.98000000e-04  1.57159434e-07 
 4.98100000e-04  1.73851566e-07 
 4.98200000e-04  1.73536379e-07 
 4.98300000e-04  1.73420682e-07 
 4.98400000e-04  1.73318939e-07 
 4.98500000e-04  1.73254409e-07 
 4.98600000e-04  1.61801157e-07 
 4.98700000e-04  1.61463199e-07 
 4.98800000e-04  1.61278522e-07 
 4.98900000e-04  1.61153625e-07 
 4.99000000e-04  1.61090404e-07 
 4.99100000e-04  1.72561956e-07 
 4.99200000e-04  1.72270494e-07 
 4.99300000e-04  1.72164619e-07 
 4.99400000e-04  1.72071458e-07 
 4.99500000e-04  1.72053693e-07 
 4.99600000e-04  1.58111239e-07 
 4.99700000e-04  1.57673397e-07 
 4.99800000e-04  1.57442537e-07 
 4.99900000e-04  1.57268621e-07 
 5.00000000e-04  1.57153455e-07 
 5.00100000e-04  1.73315774e-07 
 5.00200000e-04  1.73117812e-07 
 5.00300000e-04  1.73024748e-07 
 5.00400000e-04  1.72939035e-07 
 5.00500000e-04  1.72884651e-07 
 5.00600000e-04  1.60156424e-07 
 5.00700000e-04  1.59800049e-07 
 5.00800000e-04  1.59610497e-07 
 5.00900000e-04  1.59477419e-07 
 5.01000000e-04  1.59402606e-07 
 5.01100000e-04  1.73085484e-07 
 5.01200000e-04  1.72835723e-07 
 5.01300000e-04  1.72750599e-07 
 5.01400000e-04  1.72677554e-07 
 5.01500000e-04  1.72646109e-07 
 5.01600000e-04  1.58620308e-07 
 5.01700000e-04  1.58237454e-07 
 5.01800000e-04  1.58027147e-07 
 5.01900000e-04  1.57867034e-07 
 5.02000000e-04  1.57758708e-07 
 5.02100000e-04  1.75516394e-07 
 5.02200000e-04  1.74997164e-07 
 5.02300000e-04  1.74821803e-07 
 5.02400000e-04  1.74669029e-07 
 5.02500000e-04  1.74600253e-07 
 5.02600000e-04  1.65714242e-07 
 5.02700000e-04  1.65360181e-07 
 5.02800000e-04  1.65197549e-07 
 5.02900000e-04  1.65097135e-07 
 5.03000000e-04  1.65060913e-07 
 5.03100000e-04  1.72356523e-07 
 5.03200000e-04  1.71937803e-07 
 5.03300000e-04  1.71774671e-07 
 5.03400000e-04  1.71628884e-07 
 5.03500000e-04  1.71567096e-07 
 5.03600000e-04  1.57701935e-07 
 5.03700000e-04  1.57172274e-07 
 5.03800000e-04  1.56911864e-07 
 5.03900000e-04  1.56725401e-07 
 5.04000000e-04  1.56615227e-07 
 5.04100000e-04  1.72760307e-07 
 5.04200000e-04  1.72539096e-07 
 5.04300000e-04  1.72451626e-07 
 5.04400000e-04  1.72374664e-07 
 5.04500000e-04  1.72302850e-07 
 5.04600000e-04  1.59572085e-07 
 5.04700000e-04  1.59219229e-07 
 5.04800000e-04  1.59027426e-07 
 5.04900000e-04  1.58895111e-07 
 5.05000000e-04  1.58824173e-07 
 5.05100000e-04  1.72484266e-07 
 5.05200000e-04  1.72229241e-07 
 5.05300000e-04  1.72139811e-07 
 5.05400000e-04  1.72062967e-07 
 5.05500000e-04  1.72023336e-07 
 5.05600000e-04  1.58065057e-07 
 5.05700000e-04  1.57645376e-07 
 5.05800000e-04  1.57429266e-07 
 5.05900000e-04  1.57267799e-07 
 5.06000000e-04  1.57162708e-07 
 5.06100000e-04  1.75564493e-07 
 5.06200000e-04  1.75024768e-07 
 5.06300000e-04  1.74853754e-07 
 5.06400000e-04  1.74786318e-07 
 5.06500000e-04  1.74738557e-07 
 5.06600000e-04  1.62895141e-07 
 5.06700000e-04  1.62378472e-07 
 5.06800000e-04  1.62149712e-07 
 5.06900000e-04  1.61985485e-07 
 5.07000000e-04  1.61887171e-07 
 5.07100000e-04  1.03759501e-04 
 5.07200000e-04  1.03759037e-04 
 5.07300000e-04  1.03758888e-04 
 5.07400000e-04  1.03758758e-04 
 5.07500000e-04  1.03758711e-04 
 5.07600000e-04  1.03744792e-04 
 5.07700000e-04  1.03744320e-04 
 5.07800000e-04  1.03744094e-04 
 5.07900000e-04  1.03743926e-04 
 5.08000000e-04  1.03743817e-04 
 5.08100000e-04  1.74495199e-07 
 5.08200000e-04  1.74232149e-07 
 5.08300000e-04  1.74138630e-07 
 5.08400000e-04  1.74057689e-07 
 5.08500000e-04  1.73995828e-07 
 5.08600000e-04  1.61234599e-07 
 5.08700000e-04  1.60874703e-07 
 5.08800000e-04  1.60698180e-07 
 5.08900000e-04  1.60578787e-07 
 5.09000000e-04  1.60518337e-07 
 5.09100000e-04  1.74246437e-07 
 5.09200000e-04  1.73994807e-07 
 5.09300000e-04  1.73899608e-07 
 5.09400000e-04  1.73816195e-07 
 5.09500000e-04  1.73776396e-07 
 5.09600000e-04  1.59711111e-07 
 5.09700000e-04  1.59335103e-07 
 5.09800000e-04  1.59113664e-07 
 5.09900000e-04  1.58951828e-07 
 5.10000000e-04  1.58851485e-07 
 5.10100000e-04  1.76169074e-07 
 5.10200000e-04  1.75729843e-07 
 5.10300000e-04  1.75574466e-07 
 5.10400000e-04  1.75438907e-07 
 5.10500000e-04  1.75365256e-07 
 5.10600000e-04  1.65132463e-07 
 5.10700000e-04  1.64792645e-07 
 5.10800000e-04  1.64627453e-07 
 5.10900000e-04  1.64516621e-07 
 5.11000000e-04  1.64461873e-07 
 5.11100000e-04  1.73826991e-07 
 5.11200000e-04  1.73497171e-07 
 5.11300000e-04  1.73376352e-07 
 5.11400000e-04  1.73269635e-07 
 5.11500000e-04  1.73238183e-07 
 5.11600000e-04  1.59247798e-07 
 5.11700000e-04  1.58782539e-07 
 5.11800000e-04  1.58549300e-07 
 5.11900000e-04  1.58378656e-07 
 5.12000000e-04  1.58272590e-07 
 5.12100000e-04  1.74502255e-07 
 5.12200000e-04  1.74290344e-07 
 5.12300000e-04  1.74184518e-07 
 5.12400000e-04  1.74086489e-07 
 5.12500000e-04  1.74034833e-07 
 5.12600000e-04  1.61235678e-07 
 5.12700000e-04  1.60889863e-07 
 5.12800000e-04  1.60702551e-07 
 5.12900000e-04  1.60574825e-07 
 5.13000000e-04  1.60508575e-07 
 5.13100000e-04  1.74243247e-07 
 5.13200000e-04  1.73993478e-07 
 5.13300000e-04  1.73900176e-07 
 5.13400000e-04  1.73818178e-07 
 5.13500000e-04  1.73771989e-07 
 5.13600000e-04  1.59699487e-07 
 5.13700000e-04  1.59311419e-07 
 5.13800000e-04  1.59101245e-07 
 5.13900000e-04  1.58945716e-07 
 5.14000000e-04  1.58846565e-07 
 5.14100000e-04  1.75615530e-07 
 5.14200000e-04  1.75301112e-07 
 5.14300000e-04  1.75177442e-07 
 5.14400000e-04  1.75066519e-07 
 5.14500000e-04  1.75015850e-07 
 5.14600000e-04  1.63462929e-07 
 5.14700000e-04  1.63118732e-07 
 5.14800000e-04  1.62953785e-07 
 5.14900000e-04  1.62838267e-07 
 5.15000000e-04  1.62773746e-07 
 5.15100000e-04  1.74329682e-07 
 5.15200000e-04  1.74039941e-07 
 5.15300000e-04  1.73930367e-07 
 5.15400000e-04  1.73833055e-07 
 5.15500000e-04  1.73789171e-07 
 5.15600000e-04  1.59753247e-07 
 5.15700000e-04  1.59326497e-07 
 5.15800000e-04  1.59106098e-07 
 5.15900000e-04  1.58945050e-07 
 5.16000000e-04  1.58845236e-07 
 5.16100000e-04  1.75089780e-07 
 5.16200000e-04  1.74874863e-07 
 5.16300000e-04  1.74780395e-07 
 5.16400000e-04  1.74694414e-07 
 5.16500000e-04  1.74648601e-07 
 5.16600000e-04  1.61790549e-07 
 5.16700000e-04  1.61469478e-07 
 5.16800000e-04  1.61291655e-07 
 5.16900000e-04  1.61167299e-07 
 5.17000000e-04  1.61098105e-07 
 5.17100000e-04  1.74863095e-07 
 5.17200000e-04  1.74619713e-07 
 5.17300000e-04  1.74520510e-07 
 5.17400000e-04  1.74431633e-07 
 5.17500000e-04  1.74383282e-07 
 5.17600000e-04  1.60289343e-07 
 5.17700000e-04  1.59903344e-07 
 5.17800000e-04  1.59696965e-07 
 5.17900000e-04  1.59540434e-07 
 5.18000000e-04  1.59435332e-07 
 5.18100000e-04  1.88936390e-07 
 5.18200000e-04  1.86330634e-07 
 5.18300000e-04  1.85522263e-07 
 5.18400000e-04  1.85268345e-07 
 5.18500000e-04  1.85014427e-07 
 5.18600000e-04  1.75734796e-07 
 5.18700000e-04  1.74595625e-07 
 5.18800000e-04  1.74265106e-07 
 5.18900000e-04  1.74058453e-07 
 5.19000000e-04  1.73977898e-07 
 5.19100000e-04  1.71276999e-07 
 5.19200000e-04  1.70528936e-07 
 5.19300000e-04  1.70314967e-07 
 5.19400000e-04  1.70134514e-07 
 5.19500000e-04  1.70053173e-07 
 5.19600000e-04  1.57648322e-07 
 5.19700000e-04  1.56967674e-07 
 5.19800000e-04  1.56706640e-07 
 5.19900000e-04 -0.00000000e+00 
 5.20000000e-04  1.56574086e-07 
