 time            -i(vdd)        
 2.60000000e-04 -1.26577369e-04 
 2.60100000e-04  1.83721471e-07 
 2.60200000e-04  1.75016814e-07 
 2.60300000e-04  1.72690010e-07 
 2.60400000e-04  1.70727266e-07 
 2.60500000e-04  1.70076518e-07 
 2.60600000e-04  1.76683962e-07 
 2.60700000e-04  1.75910481e-07 
 2.60800000e-04  1.75485202e-07 
 2.60900000e-04  1.75139264e-07 
 2.61000000e-04  1.74874391e-07 
 2.61100000e-04  1.56438107e-07 
 2.61200000e-04  1.54081427e-07 
 2.61300000e-04  1.53486600e-07 
 2.61400000e-04  1.53007563e-07 
 2.61500000e-04  1.52784928e-07 
 2.61600000e-04  1.38890882e-07 
 2.61700000e-04  1.37640029e-07 
 2.61800000e-04  1.37194900e-07 
 2.61900000e-04  1.36877830e-07 
 2.62000000e-04  1.36692884e-07 
 2.62100000e-04  1.61882774e-07 
 2.62200000e-04  1.60618135e-07 
 2.62300000e-04  1.60336572e-07 
 2.62400000e-04  1.60132499e-07 
 2.62500000e-04  1.60043257e-07 
 2.62600000e-04  1.48500526e-07 
 2.62700000e-04  1.47919144e-07 
 2.62800000e-04  1.47634370e-07 
 2.62900000e-04  1.47421862e-07 
 2.63000000e-04  1.47283166e-07 
 2.63100000e-04  1.99994564e-07 
 2.63200000e-04  1.94211232e-07 
 2.63300000e-04  1.92920313e-07 
 2.63400000e-04  1.91924891e-07 
 2.63500000e-04  1.91646998e-07 
 2.63600000e-04  1.78200558e-07 
 2.63700000e-04  1.77568422e-07 
 2.63800000e-04  1.77242628e-07 
 2.63900000e-04  1.76990981e-07 
 2.64000000e-04  1.76815828e-07 
 2.64100000e-04  1.72665669e-07 
 2.64200000e-04  1.68072063e-07 
 2.64300000e-04  1.67025934e-07 
 2.64400000e-04  1.66211462e-07 
 2.64500000e-04  1.65972419e-07 
 2.64600000e-04  1.53741310e-07 
 2.64700000e-04  1.53138502e-07 
 2.64800000e-04  1.52820010e-07 
 2.64900000e-04  1.52587752e-07 
 2.65000000e-04  1.52444459e-07 
 2.65100000e-04  1.66018898e-07 
 2.65200000e-04  1.65524744e-07 
 2.65300000e-04  1.65365398e-07 
 2.65400000e-04  1.65228300e-07 
 2.65500000e-04  1.65178580e-07 
 2.65600000e-04  1.51591641e-07 
 2.65700000e-04  1.51131384e-07 
 2.65800000e-04  1.50895034e-07 
 2.65900000e-04  1.50726398e-07 
 2.66000000e-04  1.50627619e-07 
 2.66100000e-04  1.66993652e-07 
 2.66200000e-04  1.66740755e-07 
 2.66300000e-04  1.66641502e-07 
 2.66400000e-04  1.66551923e-07 
 2.66500000e-04  1.66506459e-07 
 2.66600000e-04  1.55433884e-07 
 2.66700000e-04  1.55023676e-07 
 2.66800000e-04  1.54811648e-07 
 2.66900000e-04  1.54664740e-07 
 2.67000000e-04  1.54585013e-07 
 2.67100000e-04  1.66083110e-07 
 2.67200000e-04  1.65566760e-07 
 2.67300000e-04  1.65412298e-07 
 2.67400000e-04  1.65280472e-07 
 2.67500000e-04  1.65220835e-07 
 2.67600000e-04  1.51672050e-07 
 2.67700000e-04  1.51176082e-07 
 2.67800000e-04  1.50920587e-07 
 2.67900000e-04  1.50724812e-07 
 2.68000000e-04  1.50590646e-07 
 2.68100000e-04  1.66402995e-07 
 2.68200000e-04  1.66217324e-07 
 2.68300000e-04  1.66136963e-07 
 2.68400000e-04  1.66064283e-07 
 2.68500000e-04  1.66036480e-07 
 2.68600000e-04  1.53643714e-07 
 2.68700000e-04  1.53257615e-07 
 2.68800000e-04  1.53040420e-07 
 2.68900000e-04  1.52888548e-07 
 2.69000000e-04  1.52804061e-07 
 2.69100000e-04  1.66134134e-07 
 2.69200000e-04  1.65905609e-07 
 2.69300000e-04  1.65833674e-07 
 2.69400000e-04  1.65773437e-07 
 2.69500000e-04  1.65754721e-07 
 2.69600000e-04  1.52110667e-07 
 2.69700000e-04  1.51683525e-07 
 2.69800000e-04  1.51434918e-07 
 2.69900000e-04  1.51250986e-07 
 2.70000000e-04  1.51133774e-07 
 2.70100000e-04  1.68010697e-07 
 2.70200000e-04  1.67617442e-07 
 2.70300000e-04  1.67491285e-07 
 2.70400000e-04  1.67382984e-07 
 2.70500000e-04  1.67319466e-07 
 2.70600000e-04  1.57531630e-07 
 2.70700000e-04  1.57127223e-07 
 2.70800000e-04  1.56925414e-07 
 2.70900000e-04  1.56787525e-07 
 2.71000000e-04  1.56715574e-07 
 2.71100000e-04  1.66101512e-07 
 2.71200000e-04  1.65545475e-07 
 2.71300000e-04  1.65379304e-07 
 2.71400000e-04  1.65237362e-07 
 2.71500000e-04  1.65183096e-07 
 2.71600000e-04  1.51640289e-07 
 2.71700000e-04  1.51104471e-07 
 2.71800000e-04  1.50844244e-07 
 2.71900000e-04  1.50645735e-07 
 2.72000000e-04  1.50510891e-07 
 2.72100000e-04  1.66320558e-07 
 2.72200000e-04  1.66151134e-07 
 2.72300000e-04  1.66074625e-07 
 2.72400000e-04  1.66004591e-07 
 2.72500000e-04  1.65982374e-07 
 2.72600000e-04  1.53586588e-07 
 2.72700000e-04  1.53196670e-07 
 2.72800000e-04  1.52987344e-07 
 2.72900000e-04  1.52834624e-07 
 2.73000000e-04  1.52740293e-07 
 2.73100000e-04  1.66058503e-07 
 2.73200000e-04  1.65853422e-07 
 2.73300000e-04  1.65779947e-07 
 2.73400000e-04  1.65715625e-07 
 2.73500000e-04  1.65688499e-07 
 2.73600000e-04  1.52059777e-07 
 2.73700000e-04  1.51617065e-07 
 2.73800000e-04  1.51387579e-07 
 2.73900000e-04  1.51209841e-07 
 2.74000000e-04  1.51085482e-07 
 2.74100000e-04  1.67430629e-07 
 2.74200000e-04  1.67158169e-07 
 2.74300000e-04  1.67060727e-07 
 2.74400000e-04  1.66975032e-07 
 2.74500000e-04  1.66920123e-07 
 2.74600000e-04  1.55807390e-07 
 2.74700000e-04  1.55430286e-07 
 2.74800000e-04  1.55217533e-07 
 2.74900000e-04  1.55071438e-07 
 2.75000000e-04  1.54994103e-07 
 2.75100000e-04  1.66138856e-07 
 2.75200000e-04  1.65906626e-07 
 2.75300000e-04  1.65820969e-07 
 2.75400000e-04  1.65744628e-07 
 2.75500000e-04  1.65707556e-07 
 2.75600000e-04  1.52103801e-07 
 2.75700000e-04  1.51638094e-07 
 2.75800000e-04  1.51386229e-07 
 2.75900000e-04  1.51194976e-07 
 2.76000000e-04  1.51066248e-07 
 2.76100000e-04  1.66898093e-07 
 2.76200000e-04  1.66722321e-07 
 2.76300000e-04  1.66649006e-07 
 2.76400000e-04  1.66582794e-07 
 2.76500000e-04  1.66555900e-07 
 2.76600000e-04  1.54138994e-07 
 2.76700000e-04  1.53748518e-07 
 2.76800000e-04  1.53543026e-07 
 2.76900000e-04  1.53399717e-07 
 2.77000000e-04  1.53320546e-07 
 2.77100000e-04  1.66672754e-07 
 2.77200000e-04  1.66457349e-07 
 2.77300000e-04  1.66378887e-07 
 2.77400000e-04  1.66310490e-07 
 2.77500000e-04  1.66287586e-07 
 2.77600000e-04  1.52642193e-07 
 2.77700000e-04  1.52186905e-07 
 2.77800000e-04  1.51959520e-07 
 2.77900000e-04  1.51780137e-07 
 2.78000000e-04  1.51650266e-07 
 2.78100000e-04  1.69107761e-07 
 2.78200000e-04  1.68606244e-07 
 2.78300000e-04  1.68450131e-07 
 2.78400000e-04  1.68317220e-07 
 2.78500000e-04  1.68257346e-07 
 2.78600000e-04  1.59709450e-07 
 2.78700000e-04  1.59323160e-07 
 2.78800000e-04  1.59137348e-07 
 2.78900000e-04  1.59009448e-07 
 2.79000000e-04  1.58941280e-07 
 2.79100000e-04  1.66281335e-07 
 2.79200000e-04  1.65619347e-07 
 2.79300000e-04  1.65432250e-07 
 2.79400000e-04  1.65276024e-07 
 2.79500000e-04  1.65209982e-07 
 2.79600000e-04  1.51666374e-07 
 2.79700000e-04  1.51111968e-07 
 2.79800000e-04  1.50843730e-07 
 2.79900000e-04  1.50635068e-07 
 2.80000000e-04  1.50487853e-07 
 2.80100000e-04  1.66315358e-07 
 2.80200000e-04  1.66135149e-07 
 2.80300000e-04  1.66057081e-07 
 2.80400000e-04  1.65986299e-07 
 2.80500000e-04  1.65955099e-07 
 2.80600000e-04  1.53560697e-07 
 2.80700000e-04  1.53161328e-07 
 2.80800000e-04  1.52950135e-07 
 2.80900000e-04  1.52804808e-07 
 2.81000000e-04  1.52727418e-07 
 2.81100000e-04  1.66038056e-07 
 2.81200000e-04  1.65839333e-07 
 2.81300000e-04  1.65764910e-07 
 2.81400000e-04  1.65699041e-07 
 2.81500000e-04  1.65680521e-07 
 2.81600000e-04  1.52029687e-07 
 2.81700000e-04  1.51607434e-07 
 2.81800000e-04  1.51362711e-07 
 2.81900000e-04  1.51179477e-07 
 2.82000000e-04  1.51059664e-07 
 2.82100000e-04  1.67416085e-07 
 2.82200000e-04  1.67147257e-07 
 2.82300000e-04  1.67043663e-07 
 2.82400000e-04  1.66950773e-07 
 2.82500000e-04  1.66912485e-07 
 2.82600000e-04  1.55800940e-07 
 2.82700000e-04  1.55396649e-07 
 2.82800000e-04  1.55192003e-07 
 2.82900000e-04  1.55056004e-07 
 2.83000000e-04  1.54990808e-07 
 2.83100000e-04  1.66116677e-07 
 2.83200000e-04  1.65873490e-07 
 2.83300000e-04  1.65786156e-07 
 2.83400000e-04  1.65709201e-07 
 2.83500000e-04  1.65685275e-07 
 2.83600000e-04  1.52076034e-07 
 2.83700000e-04  1.51598589e-07 
 2.83800000e-04  1.51350008e-07 
 2.83900000e-04  1.51162675e-07 
 2.84000000e-04  1.51038508e-07 
 2.84100000e-04  1.66878732e-07 
 2.84200000e-04  1.66715387e-07 
 2.84300000e-04  1.66636094e-07 
 2.84400000e-04  1.66562378e-07 
 2.84500000e-04  1.66536725e-07 
 2.84600000e-04  1.54115106e-07 
 2.84700000e-04  1.53741680e-07 
 2.84800000e-04  1.53535204e-07 
 2.84900000e-04  1.53387929e-07 
 2.85000000e-04  1.53301711e-07 
 2.85100000e-04  1.66634713e-07 
 2.85200000e-04  1.66436968e-07 
 2.85300000e-04  1.66365400e-07 
 2.85400000e-04  1.66302064e-07 
 2.85500000e-04  1.66283416e-07 
 2.85600000e-04  1.52612820e-07 
 2.85700000e-04  1.52170815e-07 
 2.85800000e-04  1.51939631e-07 
 2.85900000e-04  1.51759555e-07 
 2.86000000e-04  1.51632186e-07 
 2.86100000e-04  1.68549227e-07 
 2.86200000e-04  1.68165864e-07 
 2.86300000e-04  1.68035425e-07 
 2.86400000e-04  1.67921629e-07 
 2.86500000e-04  1.67865539e-07 
 2.86600000e-04  1.58038837e-07 
 2.86700000e-04  1.57649863e-07 
 2.86800000e-04  1.57452664e-07 
 2.86900000e-04  1.57322583e-07 
 2.87000000e-04  1.57261725e-07 
 2.87100000e-04  1.66227748e-07 
 2.87200000e-04  1.65944118e-07 
 2.87300000e-04  1.65851464e-07 
 2.87400000e-04  1.65771620e-07 
 2.87500000e-04  1.65730094e-07 
 2.87600000e-04  1.52157556e-07 
 2.87700000e-04  1.51626380e-07 
 2.87800000e-04  1.51381520e-07 
 2.87900000e-04  1.51188396e-07 
 2.88000000e-04  1.51048626e-07 
 2.88100000e-04  1.66899471e-07 
 2.88200000e-04  1.66727898e-07 
 2.88300000e-04  1.66655936e-07 
 2.88400000e-04  1.66590835e-07 
 2.88500000e-04  1.66540509e-07 
 2.88600000e-04  1.54135513e-07 
 2.88700000e-04  1.53742113e-07 
 2.88800000e-04  1.53530291e-07 
 2.88900000e-04  1.53382969e-07 
 2.89000000e-04  1.53302167e-07 
 2.89100000e-04  1.66652495e-07 
 2.89200000e-04  1.66440918e-07 
 2.89300000e-04  1.66373764e-07 
 2.89400000e-04  1.66316845e-07 
 2.89500000e-04  1.66288442e-07 
 2.89600000e-04  1.52626846e-07 
 2.89700000e-04  1.52176216e-07 
 2.89800000e-04  1.51938609e-07 
 2.89900000e-04  1.51760095e-07 
 2.90000000e-04  1.51642521e-07 
 2.90100000e-04  1.68023640e-07 
 2.90200000e-04  1.67736293e-07 
 2.90300000e-04  1.67638448e-07 
 2.90400000e-04  1.67553689e-07 
 2.90500000e-04  1.67497502e-07 
 2.90600000e-04  1.56386077e-07 
 2.90700000e-04  1.55973891e-07 
 2.90800000e-04  1.55775676e-07 
 2.90900000e-04  1.55644242e-07 
 2.91000000e-04  1.55581679e-07 
 2.91100000e-04  1.66729581e-07 
 2.91200000e-04  1.66493298e-07 
 2.91300000e-04  1.66413766e-07 
 2.91400000e-04  1.66344345e-07 
 2.91500000e-04  1.66297848e-07 
 2.91600000e-04  1.52676410e-07 
 2.91700000e-04  1.52182515e-07 
 2.91800000e-04  1.51946065e-07 
 2.91900000e-04  1.51764930e-07 
 2.92000000e-04  1.51640837e-07 
 2.92100000e-04  1.67497666e-07 
 2.92200000e-04  1.67316766e-07 
 2.92300000e-04  1.67240716e-07 
 2.92400000e-04  1.67172160e-07 
 2.92500000e-04  1.67146582e-07 
 2.92600000e-04  1.54714114e-07 
 2.92700000e-04  1.54328646e-07 
 2.92800000e-04  1.54116710e-07 
 2.92900000e-04  1.53970779e-07 
 2.93000000e-04  1.53892916e-07 
 2.93100000e-04  1.67255966e-07 
 2.93200000e-04  1.67062825e-07 
 2.93300000e-04  1.66985717e-07 
 2.93400000e-04  1.66916148e-07 
 2.93500000e-04  1.66891296e-07 
 2.93600000e-04  1.53206900e-07 
 2.93700000e-04  1.52755826e-07 
 2.93800000e-04  1.52519065e-07 
 2.93900000e-04  1.52340647e-07 
 2.94000000e-04  1.52222391e-07 
 2.94100000e-04  1.70229895e-07 
 2.94200000e-04  1.69622902e-07 
 2.94300000e-04  1.69441864e-07 
 2.94400000e-04  1.69288804e-07 
 2.94500000e-04  1.69220275e-07 
 2.94600000e-04  1.61959126e-07 
 2.94700000e-04  1.61562516e-07 
 2.94800000e-04  1.61370637e-07 
 2.94900000e-04  1.61252541e-07 
 2.95000000e-04  1.61210536e-07 
 2.95100000e-04  1.66588371e-07 
 2.95200000e-04  1.65707227e-07 
 2.95300000e-04  1.65481462e-07 
 2.95400000e-04  1.65299086e-07 
 2.95500000e-04  1.65217249e-07 
 2.95600000e-04  1.51712569e-07 
 2.95700000e-04  1.51115384e-07 
 2.95800000e-04  1.50821564e-07 
 2.95900000e-04  1.50609391e-07 
 2.96000000e-04  1.50481421e-07 
 2.96100000e-04  1.66303586e-07 
 2.96200000e-04  1.66131955e-07 
 2.96300000e-04  1.66059084e-07 
 2.96400000e-04  1.65993190e-07 
 2.96500000e-04  1.65956697e-07 
 2.96600000e-04  1.53542270e-07 
 2.96700000e-04  1.53158974e-07 
 2.96800000e-04  1.52940835e-07 
 2.96900000e-04  1.52791170e-07 
 2.97000000e-04  1.52712115e-07 
 2.97100000e-04  1.66031876e-07 
 2.97200000e-04  1.65835447e-07 
 2.97300000e-04  1.65759924e-07 
 2.97400000e-04  1.65692429e-07 
 2.97500000e-04  1.65669373e-07 
 2.97600000e-04  1.52023625e-07 
 2.97700000e-04  1.51582053e-07 
 2.97800000e-04  1.51346113e-07 
 2.97900000e-04  1.51163456e-07 
 2.98000000e-04  1.51035735e-07 
 2.98100000e-04  1.67408184e-07 
 2.98200000e-04  1.67123435e-07 
 2.98300000e-04  1.67026160e-07 
 2.98400000e-04  1.66942056e-07 
 2.98500000e-04  1.66907108e-07 
 2.98600000e-04  1.55774318e-07 
 2.98700000e-04  1.55386120e-07 
 2.98800000e-04  1.55189574e-07 
 2.98900000e-04  1.55055037e-07 
 2.99000000e-04  1.54984440e-07 
 2.99100000e-04  1.66106743e-07 
 2.99200000e-04  1.65860553e-07 
 2.99300000e-04  1.65782008e-07 
 2.99400000e-04  1.65714990e-07 
 2.99500000e-04  1.65676425e-07 
 2.99600000e-04  1.52073877e-07 
 2.99700000e-04  1.51606041e-07 
 2.99800000e-04  1.51359930e-07 
 2.99900000e-04  1.51171789e-07 
 3.00000000e-04  1.51043421e-07 
 3.00100000e-04  1.66872790e-07 
 3.00200000e-04  1.66706772e-07 
 3.00300000e-04  1.66635049e-07 
 3.00400000e-04  1.66569572e-07 
 3.00500000e-04  1.66527375e-07 
 3.00600000e-04  1.54121090e-07 
 3.00700000e-04  1.53725855e-07 
 3.00800000e-04  1.53522847e-07 
 3.00900000e-04  1.53376805e-07 
 3.01000000e-04  1.53289498e-07 
 3.01100000e-04  1.66634730e-07 
 3.01200000e-04  1.66427159e-07 
 3.01300000e-04  1.66355491e-07 
 3.01400000e-04  1.66293202e-07 
 3.01500000e-04  1.66274615e-07 
 3.01600000e-04  1.52610737e-07 
 3.01700000e-04  1.52174776e-07 
 3.01800000e-04  1.51933369e-07 
 3.01900000e-04  1.51753762e-07 
 3.02000000e-04  1.51637876e-07 
 3.02100000e-04  1.68540916e-07 
 3.02200000e-04  1.68158062e-07 
 3.02300000e-04  1.68031426e-07 
 3.02400000e-04  1.67921807e-07 
 3.02500000e-04  1.67861860e-07 
 3.02600000e-04  1.58039855e-07 
 3.02700000e-04  1.57635622e-07 
 3.02800000e-04  1.57441399e-07 
 3.02900000e-04  1.57310938e-07 
 3.03000000e-04  1.57246221e-07 
 3.03100000e-04  1.66216851e-07 
 3.03200000e-04  1.65933081e-07 
 3.03300000e-04  1.65838962e-07 
 3.03400000e-04  1.65757296e-07 
 3.03500000e-04  1.65736283e-07 
 3.03600000e-04  1.52153962e-07 
 3.03700000e-04  1.51619413e-07 
 3.03800000e-04  1.51367699e-07 
 3.03900000e-04  1.51179878e-07 
 3.04000000e-04  1.51057936e-07 
 3.04100000e-04  1.66886327e-07 
 3.04200000e-04  1.66710000e-07 
 3.04300000e-04  1.66640395e-07 
 3.04400000e-04  1.66578617e-07 
 3.04500000e-04  1.66537453e-07 
 3.04600000e-04  1.54106469e-07 
 3.04700000e-04  1.53721283e-07 
 3.04800000e-04  1.53522066e-07 
 3.04900000e-04  1.53381426e-07 
 3.05000000e-04  1.53301180e-07 
 3.05100000e-04  1.66649863e-07 
 3.05200000e-04  1.66435180e-07 
 3.05300000e-04  1.66360648e-07 
 3.05400000e-04  1.66296308e-07 
 3.05500000e-04  1.66266412e-07 
 3.05600000e-04  1.52619506e-07 
 3.05700000e-04  1.52165666e-07 
 3.05800000e-04  1.51931851e-07 
 3.05900000e-04  1.51755726e-07 
 3.06000000e-04  1.51639078e-07 
 3.06100000e-04  1.68030970e-07 
 3.06200000e-04  1.67728340e-07 
 3.06300000e-04  1.67632290e-07 
 3.06400000e-04  1.67551456e-07 
 3.06500000e-04  1.67507222e-07 
 3.06600000e-04  1.56379569e-07 
 3.06700000e-04  1.55969830e-07 
 3.06800000e-04  1.55775708e-07 
 3.06900000e-04  1.55636745e-07 
 3.07000000e-04  1.55554646e-07 
 3.07100000e-04  1.66721006e-07 
 3.07200000e-04  1.66482580e-07 
 3.07300000e-04  1.66403296e-07 
 3.07400000e-04  1.66334249e-07 
 3.07500000e-04  1.66303187e-07 
 3.07600000e-04  1.52656667e-07 
 3.07700000e-04  1.52175538e-07 
 3.07800000e-04  1.51926869e-07 
 3.07900000e-04  1.51747316e-07 
 3.08000000e-04  1.51639030e-07 
 3.08100000e-04  1.67509780e-07 
 3.08200000e-04  1.67318835e-07 
 3.08300000e-04  1.67244584e-07 
 3.08400000e-04  1.67179214e-07 
 3.08500000e-04  1.67130657e-07 
 3.08600000e-04  1.54688998e-07 
 3.08700000e-04  1.54302624e-07 
 3.08800000e-04  1.54101854e-07 
 3.08900000e-04  1.53958439e-07 
 3.09000000e-04  1.53874154e-07 
 3.09100000e-04  1.67255014e-07 
 3.09200000e-04  1.67042992e-07 
 3.09300000e-04  1.66969863e-07 
 3.09400000e-04  1.66906196e-07 
 3.09500000e-04  1.66886106e-07 
 3.09600000e-04  1.53178159e-07 
 3.09700000e-04  1.52770683e-07 
 3.09800000e-04  1.52526874e-07 
 3.09900000e-04  1.52339945e-07 
 3.10000000e-04  1.52211655e-07 
 3.10100000e-04  1.69697873e-07 
 3.10200000e-04  1.69191705e-07 
 3.10300000e-04  1.69040683e-07 
 3.10400000e-04  1.68914008e-07 
 3.10500000e-04  1.68856120e-07 
 3.10600000e-04  1.60273774e-07 
 3.10700000e-04  1.59889782e-07 
 3.10800000e-04  1.59706156e-07 
 3.10900000e-04  1.59587684e-07 
 3.11000000e-04  1.59536384e-07 
 3.11100000e-04  1.66526959e-07 
 3.11200000e-04  1.66126468e-07 
 3.11300000e-04  1.65988696e-07 
 3.11400000e-04  1.65869304e-07 
 3.11500000e-04  1.65821603e-07 
 3.11600000e-04  1.52253711e-07 
 3.11700000e-04  1.51681283e-07 
 3.11800000e-04  1.51417912e-07 
 3.11900000e-04  1.51214809e-07 
 3.12000000e-04  1.51073836e-07 
 3.12100000e-04  1.66923478e-07 
 3.12200000e-04  1.66742630e-07 
 3.12300000e-04  1.66670661e-07 
 3.12400000e-04  1.66606351e-07 
 3.12500000e-04  1.66561162e-07 
 3.12600000e-04  1.54123169e-07 
 3.12700000e-04  1.53749264e-07 
 3.12800000e-04  1.53543328e-07 
 3.12900000e-04  1.53392864e-07 
 3.13000000e-04  1.53299583e-07 
 3.13100000e-04  1.66658657e-07 
 3.13200000e-04  1.66450267e-07 
 3.13300000e-04  1.66369903e-07 
 3.13400000e-04  1.66298474e-07 
 3.13500000e-04  1.66274730e-07 
 3.13600000e-04  1.52613138e-07 
 3.13700000e-04  1.52182383e-07 
 3.13800000e-04  1.51943487e-07 
 3.13900000e-04  1.51759963e-07 
 3.14000000e-04  1.51633518e-07 
 3.14100000e-04  1.68020336e-07 
 3.14200000e-04  1.67741313e-07 
 3.14300000e-04  1.67638781e-07 
 3.14400000e-04  1.67548225e-07 
 3.14500000e-04  1.67512095e-07 
 3.14600000e-04  1.56372901e-07 
 3.14700000e-04  1.55983391e-07 
 3.14800000e-04  1.55776694e-07 
 3.14900000e-04  1.55640746e-07 
 3.15000000e-04  1.55577688e-07 
 3.15100000e-04  1.68652388e-07 
 3.15200000e-04  1.68019228e-07 
 3.15300000e-04  1.67797501e-07 
 3.15400000e-04  1.67704740e-07 
 3.15500000e-04  1.67653651e-07 
 3.15600000e-04  1.53520225e-07 
 3.15700000e-04  1.52872599e-07 
 3.15800000e-04  1.52605472e-07 
 3.15900000e-04  1.52409502e-07 
 3.16000000e-04  1.52286161e-07 
 3.16100000e-04  1.03754419e-04 
 3.16200000e-04  1.03754041e-04 
 3.16300000e-04  1.03753933e-04 
 3.16400000e-04  1.03753842e-04 
 3.16500000e-04  1.03753790e-04 
 3.16600000e-04  1.03741346e-04 
 3.16700000e-04  1.03740941e-04 
 3.16800000e-04  1.03740732e-04 
 3.16900000e-04  1.03740585e-04 
 3.17000000e-04  1.03740501e-04 
 3.17100000e-04  1.68407895e-07 
 3.17200000e-04  1.68156399e-07 
 3.17300000e-04  1.68075044e-07 
 3.17400000e-04  1.68005598e-07 
 3.17500000e-04  1.67980647e-07 
 3.17600000e-04  1.54299561e-07 
 3.17700000e-04  1.53842277e-07 
 3.17800000e-04  1.53611246e-07 
 3.17900000e-04  1.53437115e-07 
 3.18000000e-04  1.53321638e-07 
 3.18100000e-04  1.70321083e-07 
 3.18200000e-04  1.69918871e-07 
 3.18300000e-04  1.69792103e-07 
 3.18400000e-04  1.69684243e-07 
 3.18500000e-04  1.69632227e-07 
 3.18600000e-04  1.59708363e-07 
 3.18700000e-04  1.59314384e-07 
 3.18800000e-04  1.59116983e-07 
 3.18900000e-04  1.58989765e-07 
 3.19000000e-04  1.58934903e-07 
 3.19100000e-04  1.68013107e-07 
 3.19200000e-04  1.67721934e-07 
 3.19300000e-04  1.67618260e-07 
 3.19400000e-04  1.67526933e-07 
 3.19500000e-04  1.67489182e-07 
 3.19600000e-04  1.53811920e-07 
 3.19700000e-04  1.53287218e-07 
 3.19800000e-04  1.53039755e-07 
 3.19900000e-04  1.52856832e-07 
 3.20000000e-04  1.52740437e-07 
 3.20100000e-04  1.68672115e-07 
 3.20200000e-04  1.68495971e-07 
 3.20300000e-04  1.68408107e-07 
 3.20400000e-04  1.68326225e-07 
 3.20500000e-04  1.68288258e-07 
 3.20600000e-04  1.55775217e-07 
 3.20700000e-04  1.55411932e-07 
 3.20800000e-04  1.55213366e-07 
 3.20900000e-04  1.55070743e-07 
 3.21000000e-04  1.54985781e-07 
 3.21100000e-04  1.68407672e-07 
 3.21200000e-04  1.68187867e-07 
 3.21300000e-04  1.68117326e-07 
 3.21400000e-04  1.68057438e-07 
 3.21500000e-04  1.68027629e-07 
 3.21600000e-04  1.54271689e-07 
 3.21700000e-04  1.53846247e-07 
 3.21800000e-04  1.53618364e-07 
 3.21900000e-04  1.53437364e-07 
 3.22000000e-04  1.53304676e-07 
 3.22100000e-04  1.69799431e-07 
 3.22200000e-04  1.69507148e-07 
 3.22300000e-04  1.69391749e-07 
 3.22400000e-04  1.69288496e-07 
 3.22500000e-04  1.69258498e-07 
 3.22600000e-04  1.58019880e-07 
 3.22700000e-04  1.57657481e-07 
 3.22800000e-04  1.57463566e-07 
 3.22900000e-04  1.57331401e-07 
 3.23000000e-04  1.57262889e-07 
 3.23100000e-04  1.68509111e-07 
 3.23200000e-04  1.68252849e-07 
 3.23300000e-04  1.68165890e-07 
 3.23400000e-04  1.68090518e-07 
 3.23500000e-04  1.68052597e-07 
 3.23600000e-04  1.54318797e-07 
 3.23700000e-04  1.53857104e-07 
 3.23800000e-04  1.53609316e-07 
 3.23900000e-04  1.53427218e-07 
 3.24000000e-04  1.53312834e-07 
 3.24100000e-04  1.69263973e-07 
 3.24200000e-04  1.69092659e-07 
 3.24300000e-04  1.69014546e-07 
 3.24400000e-04  1.68942316e-07 
 3.24500000e-04  1.68888055e-07 
 3.24600000e-04  1.56369016e-07 
 3.24700000e-04  1.55969996e-07 
 3.24800000e-04  1.55778423e-07 
 3.24900000e-04  1.55643087e-07 
 3.25000000e-04  1.55565710e-07 
 3.25100000e-04  1.69028082e-07 
 3.25200000e-04  1.68812011e-07 
 3.25300000e-04  1.68739192e-07 
 3.25400000e-04  1.68676215e-07 
 3.25500000e-04  1.68634997e-07 
 3.25600000e-04  1.54853975e-07 
 3.25700000e-04  1.54424747e-07 
 3.25800000e-04  1.54194940e-07 
 3.25900000e-04  1.54021350e-07 
 3.26000000e-04  1.53905702e-07 
 3.26100000e-04  1.72542376e-07 
 3.26200000e-04  1.71799544e-07 
 3.26300000e-04  1.71587903e-07 
 3.26400000e-04  1.71412451e-07 
 3.26500000e-04  1.71324052e-07 
 3.26600000e-04  1.65252371e-07 
 3.26700000e-04  1.64876985e-07 
 3.26800000e-04  1.64693488e-07 
 3.26900000e-04  1.64592599e-07 
 3.27000000e-04  1.64576877e-07 
 3.27100000e-04  1.67802842e-07 
 3.27200000e-04  1.66873805e-07 
 3.27300000e-04  1.66634033e-07 
 3.27400000e-04  1.66437852e-07 
 3.27500000e-04  1.66340356e-07 
 3.27600000e-04  1.52823572e-07 
 3.27700000e-04  1.52194226e-07 
 3.27800000e-04  1.51908355e-07 
 3.27900000e-04  1.51699450e-07 
 3.28000000e-04  1.51569891e-07 
 3.28100000e-04  1.67466163e-07 
 3.28200000e-04  1.67287095e-07 
 3.28300000e-04  1.67205041e-07 
 3.28400000e-04  1.67129750e-07 
 3.28500000e-04  1.67069502e-07 
 3.28600000e-04  1.54610180e-07 
 3.28700000e-04  1.54240288e-07 
 3.28800000e-04  1.54027844e-07 
 3.28900000e-04  1.53877619e-07 
 3.29000000e-04  1.53791524e-07 
 3.29100000e-04  1.67175444e-07 
 3.29200000e-04  1.66966267e-07 
 3.29300000e-04  1.66889807e-07 
 3.29400000e-04  1.66822542e-07 
 3.29500000e-04  1.66802729e-07 
 3.29600000e-04  1.53086414e-07 
 3.29700000e-04  1.52663451e-07 
 3.29800000e-04  1.52421083e-07 
 3.29900000e-04  1.52243763e-07 
 3.30000000e-04  1.52133428e-07 
 3.30100000e-04  1.70743668e-07 
 3.30200000e-04  1.69974416e-07 
 3.30300000e-04  1.69735402e-07 
 3.30400000e-04  1.69633676e-07 
 3.30500000e-04  1.69576311e-07 
 3.30600000e-04  1.57965645e-07 
 3.30700000e-04  1.57408539e-07 
 3.30800000e-04  1.57146580e-07 
 3.30900000e-04  1.56958298e-07 
 3.31000000e-04  1.56845202e-07 
 3.31100000e-04  1.03754184e-04 
 3.31200000e-04  1.03753726e-04 
 3.31300000e-04  1.03753597e-04 
 3.31400000e-04  1.03753490e-04 
 3.31500000e-04  1.03753447e-04 
 3.31600000e-04  1.03739807e-04 
 3.31700000e-04  1.03739305e-04 
 3.31800000e-04  1.03739054e-04 
 3.31900000e-04  1.03738862e-04 
 3.32000000e-04  1.03738732e-04 
 3.32100000e-04  1.69177873e-07 
 3.32200000e-04  1.68958632e-07 
 3.32300000e-04  1.68872881e-07 
 3.32400000e-04  1.68796695e-07 
 3.32500000e-04  1.68759186e-07 
 3.32600000e-04  1.56272367e-07 
 3.32700000e-04  1.55863958e-07 
 3.32800000e-04  1.55676287e-07 
 3.32900000e-04  1.55537584e-07 
 3.33000000e-04  1.55449332e-07 
 3.33100000e-04  1.68932482e-07 
 3.33200000e-04  1.68715462e-07 
 3.33300000e-04  1.68640006e-07 
 3.33400000e-04  1.68574798e-07 
 3.33500000e-04  1.68529983e-07 
 3.33600000e-04  1.54743472e-07 
 3.33700000e-04  1.54321700e-07 
 3.33800000e-04  1.54094952e-07 
 3.33900000e-04  1.53921651e-07 
 3.34000000e-04  1.53803422e-07 
 3.34100000e-04  1.70841632e-07 
 3.34200000e-04  1.70434149e-07 
 3.34300000e-04  1.70299222e-07 
 3.34400000e-04  1.70182972e-07 
 3.34500000e-04  1.70130004e-07 
 3.34600000e-04  1.60164547e-07 
 3.34700000e-04  1.59799942e-07 
 3.34800000e-04  1.59603750e-07 
 3.34900000e-04  1.59479534e-07 
 3.35000000e-04  1.59429504e-07 
 3.35100000e-04  1.68512103e-07 
 3.35200000e-04  1.68225720e-07 
 3.35300000e-04  1.68117360e-07 
 3.35400000e-04  1.68020248e-07 
 3.35500000e-04  1.67985815e-07 
 3.35600000e-04  1.54284885e-07 
 3.35700000e-04  1.53790153e-07 
 3.35800000e-04  1.53538742e-07 
 3.35900000e-04  1.53349603e-07 
 3.36000000e-04  1.53224638e-07 
 3.36100000e-04  1.69189476e-07 
 3.36200000e-04  1.69007127e-07 
 3.36300000e-04  1.68920573e-07 
 3.36400000e-04  1.68840788e-07 
 3.36500000e-04  1.68794932e-07 
 3.36600000e-04  1.56246379e-07 
 3.36700000e-04  1.55874868e-07 
 3.36800000e-04  1.55683255e-07 
 3.36900000e-04  1.55546845e-07 
 3.37000000e-04  1.55467315e-07 
 3.37100000e-04  1.68931430e-07 
 3.37200000e-04  1.68708580e-07 
 3.37300000e-04  1.68629928e-07 
 3.37400000e-04  1.68561652e-07 
 3.37500000e-04  1.68534258e-07 
 3.37600000e-04  1.54738286e-07 
 3.37700000e-04  1.54331544e-07 
 3.37800000e-04  1.54094266e-07 
 3.37900000e-04  1.53918425e-07 
 3.38000000e-04  1.53805896e-07 
 3.38100000e-04  1.70313046e-07 
 3.38200000e-04  1.70019069e-07 
 3.38300000e-04  1.69902324e-07 
 3.38400000e-04  1.69797654e-07 
 3.38500000e-04  1.69753470e-07 
 3.38600000e-04  1.58508877e-07 
 3.38700000e-04  1.58123037e-07 
 3.38800000e-04  1.57925221e-07 
 3.38900000e-04  1.57796283e-07 
 3.39000000e-04  1.57738334e-07 
 3.39100000e-04  1.69022996e-07 
 3.39200000e-04  1.68752807e-07 
 3.39300000e-04  1.68664998e-07 
 3.39400000e-04  1.68589840e-07 
 3.39500000e-04  1.68542443e-07 
 3.39600000e-04  1.54795984e-07 
 3.39700000e-04  1.54327738e-07 
 3.39800000e-04  1.54095684e-07 
 3.39900000e-04  1.53921626e-07 
 3.40000000e-04  1.53807331e-07 
 3.40100000e-04  1.69777255e-07 
 3.40200000e-04  1.69597176e-07 
 3.40300000e-04  1.69518647e-07 
 3.40400000e-04  1.69447062e-07 
 3.40500000e-04  1.69400416e-07 
 3.40600000e-04  1.56824187e-07 
 3.40700000e-04  1.56458010e-07 
 3.40800000e-04  1.56263513e-07 
 3.40900000e-04  1.56124296e-07 
 3.41000000e-04  1.56042036e-07 
 3.41100000e-04  1.69552087e-07 
 3.41200000e-04  1.69306737e-07 
 3.41300000e-04  1.69232769e-07 
 3.41400000e-04  1.69171673e-07 
 3.41500000e-04  1.69147115e-07 
 3.41600000e-04  1.55321192e-07 
 3.41700000e-04  1.54892855e-07 
 3.41800000e-04  1.54662523e-07 
 3.41900000e-04  1.54492715e-07 
 3.42000000e-04  1.54385274e-07 
 3.42100000e-04  1.71984544e-07 
 3.42200000e-04  1.71473390e-07 
 3.42300000e-04  1.71309252e-07 
 3.42400000e-04  1.71168109e-07 
 3.42500000e-04  1.71102406e-07 
 3.42600000e-04  1.62406776e-07 
 3.42700000e-04  1.62042209e-07 
 3.42800000e-04  1.61849974e-07 
 3.42900000e-04  1.61729149e-07 
 3.43000000e-04  1.61681919e-07 
 3.43100000e-04  1.68807600e-07 
 3.43200000e-04  1.68397962e-07 
 3.43300000e-04  1.68252252e-07 
 3.43400000e-04  1.68124574e-07 
 3.43500000e-04  1.68060512e-07 
 3.43600000e-04  1.54384340e-07 
 3.43700000e-04  1.53840297e-07 
 3.43800000e-04  1.53573580e-07 
 3.43900000e-04  1.53372236e-07 
 3.44000000e-04  1.53238258e-07 
 3.44100000e-04  1.69215578e-07 
 3.44200000e-04  1.69012909e-07 
 3.44300000e-04  1.68929787e-07 
 3.44400000e-04  1.68855667e-07 
 3.44500000e-04  1.68818777e-07 
 3.44600000e-04  1.56264423e-07 
 3.44700000e-04  1.55895410e-07 
 3.44800000e-04  1.55702069e-07 
 3.44900000e-04  1.55559366e-07 
 3.45000000e-04  1.55468827e-07 
 3.45100000e-04  1.68944352e-07 
 3.45200000e-04  1.68712305e-07 
 3.45300000e-04  1.68637792e-07 
 3.45400000e-04  1.68574771e-07 
 3.45500000e-04  1.68549261e-07 
 3.45600000e-04  1.54751661e-07 
 3.45700000e-04  1.54336585e-07 
 3.45800000e-04  1.54098663e-07 
 3.45900000e-04  1.53922574e-07 
 3.46000000e-04  1.53810195e-07 
 3.46100000e-04  1.70321434e-07 
 3.46200000e-04  1.70013247e-07 
 3.46300000e-04  1.69910816e-07 
 3.46400000e-04  1.69823294e-07 
 3.46500000e-04  1.69766929e-07 
 3.46600000e-04  1.58491866e-07 
 3.46700000e-04  1.58138843e-07 
 3.46800000e-04  1.57939367e-07 
 3.46900000e-04  1.57805912e-07 
 3.47000000e-04  1.57740494e-07 
 3.47100000e-04  1.69020770e-07 
 3.47200000e-04  1.68751887e-07 
 3.47300000e-04  1.68667120e-07 
 3.47400000e-04  1.68595107e-07 
 3.47500000e-04  1.68547384e-07 
 3.47600000e-04  1.54787587e-07 
 3.47700000e-04  1.54322773e-07 
 3.47800000e-04  1.54093203e-07 
 3.47900000e-04  1.53914748e-07 
 3.48000000e-04  1.53788946e-07 
 3.48100000e-04  1.69781686e-07 
 3.48200000e-04  1.69604417e-07 
 3.48300000e-04  1.69522576e-07 
 3.48400000e-04  1.69447107e-07 
 3.48500000e-04  1.69393895e-07 
 3.48600000e-04  1.56827453e-07 
 3.48700000e-04  1.56461562e-07 
 3.48800000e-04  1.56266639e-07 
 3.48900000e-04  1.56128006e-07 
 3.49000000e-04  1.56047365e-07 
 3.49100000e-04  1.69534402e-07 
 3.49200000e-04  1.69325708e-07 
 3.49300000e-04  1.69246155e-07 
 3.49400000e-04  1.69175318e-07 
 3.49500000e-04  1.69135928e-07 
 3.49600000e-04  1.55319261e-07 
 3.49700000e-04  1.54913977e-07 
 3.49800000e-04  1.54680357e-07 
 3.49900000e-04  1.54508633e-07 
 3.50000000e-04  1.54400682e-07 
 3.50100000e-04  1.71446903e-07 
 3.50200000e-04  1.71048848e-07 
 3.50300000e-04  1.70912684e-07 
 3.50400000e-04  1.70794002e-07 
 3.50500000e-04  1.70748968e-07 
 3.50600000e-04  1.60740402e-07 
 3.50700000e-04  1.60370214e-07 
 3.50800000e-04  1.60178584e-07 
 3.50900000e-04  1.60058159e-07 
 3.51000000e-04  1.60011108e-07 
 3.51100000e-04  1.69151259e-07 
 3.51200000e-04  1.68837048e-07 
 3.51300000e-04  1.68725350e-07 
 3.51400000e-04  1.68627475e-07 
 3.51500000e-04  1.68610366e-07 
 3.51600000e-04  1.54869855e-07 
 3.51700000e-04  1.54374023e-07 
 3.51800000e-04  1.54116230e-07 
 3.51900000e-04  1.53924763e-07 
 3.52000000e-04  1.53801640e-07 
 3.52100000e-04  1.69807858e-07 
 3.52200000e-04  1.69604410e-07 
 3.52300000e-04  1.69519949e-07 
 3.52400000e-04  1.69444411e-07 
 3.52500000e-04  1.69401039e-07 
 3.52600000e-04  1.56842603e-07 
 3.52700000e-04  1.56461432e-07 
 3.52800000e-04  1.56271879e-07 
 3.52900000e-04  1.56139758e-07 
 3.53000000e-04  1.56066802e-07 
 3.53100000e-04  1.69565169e-07 
 3.53200000e-04  1.69322955e-07 
 3.53300000e-04  1.69239495e-07 
 3.53400000e-04  1.69168144e-07 
 3.53500000e-04  1.69150624e-07 
 3.53600000e-04  1.55316815e-07 
 3.53700000e-04  1.54915842e-07 
 3.53800000e-04  1.54679973e-07 
 3.53900000e-04  1.54506229e-07 
 3.54000000e-04  1.54396494e-07 
 3.54100000e-04  1.70927955e-07 
 3.54200000e-04  1.70622972e-07 
 3.54300000e-04  1.70516186e-07 
 3.54400000e-04  1.70423490e-07 
 3.54500000e-04  1.70381787e-07 
 3.54600000e-04  1.59078726e-07 
 3.54700000e-04  1.58729044e-07 
 3.54800000e-04  1.58529087e-07 
 3.54900000e-04  1.58395572e-07 
 3.55000000e-04  1.58330517e-07 
 3.55100000e-04  1.69631769e-07 
 3.55200000e-04  1.69380153e-07 
 3.55300000e-04  1.69282816e-07 
 3.55400000e-04  1.69195282e-07 
 3.55500000e-04  1.69170370e-07 
 3.55600000e-04  1.55376330e-07 
 3.55700000e-04  1.54931869e-07 
 3.55800000e-04  1.54686983e-07 
 3.55900000e-04  1.54501847e-07 
 3.56000000e-04  1.54378263e-07 
 3.56100000e-04  1.70400284e-07 
 3.56200000e-04  1.70212362e-07 
 3.56300000e-04  1.70133342e-07 
 3.56400000e-04  1.70062060e-07 
 3.56500000e-04  1.70023510e-07 
 3.56600000e-04  1.57412098e-07 
 3.56700000e-04  1.57058874e-07 
 3.56800000e-04  1.56866942e-07 
 3.56900000e-04  1.56728089e-07 
 3.57000000e-04  1.56643912e-07 
 3.57100000e-04  1.70175997e-07 
 3.57200000e-04  1.69941825e-07 
 3.57300000e-04  1.69864074e-07 
 3.57400000e-04  1.69797983e-07 
 3.57500000e-04  1.69769234e-07 
 3.57600000e-04  1.55921454e-07 
 3.57700000e-04  1.55504571e-07 
 3.57800000e-04  1.55269428e-07 
 3.57900000e-04  1.55094637e-07 
 3.58000000e-04  1.54982020e-07 
 3.58100000e-04  1.73136013e-07 
 3.58200000e-04  1.72523236e-07 
 3.58300000e-04  1.72328742e-07 
 3.58400000e-04  1.72161517e-07 
 3.58500000e-04  1.72084376e-07 
 3.58600000e-04  1.64669076e-07 
 3.58700000e-04  1.64290381e-07 
 3.58800000e-04  1.64106428e-07 
 3.58900000e-04  1.63999553e-07 
 3.59000000e-04  1.63972109e-07 
 3.59100000e-04  1.69430865e-07 
 3.59200000e-04  1.68633886e-07 
 3.59300000e-04  1.68393171e-07 
 3.59400000e-04  1.68190118e-07 
 3.59500000e-04  1.68096937e-07 
 3.59600000e-04  1.54438575e-07 
 3.59700000e-04  1.53866467e-07 
 3.59800000e-04  1.53592507e-07 
 3.59900000e-04  1.53382285e-07 
 3.60000000e-04  1.53237730e-07 
 3.60100000e-04  1.69234417e-07 
 3.60200000e-04  1.69049179e-07 
 3.60300000e-04  1.68953770e-07 
 3.60400000e-04  1.68864635e-07 
 3.60500000e-04  1.68822471e-07 
 3.60600000e-04  1.56265448e-07 
 3.60700000e-04  1.55891547e-07 
 3.60800000e-04  1.55691840e-07 
 3.60900000e-04  1.55549783e-07 
 3.61000000e-04  1.55467113e-07 
 3.61100000e-04  1.68959279e-07 
 3.61200000e-04  1.68730137e-07 
 3.61300000e-04  1.68650540e-07 
 3.61400000e-04  1.68581578e-07 
 3.61500000e-04  1.68551385e-07 
 3.61600000e-04  1.54742014e-07 
 3.61700000e-04  1.54316746e-07 
 3.61800000e-04  1.54089821e-07 
 3.61900000e-04  1.53920528e-07 
 3.62000000e-04  1.53810594e-07 
 3.62100000e-04  1.70321479e-07 
 3.62200000e-04  1.70034213e-07 
 3.62300000e-04  1.69922997e-07 
 3.62400000e-04  1.69823841e-07 
 3.62500000e-04  1.69764977e-07 
 3.62600000e-04  1.58516558e-07 
 3.62700000e-04  1.58132453e-07 
 3.62800000e-04  1.57934269e-07 
 3.62900000e-04  1.57797477e-07 
 3.63000000e-04  1.57723926e-07 
 3.63100000e-04  1.69016549e-07 
 3.63200000e-04  1.68752630e-07 
 3.63300000e-04  1.68666842e-07 
 3.63400000e-04  1.68593184e-07 
 3.63500000e-04  1.68546911e-07 
 3.63600000e-04  1.54786462e-07 
 3.63700000e-04  1.54343300e-07 
 3.63800000e-04  1.54090668e-07 
 3.63900000e-04  1.53910390e-07 
 3.64000000e-04  1.53804661e-07 
 3.64100000e-04  1.69783173e-07 
 3.64200000e-04  1.69608315e-07 
 3.64300000e-04  1.69518269e-07 
 3.64400000e-04  1.69433799e-07 
 3.64500000e-04  1.69395946e-07 
 3.64600000e-04  1.56838250e-07 
 3.64700000e-04  1.56469771e-07 
 3.64800000e-04  1.56273530e-07 
 3.64900000e-04  1.56137182e-07 
 3.65000000e-04  1.56062526e-07 
 3.65100000e-04  1.69556750e-07 
 3.65200000e-04  1.69324427e-07 
 3.65300000e-04  1.69238775e-07 
 3.65400000e-04  1.69164040e-07 
 3.65500000e-04  1.69144355e-07 
 3.65600000e-04  1.55331629e-07 
 3.65700000e-04  1.54897158e-07 
 3.65800000e-04  1.54669129e-07 
 3.65900000e-04  1.54496953e-07 
 3.66000000e-04  1.54382302e-07 
 3.66100000e-04  1.71451519e-07 
 3.66200000e-04  1.71055717e-07 
 3.66300000e-04  1.70919065e-07 
 3.66400000e-04  1.70799718e-07 
 3.66500000e-04  1.70731402e-07 
 3.66600000e-04  1.60741545e-07 
 3.66700000e-04  1.60382677e-07 
 3.66800000e-04  1.60184343e-07 
 3.66900000e-04  1.60056285e-07 
 3.67000000e-04  1.60000630e-07 
 3.67100000e-04  1.69145376e-07 
 3.67200000e-04  1.68846523e-07 
 3.67300000e-04  1.68740815e-07 
 3.67400000e-04  1.68648013e-07 
 3.67500000e-04  1.68607939e-07 
 3.67600000e-04  1.54867107e-07 
 3.67700000e-04  1.54359130e-07 
 3.67800000e-04  1.54119804e-07 
 3.67900000e-04  1.53939819e-07 
 3.68000000e-04  1.53820956e-07 
 3.68100000e-04  1.69805246e-07 
 3.68200000e-04  1.69630804e-07 
 3.68300000e-04  1.69544913e-07 
 3.68400000e-04  1.69465219e-07 
 3.68500000e-04  1.69420657e-07 
 3.68600000e-04  1.56837018e-07 
 3.68700000e-04  1.56471068e-07 
 3.68800000e-04  1.56279744e-07 
 3.68900000e-04  1.56144037e-07 
 3.69000000e-04  1.56065504e-07 
 3.69100000e-04  1.71309681e-07 
 3.69200000e-04  1.70801009e-07 
 3.69300000e-04  1.70637904e-07 
 3.69400000e-04  1.70551177e-07 
 3.69500000e-04  1.70489130e-07 
 3.69600000e-04  1.56184432e-07 
 3.69700000e-04  1.55600840e-07 
 3.69800000e-04  1.55334962e-07 
 3.69900000e-04  1.55147678e-07 
 3.70000000e-04  1.55040567e-07 
 3.70100000e-04  1.03757876e-04 
 3.70200000e-04  1.03757384e-04 
 3.70300000e-04  1.03757230e-04 
 3.70400000e-04  1.03757099e-04 
 3.70500000e-04  1.03757024e-04 
 3.70600000e-04  1.03745756e-04 
 3.70700000e-04  1.03745360e-04 
 3.70800000e-04  1.03745166e-04 
 3.70900000e-04  1.03745030e-04 
 3.71000000e-04  1.03744956e-04 
 3.71100000e-04  1.70785773e-07 
 3.71200000e-04  1.70484757e-07 
 3.71300000e-04  1.70385106e-07 
 3.71400000e-04  1.70298471e-07 
 3.71500000e-04  1.70275740e-07 
 3.71600000e-04  1.56491138e-07 
 3.71700000e-04  1.55997827e-07 
 3.71800000e-04  1.55765949e-07 
 3.71900000e-04  1.55596148e-07 
 3.72000000e-04  1.55490289e-07 
 3.72100000e-04  1.71562584e-07 
 3.72200000e-04  1.71364450e-07 
 3.72300000e-04  1.71279844e-07 
 3.72400000e-04  1.71203559e-07 
 3.72500000e-04  1.71167869e-07 
 3.72600000e-04  1.58515548e-07 
 3.72700000e-04  1.58138237e-07 
 3.72800000e-04  1.57946683e-07 
 3.72900000e-04  1.57814939e-07 
 3.73000000e-04  1.57744797e-07 
 3.73100000e-04  1.71332774e-07 
 3.73200000e-04  1.71086786e-07 
 3.73300000e-04  1.71006092e-07 
 3.73400000e-04  1.70937909e-07 
 3.73500000e-04  1.70907948e-07 
 3.73600000e-04  1.56977866e-07 
 3.73700000e-04  1.56588320e-07 
 3.73800000e-04  1.56367534e-07 
 3.73900000e-04  1.56198522e-07 
 3.74000000e-04  1.56082820e-07 
 3.74100000e-04  1.73774725e-07 
 3.74200000e-04  1.73239459e-07 
 3.74300000e-04  1.73075346e-07 
 3.74400000e-04  1.72936617e-07 
 3.74500000e-04  1.72857070e-07 
 3.74600000e-04  1.64081475e-07 
 3.74700000e-04  1.63702367e-07 
 3.74800000e-04  1.63539390e-07 
 3.74900000e-04  1.63432135e-07 
 3.75000000e-04  1.63382262e-07 
 3.75100000e-04  1.70587134e-07 
 3.75200000e-04  1.70178770e-07 
 3.75300000e-04  1.70025830e-07 
 3.75400000e-04  1.69890171e-07 
 3.75500000e-04  1.69813088e-07 
 3.75600000e-04  1.56053747e-07 
 3.75700000e-04  1.55501378e-07 
 3.75800000e-04  1.55239105e-07 
 3.75900000e-04  1.55045347e-07 
 3.76000000e-04  1.54922164e-07 
 3.76100000e-04  1.70985713e-07 
 3.76200000e-04  1.70783325e-07 
 3.76300000e-04  1.70693932e-07 
 3.76400000e-04  1.70613035e-07 
 3.76500000e-04  1.70575045e-07 
 3.76600000e-04  1.57917754e-07 
 3.76700000e-04  1.57549409e-07 
 3.76800000e-04  1.57366596e-07 
 3.76900000e-04  1.57229546e-07 
 3.77000000e-04  1.57139604e-07 
 3.77100000e-04  1.70717950e-07 
 3.77200000e-04  1.70472497e-07 
 3.77300000e-04  1.70389987e-07 
 3.77400000e-04  1.70319460e-07 
 3.77500000e-04  1.70288322e-07 
 3.77600000e-04  1.56398318e-07 
 3.77700000e-04  1.55992721e-07 
 3.77800000e-04  1.55767804e-07 
 3.77900000e-04  1.55595828e-07 
 3.78000000e-04  1.55478361e-07 
 3.78100000e-04  1.72088288e-07 
 3.78200000e-04  1.71788343e-07 
 3.78300000e-04  1.71668780e-07 
 3.78400000e-04  1.71561678e-07 
 3.78500000e-04  1.71516196e-07 
 3.78600000e-04  1.60153186e-07 
 3.78700000e-04  1.59802280e-07 
 3.78800000e-04  1.59603906e-07 
 3.78900000e-04  1.59476183e-07 
 3.79000000e-04  1.59421239e-07 
 3.79100000e-04  1.70797210e-07 
 3.79200000e-04  1.70520308e-07 
 3.79300000e-04  1.70423714e-07 
 3.79400000e-04  1.70339541e-07 
 3.79500000e-04  1.70292791e-07 
 3.79600000e-04  1.56448838e-07 
 3.79700000e-04  1.56004243e-07 
 3.79800000e-04  1.55770525e-07 
 3.79900000e-04  1.55594215e-07 
 3.80000000e-04  1.55477027e-07 
 3.80100000e-04  1.71550369e-07 
 3.80200000e-04  1.71366110e-07 
 3.80300000e-04  1.71274498e-07 
 3.80400000e-04  1.71189195e-07 
 3.80500000e-04  1.71159294e-07 
 3.80600000e-04  1.58480682e-07 
 3.80700000e-04  1.58119476e-07 
 3.80800000e-04  1.57941725e-07 
 3.80900000e-04  1.57810060e-07 
 3.81000000e-04  1.57725827e-07 
 3.81100000e-04  1.71308488e-07 
 3.81200000e-04  1.71078501e-07 
 3.81300000e-04  1.70996095e-07 
 3.81400000e-04  1.70923861e-07 
 3.81500000e-04  1.70877457e-07 
 3.81600000e-04  1.56967437e-07 
 3.81700000e-04  1.56582269e-07 
 3.81800000e-04  1.56357346e-07 
 3.81900000e-04  1.56186171e-07 
 3.82000000e-04  1.56070337e-07 
 3.82100000e-04  1.73223583e-07 
 3.82200000e-04  1.72811017e-07 
 3.82300000e-04  1.72672817e-07 
 3.82400000e-04  1.72553290e-07 
 3.82500000e-04  1.72489407e-07 
 3.82600000e-04  1.62395530e-07 
 3.82700000e-04  1.62036154e-07 
 3.82800000e-04  1.61855501e-07 
 3.82900000e-04  1.61741275e-07 
 3.83000000e-04  1.61695464e-07 
 3.83100000e-04  1.70919462e-07 
 3.83200000e-04  1.70597980e-07 
 3.83300000e-04  1.70483775e-07 
 3.83400000e-04  1.70383842e-07 
 3.83500000e-04  1.70350487e-07 
 3.83600000e-04  1.56525636e-07 
 3.83700000e-04  1.56020420e-07 
 3.83800000e-04  1.55785466e-07 
 3.83900000e-04  1.55606174e-07 
 3.84000000e-04  1.55484193e-07 
 3.84100000e-04  1.71581769e-07 
 3.84200000e-04  1.71385832e-07 
 3.84300000e-04  1.71293582e-07 
 3.84400000e-04  1.71208671e-07 
 3.84500000e-04  1.71170017e-07 
 3.84600000e-04  1.58505568e-07 
 3.84700000e-04  1.58145772e-07 
 3.84800000e-04  1.57956513e-07 
 3.84900000e-04  1.57821677e-07 
 3.85000000e-04  1.57742868e-07 
 3.85100000e-04  1.71323657e-07 
 3.85200000e-04  1.71083923e-07 
 3.85300000e-04  1.71005723e-07 
 3.85400000e-04  1.70939169e-07 
 3.85500000e-04  1.70896717e-07 
 3.85600000e-04  1.56996775e-07 
 3.85700000e-04  1.56581744e-07 
 3.85800000e-04  1.56348904e-07 
 3.85900000e-04  1.56180935e-07 
 3.86000000e-04  1.56079778e-07 
 3.86100000e-04  1.72696263e-07 
 3.86200000e-04  1.72393379e-07 
 3.86300000e-04  1.72276523e-07 
 3.86400000e-04  1.72172259e-07 
 3.86500000e-04  1.72127977e-07 
 3.86600000e-04  1.60745137e-07 
 3.86700000e-04  1.60374534e-07 
 3.86800000e-04  1.60200735e-07 
 3.86900000e-04  1.60081614e-07 
 3.87000000e-04  1.60018784e-07 
 3.87100000e-04  1.71407108e-07 
 3.87200000e-04  1.71128749e-07 
 3.87300000e-04  1.71032653e-07 
 3.87400000e-04  1.70948976e-07 
 3.87500000e-04  1.70917413e-07 
 3.87600000e-04  1.57035332e-07 
 3.87700000e-04  1.56587318e-07 
 3.87800000e-04  1.56351226e-07 
 3.87900000e-04  1.56176811e-07 
 3.88000000e-04  1.56065907e-07 
 3.88100000e-04  1.72181032e-07 
 3.88200000e-04  1.71975977e-07 
 3.88300000e-04  1.71886466e-07 
 3.88400000e-04  1.71805754e-07 
 3.88500000e-04  1.71762264e-07 
 3.88600000e-04  1.59068937e-07 
 3.88700000e-04  1.58712748e-07 
 3.88800000e-04  1.58533272e-07 
 3.88900000e-04  1.58405299e-07 
 3.89000000e-04  1.58330343e-07 
 3.89100000e-04  1.71938250e-07 
 3.89200000e-04  1.71697910e-07 
 3.89300000e-04  1.71618987e-07 
 3.89400000e-04  1.71551588e-07 
 3.89500000e-04  1.71516041e-07 
 3.89600000e-04  1.57577664e-07 
 3.89700000e-04  1.57165301e-07 
 3.89800000e-04  1.56945157e-07 
 3.89900000e-04  1.56781579e-07 
 3.90000000e-04  1.56676236e-07 
 3.90100000e-04  1.75969737e-07 
 3.90200000e-04  1.75128799e-07 
 3.90300000e-04  1.74870587e-07 
 3.90400000e-04  1.74650575e-07 
 3.90500000e-04  1.74570615e-07 
 3.90600000e-04  1.69651649e-07 
 3.90700000e-04  1.69268394e-07 
 3.90800000e-04  1.69111085e-07 
 3.90900000e-04  1.69024428e-07 
 3.91000000e-04  1.69010541e-07 
 3.91100000e-04  1.70178659e-07 
 3.91200000e-04  1.69193442e-07 
 3.91300000e-04  1.68930082e-07 
 3.91400000e-04  1.68712904e-07 
 3.91500000e-04  1.68635864e-07 
 3.91600000e-04  1.55013430e-07 
 3.91700000e-04  1.54345550e-07 
 3.91800000e-04  1.54061725e-07 
 3.91900000e-04  1.53857305e-07 
 3.92000000e-04  1.53734685e-07 
 3.92100000e-04  1.69749967e-07 
 3.92200000e-04  1.69553027e-07 
 3.92300000e-04  1.69465953e-07 
 3.92400000e-04  1.69386605e-07 
 3.92500000e-04  1.69335720e-07 
 3.92600000e-04  1.56741334e-07 
 3.92700000e-04  1.56367447e-07 
 3.92800000e-04  1.56187890e-07 
 3.92900000e-04  1.56055465e-07 
 3.93000000e-04  1.55971541e-07 
 3.93100000e-04  1.69476332e-07 
 3.93200000e-04  1.69239356e-07 
 3.93300000e-04  1.69160464e-07 
 3.93400000e-04  1.69093345e-07 
 3.93500000e-04  1.69043810e-07 
 3.93600000e-04  1.55232457e-07 
 3.93700000e-04  1.54806609e-07 
 3.93800000e-04  1.54589556e-07 
 3.93900000e-04  1.54416685e-07 
 3.94000000e-04  1.54289269e-07 
 3.94100000e-04  1.70830598e-07 
 3.94200000e-04  1.70540181e-07 
 3.94300000e-04  1.70430229e-07 
 3.94400000e-04  1.70332111e-07 
 3.94500000e-04  1.70269569e-07 
 3.94600000e-04  1.58993337e-07 
 3.94700000e-04  1.58613119e-07 
 3.94800000e-04  1.58424109e-07 
 3.94900000e-04  1.58290582e-07 
 3.95000000e-04  1.58214169e-07 
 3.95100000e-04  1.69541527e-07 
 3.95200000e-04  1.69267479e-07 
 3.95300000e-04  1.69185319e-07 
 3.95400000e-04  1.69116543e-07 
 3.95500000e-04  1.69066395e-07 
 3.95600000e-04  1.55279949e-07 
 3.95700000e-04  1.54827334e-07 
 3.95800000e-04  1.54580744e-07 
 3.95900000e-04  1.54401589e-07 
 3.96000000e-04  1.54291882e-07 
 3.96100000e-04  1.70294630e-07 
 3.96200000e-04  1.70124108e-07 
 3.96300000e-04  1.70039501e-07 
 3.96400000e-04  1.69960354e-07 
 3.96500000e-04  1.69914203e-07 
 3.96600000e-04  1.57306343e-07 
 3.96700000e-04  1.56954037e-07 
 3.96800000e-04  1.56754753e-07 
 3.96900000e-04  1.56611748e-07 
 3.97000000e-04  1.56526676e-07 
 3.97100000e-04  1.70069806e-07 
 3.97200000e-04  1.69834080e-07 
 3.97300000e-04  1.69757476e-07 
 3.97400000e-04  1.69692533e-07 
 3.97500000e-04  1.69647742e-07 
 3.97600000e-04  1.55801575e-07 
 3.97700000e-04  1.55391004e-07 
 3.97800000e-04  1.55165512e-07 
 3.97900000e-04  1.54997112e-07 
 3.98000000e-04  1.54887486e-07 
 3.98100000e-04  1.71980279e-07 
 3.98200000e-04  1.71561487e-07 
 3.98300000e-04  1.71424517e-07 
 3.98400000e-04  1.71306877e-07 
 3.98500000e-04  1.71245271e-07 
 3.98600000e-04  1.61232208e-07 
 3.98700000e-04  1.60846844e-07 
 3.98800000e-04  1.60662814e-07 
 3.98900000e-04  1.60541248e-07 
 3.99000000e-04  1.60483996e-07 
 3.99100000e-04  1.69665233e-07 
 3.99200000e-04  1.69347732e-07 
 3.99300000e-04  1.69236415e-07 
 3.99400000e-04  1.69139280e-07 
 3.99500000e-04  1.69104204e-07 
 3.99600000e-04  1.55334875e-07 
 3.99700000e-04  1.54840299e-07 
 3.99800000e-04  1.54595200e-07 
 3.99900000e-04  1.54411894e-07 
 4.00000000e-04  1.54292211e-07 
 4.00100000e-04  1.70312332e-07 
 4.00200000e-04  1.70119809e-07 
 4.00300000e-04  1.70041659e-07 
 4.00400000e-04  1.69971785e-07 
 4.00500000e-04  1.69933148e-07 
 4.00600000e-04  1.57311428e-07 
 4.00700000e-04  1.56942737e-07 
 4.00800000e-04  1.56749360e-07 
 4.00900000e-04  1.56613461e-07 
 4.01000000e-04  1.56536734e-07 
 4.01100000e-04  1.70074534e-07 
 4.01200000e-04  1.69850518e-07 
 4.01300000e-04  1.69765406e-07 
 4.01400000e-04  1.69690279e-07 
 4.01500000e-04  1.69659543e-07 
 4.01600000e-04  1.55809411e-07 
 4.01700000e-04  1.55380705e-07 
 4.01800000e-04  1.55154978e-07 
 4.01900000e-04  1.54990733e-07 
 4.02000000e-04  1.54889786e-07 
 4.02100000e-04  1.71451057e-07 
 4.02200000e-04  1.71145260e-07 
 4.02300000e-04  1.71035887e-07 
 4.02400000e-04  1.70940458e-07 
 4.02500000e-04  1.70883378e-07 
 4.02600000e-04  1.59551732e-07 
 4.02700000e-04  1.59191784e-07 
 4.02800000e-04  1.58999684e-07 
 4.02900000e-04  1.58875457e-07 
 4.03000000e-04  1.58821122e-07 
 4.03100000e-04  1.70161685e-07 
 4.03200000e-04  1.69893658e-07 
 4.03300000e-04  1.69793075e-07 
 4.03400000e-04  1.69703633e-07 
 4.03500000e-04  1.69672587e-07 
 4.03600000e-04  1.55862984e-07 
 4.03700000e-04  1.55402472e-07 
 4.03800000e-04  1.55170873e-07 
 4.03900000e-04  1.54997645e-07 
 4.04000000e-04  1.54884505e-07 
 4.04100000e-04  1.70921890e-07 
 4.04200000e-04  1.70736634e-07 
 4.04300000e-04  1.70652902e-07 
 4.04400000e-04  1.70576343e-07 
 4.04500000e-04  1.70520520e-07 
 4.04600000e-04  1.57891339e-07 
 4.04700000e-04  1.57523247e-07 
 4.04800000e-04  1.57338507e-07 
 4.04900000e-04  1.57208380e-07 
 4.05000000e-04  1.57134462e-07 
 4.05100000e-04  1.70686505e-07 
 4.05200000e-04  1.70444942e-07 
 4.05300000e-04  1.70362807e-07 
 4.05400000e-04  1.70292477e-07 
 4.05500000e-04  1.70271806e-07 
 4.05600000e-04  1.56394621e-07 
 4.05700000e-04  1.55972288e-07 
 4.05800000e-04  1.55752113e-07 
 4.05900000e-04  1.55583154e-07 
 4.06000000e-04  1.55466754e-07 
 4.06100000e-04  1.75847824e-07 
 4.06200000e-04  1.74569814e-07 
 4.06300000e-04  1.74177893e-07 
 4.06400000e-04  1.74026070e-07 
 4.06500000e-04  1.73951829e-07 
 4.06600000e-04  1.64753065e-07 
 4.06700000e-04  1.64229755e-07 
 4.06800000e-04  1.63988396e-07 
 4.06900000e-04  1.63806633e-07 
 4.07000000e-04  1.63685598e-07 
 4.07100000e-04  1.03756850e-04 
 4.07200000e-04  1.03756276e-04 
 4.07300000e-04  1.03756090e-04 
 4.07400000e-04  1.03755928e-04 
 4.07500000e-04  1.03755851e-04 
 4.07600000e-04  1.03742117e-04 
 4.07700000e-04  1.03741552e-04 
 4.07800000e-04  1.03741288e-04 
 4.07900000e-04  1.03741096e-04 
 4.08000000e-04  1.03740978e-04 
 4.08100000e-04  1.71521598e-07 
 4.08200000e-04  1.71267576e-07 
 4.08300000e-04  1.71174818e-07 
 4.08400000e-04  1.71094410e-07 
 4.08500000e-04  1.71048381e-07 
 4.08600000e-04  1.58419350e-07 
 4.08700000e-04  1.58035445e-07 
 4.08800000e-04  1.57851692e-07 
 4.08900000e-04  1.57718171e-07 
 4.09000000e-04  1.57636332e-07 
 4.09100000e-04  1.71227706e-07 
 4.09200000e-04  1.70998512e-07 
 4.09300000e-04  1.70915328e-07 
 4.09400000e-04  1.70842431e-07 
 4.09500000e-04  1.70797493e-07 
 4.09600000e-04  1.56888751e-07 
 4.09700000e-04  1.56472052e-07 
 4.09800000e-04  1.56260394e-07 
 4.09900000e-04  1.56098079e-07 
 4.10000000e-04  1.55986530e-07 
 4.10100000e-04  1.72607631e-07 
 4.10200000e-04  1.72309997e-07 
 4.10300000e-04  1.72191129e-07 
 4.10400000e-04  1.72084126e-07 
 4.10500000e-04  1.72029675e-07 
 4.10600000e-04  1.60652708e-07 
 4.10700000e-04  1.60288557e-07 
 4.10800000e-04  1.60105296e-07 
 4.10900000e-04  1.59977906e-07 
 4.11000000e-04  1.59908019e-07 
 4.11100000e-04  1.71300692e-07 
 4.11200000e-04  1.71036424e-07 
 4.11300000e-04  1.70936251e-07 
 4.11400000e-04  1.70846504e-07 
 4.11500000e-04  1.70803121e-07 
 4.11600000e-04  1.56944718e-07 
 4.11700000e-04  1.56474234e-07 
 4.11800000e-04  1.56246860e-07 
 4.11900000e-04  1.56074763e-07 
 4.12000000e-04  1.55959551e-07 
 4.12100000e-04  1.72072375e-07 
 4.12200000e-04  1.71865772e-07 
 4.12300000e-04  1.71779879e-07 
 4.12400000e-04  1.71702703e-07 
 4.12500000e-04  1.71654991e-07 
 4.12600000e-04  1.58972501e-07 
 4.12700000e-04  1.58617683e-07 
 4.12800000e-04  1.58434934e-07 
 4.12900000e-04  1.58301238e-07 
 4.13000000e-04  1.58218008e-07 
 4.13100000e-04  1.71838168e-07 
 4.13200000e-04  1.71590510e-07 
 4.13300000e-04  1.71502803e-07 
 4.13400000e-04  1.71427206e-07 
 4.13500000e-04  1.71403776e-07 
 4.13600000e-04  1.57466121e-07 
 4.13700000e-04  1.57045931e-07 
 4.13800000e-04  1.56828797e-07 
 4.13900000e-04  1.56663003e-07 
 4.14000000e-04  1.56550030e-07 
 4.14100000e-04  1.73752271e-07 
 4.14200000e-04  1.73332932e-07 
 4.14300000e-04  1.73186987e-07 
 4.14400000e-04  1.73060040e-07 
 4.14500000e-04  1.72981347e-07 
 4.14600000e-04  1.62874689e-07 
 4.14700000e-04  1.62522248e-07 
 4.14800000e-04  1.62342004e-07 
 4.14900000e-04  1.62220875e-07 
 4.15000000e-04  1.62160585e-07 
 4.15100000e-04  1.71437128e-07 
 4.15200000e-04  1.71125869e-07 
 4.15300000e-04  1.71004515e-07 
 4.15400000e-04  1.70895527e-07 
 4.15500000e-04  1.70868221e-07 
 4.15600000e-04  1.56994464e-07 
 4.15700000e-04  1.56514117e-07 
 4.15800000e-04  1.56268193e-07 
 4.15900000e-04  1.56091225e-07 
 4.16000000e-04  1.55985255e-07 
 4.16100000e-04  1.72088518e-07 
 4.16200000e-04  1.71879688e-07 
 4.16300000e-04  1.71794527e-07 
 4.16400000e-04  1.71718703e-07 
 4.16500000e-04  1.71668697e-07 
 4.16600000e-04  1.58957124e-07 
 4.16700000e-04  1.58612465e-07 
 4.16800000e-04  1.58422871e-07 
 4.16900000e-04  1.58291554e-07 
 4.17000000e-04  1.58220214e-07 
 4.17100000e-04  1.71851626e-07 
 4.17200000e-04  1.71607739e-07 
 4.17300000e-04  1.71519133e-07 
 4.17400000e-04  1.71442275e-07 
 4.17500000e-04  1.71392011e-07 
 4.17600000e-04  1.57457187e-07 
 4.17700000e-04  1.57043140e-07 
 4.17800000e-04  1.56835422e-07 
 4.17900000e-04  1.56669134e-07 
 4.18000000e-04  1.56545443e-07 
 4.18100000e-04  1.73214597e-07 
 4.18200000e-04  1.72905616e-07 
 4.18300000e-04  1.72789991e-07 
 4.18400000e-04  1.72687957e-07 
 4.18500000e-04  1.72626567e-07 
 4.18600000e-04  1.61218375e-07 
 4.18700000e-04  1.60867835e-07 
 4.18800000e-04  1.60684948e-07 
 4.18900000e-04  1.60555829e-07 
 4.19000000e-04  1.60482035e-07 
 4.19100000e-04  1.71928085e-07 
 4.19200000e-04  1.71639858e-07 
 4.19300000e-04  1.71539206e-07 
 4.19400000e-04  1.71451821e-07 
 4.19500000e-04  1.71429802e-07 
 4.19600000e-04  1.57516500e-07 
 4.19700000e-04  1.57057973e-07 
 4.19800000e-04  1.56844463e-07 
 4.19900000e-04  1.56680610e-07 
 4.20000000e-04  1.56567836e-07 
 4.20100000e-04  1.72706292e-07 
 4.20200000e-04  1.72492804e-07 
 4.20300000e-04  1.72398522e-07 
 4.20400000e-04  1.72313208e-07 
 4.20500000e-04  1.72255807e-07 
 4.20600000e-04  1.59552974e-07 
 4.20700000e-04  1.59200752e-07 
 4.20800000e-04  1.59007494e-07 
 4.20900000e-04  1.58872724e-07 
 4.21000000e-04  1.58798141e-07 
 4.21100000e-04  1.72454390e-07 
 4.21200000e-04  1.72210307e-07 
 4.21300000e-04  1.72123764e-07 
 4.21400000e-04  1.72048776e-07 
 4.21500000e-04  1.72031013e-07 
 4.21600000e-04  1.58051679e-07 
 4.21700000e-04  1.57629319e-07 
 4.21800000e-04  1.57410466e-07 
 4.21900000e-04  1.57251219e-07 
 4.22000000e-04  1.57153320e-07 
 4.22100000e-04  1.75419350e-07 
 4.22200000e-04  1.74802060e-07 
 4.22300000e-04  1.74598991e-07 
 4.22400000e-04  1.74422892e-07 
 4.22500000e-04  1.74348710e-07 
 4.22600000e-04  1.66786033e-07 
 4.22700000e-04  1.66426272e-07 
 4.22800000e-04  1.66258490e-07 
 4.22900000e-04  1.66157619e-07 
 4.23000000e-04  1.66125623e-07 
 4.23100000e-04  1.71715828e-07 
 4.23200000e-04  1.70913388e-07 
 4.23300000e-04  1.70661251e-07 
 4.23400000e-04  1.70446073e-07 
 4.23500000e-04  1.70364212e-07 
 4.23600000e-04  1.56579332e-07 
 4.23700000e-04  1.56011939e-07 
 4.23800000e-04  1.55743798e-07 
 4.23900000e-04  1.55546197e-07 
 4.24000000e-04  1.55421215e-07 
 4.24100000e-04  1.71505131e-07 
 4.24200000e-04  1.71299861e-07 
 4.24300000e-04  1.71215306e-07 
 4.24400000e-04  1.71139560e-07 
 4.24500000e-04  1.71089588e-07 
 4.24600000e-04  1.58409943e-07 
 4.24700000e-04  1.58030276e-07 
 4.24800000e-04  1.57847413e-07 
 4.24900000e-04  1.57713841e-07 
 4.25000000e-04  1.57630968e-07 
 4.25100000e-04  1.71246867e-07 
 4.25200000e-04  1.71001082e-07 
 4.25300000e-04  1.70909690e-07 
 4.25400000e-04  1.70829558e-07 
 4.25500000e-04  1.70806317e-07 
 4.25600000e-04  1.56886305e-07 
 4.25700000e-04  1.56472705e-07 
 4.25800000e-04  1.56258647e-07 
 4.25900000e-04  1.56092371e-07 
 4.26000000e-04  1.55975236e-07 
 4.26100000e-04  1.72600644e-07 
 4.26200000e-04  1.72286221e-07 
 4.26300000e-04  1.72168695e-07 
 4.26400000e-04  1.72064810e-07 
 4.26500000e-04  1.72014724e-07 
 4.26600000e-04  1.60630655e-07 
 4.26700000e-04  1.60271039e-07 
 4.26800000e-04  1.60095054e-07 
 4.26900000e-04  1.59972636e-07 
 4.27000000e-04  1.59905326e-07 
 4.27100000e-04  1.71300048e-07 
 4.27200000e-04  1.71025473e-07 
 4.27300000e-04  1.70927142e-07 
 4.27400000e-04  1.70840463e-07 
 4.27500000e-04  1.70809668e-07 
 4.27600000e-04  1.56929631e-07 
 4.27700000e-04  1.56465404e-07 
 4.27800000e-04  1.56247801e-07 
 4.27900000e-04  1.56077786e-07 
 4.28000000e-04  1.55956712e-07 
 4.28100000e-04  1.72074045e-07 
 4.28200000e-04  1.71884128e-07 
 4.28300000e-04  1.71788915e-07 
 4.28400000e-04  1.71700422e-07 
 4.28500000e-04  1.71654883e-07 
 4.28600000e-04  1.58965779e-07 
 4.28700000e-04  1.58600637e-07 
 4.28800000e-04  1.58415924e-07 
 4.28900000e-04  1.58287484e-07 
 4.29000000e-04  1.58216945e-07 
 4.29100000e-04  1.71840810e-07 
 4.29200000e-04  1.71597479e-07 
 4.29300000e-04  1.71511096e-07 
 4.29400000e-04  1.71436321e-07 
 4.29500000e-04  1.71392315e-07 
 4.29600000e-04  1.57464742e-07 
 4.29700000e-04  1.57043285e-07 
 4.29800000e-04  1.56833643e-07 
 4.29900000e-04  1.56672537e-07 
 4.30000000e-04  1.56561345e-07 
 4.30100000e-04  1.73747156e-07 
 4.30200000e-04  1.73313883e-07 
 4.30300000e-04  1.73169407e-07 
 4.30400000e-04  1.73045018e-07 
 4.30500000e-04  1.72993680e-07 
 4.30600000e-04  1.62887107e-07 
 4.30700000e-04  1.62527337e-07 
 4.30800000e-04  1.62355494e-07 
 4.30900000e-04  1.62233075e-07 
 4.31000000e-04  1.62161484e-07 
 4.31100000e-04  1.71420136e-07 
 4.31200000e-04  1.71103698e-07 
 4.31300000e-04  1.70993608e-07 
 4.31400000e-04  1.70897443e-07 
 4.31500000e-04  1.70856118e-07 
 4.31600000e-04  1.56994001e-07 
 4.31700000e-04  1.56507120e-07 
 4.31800000e-04  1.56268542e-07 
 4.31900000e-04  1.56092317e-07 
 4.32000000e-04  1.55980256e-07 
 4.32100000e-04  1.72093593e-07 
 4.32200000e-04  1.71894917e-07 
 4.32300000e-04  1.71802906e-07 
 4.32400000e-04  1.71718284e-07 
 4.32500000e-04  1.71665022e-07 
 4.32600000e-04  1.58970960e-07 
 4.32700000e-04  1.58619489e-07 
 4.32800000e-04  1.58431939e-07 
 4.32900000e-04  1.58299095e-07 
 4.33000000e-04  1.58222527e-07 
 4.33100000e-04  1.71833387e-07 
 4.33200000e-04  1.71596654e-07 
 4.33300000e-04  1.71515456e-07 
 4.33400000e-04  1.71445409e-07 
 4.33500000e-04  1.71414315e-07 
 4.33600000e-04  1.57458720e-07 
 4.33700000e-04  1.57047766e-07 
 4.33800000e-04  1.56828638e-07 
 4.33900000e-04  1.56666149e-07 
 4.34000000e-04  1.56561935e-07 
 4.34100000e-04  1.73214673e-07 
 4.34200000e-04  1.72900143e-07 
 4.34300000e-04  1.72784458e-07 
 4.34400000e-04  1.72682315e-07 
 4.34500000e-04  1.72624667e-07 
 4.34600000e-04  1.61222794e-07 
 4.34700000e-04  1.60858312e-07 
 4.34800000e-04  1.60677340e-07 
 4.34900000e-04  1.60558235e-07 
 4.35000000e-04  1.60502790e-07 
 4.35100000e-04  1.71914876e-07 
 4.35200000e-04  1.71643309e-07 
 4.35300000e-04  1.71550854e-07 
 4.35400000e-04  1.71470271e-07 
 4.35500000e-04  1.71430293e-07 
 4.35600000e-04  1.57504863e-07 
 4.35700000e-04  1.57076053e-07 
 4.35800000e-04  1.56846649e-07 
 4.35900000e-04  1.56674975e-07 
 4.36000000e-04  1.56562692e-07 
 4.36100000e-04  1.72690516e-07 
 4.36200000e-04  1.72488419e-07 
 4.36300000e-04  1.72395384e-07 
 4.36400000e-04  1.72309844e-07 
 4.36500000e-04  1.72268572e-07 
 4.36600000e-04  1.59539969e-07 
 4.36700000e-04  1.59187161e-07 
 4.36800000e-04  1.59010675e-07 
 4.36900000e-04  1.58885670e-07 
 4.37000000e-04  1.58813609e-07 
 4.37100000e-04  1.72457955e-07 
 4.37200000e-04  1.72207681e-07 
 4.37300000e-04  1.72120736e-07 
 4.37400000e-04  1.72045873e-07 
 4.37500000e-04  1.72028519e-07 
 4.37600000e-04  1.58051538e-07 
 4.37700000e-04  1.57632112e-07 
 4.37800000e-04  1.57425238e-07 
 4.37900000e-04  1.57262812e-07 
 4.38000000e-04  1.57146076e-07 
 4.38100000e-04  1.74904362e-07 
 4.38200000e-04  1.74361895e-07 
 4.38300000e-04  1.74194628e-07 
 4.38400000e-04  1.74053435e-07 
 4.38500000e-04  1.73970884e-07 
 4.38600000e-04  1.65124376e-07 
 4.38700000e-04  1.64766516e-07 
 4.38800000e-04  1.64599211e-07 
 4.38900000e-04  1.64491695e-07 
 4.39000000e-04  1.64445691e-07 
 4.39100000e-04  1.71712586e-07 
 4.39200000e-04  1.71299758e-07 
 4.39300000e-04  1.71147339e-07 
 4.39400000e-04  1.71012558e-07 
 4.39500000e-04  1.70937937e-07 
 4.39600000e-04  1.57111031e-07 
 4.39700000e-04  1.56567445e-07 
 4.39800000e-04  1.56312945e-07 
 4.39900000e-04  1.56122194e-07 
 4.40000000e-04  1.55997039e-07 
 4.40100000e-04  1.72128339e-07 
 4.40200000e-04  1.71928046e-07 
 4.40300000e-04  1.71833149e-07 
 4.40400000e-04  1.71745702e-07 
 4.40500000e-04  1.71684527e-07 
 4.40600000e-04  1.58978359e-07 
 4.40700000e-04  1.58623307e-07 
 4.40800000e-04  1.58433728e-07 
 4.40900000e-04  1.58305409e-07 
 4.41000000e-04  1.58240123e-07 
 4.41100000e-04  1.71865589e-07 
 4.41200000e-04  1.71623877e-07 
 4.41300000e-04  1.71525017e-07 
 4.41400000e-04  1.71436786e-07 
 4.41500000e-04  1.71418588e-07 
 4.41600000e-04  1.57473136e-07 
 4.41700000e-04  1.57072939e-07 
 4.41800000e-04  1.56839230e-07 
 4.41900000e-04  1.56671292e-07 
 4.42000000e-04  1.56571033e-07 
 4.42100000e-04  1.73227755e-07 
 4.42200000e-04  1.72920783e-07 
 4.42300000e-04  1.72799630e-07 
 4.42400000e-04  1.72690864e-07 
 4.42500000e-04  1.72651024e-07 
 4.42600000e-04  1.61232380e-07 
 4.42700000e-04  1.60871151e-07 
 4.42800000e-04  1.60676786e-07 
 4.42900000e-04  1.60548509e-07 
 4.43000000e-04  1.60488241e-07 
 4.43100000e-04  1.71924267e-07 
 4.43200000e-04  1.71645170e-07 
 4.43300000e-04  1.71555958e-07 
 4.43400000e-04  1.71479891e-07 
 4.43500000e-04  1.71426842e-07 
 4.43600000e-04  1.57510423e-07 
 4.43700000e-04  1.57079914e-07 
 4.43800000e-04  1.56843201e-07 
 4.43900000e-04  1.56671979e-07 
 4.44000000e-04  1.56568149e-07 
 4.44100000e-04  1.72707746e-07 
 4.44200000e-04  1.72495779e-07 
 4.44300000e-04  1.72403421e-07 
 4.44400000e-04  1.72320123e-07 
 4.44500000e-04  1.72280897e-07 
 4.44600000e-04  1.59559756e-07 
 4.44700000e-04  1.59202507e-07 
 4.44800000e-04  1.59011749e-07 
 4.44900000e-04  1.58878006e-07 
 4.45000000e-04  1.58802909e-07 
 4.45100000e-04  1.72456941e-07 
 4.45200000e-04  1.72219050e-07 
 4.45300000e-04  1.72125822e-07 
 4.45400000e-04  1.72042929e-07 
 4.45500000e-04  1.72013576e-07 
 4.45600000e-04  1.58034178e-07 
 4.45700000e-04  1.57653875e-07 
 4.45800000e-04  1.57433084e-07 
 4.45900000e-04  1.57264831e-07 
 4.46000000e-04  1.57150605e-07 
 4.46100000e-04  1.74367130e-07 
 4.46200000e-04  1.73966841e-07 
 4.46300000e-04  1.73817683e-07 
 4.46400000e-04  1.73684716e-07 
 4.46500000e-04  1.73628205e-07 
 4.46600000e-04  1.63468901e-07 
 4.46700000e-04  1.63106635e-07 
 4.46800000e-04  1.62934007e-07 
 4.46900000e-04  1.62822726e-07 
 4.47000000e-04  1.62774555e-07 
 4.47100000e-04  1.72042901e-07 
 4.47200000e-04  1.71740020e-07 
 4.47300000e-04  1.71622372e-07 
 4.47400000e-04  1.71516582e-07 
 4.47500000e-04  1.71472457e-07 
 4.47600000e-04  1.57579528e-07 
 4.47700000e-04  1.57092814e-07 
 4.47800000e-04  1.56856880e-07 
 4.47900000e-04  1.56685147e-07 
 4.48000000e-04  1.56579471e-07 
 4.48100000e-04  1.72726855e-07 
 4.48200000e-04  1.72506534e-07 
 4.48300000e-04  1.72412895e-07 
 4.48400000e-04  1.72329275e-07 
 4.48500000e-04  1.72274944e-07 
 4.48600000e-04  1.59560767e-07 
 4.48700000e-04  1.59209898e-07 
 4.48800000e-04  1.59027537e-07 
 4.48900000e-04  1.58898178e-07 
 4.49000000e-04  1.58823322e-07 
 4.49100000e-04  1.72466744e-07 
 4.49200000e-04  1.72228514e-07 
 4.49300000e-04  1.72139706e-07 
 4.49400000e-04  1.72061677e-07 
 4.49500000e-04  1.72022935e-07 
 4.49600000e-04  1.58040148e-07 
 4.49700000e-04  1.57635973e-07 
 4.49800000e-04  1.57430205e-07 
 4.49900000e-04  1.57265552e-07 
 4.50000000e-04  1.57143141e-07 
 4.50100000e-04  1.73842535e-07 
 4.50200000e-04  1.73538147e-07 
 4.50300000e-04  1.73410367e-07 
 4.50400000e-04  1.73294434e-07 
 4.50500000e-04  1.73247054e-07 
 4.50600000e-04  1.61795878e-07 
 4.50700000e-04  1.61445703e-07 
 4.50800000e-04  1.61262373e-07 
 4.50900000e-04  1.61142728e-07 
 4.51000000e-04  1.61088604e-07 
 4.51100000e-04  1.72545371e-07 
 4.51200000e-04  1.72277754e-07 
 4.51300000e-04  1.72182862e-07 
 4.51400000e-04  1.72099555e-07 
 4.51500000e-04  1.72054265e-07 
 4.51600000e-04  1.58095162e-07 
 4.51700000e-04  1.57669392e-07 
 4.51800000e-04  1.57431148e-07 
 4.51900000e-04  1.57257491e-07 
 4.52000000e-04  1.57150289e-07 
 4.52100000e-04  1.73329773e-07 
 4.52200000e-04  1.73114208e-07 
 4.52300000e-04  1.73025520e-07 
 4.52400000e-04  1.72946267e-07 
 4.52500000e-04  1.72894759e-07 
 4.52600000e-04  1.60148256e-07 
 4.52700000e-04  1.59792118e-07 
 4.52800000e-04  1.59610288e-07 
 4.52900000e-04  1.59479075e-07 
 4.53000000e-04  1.59399900e-07 
 4.53100000e-04  1.73087523e-07 
 4.53200000e-04  1.72831344e-07 
 4.53300000e-04  1.72736808e-07 
 4.53400000e-04  1.72654243e-07 
 4.53500000e-04  1.72621870e-07 
 4.53600000e-04  1.58614143e-07 
 4.53700000e-04  1.58238737e-07 
 4.53800000e-04  1.58021677e-07 
 4.53900000e-04  1.57860445e-07 
 4.54000000e-04  1.57756627e-07 
 4.54100000e-04  1.76577819e-07 
 4.54200000e-04  1.75833834e-07 
 4.54300000e-04  1.75600326e-07 
 4.54400000e-04  1.75400423e-07 
 4.54500000e-04  1.75329090e-07 
 4.54600000e-04  1.69038813e-07 
 4.54700000e-04  1.68680770e-07 
 4.54800000e-04  1.68520675e-07 
 4.54900000e-04  1.68427968e-07 
 4.55000000e-04  1.68404608e-07 
 4.55100000e-04  1.71866012e-07 
 4.55200000e-04  1.70915135e-07 
 4.55300000e-04  1.70656162e-07 
 4.55400000e-04  1.70441181e-07 
 4.55500000e-04  1.70361186e-07 
 4.55600000e-04  1.56610257e-07 
 4.55700000e-04  1.56001357e-07 
 4.55800000e-04  1.55732711e-07 
 4.55900000e-04  1.55538976e-07 
 4.56000000e-04  1.55422342e-07 
 4.56100000e-04  1.71519593e-07 
 4.56200000e-04  1.71308389e-07 
 4.56300000e-04  1.71210233e-07 
 4.56400000e-04  1.71120584e-07 
 4.56500000e-04  1.71095196e-07 
 4.56600000e-04  1.58396090e-07 
 4.56700000e-04  1.58035652e-07 
 4.56800000e-04  1.57853251e-07 
 4.56900000e-04  1.57722135e-07 
 4.57000000e-04  1.57643743e-07 
 4.57100000e-04  1.71245533e-07 
 4.57200000e-04  1.70997628e-07 
 4.57300000e-04  1.70911652e-07 
 4.57400000e-04  1.70837957e-07 
 4.57500000e-04  1.70799166e-07 
 4.57600000e-04  1.56871968e-07 
 4.57700000e-04  1.56483961e-07 
 4.57800000e-04  1.56256304e-07 
 4.57900000e-04  1.56083438e-07 
 4.58000000e-04  1.55966905e-07 
 4.58100000e-04  1.72603050e-07 
 4.58200000e-04  1.72302839e-07 
 4.58300000e-04  1.72184929e-07 
 4.58400000e-04  1.72079529e-07 
 4.58500000e-04  1.72023164e-07 
 4.58600000e-04  1.60639336e-07 
 4.58700000e-04  1.60281634e-07 
 4.58800000e-04  1.60091956e-07 
 4.58900000e-04  1.59962462e-07 
 4.59000000e-04  1.59894878e-07 
 4.59100000e-04  1.71311761e-07 
 4.59200000e-04  1.71045869e-07 
 4.59300000e-04  1.70947139e-07 
 4.59400000e-04  1.70859365e-07 
 4.59500000e-04  1.70823184e-07 
 4.59600000e-04  1.56921859e-07 
 4.59700000e-04  1.56486929e-07 
 4.59800000e-04  1.56246838e-07 
 4.59900000e-04  1.56074758e-07 
 4.60000000e-04  1.55972661e-07 
 4.60100000e-04  1.72071550e-07 
 4.60200000e-04  1.71878118e-07 
 4.60300000e-04  1.71786103e-07 
 4.60400000e-04  1.71701020e-07 
 4.60500000e-04  1.71657402e-07 
 4.60600000e-04  1.58961911e-07 
 4.60700000e-04  1.58606825e-07 
 4.60800000e-04  1.58419623e-07 
 4.60900000e-04  1.58289201e-07 
 4.61000000e-04  1.58217169e-07 
 4.61100000e-04  1.71832780e-07 
 4.61200000e-04  1.71605272e-07 
 4.61300000e-04  1.71518063e-07 
 4.61400000e-04  1.71440360e-07 
 4.61500000e-04  1.71402930e-07 
 4.61600000e-04  1.57454685e-07 
 4.61700000e-04  1.57042546e-07 
 4.61800000e-04  1.56824194e-07 
 4.61900000e-04  1.56661069e-07 
 4.62000000e-04  1.56554727e-07 
 4.62100000e-04  1.73740988e-07 
 4.62200000e-04  1.73341739e-07 
 4.62300000e-04  1.73196202e-07 
 4.62400000e-04  1.73067239e-07 
 4.62500000e-04  1.72990622e-07 
 4.62600000e-04  1.62872853e-07 
 4.62700000e-04  1.62526170e-07 
 4.62800000e-04  1.62342491e-07 
 4.62900000e-04  1.62226503e-07 
 4.63000000e-04  1.62180164e-07 
 4.63100000e-04  1.71419179e-07 
 4.63200000e-04  1.71109024e-07 
 4.63300000e-04  1.70994198e-07 
 4.63400000e-04  1.70892258e-07 
 4.63500000e-04  1.70854070e-07 
 4.63600000e-04  1.57000267e-07 
 4.63700000e-04  1.56504718e-07 
 4.63800000e-04  1.56268608e-07 
 4.63900000e-04  1.56089995e-07 
 4.64000000e-04  1.55970504e-07 
 4.64100000e-04  1.72093891e-07 
 4.64200000e-04  1.71885844e-07 
 4.64300000e-04  1.71790972e-07 
 4.64400000e-04  1.71704178e-07 
 4.64500000e-04  1.71672525e-07 
 4.64600000e-04  1.58973756e-07 
 4.64700000e-04  1.58615936e-07 
 4.64800000e-04  1.58423671e-07 
 4.64900000e-04  1.58294266e-07 
 4.65000000e-04  1.58229518e-07 
 4.65100000e-04  1.71847027e-07 
 4.65200000e-04  1.71599566e-07 
 4.65300000e-04  1.71511671e-07 
 4.65400000e-04  1.71435806e-07 
 4.65500000e-04  1.71397537e-07 
 4.65600000e-04  1.57458881e-07 
 4.65700000e-04  1.57050119e-07 
 4.65800000e-04  1.56837855e-07 
 4.65900000e-04  1.56676890e-07 
 4.66000000e-04  1.56568657e-07 
 4.66100000e-04  1.73208160e-07 
 4.66200000e-04  1.72901725e-07 
 4.66300000e-04  1.72792908e-07 
 4.66400000e-04  1.72697813e-07 
 4.66500000e-04  1.72628725e-07 
 4.66600000e-04  1.61208553e-07 
 4.66700000e-04  1.60850657e-07 
 4.66800000e-04  1.60678081e-07 
 4.66900000e-04  1.60561682e-07 
 4.67000000e-04  1.60503046e-07 
 4.67100000e-04  1.71918496e-07 
 4.67200000e-04  1.71640941e-07 
 4.67300000e-04  1.71544389e-07 
 4.67400000e-04  1.71460197e-07 
 4.67500000e-04  1.71423869e-07 
 4.67600000e-04  1.57513474e-07 
 4.67700000e-04  1.57060346e-07 
 4.67800000e-04  1.56833636e-07 
 4.67900000e-04  1.56665224e-07 
 4.68000000e-04  1.56556762e-07 
 4.68100000e-04  1.72687150e-07 
 4.68200000e-04  1.72501487e-07 
 4.68300000e-04  1.72403356e-07 
 4.68400000e-04  1.72310630e-07 
 4.68500000e-04  1.72266094e-07 
 4.68600000e-04  1.59544184e-07 
 4.68700000e-04  1.59196145e-07 
 4.68800000e-04  1.59019013e-07 
 4.68900000e-04  1.58893333e-07 
 4.69000000e-04  1.58820537e-07 
 4.69100000e-04  1.72465255e-07 
 4.69200000e-04  1.72223231e-07 
 4.69300000e-04  1.72132778e-07 
 4.69400000e-04  1.72053771e-07 
 4.69500000e-04  1.72006663e-07 
 4.69600000e-04  1.58054191e-07 
 4.69700000e-04  1.57632591e-07 
 4.69800000e-04  1.57412170e-07 
 4.69900000e-04  1.57249611e-07 
 4.70000000e-04  1.57146552e-07 
 4.70100000e-04  1.74899742e-07 
 4.70200000e-04  1.74375383e-07 
 4.70300000e-04  1.74198021e-07 
 4.70400000e-04  1.74043908e-07 
 4.70500000e-04  1.73966959e-07 
 4.70600000e-04  1.65121988e-07 
 4.70700000e-04  1.64779519e-07 
 4.70800000e-04  1.64608749e-07 
 4.70900000e-04  1.64499259e-07 
 4.71000000e-04  1.64452793e-07 
 4.71100000e-04  1.71702250e-07 
 4.71200000e-04  1.71310416e-07 
 4.71300000e-04  1.71151841e-07 
 4.71400000e-04  1.71008429e-07 
 4.71500000e-04  1.70945144e-07 
 4.71600000e-04  1.57108464e-07 
 4.71700000e-04  1.56569918e-07 
 4.71800000e-04  1.56318856e-07 
 4.71900000e-04  1.56133363e-07 
 4.72000000e-04  1.56015126e-07 
 4.72100000e-04  1.74063976e-07 
 4.72200000e-04  1.73514831e-07 
 4.72300000e-04  1.73314735e-07 
 4.72400000e-04  1.73227065e-07 
 4.72500000e-04  1.73175721e-07 
 4.72600000e-04  1.59997428e-07 
 4.72700000e-04  1.59492224e-07 
 4.72800000e-04  1.59241470e-07 
 4.72900000e-04  1.59065044e-07 
 4.73000000e-04  1.58964333e-07 
 4.73100000e-04  1.03758800e-04 
 4.73200000e-04  1.03758354e-04 
 4.73300000e-04  1.03758231e-04 
 4.73400000e-04  1.03758130e-04 
 4.73500000e-04  1.03758074e-04 
 4.73600000e-04  1.03744142e-04 
 4.73700000e-04  1.03743710e-04 
 4.73800000e-04  1.03743495e-04 
 4.73900000e-04  1.03743328e-04 
 4.74000000e-04  1.03743209e-04 
 4.74100000e-04  1.74385103e-07 
 4.74200000e-04  1.74046575e-07 
 4.74300000e-04  1.73911057e-07 
 4.74400000e-04  1.73788943e-07 
 4.74500000e-04  1.73732961e-07 
 4.74600000e-04  1.62331821e-07 
 4.74700000e-04  1.61941883e-07 
 4.74800000e-04  1.61778575e-07 
 4.74900000e-04  1.61662344e-07 
 4.75000000e-04  1.61594478e-07 
 4.75100000e-04  1.73080643e-07 
 4.75200000e-04  1.72794568e-07 
 4.75300000e-04  1.72692498e-07 
 4.75400000e-04  1.72603495e-07 
 4.75500000e-04  1.72570121e-07 
 4.75600000e-04  1.58599031e-07 
 4.75700000e-04  1.58167383e-07 
 4.75800000e-04  1.57940347e-07 
 4.75900000e-04  1.57767511e-07 
 4.76000000e-04  1.57650387e-07 
 4.76100000e-04  1.73858367e-07 
 4.76200000e-04  1.73649026e-07 
 4.76300000e-04  1.73554693e-07 
 4.76400000e-04  1.73468901e-07 
 4.76500000e-04  1.73401414e-07 
 4.76600000e-04  1.60621142e-07 
 4.76700000e-04  1.60282684e-07 
 4.76800000e-04  1.60100675e-07 
 4.76900000e-04  1.59969759e-07 
 4.77000000e-04  1.59891350e-07 
 4.77100000e-04  1.73621539e-07 
 4.77200000e-04  1.73369157e-07 
 4.77300000e-04  1.73271333e-07 
 4.77400000e-04  1.73185042e-07 
 4.77500000e-04  1.73138309e-07 
 4.77600000e-04  1.59120823e-07 
 4.77700000e-04  1.58711415e-07 
 4.77800000e-04  1.58505092e-07 
 4.77900000e-04  1.58352134e-07 
 4.78000000e-04  1.58254029e-07 
 4.78100000e-04  1.75531935e-07 
 4.78200000e-04  1.75090312e-07 
 4.78300000e-04  1.74939918e-07 
 4.78400000e-04  1.74809958e-07 
 4.78500000e-04  1.74755363e-07 
 4.78600000e-04  1.64531409e-07 
 4.78700000e-04  1.64200967e-07 
 4.78800000e-04  1.64029769e-07 
 4.78900000e-04  1.63912975e-07 
 4.79000000e-04  1.63852100e-07 
 4.79100000e-04  1.73203344e-07 
 4.79200000e-04  1.72879840e-07 
 4.79300000e-04  1.72759822e-07 
 4.79400000e-04  1.72653258e-07 
 4.79500000e-04  1.72611986e-07 
 4.79600000e-04  1.58663251e-07 
 4.79700000e-04  1.58176638e-07 
 4.79800000e-04  1.57939090e-07 
 4.79900000e-04  1.57767556e-07 
 4.80000000e-04  1.57663919e-07 
 4.80100000e-04  1.73869183e-07 
 4.80200000e-04  1.73646094e-07 
 4.80300000e-04  1.73550153e-07 
 4.80400000e-04  1.73463800e-07 
 4.80500000e-04  1.73423515e-07 
 4.80600000e-04  1.60629087e-07 
 4.80700000e-04  1.60279014e-07 
 4.80800000e-04  1.60101951e-07 
 4.80900000e-04  1.59974010e-07 
 4.81000000e-04  1.59896537e-07 
 4.81100000e-04  1.73612885e-07 
 4.81200000e-04  1.73377681e-07 
 4.81300000e-04  1.73283162e-07 
 4.81400000e-04  1.73198017e-07 
 4.81500000e-04  1.73156823e-07 
 4.81600000e-04  1.59121490e-07 
 4.81700000e-04  1.58723107e-07 
 4.81800000e-04  1.58509540e-07 
 4.81900000e-04  1.58352610e-07 
 4.82000000e-04  1.58253901e-07 
 4.82100000e-04  1.74992984e-07 
 4.82200000e-04  1.74677661e-07 
 4.82300000e-04  1.74555767e-07 
 4.82400000e-04  1.74447375e-07 
 4.82500000e-04  1.74390421e-07 
 4.82600000e-04  1.62867705e-07 
 4.82700000e-04  1.62518966e-07 
 4.82800000e-04  1.62345713e-07 
 4.82900000e-04  1.62232294e-07 
 4.83000000e-04  1.62180392e-07 
 4.83100000e-04  1.73694141e-07 
 4.83200000e-04  1.73416409e-07 
 4.83300000e-04  1.73316164e-07 
 4.83400000e-04  1.73227907e-07 
 4.83500000e-04  1.73181537e-07 
 4.83600000e-04  1.59164212e-07 
 4.83700000e-04  1.58726615e-07 
 4.83800000e-04  1.58509418e-07 
 4.83900000e-04  1.58349868e-07 
 4.84000000e-04  1.58249577e-07 
 4.84100000e-04  1.74462910e-07 
 4.84200000e-04  1.74242455e-07 
 4.84300000e-04  1.74155030e-07 
 4.84400000e-04  1.74077511e-07 
 4.84500000e-04  1.74031534e-07 
 4.84600000e-04  1.61213917e-07 
 4.84700000e-04  1.60877233e-07 
 4.84800000e-04  1.60688754e-07 
 4.84900000e-04  1.60559429e-07 
 4.85000000e-04  1.60490920e-07 
 4.85100000e-04  1.74239903e-07 
 4.85200000e-04  1.73982952e-07 
 4.85300000e-04  1.73887670e-07 
 4.85400000e-04  1.73804401e-07 
 4.85500000e-04  1.73755293e-07 
 4.85600000e-04  1.59688556e-07 
 4.85700000e-04  1.59316658e-07 
 4.85800000e-04  1.59112918e-07 
 4.85900000e-04  1.58951202e-07 
 4.86000000e-04  1.58832627e-07 
 4.86100000e-04  1.77205429e-07 
 4.86200000e-04  1.76554600e-07 
 4.86300000e-04  1.76341896e-07 
 4.86400000e-04  1.76158750e-07 
 4.86500000e-04  1.76076930e-07 
 4.86600000e-04  1.68451324e-07 
 4.86700000e-04  1.68106145e-07 
 4.86800000e-04  1.67936942e-07 
 4.86900000e-04  1.67838493e-07 
 4.87000000e-04  1.67812825e-07 
 4.87100000e-04  1.73501387e-07 
 4.87200000e-04  1.72672420e-07 
 4.87300000e-04  1.72417724e-07 
 4.87400000e-04  1.72202311e-07 
 4.87500000e-04  1.72120602e-07 
 4.87600000e-04  1.58246239e-07 
 4.87700000e-04  1.57668596e-07 
 4.87800000e-04  1.57416134e-07 
 4.87900000e-04  1.57225856e-07 
 4.88000000e-04  1.57099521e-07 
 4.88100000e-04  1.73286303e-07 
 4.88200000e-04  1.73061759e-07 
 4.88300000e-04  1.72968602e-07 
 4.88400000e-04  1.72885654e-07 
 4.88500000e-04  1.72829008e-07 
 4.88600000e-04  1.60061727e-07 
 4.88700000e-04  1.59705488e-07 
 4.88800000e-04  1.59527668e-07 
 4.88900000e-04  1.59398183e-07 
 4.89000000e-04  1.59318617e-07 
 4.89100000e-04  1.73163748e-07 
 4.89200000e-04  1.72812202e-07 
 4.89300000e-04  1.72676915e-07 
 4.89400000e-04  1.72606473e-07 
 4.89500000e-04  1.72551755e-07 
 4.89600000e-04  1.58549938e-07 
 4.89700000e-04  1.58145500e-07 
 4.89800000e-04  1.57937163e-07 
 4.89900000e-04  1.57776349e-07 
 4.90000000e-04  1.57664378e-07 
 4.90100000e-04  1.74364968e-07 
 4.90200000e-04  1.74058394e-07 
 4.90300000e-04  1.73934515e-07 
 4.90400000e-04  1.73822997e-07 
 4.90500000e-04  1.73770990e-07 
 4.90600000e-04  1.62310005e-07 
 4.90700000e-04  1.61950947e-07 
 4.90800000e-04  1.61766471e-07 
 4.90900000e-04  1.61645380e-07 
 4.91000000e-04  1.61589522e-07 
 4.91100000e-04  1.73082712e-07 
 4.91200000e-04  1.72801058e-07 
 4.91300000e-04  1.72693305e-07 
 4.91400000e-04  1.72597432e-07 
 4.91500000e-04  1.72573496e-07 
 4.91600000e-04  1.58575871e-07 
 4.91700000e-04  1.58144543e-07 
 4.91800000e-04  1.57919447e-07 
 4.91900000e-04  1.57756022e-07 
 4.92000000e-04  1.57656086e-07 
 4.92100000e-04  1.73838716e-07 
 4.92200000e-04  1.73629863e-07 
 4.92300000e-04  1.73536413e-07 
 4.92400000e-04  1.73451149e-07 
 4.92500000e-04  1.73403509e-07 
 4.92600000e-04  1.60618068e-07 
 4.92700000e-04  1.60267846e-07 
 4.92800000e-04  1.60091214e-07 
 4.92900000e-04  1.59970444e-07 
 4.93000000e-04  1.59907184e-07 
 4.93100000e-04  1.73595641e-07 
 4.93200000e-04  1.73357422e-07 
 4.93300000e-04  1.73260941e-07 
 4.93400000e-04  1.73174385e-07 
 4.93500000e-04  1.73143308e-07 
 4.93600000e-04  1.59119353e-07 
 4.93700000e-04  1.58724863e-07 
 4.93800000e-04  1.58512976e-07 
 4.93900000e-04  1.58351935e-07 
 4.94000000e-04  1.58243380e-07 
 4.94100000e-04  1.75946499e-07 
 4.94200000e-04  1.75292241e-07 
 4.94300000e-04  1.75093365e-07 
 4.94400000e-04  1.75015832e-07 
 4.94500000e-04  1.74967202e-07 
 4.94600000e-04  1.64839394e-07 
 4.94700000e-04  1.64504753e-07 
 4.94800000e-04  1.64303007e-07 
 4.94900000e-04  1.64153549e-07 
 4.95000000e-04  1.64057958e-07 
 4.95100000e-04  1.73195506e-07 
 4.95200000e-04  1.72871158e-07 
 4.95300000e-04  1.72762631e-07 
 4.95400000e-04  1.72668522e-07 
 4.95500000e-04  1.72612480e-07 
 4.95600000e-04  1.58660254e-07 
 4.95700000e-04  1.58177047e-07 
 4.95800000e-04  1.57940292e-07 
 4.95900000e-04  1.57765725e-07 
 4.96000000e-04  1.57655258e-07 
 4.96100000e-04  1.73865698e-07 
 4.96200000e-04  1.73646407e-07 
 4.96300000e-04  1.73556378e-07 
 4.96400000e-04  1.73476068e-07 
 4.96500000e-04  1.73417391e-07 
 4.96600000e-04  1.60634147e-07 
 4.96700000e-04  1.60275171e-07 
 4.96800000e-04  1.60096154e-07 
 4.96900000e-04  1.59969175e-07 
 4.97000000e-04  1.59895851e-07 
 4.97100000e-04  1.73607819e-07 
 4.97200000e-04  1.73373729e-07 
 4.97300000e-04  1.73272545e-07 
 4.97400000e-04  1.73180516e-07 
 4.97500000e-04  1.73160878e-07 
 4.97600000e-04  1.59128002e-07 
 4.97700000e-04  1.58729362e-07 
 4.97800000e-04  1.58512508e-07 
 4.97900000e-04  1.58346397e-07 
 4.98000000e-04  1.58232623e-07 
 4.98100000e-04  1.74985489e-07 
 4.98200000e-04  1.74664972e-07 
 4.98300000e-04  1.74545167e-07 
 4.98400000e-04  1.74438911e-07 
 4.98500000e-04  1.74372290e-07 
 4.98600000e-04  1.62885985e-07 
 4.98700000e-04  1.62540391e-07 
 4.98800000e-04  1.62365299e-07 
 4.98900000e-04  1.62241162e-07 
 4.99000000e-04  1.62169595e-07 
 4.99100000e-04  1.73700476e-07 
 4.99200000e-04  1.73406452e-07 
 4.99300000e-04  1.73299549e-07 
 4.99400000e-04  1.73205702e-07 
 4.99500000e-04  1.73179258e-07 
 4.99600000e-04  1.59171508e-07 
 4.99700000e-04  1.58732717e-07 
 4.99800000e-04  1.58503166e-07 
 4.99900000e-04  1.58335771e-07 
 5.00000000e-04  1.58232501e-07 
 5.00100000e-04  1.74463979e-07 
 5.00200000e-04  1.74267900e-07 
 5.00300000e-04  1.74172342e-07 
 5.00400000e-04  1.74083345e-07 
 5.00500000e-04  1.74029240e-07 
 5.00600000e-04  1.61204593e-07 
 5.00700000e-04  1.60875628e-07 
 5.00800000e-04  1.60691684e-07 
 5.00900000e-04  1.60563664e-07 
 5.01000000e-04  1.60493342e-07 
 5.01100000e-04  1.74230465e-07 
 5.01200000e-04  1.73980402e-07 
 5.01300000e-04  1.73887651e-07 
 5.01400000e-04  1.73806525e-07 
 5.01500000e-04  1.73767661e-07 
 5.01600000e-04  1.59696131e-07 
 5.01700000e-04  1.59310637e-07 
 5.01800000e-04  1.59107451e-07 
 5.01900000e-04  1.58949672e-07 
 5.02000000e-04  1.58838741e-07 
 5.02100000e-04  1.76681396e-07 
 5.02200000e-04  1.76131321e-07 
 5.02300000e-04  1.75956431e-07 
 5.02400000e-04  1.75807688e-07 
 5.02500000e-04  1.75734827e-07 
 5.02600000e-04  1.66778907e-07 
 5.02700000e-04  1.66442493e-07 
 5.02800000e-04  1.66276972e-07 
 5.02900000e-04  1.66171771e-07 
 5.03000000e-04  1.66128804e-07 
 5.03100000e-04  1.73485858e-07 
 5.03200000e-04  1.73063946e-07 
 5.03300000e-04  1.72898322e-07 
 5.03400000e-04  1.72750030e-07 
 5.03500000e-04  1.72682585e-07 
 5.03600000e-04  1.58760548e-07 
 5.03700000e-04  1.58249107e-07 
 5.03800000e-04  1.57990373e-07 
 5.03900000e-04  1.57805115e-07 
 5.04000000e-04  1.57695662e-07 
 5.04100000e-04  1.73904273e-07 
 5.04200000e-04  1.73688363e-07 
 5.04300000e-04  1.73579289e-07 
 5.04400000e-04  1.73477986e-07 
 5.04500000e-04  1.73443423e-07 
 5.04600000e-04  1.60638416e-07 
 5.04700000e-04  1.60295675e-07 
 5.04800000e-04  1.60113530e-07 
 5.04900000e-04  1.59982043e-07 
 5.05000000e-04  1.59902818e-07 
 5.05100000e-04  1.73630649e-07 
 5.05200000e-04  1.73377490e-07 
 5.05300000e-04  1.73278752e-07 
 5.05400000e-04  1.73191552e-07 
 5.05500000e-04  1.73160538e-07 
 5.05600000e-04  1.59119683e-07 
 5.05700000e-04  1.58733793e-07 
 5.05800000e-04  1.58512282e-07 
 5.05900000e-04  1.58346566e-07 
 5.06000000e-04  1.58238414e-07 
 5.06100000e-04  1.75003542e-07 
 5.06200000e-04  1.74674175e-07 
 5.06300000e-04  1.74552976e-07 
 5.06400000e-04  1.74446774e-07 
 5.06500000e-04  1.74393885e-07 
 5.06600000e-04  1.62871067e-07 
 5.06700000e-04  1.62525078e-07 
 5.06800000e-04  1.62347970e-07 
 5.06900000e-04  1.62229328e-07 
 5.07000000e-04  1.62171006e-07 
 5.07100000e-04  1.73697497e-07 
 5.07200000e-04  1.73412199e-07 
 5.07300000e-04  1.73310797e-07 
 5.07400000e-04  1.73222030e-07 
 5.07500000e-04  1.73179055e-07 
 5.07600000e-04  1.59178447e-07 
 5.07700000e-04  1.58739944e-07 
 5.07800000e-04  1.58520098e-07 
 5.07900000e-04  1.58351478e-07 
 5.08000000e-04  1.58235710e-07 
 5.08100000e-04  1.74471510e-07 
 5.08200000e-04  1.74246243e-07 
 5.08300000e-04  1.74156003e-07 
 5.08400000e-04  1.74075819e-07 
 5.08500000e-04  1.74018468e-07 
 5.08600000e-04  1.61218588e-07 
 5.08700000e-04  1.60872408e-07 
 5.08800000e-04  1.60687524e-07 
 5.08900000e-04  1.60561254e-07 
 5.09000000e-04  1.60495459e-07 
 5.09100000e-04  1.74237204e-07 
 5.09200000e-04  1.73987336e-07 
 5.09300000e-04  1.73891080e-07 
 5.09400000e-04  1.73805811e-07 
 5.09500000e-04  1.73761053e-07 
 5.09600000e-04  1.59697003e-07 
 5.09700000e-04  1.59317913e-07 
 5.09800000e-04  1.59107851e-07 
 5.09900000e-04  1.58946676e-07 
 5.10000000e-04  1.58835938e-07 
 5.10100000e-04  1.76141715e-07 
 5.10200000e-04  1.75714890e-07 
 5.10300000e-04  1.75566371e-07 
 5.10400000e-04  1.75436555e-07 
 5.10500000e-04  1.75355866e-07 
 5.10600000e-04  1.65118928e-07 
 5.10700000e-04  1.64782006e-07 
 5.10800000e-04  1.64619405e-07 
 5.10900000e-04  1.64510017e-07 
 5.11000000e-04  1.64455529e-07 
 5.11100000e-04  1.73821631e-07 
 5.11200000e-04  1.73500876e-07 
 5.11300000e-04  1.73378681e-07 
 5.11400000e-04  1.73269505e-07 
 5.11500000e-04  1.73218583e-07 
 5.11600000e-04  1.59242097e-07 
 5.11700000e-04  1.58770100e-07 
 5.11800000e-04  1.58538307e-07 
 5.11900000e-04  1.58364611e-07 
 5.12000000e-04  1.58250856e-07 
 5.12100000e-04  1.74488187e-07 
 5.12200000e-04  1.74269485e-07 
 5.12300000e-04  1.74168427e-07 
 5.12400000e-04  1.74075608e-07 
 5.12500000e-04  1.74051839e-07 
 5.12600000e-04  1.61221117e-07 
 5.12700000e-04  1.60872562e-07 
 5.12800000e-04  1.60703083e-07 
 5.12900000e-04  1.60577519e-07 
 5.13000000e-04  1.60497262e-07 
 5.13100000e-04  1.74243772e-07 
 5.13200000e-04  1.73993132e-07 
 5.13300000e-04  1.73896250e-07 
 5.13400000e-04  1.73810731e-07 
 5.13500000e-04  1.73771755e-07 
 5.13600000e-04  1.59692751e-07 
 5.13700000e-04  1.59318439e-07 
 5.13800000e-04  1.59108306e-07 
 5.13900000e-04  1.58949160e-07 
 5.14000000e-04  1.58842616e-07 
 5.14100000e-04  1.75619934e-07 
 5.14200000e-04  1.75293699e-07 
 5.14300000e-04  1.75169386e-07 
 5.14400000e-04  1.75059425e-07 
 5.14500000e-04  1.75003614e-07 
 5.14600000e-04  1.63472367e-07 
 5.14700000e-04  1.63116850e-07 
 5.14800000e-04  1.62951785e-07 
 5.14900000e-04  1.62836241e-07 
 5.15000000e-04  1.62771787e-07 
 5.15100000e-04  1.74329233e-07 
 5.15200000e-04  1.74040342e-07 
 5.15300000e-04  1.73933012e-07 
 5.15400000e-04  1.73838332e-07 
 5.15500000e-04  1.73788254e-07 
 5.15600000e-04  1.59761805e-07 
 5.15700000e-04  1.59324937e-07 
 5.15800000e-04  1.59104294e-07 
 5.15900000e-04  1.58936986e-07 
 5.16000000e-04  1.58824705e-07 
 5.16100000e-04  1.75090604e-07 
 5.16200000e-04  1.74888496e-07 
 5.16300000e-04  1.74787997e-07 
 5.16400000e-04  1.74694138e-07 
 5.16500000e-04  1.74647046e-07 
 5.16600000e-04  1.61793262e-07 
 5.16700000e-04  1.61457996e-07 
 5.16800000e-04  1.61284203e-07 
 5.16900000e-04  1.61156463e-07 
 5.17000000e-04  1.61076238e-07 
 5.17100000e-04  1.74856494e-07 
 5.17200000e-04  1.74598020e-07 
 5.17300000e-04  1.74509874e-07 
 5.17400000e-04  1.74434070e-07 
 5.17500000e-04  1.74383388e-07 
 5.17600000e-04  1.60292140e-07 
 5.17700000e-04  1.59909955e-07 
 5.17800000e-04  1.59698402e-07 
 5.17900000e-04  1.59537092e-07 
 5.18000000e-04  1.59427619e-07 
 5.18100000e-04  1.88940849e-07 
 5.18200000e-04  1.86318363e-07 
 5.18300000e-04  1.85511977e-07 
 5.18400000e-04  1.85268933e-07 
 5.18500000e-04  1.85025888e-07 
 5.18600000e-04  1.75732696e-07 
 5.18700000e-04  1.74615020e-07 
 5.18800000e-04  1.74280704e-07 
 5.18900000e-04  1.74067153e-07 
 5.19000000e-04  1.73976543e-07 
 5.19100000e-04  1.71282248e-07 
 5.19200000e-04  1.70507934e-07 
 5.19300000e-04  1.70299611e-07 
 5.19400000e-04  1.70127832e-07 
 5.19500000e-04  1.70053076e-07 
 5.19600000e-04  1.57648271e-07 
 5.19700000e-04  1.56967800e-07 
 5.19800000e-04  1.56706814e-07 
 5.19900000e-04 -0.00000000e+00 
 5.20000000e-04  1.56574283e-07 
