 time            -i(vdd)        
 2.60000000e-04 -1.26577369e-04 
 2.60100000e-04  1.83721425e-07 
 2.60200000e-04  1.75016822e-07 
 2.60300000e-04  1.72693844e-07 
 2.60400000e-04  1.70735270e-07 
 2.60500000e-04  1.70077592e-07 
 2.60600000e-04  1.76681127e-07 
 2.60700000e-04  1.75910899e-07 
 2.60800000e-04  1.75485266e-07 
 2.60900000e-04  1.75139130e-07 
 2.61000000e-04  1.74874217e-07 
 2.61100000e-04  1.56450275e-07 
 2.61200000e-04  1.54083742e-07 
 2.61300000e-04  1.53486699e-07 
 2.61400000e-04  1.53006780e-07 
 2.61500000e-04  1.52784889e-07 
 2.61600000e-04  1.38889864e-07 
 2.61700000e-04  1.37641659e-07 
 2.61800000e-04  1.37193908e-07 
 2.61900000e-04  1.36875745e-07 
 2.62000000e-04  1.36691282e-07 
 2.62100000e-04  1.61880304e-07 
 2.62200000e-04  1.60617350e-07 
 2.62300000e-04  1.60335351e-07 
 2.62400000e-04  1.60131022e-07 
 2.62500000e-04  1.60042420e-07 
 2.62600000e-04  1.48504058e-07 
 2.62700000e-04  1.47917287e-07 
 2.62800000e-04  1.47635422e-07 
 2.62900000e-04  1.47422167e-07 
 2.63000000e-04  1.47278990e-07 
 2.63100000e-04  1.99993983e-07 
 2.63200000e-04  1.94211070e-07 
 2.63300000e-04  1.92921124e-07 
 2.63400000e-04  1.91926659e-07 
 2.63500000e-04  1.91648747e-07 
 2.63600000e-04  1.78205623e-07 
 2.63700000e-04  1.77570270e-07 
 2.63800000e-04  1.77243805e-07 
 2.63900000e-04  1.76997728e-07 
 2.64000000e-04  1.76834586e-07 
 2.64100000e-04  1.72662049e-07 
 2.64200000e-04  1.68078881e-07 
 2.64300000e-04  1.67030382e-07 
 2.64400000e-04  1.66212199e-07 
 2.64500000e-04  1.65970907e-07 
 2.64600000e-04  1.53753502e-07 
 2.64700000e-04  1.53132908e-07 
 2.64800000e-04  1.52827333e-07 
 2.64900000e-04  1.52591304e-07 
 2.65000000e-04  1.52427024e-07 
 2.65100000e-04  1.66019068e-07 
 2.65200000e-04  1.65524783e-07 
 2.65300000e-04  1.65367547e-07 
 2.65400000e-04  1.65232811e-07 
 2.65500000e-04  1.65182247e-07 
 2.65600000e-04  1.51595178e-07 
 2.65700000e-04  1.51153460e-07 
 2.65800000e-04  1.50918404e-07 
 2.65900000e-04  1.50742751e-07 
 2.66000000e-04  1.50628377e-07 
 2.66100000e-04  1.66992503e-07 
 2.66200000e-04  1.66738753e-07 
 2.66300000e-04  1.66640307e-07 
 2.66400000e-04  1.66551661e-07 
 2.66500000e-04  1.66503833e-07 
 2.66600000e-04  1.55445799e-07 
 2.66700000e-04  1.55022386e-07 
 2.66800000e-04  1.54813763e-07 
 2.66900000e-04  1.54665651e-07 
 2.67000000e-04  1.54579963e-07 
 2.67100000e-04  1.66080868e-07 
 2.67200000e-04  1.65563924e-07 
 2.67300000e-04  1.65409164e-07 
 2.67400000e-04  1.65277085e-07 
 2.67500000e-04  1.65220867e-07 
 2.67600000e-04  1.51670377e-07 
 2.67700000e-04  1.51177607e-07 
 2.67800000e-04  1.50922043e-07 
 2.67900000e-04  1.50725018e-07 
 2.68000000e-04  1.50588384e-07 
 2.68100000e-04  1.66397244e-07 
 2.68200000e-04  1.66215524e-07 
 2.68300000e-04  1.66137939e-07 
 2.68400000e-04  1.66067749e-07 
 2.68500000e-04  1.66037197e-07 
 2.68600000e-04  1.53643331e-07 
 2.68700000e-04  1.53242992e-07 
 2.68800000e-04  1.53037681e-07 
 2.68900000e-04  1.52886138e-07 
 2.69000000e-04  1.52790063e-07 
 2.69100000e-04  1.66135119e-07 
 2.69200000e-04  1.65906218e-07 
 2.69300000e-04  1.65833917e-07 
 2.69400000e-04  1.65773365e-07 
 2.69500000e-04  1.65751107e-07 
 2.69600000e-04  1.52110579e-07 
 2.69700000e-04  1.51662266e-07 
 2.69800000e-04  1.51425552e-07 
 2.69900000e-04  1.51247967e-07 
 2.70000000e-04  1.51131381e-07 
 2.70100000e-04  1.68004890e-07 
 2.70200000e-04  1.67640257e-07 
 2.70300000e-04  1.67507083e-07 
 2.70400000e-04  1.67388532e-07 
 2.70500000e-04  1.67318225e-07 
 2.70600000e-04  1.57535911e-07 
 2.70700000e-04  1.57126950e-07 
 2.70800000e-04  1.56923426e-07 
 2.70900000e-04  1.56793382e-07 
 2.71000000e-04  1.56739137e-07 
 2.71100000e-04  1.66101372e-07 
 2.71200000e-04  1.65542833e-07 
 2.71300000e-04  1.65376613e-07 
 2.71400000e-04  1.65234857e-07 
 2.71500000e-04  1.65187033e-07 
 2.71600000e-04  1.51640976e-07 
 2.71700000e-04  1.51103241e-07 
 2.71800000e-04  1.50845673e-07 
 2.71900000e-04  1.50645982e-07 
 2.72000000e-04  1.50505993e-07 
 2.72100000e-04  1.66319990e-07 
 2.72200000e-04  1.66152683e-07 
 2.72300000e-04  1.66077337e-07 
 2.72400000e-04  1.66008381e-07 
 2.72500000e-04  1.65962313e-07 
 2.72600000e-04  1.53582144e-07 
 2.72700000e-04  1.53186006e-07 
 2.72800000e-04  1.52981939e-07 
 2.72900000e-04  1.52829608e-07 
 2.73000000e-04  1.52730644e-07 
 2.73100000e-04  1.66058252e-07 
 2.73200000e-04  1.65854865e-07 
 2.73300000e-04  1.65792494e-07 
 2.73400000e-04  1.65740144e-07 
 2.73500000e-04  1.65697409e-07 
 2.73600000e-04  1.52058592e-07 
 2.73700000e-04  1.51621127e-07 
 2.73800000e-04  1.51389240e-07 
 2.73900000e-04  1.51209261e-07 
 2.74000000e-04  1.51082826e-07 
 2.74100000e-04  1.67433492e-07 
 2.74200000e-04  1.67156605e-07 
 2.74300000e-04  1.67058990e-07 
 2.74400000e-04  1.66973447e-07 
 2.74500000e-04  1.66918955e-07 
 2.74600000e-04  1.55810981e-07 
 2.74700000e-04  1.55410765e-07 
 2.74800000e-04  1.55207908e-07 
 2.74900000e-04  1.55068143e-07 
 2.75000000e-04  1.54993463e-07 
 2.75100000e-04  1.66139472e-07 
 2.75200000e-04  1.65902745e-07 
 2.75300000e-04  1.65815502e-07 
 2.75400000e-04  1.65737921e-07 
 2.75500000e-04  1.65711944e-07 
 2.75600000e-04  1.52106764e-07 
 2.75700000e-04  1.51636289e-07 
 2.75800000e-04  1.51380741e-07 
 2.75900000e-04  1.51187163e-07 
 2.76000000e-04  1.51057506e-07 
 2.76100000e-04  1.66899376e-07 
 2.76200000e-04  1.66723833e-07 
 2.76300000e-04  1.66652083e-07 
 2.76400000e-04  1.66587631e-07 
 2.76500000e-04  1.66556216e-07 
 2.76600000e-04  1.54134075e-07 
 2.76700000e-04  1.53740712e-07 
 2.76800000e-04  1.53540984e-07 
 2.76900000e-04  1.53400142e-07 
 2.77000000e-04  1.53320038e-07 
 2.77100000e-04  1.66667731e-07 
 2.77200000e-04  1.66455113e-07 
 2.77300000e-04  1.66380953e-07 
 2.77400000e-04  1.66316860e-07 
 2.77500000e-04  1.66288778e-07 
 2.77600000e-04  1.52619574e-07 
 2.77700000e-04  1.52189220e-07 
 2.77800000e-04  1.51961829e-07 
 2.77900000e-04  1.51783055e-07 
 2.78000000e-04  1.51654422e-07 
 2.78100000e-04  1.69107502e-07 
 2.78200000e-04  1.68606205e-07 
 2.78300000e-04  1.68449006e-07 
 2.78400000e-04  1.68314880e-07 
 2.78500000e-04  1.68256374e-07 
 2.78600000e-04  1.59728335e-07 
 2.78700000e-04  1.59325071e-07 
 2.78800000e-04  1.59125433e-07 
 2.78900000e-04  1.58998443e-07 
 2.79000000e-04  1.58946392e-07 
 2.79100000e-04  1.66275563e-07 
 2.79200000e-04  1.65621825e-07 
 2.79300000e-04  1.65434296e-07 
 2.79400000e-04  1.65276948e-07 
 2.79500000e-04  1.65195096e-07 
 2.79600000e-04  1.51668592e-07 
 2.79700000e-04  1.51114810e-07 
 2.79800000e-04  1.50841592e-07 
 2.79900000e-04  1.50631903e-07 
 2.80000000e-04  1.50487725e-07 
 2.80100000e-04  1.68236976e-07 
 2.80200000e-04  1.67725704e-07 
 2.80300000e-04  1.67564298e-07 
 2.80400000e-04  1.67481560e-07 
 2.80500000e-04  1.67424243e-07 
 2.80600000e-04  1.54581558e-07 
 2.80700000e-04  1.54020384e-07 
 2.80800000e-04  1.53766719e-07 
 2.80900000e-04  1.53571676e-07 
 2.81000000e-04  1.53436494e-07 
 2.81100000e-04  1.03752964e-04 
 2.81200000e-04  1.03752548e-04 
 2.81300000e-04  1.03752439e-04 
 2.81400000e-04  1.03752351e-04 
 2.81500000e-04  1.03752308e-04 
 2.81600000e-04  1.03738688e-04 
 2.81700000e-04  1.03738216e-04 
 2.81800000e-04  1.03737970e-04 
 2.81900000e-04  1.03737787e-04 
 2.82000000e-04  1.03737671e-04 
 2.82100000e-04  1.68572205e-07 
 2.82200000e-04  1.68241487e-07 
 2.82300000e-04  1.68133583e-07 
 2.82400000e-04  1.68041400e-07 
 2.82500000e-04  1.67995428e-07 
 2.82600000e-04  1.56899264e-07 
 2.82700000e-04  1.56480149e-07 
 2.82800000e-04  1.56282906e-07 
 2.82900000e-04  1.56144700e-07 
 2.83000000e-04  1.56067385e-07 
 2.83100000e-04  1.67247564e-07 
 2.83200000e-04  1.66995978e-07 
 2.83300000e-04  1.66919312e-07 
 2.83400000e-04  1.66854416e-07 
 2.83500000e-04  1.66822094e-07 
 2.83600000e-04  1.53163703e-07 
 2.83700000e-04  1.52690752e-07 
 2.83800000e-04  1.52451286e-07 
 2.83900000e-04  1.52269333e-07 
 2.84000000e-04  1.52146697e-07 
 2.84100000e-04  1.68040738e-07 
 2.84200000e-04  1.67864097e-07 
 2.84300000e-04  1.67780591e-07 
 2.84400000e-04  1.67703469e-07 
 2.84500000e-04  1.67660269e-07 
 2.84600000e-04  1.55207526e-07 
 2.84700000e-04  1.54807833e-07 
 2.84800000e-04  1.54605070e-07 
 2.84900000e-04  1.54460247e-07 
 2.85000000e-04  1.54375179e-07 
 2.85100000e-04  1.67789673e-07 
 2.85200000e-04  1.67585884e-07 
 2.85300000e-04  1.67508959e-07 
 2.85400000e-04  1.67440486e-07 
 2.85500000e-04  1.67396610e-07 
 2.85600000e-04  1.53694115e-07 
 2.85700000e-04  1.53265048e-07 
 2.85800000e-04  1.53019509e-07 
 2.85900000e-04  1.52838152e-07 
 2.86000000e-04  1.52722990e-07 
 2.86100000e-04  1.69704408e-07 
 2.86200000e-04  1.69323654e-07 
 2.86300000e-04  1.69179872e-07 
 2.86400000e-04  1.69051180e-07 
 2.86500000e-04  1.69010658e-07 
 2.86600000e-04  1.59108850e-07 
 2.86700000e-04  1.58723281e-07 
 2.86800000e-04  1.58525291e-07 
 2.86900000e-04  1.58400676e-07 
 2.87000000e-04  1.58351739e-07 
 2.87100000e-04  1.67391295e-07 
 2.87200000e-04  1.67094900e-07 
 2.87300000e-04  1.66988718e-07 
 2.87400000e-04  1.66895241e-07 
 2.87500000e-04  1.66870530e-07 
 2.87600000e-04  1.53227588e-07 
 2.87700000e-04  1.52713920e-07 
 2.87800000e-04  1.52464757e-07 
 2.87900000e-04  1.52276194e-07 
 2.88000000e-04  1.52150129e-07 
 2.88100000e-04  1.68055606e-07 
 2.88200000e-04  1.67867131e-07 
 2.88300000e-04  1.67791068e-07 
 2.88400000e-04  1.67723461e-07 
 2.88500000e-04  1.67681091e-07 
 2.88600000e-04  1.55203129e-07 
 2.88700000e-04  1.54803664e-07 
 2.88800000e-04  1.54608531e-07 
 2.88900000e-04  1.54471524e-07 
 2.89000000e-04  1.54394463e-07 
 2.89100000e-04  1.67794769e-07 
 2.89200000e-04  1.67590945e-07 
 2.89300000e-04  1.67510135e-07 
 2.89400000e-04  1.67437651e-07 
 2.89500000e-04  1.67407643e-07 
 2.89600000e-04  1.53683576e-07 
 2.89700000e-04  1.53250361e-07 
 2.89800000e-04  1.53021875e-07 
 2.89900000e-04  1.52842952e-07 
 2.90000000e-04  1.52715138e-07 
 2.90100000e-04  1.69162191e-07 
 2.90200000e-04  1.68876195e-07 
 2.90300000e-04  1.68772191e-07 
 2.90400000e-04  1.68680186e-07 
 2.90500000e-04  1.68631605e-07 
 2.90600000e-04  1.57436568e-07 
 2.90700000e-04  1.57062711e-07 
 2.90800000e-04  1.56860416e-07 
 2.90900000e-04  1.56722749e-07 
 2.91000000e-04  1.56651732e-07 
 2.91100000e-04  1.67868730e-07 
 2.91200000e-04  1.67616997e-07 
 2.91300000e-04  1.67536136e-07 
 2.91400000e-04  1.67466434e-07 
 2.91500000e-04  1.67423884e-07 
 2.91600000e-04  1.53733108e-07 
 2.91700000e-04  1.53261992e-07 
 2.91800000e-04  1.53013886e-07 
 2.91900000e-04  1.52835852e-07 
 2.92000000e-04  1.52730083e-07 
 2.92100000e-04  1.68643660e-07 
 2.92200000e-04  1.68457872e-07 
 2.92300000e-04  1.68382946e-07 
 2.92400000e-04  1.68316178e-07 
 2.92500000e-04  1.68272029e-07 
 2.92600000e-04  1.55777769e-07 
 2.92700000e-04  1.55389221e-07 
 2.92800000e-04  1.55197877e-07 
 2.92900000e-04  1.55056424e-07 
 2.93000000e-04  1.54966413e-07 
 2.93100000e-04  1.68405179e-07 
 2.93200000e-04  1.68200651e-07 
 2.93300000e-04  1.68123011e-07 
 2.93400000e-04  1.68053911e-07 
 2.93500000e-04  1.68014491e-07 
 2.93600000e-04  1.54263796e-07 
 2.93700000e-04  1.53836311e-07 
 2.93800000e-04  1.53607231e-07 
 2.93900000e-04  1.53431701e-07 
 2.94000000e-04  1.53311390e-07 
 2.94100000e-04  1.71374702e-07 
 2.94200000e-04  1.70770458e-07 
 2.94300000e-04  1.70576586e-07 
 2.94400000e-04  1.70409471e-07 
 2.94500000e-04  1.70348143e-07 
 2.94600000e-04  1.63019051e-07 
 2.94700000e-04  1.62630264e-07 
 2.94800000e-04  1.62449303e-07 
 2.94900000e-04  1.62337462e-07 
 2.95000000e-04  1.62296905e-07 
 2.95100000e-04  1.67730210e-07 
 2.95200000e-04  1.66857741e-07 
 2.95300000e-04  1.66615668e-07 
 2.95400000e-04  1.66414159e-07 
 2.95500000e-04  1.66340088e-07 
 2.95600000e-04  1.52793943e-07 
 2.95700000e-04  1.52174659e-07 
 2.95800000e-04  1.51907781e-07 
 2.95900000e-04  1.51703078e-07 
 2.96000000e-04  1.51562487e-07 
 2.96100000e-04  1.67456573e-07 
 2.96200000e-04  1.67288561e-07 
 2.96300000e-04  1.67203578e-07 
 2.96400000e-04  1.67124221e-07 
 2.96500000e-04  1.67073084e-07 
 2.96600000e-04  1.54613140e-07 
 2.96700000e-04  1.54232950e-07 
 2.96800000e-04  1.54029742e-07 
 2.96900000e-04  1.53886361e-07 
 2.97000000e-04  1.53804670e-07 
 2.97100000e-04  1.67188257e-07 
 2.97200000e-04  1.66975384e-07 
 2.97300000e-04  1.66901847e-07 
 2.97400000e-04  1.66838173e-07 
 2.97500000e-04  1.66804216e-07 
 2.97600000e-04  1.53104787e-07 
 2.97700000e-04  1.52666783e-07 
 2.97800000e-04  1.52425362e-07 
 2.97900000e-04  1.52241479e-07 
 2.98000000e-04  1.52116927e-07 
 2.98100000e-04  1.68542540e-07 
 2.98200000e-04  1.68266844e-07 
 2.98300000e-04  1.68161809e-07 
 2.98400000e-04  1.68067993e-07 
 2.98500000e-04  1.68008119e-07 
 2.98600000e-04  1.56847390e-07 
 2.98700000e-04  1.56457101e-07 
 2.98800000e-04  1.56264039e-07 
 2.98900000e-04  1.56130655e-07 
 2.99000000e-04  1.56058807e-07 
 2.99100000e-04  1.67261365e-07 
 2.99200000e-04  1.66994479e-07 
 2.99300000e-04  1.66911784e-07 
 2.99400000e-04  1.66842115e-07 
 2.99500000e-04  1.66800365e-07 
 2.99600000e-04  1.53146525e-07 
 2.99700000e-04  1.52665933e-07 
 2.99800000e-04  1.52431798e-07 
 2.99900000e-04  1.52252958e-07 
 3.00000000e-04  1.52131127e-07 
 3.00100000e-04  1.68016650e-07 
 3.00200000e-04  1.67849559e-07 
 3.00300000e-04  1.67769926e-07 
 3.00400000e-04  1.67696198e-07 
 3.00500000e-04  1.67649608e-07 
 3.00600000e-04  1.55170513e-07 
 3.00700000e-04  1.54808346e-07 
 3.00800000e-04  1.54610205e-07 
 3.00900000e-04  1.54461229e-07 
 3.01000000e-04  1.54362940e-07 
 3.01100000e-04  1.67782985e-07 
 3.01200000e-04  1.67567378e-07 
 3.01300000e-04  1.67490741e-07 
 3.01400000e-04  1.67423878e-07 
 3.01500000e-04  1.67389317e-07 
 3.01600000e-04  1.53668720e-07 
 3.01700000e-04  1.53236454e-07 
 3.01800000e-04  1.53010525e-07 
 3.01900000e-04  1.52832002e-07 
 3.02000000e-04  1.52702350e-07 
 3.02100000e-04  1.69688812e-07 
 3.02200000e-04  1.69292004e-07 
 3.02300000e-04  1.69154511e-07 
 3.02400000e-04  1.69034346e-07 
 3.02500000e-04  1.68998067e-07 
 3.02600000e-04  1.59107784e-07 
 3.02700000e-04  1.58721633e-07 
 3.02800000e-04  1.58529335e-07 
 3.02900000e-04  1.58401523e-07 
 3.03000000e-04  1.58340205e-07 
 3.03100000e-04  1.67360465e-07 
 3.03200000e-04  1.67070677e-07 
 3.03300000e-04  1.66979919e-07 
 3.03400000e-04  1.66902318e-07 
 3.03500000e-04  1.66854139e-07 
 3.03600000e-04  1.53217956e-07 
 3.03700000e-04  1.52707160e-07 
 3.03800000e-04  1.52454683e-07 
 3.03900000e-04  1.52265556e-07 
 3.04000000e-04  1.52141748e-07 
 3.04100000e-04  1.68041507e-07 
 3.04200000e-04  1.67856482e-07 
 3.04300000e-04  1.67777285e-07 
 3.04400000e-04  1.67705745e-07 
 3.04500000e-04  1.67660788e-07 
 3.04600000e-04  1.55177706e-07 
 3.04700000e-04  1.54792988e-07 
 3.04800000e-04  1.54601492e-07 
 3.04900000e-04  1.54465063e-07 
 3.05000000e-04  1.54385409e-07 
 3.05100000e-04  1.67780985e-07 
 3.05200000e-04  1.67580394e-07 
 3.05300000e-04  1.67497185e-07 
 3.05400000e-04  1.67421427e-07 
 3.05500000e-04  1.67403254e-07 
 3.05600000e-04  1.53678142e-07 
 3.05700000e-04  1.53256971e-07 
 3.05800000e-04  1.53022142e-07 
 3.05900000e-04  1.52838197e-07 
 3.06000000e-04  1.52706706e-07 
 3.06100000e-04  1.69156566e-07 
 3.06200000e-04  1.68870215e-07 
 3.06300000e-04  1.68764634e-07 
 3.06400000e-04  1.68671303e-07 
 3.06500000e-04  1.68633736e-07 
 3.06600000e-04  1.57440058e-07 
 3.06700000e-04  1.57055061e-07 
 3.06800000e-04  1.56857250e-07 
 3.06900000e-04  1.56721403e-07 
 3.07000000e-04  1.56649444e-07 
 3.07100000e-04  1.67863853e-07 
 3.07200000e-04  1.67615714e-07 
 3.07300000e-04  1.67531420e-07 
 3.07400000e-04  1.67457803e-07 
 3.07500000e-04  1.67420666e-07 
 3.07600000e-04  1.53717836e-07 
 3.07700000e-04  1.53269526e-07 
 3.07800000e-04  1.53021608e-07 
 3.07900000e-04  1.52840773e-07 
 3.08000000e-04  1.52729108e-07 
 3.08100000e-04  1.68638340e-07 
 3.08200000e-04  1.68457287e-07 
 3.08300000e-04  1.68379340e-07 
 3.08400000e-04  1.68308816e-07 
 3.08500000e-04  1.68280617e-07 
 3.08600000e-04  1.55761159e-07 
 3.08700000e-04  1.55400430e-07 
 3.08800000e-04  1.55197839e-07 
 3.08900000e-04  1.55052852e-07 
 3.09000000e-04  1.54967251e-07 
 3.09100000e-04  1.68409574e-07 
 3.09200000e-04  1.68174898e-07 
 3.09300000e-04  1.68103180e-07 
 3.09400000e-04  1.68043840e-07 
 3.09500000e-04  1.68009266e-07 
 3.09600000e-04  1.54252880e-07 
 3.09700000e-04  1.53826507e-07 
 3.09800000e-04  1.53599819e-07 
 3.09900000e-04  1.53427045e-07 
 3.10000000e-04  1.53309850e-07 
 3.10100000e-04  1.70843241e-07 
 3.10200000e-04  1.70325615e-07 
 3.10300000e-04  1.70168592e-07 
 3.10400000e-04  1.70036306e-07 
 3.10500000e-04  1.69981269e-07 
 3.10600000e-04  1.61351455e-07 
 3.10700000e-04  1.60972488e-07 
 3.10800000e-04  1.60782109e-07 
 3.10900000e-04  1.60659644e-07 
 3.11000000e-04  1.60607200e-07 
 3.11100000e-04  1.67654975e-07 
 3.11200000e-04  1.67273663e-07 
 3.11300000e-04  1.67129169e-07 
 3.11400000e-04  1.67000447e-07 
 3.11500000e-04  1.66953097e-07 
 3.11600000e-04  1.53317869e-07 
 3.11700000e-04  1.52763931e-07 
 3.11800000e-04  1.52485789e-07 
 3.11900000e-04  1.52282525e-07 
 3.12000000e-04  1.52156467e-07 
 3.12100000e-04  1.68067750e-07 
 3.12200000e-04  1.67887115e-07 
 3.12300000e-04  1.67807456e-07 
 3.12400000e-04  1.67735184e-07 
 3.12500000e-04  1.67698849e-07 
 3.12600000e-04  1.55201086e-07 
 3.12700000e-04  1.54813015e-07 
 3.12800000e-04  1.54623549e-07 
 3.12900000e-04  1.54483132e-07 
 3.13000000e-04  1.54393273e-07 
 3.13100000e-04  1.67798117e-07 
 3.13200000e-04  1.67591829e-07 
 3.13300000e-04  1.67514072e-07 
 3.13400000e-04  1.67444935e-07 
 3.13500000e-04  1.67419421e-07 
 3.13600000e-04  1.53691861e-07 
 3.13700000e-04  1.53236873e-07 
 3.13800000e-04  1.53003872e-07 
 3.13900000e-04  1.52829502e-07 
 3.14000000e-04  1.52715574e-07 
 3.14100000e-04  1.69165614e-07 
 3.14200000e-04  1.68890008e-07 
 3.14300000e-04  1.68787537e-07 
 3.14400000e-04  1.68696144e-07 
 3.14500000e-04  1.68646527e-07 
 3.14600000e-04  1.57433663e-07 
 3.14700000e-04  1.57053565e-07 
 3.14800000e-04  1.56863212e-07 
 3.14900000e-04  1.56730969e-07 
 3.15000000e-04  1.56658627e-07 
 3.15100000e-04  1.67870265e-07 
 3.15200000e-04  1.67629095e-07 
 3.15300000e-04  1.67542184e-07 
 3.15400000e-04  1.67465147e-07 
 3.15500000e-04  1.67429917e-07 
 3.15600000e-04  1.53717532e-07 
 3.15700000e-04  1.53249934e-07 
 3.15800000e-04  1.53010759e-07 
 3.15900000e-04  1.52834019e-07 
 3.16000000e-04  1.52721642e-07 
 3.16100000e-04  1.68652942e-07 
 3.16200000e-04  1.68465035e-07 
 3.16300000e-04  1.68379699e-07 
 3.16400000e-04  1.68302105e-07 
 3.16500000e-04  1.68261683e-07 
 3.16600000e-04  1.55774127e-07 
 3.16700000e-04  1.55376890e-07 
 3.16800000e-04  1.55186737e-07 
 3.16900000e-04  1.55047904e-07 
 3.17000000e-04  1.54961963e-07 
 3.17100000e-04  1.68418860e-07 
 3.17200000e-04  1.68174996e-07 
 3.17300000e-04  1.68100516e-07 
 3.17400000e-04  1.68039062e-07 
 3.17500000e-04  1.68010448e-07 
 3.17600000e-04  1.54261582e-07 
 3.17700000e-04  1.53823834e-07 
 3.17800000e-04  1.53599784e-07 
 3.17900000e-04  1.53426663e-07 
 3.18000000e-04  1.53306036e-07 
 3.18100000e-04  1.70311198e-07 
 3.18200000e-04  1.69907807e-07 
 3.18300000e-04  1.69779689e-07 
 3.18400000e-04  1.69670203e-07 
 3.18500000e-04  1.69612580e-07 
 3.18600000e-04  1.59691044e-07 
 3.18700000e-04  1.59305477e-07 
 3.18800000e-04  1.59108789e-07 
 3.18900000e-04  1.58980407e-07 
 3.19000000e-04  1.58922443e-07 
 3.19100000e-04  1.67995425e-07 
 3.19200000e-04  1.67703440e-07 
 3.19300000e-04  1.67599187e-07 
 3.19400000e-04  1.67507150e-07 
 3.19500000e-04  1.67468165e-07 
 3.19600000e-04  1.53803123e-07 
 3.19700000e-04  1.53300468e-07 
 3.19800000e-04  1.53040312e-07 
 3.19900000e-04  1.52852420e-07 
 3.20000000e-04  1.52739029e-07 
 3.20100000e-04  1.68664586e-07 
 3.20200000e-04  1.68480050e-07 
 3.20300000e-04  1.68401386e-07 
 3.20400000e-04  1.68330606e-07 
 3.20500000e-04  1.68290721e-07 
 3.20600000e-04  1.55765653e-07 
 3.20700000e-04  1.55403352e-07 
 3.20800000e-04  1.55201410e-07 
 3.20900000e-04  1.55061282e-07 
 3.21000000e-04  1.54984871e-07 
 3.21100000e-04  1.68406387e-07 
 3.21200000e-04  1.68198935e-07 
 3.21300000e-04  1.68119567e-07 
 3.21400000e-04  1.68048604e-07 
 3.21500000e-04  1.68014576e-07 
 3.21600000e-04  1.54267391e-07 
 3.21700000e-04  1.53830872e-07 
 3.21800000e-04  1.53602043e-07 
 3.21900000e-04  1.53430476e-07 
 3.22000000e-04  1.53317927e-07 
 3.22100000e-04  1.69783209e-07 
 3.22200000e-04  1.69496023e-07 
 3.22300000e-04  1.69393746e-07 
 3.22400000e-04  1.69303980e-07 
 3.22500000e-04  1.69248606e-07 
 3.22600000e-04  1.58016224e-07 
 3.22700000e-04  1.57657467e-07 
 3.22800000e-04  1.57460149e-07 
 3.22900000e-04  1.57323227e-07 
 3.23000000e-04  1.57248561e-07 
 3.23100000e-04  1.68494302e-07 
 3.23200000e-04  1.68241396e-07 
 3.23300000e-04  1.68155464e-07 
 3.23400000e-04  1.68080377e-07 
 3.23500000e-04  1.68050251e-07 
 3.23600000e-04  1.54300675e-07 
 3.23700000e-04  1.53839093e-07 
 3.23800000e-04  1.53608572e-07 
 3.23900000e-04  1.53435868e-07 
 3.24000000e-04  1.53322755e-07 
 3.24100000e-04  1.69257419e-07 
 3.24200000e-04  1.69074459e-07 
 3.24300000e-04  1.68998794e-07 
 3.24400000e-04  1.68930828e-07 
 3.24500000e-04  1.68897320e-07 
 3.24600000e-04  1.56349132e-07 
 3.24700000e-04  1.55972639e-07 
 3.24800000e-04  1.55790977e-07 
 3.24900000e-04  1.55650479e-07 
 3.25000000e-04  1.55552389e-07 
 3.25100000e-04  1.69033292e-07 
 3.25200000e-04  1.68808868e-07 
 3.25300000e-04  1.68734550e-07 
 3.25400000e-04  1.68671283e-07 
 3.25500000e-04  1.68639794e-07 
 3.25600000e-04  1.54850906e-07 
 3.25700000e-04  1.54429977e-07 
 3.25800000e-04  1.54195724e-07 
 3.25900000e-04  1.54018752e-07 
 3.26000000e-04  1.53900817e-07 
 3.26100000e-04  1.72528528e-07 
 3.26200000e-04  1.71800836e-07 
 3.26300000e-04  1.71589711e-07 
 3.26400000e-04  1.71413343e-07 
 3.26500000e-04  1.71332069e-07 
 3.26600000e-04  1.65253270e-07 
 3.26700000e-04  1.64864725e-07 
 3.26800000e-04  1.64690368e-07 
 3.26900000e-04  1.64590886e-07 
 3.27000000e-04  1.64568592e-07 
 3.27100000e-04  1.67807674e-07 
 3.27200000e-04  1.66870233e-07 
 3.27300000e-04  1.66630618e-07 
 3.27400000e-04  1.66435249e-07 
 3.27500000e-04  1.66347662e-07 
 3.27600000e-04  1.52831288e-07 
 3.27700000e-04  1.52175726e-07 
 3.27800000e-04  1.51900684e-07 
 3.27900000e-04  1.51698575e-07 
 3.28000000e-04  1.51571649e-07 
 3.28100000e-04  1.67462896e-07 
 3.28200000e-04  1.67287432e-07 
 3.28300000e-04  1.67205164e-07 
 3.28400000e-04  1.67129281e-07 
 3.28500000e-04  1.67084419e-07 
 3.28600000e-04  1.54612371e-07 
 3.28700000e-04  1.54213261e-07 
 3.28800000e-04  1.54016585e-07 
 3.28900000e-04  1.53874661e-07 
 3.29000000e-04  1.53789159e-07 
 3.29100000e-04  1.67175180e-07 
 3.29200000e-04  1.66967348e-07 
 3.29300000e-04  1.66889975e-07 
 3.29400000e-04  1.66821584e-07 
 3.29500000e-04  1.66789777e-07 
 3.29600000e-04  1.53097231e-07 
 3.29700000e-04  1.52664538e-07 
 3.29800000e-04  1.52432427e-07 
 3.29900000e-04  1.52253635e-07 
 3.30000000e-04  1.52129788e-07 
 3.30100000e-04  1.68558952e-07 
 3.30200000e-04  1.68274651e-07 
 3.30300000e-04  1.68168863e-07 
 3.30400000e-04  1.68075174e-07 
 3.30500000e-04  1.68013048e-07 
 3.30600000e-04  1.56850926e-07 
 3.30700000e-04  1.56453715e-07 
 3.30800000e-04  1.56264401e-07 
 3.30900000e-04  1.56129527e-07 
 3.31000000e-04  1.56050753e-07 
 3.31100000e-04  1.67255177e-07 
 3.31200000e-04  1.67000017e-07 
 3.31300000e-04  1.66911905e-07 
 3.31400000e-04  1.66835039e-07 
 3.31500000e-04  1.66795502e-07 
 3.31600000e-04  1.53146787e-07 
 3.31700000e-04  1.52667595e-07 
 3.31800000e-04  1.52423470e-07 
 3.31900000e-04  1.52237085e-07 
 3.32000000e-04  1.52110205e-07 
 3.32100000e-04  1.68014662e-07 
 3.32200000e-04  1.67842625e-07 
 3.32300000e-04  1.67762145e-07 
 3.32400000e-04  1.67687662e-07 
 3.32500000e-04  1.67651919e-07 
 3.32600000e-04  1.55174846e-07 
 3.32700000e-04  1.54803600e-07 
 3.32800000e-04  1.54595825e-07 
 3.32900000e-04  1.54453665e-07 
 3.33000000e-04  1.54379133e-07 
 3.33100000e-04  1.67787968e-07 
 3.33200000e-04  1.67554056e-07 
 3.33300000e-04  1.67482036e-07 
 3.33400000e-04  1.67422395e-07 
 3.33500000e-04  1.67401376e-07 
 3.33600000e-04  1.53670836e-07 
 3.33700000e-04  1.53226048e-07 
 3.33800000e-04  1.52994581e-07 
 3.33900000e-04  1.52820417e-07 
 3.34000000e-04  1.52705304e-07 
 3.34100000e-04  1.69685073e-07 
 3.34200000e-04  1.69308589e-07 
 3.34300000e-04  1.69172930e-07 
 3.34400000e-04  1.69052978e-07 
 3.34500000e-04  1.68992512e-07 
 3.34600000e-04  1.59091590e-07 
 3.34700000e-04  1.58702457e-07 
 3.34800000e-04  1.58510800e-07 
 3.34900000e-04  1.58389365e-07 
 3.35000000e-04  1.58340312e-07 
 3.35100000e-04  1.67372951e-07 
 3.35200000e-04  1.67081109e-07 
 3.35300000e-04  1.66980887e-07 
 3.35400000e-04  1.66893424e-07 
 3.35500000e-04  1.66858855e-07 
 3.35600000e-04  1.53217599e-07 
 3.35700000e-04  1.52695171e-07 
 3.35800000e-04  1.52438415e-07 
 3.35900000e-04  1.52251364e-07 
 3.36000000e-04  1.52136158e-07 
 3.36100000e-04  1.68031667e-07 
 3.36200000e-04  1.67855337e-07 
 3.36300000e-04  1.67774676e-07 
 3.36400000e-04  1.67700539e-07 
 3.36500000e-04  1.67672522e-07 
 3.36600000e-04  1.55179313e-07 
 3.36700000e-04  1.54795724e-07 
 3.36800000e-04  1.54591225e-07 
 3.36900000e-04  1.54450723e-07 
 3.37000000e-04  1.54376107e-07 
 3.37100000e-04  1.69533650e-07 
 3.37200000e-04  1.69041536e-07 
 3.37300000e-04  1.68873804e-07 
 3.37400000e-04  1.68796590e-07 
 3.37500000e-04  1.68748625e-07 
 3.37600000e-04  1.54525187e-07 
 3.37700000e-04  1.53934550e-07 
 3.37800000e-04  1.53663512e-07 
 3.37900000e-04  1.53472283e-07 
 3.38000000e-04  1.53362500e-07 
 3.38100000e-04  1.03756084e-04 
 3.38200000e-04  1.03755600e-04 
 3.38300000e-04  1.03755457e-04 
 3.38400000e-04  1.03755337e-04 
 3.38500000e-04  1.03755264e-04 
 3.38600000e-04  1.03744079e-04 
 3.38700000e-04  1.03743672e-04 
 3.38800000e-04  1.03743486e-04 
 3.38900000e-04  1.03743351e-04 
 3.39000000e-04  1.03743269e-04 
 3.39100000e-04  1.69021621e-07 
 3.39200000e-04  1.68729661e-07 
 3.39300000e-04  1.68633529e-07 
 3.39400000e-04  1.68550298e-07 
 3.39500000e-04  1.68527577e-07 
 3.39600000e-04  1.54826084e-07 
 3.39700000e-04  1.54329123e-07 
 3.39800000e-04  1.54092286e-07 
 3.39900000e-04  1.53915632e-07 
 3.40000000e-04  1.53800995e-07 
 3.40100000e-04  1.69790132e-07 
 3.40200000e-04  1.69596041e-07 
 3.40300000e-04  1.69522061e-07 
 3.40400000e-04  1.69457162e-07 
 3.40500000e-04  1.69398698e-07 
 3.40600000e-04  1.56854713e-07 
 3.40700000e-04  1.56464970e-07 
 3.40800000e-04  1.56284803e-07 
 3.40900000e-04  1.56153849e-07 
 3.41000000e-04  1.56073519e-07 
 3.41100000e-04  1.71314384e-07 
 3.41200000e-04  1.70805585e-07 
 3.41300000e-04  1.70630151e-07 
 3.41400000e-04  1.70551913e-07 
 3.41500000e-04  1.70505083e-07 
 3.41600000e-04  1.56199497e-07 
 3.41700000e-04  1.55615011e-07 
 3.41800000e-04  1.55357465e-07 
 3.41900000e-04  1.55167501e-07 
 3.42000000e-04  1.55046484e-07 
 3.42100000e-04  1.03758920e-04 
 3.42200000e-04  1.03758214e-04 
 3.42300000e-04  1.03758006e-04 
 3.42400000e-04  1.03757831e-04 
 3.42500000e-04  1.03757765e-04 
 3.42600000e-04  1.03749087e-04 
 3.42700000e-04  1.03748678e-04 
 3.42800000e-04  1.03748507e-04 
 3.42900000e-04  1.03748390e-04 
 3.43000000e-04  1.03748327e-04 
 3.43100000e-04  1.69957646e-07 
 3.43200000e-04  1.69516833e-07 
 3.43300000e-04  1.69359827e-07 
 3.43400000e-04  1.69221613e-07 
 3.43500000e-04  1.69163393e-07 
 3.43600000e-04  1.55498238e-07 
 3.43700000e-04  1.54905451e-07 
 3.43800000e-04  1.54645958e-07 
 3.43900000e-04  1.54451093e-07 
 3.44000000e-04  1.54322828e-07 
 3.44100000e-04  1.70351699e-07 
 3.44200000e-04  1.70159100e-07 
 3.44300000e-04  1.70073212e-07 
 3.44400000e-04  1.69994910e-07 
 3.44500000e-04  1.69953953e-07 
 3.44600000e-04  1.57345539e-07 
 3.44700000e-04  1.56975333e-07 
 3.44800000e-04  1.56780122e-07 
 3.44900000e-04  1.56645438e-07 
 3.45000000e-04  1.56573124e-07 
 3.45100000e-04  1.70103847e-07 
 3.45200000e-04  1.69864226e-07 
 3.45300000e-04  1.69782340e-07 
 3.45400000e-04  1.69711886e-07 
 3.45500000e-04  1.69670371e-07 
 3.45600000e-04  1.55838117e-07 
 3.45700000e-04  1.55402619e-07 
 3.45800000e-04  1.55182082e-07 
 3.45900000e-04  1.55013322e-07 
 3.46000000e-04  1.54897897e-07 
 3.46100000e-04  1.71467547e-07 
 3.46200000e-04  1.71176836e-07 
 3.46300000e-04  1.71061886e-07 
 3.46400000e-04  1.70958309e-07 
 3.46500000e-04  1.70908249e-07 
 3.46600000e-04  1.59589220e-07 
 3.46700000e-04  1.59218349e-07 
 3.46800000e-04  1.59017709e-07 
 3.46900000e-04  1.58883950e-07 
 3.47000000e-04  1.58819109e-07 
 3.47100000e-04  1.70161402e-07 
 3.47200000e-04  1.69912859e-07 
 3.47300000e-04  1.69819859e-07 
 3.47400000e-04  1.69736953e-07 
 3.47500000e-04  1.69684319e-07 
 3.47600000e-04  1.55876470e-07 
 3.47700000e-04  1.55411005e-07 
 3.47800000e-04  1.55176977e-07 
 3.47900000e-04  1.55002465e-07 
 3.48000000e-04  1.54889277e-07 
 3.48100000e-04  1.70931404e-07 
 3.48200000e-04  1.70736923e-07 
 3.48300000e-04  1.70653628e-07 
 3.48400000e-04  1.70578591e-07 
 3.48500000e-04  1.70537975e-07 
 3.48600000e-04  1.57897711e-07 
 3.48700000e-04  1.57546446e-07 
 3.48800000e-04  1.57344491e-07 
 3.48900000e-04  1.57200646e-07 
 3.49000000e-04  1.57116673e-07 
 3.49100000e-04  1.70708379e-07 
 3.49200000e-04  1.70467104e-07 
 3.49300000e-04  1.70377013e-07 
 3.49400000e-04  1.70298123e-07 
 3.49500000e-04  1.70283411e-07 
 3.49600000e-04  1.56390121e-07 
 3.49700000e-04  1.55988225e-07 
 3.49800000e-04  1.55763559e-07 
 3.49900000e-04  1.55591380e-07 
 3.50000000e-04  1.55473270e-07 
 3.50100000e-04  1.72595738e-07 
 3.50200000e-04  1.72200904e-07 
 3.50300000e-04  1.72064263e-07 
 3.50400000e-04  1.71944770e-07 
 3.50500000e-04  1.71865938e-07 
 3.50600000e-04  1.61808672e-07 
 3.50700000e-04  1.61445276e-07 
 3.50800000e-04  1.61261391e-07 
 3.50900000e-04  1.61147815e-07 
 3.51000000e-04  1.61106692e-07 
 3.51100000e-04  1.70294523e-07 
 3.51200000e-04  1.69980539e-07 
 3.51300000e-04  1.69868674e-07 
 3.51400000e-04  1.69770188e-07 
 3.51500000e-04  1.69734669e-07 
 3.51600000e-04  1.55941979e-07 
 3.51700000e-04  1.55440102e-07 
 3.51800000e-04  1.55202267e-07 
 3.51900000e-04  1.55023356e-07 
 3.52000000e-04  1.54905154e-07 
 3.52100000e-04  1.70952932e-07 
 3.52200000e-04  1.70742765e-07 
 3.52300000e-04  1.70656288e-07 
 3.52400000e-04  1.70578970e-07 
 3.52500000e-04  1.70546780e-07 
 3.52600000e-04  1.57917211e-07 
 3.52700000e-04  1.57534269e-07 
 3.52800000e-04  1.57350918e-07 
 3.52900000e-04  1.57222744e-07 
 3.53000000e-04  1.57151410e-07 
 3.53100000e-04  1.70701314e-07 
 3.53200000e-04  1.70479949e-07 
 3.53300000e-04  1.70390977e-07 
 3.53400000e-04  1.70310973e-07 
 3.53500000e-04  1.70281030e-07 
 3.53600000e-04  1.56407134e-07 
 3.53700000e-04  1.55983672e-07 
 3.53800000e-04  1.55749977e-07 
 3.53900000e-04  1.55576951e-07 
 3.54000000e-04  1.55466431e-07 
 3.54100000e-04  1.72082736e-07 
 3.54200000e-04  1.71774904e-07 
 3.54300000e-04  1.71655857e-07 
 3.54400000e-04  1.71549710e-07 
 3.54500000e-04  1.71511378e-07 
 3.54600000e-04  1.60156549e-07 
 3.54700000e-04  1.59793625e-07 
 3.54800000e-04  1.59600139e-07 
 3.54900000e-04  1.59469608e-07 
 3.55000000e-04  1.59403941e-07 
 3.55100000e-04  1.70784963e-07 
 3.55200000e-04  1.70509039e-07 
 3.55300000e-04  1.70411833e-07 
 3.55400000e-04  1.70327090e-07 
 3.55500000e-04  1.70287343e-07 
 3.55600000e-04  1.56452295e-07 
 3.55700000e-04  1.55994930e-07 
 3.55800000e-04  1.55767941e-07 
 3.55900000e-04  1.55593487e-07 
 3.56000000e-04  1.55473142e-07 
 3.56100000e-04  1.71551277e-07 
 3.56200000e-04  1.71346026e-07 
 3.56300000e-04  1.71262697e-07 
 3.56400000e-04  1.71188319e-07 
 3.56500000e-04  1.71138624e-07 
 3.56600000e-04  1.58489321e-07 
 3.56700000e-04  1.58130314e-07 
 3.56800000e-04  1.57927374e-07 
 3.56900000e-04  1.57793674e-07 
 3.57000000e-04  1.57731321e-07 
 3.57100000e-04  1.71325905e-07 
 3.57200000e-04  1.71081385e-07 
 3.57300000e-04  1.70994053e-07 
 3.57400000e-04  1.70918661e-07 
 3.57500000e-04  1.70884033e-07 
 3.57600000e-04  1.56965816e-07 
 3.57700000e-04  1.56562471e-07 
 3.57800000e-04  1.56347648e-07 
 3.57900000e-04  1.56183051e-07 
 3.58000000e-04  1.56070181e-07 
 3.58100000e-04  1.74291809e-07 
 3.58200000e-04  1.73670135e-07 
 3.58300000e-04  1.73462349e-07 
 3.58400000e-04  1.73281692e-07 
 3.58500000e-04  1.73209328e-07 
 3.58600000e-04  1.65722869e-07 
 3.58700000e-04  1.65360652e-07 
 3.58800000e-04  1.65189439e-07 
 3.58900000e-04  1.65090760e-07 
 3.59000000e-04  1.65066822e-07 
 3.59100000e-04  1.70577520e-07 
 3.59200000e-04  1.69783084e-07 
 3.59300000e-04  1.69532301e-07 
 3.59400000e-04  1.69318063e-07 
 3.59500000e-04  1.69231693e-07 
 3.59600000e-04  1.55509455e-07 
 3.59700000e-04  1.54940610e-07 
 3.59800000e-04  1.54667459e-07 
 3.59900000e-04  1.54461717e-07 
 3.60000000e-04  1.54325427e-07 
 3.60100000e-04  1.70365558e-07 
 3.60200000e-04  1.70173201e-07 
 3.60300000e-04  1.70080304e-07 
 3.60400000e-04  1.69993977e-07 
 3.60500000e-04  1.69963301e-07 
 3.60600000e-04  1.57326108e-07 
 3.60700000e-04  1.56971721e-07 
 3.60800000e-04  1.56773177e-07 
 3.60900000e-04  1.56636231e-07 
 3.61000000e-04  1.56562740e-07 
 3.61100000e-04  1.70093079e-07 
 3.61200000e-04  1.69860171e-07 
 3.61300000e-04  1.69781115e-07 
 3.61400000e-04  1.69713186e-07 
 3.61500000e-04  1.69672851e-07 
 3.61600000e-04  1.55816631e-07 
 3.61700000e-04  1.55410390e-07 
 3.61800000e-04  1.55177626e-07 
 3.61900000e-04  1.55001772e-07 
 3.62000000e-04  1.54884539e-07 
 3.62100000e-04  1.71457903e-07 
 3.62200000e-04  1.71159219e-07 
 3.62300000e-04  1.71046561e-07 
 3.62400000e-04  1.70946599e-07 
 3.62500000e-04  1.70903549e-07 
 3.62600000e-04  1.59574941e-07 
 3.62700000e-04  1.59201969e-07 
 3.62800000e-04  1.59010171e-07 
 3.62900000e-04  1.58882061e-07 
 3.63000000e-04  1.58819558e-07 
 3.63100000e-04  1.70162377e-07 
 3.63200000e-04  1.69907012e-07 
 3.63300000e-04  1.69804489e-07 
 3.63400000e-04  1.69711592e-07 
 3.63500000e-04  1.69690349e-07 
 3.63600000e-04  1.55856220e-07 
 3.63700000e-04  1.55413516e-07 
 3.63800000e-04  1.55177731e-07 
 3.63900000e-04  1.54997273e-07 
 3.64000000e-04  1.54873799e-07 
 3.64100000e-04  1.70940166e-07 
 3.64200000e-04  1.70730644e-07 
 3.64300000e-04  1.70644697e-07 
 3.64400000e-04  1.70568269e-07 
 3.64500000e-04  1.70524286e-07 
 3.64600000e-04  1.57903013e-07 
 3.64700000e-04  1.57543476e-07 
 3.64800000e-04  1.57354157e-07 
 3.64900000e-04  1.57219902e-07 
 3.65000000e-04  1.57142361e-07 
 3.65100000e-04  1.70683488e-07 
 3.65200000e-04  1.70457601e-07 
 3.65300000e-04  1.70370664e-07 
 3.65400000e-04  1.70293428e-07 
 3.65500000e-04  1.70265961e-07 
 3.65600000e-04  1.56397093e-07 
 3.65700000e-04  1.55981439e-07 
 3.65800000e-04  1.55757448e-07 
 3.65900000e-04  1.55589086e-07 
 3.66000000e-04  1.55478018e-07 
 3.66100000e-04  1.72600562e-07 
 3.66200000e-04  1.72198599e-07 
 3.66300000e-04  1.72053733e-07 
 3.66400000e-04  1.71925485e-07 
 3.66500000e-04  1.71858339e-07 
 3.66600000e-04  1.61826346e-07 
 3.66700000e-04  1.61452384e-07 
 3.66800000e-04  1.61268792e-07 
 3.66900000e-04  1.61144546e-07 
 3.67000000e-04  1.61081426e-07 
 3.67100000e-04  1.70286032e-07 
 3.67200000e-04  1.69984531e-07 
 3.67300000e-04  1.69876077e-07 
 3.67400000e-04  1.69780626e-07 
 3.67500000e-04  1.69726281e-07 
 3.67600000e-04  1.55941519e-07 
 3.67700000e-04  1.55444837e-07 
 3.67800000e-04  1.55202677e-07 
 3.67900000e-04  1.55021639e-07 
 3.68000000e-04  1.54903564e-07 
 3.68100000e-04  1.70945933e-07 
 3.68200000e-04  1.70748424e-07 
 3.68300000e-04  1.70655802e-07 
 3.68400000e-04  1.70570792e-07 
 3.68500000e-04  1.70531649e-07 
 3.68600000e-04  1.57908798e-07 
 3.68700000e-04  1.57553430e-07 
 3.68800000e-04  1.57360872e-07 
 3.68900000e-04  1.57217811e-07 
 3.69000000e-04  1.57125713e-07 
 3.69100000e-04  1.70702783e-07 
 3.69200000e-04  1.70457282e-07 
 3.69300000e-04  1.70378245e-07 
 3.69400000e-04  1.70311871e-07 
 3.69500000e-04  1.70270402e-07 
 3.69600000e-04  1.56399545e-07 
 3.69700000e-04  1.55988084e-07 
 3.69800000e-04  1.55762677e-07 
 3.69900000e-04  1.55593462e-07 
 3.70000000e-04  1.55482121e-07 
 3.70100000e-04  1.72073780e-07 
 3.70200000e-04  1.71777206e-07 
 3.70300000e-04  1.71659243e-07 
 3.70400000e-04  1.71553394e-07 
 3.70500000e-04  1.71512043e-07 
 3.70600000e-04  1.60158920e-07 
 3.70700000e-04  1.59778812e-07 
 3.70800000e-04  1.59603644e-07 
 3.70900000e-04  1.59479450e-07 
 3.71000000e-04  1.59407744e-07 
 3.71100000e-04  1.70769984e-07 
 3.71200000e-04  1.70503906e-07 
 3.71300000e-04  1.70415024e-07 
 3.71400000e-04  1.70338041e-07 
 3.71500000e-04  1.70303281e-07 
 3.71600000e-04  1.56454254e-07 
 3.71700000e-04  1.55993688e-07 
 3.71800000e-04  1.55764738e-07 
 3.71900000e-04  1.55588666e-07 
 3.72000000e-04  1.55467044e-07 
 3.72100000e-04  1.71546949e-07 
 3.72200000e-04  1.71357179e-07 
 3.72300000e-04  1.71271956e-07 
 3.72400000e-04  1.71193740e-07 
 3.72500000e-04  1.71155471e-07 
 3.72600000e-04  1.58478567e-07 
 3.72700000e-04  1.58121813e-07 
 3.72800000e-04  1.57943507e-07 
 3.72900000e-04  1.57814222e-07 
 3.73000000e-04  1.57735405e-07 
 3.73100000e-04  1.71304192e-07 
 3.73200000e-04  1.71071453e-07 
 3.73300000e-04  1.70989864e-07 
 3.73400000e-04  1.70918881e-07 
 3.73500000e-04  1.70892249e-07 
 3.73600000e-04  1.56969753e-07 
 3.73700000e-04  1.56559809e-07 
 3.73800000e-04  1.56341744e-07 
 3.73900000e-04  1.56177172e-07 
 3.74000000e-04  1.56067685e-07 
 3.74100000e-04  1.73760878e-07 
 3.74200000e-04  1.73245997e-07 
 3.74300000e-04  1.73071087e-07 
 3.74400000e-04  1.72918490e-07 
 3.74500000e-04  1.72850725e-07 
 3.74600000e-04  1.64054938e-07 
 3.74700000e-04  1.63698343e-07 
 3.74800000e-04  1.63529427e-07 
 3.74900000e-04  1.63418675e-07 
 3.75000000e-04  1.63367822e-07 
 3.75100000e-04  1.70568031e-07 
 3.75200000e-04  1.70169494e-07 
 3.75300000e-04  1.70012999e-07 
 3.75400000e-04  1.69872761e-07 
 3.75500000e-04  1.69822204e-07 
 3.75600000e-04  1.56030985e-07 
 3.75700000e-04  1.55488789e-07 
 3.75800000e-04  1.55235943e-07 
 3.75900000e-04  1.55049715e-07 
 3.76000000e-04  1.54932106e-07 
 3.76100000e-04  1.70980008e-07 
 3.76200000e-04  1.70790437e-07 
 3.76300000e-04  1.70695528e-07 
 3.76400000e-04  1.70607118e-07 
 3.76500000e-04  1.70567300e-07 
 3.76600000e-04  1.57911232e-07 
 3.76700000e-04  1.57556707e-07 
 3.76800000e-04  1.57359964e-07 
 3.76900000e-04  1.57226276e-07 
 3.77000000e-04  1.57157533e-07 
 3.77100000e-04  1.70722713e-07 
 3.77200000e-04  1.70479396e-07 
 3.77300000e-04  1.70399304e-07 
 3.77400000e-04  1.70331372e-07 
 3.77500000e-04  1.70290365e-07 
 3.77600000e-04  1.56400784e-07 
 3.77700000e-04  1.55992214e-07 
 3.77800000e-04  1.55769139e-07 
 3.77900000e-04  1.55598976e-07 
 3.78000000e-04  1.55483288e-07 
 3.78100000e-04  1.72076454e-07 
 3.78200000e-04  1.71778979e-07 
 3.78300000e-04  1.71671692e-07 
 3.78400000e-04  1.71577603e-07 
 3.78500000e-04  1.71507593e-07 
 3.78600000e-04  1.60160276e-07 
 3.78700000e-04  1.59780811e-07 
 3.78800000e-04  1.59605065e-07 
 3.78900000e-04  1.59482181e-07 
 3.79000000e-04  1.59413723e-07 
 3.79100000e-04  1.70781532e-07 
 3.79200000e-04  1.70512938e-07 
 3.79300000e-04  1.70415319e-07 
 3.79400000e-04  1.70328861e-07 
 3.79500000e-04  1.70301360e-07 
 3.79600000e-04  1.56452048e-07 
 3.79700000e-04  1.55988804e-07 
 3.79800000e-04  1.55757307e-07 
 3.79900000e-04  1.55587584e-07 
 3.80000000e-04  1.55481477e-07 
 3.80100000e-04  1.71559290e-07 
 3.80200000e-04  1.71359052e-07 
 3.80300000e-04  1.71269765e-07 
 3.80400000e-04  1.71188450e-07 
 3.80500000e-04  1.71148702e-07 
 3.80600000e-04  1.58487729e-07 
 3.80700000e-04  1.58113520e-07 
 3.80800000e-04  1.57926707e-07 
 3.80900000e-04  1.57796656e-07 
 3.81000000e-04  1.57725056e-07 
 3.81100000e-04  1.71313616e-07 
 3.81200000e-04  1.71081448e-07 
 3.81300000e-04  1.70995998e-07 
 3.81400000e-04  1.70920857e-07 
 3.81500000e-04  1.70884861e-07 
 3.81600000e-04  1.56990186e-07 
 3.81700000e-04  1.56562049e-07 
 3.81800000e-04  1.56355688e-07 
 3.81900000e-04  1.56192103e-07 
 3.82000000e-04  1.56072534e-07 
 3.82100000e-04  1.73222440e-07 
 3.82200000e-04  1.72814973e-07 
 3.82300000e-04  1.72675828e-07 
 3.82400000e-04  1.72554408e-07 
 3.82500000e-04  1.72491035e-07 
 3.82600000e-04  1.62399624e-07 
 3.82700000e-04  1.62044707e-07 
 3.82800000e-04  1.61856880e-07 
 3.82900000e-04  1.61740292e-07 
 3.83000000e-04  1.61697088e-07 
 3.83100000e-04  1.70913098e-07 
 3.83200000e-04  1.70597072e-07 
 3.83300000e-04  1.70481895e-07 
 3.83400000e-04  1.70380212e-07 
 3.83500000e-04  1.70340820e-07 
 3.83600000e-04  1.56513833e-07 
 3.83700000e-04  1.56032415e-07 
 3.83800000e-04  1.55792827e-07 
 3.83900000e-04  1.55609319e-07 
 3.84000000e-04  1.55483553e-07 
 3.84100000e-04  1.71578938e-07 
 3.84200000e-04  1.71382443e-07 
 3.84300000e-04  1.71291690e-07 
 3.84400000e-04  1.71208756e-07 
 3.84500000e-04  1.71155770e-07 
 3.84600000e-04  1.58485272e-07 
 3.84700000e-04  1.58144330e-07 
 3.84800000e-04  1.57956388e-07 
 3.84900000e-04  1.57821812e-07 
 3.85000000e-04  1.57742180e-07 
 3.85100000e-04  1.71341185e-07 
 3.85200000e-04  1.71090125e-07 
 3.85300000e-04  1.71004893e-07 
 3.85400000e-04  1.70932186e-07 
 3.85500000e-04  1.70897790e-07 
 3.85600000e-04  1.56996647e-07 
 3.85700000e-04  1.56585669e-07 
 3.85800000e-04  1.56353178e-07 
 3.85900000e-04  1.56183976e-07 
 3.86000000e-04  1.56079951e-07 
 3.86100000e-04  1.72709119e-07 
 3.86200000e-04  1.72395820e-07 
 3.86300000e-04  1.72287944e-07 
 3.86400000e-04  1.72194660e-07 
 3.86500000e-04  1.72129324e-07 
 3.86600000e-04  1.60746031e-07 
 3.86700000e-04  1.60373334e-07 
 3.86800000e-04  1.60192484e-07 
 3.86900000e-04  1.60073752e-07 
 3.87000000e-04  1.60018988e-07 
 3.87100000e-04  1.71411399e-07 
 3.87200000e-04  1.71145732e-07 
 3.87300000e-04  1.71042876e-07 
 3.87400000e-04  1.70950856e-07 
 3.87500000e-04  1.70915617e-07 
 3.87600000e-04  1.57035522e-07 
 3.87700000e-04  1.56595488e-07 
 3.87800000e-04  1.56364400e-07 
 3.87900000e-04  1.56191754e-07 
 3.88000000e-04  1.56079283e-07 
 3.88100000e-04  1.72174219e-07 
 3.88200000e-04  1.71970586e-07 
 3.88300000e-04  1.71881420e-07 
 3.88400000e-04  1.71800778e-07 
 3.88500000e-04  1.71759819e-07 
 3.88600000e-04  1.59069637e-07 
 3.88700000e-04  1.58720731e-07 
 3.88800000e-04  1.58536414e-07 
 3.88900000e-04  1.58408909e-07 
 3.89000000e-04  1.58339894e-07 
 3.89100000e-04  1.71933572e-07 
 3.89200000e-04  1.71713971e-07 
 3.89300000e-04  1.71619408e-07 
 3.89400000e-04  1.71533033e-07 
 3.89500000e-04  1.71512025e-07 
 3.89600000e-04  1.57570011e-07 
 3.89700000e-04  1.57168167e-07 
 3.89800000e-04  1.56948240e-07 
 3.89900000e-04  1.56779790e-07 
 3.90000000e-04  1.56664328e-07 
 3.90100000e-04  1.75963574e-07 
 3.90200000e-04  1.75129086e-07 
 3.90300000e-04  1.74870325e-07 
 3.90400000e-04  1.74649014e-07 
 3.90500000e-04  1.74570630e-07 
 3.90600000e-04  1.69649492e-07 
 3.90700000e-04  1.69264454e-07 
 3.90800000e-04  1.69104807e-07 
 3.90900000e-04  1.69018514e-07 
 3.91000000e-04  1.69007778e-07 
 3.91100000e-04  1.70178608e-07 
 3.91200000e-04  1.69193655e-07 
 3.91300000e-04  1.68929842e-07 
 3.91400000e-04  1.68712046e-07 
 3.91500000e-04  1.68635964e-07 
 3.91600000e-04  1.55005625e-07 
 3.91700000e-04  1.54343808e-07 
 3.91800000e-04  1.54061954e-07 
 3.91900000e-04  1.53859343e-07 
 3.92000000e-04  1.53738364e-07 
 3.92100000e-04  1.69750760e-07 
 3.92200000e-04  1.69553218e-07 
 3.92300000e-04  1.69466326e-07 
 3.92400000e-04  1.69387299e-07 
 3.92500000e-04  1.69334884e-07 
 3.92600000e-04  1.56740346e-07 
 3.92700000e-04  1.56380277e-07 
 3.92800000e-04  1.56184993e-07 
 3.92900000e-04  1.56043787e-07 
 3.93000000e-04  1.55958119e-07 
 3.93100000e-04  1.71227148e-07 
 3.93200000e-04  1.70728625e-07 
 3.93300000e-04  1.70545836e-07 
 3.93400000e-04  1.70456962e-07 
 3.93500000e-04  1.70398434e-07 
 3.93600000e-04  1.56096918e-07 
 3.93700000e-04  1.55501058e-07 
 3.93800000e-04  1.55244922e-07 
 3.93900000e-04  1.55059974e-07 
 3.94000000e-04  1.54947617e-07 
 3.94100000e-04  1.03757777e-04 
 3.94200000e-04  1.03757283e-04 
 3.94300000e-04  1.03757124e-04 
 3.94400000e-04  1.03756987e-04 
 3.94500000e-04  1.03756933e-04 
 3.94600000e-04  1.03745659e-04 
 3.94700000e-04  1.03745246e-04 
 3.94800000e-04  1.03745054e-04 
 3.94900000e-04  1.03744926e-04 
 3.95000000e-04  1.03744863e-04 
 3.95100000e-04  1.70698824e-07 
 3.95200000e-04  1.70386725e-07 
 3.95300000e-04  1.70287645e-07 
 3.95400000e-04  1.70203048e-07 
 3.95500000e-04  1.70162588e-07 
 3.95600000e-04  1.56375951e-07 
 3.95700000e-04  1.55902437e-07 
 3.95800000e-04  1.55667432e-07 
 3.95900000e-04  1.55488940e-07 
 3.96000000e-04  1.55368623e-07 
 3.96100000e-04  1.71463111e-07 
 3.96200000e-04  1.71247827e-07 
 3.96300000e-04  1.71168154e-07 
 3.96400000e-04  1.71098965e-07 
 3.96500000e-04  1.71045341e-07 
 3.96600000e-04  1.58398096e-07 
 3.96700000e-04  1.58032900e-07 
 3.96800000e-04  1.57846864e-07 
 3.96900000e-04  1.57708880e-07 
 3.97000000e-04  1.57620342e-07 
 3.97100000e-04  1.71229109e-07 
 3.97200000e-04  1.70987029e-07 
 3.97300000e-04  1.70896900e-07 
 3.97400000e-04  1.70817924e-07 
 3.97500000e-04  1.70778808e-07 
 3.97600000e-04  1.56894087e-07 
 3.97700000e-04  1.56483376e-07 
 3.97800000e-04  1.56257911e-07 
 3.97900000e-04  1.56082455e-07 
 3.98000000e-04  1.55958467e-07 
 3.98100000e-04  1.73130406e-07 
 3.98200000e-04  1.72711399e-07 
 3.98300000e-04  1.72568268e-07 
 3.98400000e-04  1.72443954e-07 
 3.98500000e-04  1.72383887e-07 
 3.98600000e-04  1.62296512e-07 
 3.98700000e-04  1.61936820e-07 
 3.98800000e-04  1.61748763e-07 
 3.98900000e-04  1.61631212e-07 
 3.99000000e-04  1.61586271e-07 
 3.99100000e-04  1.70803274e-07 
 3.99200000e-04  1.70487371e-07 
 3.99300000e-04  1.70383903e-07 
 3.99400000e-04  1.70294632e-07 
 3.99500000e-04  1.70252680e-07 
 3.99600000e-04  1.56406838e-07 
 3.99700000e-04  1.55911380e-07 
 3.99800000e-04  1.55684529e-07 
 3.99900000e-04  1.55507152e-07 
 4.00000000e-04  1.55380684e-07 
 4.00100000e-04  1.71474897e-07 
 4.00200000e-04  1.71273418e-07 
 4.00300000e-04  1.71186294e-07 
 4.00400000e-04  1.71107638e-07 
 4.00500000e-04  1.71054252e-07 
 4.00600000e-04  1.58384649e-07 
 4.00700000e-04  1.58030864e-07 
 4.00800000e-04  1.57839846e-07 
 4.00900000e-04  1.57707190e-07 
 4.01000000e-04  1.57634618e-07 
 4.01100000e-04  1.71215327e-07 
 4.01200000e-04  1.70984015e-07 
 4.01300000e-04  1.70902293e-07 
 4.01400000e-04  1.70831320e-07 
 4.01500000e-04  1.70784538e-07 
 4.01600000e-04  1.56876131e-07 
 4.01700000e-04  1.56463896e-07 
 4.01800000e-04  1.56245609e-07 
 4.01900000e-04  1.56076972e-07 
 4.02000000e-04  1.55959425e-07 
 4.02100000e-04  1.72594051e-07 
 4.02200000e-04  1.72290978e-07 
 4.02300000e-04  1.72171767e-07 
 4.02400000e-04  1.72065099e-07 
 4.02500000e-04  1.72020595e-07 
 4.02600000e-04  1.60637520e-07 
 4.02700000e-04  1.60258616e-07 
 4.02800000e-04  1.60076634e-07 
 4.02900000e-04  1.59955146e-07 
 4.03000000e-04  1.59895935e-07 
 4.03100000e-04  1.71301864e-07 
 4.03200000e-04  1.71031050e-07 
 4.03300000e-04  1.70926197e-07 
 4.03400000e-04  1.70832219e-07 
 4.03500000e-04  1.70805599e-07 
 4.03600000e-04  1.56918140e-07 
 4.03700000e-04  1.56466097e-07 
 4.03800000e-04  1.56244625e-07 
 4.03900000e-04  1.56075445e-07 
 4.04000000e-04  1.55960077e-07 
 4.04100000e-04  1.72059327e-07 
 4.04200000e-04  1.71860043e-07 
 4.04300000e-04  1.71775603e-07 
 4.04400000e-04  1.71699100e-07 
 4.04500000e-04  1.71651550e-07 
 4.04600000e-04  1.58965399e-07 
 4.04700000e-04  1.58603372e-07 
 4.04800000e-04  1.58426111e-07 
 4.04900000e-04  1.58294483e-07 
 4.05000000e-04  1.58209797e-07 
 4.05100000e-04  1.71831379e-07 
 4.05200000e-04  1.71585512e-07 
 4.05300000e-04  1.71503296e-07 
 4.05400000e-04  1.71433309e-07 
 4.05500000e-04  1.71400068e-07 
 4.05600000e-04  1.57454701e-07 
 4.05700000e-04  1.57059223e-07 
 4.05800000e-04  1.56832057e-07 
 4.05900000e-04  1.56661052e-07 
 4.06000000e-04  1.56547852e-07 
 4.06100000e-04  1.74271304e-07 
 4.06200000e-04  1.73748998e-07 
 4.06300000e-04  1.73573417e-07 
 4.06400000e-04  1.73420825e-07 
 4.06500000e-04  1.73357218e-07 
 4.06600000e-04  1.64551667e-07 
 4.06700000e-04  1.64190464e-07 
 4.06800000e-04  1.64012493e-07 
 4.06900000e-04  1.63901422e-07 
 4.07000000e-04  1.63859230e-07 
 4.07100000e-04  1.71093560e-07 
 4.07200000e-04  1.70678001e-07 
 4.07300000e-04  1.70523860e-07 
 4.07400000e-04  1.70387443e-07 
 4.07500000e-04  1.70333121e-07 
 4.07600000e-04  1.56504416e-07 
 4.07700000e-04  1.55966383e-07 
 4.07800000e-04  1.55719656e-07 
 4.07900000e-04  1.55533078e-07 
 4.08000000e-04  1.55408422e-07 
 4.08100000e-04  1.71511593e-07 
 4.08200000e-04  1.71288022e-07 
 4.08300000e-04  1.71202077e-07 
 4.08400000e-04  1.71126923e-07 
 4.08500000e-04  1.71064233e-07 
 4.08600000e-04  1.58387357e-07 
 4.08700000e-04  1.58028662e-07 
 4.08800000e-04  1.57848039e-07 
 4.08900000e-04  1.57718223e-07 
 4.09000000e-04  1.57640681e-07 
 4.09100000e-04  1.71238229e-07 
 4.09200000e-04  1.70985588e-07 
 4.09300000e-04  1.70896097e-07 
 4.09400000e-04  1.70818858e-07 
 4.09500000e-04  1.70798703e-07 
 4.09600000e-04  1.56884524e-07 
 4.09700000e-04  1.56459128e-07 
 4.09800000e-04  1.56244097e-07 
 4.09900000e-04  1.56078800e-07 
 4.10000000e-04  1.55964674e-07 
 4.10100000e-04  1.72596208e-07 
 4.10200000e-04  1.72292534e-07 
 4.10300000e-04  1.72173644e-07 
 4.10400000e-04  1.72067034e-07 
 4.10500000e-04  1.72019533e-07 
 4.10600000e-04  1.60642962e-07 
 4.10700000e-04  1.60271604e-07 
 4.10800000e-04  1.60087210e-07 
 4.10900000e-04  1.59960513e-07 
 4.11000000e-04  1.59893197e-07 
 4.11100000e-04  1.71300641e-07 
 4.11200000e-04  1.71016488e-07 
 4.11300000e-04  1.70927382e-07 
 4.11400000e-04  1.70851628e-07 
 4.11500000e-04  1.70806160e-07 
 4.11600000e-04  1.56916120e-07 
 4.11700000e-04  1.56483573e-07 
 4.11800000e-04  1.56248794e-07 
 4.11900000e-04  1.56072082e-07 
 4.12000000e-04  1.55955139e-07 
 4.12100000e-04  1.72069358e-07 
 4.12200000e-04  1.71881353e-07 
 4.12300000e-04  1.71787893e-07 
 4.12400000e-04  1.71700878e-07 
 4.12500000e-04  1.71646113e-07 
 4.12600000e-04  1.58972672e-07 
 4.12700000e-04  1.58605737e-07 
 4.12800000e-04  1.58412050e-07 
 4.12900000e-04  1.58280514e-07 
 4.13000000e-04  1.58212952e-07 
 4.13100000e-04  1.71823330e-07 
 4.13200000e-04  1.71596096e-07 
 4.13300000e-04  1.71512025e-07 
 4.13400000e-04  1.71437961e-07 
 4.13500000e-04  1.71392678e-07 
 4.13600000e-04  1.57456370e-07 
 4.13700000e-04  1.57043453e-07 
 4.13800000e-04  1.56832318e-07 
 4.13900000e-04  1.56671902e-07 
 4.14000000e-04  1.56563669e-07 
 4.14100000e-04  1.73749781e-07 
 4.14200000e-04  1.73328553e-07 
 4.14300000e-04  1.73181552e-07 
 4.14400000e-04  1.73053460e-07 
 4.14500000e-04  1.73002583e-07 
 4.14600000e-04  1.62871110e-07 
 4.14700000e-04  1.62527148e-07 
 4.14800000e-04  1.62345155e-07 
 4.14900000e-04  1.62229923e-07 
 4.15000000e-04  1.62183422e-07 
 4.15100000e-04  1.71417612e-07 
 4.15200000e-04  1.71112283e-07 
 4.15300000e-04  1.71000321e-07 
 4.15400000e-04  1.70900887e-07 
 4.15500000e-04  1.70848139e-07 
 4.15600000e-04  1.56991843e-07 
 4.15700000e-04  1.56512043e-07 
 4.15800000e-04  1.56269836e-07 
 4.15900000e-04  1.56092119e-07 
 4.16000000e-04  1.55980789e-07 
 4.16100000e-04  1.72089500e-07 
 4.16200000e-04  1.71877355e-07 
 4.16300000e-04  1.71790872e-07 
 4.16400000e-04  1.71714037e-07 
 4.16500000e-04  1.71664847e-07 
 4.16600000e-04  1.58973232e-07 
 4.16700000e-04  1.58623522e-07 
 4.16800000e-04  1.58438661e-07 
 4.16900000e-04  1.58302602e-07 
 4.17000000e-04  1.58216746e-07 
 4.17100000e-04  1.71843982e-07 
 4.17200000e-04  1.71607267e-07 
 4.17300000e-04  1.71510244e-07 
 4.17400000e-04  1.71422880e-07 
 4.17500000e-04  1.71392768e-07 
 4.17600000e-04  1.57462709e-07 
 4.17700000e-04  1.57062609e-07 
 4.17800000e-04  1.56839402e-07 
 4.17900000e-04  1.56673112e-07 
 4.18000000e-04  1.56565395e-07 
 4.18100000e-04  1.73221604e-07 
 4.18200000e-04  1.72902377e-07 
 4.18300000e-04  1.72788832e-07 
 4.18400000e-04  1.72689678e-07 
 4.18500000e-04  1.72623324e-07 
 4.18600000e-04  1.61224601e-07 
 4.18700000e-04  1.60850045e-07 
 4.18800000e-04  1.60671332e-07 
 4.18900000e-04  1.60551622e-07 
 4.19000000e-04  1.60492636e-07 
 4.19100000e-04  1.71916796e-07 
 4.19200000e-04  1.71637890e-07 
 4.19300000e-04  1.71546068e-07 
 4.19400000e-04  1.71467197e-07 
 4.19500000e-04  1.71430667e-07 
 4.19600000e-04  1.57519222e-07 
 4.19700000e-04  1.57080804e-07 
 4.19800000e-04  1.56836283e-07 
 4.19900000e-04  1.56659713e-07 
 4.20000000e-04  1.56553099e-07 
 4.20100000e-04  1.72704650e-07 
 4.20200000e-04  1.72480978e-07 
 4.20300000e-04  1.72390879e-07 
 4.20400000e-04  1.72311152e-07 
 4.20500000e-04  1.72254856e-07 
 4.20600000e-04  1.59555847e-07 
 4.20700000e-04  1.59187884e-07 
 4.20800000e-04  1.59003715e-07 
 4.20900000e-04  1.58879259e-07 
 4.21000000e-04  1.58816260e-07 
 4.21100000e-04  1.72443909e-07 
 4.21200000e-04  1.72210841e-07 
 4.21300000e-04  1.72123961e-07 
 4.21400000e-04  1.72047251e-07 
 4.21500000e-04  1.72005250e-07 
 4.21600000e-04  1.58048667e-07 
 4.21700000e-04  1.57630262e-07 
 4.21800000e-04  1.57422934e-07 
 4.21900000e-04  1.57261548e-07 
 4.22000000e-04  1.57147404e-07 
 4.22100000e-04  1.75421438e-07 
 4.22200000e-04  1.74795051e-07 
 4.22300000e-04  1.74594590e-07 
 4.22400000e-04  1.74422058e-07 
 4.22500000e-04  1.74347656e-07 
 4.22600000e-04  1.66791511e-07 
 4.22700000e-04  1.66422116e-07 
 4.22800000e-04  1.66256956e-07 
 4.22900000e-04  1.66163077e-07 
 4.23000000e-04  1.66142584e-07 
 4.23100000e-04  1.71714747e-07 
 4.23200000e-04  1.70915539e-07 
 4.23300000e-04  1.70661984e-07 
 4.23400000e-04  1.70445160e-07 
 4.23500000e-04  1.70363765e-07 
 4.23600000e-04  1.56577818e-07 
 4.23700000e-04  1.56008420e-07 
 4.23800000e-04  1.55742746e-07 
 4.23900000e-04  1.55546071e-07 
 4.24000000e-04  1.55420427e-07 
 4.24100000e-04  1.71507610e-07 
 4.24200000e-04  1.71301252e-07 
 4.24300000e-04  1.71216197e-07 
 4.24400000e-04  1.71140064e-07 
 4.24500000e-04  1.71089745e-07 
 4.24600000e-04  1.58398370e-07 
 4.24700000e-04  1.58036443e-07 
 4.24800000e-04  1.57852613e-07 
 4.24900000e-04  1.57717101e-07 
 4.25000000e-04  1.57631280e-07 
 4.25100000e-04  1.71244250e-07 
 4.25200000e-04  1.71000270e-07 
 4.25300000e-04  1.70909811e-07 
 4.25400000e-04  1.70830757e-07 
 4.25500000e-04  1.70805996e-07 
 4.25600000e-04  1.56886008e-07 
 4.25700000e-04  1.56474714e-07 
 4.25800000e-04  1.56255371e-07 
 4.25900000e-04  1.56085691e-07 
 4.26000000e-04  1.55967090e-07 
 4.26100000e-04  1.72616225e-07 
 4.26200000e-04  1.72285388e-07 
 4.26300000e-04  1.72166924e-07 
 4.26400000e-04  1.72064377e-07 
 4.26500000e-04  1.72014472e-07 
 4.26600000e-04  1.60642557e-07 
 4.26700000e-04  1.60270565e-07 
 4.26800000e-04  1.60095313e-07 
 4.26900000e-04  1.59972973e-07 
 4.27000000e-04  1.59905063e-07 
 4.27100000e-04  1.71296758e-07 
 4.27200000e-04  1.71024766e-07 
 4.27300000e-04  1.70926656e-07 
 4.27400000e-04  1.70839913e-07 
 4.27500000e-04  1.70810357e-07 
 4.27600000e-04  1.56930520e-07 
 4.27700000e-04  1.56465306e-07 
 4.27800000e-04  1.56247816e-07 
 4.27900000e-04  1.56084297e-07 
 4.28000000e-04  1.55976302e-07 
 4.28100000e-04  1.72071393e-07 
 4.28200000e-04  1.71882333e-07 
 4.28300000e-04  1.71788164e-07 
 4.28400000e-04  1.71700549e-07 
 4.28500000e-04  1.71654909e-07 
 4.28600000e-04  1.58964941e-07 
 4.28700000e-04  1.58594811e-07 
 4.28800000e-04  1.58413954e-07 
 4.28900000e-04  1.58286877e-07 
 4.29000000e-04  1.58215126e-07 
 4.29100000e-04  1.71833968e-07 
 4.29200000e-04  1.71596403e-07 
 4.29300000e-04  1.71510528e-07 
 4.29400000e-04  1.71435428e-07 
 4.29500000e-04  1.71391755e-07 
 4.29600000e-04  1.57466138e-07 
 4.29700000e-04  1.57044501e-07 
 4.29800000e-04  1.56823442e-07 
 4.29900000e-04  1.56661783e-07 
 4.30000000e-04  1.56561246e-07 
 4.30100000e-04  1.73744169e-07 
 4.30200000e-04  1.73334461e-07 
 4.30300000e-04  1.73181599e-07 
 4.30400000e-04  1.73045904e-07 
 4.30500000e-04  1.72993336e-07 
 4.30600000e-04  1.62886970e-07 
 4.30700000e-04  1.62527362e-07 
 4.30800000e-04  1.62355523e-07 
 4.30900000e-04  1.62239795e-07 
 4.31000000e-04  1.62181795e-07 
 4.31100000e-04  1.71420155e-07 
 4.31200000e-04  1.71103685e-07 
 4.31300000e-04  1.70993547e-07 
 4.31400000e-04  1.70897341e-07 
 4.31500000e-04  1.70856414e-07 
 4.31600000e-04  1.56993209e-07 
 4.31700000e-04  1.56515648e-07 
 4.31800000e-04  1.56270617e-07 
 4.31900000e-04  1.56092147e-07 
 4.32000000e-04  1.55982185e-07 
 4.32100000e-04  1.72095185e-07 
 4.32200000e-04  1.71899534e-07 
 4.32300000e-04  1.71805848e-07 
 4.32400000e-04  1.71719486e-07 
 4.32500000e-04  1.71665125e-07 
 4.32600000e-04  1.58981247e-07 
 4.32700000e-04  1.58623273e-07 
 4.32800000e-04  1.58433058e-07 
 4.32900000e-04  1.58299041e-07 
 4.33000000e-04  1.58222839e-07 
 4.33100000e-04  1.71846341e-07 
 4.33200000e-04  1.71597025e-07 
 4.33300000e-04  1.71515030e-07 
 4.33400000e-04  1.71445699e-07 
 4.33500000e-04  1.71414286e-07 
 4.33600000e-04  1.57459399e-07 
 4.33700000e-04  1.57047979e-07 
 4.33800000e-04  1.56828812e-07 
 4.33900000e-04  1.56663485e-07 
 4.34000000e-04  1.56553540e-07 
 4.34100000e-04  1.73214082e-07 
 4.34200000e-04  1.72900397e-07 
 4.34300000e-04  1.72784729e-07 
 4.34400000e-04  1.72682579e-07 
 4.34500000e-04  1.72624650e-07 
 4.34600000e-04  1.61212729e-07 
 4.34700000e-04  1.60864862e-07 
 4.34800000e-04  1.60680906e-07 
 4.34900000e-04  1.60559642e-07 
 4.35000000e-04  1.60502893e-07 
 4.35100000e-04  1.71914773e-07 
 4.35200000e-04  1.71646093e-07 
 4.35300000e-04  1.71552270e-07 
 4.35400000e-04  1.71469928e-07 
 4.35500000e-04  1.71431122e-07 
 4.35600000e-04  1.57504929e-07 
 4.35700000e-04  1.57079285e-07 
 4.35800000e-04  1.56847718e-07 
 4.35900000e-04  1.56675904e-07 
 4.36000000e-04  1.56565573e-07 
 4.36100000e-04  1.72687716e-07 
 4.36200000e-04  1.72488410e-07 
 4.36300000e-04  1.72395092e-07 
 4.36400000e-04  1.72309252e-07 
 4.36500000e-04  1.72268528e-07 
 4.36600000e-04  1.59539867e-07 
 4.36700000e-04  1.59200930e-07 
 4.36800000e-04  1.59003676e-07 
 4.36900000e-04  1.58873896e-07 
 4.37000000e-04  1.58813563e-07 
 4.37100000e-04  1.72464285e-07 
 4.37200000e-04  1.72208145e-07 
 4.37300000e-04  1.72120741e-07 
 4.37400000e-04  1.72046124e-07 
 4.37500000e-04  1.72010600e-07 
 4.37600000e-04  1.58051394e-07 
 4.37700000e-04  1.57650502e-07 
 4.37800000e-04  1.57431456e-07 
 4.37900000e-04  1.57264229e-07 
 4.38000000e-04  1.57150293e-07 
 4.38100000e-04  1.74903912e-07 
 4.38200000e-04  1.74369180e-07 
 4.38300000e-04  1.74198730e-07 
 4.38400000e-04  1.74053325e-07 
 4.38500000e-04  1.73970971e-07 
 4.38600000e-04  1.65124255e-07 
 4.38700000e-04  1.64778297e-07 
 4.38800000e-04  1.64609543e-07 
 4.38900000e-04  1.64504566e-07 
 4.39000000e-04  1.64465220e-07 
 4.39100000e-04  1.71709898e-07 
 4.39200000e-04  1.71312241e-07 
 4.39300000e-04  1.71154833e-07 
 4.39400000e-04  1.71013447e-07 
 4.39500000e-04  1.70938599e-07 
 4.39600000e-04  1.57110860e-07 
 4.39700000e-04  1.56567339e-07 
 4.39800000e-04  1.56312952e-07 
 4.39900000e-04  1.56122252e-07 
 4.40000000e-04  1.55997089e-07 
 4.40100000e-04  1.72128374e-07 
 4.40200000e-04  1.71927904e-07 
 4.40300000e-04  1.71833198e-07 
 4.40400000e-04  1.71745981e-07 
 4.40500000e-04  1.71684590e-07 
 4.40600000e-04  1.58986361e-07 
 4.40700000e-04  1.58622392e-07 
 4.40800000e-04  1.58433456e-07 
 4.40900000e-04  1.58298034e-07 
 4.41000000e-04  1.58217652e-07 
 4.41100000e-04  1.71854690e-07 
 4.41200000e-04  1.71622651e-07 
 4.41300000e-04  1.71528529e-07 
 4.41400000e-04  1.71444239e-07 
 4.41500000e-04  1.71408185e-07 
 4.41600000e-04  1.57471791e-07 
 4.41700000e-04  1.57051027e-07 
 4.41800000e-04  1.56831887e-07 
 4.41900000e-04  1.56665221e-07 
 4.42000000e-04  1.56552520e-07 
 4.42100000e-04  1.73222899e-07 
 4.42200000e-04  1.72920815e-07 
 4.42300000e-04  1.72799505e-07 
 4.42400000e-04  1.72690555e-07 
 4.42500000e-04  1.72650959e-07 
 4.42600000e-04  1.61213477e-07 
 4.42700000e-04  1.60870971e-07 
 4.42800000e-04  1.60676637e-07 
 4.42900000e-04  1.60553472e-07 
 4.43000000e-04  1.60503561e-07 
 4.43100000e-04  1.71924214e-07 
 4.43200000e-04  1.71651171e-07 
 4.43300000e-04  1.71559416e-07 
 4.43400000e-04  1.71480012e-07 
 4.43500000e-04  1.71426601e-07 
 4.43600000e-04  1.57510440e-07 
 4.43700000e-04  1.57065023e-07 
 4.43800000e-04  1.56835731e-07 
 4.43900000e-04  1.56665224e-07 
 4.44000000e-04  1.56555192e-07 
 4.44100000e-04  1.72705420e-07 
 4.44200000e-04  1.72496303e-07 
 4.44300000e-04  1.72403890e-07 
 4.44400000e-04  1.72320486e-07 
 4.44500000e-04  1.72280506e-07 
 4.44600000e-04  1.59555269e-07 
 4.44700000e-04  1.59201287e-07 
 4.44800000e-04  1.59011250e-07 
 4.44900000e-04  1.58884773e-07 
 4.45000000e-04  1.58823696e-07 
 4.45100000e-04  1.72461313e-07 
 4.45200000e-04  1.72219210e-07 
 4.45300000e-04  1.72125794e-07 
 4.45400000e-04  1.72042931e-07 
 4.45500000e-04  1.72004414e-07 
 4.45600000e-04  1.58034502e-07 
 4.45700000e-04  1.57653977e-07 
 4.45800000e-04  1.57433179e-07 
 4.45900000e-04  1.57265663e-07 
 4.46000000e-04  1.57152940e-07 
 4.46100000e-04  1.74365734e-07 
 4.46200000e-04  1.73940689e-07 
 4.46300000e-04  1.73802404e-07 
 4.46400000e-04  1.73683973e-07 
 4.46500000e-04  1.73628775e-07 
 4.46600000e-04  1.63469451e-07 
 4.46700000e-04  1.63105932e-07 
 4.46800000e-04  1.62933685e-07 
 4.46900000e-04  1.62822611e-07 
 4.47000000e-04  1.62774473e-07 
 4.47100000e-04  1.72045261e-07 
 4.47200000e-04  1.71740188e-07 
 4.47300000e-04  1.71619524e-07 
 4.47400000e-04  1.71510451e-07 
 4.47500000e-04  1.71467652e-07 
 4.47600000e-04  1.57580822e-07 
 4.47700000e-04  1.57092973e-07 
 4.47800000e-04  1.56856884e-07 
 4.47900000e-04  1.56685084e-07 
 4.48000000e-04  1.56579429e-07 
 4.48100000e-04  1.72726742e-07 
 4.48200000e-04  1.72506508e-07 
 4.48300000e-04  1.72413290e-07 
 4.48400000e-04  1.72330123e-07 
 4.48500000e-04  1.72275443e-07 
 4.48600000e-04  1.59561066e-07 
 4.48700000e-04  1.59209942e-07 
 4.48800000e-04  1.59027729e-07 
 4.48900000e-04  1.58894397e-07 
 4.49000000e-04  1.58811318e-07 
 4.49100000e-04  1.72467001e-07 
 4.49200000e-04  1.72228380e-07 
 4.49300000e-04  1.72136138e-07 
 4.49400000e-04  1.72054404e-07 
 4.49500000e-04  1.72015326e-07 
 4.49600000e-04  1.58038798e-07 
 4.49700000e-04  1.57636067e-07 
 4.49800000e-04  1.57430190e-07 
 4.49900000e-04  1.57268779e-07 
 4.50000000e-04  1.57153067e-07 
 4.50100000e-04  1.73845157e-07 
 4.50200000e-04  1.73537931e-07 
 4.50300000e-04  1.73410335e-07 
 4.50400000e-04  1.73294579e-07 
 4.50500000e-04  1.73246925e-07 
 4.50600000e-04  1.61800731e-07 
 4.50700000e-04  1.61449224e-07 
 4.50800000e-04  1.61263483e-07 
 4.50900000e-04  1.61142689e-07 
 4.51000000e-04  1.61088717e-07 
 4.51100000e-04  1.72545338e-07 
 4.51200000e-04  1.72277561e-07 
 4.51300000e-04  1.72182722e-07 
 4.51400000e-04  1.72099490e-07 
 4.51500000e-04  1.72055008e-07 
 4.51600000e-04  1.58097124e-07 
 4.51700000e-04  1.57660108e-07 
 4.51800000e-04  1.57428673e-07 
 4.51900000e-04  1.57258071e-07 
 4.52000000e-04  1.57150051e-07 
 4.52100000e-04  1.73329679e-07 
 4.52200000e-04  1.73106904e-07 
 4.52300000e-04  1.73021037e-07 
 4.52400000e-04  1.72945596e-07 
 4.52500000e-04  1.72895598e-07 
 4.52600000e-04  1.60149560e-07 
 4.52700000e-04  1.59783111e-07 
 4.52800000e-04  1.59607196e-07 
 4.52900000e-04  1.59482385e-07 
 4.53000000e-04  1.59410110e-07 
 4.53100000e-04  1.73087372e-07 
 4.53200000e-04  1.72831249e-07 
 4.53300000e-04  1.72736896e-07 
 4.53400000e-04  1.72654535e-07 
 4.53500000e-04  1.72625697e-07 
 4.53600000e-04  1.58614358e-07 
 4.53700000e-04  1.58238674e-07 
 4.53800000e-04  1.58021719e-07 
 4.53900000e-04  1.57855230e-07 
 4.54000000e-04  1.57740622e-07 
 4.54100000e-04  1.76577845e-07 
 4.54200000e-04  1.75832803e-07 
 4.54300000e-04  1.75599794e-07 
 4.54400000e-04  1.75400542e-07 
 4.54500000e-04  1.75329344e-07 
 4.54600000e-04  1.69038836e-07 
 4.54700000e-04  1.68680722e-07 
 4.54800000e-04  1.68520567e-07 
 4.54900000e-04  1.68427903e-07 
 4.55000000e-04  1.68404682e-07 
 4.55100000e-04  1.71866219e-07 
 4.55200000e-04  1.70915056e-07 
 4.55300000e-04  1.70656164e-07 
 4.55400000e-04  1.70441300e-07 
 4.55500000e-04  1.70356416e-07 
 4.55600000e-04  1.56602645e-07 
 4.55700000e-04  1.56011010e-07 
 4.55800000e-04  1.55735826e-07 
 4.55900000e-04  1.55538863e-07 
 4.56000000e-04  1.55422235e-07 
 4.56100000e-04  1.73464938e-07 
 4.56200000e-04  1.72907544e-07 
 4.56300000e-04  1.72705467e-07 
 4.56400000e-04  1.72618232e-07 
 4.56500000e-04  1.72568106e-07 
 4.56600000e-04  1.59417756e-07 
 4.56700000e-04  1.58891987e-07 
 4.56800000e-04  1.58645755e-07 
 4.56900000e-04  1.58467598e-07 
 4.57000000e-04  1.58358791e-07 
 4.57100000e-04  1.03758177e-04 
 4.57200000e-04  1.03757751e-04 
 4.57300000e-04  1.03757624e-04 
 4.57400000e-04  1.03757516e-04 
 4.57500000e-04  1.03757469e-04 
 4.57600000e-04  1.03743565e-04 
 4.57700000e-04  1.03743138e-04 
 4.57800000e-04  1.03742899e-04 
 4.57900000e-04  1.03742723e-04 
 4.58000000e-04  1.03742613e-04 
 4.58100000e-04  1.73757666e-07 
 4.58200000e-04  1.73410128e-07 
 4.58300000e-04  1.73287488e-07 
 4.58400000e-04  1.73180211e-07 
 4.58500000e-04  1.73142365e-07 
 4.58600000e-04  1.61734783e-07 
 4.58700000e-04  1.61367038e-07 
 4.58800000e-04  1.61181769e-07 
 4.58900000e-04  1.61056075e-07 
 4.59000000e-04  1.60991654e-07 
 4.59100000e-04  1.72459384e-07 
 4.59200000e-04  1.72169040e-07 
 4.59300000e-04  1.72075761e-07 
 4.59400000e-04  1.71996281e-07 
 4.59500000e-04  1.71962490e-07 
 4.59600000e-04  1.58002457e-07 
 4.59700000e-04  1.57566442e-07 
 4.59800000e-04  1.57339258e-07 
 4.59900000e-04  1.57172291e-07 
 4.60000000e-04  1.57067259e-07 
 4.60100000e-04  1.73231582e-07 
 4.60200000e-04  1.73021018e-07 
 4.60300000e-04  1.72925728e-07 
 4.60400000e-04  1.72838888e-07 
 4.60500000e-04  1.72792074e-07 
 4.60600000e-04  1.60047801e-07 
 4.60700000e-04  1.59682512e-07 
 4.60800000e-04  1.59501713e-07 
 4.60900000e-04  1.59376299e-07 
 4.61000000e-04  1.59307831e-07 
 4.61100000e-04  1.72981163e-07 
 4.61200000e-04  1.72750706e-07 
 4.61300000e-04  1.72663772e-07 
 4.61400000e-04  1.72586960e-07 
 4.61500000e-04  1.72539296e-07 
 4.61600000e-04  1.58530750e-07 
 4.61700000e-04  1.58133809e-07 
 4.61800000e-04  1.57922091e-07 
 4.61900000e-04  1.57757444e-07 
 4.62000000e-04  1.57641168e-07 
 4.62100000e-04  1.74893341e-07 
 4.62200000e-04  1.74467183e-07 
 4.62300000e-04  1.74325012e-07 
 4.62400000e-04  1.74202200e-07 
 4.62500000e-04  1.74130791e-07 
 4.62600000e-04  1.63944822e-07 
 4.62700000e-04  1.63597329e-07 
 4.62800000e-04  1.63424806e-07 
 4.62900000e-04  1.63308590e-07 
 4.63000000e-04  1.63250274e-07 
 4.63100000e-04  1.72579831e-07 
 4.63200000e-04  1.72267381e-07 
 4.63300000e-04  1.72144838e-07 
 4.63400000e-04  1.72034689e-07 
 4.63500000e-04  1.71984937e-07 
 4.63600000e-04  1.58065309e-07 
 4.63700000e-04  1.57595667e-07 
 4.63800000e-04  1.57359655e-07 
 4.63900000e-04  1.57179774e-07 
 4.64000000e-04  1.57057606e-07 
 4.64100000e-04  1.73244526e-07 
 4.64200000e-04  1.73032505e-07 
 4.64300000e-04  1.72934269e-07 
 4.64400000e-04  1.72844420e-07 
 4.64500000e-04  1.72799736e-07 
 4.64600000e-04  1.60036684e-07 
 4.64700000e-04  1.59695925e-07 
 4.64800000e-04  1.59516203e-07 
 4.64900000e-04  1.59385539e-07 
 4.65000000e-04  1.59305298e-07 
 4.65100000e-04  1.72977973e-07 
 4.65200000e-04  1.72734584e-07 
 4.65300000e-04  1.72651440e-07 
 4.65400000e-04  1.72580020e-07 
 4.65500000e-04  1.72542947e-07 
 4.65600000e-04  1.58532996e-07 
 4.65700000e-04  1.58127766e-07 
 4.65800000e-04  1.57917310e-07 
 4.65900000e-04  1.57756659e-07 
 4.66000000e-04  1.57647200e-07 
 4.66100000e-04  1.74369155e-07 
 4.66200000e-04  1.74049749e-07 
 4.66300000e-04  1.73935057e-07 
 4.66400000e-04  1.73834770e-07 
 4.66500000e-04  1.73766673e-07 
 4.66600000e-04  1.62294013e-07 
 4.66700000e-04  1.61942561e-07 
 4.66800000e-04  1.61758216e-07 
 4.66900000e-04  1.61638921e-07 
 4.67000000e-04  1.61586541e-07 
 4.67100000e-04  1.73064463e-07 
 4.67200000e-04  1.72780366e-07 
 4.67300000e-04  1.72687847e-07 
 4.67400000e-04  1.72608202e-07 
 4.67500000e-04  1.72563612e-07 
 4.67600000e-04  1.58585105e-07 
 4.67700000e-04  1.58140155e-07 
 4.67800000e-04  1.57915085e-07 
 4.67900000e-04  1.57744428e-07 
 4.68000000e-04  1.57629717e-07 
 4.68100000e-04  1.73834258e-07 
 4.68200000e-04  1.73635726e-07 
 4.68300000e-04  1.73541224e-07 
 4.68400000e-04  1.73453513e-07 
 4.68500000e-04  1.73410074e-07 
 4.68600000e-04  1.60615426e-07 
 4.68700000e-04  1.60276220e-07 
 4.68800000e-04  1.60098078e-07 
 4.68900000e-04  1.59974590e-07 
 4.69000000e-04  1.59907291e-07 
 4.69100000e-04  1.73601004e-07 
 4.69200000e-04  1.73363840e-07 
 4.69300000e-04  1.73264926e-07 
 4.69400000e-04  1.73175717e-07 
 4.69500000e-04  1.73152182e-07 
 4.69600000e-04  1.59105511e-07 
 4.69700000e-04  1.58717738e-07 
 4.69800000e-04  1.58505652e-07 
 4.69900000e-04  1.58341915e-07 
 4.70000000e-04  1.58227863e-07 
 4.70100000e-04  1.76045287e-07 
 4.70200000e-04  1.75504847e-07 
 4.70300000e-04  1.75330116e-07 
 4.70400000e-04  1.75180092e-07 
 4.70500000e-04  1.75103159e-07 
 4.70600000e-04  1.66193203e-07 
 4.70700000e-04  1.65855519e-07 
 4.70800000e-04  1.65679396e-07 
 4.70900000e-04  1.65572112e-07 
 4.71000000e-04  1.65535649e-07 
 4.71100000e-04  1.72879698e-07 
 4.71200000e-04  1.72443524e-07 
 4.71300000e-04  1.72283538e-07 
 4.71400000e-04  1.72142710e-07 
 4.71500000e-04  1.72061910e-07 
 4.71600000e-04  1.58173062e-07 
 4.71700000e-04  1.57633801e-07 
 4.71800000e-04  1.57394301e-07 
 4.71900000e-04  1.57216562e-07 
 4.72000000e-04  1.57102338e-07 
 4.72100000e-04  1.73261634e-07 
 4.72200000e-04  1.73052124e-07 
 4.72300000e-04  1.72959707e-07 
 4.72400000e-04  1.72875594e-07 
 4.72500000e-04  1.72818958e-07 
 4.72600000e-04  1.60059266e-07 
 4.72700000e-04  1.59690612e-07 
 4.72800000e-04  1.59519378e-07 
 4.72900000e-04  1.59393254e-07 
 4.73000000e-04  1.59313469e-07 
 4.73100000e-04  1.73015098e-07 
 4.73200000e-04  1.72750841e-07 
 4.73300000e-04  1.72654876e-07 
 4.73400000e-04  1.72571494e-07 
 4.73500000e-04  1.72552668e-07 
 4.73600000e-04  1.58525548e-07 
 4.73700000e-04  1.58130694e-07 
 4.73800000e-04  1.57925921e-07 
 4.73900000e-04  1.57759234e-07 
 4.74000000e-04  1.57631639e-07 
 4.74100000e-04  1.74370177e-07 
 4.74200000e-04  1.74051742e-07 
 4.74300000e-04  1.73932702e-07 
 4.74400000e-04  1.73827438e-07 
 4.74500000e-04  1.73770893e-07 
 4.74600000e-04  1.62283767e-07 
 4.74700000e-04  1.61925175e-07 
 4.74800000e-04  1.61753130e-07 
 4.74900000e-04  1.61638975e-07 
 4.75000000e-04  1.61584339e-07 
 4.75100000e-04  1.73083752e-07 
 4.75200000e-04  1.72788537e-07 
 4.75300000e-04  1.72686290e-07 
 4.75400000e-04  1.72597549e-07 
 4.75500000e-04  1.72553551e-07 
 4.75600000e-04  1.58585893e-07 
 4.75700000e-04  1.58138735e-07 
 4.75800000e-04  1.57923634e-07 
 4.75900000e-04  1.57755492e-07 
 4.76000000e-04  1.57635590e-07 
 4.76100000e-04  1.73847523e-07 
 4.76200000e-04  1.73641055e-07 
 4.76300000e-04  1.73542739e-07 
 4.76400000e-04  1.73452381e-07 
 4.76500000e-04  1.73404063e-07 
 4.76600000e-04  1.60626257e-07 
 4.76700000e-04  1.60276300e-07 
 4.76800000e-04  1.60092560e-07 
 4.76900000e-04  1.59968942e-07 
 4.77000000e-04  1.59907149e-07 
 4.77100000e-04  1.73609307e-07 
 4.77200000e-04  1.73358537e-07 
 4.77300000e-04  1.73269180e-07 
 4.77400000e-04  1.73191537e-07 
 4.77500000e-04  1.73157808e-07 
 4.77600000e-04  1.59110942e-07 
 4.77700000e-04  1.58724508e-07 
 4.77800000e-04  1.58509810e-07 
 4.77900000e-04  1.58349094e-07 
 4.78000000e-04  1.58243864e-07 
 4.78100000e-04  1.75518244e-07 
 4.78200000e-04  1.75082589e-07 
 4.78300000e-04  1.74937038e-07 
 4.78400000e-04  1.74811927e-07 
 4.78500000e-04  1.74737088e-07 
 4.78600000e-04  1.64535127e-07 
 4.78700000e-04  1.64188934e-07 
 4.78800000e-04  1.64013353e-07 
 4.78900000e-04  1.63897245e-07 
 4.79000000e-04  1.63842287e-07 
 4.79100000e-04  1.73191678e-07 
 4.79200000e-04  1.72886662e-07 
 4.79300000e-04  1.72762311e-07 
 4.79400000e-04  1.72649525e-07 
 4.79500000e-04  1.72600683e-07 
 4.79600000e-04  1.58657453e-07 
 4.79700000e-04  1.58180009e-07 
 4.79800000e-04  1.57941895e-07 
 4.79900000e-04  1.57769498e-07 
 4.80000000e-04  1.57664697e-07 
 4.80100000e-04  1.73869311e-07 
 4.80200000e-04  1.73643375e-07 
 4.80300000e-04  1.73545666e-07 
 4.80400000e-04  1.73457612e-07 
 4.80500000e-04  1.73420702e-07 
 4.80600000e-04  1.60627242e-07 
 4.80700000e-04  1.60288608e-07 
 4.80800000e-04  1.60098464e-07 
 4.80900000e-04  1.59970797e-07 
 4.81000000e-04  1.59907376e-07 
 4.81100000e-04  1.73605484e-07 
 4.81200000e-04  1.73353086e-07 
 4.81300000e-04  1.73260407e-07 
 4.81400000e-04  1.73179252e-07 
 4.81500000e-04  1.73142423e-07 
 4.81600000e-04  1.59119992e-07 
 4.81700000e-04  1.58705915e-07 
 4.81800000e-04  1.58498173e-07 
 4.81900000e-04  1.58345544e-07 
 4.82000000e-04  1.58249563e-07 
 4.82100000e-04  1.74994124e-07 
 4.82200000e-04  1.74664516e-07 
 4.82300000e-04  1.74546519e-07 
 4.82400000e-04  1.74443718e-07 
 4.82500000e-04  1.74384233e-07 
 4.82600000e-04  1.62883349e-07 
 4.82700000e-04  1.62518746e-07 
 4.82800000e-04  1.62352407e-07 
 4.82900000e-04  1.62234033e-07 
 4.83000000e-04  1.62164927e-07 
 4.83100000e-04  1.73683870e-07 
 4.83200000e-04  1.73410475e-07 
 4.83300000e-04  1.73304180e-07 
 4.83400000e-04  1.73208816e-07 
 4.83500000e-04  1.73174490e-07 
 4.83600000e-04  1.59166581e-07 
 4.83700000e-04  1.58723741e-07 
 4.83800000e-04  1.58514204e-07 
 4.83900000e-04  1.58355293e-07 
 4.84000000e-04  1.58248394e-07 
 4.84100000e-04  1.74462424e-07 
 4.84200000e-04  1.74241441e-07 
 4.84300000e-04  1.74154491e-07 
 4.84400000e-04  1.74077609e-07 
 4.84500000e-04  1.74018982e-07 
 4.84600000e-04  1.61217181e-07 
 4.84700000e-04  1.60852731e-07 
 4.84800000e-04  1.60674746e-07 
 4.84900000e-04  1.60554989e-07 
 4.85000000e-04  1.60495095e-07 
 4.85100000e-04  1.74224210e-07 
 4.85200000e-04  1.73986531e-07 
 4.85300000e-04  1.73893865e-07 
 4.85400000e-04  1.73811504e-07 
 4.85500000e-04  1.73770894e-07 
 4.85600000e-04  1.59691381e-07 
 4.85700000e-04  1.59316485e-07 
 4.85800000e-04  1.59106147e-07 
 4.85900000e-04  1.58940551e-07 
 4.86000000e-04  1.58820900e-07 
 4.86100000e-04  1.77206335e-07 
 4.86200000e-04  1.76553838e-07 
 4.86300000e-04  1.76341009e-07 
 4.86400000e-04  1.76157912e-07 
 4.86500000e-04  1.76074193e-07 
 4.86600000e-04  1.68441492e-07 
 4.86700000e-04  1.68098403e-07 
 4.86800000e-04  1.67945412e-07 
 4.86900000e-04  1.67847390e-07 
 4.87000000e-04  1.67805865e-07 
 4.87100000e-04  1.73497714e-07 
 4.87200000e-04  1.72673195e-07 
 4.87300000e-04  1.72422521e-07 
 4.87400000e-04  1.72211296e-07 
 4.87500000e-04  1.72113850e-07 
 4.87600000e-04  1.58235025e-07 
 4.87700000e-04  1.57663426e-07 
 4.87800000e-04  1.57413321e-07 
 4.87900000e-04  1.57224557e-07 
 4.88000000e-04  1.57098857e-07 
 4.88100000e-04  1.73286999e-07 
 4.88200000e-04  1.73060483e-07 
 4.88300000e-04  1.72967643e-07 
 4.88400000e-04  1.72885041e-07 
 4.88500000e-04  1.72828171e-07 
 4.88600000e-04  1.60055028e-07 
 4.88700000e-04  1.59715362e-07 
 4.88800000e-04  1.59533162e-07 
 4.88900000e-04  1.59400174e-07 
 4.89000000e-04  1.59318007e-07 
 4.89100000e-04  1.73162765e-07 
 4.89200000e-04  1.72811114e-07 
 4.89300000e-04  1.72675916e-07 
 4.89400000e-04  1.72606224e-07 
 4.89500000e-04  1.72545108e-07 
 4.89600000e-04  1.58551136e-07 
 4.89700000e-04  1.58147506e-07 
 4.89800000e-04  1.57928584e-07 
 4.89900000e-04  1.57760526e-07 
 4.90000000e-04  1.57644763e-07 
 4.90100000e-04  1.74369445e-07 
 4.90200000e-04  1.74045814e-07 
 4.90300000e-04  1.73928403e-07 
 4.90400000e-04  1.73825464e-07 
 4.90500000e-04  1.73778143e-07 
 4.90600000e-04  1.62301659e-07 
 4.90700000e-04  1.61931824e-07 
 4.90800000e-04  1.61767871e-07 
 4.90900000e-04  1.61649998e-07 
 4.91000000e-04  1.61579504e-07 
 4.91100000e-04  1.73070405e-07 
 4.91200000e-04  1.72797509e-07 
 4.91300000e-04  1.72689581e-07 
 4.91400000e-04  1.72592649e-07 
 4.91500000e-04  1.72551543e-07 
 4.91600000e-04  1.58586206e-07 
 4.91700000e-04  1.58138635e-07 
 4.91800000e-04  1.57924179e-07 
 4.91900000e-04  1.57763533e-07 
 4.92000000e-04  1.57658263e-07 
 4.92100000e-04  1.73836124e-07 
 4.92200000e-04  1.73638974e-07 
 4.92300000e-04  1.73541657e-07 
 4.92400000e-04  1.73451207e-07 
 4.92500000e-04  1.73403460e-07 
 4.92600000e-04  1.60627018e-07 
 4.92700000e-04  1.60269267e-07 
 4.92800000e-04  1.60101698e-07 
 4.92900000e-04  1.59980398e-07 
 4.93000000e-04  1.59906715e-07 
 4.93100000e-04  1.73614696e-07 
 4.93200000e-04  1.73358974e-07 
 4.93300000e-04  1.73262011e-07 
 4.93400000e-04  1.73177018e-07 
 4.93500000e-04  1.73139520e-07 
 4.93600000e-04  1.59114493e-07 
 4.93700000e-04  1.58724698e-07 
 4.93800000e-04  1.58512780e-07 
 4.93900000e-04  1.58351905e-07 
 4.94000000e-04  1.58243718e-07 
 4.94100000e-04  1.75941356e-07 
 4.94200000e-04  1.75292336e-07 
 4.94300000e-04  1.75093525e-07 
 4.94400000e-04  1.75015533e-07 
 4.94500000e-04  1.74966662e-07 
 4.94600000e-04  1.64814281e-07 
 4.94700000e-04  1.64485821e-07 
 4.94800000e-04  1.64296922e-07 
 4.94900000e-04  1.64153729e-07 
 4.95000000e-04  1.64057610e-07 
 4.95100000e-04  1.73195058e-07 
 4.95200000e-04  1.72871202e-07 
 4.95300000e-04  1.72762911e-07 
 4.95400000e-04  1.72669042e-07 
 4.95500000e-04  1.72612024e-07 
 4.95600000e-04  1.58660036e-07 
 4.95700000e-04  1.58173009e-07 
 4.95800000e-04  1.57940495e-07 
 4.95900000e-04  1.57767899e-07 
 4.96000000e-04  1.57657063e-07 
 4.96100000e-04  1.73857198e-07 
 4.96200000e-04  1.73645188e-07 
 4.96300000e-04  1.73556155e-07 
 4.96400000e-04  1.73475741e-07 
 4.96500000e-04  1.73417294e-07 
 4.96600000e-04  1.60637389e-07 
 4.96700000e-04  1.60292299e-07 
 4.96800000e-04  1.60103532e-07 
 4.96900000e-04  1.59970835e-07 
 4.97000000e-04  1.59895947e-07 
 4.97100000e-04  1.73607566e-07 
 4.97200000e-04  1.73358493e-07 
 4.97300000e-04  1.73263549e-07 
 4.97400000e-04  1.73179873e-07 
 4.97500000e-04  1.73142698e-07 
 4.97600000e-04  1.59127896e-07 
 4.97700000e-04  1.58729432e-07 
 4.97800000e-04  1.58511878e-07 
 4.97900000e-04  1.58346079e-07 
 4.98000000e-04  1.58233657e-07 
 4.98100000e-04  1.74981105e-07 
 4.98200000e-04  1.74665073e-07 
 4.98300000e-04  1.74545616e-07 
 4.98400000e-04  1.74439698e-07 
 4.98500000e-04  1.74390141e-07 
 4.98600000e-04  1.62868618e-07 
 4.98700000e-04  1.62539484e-07 
 4.98800000e-04  1.62358587e-07 
 4.98900000e-04  1.62236297e-07 
 4.99000000e-04  1.62174471e-07 
 4.99100000e-04  1.73708445e-07 
 4.99200000e-04  1.73407052e-07 
 4.99300000e-04  1.73299487e-07 
 4.99400000e-04  1.73205541e-07 
 4.99500000e-04  1.73179070e-07 
 4.99600000e-04  1.59171365e-07 
 4.99700000e-04  1.58732607e-07 
 4.99800000e-04  1.58503232e-07 
 4.99900000e-04  1.58335860e-07 
 5.00000000e-04  1.58232458e-07 
 5.00100000e-04  1.74460888e-07 
 5.00200000e-04  1.74267704e-07 
 5.00300000e-04  1.74172304e-07 
 5.00400000e-04  1.74083524e-07 
 5.00500000e-04  1.74029300e-07 
 5.00600000e-04  1.61204584e-07 
 5.00700000e-04  1.60874892e-07 
 5.00800000e-04  1.60685428e-07 
 5.00900000e-04  1.60556359e-07 
 5.01000000e-04  1.60489598e-07 
 5.01100000e-04  1.74232238e-07 
 5.01200000e-04  1.73980154e-07 
 5.01300000e-04  1.73887346e-07 
 5.01400000e-04  1.73806179e-07 
 5.01500000e-04  1.73767875e-07 
 5.01600000e-04  1.59696198e-07 
 5.01700000e-04  1.59301451e-07 
 5.01800000e-04  1.59091845e-07 
 5.01900000e-04  1.58931416e-07 
 5.02000000e-04  1.58821724e-07 
 5.02100000e-04  1.76684276e-07 
 5.02200000e-04  1.76131264e-07 
 5.02300000e-04  1.75956549e-07 
 5.02400000e-04  1.75807994e-07 
 5.02500000e-04  1.75726704e-07 
 5.02600000e-04  1.66778234e-07 
 5.02700000e-04  1.66442433e-07 
 5.02800000e-04  1.66276930e-07 
 5.02900000e-04  1.66171759e-07 
 5.03000000e-04  1.66128834e-07 
 5.03100000e-04  1.73487626e-07 
 5.03200000e-04  1.73063678e-07 
 5.03300000e-04  1.72898028e-07 
 5.03400000e-04  1.72749699e-07 
 5.03500000e-04  1.72682674e-07 
 5.03600000e-04  1.58760479e-07 
 5.03700000e-04  1.58250336e-07 
 5.03800000e-04  1.58000849e-07 
 5.03900000e-04  1.57815255e-07 
 5.04000000e-04  1.57695579e-07 
 5.04100000e-04  1.73903960e-07 
 5.04200000e-04  1.73685517e-07 
 5.04300000e-04  1.73577528e-07 
 5.04400000e-04  1.73477661e-07 
 5.04500000e-04  1.73433071e-07 
 5.04600000e-04  1.60641293e-07 
 5.04700000e-04  1.60295816e-07 
 5.04800000e-04  1.60113553e-07 
 5.04900000e-04  1.59984962e-07 
 5.05000000e-04  1.59911744e-07 
 5.05100000e-04  1.73630616e-07 
 5.05200000e-04  1.73377554e-07 
 5.05300000e-04  1.73279053e-07 
 5.05400000e-04  1.73192099e-07 
 5.05500000e-04  1.73156719e-07 
 5.05600000e-04  1.59119866e-07 
 5.05700000e-04  1.58728363e-07 
 5.05800000e-04  1.58510455e-07 
 5.05900000e-04  1.58347797e-07 
 5.06000000e-04  1.58242143e-07 
 5.06100000e-04  1.75005103e-07 
 5.06200000e-04  1.74674267e-07 
 5.06300000e-04  1.74553052e-07 
 5.06400000e-04  1.74446828e-07 
 5.06500000e-04  1.74393936e-07 
 5.06600000e-04  1.62876875e-07 
 5.06700000e-04  1.62524997e-07 
 5.06800000e-04  1.62347921e-07 
 5.06900000e-04  1.62228829e-07 
 5.07000000e-04  1.62169560e-07 
 5.07100000e-04  1.73698009e-07 
 5.07200000e-04  1.73415820e-07 
 5.07300000e-04  1.73312499e-07 
 5.07400000e-04  1.73221292e-07 
 5.07500000e-04  1.73178890e-07 
 5.07600000e-04  1.59178569e-07 
 5.07700000e-04  1.58739982e-07 
 5.07800000e-04  1.58520156e-07 
 5.07900000e-04  1.58352599e-07 
 5.08000000e-04  1.58238967e-07 
 5.08100000e-04  1.74469299e-07 
 5.08200000e-04  1.74246404e-07 
 5.08300000e-04  1.74155997e-07 
 5.08400000e-04  1.74075621e-07 
 5.08500000e-04  1.74018335e-07 
 5.08600000e-04  1.61200724e-07 
 5.08700000e-04  1.60873989e-07 
 5.08800000e-04  1.60699217e-07 
 5.08900000e-04  1.60570709e-07 
 5.09000000e-04  1.60489933e-07 
 5.09100000e-04  1.74234834e-07 
 5.09200000e-04  1.73987326e-07 
 5.09300000e-04  1.73891073e-07 
 5.09400000e-04  1.73805813e-07 
 5.09500000e-04  1.73764945e-07 
 5.09600000e-04  1.59697915e-07 
 5.09700000e-04  1.59316268e-07 
 5.09800000e-04  1.59095660e-07 
 5.09900000e-04  1.58933860e-07 
 5.10000000e-04  1.58832733e-07 
 5.10100000e-04  1.76140762e-07 
 5.10200000e-04  1.75714816e-07 
 5.10300000e-04  1.75565970e-07 
 5.10400000e-04  1.75435813e-07 
 5.10500000e-04  1.75355495e-07 
 5.10600000e-04  1.65119088e-07 
 5.10700000e-04  1.64782126e-07 
 5.10800000e-04  1.64619468e-07 
 5.10900000e-04  1.64510034e-07 
 5.11000000e-04  1.64455513e-07 
 5.11100000e-04  1.73820263e-07 
 5.11200000e-04  1.73500599e-07 
 5.11300000e-04  1.73378330e-07 
 5.11400000e-04  1.73268942e-07 
 5.11500000e-04  1.73229396e-07 
 5.11600000e-04  1.59241923e-07 
 5.11700000e-04  1.58770285e-07 
 5.11800000e-04  1.58540340e-07 
 5.11900000e-04  1.58366196e-07 
 5.12000000e-04  1.58249622e-07 
 5.12100000e-04  1.74487112e-07 
 5.12200000e-04  1.74264899e-07 
 5.12300000e-04  1.74165541e-07 
 5.12400000e-04  1.74075043e-07 
 5.12500000e-04  1.74051575e-07 
 5.12600000e-04  1.61221147e-07 
 5.12700000e-04  1.60872571e-07 
 5.12800000e-04  1.60703178e-07 
 5.12900000e-04  1.60577607e-07 
 5.13000000e-04  1.60497248e-07 
 5.13100000e-04  1.74243786e-07 
 5.13200000e-04  1.73993175e-07 
 5.13300000e-04  1.73896602e-07 
 5.13400000e-04  1.73811422e-07 
 5.13500000e-04  1.73772003e-07 
 5.13600000e-04  1.59693036e-07 
 5.13700000e-04  1.59320264e-07 
 5.13800000e-04  1.59108870e-07 
 5.13900000e-04  1.58949477e-07 
 5.14000000e-04  1.58843732e-07 
 5.14100000e-04  1.75619428e-07 
 5.14200000e-04  1.75293640e-07 
 5.14300000e-04  1.75169237e-07 
 5.14400000e-04  1.75059189e-07 
 5.14500000e-04  1.75003509e-07 
 5.14600000e-04  1.63457103e-07 
 5.14700000e-04  1.63117166e-07 
 5.14800000e-04  1.62951888e-07 
 5.14900000e-04  1.62831504e-07 
 5.15000000e-04  1.62757438e-07 
 5.15100000e-04  1.74329344e-07 
 5.15200000e-04  1.74040556e-07 
 5.15300000e-04  1.73933101e-07 
 5.15400000e-04  1.73838276e-07 
 5.15500000e-04  1.73788700e-07 
 5.15600000e-04  1.59761680e-07 
 5.15700000e-04  1.59321536e-07 
 5.15800000e-04  1.59103050e-07 
 5.15900000e-04  1.58942936e-07 
 5.16000000e-04  1.58843047e-07 
 5.16100000e-04  1.75086236e-07 
 5.16200000e-04  1.74888607e-07 
 5.16300000e-04  1.74788303e-07 
 5.16400000e-04  1.74694619e-07 
 5.16500000e-04  1.74647409e-07 
 5.16600000e-04  1.61793358e-07 
 5.16700000e-04  1.61457058e-07 
 5.16800000e-04  1.61276824e-07 
 5.16900000e-04  1.61150689e-07 
 5.17000000e-04  1.61080367e-07 
 5.17100000e-04  1.74853577e-07 
 5.17200000e-04  1.74598100e-07 
 5.17300000e-04  1.74499738e-07 
 5.17400000e-04  1.74412830e-07 
 5.17500000e-04  1.74381104e-07 
 5.17600000e-04  1.60292163e-07 
 5.17700000e-04  1.59909926e-07 
 5.17800000e-04  1.59698369e-07 
 5.17900000e-04  1.59535778e-07 
 5.18000000e-04  1.59423708e-07 
 5.18100000e-04  1.88940218e-07 
 5.18200000e-04  1.86322779e-07 
 5.18300000e-04  1.85518257e-07 
 5.18400000e-04  1.85269946e-07 
 5.18500000e-04  1.85021635e-07 
 5.18600000e-04  1.75732782e-07 
 5.18700000e-04  1.74614461e-07 
 5.18800000e-04  1.74276003e-07 
 5.18900000e-04  1.74062603e-07 
 5.19000000e-04  1.73976516e-07 
 5.19100000e-04  1.71284690e-07 
 5.19200000e-04  1.70507724e-07 
 5.19300000e-04  1.70299477e-07 
 5.19400000e-04  1.70127807e-07 
 5.19500000e-04  1.70065346e-07 
 5.19600000e-04  1.57647903e-07 
 5.19700000e-04  1.56967517e-07 
 5.19800000e-04  1.56706921e-07 
 5.19900000e-04 -0.00000000e+00 
 5.20000000e-04  1.56574589e-07 
