 time            -i(vdd)        
 2.60000000e-04 -1.26577369e-04 
 2.60100000e-04  1.83721441e-07 
 2.60200000e-04  1.75016035e-07 
 2.60300000e-04  1.72689606e-07 
 2.60400000e-04  1.70727351e-07 
 2.60500000e-04  1.70076691e-07 
 2.60600000e-04  1.76685566e-07 
 2.60700000e-04  1.75910922e-07 
 2.60800000e-04  1.75485183e-07 
 2.60900000e-04  1.75139126e-07 
 2.61000000e-04  1.74874479e-07 
 2.61100000e-04  1.56450558e-07 
 2.61200000e-04  1.54080258e-07 
 2.61300000e-04  1.53473821e-07 
 2.61400000e-04  1.52984024e-07 
 2.61500000e-04  1.52795467e-07 
 2.61600000e-04  1.38889939e-07 
 2.61700000e-04  1.37639085e-07 
 2.61800000e-04  1.37193645e-07 
 2.61900000e-04  1.36876422e-07 
 2.62000000e-04  1.36691484e-07 
 2.62100000e-04  1.61883785e-07 
 2.62200000e-04  1.60618292e-07 
 2.62300000e-04  1.60335999e-07 
 2.62400000e-04  1.60131930e-07 
 2.62500000e-04  1.60035700e-07 
 2.62600000e-04  1.48509405e-07 
 2.62700000e-04  1.47915627e-07 
 2.62800000e-04  1.47633627e-07 
 2.62900000e-04  1.47420588e-07 
 2.63000000e-04  1.47277985e-07 
 2.63100000e-04  1.99992177e-07 
 2.63200000e-04  1.94210997e-07 
 2.63300000e-04  1.92919688e-07 
 2.63400000e-04  1.91923539e-07 
 2.63500000e-04  1.91647384e-07 
 2.63600000e-04  1.78198413e-07 
 2.63700000e-04  1.77564736e-07 
 2.63800000e-04  1.77239586e-07 
 2.63900000e-04  1.76989012e-07 
 2.64000000e-04  1.76815377e-07 
 2.64100000e-04  1.72668851e-07 
 2.64200000e-04  1.68077491e-07 
 2.64300000e-04  1.67030015e-07 
 2.64400000e-04  1.66213861e-07 
 2.64500000e-04  1.65977743e-07 
 2.64600000e-04  1.53743865e-07 
 2.64700000e-04  1.53125361e-07 
 2.64800000e-04  1.52825448e-07 
 2.64900000e-04  1.52597637e-07 
 2.65000000e-04  1.52444214e-07 
 2.65100000e-04  1.66019054e-07 
 2.65200000e-04  1.65523669e-07 
 2.65300000e-04  1.65364763e-07 
 2.65400000e-04  1.65228318e-07 
 2.65500000e-04  1.65178232e-07 
 2.65600000e-04  1.51604269e-07 
 2.65700000e-04  1.51156077e-07 
 2.65800000e-04  1.50918941e-07 
 2.65900000e-04  1.50742172e-07 
 2.66000000e-04  1.50627679e-07 
 2.66100000e-04  1.66992537e-07 
 2.66200000e-04  1.66738798e-07 
 2.66300000e-04  1.66641021e-07 
 2.66400000e-04  1.66553110e-07 
 2.66500000e-04  1.66495332e-07 
 2.66600000e-04  1.55426077e-07 
 2.66700000e-04  1.55023384e-07 
 2.66800000e-04  1.54820974e-07 
 2.66900000e-04  1.54673942e-07 
 2.67000000e-04  1.54584040e-07 
 2.67100000e-04  1.66083106e-07 
 2.67200000e-04  1.65565084e-07 
 2.67300000e-04  1.65410768e-07 
 2.67400000e-04  1.65279248e-07 
 2.67500000e-04  1.65223071e-07 
 2.67600000e-04  1.51671991e-07 
 2.67700000e-04  1.51175539e-07 
 2.67800000e-04  1.50915098e-07 
 2.67900000e-04  1.50719822e-07 
 2.68000000e-04  1.50591772e-07 
 2.68100000e-04  1.66387818e-07 
 2.68200000e-04  1.66214465e-07 
 2.68300000e-04  1.66136716e-07 
 2.68400000e-04  1.66065339e-07 
 2.68500000e-04  1.66021148e-07 
 2.68600000e-04  1.53641954e-07 
 2.68700000e-04  1.53244145e-07 
 2.68800000e-04  1.53043768e-07 
 2.68900000e-04  1.52897319e-07 
 2.69000000e-04  1.52806503e-07 
 2.69100000e-04  1.66134126e-07 
 2.69200000e-04  1.65903789e-07 
 2.69300000e-04  1.65831368e-07 
 2.69400000e-04  1.65770821e-07 
 2.69500000e-04  1.65750795e-07 
 2.69600000e-04  1.52108640e-07 
 2.69700000e-04  1.51661742e-07 
 2.69800000e-04  1.51426461e-07 
 2.69900000e-04  1.51248540e-07 
 2.70000000e-04  1.51129791e-07 
 2.70100000e-04  1.68004060e-07 
 2.70200000e-04  1.67639896e-07 
 2.70300000e-04  1.67507928e-07 
 2.70400000e-04  1.67390658e-07 
 2.70500000e-04  1.67323126e-07 
 2.70600000e-04  1.57538999e-07 
 2.70700000e-04  1.57129883e-07 
 2.70800000e-04  1.56923397e-07 
 2.70900000e-04  1.56791685e-07 
 2.71000000e-04  1.56737112e-07 
 2.71100000e-04  1.66102030e-07 
 2.71200000e-04  1.65543724e-07 
 2.71300000e-04  1.65376805e-07 
 2.71400000e-04  1.65234281e-07 
 2.71500000e-04  1.65183695e-07 
 2.71600000e-04  1.51635349e-07 
 2.71700000e-04  1.51109108e-07 
 2.71800000e-04  1.50847538e-07 
 2.71900000e-04  1.50646791e-07 
 2.72000000e-04  1.50508791e-07 
 2.72100000e-04  1.66321381e-07 
 2.72200000e-04  1.66148748e-07 
 2.72300000e-04  1.66073105e-07 
 2.72400000e-04  1.66004322e-07 
 2.72500000e-04  1.65962097e-07 
 2.72600000e-04  1.53591599e-07 
 2.72700000e-04  1.53195869e-07 
 2.72800000e-04  1.52986486e-07 
 2.72900000e-04  1.52830126e-07 
 2.73000000e-04  1.52728463e-07 
 2.73100000e-04  1.66065230e-07 
 2.73200000e-04  1.65855188e-07 
 2.73300000e-04  1.65792474e-07 
 2.73400000e-04  1.65740104e-07 
 2.73500000e-04  1.65692087e-07 
 2.73600000e-04  1.52059607e-07 
 2.73700000e-04  1.51615633e-07 
 2.73800000e-04  1.51386199e-07 
 2.73900000e-04  1.51208225e-07 
 2.74000000e-04  1.51083333e-07 
 2.74100000e-04  1.67431580e-07 
 2.74200000e-04  1.67156135e-07 
 2.74300000e-04  1.67059643e-07 
 2.74400000e-04  1.66975134e-07 
 2.74500000e-04  1.66920257e-07 
 2.74600000e-04  1.55807043e-07 
 2.74700000e-04  1.55416330e-07 
 2.74800000e-04  1.55212950e-07 
 2.74900000e-04  1.55071285e-07 
 2.75000000e-04  1.54993280e-07 
 2.75100000e-04  1.66138093e-07 
 2.75200000e-04  1.65905759e-07 
 2.75300000e-04  1.65819413e-07 
 2.75400000e-04  1.65742345e-07 
 2.75500000e-04  1.65711010e-07 
 2.75600000e-04  1.52108792e-07 
 2.75700000e-04  1.51634235e-07 
 2.75800000e-04  1.51378788e-07 
 2.75900000e-04  1.51188658e-07 
 2.76000000e-04  1.51065903e-07 
 2.76100000e-04  1.66898896e-07 
 2.76200000e-04  1.66722663e-07 
 2.76300000e-04  1.66650933e-07 
 2.76400000e-04  1.66586579e-07 
 2.76500000e-04  1.66552144e-07 
 2.76600000e-04  1.54147490e-07 
 2.76700000e-04  1.53767068e-07 
 2.76800000e-04  1.53555706e-07 
 2.76900000e-04  1.53407017e-07 
 2.77000000e-04  1.53322972e-07 
 2.77100000e-04  1.66670376e-07 
 2.77200000e-04  1.66448432e-07 
 2.77300000e-04  1.66375476e-07 
 2.77400000e-04  1.66313653e-07 
 2.77500000e-04  1.66286288e-07 
 2.77600000e-04  1.52617301e-07 
 2.77700000e-04  1.52187576e-07 
 2.77800000e-04  1.51961260e-07 
 2.77900000e-04  1.51781968e-07 
 2.78000000e-04  1.51651157e-07 
 2.78100000e-04  1.71824474e-07 
 2.78200000e-04  1.70567913e-07 
 2.78300000e-04  1.70183599e-07 
 2.78400000e-04  1.70042701e-07 
 2.78500000e-04  1.69980457e-07 
 2.78600000e-04  1.60987238e-07 
 2.78700000e-04  1.60430834e-07 
 2.78800000e-04  1.60183797e-07 
 2.78900000e-04  1.60001097e-07 
 2.79000000e-04  1.59884095e-07 
 2.79100000e-04  1.03753189e-04 
 2.79200000e-04  1.03752336e-04 
 2.79300000e-04  1.03752105e-04 
 2.79400000e-04  1.03751914e-04 
 2.79500000e-04  1.03751842e-04 
 2.79600000e-04  1.03738330e-04 
 2.79700000e-04  1.03737742e-04 
 2.79800000e-04  1.03737458e-04 
 2.79900000e-04  1.03737247e-04 
 2.80000000e-04  1.03737112e-04 
 2.80100000e-04  1.67462104e-07 
 2.80200000e-04  1.67251806e-07 
 2.80300000e-04  1.67166255e-07 
 2.80400000e-04  1.67089176e-07 
 2.80500000e-04  1.67049215e-07 
 2.80600000e-04  1.54645352e-07 
 2.80700000e-04  1.54258645e-07 
 2.80800000e-04  1.54043897e-07 
 2.80900000e-04  1.53895187e-07 
 2.81000000e-04  1.53814591e-07 
 2.81100000e-04  1.67177474e-07 
 2.81200000e-04  1.66963749e-07 
 2.81300000e-04  1.66891091e-07 
 2.81400000e-04  1.66828542e-07 
 2.81500000e-04  1.66807379e-07 
 2.81600000e-04  1.53108146e-07 
 2.81700000e-04  1.52681030e-07 
 2.81800000e-04  1.52447490e-07 
 2.81900000e-04  1.52272065e-07 
 2.82000000e-04  1.52156579e-07 
 2.82100000e-04  1.68561530e-07 
 2.82200000e-04  1.68284543e-07 
 2.82300000e-04  1.68177175e-07 
 2.82400000e-04  1.68081094e-07 
 2.82500000e-04  1.68047351e-07 
 2.82600000e-04  1.56868848e-07 
 2.82700000e-04  1.56480752e-07 
 2.82800000e-04  1.56284478e-07 
 2.82900000e-04  1.56147744e-07 
 2.83000000e-04  1.56072419e-07 
 2.83100000e-04  1.67255950e-07 
 2.83200000e-04  1.67021372e-07 
 2.83300000e-04  1.66934951e-07 
 2.83400000e-04  1.66857576e-07 
 2.83500000e-04  1.66833699e-07 
 2.83600000e-04  1.53165592e-07 
 2.83700000e-04  1.52687793e-07 
 2.83800000e-04  1.52445447e-07 
 2.83900000e-04  1.52264049e-07 
 2.84000000e-04  1.52145510e-07 
 2.84100000e-04  1.68030170e-07 
 2.84200000e-04  1.67851350e-07 
 2.84300000e-04  1.67769271e-07 
 2.84400000e-04  1.67693888e-07 
 2.84500000e-04  1.67658421e-07 
 2.84600000e-04  1.55192257e-07 
 2.84700000e-04  1.54824132e-07 
 2.84800000e-04  1.54618859e-07 
 2.84900000e-04  1.54474372e-07 
 2.85000000e-04  1.54392577e-07 
 2.85100000e-04  1.67789908e-07 
 2.85200000e-04  1.67564325e-07 
 2.85300000e-04  1.67496145e-07 
 2.85400000e-04  1.67439628e-07 
 2.85500000e-04  1.67405715e-07 
 2.85600000e-04  1.53688969e-07 
 2.85700000e-04  1.53246718e-07 
 2.85800000e-04  1.53016514e-07 
 2.85900000e-04  1.52842375e-07 
 2.86000000e-04  1.52726054e-07 
 2.86100000e-04  1.69695505e-07 
 2.86200000e-04  1.69304364e-07 
 2.86300000e-04  1.69166301e-07 
 2.86400000e-04  1.69045121e-07 
 2.86500000e-04  1.69000759e-07 
 2.86600000e-04  1.59100464e-07 
 2.86700000e-04  1.58727340e-07 
 2.86800000e-04  1.58528332e-07 
 2.86900000e-04  1.58396158e-07 
 2.87000000e-04  1.58332913e-07 
 2.87100000e-04  1.67391480e-07 
 2.87200000e-04  1.67099307e-07 
 2.87300000e-04  1.66991803e-07 
 2.87400000e-04  1.66896572e-07 
 2.87500000e-04  1.66855476e-07 
 2.87600000e-04  1.53218958e-07 
 2.87700000e-04  1.52710203e-07 
 2.87800000e-04  1.52449643e-07 
 2.87900000e-04  1.52263351e-07 
 2.88000000e-04  1.52153659e-07 
 2.88100000e-04  1.68054094e-07 
 2.88200000e-04  1.67867483e-07 
 2.88300000e-04  1.67790115e-07 
 2.88400000e-04  1.67721059e-07 
 2.88500000e-04  1.67689390e-07 
 2.88600000e-04  1.55204023e-07 
 2.88700000e-04  1.54802522e-07 
 2.88800000e-04  1.54605300e-07 
 2.88900000e-04  1.54468879e-07 
 2.89000000e-04  1.54395162e-07 
 2.89100000e-04  1.67794041e-07 
 2.89200000e-04  1.67584449e-07 
 2.89300000e-04  1.67506581e-07 
 2.89400000e-04  1.67437820e-07 
 2.89500000e-04  1.67411582e-07 
 2.89600000e-04  1.53682508e-07 
 2.89700000e-04  1.53261368e-07 
 2.89800000e-04  1.53015892e-07 
 2.89900000e-04  1.52837434e-07 
 2.90000000e-04  1.52728092e-07 
 2.90100000e-04  1.69165144e-07 
 2.90200000e-04  1.68886126e-07 
 2.90300000e-04  1.68777020e-07 
 2.90400000e-04  1.68678912e-07 
 2.90500000e-04  1.68648925e-07 
 2.90600000e-04  1.57443219e-07 
 2.90700000e-04  1.57051310e-07 
 2.90800000e-04  1.56856279e-07 
 2.90900000e-04  1.56724885e-07 
 2.91000000e-04  1.56659118e-07 
 2.91100000e-04  1.67876254e-07 
 2.91200000e-04  1.67626157e-07 
 2.91300000e-04  1.67539303e-07 
 2.91400000e-04  1.67463281e-07 
 2.91500000e-04  1.67428379e-07 
 2.91600000e-04  1.53740104e-07 
 2.91700000e-04  1.53259008e-07 
 2.91800000e-04  1.53013834e-07 
 2.91900000e-04  1.52836524e-07 
 2.92000000e-04  1.52729205e-07 
 2.92100000e-04  1.68643869e-07 
 2.92200000e-04  1.68459278e-07 
 2.92300000e-04  1.68384516e-07 
 2.92400000e-04  1.68317738e-07 
 2.92500000e-04  1.68282894e-07 
 2.92600000e-04  1.55784852e-07 
 2.92700000e-04  1.55384294e-07 
 2.92800000e-04  1.55195152e-07 
 2.92900000e-04  1.55058103e-07 
 2.93000000e-04  1.54974769e-07 
 2.93100000e-04  1.68402934e-07 
 2.93200000e-04  1.68200859e-07 
 2.93300000e-04  1.68123623e-07 
 2.93400000e-04  1.68054706e-07 
 2.93500000e-04  1.68013544e-07 
 2.93600000e-04  1.54268067e-07 
 2.93700000e-04  1.53836020e-07 
 2.93800000e-04  1.53606460e-07 
 2.93900000e-04  1.53432947e-07 
 2.94000000e-04  1.53317231e-07 
 2.94100000e-04  1.71373346e-07 
 2.94200000e-04  1.70767836e-07 
 2.94300000e-04  1.70575664e-07 
 2.94400000e-04  1.70410503e-07 
 2.94500000e-04  1.70349970e-07 
 2.94600000e-04  1.63018111e-07 
 2.94700000e-04  1.62640309e-07 
 2.94800000e-04  1.62454731e-07 
 2.94900000e-04  1.62338331e-07 
 2.95000000e-04  1.62293272e-07 
 2.95100000e-04  1.67737607e-07 
 2.95200000e-04  1.66863102e-07 
 2.95300000e-04  1.66623009e-07 
 2.95400000e-04  1.66424489e-07 
 2.95500000e-04  1.66329377e-07 
 2.95600000e-04  1.52783443e-07 
 2.95700000e-04  1.52183581e-07 
 2.95800000e-04  1.51911200e-07 
 2.95900000e-04  1.51705782e-07 
 2.96000000e-04  1.51569420e-07 
 2.96100000e-04  1.67456960e-07 
 2.96200000e-04  1.67287692e-07 
 2.96300000e-04  1.67201244e-07 
 2.96400000e-04  1.67120336e-07 
 2.96500000e-04  1.67074217e-07 
 2.96600000e-04  1.54620249e-07 
 2.96700000e-04  1.54239136e-07 
 2.96800000e-04  1.54024683e-07 
 2.96900000e-04  1.53877932e-07 
 2.97000000e-04  1.53800995e-07 
 2.97100000e-04  1.67188349e-07 
 2.97200000e-04  1.66952804e-07 
 2.97300000e-04  1.66888382e-07 
 2.97400000e-04  1.66837020e-07 
 2.97500000e-04  1.66795767e-07 
 2.97600000e-04  1.53093367e-07 
 2.97700000e-04  1.52664980e-07 
 2.97800000e-04  1.52420252e-07 
 2.97900000e-04  1.52236503e-07 
 2.98000000e-04  1.52115636e-07 
 2.98100000e-04  1.68543342e-07 
 2.98200000e-04  1.68255445e-07 
 2.98300000e-04  1.68154830e-07 
 2.98400000e-04  1.68067172e-07 
 2.98500000e-04  1.68007591e-07 
 2.98600000e-04  1.56860715e-07 
 2.98700000e-04  1.56468074e-07 
 2.98800000e-04  1.56270521e-07 
 2.98900000e-04  1.56134667e-07 
 2.99000000e-04  1.56062434e-07 
 2.99100000e-04  1.67259959e-07 
 2.99200000e-04  1.66993949e-07 
 2.99300000e-04  1.66911283e-07 
 2.99400000e-04  1.66841615e-07 
 2.99500000e-04  1.66809181e-07 
 2.99600000e-04  1.53143250e-07 
 2.99700000e-04  1.52672940e-07 
 2.99800000e-04  1.52422973e-07 
 2.99900000e-04  1.52241925e-07 
 3.00000000e-04  1.52131946e-07 
 3.00100000e-04  1.68016633e-07 
 3.00200000e-04  1.67847164e-07 
 3.00300000e-04  1.67768392e-07 
 3.00400000e-04  1.67695867e-07 
 3.00500000e-04  1.67657860e-07 
 3.00600000e-04  1.55172598e-07 
 3.00700000e-04  1.54789795e-07 
 3.00800000e-04  1.54588729e-07 
 3.00900000e-04  1.54449319e-07 
 3.01000000e-04  1.54373486e-07 
 3.01100000e-04  1.67780157e-07 
 3.01200000e-04  1.67568504e-07 
 3.01300000e-04  1.67488359e-07 
 3.01400000e-04  1.67417470e-07 
 3.01500000e-04  1.67390219e-07 
 3.01600000e-04  1.53669061e-07 
 3.01700000e-04  1.53236902e-07 
 3.01800000e-04  1.53004064e-07 
 3.01900000e-04  1.52831896e-07 
 3.02000000e-04  1.52722285e-07 
 3.02100000e-04  1.69690039e-07 
 3.02200000e-04  1.69296506e-07 
 3.02300000e-04  1.69156812e-07 
 3.02400000e-04  1.69033788e-07 
 3.02500000e-04  1.69001197e-07 
 3.02600000e-04  1.59103014e-07 
 3.02700000e-04  1.58710519e-07 
 3.02800000e-04  1.58523777e-07 
 3.02900000e-04  1.58397192e-07 
 3.03000000e-04  1.58332632e-07 
 3.03100000e-04  1.67360407e-07 
 3.03200000e-04  1.67068837e-07 
 3.03300000e-04  1.66977525e-07 
 3.03400000e-04  1.66899481e-07 
 3.03500000e-04  1.66865770e-07 
 3.03600000e-04  1.53218051e-07 
 3.03700000e-04  1.52706290e-07 
 3.03800000e-04  1.52455403e-07 
 3.03900000e-04  1.52267811e-07 
 3.04000000e-04  1.52145478e-07 
 3.04100000e-04  1.68037440e-07 
 3.04200000e-04  1.67855042e-07 
 3.04300000e-04  1.67775071e-07 
 3.04400000e-04  1.67702671e-07 
 3.04500000e-04  1.67657935e-07 
 3.04600000e-04  1.55190399e-07 
 3.04700000e-04  1.54811452e-07 
 3.04800000e-04  1.54600273e-07 
 3.04900000e-04  1.54453044e-07 
 3.05000000e-04  1.54371753e-07 
 3.05100000e-04  1.67780097e-07 
 3.05200000e-04  1.67577868e-07 
 3.05300000e-04  1.67504665e-07 
 3.05400000e-04  1.67440221e-07 
 3.05500000e-04  1.67409579e-07 
 3.05600000e-04  1.53679477e-07 
 3.05700000e-04  1.53256122e-07 
 3.05800000e-04  1.53006877e-07 
 3.05900000e-04  1.52823327e-07 
 3.06000000e-04  1.52707512e-07 
 3.06100000e-04  1.69157077e-07 
 3.06200000e-04  1.68867361e-07 
 3.06300000e-04  1.68762371e-07 
 3.06400000e-04  1.68669629e-07 
 3.06500000e-04  1.68634733e-07 
 3.06600000e-04  1.57443647e-07 
 3.06700000e-04  1.57058014e-07 
 3.06800000e-04  1.56856695e-07 
 3.06900000e-04  1.56715396e-07 
 3.07000000e-04  1.56635979e-07 
 3.07100000e-04  1.67864559e-07 
 3.07200000e-04  1.67616214e-07 
 3.07300000e-04  1.67531721e-07 
 3.07400000e-04  1.67457919e-07 
 3.07500000e-04  1.67420694e-07 
 3.07600000e-04  1.53717277e-07 
 3.07700000e-04  1.53262116e-07 
 3.07800000e-04  1.53018268e-07 
 3.07900000e-04  1.52833806e-07 
 3.08000000e-04  1.52710571e-07 
 3.08100000e-04  1.68636458e-07 
 3.08200000e-04  1.68449177e-07 
 3.08300000e-04  1.68374887e-07 
 3.08400000e-04  1.68308957e-07 
 3.08500000e-04  1.68280326e-07 
 3.08600000e-04  1.55766857e-07 
 3.08700000e-04  1.55392022e-07 
 3.08800000e-04  1.55189238e-07 
 3.08900000e-04  1.55051161e-07 
 3.09000000e-04  1.54979800e-07 
 3.09100000e-04  1.68405517e-07 
 3.09200000e-04  1.68173989e-07 
 3.09300000e-04  1.68101686e-07 
 3.09400000e-04  1.68041470e-07 
 3.09500000e-04  1.68007925e-07 
 3.09600000e-04  1.54250562e-07 
 3.09700000e-04  1.53826603e-07 
 3.09800000e-04  1.53600987e-07 
 3.09900000e-04  1.53427799e-07 
 3.10000000e-04  1.53308658e-07 
 3.10100000e-04  1.70846622e-07 
 3.10200000e-04  1.70331417e-07 
 3.10300000e-04  1.70171732e-07 
 3.10400000e-04  1.70035989e-07 
 3.10500000e-04  1.69979637e-07 
 3.10600000e-04  1.61343788e-07 
 3.10700000e-04  1.60953519e-07 
 3.10800000e-04  1.60771247e-07 
 3.10900000e-04  1.60653986e-07 
 3.11000000e-04  1.60603753e-07 
 3.11100000e-04  1.67648886e-07 
 3.11200000e-04  1.67273541e-07 
 3.11300000e-04  1.67129415e-07 
 3.11400000e-04  1.67000425e-07 
 3.11500000e-04  1.66928045e-07 
 3.11600000e-04  1.53316693e-07 
 3.11700000e-04  1.52759391e-07 
 3.11800000e-04  1.52501220e-07 
 3.11900000e-04  1.52304367e-07 
 3.12000000e-04  1.52170729e-07 
 3.12100000e-04  1.68069514e-07 
 3.12200000e-04  1.67887169e-07 
 3.12300000e-04  1.67809926e-07 
 3.12400000e-04  1.67740252e-07 
 3.12500000e-04  1.67699325e-07 
 3.12600000e-04  1.55202131e-07 
 3.12700000e-04  1.54822514e-07 
 3.12800000e-04  1.54625615e-07 
 3.12900000e-04  1.54482014e-07 
 3.13000000e-04  1.54393353e-07 
 3.13100000e-04  1.67797804e-07 
 3.13200000e-04  1.67593077e-07 
 3.13300000e-04  1.67514312e-07 
 3.13400000e-04  1.67443878e-07 
 3.13500000e-04  1.67418996e-07 
 3.13600000e-04  1.53691731e-07 
 3.13700000e-04  1.53237542e-07 
 3.13800000e-04  1.53004672e-07 
 3.13900000e-04  1.52833463e-07 
 3.14000000e-04  1.52725821e-07 
 3.14100000e-04  1.69165433e-07 
 3.14200000e-04  1.68886326e-07 
 3.14300000e-04  1.68785202e-07 
 3.14400000e-04  1.68695775e-07 
 3.14500000e-04  1.68629781e-07 
 3.14600000e-04  1.57434830e-07 
 3.14700000e-04  1.57043732e-07 
 3.14800000e-04  1.56860053e-07 
 3.14900000e-04  1.56727258e-07 
 3.15000000e-04  1.56646909e-07 
 3.15100000e-04  1.67870159e-07 
 3.15200000e-04  1.67632848e-07 
 3.15300000e-04  1.67538054e-07 
 3.15400000e-04  1.67452200e-07 
 3.15500000e-04  1.67435928e-07 
 3.15600000e-04  1.53717491e-07 
 3.15700000e-04  1.53250978e-07 
 3.15800000e-04  1.53008710e-07 
 3.15900000e-04  1.52833137e-07 
 3.16000000e-04  1.52726324e-07 
 3.16100000e-04  1.68644363e-07 
 3.16200000e-04  1.68458571e-07 
 3.16300000e-04  1.68377973e-07 
 3.16400000e-04  1.68304832e-07 
 3.16500000e-04  1.68261959e-07 
 3.16600000e-04  1.55766816e-07 
 3.16700000e-04  1.55391302e-07 
 3.16800000e-04  1.55186119e-07 
 3.16900000e-04  1.55045384e-07 
 3.17000000e-04  1.54971087e-07 
 3.17100000e-04  1.68419992e-07 
 3.17200000e-04  1.68174992e-07 
 3.17300000e-04  1.68106967e-07 
 3.17400000e-04  1.68052664e-07 
 3.17500000e-04  1.68011124e-07 
 3.17600000e-04  1.54253617e-07 
 3.17700000e-04  1.53823508e-07 
 3.17800000e-04  1.53599942e-07 
 3.17900000e-04  1.53427044e-07 
 3.18000000e-04  1.53306368e-07 
 3.18100000e-04  1.70308625e-07 
 3.18200000e-04  1.69930661e-07 
 3.18300000e-04  1.69794397e-07 
 3.18400000e-04  1.69673598e-07 
 3.18500000e-04  1.69604958e-07 
 3.18600000e-04  1.59680539e-07 
 3.18700000e-04  1.59305774e-07 
 3.18800000e-04  1.59115704e-07 
 3.18900000e-04  1.58990750e-07 
 3.19000000e-04  1.58932924e-07 
 3.19100000e-04  1.67996549e-07 
 3.19200000e-04  1.67701278e-07 
 3.19300000e-04  1.67596631e-07 
 3.19400000e-04  1.67504697e-07 
 3.19500000e-04  1.67468334e-07 
 3.19600000e-04  1.53803408e-07 
 3.19700000e-04  1.53300357e-07 
 3.19800000e-04  1.53040548e-07 
 3.19900000e-04  1.52846672e-07 
 3.20000000e-04  1.52720764e-07 
 3.20100000e-04  1.68660997e-07 
 3.20200000e-04  1.68474027e-07 
 3.20300000e-04  1.68398739e-07 
 3.20400000e-04  1.68331620e-07 
 3.20500000e-04  1.68288809e-07 
 3.20600000e-04  1.55772399e-07 
 3.20700000e-04  1.55386353e-07 
 3.20800000e-04  1.55188934e-07 
 3.20900000e-04  1.55045927e-07 
 3.21000000e-04  1.54959002e-07 
 3.21100000e-04  1.68407998e-07 
 3.21200000e-04  1.68195564e-07 
 3.21300000e-04  1.68116549e-07 
 3.21400000e-04  1.68046244e-07 
 3.21500000e-04  1.68011754e-07 
 3.21600000e-04  1.54259463e-07 
 3.21700000e-04  1.53830609e-07 
 3.21800000e-04  1.53597909e-07 
 3.21900000e-04  1.53419834e-07 
 3.22000000e-04  1.53298060e-07 
 3.22100000e-04  1.69782955e-07 
 3.22200000e-04  1.69496076e-07 
 3.22300000e-04  1.69394966e-07 
 3.22400000e-04  1.69306442e-07 
 3.22500000e-04  1.69259388e-07 
 3.22600000e-04  1.58038174e-07 
 3.22700000e-04  1.57652319e-07 
 3.22800000e-04  1.57459765e-07 
 3.22900000e-04  1.57324937e-07 
 3.23000000e-04  1.57249609e-07 
 3.23100000e-04  1.68496314e-07 
 3.23200000e-04  1.68242289e-07 
 3.23300000e-04  1.68156401e-07 
 3.23400000e-04  1.68081526e-07 
 3.23500000e-04  1.68050696e-07 
 3.23600000e-04  1.54322793e-07 
 3.23700000e-04  1.53838934e-07 
 3.23800000e-04  1.53610025e-07 
 3.23900000e-04  1.53433687e-07 
 3.24000000e-04  1.53311529e-07 
 3.24100000e-04  1.69256987e-07 
 3.24200000e-04  1.69078077e-07 
 3.24300000e-04  1.69000948e-07 
 3.24400000e-04  1.68930959e-07 
 3.24500000e-04  1.68898504e-07 
 3.24600000e-04  1.56348883e-07 
 3.24700000e-04  1.55988085e-07 
 3.24800000e-04  1.55795788e-07 
 3.24900000e-04  1.55656288e-07 
 3.25000000e-04  1.55571200e-07 
 3.25100000e-04  1.69030339e-07 
 3.25200000e-04  1.68808064e-07 
 3.25300000e-04  1.68734150e-07 
 3.25400000e-04  1.68671019e-07 
 3.25500000e-04  1.68639234e-07 
 3.25600000e-04  1.54851997e-07 
 3.25700000e-04  1.54431069e-07 
 3.25800000e-04  1.54197217e-07 
 3.25900000e-04  1.54019589e-07 
 3.26000000e-04  1.53899904e-07 
 3.26100000e-04  1.72537807e-07 
 3.26200000e-04  1.71797655e-07 
 3.26300000e-04  1.71587082e-07 
 3.26400000e-04  1.71412330e-07 
 3.26500000e-04  1.71330666e-07 
 3.26600000e-04  1.65265682e-07 
 3.26700000e-04  1.64874090e-07 
 3.26800000e-04  1.64700517e-07 
 3.26900000e-04  1.64598764e-07 
 3.27000000e-04  1.64571048e-07 
 3.27100000e-04  1.67807789e-07 
 3.27200000e-04  1.66868957e-07 
 3.27300000e-04  1.66629507e-07 
 3.27400000e-04  1.66434435e-07 
 3.27500000e-04  1.66341617e-07 
 3.27600000e-04  1.52827636e-07 
 3.27700000e-04  1.52197801e-07 
 3.27800000e-04  1.51902097e-07 
 3.27900000e-04  1.51692476e-07 
 3.28000000e-04  1.51571607e-07 
 3.28100000e-04  1.67460834e-07 
 3.28200000e-04  1.67278412e-07 
 3.28300000e-04  1.67198954e-07 
 3.28400000e-04  1.67126943e-07 
 3.28500000e-04  1.67085343e-07 
 3.28600000e-04  1.54609595e-07 
 3.28700000e-04  1.54239471e-07 
 3.28800000e-04  1.54030729e-07 
 3.28900000e-04  1.53879922e-07 
 3.29000000e-04  1.53788823e-07 
 3.29100000e-04  1.67191334e-07 
 3.29200000e-04  1.66967888e-07 
 3.29300000e-04  1.66889296e-07 
 3.29400000e-04  1.66821207e-07 
 3.29500000e-04  1.66808629e-07 
 3.29600000e-04  1.53097483e-07 
 3.29700000e-04  1.52661679e-07 
 3.29800000e-04  1.52418402e-07 
 3.29900000e-04  1.52242429e-07 
 3.30000000e-04  1.52135829e-07 
 3.30100000e-04  1.68560216e-07 
 3.30200000e-04  1.68280330e-07 
 3.30300000e-04  1.68171442e-07 
 3.30400000e-04  1.68073929e-07 
 3.30500000e-04  1.68013181e-07 
 3.30600000e-04  1.56842684e-07 
 3.30700000e-04  1.56471390e-07 
 3.30800000e-04  1.56265603e-07 
 3.30900000e-04  1.56124790e-07 
 3.31000000e-04  1.56050946e-07 
 3.31100000e-04  1.67255200e-07 
 3.31200000e-04  1.66999399e-07 
 3.31300000e-04  1.66911512e-07 
 3.31400000e-04  1.66835106e-07 
 3.31500000e-04  1.66805082e-07 
 3.31600000e-04  1.53143594e-07 
 3.31700000e-04  1.52666552e-07 
 3.31800000e-04  1.52416088e-07 
 3.31900000e-04  1.52235601e-07 
 3.32000000e-04  1.52127246e-07 
 3.32100000e-04  1.68012787e-07 
 3.32200000e-04  1.67845124e-07 
 3.32300000e-04  1.67764465e-07 
 3.32400000e-04  1.67689484e-07 
 3.32500000e-04  1.67657489e-07 
 3.32600000e-04  1.55173978e-07 
 3.32700000e-04  1.54792981e-07 
 3.32800000e-04  1.54598390e-07 
 3.32900000e-04  1.54453658e-07 
 3.33000000e-04  1.54360299e-07 
 3.33100000e-04  1.67782009e-07 
 3.33200000e-04  1.67552245e-07 
 3.33300000e-04  1.67480515e-07 
 3.33400000e-04  1.67420577e-07 
 3.33500000e-04  1.67401338e-07 
 3.33600000e-04  1.53670265e-07 
 3.33700000e-04  1.53226257e-07 
 3.33800000e-04  1.52994707e-07 
 3.33900000e-04  1.52826400e-07 
 3.34000000e-04  1.52723272e-07 
 3.34100000e-04  1.69687035e-07 
 3.34200000e-04  1.69290795e-07 
 3.34300000e-04  1.69162839e-07 
 3.34400000e-04  1.69053057e-07 
 3.34500000e-04  1.68985626e-07 
 3.34600000e-04  1.59086592e-07 
 3.34700000e-04  1.58703214e-07 
 3.34800000e-04  1.58511719e-07 
 3.34900000e-04  1.58383921e-07 
 3.35000000e-04  1.58321768e-07 
 3.35100000e-04  1.67373404e-07 
 3.35200000e-04  1.67080964e-07 
 3.35300000e-04  1.66981149e-07 
 3.35400000e-04  1.66894179e-07 
 3.35500000e-04  1.66858475e-07 
 3.35600000e-04  1.53204865e-07 
 3.35700000e-04  1.52697383e-07 
 3.35800000e-04  1.52437859e-07 
 3.35900000e-04  1.52249311e-07 
 3.36000000e-04  1.52133920e-07 
 3.36100000e-04  1.68030833e-07 
 3.36200000e-04  1.67850219e-07 
 3.36300000e-04  1.67770098e-07 
 3.36400000e-04  1.67697222e-07 
 3.36500000e-04  1.67669034e-07 
 3.36600000e-04  1.55185319e-07 
 3.36700000e-04  1.54802879e-07 
 3.36800000e-04  1.54607047e-07 
 3.36900000e-04  1.54460986e-07 
 3.37000000e-04  1.54366202e-07 
 3.37100000e-04  1.67785135e-07 
 3.37200000e-04  1.67573119e-07 
 3.37300000e-04  1.67498403e-07 
 3.37400000e-04  1.67433224e-07 
 3.37500000e-04  1.67394674e-07 
 3.37600000e-04  1.53668548e-07 
 3.37700000e-04  1.53247536e-07 
 3.37800000e-04  1.53012098e-07 
 3.37900000e-04  1.52836188e-07 
 3.38000000e-04  1.52721618e-07 
 3.38100000e-04  1.69171278e-07 
 3.38200000e-04  1.68869590e-07 
 3.38300000e-04  1.68768087e-07 
 3.38400000e-04  1.68681267e-07 
 3.38500000e-04  1.68639866e-07 
 3.38600000e-04  1.57425057e-07 
 3.38700000e-04  1.57050306e-07 
 3.38800000e-04  1.56857866e-07 
 3.38900000e-04  1.56720999e-07 
 3.39000000e-04  1.56641393e-07 
 3.39100000e-04  1.67861192e-07 
 3.39200000e-04  1.67604583e-07 
 3.39300000e-04  1.67523351e-07 
 3.39400000e-04  1.67454040e-07 
 3.39500000e-04  1.67430348e-07 
 3.39600000e-04  1.53729187e-07 
 3.39700000e-04  1.53259885e-07 
 3.39800000e-04  1.53008939e-07 
 3.39900000e-04  1.52823261e-07 
 3.40000000e-04  1.52704843e-07 
 3.40100000e-04  1.68637918e-07 
 3.40200000e-04  1.68461061e-07 
 3.40300000e-04  1.68378406e-07 
 3.40400000e-04  1.68301944e-07 
 3.40500000e-04  1.68278055e-07 
 3.40600000e-04  1.55759452e-07 
 3.40700000e-04  1.55378682e-07 
 3.40800000e-04  1.55190111e-07 
 3.40900000e-04  1.55053523e-07 
 3.41000000e-04  1.54970492e-07 
 3.41100000e-04  1.68397561e-07 
 3.41200000e-04  1.68184255e-07 
 3.41300000e-04  1.68111279e-07 
 3.41400000e-04  1.68048015e-07 
 3.41500000e-04  1.68019264e-07 
 3.41600000e-04  1.54248488e-07 
 3.41700000e-04  1.53815388e-07 
 3.41800000e-04  1.53587453e-07 
 3.41900000e-04  1.53416385e-07 
 3.42000000e-04  1.53303910e-07 
 3.42100000e-04  1.70837850e-07 
 3.42200000e-04  1.70344384e-07 
 3.42300000e-04  1.70177133e-07 
 3.42400000e-04  1.70031146e-07 
 3.42500000e-04  1.69970663e-07 
 3.42600000e-04  1.61350456e-07 
 3.42700000e-04  1.60952674e-07 
 3.42800000e-04  1.60773073e-07 
 3.42900000e-04  1.60658611e-07 
 3.43000000e-04  1.60611275e-07 
 3.43100000e-04  1.67645316e-07 
 3.43200000e-04  1.67265242e-07 
 3.43300000e-04  1.67120141e-07 
 3.43400000e-04  1.66990484e-07 
 3.43500000e-04  1.66947381e-07 
 3.43600000e-04  1.53303622e-07 
 3.43700000e-04  1.52759096e-07 
 3.43800000e-04  1.52493908e-07 
 3.43900000e-04  1.52295798e-07 
 3.44000000e-04  1.52166816e-07 
 3.44100000e-04  1.68069844e-07 
 3.44200000e-04  1.67882328e-07 
 3.44300000e-04  1.67802820e-07 
 3.44400000e-04  1.67731154e-07 
 3.44500000e-04  1.67674182e-07 
 3.44600000e-04  1.55189787e-07 
 3.44700000e-04  1.54821984e-07 
 3.44800000e-04  1.54620631e-07 
 3.44900000e-04  1.54471203e-07 
 3.45000000e-04  1.54375266e-07 
 3.45100000e-04  1.67794130e-07 
 3.45200000e-04  1.67587076e-07 
 3.45300000e-04  1.67503358e-07 
 3.45400000e-04  1.67427754e-07 
 3.45500000e-04  1.67402948e-07 
 3.45600000e-04  1.53677152e-07 
 3.45700000e-04  1.53253061e-07 
 3.45800000e-04  1.53010549e-07 
 3.45900000e-04  1.52829924e-07 
 3.46000000e-04  1.52713064e-07 
 3.46100000e-04  1.69182365e-07 
 3.46200000e-04  1.68875176e-07 
 3.46300000e-04  1.68771750e-07 
 3.46400000e-04  1.68683013e-07 
 3.46500000e-04  1.68638836e-07 
 3.46600000e-04  1.57427495e-07 
 3.46700000e-04  1.57059113e-07 
 3.46800000e-04  1.56856996e-07 
 3.46900000e-04  1.56719611e-07 
 3.47000000e-04  1.56648932e-07 
 3.47100000e-04  1.67866492e-07 
 3.47200000e-04  1.67615619e-07 
 3.47300000e-04  1.67527775e-07 
 3.47400000e-04  1.67450707e-07 
 3.47500000e-04  1.67430957e-07 
 3.47600000e-04  1.53730950e-07 
 3.47700000e-04  1.53248593e-07 
 3.47800000e-04  1.53010804e-07 
 3.47900000e-04  1.52830459e-07 
 3.48000000e-04  1.52709299e-07 
 3.48100000e-04  1.68644204e-07 
 3.48200000e-04  1.68461994e-07 
 3.48300000e-04  1.68379092e-07 
 3.48400000e-04  1.68303150e-07 
 3.48500000e-04  1.68262183e-07 
 3.48600000e-04  1.55770655e-07 
 3.48700000e-04  1.55372318e-07 
 3.48800000e-04  1.55178292e-07 
 3.48900000e-04  1.55041250e-07 
 3.49000000e-04  1.54962917e-07 
 3.49100000e-04  1.68404717e-07 
 3.49200000e-04  1.68177363e-07 
 3.49300000e-04  1.68103161e-07 
 3.49400000e-04  1.68040227e-07 
 3.49500000e-04  1.68017229e-07 
 3.49600000e-04  1.54265930e-07 
 3.49700000e-04  1.53837950e-07 
 3.49800000e-04  1.53596011e-07 
 3.49900000e-04  1.53418637e-07 
 3.50000000e-04  1.53307791e-07 
 3.50100000e-04  1.70303622e-07 
 3.50200000e-04  1.69905675e-07 
 3.50300000e-04  1.69775385e-07 
 3.50400000e-04  1.69662953e-07 
 3.50500000e-04  1.69611669e-07 
 3.50600000e-04  1.59682028e-07 
 3.50700000e-04  1.59299367e-07 
 3.50800000e-04  1.59100748e-07 
 3.50900000e-04  1.58977355e-07 
 3.51000000e-04  1.58931490e-07 
 3.51100000e-04  1.68002647e-07 
 3.51200000e-04  1.67693283e-07 
 3.51300000e-04  1.67596814e-07 
 3.51400000e-04  1.67515432e-07 
 3.51500000e-04  1.67466847e-07 
 3.51600000e-04  1.53800380e-07 
 3.51700000e-04  1.53291999e-07 
 3.51800000e-04  1.53039223e-07 
 3.51900000e-04  1.52854348e-07 
 3.52000000e-04  1.52739442e-07 
 3.52100000e-04  1.68660189e-07 
 3.52200000e-04  1.68472533e-07 
 3.52300000e-04  1.68393739e-07 
 3.52400000e-04  1.68322989e-07 
 3.52500000e-04  1.68290650e-07 
 3.52600000e-04  1.55764454e-07 
 3.52700000e-04  1.55397109e-07 
 3.52800000e-04  1.55187079e-07 
 3.52900000e-04  1.55042330e-07 
 3.53000000e-04  1.54964843e-07 
 3.53100000e-04  1.68417806e-07 
 3.53200000e-04  1.68186905e-07 
 3.53300000e-04  1.68109421e-07 
 3.53400000e-04  1.68043309e-07 
 3.53500000e-04  1.68027358e-07 
 3.53600000e-04  1.54268029e-07 
 3.53700000e-04  1.53845036e-07 
 3.53800000e-04  1.53606871e-07 
 3.53900000e-04  1.53425133e-07 
 3.54000000e-04  1.53301523e-07 
 3.54100000e-04  1.69794634e-07 
 3.54200000e-04  1.69490520e-07 
 3.54300000e-04  1.69385873e-07 
 3.54400000e-04  1.69295620e-07 
 3.54500000e-04  1.69246285e-07 
 3.54600000e-04  1.58012290e-07 
 3.54700000e-04  1.57633128e-07 
 3.54800000e-04  1.57436667e-07 
 3.54900000e-04  1.57309936e-07 
 3.55000000e-04  1.57255061e-07 
 3.55100000e-04  1.68499283e-07 
 3.55200000e-04  1.68237742e-07 
 3.55300000e-04  1.68146031e-07 
 3.55400000e-04  1.68066051e-07 
 3.55500000e-04  1.68044724e-07 
 3.55600000e-04  1.54322174e-07 
 3.55700000e-04  1.53857147e-07 
 3.55800000e-04  1.53614143e-07 
 3.55900000e-04  1.53431658e-07 
 3.56000000e-04  1.53311429e-07 
 3.56100000e-04  1.71200040e-07 
 3.56200000e-04  1.70661895e-07 
 3.56300000e-04  1.70487061e-07 
 3.56400000e-04  1.70411991e-07 
 3.56500000e-04  1.70369158e-07 
 3.56600000e-04  1.57384020e-07 
 3.56700000e-04  1.56838577e-07 
 3.56800000e-04  1.56588745e-07 
 3.56900000e-04  1.56401653e-07 
 3.57000000e-04  1.56278460e-07 
 3.57100000e-04  1.03757782e-04 
 3.57200000e-04  1.03757044e-04 
 3.57300000e-04  1.03756803e-04 
 3.57400000e-04  1.03756695e-04 
 3.57500000e-04  1.03756629e-04 
 3.57600000e-04  1.03742354e-04 
 3.57700000e-04  1.03741751e-04 
 3.57800000e-04  1.03741482e-04 
 3.57900000e-04  1.03741286e-04 
 3.58000000e-04  1.03741164e-04 
 3.58100000e-04  1.03763389e-04 
 3.58200000e-04  1.03761473e-04 
 3.58300000e-04  1.03760897e-04 
 3.58400000e-04  1.03760675e-04 
 3.58500000e-04  1.03760569e-04 
 3.58600000e-04  1.03752753e-04 
 3.58700000e-04  1.03752167e-04 
 3.58800000e-04  1.03751921e-04 
 3.58900000e-04  1.03751744e-04 
 3.59000000e-04  1.03751636e-04 
 3.59100000e-04  1.03757517e-04 
 3.59200000e-04  1.03756503e-04 
 3.59300000e-04  1.03756211e-04 
 3.59400000e-04  1.03755965e-04 
 3.59500000e-04  1.03755875e-04 
 3.59600000e-04  1.03742233e-04 
 3.59700000e-04  1.03741592e-04 
 3.59800000e-04  1.03741314e-04 
 3.59900000e-04  1.03741112e-04 
 3.60000000e-04  1.03740987e-04 
 3.60100000e-04  1.71535517e-07 
 3.60200000e-04  1.71301651e-07 
 3.60300000e-04  1.71211311e-07 
 3.60400000e-04  1.71130990e-07 
 3.60500000e-04  1.71078950e-07 
 3.60600000e-04  1.58454008e-07 
 3.60700000e-04  1.58064482e-07 
 3.60800000e-04  1.57876827e-07 
 3.60900000e-04  1.57741498e-07 
 3.61000000e-04  1.57660061e-07 
 3.61100000e-04  1.71256624e-07 
 3.61200000e-04  1.71037482e-07 
 3.61300000e-04  1.70948975e-07 
 3.61400000e-04  1.70869519e-07 
 3.61500000e-04  1.70833658e-07 
 3.61600000e-04  1.56917851e-07 
 3.61700000e-04  1.56514193e-07 
 3.61800000e-04  1.56292911e-07 
 3.61900000e-04  1.56116137e-07 
 3.62000000e-04  1.55985187e-07 
 3.62100000e-04  1.72629423e-07 
 3.62200000e-04  1.72307996e-07 
 3.62300000e-04  1.72197348e-07 
 3.62400000e-04  1.72102045e-07 
 3.62500000e-04  1.72053550e-07 
 3.62600000e-04  1.60655835e-07 
 3.62700000e-04  1.60291707e-07 
 3.62800000e-04  1.60110183e-07 
 3.62900000e-04  1.59988233e-07 
 3.63000000e-04  1.59927650e-07 
 3.63100000e-04  1.71322240e-07 
 3.63200000e-04  1.71054937e-07 
 3.63300000e-04  1.70951764e-07 
 3.63400000e-04  1.70859331e-07 
 3.63500000e-04  1.70826890e-07 
 3.63600000e-04  1.56956707e-07 
 3.63700000e-04  1.56490843e-07 
 3.63800000e-04  1.56268146e-07 
 3.63900000e-04  1.56098499e-07 
 3.64000000e-04  1.55983482e-07 
 3.64100000e-04  1.72085946e-07 
 3.64200000e-04  1.71879488e-07 
 3.64300000e-04  1.71793957e-07 
 3.64400000e-04  1.71717109e-07 
 3.64500000e-04  1.71655969e-07 
 3.64600000e-04  1.58985806e-07 
 3.64700000e-04  1.58621732e-07 
 3.64800000e-04  1.58436367e-07 
 3.64900000e-04  1.58300022e-07 
 3.65000000e-04  1.58214153e-07 
 3.65100000e-04  1.71854732e-07 
 3.65200000e-04  1.71618518e-07 
 3.65300000e-04  1.71528999e-07 
 3.65400000e-04  1.71450267e-07 
 3.65500000e-04  1.71404271e-07 
 3.65600000e-04  1.57460551e-07 
 3.65700000e-04  1.57071278e-07 
 3.65800000e-04  1.56854614e-07 
 3.65900000e-04  1.56688115e-07 
 3.66000000e-04  1.56573272e-07 
 3.66100000e-04  1.73745670e-07 
 3.66200000e-04  1.73335098e-07 
 3.66300000e-04  1.73190580e-07 
 3.66400000e-04  1.73063808e-07 
 3.66500000e-04  1.73009337e-07 
 3.66600000e-04  1.62882948e-07 
 3.66700000e-04  1.62536756e-07 
 3.66800000e-04  1.62365534e-07 
 3.66900000e-04  1.62246119e-07 
 3.67000000e-04  1.62180052e-07 
 3.67100000e-04  1.71439157e-07 
 3.67200000e-04  1.71133599e-07 
 3.67300000e-04  1.71020574e-07 
 3.67400000e-04  1.70920098e-07 
 3.67500000e-04  1.70863271e-07 
 3.67600000e-04  1.57003921e-07 
 3.67700000e-04  1.56529835e-07 
 3.67800000e-04  1.56277956e-07 
 3.67900000e-04  1.56096475e-07 
 3.68000000e-04  1.55987523e-07 
 3.68100000e-04  1.72101991e-07 
 3.68200000e-04  1.71887067e-07 
 3.68300000e-04  1.71801727e-07 
 3.68400000e-04  1.71726483e-07 
 3.68500000e-04  1.71674797e-07 
 3.68600000e-04  1.58986748e-07 
 3.68700000e-04  1.58628489e-07 
 3.68800000e-04  1.58433229e-07 
 3.68900000e-04  1.58297373e-07 
 3.69000000e-04  1.58222699e-07 
 3.69100000e-04  1.71838334e-07 
 3.69200000e-04  1.71605454e-07 
 3.69300000e-04  1.71519301e-07 
 3.69400000e-04  1.71443472e-07 
 3.69500000e-04  1.71417010e-07 
 3.69600000e-04  1.57469997e-07 
 3.69700000e-04  1.57068643e-07 
 3.69800000e-04  1.56851196e-07 
 3.69900000e-04  1.56682139e-07 
 3.70000000e-04  1.56562901e-07 
 3.70100000e-04  1.73222057e-07 
 3.70200000e-04  1.72907287e-07 
 3.70300000e-04  1.72795192e-07 
 3.70400000e-04  1.72697216e-07 
 3.70500000e-04  1.72628531e-07 
 3.70600000e-04  1.61231624e-07 
 3.70700000e-04  1.60866401e-07 
 3.70800000e-04  1.60684145e-07 
 3.70900000e-04  1.60559111e-07 
 3.71000000e-04  1.60493009e-07 
 3.71100000e-04  1.71935747e-07 
 3.71200000e-04  1.71661078e-07 
 3.71300000e-04  1.71561522e-07 
 3.71400000e-04  1.71473740e-07 
 3.71500000e-04  1.71433277e-07 
 3.71600000e-04  1.57517550e-07 
 3.71700000e-04  1.57063519e-07 
 3.71800000e-04  1.56835151e-07 
 3.71900000e-04  1.56667404e-07 
 3.72000000e-04  1.56562095e-07 
 3.72100000e-04  1.72691814e-07 
 3.72200000e-04  1.72497998e-07 
 3.72300000e-04  1.72406269e-07 
 3.72400000e-04  1.72321510e-07 
 3.72500000e-04  1.72286726e-07 
 3.72600000e-04  1.59565029e-07 
 3.72700000e-04  1.59200350e-07 
 3.72800000e-04  1.59021283e-07 
 3.72900000e-04  1.58889831e-07 
 3.73000000e-04  1.58807399e-07 
 3.73100000e-04  1.72462855e-07 
 3.73200000e-04  1.72211201e-07 
 3.73300000e-04  1.72126809e-07 
 3.73400000e-04  1.72054758e-07 
 3.73500000e-04  1.72013767e-07 
 3.73600000e-04  1.58050685e-07 
 3.73700000e-04  1.57638465e-07 
 3.73800000e-04  1.57429647e-07 
 3.73900000e-04  1.57270282e-07 
 3.74000000e-04  1.57161828e-07 
 3.74100000e-04  1.74910545e-07 
 3.74200000e-04  1.74385191e-07 
 3.74300000e-04  1.74201271e-07 
 3.74400000e-04  1.74040439e-07 
 3.74500000e-04  1.73989510e-07 
 3.74600000e-04  1.65134909e-07 
 3.74700000e-04  1.64781417e-07 
 3.74800000e-04  1.64599074e-07 
 3.74900000e-04  1.64493002e-07 
 3.75000000e-04  1.64465508e-07 
 3.75100000e-04  1.71755040e-07 
 3.75200000e-04  1.71325445e-07 
 3.75300000e-04  1.71164420e-07 
 3.75400000e-04  1.71021686e-07 
 3.75500000e-04  1.70942345e-07 
 3.75600000e-04  1.57121931e-07 
 3.75700000e-04  1.56574469e-07 
 3.75800000e-04  1.56324842e-07 
 3.75900000e-04  1.56139116e-07 
 3.76000000e-04  1.56019205e-07 
 3.76100000e-04  1.72129761e-07 
 3.76200000e-04  1.71913490e-07 
 3.76300000e-04  1.71821728e-07 
 3.76400000e-04  1.71739146e-07 
 3.76500000e-04  1.71702791e-07 
 3.76600000e-04  1.58988970e-07 
 3.76700000e-04  1.58630444e-07 
 3.76800000e-04  1.58445542e-07 
 3.76900000e-04  1.58314792e-07 
 3.77000000e-04  1.58239800e-07 
 3.77100000e-04  1.71867205e-07 
 3.77200000e-04  1.71613744e-07 
 3.77300000e-04  1.71528840e-07 
 3.77400000e-04  1.71456891e-07 
 3.77500000e-04  1.71409864e-07 
 3.77600000e-04  1.57472345e-07 
 3.77700000e-04  1.57076131e-07 
 3.77800000e-04  1.56855249e-07 
 3.77900000e-04  1.56684324e-07 
 3.78000000e-04  1.56564830e-07 
 3.78100000e-04  1.73226905e-07 
 3.78200000e-04  1.72932338e-07 
 3.78300000e-04  1.72804520e-07 
 3.78400000e-04  1.72687348e-07 
 3.78500000e-04  1.72631719e-07 
 3.78600000e-04  1.61236673e-07 
 3.78700000e-04  1.60866334e-07 
 3.78800000e-04  1.60685640e-07 
 3.78900000e-04  1.60561352e-07 
 3.79000000e-04  1.60495146e-07 
 3.79100000e-04  1.71925297e-07 
 3.79200000e-04  1.71646801e-07 
 3.79300000e-04  1.71554613e-07 
 3.79400000e-04  1.71475184e-07 
 3.79500000e-04  1.71432274e-07 
 3.79600000e-04  1.57519746e-07 
 3.79700000e-04  1.57062506e-07 
 3.79800000e-04  1.56847035e-07 
 3.79900000e-04  1.56682202e-07 
 3.80000000e-04  1.56569497e-07 
 3.80100000e-04  1.72711017e-07 
 3.80200000e-04  1.72507480e-07 
 3.80300000e-04  1.72418519e-07 
 3.80400000e-04  1.72337968e-07 
 3.80500000e-04  1.72280077e-07 
 3.80600000e-04  1.59550558e-07 
 3.80700000e-04  1.59209649e-07 
 3.80800000e-04  1.59021491e-07 
 3.80900000e-04  1.58886565e-07 
 3.81000000e-04  1.58806445e-07 
 3.81100000e-04  1.72462972e-07 
 3.81200000e-04  1.72216102e-07 
 3.81300000e-04  1.72127351e-07 
 3.81400000e-04  1.72050021e-07 
 3.81500000e-04  1.72015993e-07 
 3.81600000e-04  1.58041883e-07 
 3.81700000e-04  1.57635713e-07 
 3.81800000e-04  1.57416380e-07 
 3.81900000e-04  1.57256615e-07 
 3.82000000e-04  1.57158192e-07 
 3.82100000e-04  1.74373747e-07 
 3.82200000e-04  1.73966065e-07 
 3.82300000e-04  1.73819593e-07 
 3.82400000e-04  1.73690698e-07 
 3.82500000e-04  1.73613871e-07 
 3.82600000e-04  1.63472567e-07 
 3.82700000e-04  1.63113408e-07 
 3.82800000e-04  1.62942232e-07 
 3.82900000e-04  1.62831014e-07 
 3.83000000e-04  1.62781541e-07 
 3.83100000e-04  1.72061491e-07 
 3.83200000e-04  1.71741175e-07 
 3.83300000e-04  1.71625643e-07 
 3.83400000e-04  1.71524179e-07 
 3.83500000e-04  1.71471354e-07 
 3.83600000e-04  1.57580635e-07 
 3.83700000e-04  1.57097698e-07 
 3.83800000e-04  1.56875334e-07 
 3.83900000e-04  1.56699590e-07 
 3.84000000e-04  1.56571828e-07 
 3.84100000e-04  1.72717137e-07 
 3.84200000e-04  1.72507337e-07 
 3.84300000e-04  1.72415350e-07 
 3.84400000e-04  1.72331691e-07 
 3.84500000e-04  1.72297011e-07 
 3.84600000e-04  1.59568140e-07 
 3.84700000e-04  1.59213799e-07 
 3.84800000e-04  1.59027690e-07 
 3.84900000e-04  1.58893624e-07 
 3.85000000e-04  1.58813133e-07 
 3.85100000e-04  1.72467015e-07 
 3.85200000e-04  1.72220180e-07 
 3.85300000e-04  1.72131362e-07 
 3.85400000e-04  1.72053918e-07 
 3.85500000e-04  1.72027606e-07 
 3.85600000e-04  1.58043050e-07 
 3.85700000e-04  1.57640898e-07 
 3.85800000e-04  1.57418394e-07 
 3.85900000e-04  1.57257977e-07 
 3.86000000e-04  1.57161498e-07 
 3.86100000e-04  1.73847188e-07 
 3.86200000e-04  1.73522084e-07 
 3.86300000e-04  1.73405389e-07 
 3.86400000e-04  1.73303436e-07 
 3.86500000e-04  1.73256245e-07 
 3.86600000e-04  1.61820169e-07 
 3.86700000e-04  1.61459041e-07 
 3.86800000e-04  1.61272146e-07 
 3.86900000e-04  1.61148785e-07 
 3.87000000e-04  1.61090849e-07 
 3.87100000e-04  1.72548068e-07 
 3.87200000e-04  1.72278718e-07 
 3.87300000e-04  1.72172230e-07 
 3.87400000e-04  1.72076468e-07 
 3.87500000e-04  1.72056302e-07 
 3.87600000e-04  1.58090854e-07 
 3.87700000e-04  1.57653861e-07 
 3.87800000e-04  1.57436957e-07 
 3.87900000e-04  1.57267485e-07 
 3.88000000e-04  1.57146824e-07 
 3.88100000e-04  1.73329076e-07 
 3.88200000e-04  1.73114290e-07 
 3.88300000e-04  1.73025044e-07 
 3.88400000e-04  1.72945512e-07 
 3.88500000e-04  1.72885878e-07 
 3.88600000e-04  1.60134873e-07 
 3.88700000e-04  1.59796606e-07 
 3.88800000e-04  1.59606207e-07 
 3.88900000e-04  1.59478924e-07 
 3.89000000e-04  1.59416635e-07 
 3.89100000e-04  1.73087563e-07 
 3.89200000e-04  1.72833886e-07 
 3.89300000e-04  1.72740354e-07 
 3.89400000e-04  1.72658617e-07 
 3.89500000e-04  1.72626742e-07 
 3.89600000e-04  1.58636866e-07 
 3.89700000e-04  1.58248746e-07 
 3.89800000e-04  1.58028232e-07 
 3.89900000e-04  1.57862294e-07 
 3.90000000e-04  1.57752543e-07 
 3.90100000e-04  1.77117692e-07 
 3.90200000e-04  1.76269241e-07 
 3.90300000e-04  1.76010169e-07 
 3.90400000e-04  1.75789988e-07 
 3.90500000e-04  1.75695644e-07 
 3.90600000e-04  1.70706546e-07 
 3.90700000e-04  1.70345387e-07 
 3.90800000e-04  1.70201578e-07 
 3.90900000e-04  1.70121376e-07 
 3.91000000e-04  1.70106675e-07 
 3.91100000e-04  1.71311546e-07 
 3.91200000e-04  1.70326948e-07 
 3.91300000e-04  1.70062038e-07 
 3.91400000e-04  1.69842450e-07 
 3.91500000e-04  1.69761878e-07 
 3.91600000e-04  1.56084640e-07 
 3.91700000e-04  1.55430606e-07 
 3.91800000e-04  1.55153865e-07 
 3.91900000e-04  1.54949175e-07 
 3.92000000e-04  1.54818697e-07 
 3.92100000e-04  1.70908841e-07 
 3.92200000e-04  1.70696562e-07 
 3.92300000e-04  1.70602097e-07 
 3.92400000e-04  1.70516395e-07 
 3.92500000e-04  1.70477649e-07 
 3.92600000e-04  1.57809740e-07 
 3.92700000e-04  1.57437934e-07 
 3.92800000e-04  1.57256518e-07 
 3.92900000e-04  1.57124467e-07 
 3.93000000e-04  1.57043223e-07 
 3.93100000e-04  1.70612779e-07 
 3.93200000e-04  1.70390706e-07 
 3.93300000e-04  1.70303962e-07 
 3.93400000e-04  1.70226538e-07 
 3.93500000e-04  1.70184135e-07 
 3.93600000e-04  1.56290145e-07 
 3.93700000e-04  1.55896314e-07 
 3.93800000e-04  1.55658789e-07 
 3.93900000e-04  1.55488046e-07 
 3.94000000e-04  1.55386081e-07 
 3.94100000e-04  1.71980282e-07 
 3.94200000e-04  1.71676031e-07 
 3.94300000e-04  1.71557103e-07 
 3.94400000e-04  1.71450560e-07 
 3.94500000e-04  1.71412892e-07 
 3.94600000e-04  1.60054633e-07 
 3.94700000e-04  1.59676876e-07 
 3.94800000e-04  1.59491488e-07 
 3.94900000e-04  1.59369280e-07 
 3.95000000e-04  1.59312130e-07 
 3.95100000e-04  1.70686320e-07 
 3.95200000e-04  1.70402932e-07 
 3.95300000e-04  1.70307539e-07 
 3.95400000e-04  1.70225064e-07 
 3.95500000e-04  1.70207966e-07 
 3.95600000e-04  1.56342382e-07 
 3.95700000e-04  1.55893310e-07 
 3.95800000e-04  1.55659014e-07 
 3.95900000e-04  1.55482089e-07 
 3.96000000e-04  1.55364223e-07 
 3.96100000e-04  1.71449548e-07 
 3.96200000e-04  1.71259105e-07 
 3.96300000e-04  1.71172413e-07 
 3.96400000e-04  1.71093206e-07 
 3.96500000e-04  1.71032493e-07 
 3.96600000e-04  1.58380133e-07 
 3.96700000e-04  1.58022123e-07 
 3.96800000e-04  1.57835631e-07 
 3.96900000e-04  1.57701542e-07 
 3.97000000e-04  1.57621393e-07 
 3.97100000e-04  1.71198367e-07 
 3.97200000e-04  1.70965303e-07 
 3.97300000e-04  1.70880277e-07 
 3.97400000e-04  1.70805671e-07 
 3.97500000e-04  1.70773080e-07 
 3.97600000e-04  1.56880267e-07 
 3.97700000e-04  1.56443307e-07 
 3.97800000e-04  1.56228201e-07 
 3.97900000e-04  1.56064897e-07 
 3.98000000e-04  1.55954909e-07 
 3.98100000e-04  1.73120829e-07 
 3.98200000e-04  1.72700365e-07 
 3.98300000e-04  1.72553572e-07 
 3.98400000e-04  1.72425202e-07 
 3.98500000e-04  1.72369101e-07 
 3.98600000e-04  1.62297250e-07 
 3.98700000e-04  1.61940173e-07 
 3.98800000e-04  1.61755607e-07 
 3.98900000e-04  1.61633541e-07 
 3.99000000e-04  1.61575826e-07 
 3.99100000e-04  1.70807534e-07 
 3.99200000e-04  1.70496661e-07 
 3.99300000e-04  1.70387716e-07 
 3.99400000e-04  1.70292300e-07 
 3.99500000e-04  1.70246500e-07 
 3.99600000e-04  1.56422041e-07 
 3.99700000e-04  1.55904462e-07 
 3.99800000e-04  1.55678261e-07 
 3.99900000e-04  1.55503373e-07 
 4.00000000e-04  1.55381294e-07 
 4.00100000e-04  1.71470313e-07 
 4.00200000e-04  1.71258261e-07 
 4.00300000e-04  1.71174419e-07 
 4.00400000e-04  1.71100416e-07 
 4.00500000e-04  1.71043409e-07 
 4.00600000e-04  1.58395162e-07 
 4.00700000e-04  1.58016724e-07 
 4.00800000e-04  1.57832816e-07 
 4.00900000e-04  1.57704280e-07 
 4.01000000e-04  1.57632741e-07 
 4.01100000e-04  1.71220027e-07 
 4.01200000e-04  1.70978454e-07 
 4.01300000e-04  1.70896078e-07 
 4.01400000e-04  1.70825215e-07 
 4.01500000e-04  1.70778049e-07 
 4.01600000e-04  1.56864882e-07 
 4.01700000e-04  1.56467246e-07 
 4.01800000e-04  1.56244069e-07 
 4.01900000e-04  1.56075609e-07 
 4.02000000e-04  1.55963466e-07 
 4.02100000e-04  1.72602370e-07 
 4.02200000e-04  1.72287201e-07 
 4.02300000e-04  1.72163220e-07 
 4.02400000e-04  1.72052951e-07 
 4.02500000e-04  1.72012933e-07 
 4.02600000e-04  1.60622543e-07 
 4.02700000e-04  1.60261876e-07 
 4.02800000e-04  1.60081138e-07 
 4.02900000e-04  1.59958045e-07 
 4.03000000e-04  1.59894292e-07 
 4.03100000e-04  1.71307475e-07 
 4.03200000e-04  1.71016852e-07 
 4.03300000e-04  1.70922908e-07 
 4.03400000e-04  1.70842859e-07 
 4.03500000e-04  1.70814093e-07 
 4.03600000e-04  1.56921664e-07 
 4.03700000e-04  1.56458922e-07 
 4.03800000e-04  1.56239956e-07 
 4.03900000e-04  1.56074979e-07 
 4.04000000e-04  1.55965569e-07 
 4.04100000e-04  1.72065924e-07 
 4.04200000e-04  1.71879080e-07 
 4.04300000e-04  1.71785754e-07 
 4.04400000e-04  1.71698626e-07 
 4.04500000e-04  1.71652487e-07 
 4.04600000e-04  1.58963070e-07 
 4.04700000e-04  1.58604536e-07 
 4.04800000e-04  1.58427210e-07 
 4.04900000e-04  1.58297110e-07 
 4.05000000e-04  1.58215595e-07 
 4.05100000e-04  1.71821575e-07 
 4.05200000e-04  1.71589597e-07 
 4.05300000e-04  1.71504427e-07 
 4.05400000e-04  1.71429595e-07 
 4.05500000e-04  1.71398150e-07 
 4.05600000e-04  1.57463210e-07 
 4.05700000e-04  1.57055022e-07 
 4.05800000e-04  1.56832106e-07 
 4.05900000e-04  1.56663597e-07 
 4.06000000e-04  1.56551085e-07 
 4.06100000e-04  1.74268790e-07 
 4.06200000e-04  1.73748316e-07 
 4.06300000e-04  1.73571629e-07 
 4.06400000e-04  1.73417762e-07 
 4.06500000e-04  1.73350403e-07 
 4.06600000e-04  1.64544789e-07 
 4.06700000e-04  1.64184865e-07 
 4.06800000e-04  1.64013561e-07 
 4.06900000e-04  1.63904265e-07 
 4.07000000e-04  1.63858807e-07 
 4.07100000e-04  1.71091877e-07 
 4.07200000e-04  1.70675245e-07 
 4.07300000e-04  1.70518581e-07 
 4.07400000e-04  1.70380025e-07 
 4.07500000e-04  1.70310088e-07 
 4.07600000e-04  1.56508320e-07 
 4.07700000e-04  1.55970675e-07 
 4.07800000e-04  1.55721469e-07 
 4.07900000e-04  1.55532745e-07 
 4.08000000e-04  1.55406280e-07 
 4.08100000e-04  1.71509851e-07 
 4.08200000e-04  1.71288020e-07 
 4.08300000e-04  1.71202214e-07 
 4.08400000e-04  1.71127033e-07 
 4.08500000e-04  1.71059699e-07 
 4.08600000e-04  1.58396496e-07 
 4.08700000e-04  1.58031085e-07 
 4.08800000e-04  1.57848663e-07 
 4.08900000e-04  1.57717358e-07 
 4.09000000e-04  1.57638645e-07 
 4.09100000e-04  1.71226653e-07 
 4.09200000e-04  1.70988541e-07 
 4.09300000e-04  1.70899392e-07 
 4.09400000e-04  1.70820979e-07 
 4.09500000e-04  1.70797724e-07 
 4.09600000e-04  1.56889994e-07 
 4.09700000e-04  1.56462929e-07 
 4.09800000e-04  1.56244035e-07 
 4.09900000e-04  1.56076457e-07 
 4.10000000e-04  1.55961544e-07 
 4.10100000e-04  1.74805678e-07 
 4.10200000e-04  1.74009839e-07 
 4.10300000e-04  1.73752589e-07 
 4.10400000e-04  1.73639725e-07 
 4.10500000e-04  1.73573516e-07 
 4.10600000e-04  1.61734165e-07 
 4.10700000e-04  1.61222993e-07 
 4.10800000e-04  1.60976181e-07 
 4.10900000e-04  1.60802022e-07 
 4.11000000e-04  1.60701926e-07 
 4.11100000e-04  1.03758237e-04 
 4.11200000e-04  1.03757766e-04 
 4.11300000e-04  1.03757629e-04 
 4.11400000e-04  1.03757514e-04 
 4.11500000e-04  1.03757469e-04 
 4.11600000e-04  1.03743607e-04 
 4.11700000e-04  1.03743147e-04 
 4.11800000e-04  1.03742899e-04 
 4.11900000e-04  1.03742716e-04 
 4.12000000e-04  1.03742598e-04 
 4.12100000e-04  1.73241151e-07 
 4.12200000e-04  1.72990664e-07 
 4.12300000e-04  1.72891083e-07 
 4.12400000e-04  1.72802541e-07 
 4.12500000e-04  1.72772504e-07 
 4.12600000e-04  1.60055049e-07 
 4.12700000e-04  1.59682437e-07 
 4.12800000e-04  1.59496498e-07 
 4.12900000e-04  1.59369460e-07 
 4.13000000e-04  1.59303042e-07 
 4.13100000e-04  1.72991653e-07 
 4.13200000e-04  1.72745229e-07 
 4.13300000e-04  1.72650319e-07 
 4.13400000e-04  1.72566644e-07 
 4.13500000e-04  1.72540208e-07 
 4.13600000e-04  1.58536160e-07 
 4.13700000e-04  1.58146118e-07 
 4.13800000e-04  1.57916221e-07 
 4.13900000e-04  1.57749297e-07 
 4.14000000e-04  1.57647200e-07 
 4.14100000e-04  1.74897782e-07 
 4.14200000e-04  1.74479769e-07 
 4.14300000e-04  1.74331241e-07 
 4.14400000e-04  1.74201163e-07 
 4.14500000e-04  1.74131446e-07 
 4.14600000e-04  1.63963184e-07 
 4.14700000e-04  1.63608479e-07 
 4.14800000e-04  1.63423844e-07 
 4.14900000e-04  1.63308373e-07 
 4.15000000e-04  1.63264112e-07 
 4.15100000e-04  1.72569152e-07 
 4.15200000e-04  1.72263652e-07 
 4.15300000e-04  1.72141376e-07 
 4.15400000e-04  1.72030620e-07 
 4.15500000e-04  1.71980594e-07 
 4.15600000e-04  1.58068059e-07 
 4.15700000e-04  1.57598191e-07 
 4.15800000e-04  1.57358467e-07 
 4.15900000e-04  1.57181502e-07 
 4.16000000e-04  1.57069142e-07 
 4.16100000e-04  1.73238690e-07 
 4.16200000e-04  1.73028697e-07 
 4.16300000e-04  1.72934582e-07 
 4.16400000e-04  1.72849108e-07 
 4.16500000e-04  1.72793355e-07 
 4.16600000e-04  1.60033242e-07 
 4.16700000e-04  1.59686556e-07 
 4.16800000e-04  1.59505002e-07 
 4.16900000e-04  1.59383366e-07 
 4.17000000e-04  1.59323402e-07 
 4.17100000e-04  1.72995867e-07 
 4.17200000e-04  1.72734318e-07 
 4.17300000e-04  1.72648550e-07 
 4.17400000e-04  1.72576031e-07 
 4.17500000e-04  1.72544417e-07 
 4.17600000e-04  1.58534403e-07 
 4.17700000e-04  1.58138515e-07 
 4.17800000e-04  1.57922586e-07 
 4.17900000e-04  1.57757493e-07 
 4.18000000e-04  1.57644699e-07 
 4.18100000e-04  1.74355814e-07 
 4.18200000e-04  1.74046617e-07 
 4.18300000e-04  1.73929567e-07 
 4.18400000e-04  1.73825725e-07 
 4.18500000e-04  1.73760205e-07 
 4.18600000e-04  1.62281975e-07 
 4.18700000e-04  1.61923624e-07 
 4.18800000e-04  1.61750840e-07 
 4.18900000e-04  1.61638646e-07 
 4.19000000e-04  1.61588812e-07 
 4.19100000e-04  1.73074582e-07 
 4.19200000e-04  1.72794192e-07 
 4.19300000e-04  1.72691569e-07 
 4.19400000e-04  1.72600892e-07 
 4.19500000e-04  1.72554059e-07 
 4.19600000e-04  1.58570291e-07 
 4.19700000e-04  1.58146647e-07 
 4.19800000e-04  1.57917717e-07 
 4.19900000e-04  1.57746470e-07 
 4.20000000e-04  1.57634581e-07 
 4.20100000e-04  1.73841047e-07 
 4.20200000e-04  1.73630393e-07 
 4.20300000e-04  1.73531405e-07 
 4.20400000e-04  1.73440693e-07 
 4.20500000e-04  1.73403361e-07 
 4.20600000e-04  1.60617285e-07 
 4.20700000e-04  1.60274218e-07 
 4.20800000e-04  1.60094261e-07 
 4.20900000e-04  1.59970701e-07 
 4.21000000e-04  1.59905177e-07 
 4.21100000e-04  1.73599153e-07 
 4.21200000e-04  1.73356415e-07 
 4.21300000e-04  1.73268359e-07 
 4.21400000e-04  1.73191088e-07 
 4.21500000e-04  1.73135180e-07 
 4.21600000e-04  1.59099913e-07 
 4.21700000e-04  1.58723528e-07 
 4.21800000e-04  1.58504960e-07 
 4.21900000e-04  1.58342646e-07 
 4.22000000e-04  1.58238212e-07 
 4.22100000e-04  1.76565263e-07 
 4.22200000e-04  1.75942086e-07 
 4.22300000e-04  1.75732121e-07 
 4.22400000e-04  1.75548947e-07 
 4.22500000e-04  1.75469422e-07 
 4.22600000e-04  1.67853926e-07 
 4.22700000e-04  1.67504307e-07 
 4.22800000e-04  1.67336594e-07 
 4.22900000e-04  1.67241673e-07 
 4.23000000e-04  1.67221696e-07 
 4.23100000e-04  1.72875893e-07 
 4.23200000e-04  1.72066090e-07 
 4.23300000e-04  1.71802482e-07 
 4.23400000e-04  1.71575967e-07 
 4.23500000e-04  1.71484767e-07 
 4.23600000e-04  1.57650190e-07 
 4.23700000e-04  1.57090578e-07 
 4.23800000e-04  1.56823280e-07 
 4.23900000e-04  1.56624837e-07 
 4.24000000e-04  1.56497279e-07 
 4.24100000e-04  1.72657605e-07 
 4.24200000e-04  1.72450724e-07 
 4.24300000e-04  1.72354680e-07 
 4.24400000e-04  1.72266419e-07 
 4.24500000e-04  1.72214936e-07 
 4.24600000e-04  1.59470109e-07 
 4.24700000e-04  1.59110822e-07 
 4.24800000e-04  1.58929105e-07 
 4.24900000e-04  1.58795076e-07 
 4.25000000e-04  1.58710087e-07 
 4.25100000e-04  1.72371621e-07 
 4.25200000e-04  1.72144620e-07 
 4.25300000e-04  1.72055162e-07 
 4.25400000e-04  1.71975175e-07 
 4.25500000e-04  1.71941452e-07 
 4.25600000e-04  1.57940915e-07 
 4.25700000e-04  1.57538430e-07 
 4.25800000e-04  1.57323925e-07 
 4.25900000e-04  1.57160535e-07 
 4.26000000e-04  1.57049719e-07 
 4.26100000e-04  1.73749852e-07 
 4.26200000e-04  1.73434240e-07 
 4.26300000e-04  1.73311249e-07 
 4.26400000e-04  1.73201733e-07 
 4.26500000e-04  1.73159553e-07 
 4.26600000e-04  1.61709528e-07 
 4.26700000e-04  1.61347596e-07 
 4.26800000e-04  1.61160236e-07 
 4.26900000e-04  1.61038070e-07 
 4.27000000e-04  1.60983006e-07 
 4.27100000e-04  1.72441529e-07 
 4.27200000e-04  1.72166470e-07 
 4.27300000e-04  1.72065580e-07 
 4.27400000e-04  1.71976298e-07 
 4.27500000e-04  1.71942817e-07 
 4.27600000e-04  1.57996130e-07 
 4.27700000e-04  1.57546189e-07 
 4.27800000e-04  1.57325929e-07 
 4.27900000e-04  1.57156979e-07 
 4.28000000e-04  1.57040809e-07 
 4.28100000e-04  1.73220433e-07 
 4.28200000e-04  1.73006732e-07 
 4.28300000e-04  1.72915111e-07 
 4.28400000e-04  1.72832535e-07 
 4.28500000e-04  1.72778024e-07 
 4.28600000e-04  1.60034549e-07 
 4.28700000e-04  1.59696242e-07 
 4.28800000e-04  1.59504605e-07 
 4.28900000e-04  1.59369801e-07 
 4.29000000e-04  1.59293471e-07 
 4.29100000e-04  1.72973522e-07 
 4.29200000e-04  1.72723240e-07 
 4.29300000e-04  1.72635044e-07 
 4.29400000e-04  1.72558349e-07 
 4.29500000e-04  1.72529829e-07 
 4.29600000e-04  1.58527353e-07 
 4.29700000e-04  1.58130622e-07 
 4.29800000e-04  1.57906434e-07 
 4.29900000e-04  1.57741249e-07 
 4.30000000e-04  1.57636780e-07 
 4.30100000e-04  1.74897764e-07 
 4.30200000e-04  1.74458062e-07 
 4.30300000e-04  1.74307885e-07 
 4.30400000e-04  1.74177934e-07 
 4.30500000e-04  1.74121327e-07 
 4.30600000e-04  1.63944662e-07 
 4.30700000e-04  1.63589327e-07 
 4.30800000e-04  1.63421994e-07 
 4.30900000e-04  1.63308841e-07 
 4.31000000e-04  1.63251425e-07 
 4.31100000e-04  1.72562537e-07 
 4.31200000e-04  1.72252034e-07 
 4.31300000e-04  1.72135703e-07 
 4.31400000e-04  1.72032222e-07 
 4.31500000e-04  1.71975025e-07 
 4.31600000e-04  1.58066818e-07 
 4.31700000e-04  1.57577057e-07 
 4.31800000e-04  1.57345144e-07 
 4.31900000e-04  1.57173894e-07 
 4.32000000e-04  1.57065070e-07 
 4.32100000e-04  1.73237218e-07 
 4.32200000e-04  1.73029322e-07 
 4.32300000e-04  1.72930980e-07 
 4.32400000e-04  1.72840698e-07 
 4.32500000e-04  1.72796319e-07 
 4.32600000e-04  1.60030574e-07 
 4.32700000e-04  1.59678828e-07 
 4.32800000e-04  1.59508871e-07 
 4.32900000e-04  1.59384377e-07 
 4.33000000e-04  1.59306623e-07 
 4.33100000e-04  1.72993346e-07 
 4.33200000e-04  1.72738462e-07 
 4.33300000e-04  1.72650900e-07 
 4.33400000e-04  1.72576166e-07 
 4.33500000e-04  1.72532173e-07 
 4.33600000e-04  1.58527351e-07 
 4.33700000e-04  1.58137075e-07 
 4.33800000e-04  1.57923029e-07 
 4.33900000e-04  1.57757471e-07 
 4.34000000e-04  1.57641775e-07 
 4.34100000e-04  1.74363444e-07 
 4.34200000e-04  1.74047722e-07 
 4.34300000e-04  1.73925305e-07 
 4.34400000e-04  1.73816516e-07 
 4.34500000e-04  1.73768726e-07 
 4.34600000e-04  1.62288845e-07 
 4.34700000e-04  1.61942527e-07 
 4.34800000e-04  1.61762488e-07 
 4.34900000e-04  1.61642200e-07 
 4.35000000e-04  1.61583394e-07 
 4.35100000e-04  1.73068746e-07 
 4.35200000e-04  1.72777768e-07 
 4.35300000e-04  1.72681012e-07 
 4.35400000e-04  1.72597920e-07 
 4.35500000e-04  1.72556034e-07 
 4.35600000e-04  1.58580343e-07 
 4.35700000e-04  1.58143703e-07 
 4.35800000e-04  1.57924607e-07 
 4.35900000e-04  1.57757760e-07 
 4.36000000e-04  1.57644649e-07 
 4.36100000e-04  1.73849626e-07 
 4.36200000e-04  1.73634581e-07 
 4.36300000e-04  1.73533108e-07 
 4.36400000e-04  1.73439891e-07 
 4.36500000e-04  1.73391851e-07 
 4.36600000e-04  1.60613132e-07 
 4.36700000e-04  1.60271106e-07 
 4.36800000e-04  1.60092243e-07 
 4.36900000e-04  1.59967671e-07 
 4.37000000e-04  1.59898942e-07 
 4.37100000e-04  1.73591325e-07 
 4.37200000e-04  1.73351285e-07 
 4.37300000e-04  1.73264500e-07 
 4.37400000e-04  1.73188404e-07 
 4.37500000e-04  1.73153177e-07 
 4.37600000e-04  1.59112341e-07 
 4.37700000e-04  1.58719944e-07 
 4.37800000e-04  1.58500461e-07 
 4.37900000e-04  1.58339189e-07 
 4.38000000e-04  1.58237800e-07 
 4.38100000e-04  1.76045258e-07 
 4.38200000e-04  1.75509567e-07 
 4.38300000e-04  1.75328527e-07 
 4.38400000e-04  1.75171313e-07 
 4.38500000e-04  1.75100223e-07 
 4.38600000e-04  1.66187794e-07 
 4.38700000e-04  1.65837611e-07 
 4.38800000e-04  1.65673466e-07 
 4.38900000e-04  1.65568078e-07 
 4.39000000e-04  1.65523140e-07 
 4.39100000e-04  1.72849354e-07 
 4.39200000e-04  1.72439196e-07 
 4.39300000e-04  1.72277882e-07 
 4.39400000e-04  1.72132988e-07 
 4.39500000e-04  1.72075576e-07 
 4.39600000e-04  1.58168156e-07 
 4.39700000e-04  1.57637477e-07 
 4.39800000e-04  1.57394061e-07 
 4.39900000e-04  1.57209421e-07 
 4.40000000e-04  1.57085253e-07 
 4.40100000e-04  1.73276664e-07 
 4.40200000e-04  1.73053110e-07 
 4.40300000e-04  1.72954999e-07 
 4.40400000e-04  1.72866242e-07 
 4.40500000e-04  1.72811477e-07 
 4.40600000e-04  1.60043244e-07 
 4.40700000e-04  1.59697192e-07 
 4.40800000e-04  1.59524665e-07 
 4.40900000e-04  1.59396802e-07 
 4.41000000e-04  1.59314851e-07 
 4.41100000e-04  1.72990862e-07 
 4.41200000e-04  1.72758606e-07 
 4.41300000e-04  1.72669281e-07 
 4.41400000e-04  1.72589584e-07 
 4.41500000e-04  1.72544277e-07 
 4.41600000e-04  1.58522030e-07 
 4.41700000e-04  1.58127567e-07 
 4.41800000e-04  1.57924386e-07 
 4.41900000e-04  1.57765456e-07 
 4.42000000e-04  1.57652003e-07 
 4.42100000e-04  1.74373964e-07 
 4.42200000e-04  1.74057845e-07 
 4.42300000e-04  1.73930173e-07 
 4.42400000e-04  1.73815502e-07 
 4.42500000e-04  1.73766773e-07 
 4.42600000e-04  1.62298819e-07 
 4.42700000e-04  1.61949767e-07 
 4.42800000e-04  1.61764322e-07 
 4.42900000e-04  1.61643660e-07 
 4.43000000e-04  1.61589661e-07 
 4.43100000e-04  1.73078534e-07 
 4.43200000e-04  1.72787499e-07 
 4.43300000e-04  1.72693138e-07 
 4.43400000e-04  1.72612468e-07 
 4.43500000e-04  1.72554631e-07 
 4.43600000e-04  1.58584135e-07 
 4.43700000e-04  1.58136765e-07 
 4.43800000e-04  1.57921285e-07 
 4.43900000e-04  1.57753747e-07 
 4.44000000e-04  1.57635494e-07 
 4.44100000e-04  1.73844054e-07 
 4.44200000e-04  1.73638451e-07 
 4.44300000e-04  1.73540776e-07 
 4.44400000e-04  1.73451051e-07 
 4.44500000e-04  1.73398824e-07 
 4.44600000e-04  1.60614804e-07 
 4.44700000e-04  1.60266301e-07 
 4.44800000e-04  1.60092150e-07 
 4.44900000e-04  1.59969839e-07 
 4.45000000e-04  1.59900836e-07 
 4.45100000e-04  1.73609147e-07 
 4.45200000e-04  1.73349527e-07 
 4.45300000e-04  1.73254770e-07 
 4.45400000e-04  1.73172385e-07 
 4.45500000e-04  1.73131234e-07 
 4.45600000e-04  1.59105070e-07 
 4.45700000e-04  1.58723144e-07 
 4.45800000e-04  1.58506702e-07 
 4.45900000e-04  1.58340216e-07 
 4.46000000e-04  1.58225095e-07 
 4.46100000e-04  1.75529990e-07 
 4.46200000e-04  1.75095696e-07 
 4.46300000e-04  1.74938077e-07 
 4.46400000e-04  1.74799428e-07 
 4.46500000e-04  1.74734099e-07 
 4.46600000e-04  1.64540308e-07 
 4.46700000e-04  1.64197179e-07 
 4.46800000e-04  1.64022557e-07 
 4.46900000e-04  1.63910275e-07 
 4.47000000e-04  1.63862133e-07 
 4.47100000e-04  1.73201355e-07 
 4.47200000e-04  1.72885361e-07 
 4.47300000e-04  1.72766708e-07 
 4.47400000e-04  1.72661220e-07 
 4.47500000e-04  1.72602109e-07 
 4.47600000e-04  1.58652164e-07 
 4.47700000e-04  1.58178754e-07 
 4.47800000e-04  1.57940553e-07 
 4.47900000e-04  1.57767540e-07 
 4.48000000e-04  1.57661606e-07 
 4.48100000e-04  1.73868914e-07 
 4.48200000e-04  1.73639370e-07 
 4.48300000e-04  1.73550249e-07 
 4.48400000e-04  1.73472099e-07 
 4.48500000e-04  1.73417331e-07 
 4.48600000e-04  1.60620372e-07 
 4.48700000e-04  1.60275923e-07 
 4.48800000e-04  1.60096447e-07 
 4.48900000e-04  1.59975171e-07 
 4.49000000e-04  1.59913760e-07 
 4.49100000e-04  1.73604596e-07 
 4.49200000e-04  1.73372905e-07 
 4.49300000e-04  1.73280596e-07 
 4.49400000e-04  1.73197488e-07 
 4.49500000e-04  1.73144257e-07 
 4.49600000e-04  1.59112806e-07 
 4.49700000e-04  1.58717151e-07 
 4.49800000e-04  1.58510335e-07 
 4.49900000e-04  1.58349302e-07 
 4.50000000e-04  1.58235327e-07 
 4.50100000e-04  1.75001332e-07 
 4.50200000e-04  1.74672658e-07 
 4.50300000e-04  1.74552355e-07 
 4.50400000e-04  1.74447102e-07 
 4.50500000e-04  1.74378479e-07 
 4.50600000e-04  1.62864592e-07 
 4.50700000e-04  1.62518277e-07 
 4.50800000e-04  1.62345851e-07 
 4.50900000e-04  1.62228410e-07 
 4.51000000e-04  1.62167517e-07 
 4.51100000e-04  1.73707692e-07 
 4.51200000e-04  1.73412389e-07 
 4.51300000e-04  1.73308919e-07 
 4.51400000e-04  1.73218868e-07 
 4.51500000e-04  1.73163674e-07 
 4.51600000e-04  1.59169926e-07 
 4.51700000e-04  1.58734886e-07 
 4.51800000e-04  1.58519029e-07 
 4.51900000e-04  1.58348976e-07 
 4.52000000e-04  1.58226001e-07 
 4.52100000e-04  1.74457297e-07 
 4.52200000e-04  1.74262198e-07 
 4.52300000e-04  1.74166118e-07 
 4.52400000e-04  1.74076661e-07 
 4.52500000e-04  1.74019653e-07 
 4.52600000e-04  1.61219337e-07 
 4.52700000e-04  1.60870390e-07 
 4.52800000e-04  1.60691570e-07 
 4.52900000e-04  1.60559712e-07 
 4.53000000e-04  1.60476120e-07 
 4.53100000e-04  1.74224237e-07 
 4.53200000e-04  1.73977814e-07 
 4.53300000e-04  1.73887906e-07 
 4.53400000e-04  1.73808955e-07 
 4.53500000e-04  1.73766930e-07 
 4.53600000e-04  1.59691951e-07 
 4.53700000e-04  1.59309188e-07 
 4.53800000e-04  1.59093009e-07 
 4.53900000e-04  1.58933897e-07 
 4.54000000e-04  1.58833480e-07 
 4.54100000e-04  1.77717883e-07 
 4.54200000e-04  1.76973935e-07 
 4.54300000e-04  1.76744548e-07 
 4.54400000e-04  1.76549157e-07 
 4.54500000e-04  1.76455767e-07 
 4.54600000e-04  1.70106446e-07 
 4.54700000e-04  1.69752830e-07 
 4.54800000e-04  1.69593803e-07 
 4.54900000e-04  1.69510195e-07 
 4.55000000e-04  1.69504208e-07 
 4.55100000e-04  1.72998729e-07 
 4.55200000e-04  1.72042291e-07 
 4.55300000e-04  1.71786581e-07 
 4.55400000e-04  1.71575388e-07 
 4.55500000e-04  1.71477951e-07 
 4.55600000e-04  1.57670940e-07 
 4.55700000e-04  1.57086709e-07 
 4.55800000e-04  1.56821301e-07 
 4.55900000e-04  1.56625657e-07 
 4.56000000e-04  1.56501805e-07 
 4.56100000e-04  1.72658000e-07 
 4.56200000e-04  1.72445102e-07 
 4.56300000e-04  1.72352788e-07 
 4.56400000e-04  1.72269160e-07 
 4.56500000e-04  1.72202243e-07 
 4.56600000e-04  1.59471738e-07 
 4.56700000e-04  1.59115210e-07 
 4.56800000e-04  1.58929305e-07 
 4.56900000e-04  1.58794871e-07 
 4.57000000e-04  1.58713352e-07 
 4.57100000e-04  1.72384602e-07 
 4.57200000e-04  1.72132249e-07 
 4.57300000e-04  1.72042266e-07 
 4.57400000e-04  1.71963958e-07 
 4.57500000e-04  1.71923763e-07 
 4.57600000e-04  1.57944701e-07 
 4.57700000e-04  1.57550887e-07 
 4.57800000e-04  1.57331719e-07 
 4.57900000e-04  1.57164151e-07 
 4.58000000e-04  1.57049627e-07 
 4.58100000e-04  1.73739993e-07 
 4.58200000e-04  1.73443454e-07 
 4.58300000e-04  1.73320265e-07 
 4.58400000e-04  1.73208428e-07 
 4.58500000e-04  1.73147492e-07 
 4.58600000e-04  1.61707724e-07 
 4.58700000e-04  1.61339293e-07 
 4.58800000e-04  1.61170056e-07 
 4.58900000e-04  1.61054462e-07 
 4.59000000e-04  1.60994020e-07 
 4.59100000e-04  1.72444901e-07 
 4.59200000e-04  1.72167501e-07 
 4.59300000e-04  1.72068780e-07 
 4.59400000e-04  1.71982176e-07 
 4.59500000e-04  1.71945614e-07 
 4.59600000e-04  1.57990083e-07 
 4.59700000e-04  1.57552317e-07 
 4.59800000e-04  1.57325843e-07 
 4.59900000e-04  1.57162578e-07 
 4.60000000e-04  1.57064335e-07 
 4.60100000e-04  1.73215216e-07 
 4.60200000e-04  1.73008306e-07 
 4.60300000e-04  1.72916717e-07 
 4.60400000e-04  1.72833316e-07 
 4.60500000e-04  1.72790154e-07 
 4.60600000e-04  1.60023719e-07 
 4.60700000e-04  1.59698099e-07 
 4.60800000e-04  1.59498386e-07 
 4.60900000e-04  1.59364121e-07 
 4.61000000e-04  1.59297191e-07 
 4.61100000e-04  1.72975176e-07 
 4.61200000e-04  1.72737606e-07 
 4.61300000e-04  1.72644666e-07 
 4.61400000e-04  1.72562008e-07 
 4.61500000e-04  1.72524154e-07 
 4.61600000e-04  1.58530897e-07 
 4.61700000e-04  1.58134402e-07 
 4.61800000e-04  1.57910519e-07 
 4.61900000e-04  1.57743948e-07 
 4.62000000e-04  1.57636315e-07 
 4.62100000e-04  1.74889250e-07 
 4.62200000e-04  1.74462202e-07 
 4.62300000e-04  1.74315890e-07 
 4.62400000e-04  1.74189037e-07 
 4.62500000e-04  1.74123025e-07 
 4.62600000e-04  1.63958098e-07 
 4.62700000e-04  1.63598972e-07 
 4.62800000e-04  1.63417763e-07 
 4.62900000e-04  1.63301838e-07 
 4.63000000e-04  1.63253070e-07 
 4.63100000e-04  1.72581195e-07 
 4.63200000e-04  1.72254243e-07 
 4.63300000e-04  1.72135777e-07 
 4.63400000e-04  1.72031458e-07 
 4.63500000e-04  1.71983436e-07 
 4.63600000e-04  1.58059404e-07 
 4.63700000e-04  1.57575842e-07 
 4.63800000e-04  1.57346904e-07 
 4.63900000e-04  1.57172375e-07 
 4.64000000e-04  1.57053787e-07 
 4.64100000e-04  1.73234104e-07 
 4.64200000e-04  1.73027658e-07 
 4.64300000e-04  1.72931721e-07 
 4.64400000e-04  1.72843951e-07 
 4.64500000e-04  1.72792739e-07 
 4.64600000e-04  1.60032112e-07 
 4.64700000e-04  1.59684961e-07 
 4.64800000e-04  1.59503505e-07 
 4.64900000e-04  1.59374643e-07 
 4.65000000e-04  1.59299848e-07 
 4.65100000e-04  1.72996611e-07 
 4.65200000e-04  1.72737245e-07 
 4.65300000e-04  1.72646059e-07 
 4.65400000e-04  1.72567745e-07 
 4.65500000e-04  1.72533485e-07 
 4.65600000e-04  1.58530866e-07 
 4.65700000e-04  1.58122348e-07 
 4.65800000e-04  1.57916544e-07 
 4.65900000e-04  1.57753760e-07 
 4.66000000e-04  1.57635167e-07 
 4.66100000e-04  1.74370958e-07 
 4.66200000e-04  1.74044978e-07 
 4.66300000e-04  1.73929504e-07 
 4.66400000e-04  1.73829381e-07 
 4.66500000e-04  1.73765697e-07 
 4.66600000e-04  1.62283341e-07 
 4.66700000e-04  1.61920165e-07 
 4.66800000e-04  1.61753814e-07 
 4.66900000e-04  1.61634035e-07 
 4.67000000e-04  1.61562106e-07 
 4.67100000e-04  1.73068233e-07 
 4.67200000e-04  1.72786421e-07 
 4.67300000e-04  1.72686806e-07 
 4.67400000e-04  1.72599575e-07 
 4.67500000e-04  1.72548704e-07 
 4.67600000e-04  1.58582646e-07 
 4.67700000e-04  1.58139957e-07 
 4.67800000e-04  1.57918538e-07 
 4.67900000e-04  1.57749522e-07 
 4.68000000e-04  1.57634371e-07 
 4.68100000e-04  1.73831370e-07 
 4.68200000e-04  1.73622760e-07 
 4.68300000e-04  1.73532724e-07 
 4.68400000e-04  1.73450927e-07 
 4.68500000e-04  1.73401854e-07 
 4.68600000e-04  1.60622121e-07 
 4.68700000e-04  1.60276275e-07 
 4.68800000e-04  1.60093839e-07 
 4.68900000e-04  1.59968143e-07 
 4.69000000e-04  1.59900786e-07 
 4.69100000e-04  1.73600765e-07 
 4.69200000e-04  1.73346699e-07 
 4.69300000e-04  1.73253891e-07 
 4.69400000e-04  1.73172750e-07 
 4.69500000e-04  1.73137416e-07 
 4.69600000e-04  1.59107504e-07 
 4.69700000e-04  1.58713190e-07 
 4.69800000e-04  1.58500970e-07 
 4.69900000e-04  1.58338251e-07 
 4.70000000e-04  1.58226403e-07 
 4.70100000e-04  1.76042702e-07 
 4.70200000e-04  1.75505307e-07 
 4.70300000e-04  1.75332265e-07 
 4.70400000e-04  1.75183963e-07 
 4.70500000e-04  1.75095330e-07 
 4.70600000e-04  1.66200038e-07 
 4.70700000e-04  1.65832594e-07 
 4.70800000e-04  1.65680809e-07 
 4.70900000e-04  1.65579519e-07 
 4.71000000e-04  1.65530121e-07 
 4.71100000e-04  1.72868874e-07 
 4.71200000e-04  1.72449173e-07 
 4.71300000e-04  1.72282246e-07 
 4.71400000e-04  1.72132592e-07 
 4.71500000e-04  1.72064829e-07 
 4.71600000e-04  1.58164093e-07 
 4.71700000e-04  1.57638990e-07 
 4.71800000e-04  1.57392662e-07 
 4.71900000e-04  1.57208646e-07 
 4.72000000e-04  1.57088714e-07 
 4.72100000e-04  1.73266239e-07 
 4.72200000e-04  1.73053575e-07 
 4.72300000e-04  1.72959233e-07 
 4.72400000e-04  1.72873372e-07 
 4.72500000e-04  1.72819364e-07 
 4.72600000e-04  1.60051222e-07 
 4.72700000e-04  1.59687399e-07 
 4.72800000e-04  1.59506601e-07 
 4.72900000e-04  1.59379863e-07 
 4.73000000e-04  1.59308694e-07 
 4.73100000e-04  1.73007657e-07 
 4.73200000e-04  1.72757566e-07 
 4.73300000e-04  1.72662006e-07 
 4.73400000e-04  1.72578060e-07 
 4.73500000e-04  1.72539399e-07 
 4.73600000e-04  1.58533618e-07 
 4.73700000e-04  1.58133247e-07 
 4.73800000e-04  1.57917072e-07 
 4.73900000e-04  1.57749397e-07 
 4.74000000e-04  1.57631558e-07 
 4.74100000e-04  1.74370653e-07 
 4.74200000e-04  1.74051257e-07 
 4.74300000e-04  1.73931644e-07 
 4.74400000e-04  1.73826261e-07 
 4.74500000e-04  1.73769666e-07 
 4.74600000e-04  1.62293012e-07 
 4.74700000e-04  1.61941925e-07 
 4.74800000e-04  1.61767961e-07 
 4.74900000e-04  1.61645905e-07 
 4.75000000e-04  1.61577201e-07 
 4.75100000e-04  1.73084717e-07 
 4.75200000e-04  1.72793038e-07 
 4.75300000e-04  1.72687898e-07 
 4.75400000e-04  1.72595538e-07 
 4.75500000e-04  1.72552080e-07 
 4.75600000e-04  1.58585213e-07 
 4.75700000e-04  1.58140275e-07 
 4.75800000e-04  1.57929595e-07 
 4.75900000e-04  1.57762917e-07 
 4.76000000e-04  1.57641431e-07 
 4.76100000e-04  1.73841910e-07 
 4.76200000e-04  1.73640064e-07 
 4.76300000e-04  1.73542298e-07 
 4.76400000e-04  1.73451777e-07 
 4.76500000e-04  1.73403805e-07 
 4.76600000e-04  1.60622084e-07 
 4.76700000e-04  1.60271102e-07 
 4.76800000e-04  1.60094788e-07 
 4.76900000e-04  1.59972834e-07 
 4.77000000e-04  1.59906762e-07 
 4.77100000e-04  1.73595409e-07 
 4.77200000e-04  1.73357197e-07 
 4.77300000e-04  1.73268838e-07 
 4.77400000e-04  1.73191175e-07 
 4.77500000e-04  1.73145659e-07 
 4.77600000e-04  1.59110450e-07 
 4.77700000e-04  1.58715382e-07 
 4.77800000e-04  1.58509063e-07 
 4.77900000e-04  1.58347084e-07 
 4.78000000e-04  1.58230637e-07 
 4.78100000e-04  1.75508567e-07 
 4.78200000e-04  1.75091320e-07 
 4.78300000e-04  1.74943047e-07 
 4.78400000e-04  1.74812872e-07 
 4.78500000e-04  1.74736969e-07 
 4.78600000e-04  1.64536943e-07 
 4.78700000e-04  1.64178849e-07 
 4.78800000e-04  1.64007430e-07 
 4.78900000e-04  1.63900698e-07 
 4.79000000e-04  1.63860499e-07 
 4.79100000e-04  1.73191225e-07 
 4.79200000e-04  1.72865389e-07 
 4.79300000e-04  1.72749647e-07 
 4.79400000e-04  1.72648199e-07 
 4.79500000e-04  1.72599718e-07 
 4.79600000e-04  1.58656909e-07 
 4.79700000e-04  1.58173944e-07 
 4.79800000e-04  1.57939654e-07 
 4.79900000e-04  1.57769640e-07 
 4.80000000e-04  1.57665728e-07 
 4.80100000e-04  1.73869762e-07 
 4.80200000e-04  1.73647536e-07 
 4.80300000e-04  1.73547145e-07 
 4.80400000e-04  1.73455807e-07 
 4.80500000e-04  1.73409731e-07 
 4.80600000e-04  1.60623890e-07 
 4.80700000e-04  1.60290137e-07 
 4.80800000e-04  1.60098749e-07 
 4.80900000e-04  1.59971169e-07 
 4.81000000e-04  1.59909213e-07 
 4.81100000e-04  1.73606633e-07 
 4.81200000e-04  1.73374030e-07 
 4.81300000e-04  1.73272419e-07 
 4.81400000e-04  1.73179364e-07 
 4.81500000e-04  1.73148717e-07 
 4.81600000e-04  1.59119791e-07 
 4.81700000e-04  1.58726508e-07 
 4.81800000e-04  1.58506863e-07 
 4.81900000e-04  1.58340311e-07 
 4.82000000e-04  1.58228321e-07 
 4.82100000e-04  1.74993306e-07 
 4.82200000e-04  1.74662047e-07 
 4.82300000e-04  1.74545300e-07 
 4.82400000e-04  1.74444097e-07 
 4.82500000e-04  1.74377761e-07 
 4.82600000e-04  1.62867881e-07 
 4.82700000e-04  1.62530058e-07 
 4.82800000e-04  1.62352197e-07 
 4.82900000e-04  1.62231097e-07 
 4.83000000e-04  1.62168345e-07 
 4.83100000e-04  1.73683739e-07 
 4.83200000e-04  1.73410134e-07 
 4.83300000e-04  1.73304247e-07 
 4.83400000e-04  1.73209355e-07 
 4.83500000e-04  1.73175080e-07 
 4.83600000e-04  1.59166262e-07 
 4.83700000e-04  1.58742564e-07 
 4.83800000e-04  1.58520557e-07 
 4.83900000e-04  1.58350214e-07 
 4.84000000e-04  1.58232961e-07 
 4.84100000e-04  1.74463971e-07 
 4.84200000e-04  1.74249552e-07 
 4.84300000e-04  1.74159144e-07 
 4.84400000e-04  1.74077680e-07 
 4.84500000e-04  1.74018856e-07 
 4.84600000e-04  1.61210478e-07 
 4.84700000e-04  1.60877025e-07 
 4.84800000e-04  1.60697503e-07 
 4.84900000e-04  1.60566049e-07 
 4.85000000e-04  1.60483975e-07 
 4.85100000e-04  1.74228827e-07 
 4.85200000e-04  1.73986404e-07 
 4.85300000e-04  1.73893872e-07 
 4.85400000e-04  1.73811647e-07 
 4.85500000e-04  1.73752147e-07 
 4.85600000e-04  1.59691453e-07 
 4.85700000e-04  1.59294840e-07 
 4.85800000e-04  1.59087386e-07 
 4.85900000e-04  1.58928961e-07 
 4.86000000e-04  1.58820907e-07 
 4.86100000e-04  1.77208304e-07 
 4.86200000e-04  1.76553874e-07 
 4.86300000e-04  1.76341113e-07 
 4.86400000e-04  1.76158073e-07 
 4.86500000e-04  1.76074689e-07 
 4.86600000e-04  1.68441260e-07 
 4.86700000e-04  1.68106893e-07 
 4.86800000e-04  1.67939300e-07 
 4.86900000e-04  1.67845167e-07 
 4.87000000e-04  1.67826606e-07 
 4.87100000e-04  1.73494738e-07 
 4.87200000e-04  1.72683045e-07 
 4.87300000e-04  1.72428127e-07 
 4.87400000e-04  1.72210974e-07 
 4.87500000e-04  1.72114888e-07 
 4.87600000e-04  1.58234205e-07 
 4.87700000e-04  1.57666666e-07 
 4.87800000e-04  1.57409594e-07 
 4.87900000e-04  1.57219720e-07 
 4.88000000e-04  1.57098956e-07 
 4.88100000e-04  1.73280226e-07 
 4.88200000e-04  1.73060005e-07 
 4.88300000e-04  1.72968008e-07 
 4.88400000e-04  1.72885437e-07 
 4.88500000e-04  1.72828596e-07 
 4.88600000e-04  1.60060827e-07 
 4.88700000e-04  1.59710006e-07 
 4.88800000e-04  1.59523826e-07 
 4.88900000e-04  1.59392611e-07 
 4.89000000e-04  1.59318157e-07 
 4.89100000e-04  1.73162873e-07 
 4.89200000e-04  1.72811446e-07 
 4.89300000e-04  1.72676114e-07 
 4.89400000e-04  1.72605849e-07 
 4.89500000e-04  1.72544729e-07 
 4.89600000e-04  1.58548915e-07 
 4.89700000e-04  1.58157700e-07 
 4.89800000e-04  1.57939795e-07 
 4.89900000e-04  1.57768450e-07 
 4.90000000e-04  1.57644951e-07 
 4.90100000e-04  1.74369472e-07 
 4.90200000e-04  1.74045657e-07 
 4.90300000e-04  1.73923519e-07 
 4.90400000e-04  1.73815435e-07 
 4.90500000e-04  1.73776582e-07 
 4.90600000e-04  1.62302464e-07 
 4.90700000e-04  1.61949439e-07 
 4.90800000e-04  1.61772747e-07 
 4.90900000e-04  1.61648868e-07 
 4.91000000e-04  1.61579315e-07 
 4.91100000e-04  1.73070338e-07 
 4.91200000e-04  1.72798598e-07 
 4.91300000e-04  1.72691124e-07 
 4.91400000e-04  1.72594578e-07 
 4.91500000e-04  1.72555748e-07 
 4.91600000e-04  1.58585643e-07 
 4.91700000e-04  1.58139578e-07 
 4.91800000e-04  1.57924556e-07 
 4.91900000e-04  1.57763589e-07 
 4.92000000e-04  1.57658249e-07 
 4.92100000e-04  1.73839382e-07 
 4.92200000e-04  1.73639055e-07 
 4.92300000e-04  1.73541703e-07 
 4.92400000e-04  1.73451210e-07 
 4.92500000e-04  1.73403302e-07 
 4.92600000e-04  1.60621270e-07 
 4.92700000e-04  1.60280950e-07 
 4.92800000e-04  1.60099483e-07 
 4.92900000e-04  1.59974295e-07 
 4.93000000e-04  1.59907049e-07 
 4.93100000e-04  1.73615160e-07 
 4.93200000e-04  1.73358787e-07 
 4.93300000e-04  1.73261905e-07 
 4.93400000e-04  1.73176722e-07 
 4.93500000e-04  1.73153921e-07 
 4.93600000e-04  1.59114841e-07 
 4.93700000e-04  1.58726724e-07 
 4.93800000e-04  1.58513511e-07 
 4.93900000e-04  1.58345410e-07 
 4.94000000e-04  1.58223878e-07 
 4.94100000e-04  1.75941295e-07 
 4.94200000e-04  1.75292477e-07 
 4.94300000e-04  1.75093590e-07 
 4.94400000e-04  1.75015232e-07 
 4.94500000e-04  1.74960376e-07 
 4.94600000e-04  1.64837101e-07 
 4.94700000e-04  1.64485914e-07 
 4.94800000e-04  1.64299136e-07 
 4.94900000e-04  1.64153909e-07 
 4.95000000e-04  1.64051468e-07 
 4.95100000e-04  1.73194949e-07 
 4.95200000e-04  1.72871140e-07 
 4.95300000e-04  1.72762433e-07 
 4.95400000e-04  1.72668107e-07 
 4.95500000e-04  1.72612179e-07 
 4.95600000e-04  1.58660031e-07 
 4.95700000e-04  1.58172647e-07 
 4.95800000e-04  1.57938689e-07 
 4.95900000e-04  1.57766026e-07 
 4.96000000e-04  1.57656540e-07 
 4.96100000e-04  1.73857292e-07 
 4.96200000e-04  1.73646475e-07 
 4.96300000e-04  1.73556973e-07 
 4.96400000e-04  1.73475935e-07 
 4.96500000e-04  1.73417114e-07 
 4.96600000e-04  1.60624646e-07 
 4.96700000e-04  1.60278106e-07 
 4.96800000e-04  1.60101483e-07 
 4.96900000e-04  1.59973511e-07 
 4.97000000e-04  1.59895695e-07 
 4.97100000e-04  1.73607590e-07 
 4.97200000e-04  1.73358373e-07 
 4.97300000e-04  1.73263757e-07 
 4.97400000e-04  1.73180457e-07 
 4.97500000e-04  1.73146017e-07 
 4.97600000e-04  1.59127562e-07 
 4.97700000e-04  1.58729358e-07 
 4.97800000e-04  1.58512009e-07 
 4.97900000e-04  1.58346231e-07 
 4.98000000e-04  1.58233640e-07 
 4.98100000e-04  1.74980135e-07 
 4.98200000e-04  1.74669545e-07 
 4.98300000e-04  1.74548204e-07 
 4.98400000e-04  1.74439757e-07 
 4.98500000e-04  1.74389899e-07 
 4.98600000e-04  1.62867833e-07 
 4.98700000e-04  1.62539422e-07 
 4.98800000e-04  1.62358479e-07 
 4.98900000e-04  1.62235933e-07 
 4.99000000e-04  1.62173638e-07 
 4.99100000e-04  1.73689713e-07 
 4.99200000e-04  1.73397279e-07 
 4.99300000e-04  1.73294598e-07 
 4.99400000e-04  1.73204651e-07 
 4.99500000e-04  1.73179187e-07 
 4.99600000e-04  1.59171062e-07 
 4.99700000e-04  1.58734094e-07 
 4.99800000e-04  1.58514684e-07 
 4.99900000e-04  1.58346875e-07 
 5.00000000e-04  1.58232304e-07 
 5.00100000e-04  1.74464089e-07 
 5.00200000e-04  1.74242894e-07 
 5.00300000e-04  1.74157812e-07 
 5.00400000e-04  1.74082809e-07 
 5.00500000e-04  1.74029545e-07 
 5.00600000e-04  1.61204714e-07 
 5.00700000e-04  1.60875477e-07 
 5.00800000e-04  1.60691965e-07 
 5.00900000e-04  1.60562875e-07 
 5.01000000e-04  1.60489933e-07 
 5.01100000e-04  1.74238550e-07 
 5.01200000e-04  1.73980734e-07 
 5.01300000e-04  1.73888784e-07 
 5.01400000e-04  1.73809269e-07 
 5.01500000e-04  1.73763736e-07 
 5.01600000e-04  1.59696675e-07 
 5.01700000e-04  1.59301803e-07 
 5.01800000e-04  1.59104530e-07 
 5.01900000e-04  1.58944132e-07 
 5.02000000e-04  1.58821780e-07 
 5.02100000e-04  1.76684301e-07 
 5.02200000e-04  1.76131226e-07 
 5.02300000e-04  1.75956380e-07 
 5.02400000e-04  1.75807689e-07 
 5.02500000e-04  1.75710023e-07 
 5.02600000e-04  1.66778996e-07 
 5.02700000e-04  1.66442606e-07 
 5.02800000e-04  1.66277009e-07 
 5.02900000e-04  1.66171740e-07 
 5.03000000e-04  1.66128713e-07 
 5.03100000e-04  1.73482630e-07 
 5.03200000e-04  1.73067521e-07 
 5.03300000e-04  1.72900332e-07 
 5.03400000e-04  1.72749964e-07 
 5.03500000e-04  1.72682352e-07 
 5.03600000e-04  1.58760586e-07 
 5.03700000e-04  1.58250140e-07 
 5.03800000e-04  1.58000833e-07 
 5.03900000e-04  1.57812159e-07 
 5.04000000e-04  1.57686042e-07 
 5.04100000e-04  1.73904025e-07 
 5.04200000e-04  1.73688219e-07 
 5.04300000e-04  1.73579076e-07 
 5.04400000e-04  1.73477683e-07 
 5.04500000e-04  1.73432943e-07 
 5.04600000e-04  1.60641148e-07 
 5.04700000e-04  1.60295816e-07 
 5.04800000e-04  1.60113550e-07 
 5.04900000e-04  1.59982138e-07 
 5.05000000e-04  1.59903194e-07 
 5.05100000e-04  1.73619279e-07 
 5.05200000e-04  1.73370961e-07 
 5.05300000e-04  1.73276246e-07 
 5.05400000e-04  1.73192683e-07 
 5.05500000e-04  1.73156958e-07 
 5.05600000e-04  1.59121584e-07 
 5.05700000e-04  1.58733817e-07 
 5.05800000e-04  1.58512400e-07 
 5.05900000e-04  1.58347870e-07 
 5.06000000e-04  1.58242033e-07 
 5.06100000e-04  1.75002573e-07 
 5.06200000e-04  1.74674132e-07 
 5.06300000e-04  1.74553080e-07 
 5.06400000e-04  1.74447031e-07 
 5.06500000e-04  1.74382753e-07 
 5.06600000e-04  1.62872091e-07 
 5.06700000e-04  1.62524897e-07 
 5.06800000e-04  1.62347899e-07 
 5.06900000e-04  1.62229340e-07 
 5.07000000e-04  1.62171073e-07 
 5.07100000e-04  1.73698260e-07 
 5.07200000e-04  1.73419170e-07 
 5.07300000e-04  1.73314341e-07 
 5.07400000e-04  1.73221210e-07 
 5.07500000e-04  1.73178806e-07 
 5.07600000e-04  1.59178847e-07 
 5.07700000e-04  1.58740117e-07 
 5.07800000e-04  1.58520137e-07 
 5.07900000e-04  1.58352476e-07 
 5.08000000e-04  1.58238794e-07 
 5.08100000e-04  1.74469268e-07 
 5.08200000e-04  1.74270699e-07 
 5.08300000e-04  1.74170311e-07 
 5.08400000e-04  1.74076567e-07 
 5.08500000e-04  1.74018335e-07 
 5.08600000e-04  1.61200528e-07 
 5.08700000e-04  1.60874146e-07 
 5.08800000e-04  1.60699282e-07 
 5.08900000e-04  1.60570642e-07 
 5.09000000e-04  1.60489691e-07 
 5.09100000e-04  1.74234796e-07 
 5.09200000e-04  1.73987123e-07 
 5.09300000e-04  1.73891037e-07 
 5.09400000e-04  1.73805978e-07 
 5.09500000e-04  1.73764583e-07 
 5.09600000e-04  1.59697135e-07 
 5.09700000e-04  1.59316336e-07 
 5.09800000e-04  1.59095596e-07 
 5.09900000e-04  1.58930299e-07 
 5.10000000e-04  1.58822204e-07 
 5.10100000e-04  1.76138781e-07 
 5.10200000e-04  1.75709829e-07 
 5.10300000e-04  1.75563479e-07 
 5.10400000e-04  1.75436557e-07 
 5.10500000e-04  1.75356110e-07 
 5.10600000e-04  1.65123370e-07 
 5.10700000e-04  1.64777190e-07 
 5.10800000e-04  1.64617776e-07 
 5.10900000e-04  1.64509810e-07 
 5.11000000e-04  1.64454923e-07 
 5.11100000e-04  1.73821659e-07 
 5.11200000e-04  1.73500793e-07 
 5.11300000e-04  1.73381343e-07 
 5.11400000e-04  1.73275155e-07 
 5.11500000e-04  1.73219731e-07 
 5.11600000e-04  1.59241789e-07 
 5.11700000e-04  1.58770312e-07 
 5.11800000e-04  1.58540169e-07 
 5.11900000e-04  1.58370561e-07 
 5.12000000e-04  1.58263408e-07 
 5.12100000e-04  1.74486865e-07 
 5.12200000e-04  1.74269222e-07 
 5.12300000e-04  1.74168538e-07 
 5.12400000e-04  1.74076157e-07 
 5.12500000e-04  1.74051842e-07 
 5.12600000e-04  1.61221165e-07 
 5.12700000e-04  1.60872392e-07 
 5.12800000e-04  1.60703019e-07 
 5.12900000e-04  1.60577513e-07 
 5.13000000e-04  1.60497266e-07 
 5.13100000e-04  1.74243730e-07 
 5.13200000e-04  1.73993108e-07 
 5.13300000e-04  1.73896691e-07 
 5.13400000e-04  1.73811678e-07 
 5.13500000e-04  1.73776923e-07 
 5.13600000e-04  1.59692949e-07 
 5.13700000e-04  1.59318300e-07 
 5.13800000e-04  1.59108245e-07 
 5.13900000e-04  1.58949535e-07 
 5.14000000e-04  1.58843801e-07 
 5.14100000e-04  1.75619400e-07 
 5.14200000e-04  1.75291952e-07 
 5.14300000e-04  1.75168373e-07 
 5.14400000e-04  1.75059394e-07 
 5.14500000e-04  1.75003490e-07 
 5.14600000e-04  1.63457106e-07 
 5.14700000e-04  1.63117129e-07 
 5.14800000e-04  1.62951924e-07 
 5.14900000e-04  1.62836331e-07 
 5.15000000e-04  1.62771923e-07 
 5.15100000e-04  1.74328570e-07 
 5.15200000e-04  1.74040346e-07 
 5.15300000e-04  1.73933062e-07 
 5.15400000e-04  1.73838353e-07 
 5.15500000e-04  1.73788025e-07 
 5.15600000e-04  1.59761652e-07 
 5.15700000e-04  1.59323376e-07 
 5.15800000e-04  1.59103734e-07 
 5.15900000e-04  1.58942961e-07 
 5.16000000e-04  1.58842926e-07 
 5.16100000e-04  1.75086267e-07 
 5.16200000e-04  1.74888617e-07 
 5.16300000e-04  1.74788186e-07 
 5.16400000e-04  1.74694365e-07 
 5.16500000e-04  1.74647250e-07 
 5.16600000e-04  1.61793288e-07 
 5.16700000e-04  1.61456874e-07 
 5.16800000e-04  1.61276701e-07 
 5.16900000e-04  1.61153449e-07 
 5.17000000e-04  1.61088922e-07 
 5.17100000e-04  1.74853651e-07 
 5.17200000e-04  1.74614142e-07 
 5.17300000e-04  1.74518947e-07 
 5.17400000e-04  1.74433868e-07 
 5.17500000e-04  1.74388234e-07 
 5.17600000e-04  1.60292176e-07 
 5.17700000e-04  1.59910001e-07 
 5.17800000e-04  1.59698375e-07 
 5.17900000e-04  1.59535761e-07 
 5.18000000e-04  1.59423715e-07 
 5.18100000e-04  1.88940864e-07 
 5.18200000e-04  1.86324065e-07 
 5.18300000e-04  1.85520003e-07 
 5.18400000e-04  1.85270372e-07 
 5.18500000e-04  1.85020741e-07 
 5.18600000e-04  1.75732788e-07 
 5.18700000e-04  1.74614373e-07 
 5.18800000e-04  1.74275955e-07 
 5.18900000e-04  1.74062617e-07 
 5.19000000e-04  1.73976612e-07 
 5.19100000e-04  1.71284663e-07 
 5.19200000e-04  1.70507732e-07 
 5.19300000e-04  1.70299505e-07 
 5.19400000e-04  1.70127853e-07 
 5.19500000e-04  1.70068698e-07 
 5.19600000e-04  1.57648085e-07 
 5.19700000e-04  1.56967481e-07 
 5.19800000e-04  1.56706490e-07 
 5.19900000e-04 -0.00000000e+00 
 5.20000000e-04  1.56573957e-07 
